Cell lines	600MPE	AU565	BT474	BT483	BT549	CAMA1	HBL100	HCC1143	HCC1187	HCC1395	HCC1419	HCC1428	HCC1569	HCC1806	HCC1937	HCC1954	HCC202	HCC2185	HCC3153	HCC38	HCC70	HS578T	LY2	MCF7	MDAMB134VI	MDAMB157	MDAMB175VII	MDAMB231	MDAMB361	MDAMB415	MDAMB436	MDAMB453	MDAMB468	SKBR3	SUM1315MO2	SUM149PT	SUM159PT	SUM185PE	SUM44PE	SUM52PE	T47D	UACC812	UACC893	ZR751	ZR7530	ZR75B
Response	1	-1	-1	-1	-1	-1	-1	-1	-1	1	1	-1	-1	1	-1	1	1	-1	-1	-1	1	1	-1	-1	1	1	1	1	-1	1	-1	1	-1	-1	1	1	1	-1	1	1	-1	-1	-1	-1	-1	-1
EA_G__ELF5	4.2981	5.8202	7.3218	7.309	4.3044	4.9445	4.6138	5.2392	9.8355	4.3338	6.7358	7.7811	4.6943	4.4652	6.239	4.271	7.1992	7.4263	5.3967	4.094	4.411	4.0815	6.4913	6.7385	4.4565	4.0654	7.7369	4.2349	6.8165	4.3561	4.3397	4.6392	5.7308	6.1555	4.6482	4.6594	4.1047	8.7989	4.5889	5.8785	8.5803	7.339	5.5081	5.3151	4.6994	6.8873
EA_G__SPRY4	9.0195	6.6202	6.6733	6.5233	5.3949	4.3592	5.1087	5.8668	5.2156	4.8916	8.3628	4.455	5.675	6.5175	5.971	6.6496	7.3777	5.3601	6.1623	5.7014	4.8896	7.4247	5.4056	4.9412	7.1763	5.617	8.7436	8.7764	4.8798	6.9874	6.6369	7.335	5.9385	6.0836	7.291	5.7511	7.4834	7.3463	7.16	7.3526	4.5094	6.2514	7.2178	4.3416	8.6479	4.5361
EA_G__GAL	5.663	5.1076	5.6671	6.8518	5.351	5.6496	5.3981	6.9161	7.531	5.9946	5.0022	6.2855	9.8244	9.3584	8.1175	5.8454	5.2346	6.1611	8.1456	7.1952	5.5051	4.9659	6.3427	6.921	5.262	4.8406	5.4769	4.6978	6.0197	5.0283	8.9826	5.7312	6.6721	5.6401	5.2223	6.4893	5.6417	6.0155	4.7193	5.5239	5.4186	5.8586	5.3666	5.6344	5.679	7.9118
EA_G__IFI16	4.0877	3.3135	3.0329	2.8529	3.211	3.0887	7.2564	3.0011	4.1357	7.8109	2.953	3.1713	6.782	7.3153	6.8005	7.608	3.2238	3.3307	3.4206	7.3667	8.5168	6.9341	3.2072	3.5063	3.4209	7.0177	3.9298	6.146	2.9532	3.8313	4.8527	3.6445	3.2313	3.521	3.32	6.6117	7.8237	3.212	3.3221	3.8013	3.6526	3.1544	3.1334	3.128	3.5191	3.2743
EA_G__DUSP6	9.8728	5.2274	9.4609	7.1006	5.9895	4.9247	6.9374	5.8978	4.2526	6.6354	8.795	5.5236	4.7839	9.6087	7.3352	8.9962	7.6982	6.4023	7.7043	5.4817	5.005	7.6371	5.7042	5.4104	10.0187	6.56	10.2348	10.3426	5.7494	8.1152	6.1026	9.5996	7.4542	5.0428	6.9765	6.9249	6.2371	9.1666	7.692	11.3319	6.2762	7.5986	9.9721	5.0224	10.1719	4.2821
EA_G__HINT2	8.0052	8.1953	8.3493	8.5204	8.0287	8.444	8.6631	8.6324	8.2309	8.3192	7.9605	8.1995	7.829	7.835	8.4917	8.1694	8.1664	11.004	8.228	7.9399	9.7754	7.7405	8.2384	8.5383	8.2892	7.8426	7.7491	8.1583	8.8464	8.33	8.9384	8.9275	8.2797	8.1775	7.4303	7.5048	7.462	7.8726	7.9341	7.5324	8.6064	8.5092	8.488	8.5007	8.342	8.2774
EA_G__SAMD9	5.7288	4.6962	2.7646	6.5777	4.7489	3.0983	7.0023	3.4597	5.7345	5.7574	2.7804	5.9947	5.8533	6.588	7.8562	8.9928	5.3186	3.2942	5.0249	5.6006	8.6525	7.7061	4.4465	3.6845	7.1888	6.4122	3.9367	6.9152	5.492	6.7635	5.4216	3.1373	4.0606	4.124	6.1146	5.49	6.5337	4.4255	6.3606	7.7545	4.7244	2.8464	4.6589	4.2702	3.7209	3.345
EA_G__TMEM45A	3.4262	5.435	3.6833	3.8514	7.4132	3.5319	5.1699	7.2249	4.0808	6.8617	7.5313	3.9416	3.8688	6.2257	8.9489	7.9683	3.4496	6.9746	6.5289	6.6702	7.6299	7.5793	2.931	3.9082	4.449	8.7799	5.8345	6.7967	3.7988	7.9835	5.7699	4.2971	7.4867	5.4476	8.3158	10.5267	8.06	7.0406	4.7847	8.6417	3.2231	4.2422	6.9773	2.72	4.7678	3.9655
EA_G__GPR126	6.8478	8.0341	6.6201	6.7439	7.9196	6.9405	8.7708	8.109	5.7541	3.8332	6.7778	6.4435	8.8443	6.6616	7.4616	7.5043	6.6911	9.3007	6.4323	8.5359	7.2764	4.4042	8.8511	7.8803	5.5127	5.7475	7.123	8.7706	7.1496	6.6251	5.9444	5.4252	6.962	7.7016	4.9384	6.4364	6.2928	9.739	7.8677	7.3974	7.062	8.2171	7.5061	7.2827	6.6757	6.9298
EA_G__AKR1C3	8.0916	5.8327	3.7726	4.7068	5.4481	3.7124	4.7289	7.3325	6.3418	10.6601	6.7336	3.9747	3.603	9.7453	7.0165	8.7086	3.8587	4.4783	8.7665	8.2096	9.9154	5.3562	4.0953	5.5774	4.9131	6.6928	6.7088	5.1815	4.8762	10.6157	4.9063	4.4237	9.1691	4.1457	4.9186	6.397	8.0434	8.6478	9.5521	6.251	4.6757	3.9799	5.8663	4.0118	4.6465	4.8184
EA_G__DPYD	5.7967	5.64	4.3788	4.2825	8.3159	4.2017	7.8964	7.8062	4.2855	8.8549	3.9347	4.0726	5.0063	6.1143	9.4525	6.9179	5.538	4.5943	4.9597	9.4643	8.6987	8.286	4.1438	5.5058	6.1088	7.1156	4.7003	8.739	4.3333	7.724	7.2207	5.5622	5.0709	5.8884	7.8689	7.0905	7.6585	4.0732	5.9466	6.7683	4.2669	4.0758	4.686	4.0451	6.4362	4.3467
EA_G__EHD2	7.3175	7.175	6.3603	5.9076	9.1305	7.8483	9.2984	8.6393	6.4028	8.256	6.0272	6.5969	6.0329	8.7643	7.588	8.5066	7.2154	7.8595	7.7524	9.2252	8.1121	9.9391	6.6247	6.7547	7.943	8.9681	7.5343	7.6772	6.0786	8.2494	6.2251	7.1402	6.3427	7.063	8.4964	8.0041	9.1996	6.4192	5.9169	9.2335	7.4684	6.7046	6.3061	6.9207	7.7155	6.7111
EA_G__NAV2	7.047	5.9388	5.1132	6.0164	6.6849	5.544	7.5525	6.9753	9.7986	7.586	5.5004	5.4398	5.3615	5.9011	7.0078	7.7367	4.7494	5.5622	7.9494	5.0788	6.3855	7.6234	5.2578	4.9935	7.0901	6.821	7.11	6.9071	5.3098	8.0044	9.0798	5.7505	6.6172	6.8978	8.132	7.6056	8.1373	6.9788	7.2697	7.9451	4.7301	5.2354	5.8503	4.8832	6.842	4.7912
EA_G__ITGA6	6.7446	3.5983	6.6671	6.3461	7.6542	5.1661	6.8924	9.2656	5.7846	8.5126	7.5573	5.6742	7.6857	10.5288	10.3204	8.9874	5.8986	3.6557	8.6883	6.2079	7.0879	7.2968	4.2723	3.9472	7.6904	6.793	5.9178	8.1442	6.6046	8.5089	7.6112	7.7496	7.938	4.1794	7.3789	8.221	8.2275	6.6701	9.0005	7.5001	6.7193	7.6797	8.0979	6.882	6.6226	4.358
EA_G__AGPS	8.9363	4.5517	7.2311	5.8532	8.6021	7.7053	9.966	9.7677	7.5441	8.9797	8.0721	7.7352	8.2133	10.1761	9.4607	8.6283	5.8763	8.5532	9.0848	9.1475	8.4572	9.3307	3.0191	3.3336	8.3692	9.0361	7.3817	9.4937	5.9847	8.784	8.8559	6.8236	8.5514	5.0358	9.7549	8.9906	9.4369	8.3386	7.8373	7.8151	3.4863	7.9964	4.4635	4.0977	3.6828	5.1068
EA_G__LAMB3	8.5501	6.2701	5.4417	6.4218	5.2189	5.3861	8.0007	9.3489	5.4467	7.5722	4.7279	5.7245	6.2905	11.1412	9.6121	8.9728	5.3228	5.6071	10.4168	5.8812	9.7743	7.6873	6.0018	5.4441	6.5937	6.6744	7.656	9.8024	7.3708	9.2933	6.6629	6.0881	6.5713	7.1102	6.762	9.9981	7.5762	7.572	6.965	8.4298	6.1171	6.5865	8.4023	5.3979	6.2948	6.0822
EA_G__CNN3	8.4208	5.6037	7.712	6.7753	9.0177	9.2162	9.186	8.9063	8.3886	8.6155	9.2855	7.7128	8.5625	7.7239	9.4372	9.1471	8.8511	7.7323	9.3889	9.7847	9.7946	9.0441	4.2049	3.5971	9.1817	9.392	8.0108	9.5909	8.2272	9.1239	8.1729	9.3042	9.1002	7.601	9.0462	8.283	8.3459	8.3036	11.249	8.6341	8.8297	7.4936	6.5196	8.3843	8.5096	4.7103
EA_G__BMP7	4.8945	6.8651	10.7644	7.0475	4.9199	5.2105	5.4022	6.6967	4.8341	5.5648	9.3826	5.9375	7.3643	5.7413	7.7826	5.3311	4.9001	8.5998	7.4153	6.4573	4.886	4.7875	9.081	8.6703	5.4326	7.7476	5.373	4.7525	6.3689	6.4318	6.9026	5.6016	7.4356	9.3826	5.1576	5.096	4.853	4.6794	5.5083	6.4307	5.098	7.4673	7.2208	4.8965	5.5339	5.9964
EA_G__CYBRD1	8.8064	4.3372	4.9547	4.0631	7.6114	4.3254	7.5301	5.7306	5.583	4.58	8.7916	5.217	5.8898	6.3778	6.5731	4.8922	7.4008	4.6864	4.8483	7.1127	7.7659	7.2027	4.3843	4.8649	5.7059	7.9563	6.9987	7.6871	6.5278	6.7933	7.352	7.5195	6.0901	4.923	8.6932	9.2077	7.1187	8.8201	9.6421	5.2229	7.3353	6.3207	7.5879	5.6993	9.0063	4.4819
EA_G__MT1JP	6.7292	6.6321	6.2727	6.3985	6.9116	6.6686	6.9877	6.6193	5.8113	6.6685	6.5757	6.7785	5.8586	7.179	7.6138	7.8824	5.8863	6.3952	7.5047	6.5983	7.2695	7.4192	6.4199	6.6983	5.8912	6.5937	6.2681	8.0383	6.3704	7.7117	7.0822	6.9775	6.1844	7.1574	8.626	8.2754	8.4374	6.9914	6.874	8.0625	5.7723	6.1877	6.2701	6.591	7.9063	5.6863
EA_G__TSEN54	8.1719	8.2347	7.9326	8.2435	7.3471	8.602	7.9961	8.0255	7.8688	7.7773	7.9281	8.6685	8.0825	8.1462	7.6475	7.6268	8.5393	7.7482	8.202	7.3186	7.7329	7.1781	9.233	9.0618	7.7048	7.5306	7.8915	7.7392	8.7507	7.4928	7.4268	9.2291	8.1706	8.6467	7.5815	7.3676	7.6907	7.6974	7.366	7.7498	8.2297	8.3159	11.2902	8.2921	7.5444	8.5669
EA_G__PDGFC	6.2406	5.2252	4.5988	4.6285	6.9602	4.254	6.294	6.6341	6.9329	6.5961	5.683	4.128	4.3127	5.9231	5.6638	7.0851	5.5828	6.1259	5.5105	6.0058	6.6886	6.8017	4.0501	4.408	3.7897	6.6632	4.9434	8.0265	5.6458	4.57	5.7232	5.3536	5.982	4.9157	8.2663	6.9944	7.0339	3.9536	6.0774	5.2456	6.1582	3.8801	5.8732	5.4219	4.398	5.5455
EA_G__ID1	9.4047	6.5137	5.7936	5.7872	8.4098	7.6828	8.8608	9.0987	8.9079	7.4013	9.3635	5.7669	5.3555	9.9187	9.9858	8.8705	8.6591	9.3233	8.0025	11.1838	9.2602	7.4053	8.0666	6.8268	7.6388	7.4791	8.5663	8.0305	7.5641	10.4555	6.425	8.1994	7.1203	7.3442	8.7629	9.2204	9.3456	7.6309	5.1691	7.9927	6.9665	6.2329	6.962	6.2584	7.0002	8.281
EA_G__TFAP2C	8.4653	10.5778	10.7608	10.6184	7.8386	9.2186	7.3581	9.3715	8.6474	8.6443	10.4105	10.6646	9.1427	7.5203	8.1918	9.9949	8.3308	9.229	8.6087	7.8509	8.6552	6.3748	9.5426	9.962	8.8983	9.3239	9.4242	7.7802	9.0826	7.7759	8.7367	8.0262	9.6231	10.7448	4.2527	8.6018	6.8846	9.3288	9.5985	9.3561	9.5701	9.9779	9.4766	8.6696	8.959	9.141
EA_G__EVI1	5.6366	5.0811	4.0497	4.4005	3.903	4.6795	6.9382	4.5918	3.9043	4.6136	4.1728	3.8124	3.7477	6.6586	6.375	6.937	6.7405	7.217	5.6055	3.7139	7.5972	6.3319	5.4193	5.4397	6.6358	4.2674	7.1328	7.6012	5.1023	5.962	4.6745	4.6646	3.4113	5.7564	3.979	4.8133	7.3787	4.8373	6.4731	6.4312	6.407	5.5098	4.9591	5.844	6.1673	4.9089
EA_G__MSL-1	8.3143	9.5621	8.0684	8.5439	7.6181	8.671	7.5789	7.5438	8.1079	7.5239	7.0892	7.678	7.9667	7.5503	7.291	7.2022	7.4844	7.4556	7.6121	8.1564	7.084	7.2103	7.5327	7.4885	8.1408	7.7784	8.0182	7.5154	7.0039	7.2696	7.288	7.5585	7.706	9.1093	7.3865	6.9794	7.651	7.6485	7.4469	6.9326	7.8802	10.7038	11.3219	7.957	6.7075	7.6873
EA_G__PFTK1	6.4434	4.6955	6.7976	6.166	4.3015	6.6181	6.5578	7.0255	7.2514	8.1983	5.1313	5.2688	5.6752	6.2696	7.1337	4.869	6.7346	4.3274	7.3448	6.6948	6.5962	7.6551	4.7366	4.6529	6.7084	5.6797	5.2948	7.034	5.2519	7.2384	6.406	5.4197	5.1284	4.6521	6.6485	7.9803	6.9505	6.8473	6.679	8.2703	5.5371	5.1284	5.3826	5.3968	5.1786	5.376
EA_G__CDK6	7.6087	5.6752	5.5281	6.6409	6.9192	3.5988	6.7525	8.8538	6.6364	7.2937	6.125	4.3767	6.4356	7.7804	7.8837	6.7871	6.4649	6.8198	7.98	7.6771	7.5952	8.5033	5.7383	5.2545	4.2023	8.4198	6.2835	7.8416	5.6047	6.5876	6.1665	4.1059	5.4074	6.5554	8.4041	6.9278	7.5734	6.8846	5.9779	7.8478	4.3604	4.162	6.3636	3.7064	5.6158	4.1368
EA_G__FGFR2	7.7392	7.3787	4.3905	6.6451	4.9796	4.4323	5.1434	7.4629	5.9231	6.4663	4.0039	7.5098	8.9675	6.1736	7.0465	4.5214	4.3106	9.1325	6.0005	5.084	5.195	4.1274	5.979	6.4101	4.4916	4.1797	5.0481	4.0741	5.4025	8.4966	6.4884	4.8135	5.7645	7.4323	4.5797	5.3091	4.0944	5.499	5.5662	11.9795	7.5927	5.2593	6.6595	5.514	7.2252	6.6464
EA_G__RAC2	6.7752	5.6209	5.3227	5.6073	5.1696	5.163	6.3337	7.043	5.0512	5.4865	5.0158	5.0474	7.5436	8.3792	5.9929	7.7423	5.2457	5.1461	5.2038	6.0184	7.7638	7.9834	5.2047	5.1327	6.7637	4.9453	6.1608	8.3363	5.6226	6.0911	5.2375	5.6618	6.3913	6.1911	5.461	7.7379	7.9191	5.1585	5.904	5.3857	6.5373	5.2929	5.3709	5.8702	5.6289	5.2235
EA_G__KIAA0195	9.2317	8.1195	8.4064	8.8743	7.8452	8.7581	8.4206	7.6728	8.2281	8.5923	7.9728	8.9658	8.4402	7.6967	7.5845	7.5539	8.2679	8.6972	8.2867	8.4437	8.0899	7.5258	9.0136	9.5723	8.7357	7.8019	8.1276	7.7026	10.6093	7.8048	7.7409	9.2293	8.3702	8.7163	8.6271	7.8546	7.5508	7.9325	8.6568	8.1096	8.3298	9.5459	11.3668	9.2109	8.2144	9.2433
EA_G__KLHL2	8.3587	6.0843	5.8795	4.8245	5.5681	4.4533	5.6745	4.8289	5.2569	6.2357	7.2477	5.2499	5.7442	5.9133	7.0091	6.8963	5.9809	5.3661	6.0851	5.5678	6.1052	6.2443	5.8969	5.594	4.9807	6.1928	5.1338	7.3609	6.058	6.831	6.0377	5.1092	6.5699	5.3609	5.8007	6.5952	6.0257	6.0448	6.3355	7.3673	5.3257	4.8985	7.4451	5.6249	8.1869	5.2991
EA_G__EMP1	7.3819	6.3911	5.8153	5.7756	6.8032	4.0355	5.0923	9.1487	4.3234	7.6364	4.3292	3.8499	4.3325	8.4222	8.4295	6.9615	4.8464	7.2113	6.964	5.7053	8.5989	7.4242	4.1604	3.8749	4.0779	5.7537	6.0598	7.2059	4.2582	6.4765	7.5572	4.4231	6.9579	5.8757	7.6785	7.6572	7.8355	4.3011	6.8222	6.9305	4.6827	4.4767	7.3558	4.816	7.1438	3.5023
EA_G__LGALS1	9.5939	7.899	6.574	9.6496	11.277	11.2005	11.4139	10.6348	10.804	11.7239	8.5854	10.1779	10.2933	8.0472	9.9389	9.7448	9.6952	6.6399	9.8953	11.0029	10.3007	12.1505	8.6291	8.5415	9.6518	11.8084	10.2704	10.9971	7.1961	10.4959	10.8353	9.9326	9.5556	8.5912	11.5902	10.2838	11.5369	6.7362	11.2416	9.4367	10.1992	8.4422	9.6424	6.9899	8.8717	7.1286
EA_G__TPD52	5.9209	8.4542	7.0653	6.6962	5.3719	6.8489	4.7685	6.829	4.9629	5.1704	7.2799	6.5672	7.0081	5.6315	6.5702	6.5929	6.3041	6.491	5.8988	5.8681	5.9646	3.9806	6.3341	6.808	6.5048	4.2657	5.5925	5.3093	6.894	6.7619	5.0152	6.1522	5.8764	8.3772	5.8053	5.8745	5.9066	6.8577	6.7995	6.5493	5.7787	7.5175	7.1667	7.2785	6.2484	6.8565
EA_G__AYTL1	7.3451	7.1032	3.4912	7.2213	3.721	7.3811	7.001	9.2522	5.1033	6.655	5.2536	6.6586	6.4997	8.2018	8.9295	9.0577	4.2716	5.3034	7.8978	7.0226	8.0966	7.8892	5.278	6.1771	7.3667	7.8299	7.8741	7.7667	4.106	9.037	6.4187	5.5384	8.9174	7.0446	7.5085	8.2262	7.7642	8.4862	9.9548	7.3574	5.8654	7.7288	7.3961	5.2961	5.6989	6.3201
EA_G__MEST	3.7821	8.4329	8.1036	7.8282	5.1585	8.0538	7.9889	7.5372	8.5749	4.1282	3.9542	8.2015	4.1632	7.7767	7.7725	6.9852	8.4439	7.9736	4.1779	10.2616	3.9201	5.9893	8.2535	8.0721	7.2051	8.4844	7.5944	7.003	7.3438	6.4017	5.4987	7.9458	8.3275	9.0529	5.6433	4.3579	7.0465	7.9342	8.2525	4.2239	4.1949	7.1188	7.9756	7.7275	6.6758	8.3201
EA_G__ABCC5	5.9535	8.05	8.3158	8.0661	6.8239	8.6461	6.7479	6.9295	6.5499	7	7.9766	9.0062	7.5615	7.5179	8.4078	7.2503	8.0671	9.2941	6.922	6.4032	8.0915	7.2329	8.4363	7.7763	6.6309	6.5591	7.5629	6.0979	8.1434	8.4676	6.1234	6.6576	6.8646	8.1011	6.0554	6.2323	6.02	9.9184	7.3347	6.9504	7.7622	8.1707	7.4494	7.3995	7.0775	7.4722
EA_G__GPX1	10.2914	6.6074	10.0255	6.4332	9.521	9.8669	10.5247	9.3434	6.2869	10.2073	9.7081	8.4087	6.2304	9.3709	10.6769	10.1513	10.0008	6.2999	10.699	9.8613	10.1105	9.8717	6.0935	6.4483	9.9092	7.1531	6.2273	10.1702	10.003	8.6833	10.9678	10.1856	9.2024	6.5478	9.3792	10.175	10.1287	6.4856	10.2095	6.3658	6.0835	6.0718	9.7448	6.1269	6.5552	6.5288
EA_G__DGKA	7.433	4.4751	5.3974	7.4241	6.2792	4.3122	6.4094	6.5983	4.6969	6.6392	5.6883	5.5778	5.0049	7.8271	7.7338	4.6749	7.0938	4.6922	6.892	6.0061	7.839	7.1502	6.1252	5.6762	5.7356	6.4423	7.7294	6.7012	7.3961	7.82	6.5774	5.9852	5.9692	5.4855	6.732	7.4715	7.0566	5.9385	7.4059	8.9425	7.8377	6.8881	8.0774	6.7272	6.3629	6.9672
EA_G__DCBLD1	8.0507	7.3596	6.569	5.4158	6.654	6.1741	8.4015	7.8853	7.573	8.619	7.2112	6.2603	8.716	7.3743	8.3283	9.1338	6.5455	9.7068	8.8283	8.211	8.1033	9.1712	7.6008	7.0742	7.695	7.9422	7.6603	9.4711	7.2718	7.6412	7.2028	7.4242	9.2099	6.6999	8.6572	10.4023	9.4362	6.8646	6.495	7.0277	6.9867	7.219	7.0936	6.199	6.4776	6.7029
EA_G__TGFBR2	6.9434	7.122	6.5636	4.7044	7.6681	4.6862	7.6677	8.3695	6.7089	8.3645	4.4748	5.3047	5.4067	7.9499	7.6715	8.5874	5.241	4.773	7.6865	7.6328	7.8443	8.9298	5.7233	6.4778	5.1441	7.1766	5.8674	8.7346	5.9185	7.2226	7.7136	5.4298	7.4191	6.893	8.0594	8.1697	9.4684	5.389	6.9689	5.8513	5.002	5.1139	7.3592	4.6654	5.3412	4.2384
EA_G__ELL2	6.8523	5.9738	5.4848	6.3876	9.0239	5.5223	7.9779	7.8213	6.2642	7.1177	7.3842	5.1636	5.7827	7.7042	7.7394	8.4219	6.5212	7.63	8.1983	8.1004	6.8832	8.7843	4.8266	5.4662	7.4627	7.4624	6.6419	7.7774	5.8231	9.4469	8.0832	6.9037	7.3135	5.7191	7.9853	7.358	9.1605	9.5203	7.6327	6.8344	5.428	6.024	7.8429	5.6388	6.764	5.8718
EA_G__BAMBI	9.043	7.9415	10.9483	9.7965	9.5427	7.1282	6.4441	8.9009	9.2597	7.6812	11.554	8.6742	9.0298	5.2225	9.1935	8.7315	10.0132	10.7307	9.5724	7.367	8.4422	7.3105	10.6285	11.5012	9.9713	7.2104	10.8275	6.5424	11.1828	10.2395	8.2252	8.4677	8.4536	8.8646	4.7859	7.5736	6.0396	10.2713	6.8786	8.641	10.9692	6.3965	11.3049	11.0753	10.2571	10.0016
EA_G__TUBA4A	8.6679	7.9277	6.3558	7.2991	6.9787	7.7877	8.736	10.2872	5.4635	9.339	8.4505	7.3348	5.2554	9.8507	9.0392	9.883	7.864	6.864	6.8061	6.929	9.6147	5.9611	6.2718	5.9367	8.2313	5.3819	7.3407	6.8341	6.603	8.5443	6.1101	7.9706	6.0091	7.1037	7.6902	9.8575	10.3707	9.5426	8.9397	8.7304	7.511	5.7331	7.9954	8.2523	9.4774	9.6581
EA_G__GNG12	7.9257	8.0554	6.9215	6.2823	9.5214	5.0723	8.5558	8.6155	6.8475	8.645	7.8236	7.2029	8.1673	7.6447	8.9862	8.8599	7.5179	7.3246	8.9495	9.2848	9.2523	10.1455	5.2669	6.6554	6.6615	8.7552	6.672	9.0735	6.6523	8.8439	9.0434	7.2152	8.5136	7.7602	9.7441	7.9395	9.8269	7.4973	7.9682	7.8464	7.0967	6.8414	7.6178	6.0561	8.1789	6.6101
EA_G__CLIP4	4.6326	5.4348	3.9666	6.1252	5.3323	3.6155	5.4672	6.7272	5.6531	7.4556	4.1053	6.8579	7.2274	7.6415	7.976	6.2944	4.1474	4.9373	6.0636	6.882	7.8551	6.975	5.2735	5.445	7.1688	6.483	7.1818	7.6554	3.9358	5.7053	5.9796	4.4094	7.5918	6.6691	5.6713	7.6162	6.4013	4.7101	6.216	7.3609	4.3718	5.6381	4.8178	3.7996	4.9957	3.7706
EA_G__F3	6.9078	6.5751	4.7236	4.8338	4.4908	5.7239	6.744	7.9921	5.9984	5.6462	5.3004	4.4737	4.984	9.1218	9.706	9.1727	5.9426	5.2188	7.949	6.227	6.4718	8.7618	4.8583	4.9955	5.4519	5.0852	5.0405	9.3891	4.8203	5.5902	5.4646	5.2877	6.3323	7.0375	5.0104	8.3353	8.3867	6.3841	6.0309	5.2343	5.1556	4.89	4.9104	4.8216	6.2878	4.3846
EA_G__TGFBR3	6.5099	6.7991	4.4764	5.0756	6.1711	7.4151	7.5172	5.2755	5.2617	8.7465	5.9379	5.4751	5.3792	6.5962	8.4593	5.5511	5.8642	6.5754	5.6738	6.2244	4.7788	7.5407	5.0052	5.0281	5.1701	6.7982	5.5957	7.4513	5.4792	6.559	7.2916	5.1781	5.9003	5.1645	7.6446	6.5163	7.7885	5.2928	7.9884	6.1309	4.9654	6.4007	6.143	4.9888	5.7522	4.6663
EA_G__ANXA1	9.3451	3.6072	4.0476	6.3945	10.2017	3.5434	9.8127	10.6675	5.6443	9.7178	5.7747	3.241	9.4661	10.3797	10.7509	10.8582	5.3532	5.1369	10.5083	10.031	11.0436	10.0326	3.448	3.7029	7.6301	10.0666	7.3355	9.9841	4.7581	8.4359	10.6138	3.764	9.3598	5.1137	11.0653	10.5969	9.902	8.9069	3.3449	8.2487	5.7561	3.9458	7.7779	3.0291	6.6238	3.6732
EA_G__PSMB9	6.9429	6.3563	5.3201	7.5091	7.2465	6.3855	7.0012	5.8205	7.8684	9.4407	4.9445	7.0672	6.7022	8.0447	8.7527	9.6395	7.5638	5.8946	6.8749	8.4528	10.2444	6.664	6.645	4.9041	6.606	8.7138	5.6229	7.5196	5.8368	7.0753	6.0337	5.6665	7.3387	6.2453	6.8692	7.5742	8.1866	6.6373	6.8327	7.3004	8.0178	5.5168	7.021	6.066	5.5524	4.8427
EA_G__ATP7B	6.2045	5.8567	8.4859	7.6758	5.5861	8.0376	5.5475	6.1909	6.562	5.3359	7.9776	9.3079	6.3782	5.2183	4.7565	5.8059	7.0642	5.7551	5.9086	5.888	5.2875	4.8425	6.5883	6.4678	5.873	6.1273	7.1474	5.1534	9.4854	8.2401	6.3691	5.8082	6.1943	6.645	6.3643	5.7143	5.6434	6.7281	6.8686	6.1749	6.2514	9.3683	6.8373	7.6427	6.5641	6.5602
EA_G__ECM1	6.7716	6.1191	6.9577	6.2551	5.786	5.6779	7.3295	7.9959	5.9024	7.5814	10.8279	5.7397	5.5639	7.0095	6.195	5.9834	5.922	5.4321	6.074	6.0819	6.0952	8.5332	5.8797	6.2035	5.638	5.8615	6.8823	7.8287	6.684	6.2559	6.4758	6.4748	5.2676	6.2118	7.9966	6.6804	6.4288	6.1959	9.4233	6.0158	5.79	6.0164	6.9613	5.7783	9.7581	5.5644
EA_G__CASKIN2	7.6011	7.3359	7.5427	8.1321	7.0714	7.8006	7.4197	7.509	7.4029	7.4591	7.2616	8.3236	7.3482	7.4533	6.8615	7.0004	8.2032	7.2135	7.2855	7.1834	7.3138	6.7536	8.5084	8.6303	7.0034	7.2135	7.6133	7.2308	8.7965	7.2082	7.0008	8.7073	7.6805	7.608	7.3409	7.3259	7.1055	7.4963	7.0337	7.4028	7.4153	7.9668	11.2389	7.9551	7.3629	7.8924
EA_G__DNAJB4	5.6443	6.1035	3.9001	4.3168	7.9907	4.3378	8.0466	5.2992	5.8049	7.7414	5.9526	5.3929	5.5614	6.4492	5.8692	5.7091	4.7853	5.1111	6.1544	6.802	5.857	8.51	4.2631	4.0582	5.6577	6.9904	4.7861	7.3876	4.94	5.3639	7.1117	3.9784	5.4962	5.149	8.1583	6.4834	8.0232	4.1585	5.4636	5.2226	5.0912	4.2958	6.1323	4.3341	5.6656	4.3752
EA_G__ABLIM3	5.9591	5.5079	5.1293	6.3249	4.938	7.0815	5.9535	5.1655	4.9608	5.0767	4.7635	7.7259	5.0358	5.9589	6.0618	6.5848	5.9178	5.0659	5.8253	4.8639	5.7143	7.5551	6.224	5.7668	7.4819	5.2369	5.9959	6.2178	5.9998	7.0506	6.0165	6.8433	5.1121	5.6101	5.7573	6.3981	8.6111	5.0819	7.5033	7.3642	5.5965	7.3227	5.7309	5.1975	6.9236	5.0929
EA_G__HSPA2	9.1865	6.5143	6.0734	6.6109	6.9019	6.5664	8.4659	8.1328	7.0044	7.8112	7.127	6.2578	5.3727	7.315	7.8875	6.9199	6.4991	7.3139	7.1002	8.5382	8.6414	6.6641	7.2836	7.5073	7.8789	8.4979	9.6421	7.0652	5.4425	10.4966	7.2464	6.9279	7.6454	6.8192	8.408	8.1889	6.0688	7.0414	7.4748	8.657	6.8424	7.5967	6.6912	6.5403	9.2566	6.8197
EA_G__RND3	10.1573	7.8999	6.1271	6.4514	9.3787	6.5605	8.5919	9.1991	7.1835	8.7782	9.0163	5.1647	6.6321	8.5989	9.4839	9.9065	8.1357	10.6716	9.4119	9.059	9.3223	10.8501	8.1155	8.1217	8.3319	9.0663	8.8121	9.5673	7.2105	7.5672	10.0562	7.4692	8.5887	7.9216	7.9453	9.0072	8.2004	7.6541	7.0135	8.1492	7.8509	4.3407	8.9943	5.9197	8.3125	5.8057
EA_G__LMX1B	6.9476	7.0005	9.3656	9.0905	6.9439	7.6305	7.3941	7.1723	6.8839	6.6951	8.6262	8.5572	6.8858	6.9417	6.9284	6.8258	6.8833	7.4215	6.8074	6.8958	7.5919	6.4544	7.7392	8.5642	7.4095	6.6147	8.2031	6.5912	8.4106	7.433	7.2189	7.7919	7.3849	6.7515	6.5205	6.695	6.3187	8.6843	10.632	7.564	7.6533	7.8472	7.4149	7.4231	7.671	8.3092
EA_G__SEMA4C	7.2719	7.5273	8.26	8.6249	7.0002	8.0346	7.2498	6.9744	7.4205	8.0985	6.9877	9.8344	8.6208	6.4917	6.9693	7.1234	7.4942	6.9843	7.2017	7.7054	7.3261	7.1737	8.8988	9.6211	8.403	7.4376	7.8696	7.3859	9.169	6.8374	7.702	6.8478	7.3498	7.8752	6.9353	7.2155	6.8307	8.7622	9.1107	6.6063	6.5848	7.4099	7.8145	7.6439	6.7406	7.2913
EA_G__EDG2	4.8556	3.3359	4.2557	4.4188	6.8165	6.3432	9.2817	4.4746	6.534	7.7048	3.9111	3.8116	6.6588	9.6996	8.5967	7.2909	4.2481	4.6426	5.8024	6.667	4.1839	9.6511	4.3939	4.5068	9.2968	10.0297	7.5476	9.9468	6.2733	8.3355	8.1237	5.6309	4.3616	4.0072	7.897	5.2177	8.6128	5.2046	3.9776	9.2136	8.0528	4.9111	7.1464	4.7246	5.4687	4.3526
EA_G__NTN4	8.9457	7.3815	4.9204	5.0978	7.1364	4.9212	5.6882	7.1586	6.9979	6.658	7.5512	5.1676	4.9719	6.4198	7.8649	8.8122	5.6499	7.7185	5.9791	6.5246	8.062	7.8699	5.7432	5.7151	5.1214	7.0287	8.1226	6.5949	6.4657	7.9767	6.4987	7.923	8.7584	7.6942	7.2396	6.2955	7.1744	8.1179	6.5618	7.4797	6.9728	5.795	8.1615	5.3447	7.9786	5.0544
EA_G__KCNK5	7.1892	7.6768	6.3405	9.3414	4.9843	8.6618	6.0942	7.4348	7.2036	5.7724	4.9976	9.8878	9.3335	7.2929	8.1296	6.3744	5.5838	8.5578	6.7799	6.0831	7.8641	4.7487	6.6911	6.548	6.8382	5.8044	5.9266	6.3282	6.2406	10.3354	5.9231	5.7042	8.5972	7.4838	5.9933	6.7772	5.3122	5.9738	5.4865	5.8335	5.4823	9.2462	8.2054	5.0166	5.6404	6.0554
EA_G__PAK1	9.811	5.7876	6.1028	7.211	7.2208	5.7292	7.4688	6.8378	6.3034	7.3413	4.2157	6.4608	7.7411	8.7149	6.9446	7.451	4.2022	6.1986	7.7684	7.6308	7.6557	7.5158	4.6218	6.0492	11.1391	7.7746	7.3823	7.5296	6.4291	6.8502	6.6261	6.2824	7.4101	5.2566	5.7809	7.3487	7.6047	7.2088	9.7166	9.3218	7.9048	7.2703	8.7849	6.7669	6.3509	6.197
EA_G__DST	5.7695	5.6314	5.8496	6.8365	6.522	5.4187	7.2984	7.8516	4.2306	7.0187	7.1174	7.453	5.4133	6.8962	7.5451	7.2884	7.3602	6.3799	7.9233	6.8408	6.4526	8.5037	5.407	5.7353	5.4619	7.1812	6.4687	7.7141	7.1402	8.3095	6.7303	5.1303	6.5537	5.9384	9.1508	6.632	8.1101	5.6277	7.7752	6.6125	6.5333	5.4791	6.1783	6.8436	7.8944	5.1731
EA_G__KIAA0984	6.3444	8.4452	8.8413	7.6971	4.2138	7.8078	4.5502	6.3599	4.2813	4.2274	8.9468	6.8133	5.1804	6.9557	5.9346	6.8	7.4365	8.0653	6.409	4.0248	5.8291	3.668	8.2604	8.3418	5.4775	4.4505	7.3813	5.864	7.8929	7.1228	4.3903	7.3149	6.6069	7.8815	4.4008	6.0266	3.9297	7.968	8.1242	6.4222	7.4861	8.208	7.4529	8.3521	8.4878	8.0007
EA_G__GK5	6.1789	6.7761	6.7273	6.158	5.9959	6.4528	6.0808	6.3518	5.4193	6.5937	7.2851	6.3154	6.5553	5.8377	6.897	6.4483	6.3348	6.9943	6.737	6.6079	7.0026	6.2439	6.4498	6.154	6.1114	5.7931	6.1452	5.9919	6.6209	6.4341	5.7381	5.6613	6.9803	6.9923	5.5771	6.3035	5.7394	6.5173	5.985	6.8699	7.3231	6.2983	6.4726	6.8407	6.4598	6.525
EA_G__VEGFC	5.959	6.1045	6.4836	6.1927	8.5363	6.3565	7.9484	4.9781	6.5901	8.1276	7.4515	5.8244	5.2067	8.6976	8.2692	8.3195	6.3146	6.0912	6.7928	5.6619	6.1002	8.8704	6.4998	6.1745	5.6331	7.8407	7.1515	8.2774	6.7377	5.8924	7.584	7.7121	4.974	6.4205	10.0856	8.5307	7.9418	6.2836	6.8621	5.223	6.4057	5.6382	7.0875	7.4676	6.0722	6.3411
EA_G__SPTLC3	5.9715	4.048	6.2292	6.2518	3.5235	4.4185	3.9087	4.2612	6.2954	7.0779	3.7477	3.8641	5.2119	4.7659	6.1131	5.0516	5.4214	5.3684	5.2206	5.6688	4.6642	7.2522	4.215	4.0369	5.5352	3.7662	6.693	6.4773	4.3243	6.3132	3.7847	4.4117	5.4607	4.7467	5.5062	9.0652	6.2771	6.7267	6.4575	6.2536	6.9141	5.5149	3.8331	4.1874	7.7625	3.7549
EA_G__KRT80	7.039	7.9874	6.8573	8.593	7.3834	7.596	8.0123	7.8916	6.2923	5.5115	6.6546	8.7953	4.771	6.296	6.8175	8.4339	8.099	6.7786	8.3352	7.0502	6.6578	5.3198	9.607	8.2581	6.591	5.9135	7.3827	8.1626	6.9772	7.0231	6.8856	5.9269	7.4687	8.9574	6.4723	7.4273	8.2193	8.8584	6.8185	6.6926	7.57	7.3203	7.3317	5.5589	8.3578	6.5803
EA_G__MMP2	4.619	4.7727	4.5862	4.3656	4.9219	4.4867	6.4642	7.6929	5.7732	10.9422	4.4826	4.4733	4.9088	6.0595	5.4077	5.6186	4.9253	4.9941	4.6012	7.4544	5.7767	10.3265	5.0395	4.9834	4.8745	9.8229	5.0684	4.6176	4.5248	5.481	7.0672	5.6996	6.143	5.2895	9.6213	7.411	9.4531	4.7076	4.6315	5.1411	4.8119	5.1935	4.771	4.914	5.5935	4.563
EA_G__SERPINE1	5.4251	5.8986	5.4065	5.5036	5.6132	5.2081	9.8133	6.988	5.5114	5.7937	5.0759	5.1916	5.1886	7.6995	7.0332	7.2798	5.9422	5.2755	7.7287	5.7854	5.5744	11.9346	5.8429	5.6226	5.5287	6.3332	8.3971	10.2428	5.0146	6.1282	11.7198	5.9937	5.8471	7.8398	8.1438	5.5569	11.8792	5.5559	5.1175	6.5275	5.4098	5.4253	5.4968	5.331	5.9709	5.4464
EA_G__MAPT	5.7018	5.1448	6.9443	9.1397	5.1979	8.0624	5.874	5.4416	6.2766	5.0627	4.9614	9.0827	5.6293	5.3387	5.1081	5.4602	6.1583	5.7802	6.5011	5.2449	5.3896	5.4343	7.0464	7.1596	8.4538	5.1361	6.1992	5.4871	5.6839	6.2724	6.2586	6.3443	5.5775	5.4325	5.4093	5.6854	5.1477	5.3825	6.7056	5.8018	5.8948	7.4277	6.3984	7.6494	6.1801	7.3209
EA_G__H2AFY2	8.1988	5.3299	9.2559	8.3241	5.3209	5.4754	8.1386	7.8704	9.4872	6.1545	5.8495	7.878	6.2785	6.7217	7.4557	7.5053	6.0565	5.8091	8.1304	8.1102	7.9249	5.6012	8.2846	7.9538	8.6058	8.1688	7.8185	5.5163	8.1898	5.096	7.5171	7.16	8.7501	5.5325	7.0571	5.8205	5.3303	8.8905	5.1359	5.7419	7.9909	6.8286	5.1352	9.006	5.97	8.477
EA_G__SH3RF2	7.3729	6.0867	6.2286	5.9256	5.639	5.3667	7.9792	7.43	6.1878	6.4714	6.1167	6.2721	5.2171	7.5054	8.7813	6.9138	5.9921	6.4435	6.5822	6.3956	7.0495	7.113	5.5176	5.8152	6.4949	5.7632	6.5689	7.6185	6.5312	6.7045	5.9852	6.1989	6.9096	5.8138	8.4877	6.646	6.2157	6.4112	6.446	6.9071	7.2445	5.9877	5.9326	6.7448	7.6081	5.5621
EA_G__ELOVL2	4.4509	4.6151	5.704	9.5104	6.7806	10.4794	9.2658	5.3619	7.6891	5.4073	4.5827	8.883	4.305	4.3237	5.0745	4.4337	4.4856	4.1933	5.8873	7.049	4.4812	5.4261	5.5976	7.0984	9.7788	7.7464	7.391	4.2232	9.6627	4.1122	7.0029	4.6696	6.6971	4.8449	4.488	4.8972	4.6371	4.6223	8.662	5.3316	8.008	4.9692	4.3176	5.4117	4.5771	6.5635
EA_G__DNMBP	6.264	5.6061	7.4671	4.629	7.5821	6.0355	7.3925	6.771	5.1335	6.3707	6.1806	6.5786	5.9325	7.7479	5.3193	6.346	4.4996	6.2645	6.8332	6.0247	5.8245	7.7047	5.5747	6.2957	7.0161	6.7426	6.1111	9.5674	7.7793	7.3264	6.8194	6.7295	6.1748	5.3964	7.8646	5.9863	7.7632	6.7723	6.7391	6.519	5.1557	5.326	5.2329	6.8578	5.6168	4.9304
EA_G__KIF1A	5.441	5.8699	9.6423	8.2468	5.5019	5.5673	5.805	8.863	9.3245	5.5078	5.1426	6.0836	5.5474	6.3807	5.3728	5.6188	5.9928	5.6387	6.2192	5.5329	5.7274	5.357	6.2477	6.7221	6.5349	6.5204	5.709	5.5465	8.3424	5.3544	7.0093	6.1882	5.5858	5.839	6.2375	5.9585	5.7378	9.1116	5.2103	5.7625	5.6265	5.5712	5.6832	6.7046	6.069	7.7672
EA_G__SLC9A3R1	10.8284	10.4111	10.9597	12.1339	8.7121	11.6704	9.4501	8.938	9.3166	7.8985	11.4576	12.2228	9.8097	9.4062	9.2397	9.4918	10.8515	10.1126	9.0002	8.2983	10.211	7.7047	11.5891	11.5335	10.9539	7.5431	10.175	9.0363	12.6162	10.3807	7.9427	11.9228	10.2745	10.702	7.9923	8.16	8.1862	10.5458	11.481	10.2024	10.9276	11.5295	11.2349	11.3238	10.43	11.858
EA_G__MLLT11	8.007	6.2008	5.7109	6.3736	8.5988	6.3349	7.4033	5.8992	6.8591	6.23	6.483	6.4591	6.2006	8.6925	5.9117	5.5161	7.3871	5.3775	5.7241	9.0878	6.1603	7.701	6.562	7.0744	8.2785	9.0157	6.1221	6.7845	8.4846	7.7671	8.6984	7.8246	6.7332	5.9092	7.6861	6.9994	8.4946	5.9528	6.9403	6.7688	7.357	6.6726	7.6247	6.1401	6.743	5.5694
EA_G__HIG2	7.7193	10.3182	9.7982	8.3094	7.1806	8.8925	7.3002	6.8114	9.2443	7.6533	8.9429	8.8777	8.7612	7.0476	7.034	6.886	8.9602	9.728	7.6702	6.7164	7.1713	7.7054	9.4173	8.7386	7.9982	7.3557	9.539	7.2633	9.5566	8.4201	7.5815	8.6189	8.0205	9.6608	7.134	7.2611	7.6784	8.9239	8.4988	8.4674	9.1108	7.9012	9.0887	8.5845	7.9993	8.2687
EA_G__EFS	5.6312	5.8379	6.6899	7.0576	5.2477	6.1714	5.6082	6.8069	7.6687	5.6171	7.7741	6.2187	6.8659	5.846	5.8344	5.5482	5.8984	8.1291	5.4385	7.0219	6.6711	5.7584	5.7557	5.8945	5.6491	5.2271	6.3876	5.5316	8.757	5.6034	5.2943	7.8905	7.0812	6.128	5.5567	5.6693	5.8229	8.2628	7.9924	6.116	7.2822	5.9159	7.0035	7.2416	6.0757	6.0806
EA_G__ASRGL1	7.1149	7.0425	5.6356	6.5771	6.3831	5.0036	6.4931	7.3281	7.1895	6.3351	4.5902	7.1005	5.729	6.1189	6.368	5.3845	5.4255	7.2684	7.2256	6.573	4.9263	5.1455	6.733	6.0474	7.7749	6.0371	6.2716	5.6172	7.5256	9.2882	6.7345	6.0556	7.8553	7.2998	5.8367	5.5255	5.1819	6.353	5.8212	7.3248	6.848	8.3195	5.1542	5.795	5.8741	5.7236
EA_G__DAB2	5.6629	6.0574	4.4007	3.9271	9.6669	4.0868	8.4731	7.4827	6.3865	9.0069	10.8663	10.103	5.6433	6.1758	5.0374	6.1662	5.649	4.7337	6.9188	7.4558	7.2915	9.8138	3.729	5.115	4.1987	9.5508	6.6207	7.8924	4.6273	8.6039	8.6343	4.8335	5.6841	6.3081	8.1656	5.948	8.5452	6.1107	4.7758	6.5954	4.5375	3.8524	5.7441	6.5683	8.1222	3.8021
