Cell lines	600MPE	AU565	BT474	BT483	BT549	CAMA1	HCC1143	HCC1395	HCC1419	HCC1428	HCC1569	HCC1806	HCC1937	HCC1954	HCC202	HCC3153	HCC38	HCC70	HS578T	LY2	MCF7	MDAMB134VI	MDAMB175VII	MDAMB231	MDAMB361	MDAMB453	SKBR3	SUM1315MO2	SUM149PT	SUM229PE	SUM52PE	T47D	UACC812	UACC893	ZR751	ZR7530	ZR75B
Response	-1	-1	1	-1	1	-1	1	1	1	-1	-1	-1	1	1	1	1	1	1	1	-1	-1	-1	-1	1	-1	1	-1	-1	1	1	1	1	-1	-1	-1	-1	-1
RS_G761__KCNH2__KCNH2	4.3974	7.7662	1.4548	5.3576	0.71042	1.2467	1.9196	0.35086	0.38368	3.1721	6.314	1.4979	1.0985	0.37606	0.31183	0.77169	0.11002	0	0.87414	5.3995	4.2125	6.9596	4.0376	0.65077	3.5139	0.86035	3.6229	0.98382	0.73108	3.7015	4.5043	0.55219	5.3417	1.9414	4.1343	1.7068	3.3441
RS_G6637__RARA__RARA	7.4958	9.1151	6.2662	9.3666	5.5867	8.6755	5.3	5.5698	6.1388	8.1484	6.2953	6.0039	5.8682	7.1367	6.3018	6.4304	5.9595	5.8703	6.0758	9.2031	7.118	7.7675	7.7624	5.7313	7.2389	5.8846	8.386	6.6856	6.8134	7.9308	6.8151	8.3269	12.7129	8.7165	8.5605	6.2371	8.8544
RS_G14942__PVRL3__PVRL3	3.0342	0	3.0716	0.94041	7.9748	0	3.0315	5.3155	4.3643	0	0.24295	5.4957	0.84611	3.2823	2.9367	5.4663	6.1654	4.3798	6.1795	0	1.504	0	0	7.1246	2.1541	1.4176	0	3.159	4.2008	3.0716	0	0.55555	0.18395	0	1.0069	0	0.80047
RS_G5567__PREX1__PREX1	7.2462	9.4167	8.806	10.4089	0.22186	6.8101	4.4805	5.6559	6.6114	8.4126	5.8229	5.9925	4.7198	2.9075	3.8884	1.4154	4.0377	0.14017	6.4915	12.0764	9.6008	7.9408	6.7415	0.4589	8.6745	4.204	9.5072	1.276	2.3445	5.1828	7.4045	10.2263	10.0828	8.318	10.6767	9.4703	6.5261
RS_G4856__MUC5B__MUC5B	5.381	6.3991	4.9033	7.2056	0	5.3345	6.1164	0.65399	1.8113	5.2883	6.5749	0.35429	2.0415	0.42452	4.7976	0.20737	0.10243	0.47117	1.1133	5.5399	4.5554	5.2356	5.2064	3.5201	7.1076	2.7576	0.22595	0.60314	1.5779	1.351	0.050499	0.13512	9.1755	6.7615	4.8458	0.72083	6.9805
RS_G12798__FAM178B__FAM178B	0.98678	6.1251	3.3804	4.5129	0	1.8948	1.2255	1.5866	3.0813	7.686	5.4392	4.6694	0.87177	0.22072	1.9869	2.1263	0	4.9947	1.438	3.2679	3.3825	4.1545	3.0771	0	4.1486	0	4.8261	1.399	3.5345	0.3566	2.3155	0	5.4827	5.3408	4.0431	2.0612	0.92306
RS_G3436__AMBP__AMBP	5.5216	4.1249	2.8804	5.6693	0	4.4106	0.30004	0.55576	3.6561	3.1994	0.31932	0.72738	0	0.32997	1.6721	0	0.34272	0	1.0688	2.9627	1.5467	6.1453	3.7678	0	9.687	5.2492	0	0	0	0	3.3531	0	9.4107	10.6991	3.6158	3.7646	2.5328
RS_G7983__GLIPR1__GLIPR1	0.55287	0.2859	0.94121	0.19873	8.8142	0.67508	3.8198	6.0225	0.83764	0.62063	3.6456	5.4165	4.5642	4.8421	0.25714	6.5035	8.1578	4.0803	7.825	0.6577	0.57361	0.73209	1.9436	6.5993	0.1263	0	1.235	1.7892	3.8954	4.6243	0.72126	1.595	0.29975	0.13809	0.35881	2.161	0.094808
RS_G4692__PLA2G4A__PLA2G4A	0.3939	1.7648	1.0591	0	3.7798	0	0.15113	3.5427	0.35835	0	0	6.9035	2.8598	3.4805	2.0013	3.8272	4.5847	7.7553	0.37811	0	0	0	0	3.9355	0.16825	0	2.5685	1.1468	4.8091	3.2342	0.52016	3.5699	0	0.23599	2.7344	0	3.4777
RS_G10720__TFF1__TFF1	9.5716	6.8461	12.1442	15.3072	0	8.1211	1.5719	0	12.8985	14.5477	1.9333	1.5228	4.0155	4.0294	8.0643	0	0	0	3.3081	14.9851	14.3712	8.4157	10.5333	4.5944	14.5594	6.0558	3.1878	1.9663	2.5271	2.5734	1.4334	3.9827	16.1221	9.3908	11.9576	2.7851	13.9006
RS_G12786__IL7R__IL7R	0	0.251	0	0.50142	6.5911	0.28503	6.1027	3.2925	0	0	0.65531	4.9125	6.2297	5.4595	0	4.9738	6.5351	0.25223	5.1619	0	0	0	1.8082	5.4855	0.070492	0.82882	0	0	3.6661	2.0069	0	0	0	0	0	0	0
RS_G1180__TRIP13__TRIP13	7.5721	7.4435	7.9846	7.1647	9.1263	8.0353	8.804	9.0066	7.5718	7.523	7.8106	9.3162	9.2501	12.9158	8.25	9.1767	9.4439	9.3182	8.6357	6.9338	7.2772	7.6464	8.421	8.7378	7.7527	7.2485	8.6847	6.8113	6.8324	8.2887	8.6085	8.8612	7.3171	7.6385	7.5677	5.3634	7.2672
RS_G11315__FSTL1__FSTL1	6.1696	3.6176	6.5735	5.6716	12.563	0.96659	3.0155	9.048	1.7602	5.437	5.1741	7.2908	9.4235	7.6366	0.59939	10.3975	9.8128	7.9845	10.7719	0.77713	0.82926	0.93212	7.4038	8.5847	1.4346	1.2163	3.6582	5.9561	8.1278	5.686	1.736	7.4048	1.7816	0.050983	0.67477	5.1789	0.38166
RS_G1492__DUSP13__DUSP13	1.1639	3.9306	0	3.4195	0	0.39666	0.7545	0	4.3288	4.8779	0.46004	0	0	0.476	0.27248	0	0.26614	0	0.56268	4.1128	4.8187	2.0092	0.887	1.9107	4.6054	0	3.3152	0	0.88679	1.9153	1.3829	2.1176	7.1145	2.9018	2.0528	4.1631	2.255
RS_G11321__IGFBP7__IGFBP7	0.48984	0.20472	0.64677	0.22802	4.9569	0.60953	10.1072	4.3762	0	0.96387	5.4059	8.8986	8.1983	0.71009	1.6	9.7724	4.1764	5.9428	11.5239	1.4949	0.22795	0	0.6282	9.8327	0.10584	0.93944	0	0.70873	4.6982	9.9865	0	2.6526	3.9518	0	0.57635	3.6665	0
RS_G9625__THRSP__THRSP	2.1278	4.3884	0.78214	4.4766	0	7.3255	0.86725	0.45662	3.8694	9.4885	0.66446	1.0359	0.82234	1.964	3.2841	0	0.56364	0	0	1.631	1.0951	8.4908	1.3706	0	0.55945	1.7591	2.4593	0	1.0012	0	4.518	0	3.9093	8.0099	6.3295	2.7414	1.2806
RS_G2964__PLAT__PLAT	1.1028	2.7083	2.1355	4.2283	2.9261	1.5385	6.4029	1.7049	1.4885	1.4698	1.4792	6.6718	3.9628	6.7745	5.154	4.6465	5.7778	3.7345	9.0078	0.7689	0.50948	1.0442	3.5481	6.7671	1.2668	2.4605	0	4.8623	7.5581	6.1301	0.61507	0.97942	4.5877	0.1673	0.76072	0.56998	0.76698
RS_G1887__ARHGAP4__ARHGAP4	4.1786	3.0121	1.9665	7.2583	1.9084	2.7376	1.9753	1.4454	1.9656	6.1295	2.5424	1.2974	1.0461	1.8831	5.4233	1.9435	1.0348	1.9753	1.5813	6.2534	4.0368	2.8938	5.8286	1.1546	3.2345	4.0066	2.8494	9.6532	5.0163	3.4539	3.2018	6.2045	5.5849	5.2268	8.5811	2.4646	8.4355
RS_G18318__MME__MME	0.21685	0	4.2074	0.18363	7.4852	0	1.2735	3.0231	0.1471	0.12986	0	1.5989	5.2843	4.3203	3.5453	0.8168	8.8677	7.3029	2.6005	0.4139	3.6482	0	4.3657	0.2533	4.0613	5.1316	0	6.1159	5.8015	5.3236	1.6951	0	0.47224	0.033593	0.52545	0	0
RS_G1917__LEPREL1__LEPREL1	1.6812	1.213	1.016	0.15032	9.6328	0	8.6274	7.5555	0	0.20528	2.3881	6.6588	10.0755	7.8581	0	6.0855	6.9596	8.8539	6.6718	0.14834	0	0.54021	4.5962	7.6461	0.14506	0	1.8994	2.7188	5.8777	6.3893	3.8936	2.3297	1.1214	0.053799	2.3917	0.17313	0
RS_G566__CSPG2__CSPG2	0.20025	0.043506	1.2122	0.88034	1.8343	0.21093	4.7871	6.1112	1.7258	0.13026	0.20687	1.5527	1.0484	0	3.3124	1.5387	8.8786	0.043736	8.7002	0.046891	0.11893	0	0	0.61441	1.3727	1.9183	0	3.5182	3.6374	2.7013	0.27189	0.80559	0.047783	1.0144	0.66906	1.4817	0.65313
RS_G3861__SCGB2A2__SCGB2A2	13.9607	7.2469	8.4444	3.1721	0	5.1291	2.0737	4.905	7.1077	7.7127	0	0	0.67662	0	0	0	0	0.75343	0	1.9939	2.7482	1.1297	9.2795	0	12.9283	1.2589	9.6874	0	0	0	11.1134	0	10.6074	4.7802	14.5809	17.6033	5.6558
RS_G4220__LOX__LOX	0	0.68991	0.90169	0.66555	10.7791	0.13865	4.9709	5.7714	0.79742	0.96733	5.2774	4.4823	2.895	0.54503	1.9725	5.5501	7.6689	5.766	10.1643	0.90667	0.75454	0.48913	3.2735	6.0679	0.45546	0.44199	0	11.6434	8.3827	9.2551	0.4056	2.3981	0.6104	0.18225	1.3457	0.1563	0
RS_G18754__CYP2B7P1__CYP2B7P1	7.8731	0.71843	4.2739	6.4891	0.97565	1.959	0.71636	1.7225	3.0186	5.0364	0.23268	4.7275	1.0877	1.8112	0.71491	0.094855	0.75563	0.43847	0.86152	2.1059	1.3998	2.6524	1.6952	1.0342	8.1502	0.77303	2.1599	0.44639	0.84597	0.49534	0.64224	1.8966	4.7722	1.6144	10.3949	10.382	8.5954
RS_G16247__C17orf60__C17orf60	0.49808	0.30644	0.1873	0.47501	0.16983	0	1.7779	4.3243	0.35255	0.78703	0	0.28012	3.4776	6.4583	0.83997	0.7432	0.46893	1.5377	3.4339	0	0	0.35027	0.27625	3.0384	0.5823	0.30115	0	0	0	1.5309	2.4997	0	0.11701	0.35147	0	0.19681	0.25524
RS_G11476__GRIK3__GRIK3	0.10161	0.11567	3.4404	6.7434	0	2.7903	0	0.21375	0.13788	5.5946	0.22452	0	0	5.8427	0	0	0	2.4098	0	3.8784	3.1195	6.9585	0.8144	0	0	0	0	0.2254	0	0	0	2.2317	7.3857	0.21684	7.1047	1.1609	6.2115
RS_G14379__SCUBE2__SCUBE2	3.7581	0.4963	3.3351	10.5351	1.9673	0.99746	0	0.85629	3.3606	10.4571	0.40431	0.41231	0.91397	0.51741	0.26615	0.27683	1.1985	0.064969	0.99204	3.0784	6.7906	7.358	5.7668	0.068117	5.2172	0	0.5589	0.25173	0.14379	0.21735	0.15444	8.5777	7.7732	1.5407	6.1636	1.1294	2.3288
RS_G10718__TFF3__TFF3	9.803	7.179	11.1887	12.8489	0	6.3298	0.97441	0.986	13.1896	11.0513	1.8337	0	0.53575	1.7682	9.6535	2.2698	0	0	1.8517	9.9781	8.776	7.7139	12.8413	5.8853	12.3423	6.3096	5.0467	0	0	0	0.69196	8.9041	15.7551	10.09	12.4151	10.6599	11.5272
RS_G5395__INHBA__INHBA	0	1.4027	0.57218	4.9365	8.116	0.34649	7.4763	6.8731	0.24841	0.79254	1.0776	6.6774	5.5305	6.203	1.0348	7.1808	4.9604	4.2951	9.2718	0.8871	1.8265	0	6.524	3.1375	0.27195	1.5506	0	2.5634	8.5917	4.6019	0	1.2706	1.4108	0.16248	1.0054	0.26938	0
RS_G3163__ATP1A3__ATP1A3	4.3274	10.0114	1.9462	7.3666	4.4612	5.383	4.7758	2.7679	2.0801	5.4381	6.8753	4.7827	5.96	4.1124	0.802	4.0167	5.5134	0.82382	2.2676	5.8081	4.8029	8.8681	5.5177	5.3107	3.0664	0.25964	7.4159	5.8738	1.5203	3.7056	5.114	5.5049	7.4703	1.8905	6.2309	0.52665	6.8914
RS_G7128__GPR77__GPR77	4.3869	1.6176	4.6409	6.7887	0	6.9043	0	0	5.5588	9.0343	0	0	0	0	0.67971	0	0	0.18854	1.1429	6.4876	5.6392	7.6693	3.9682	1.1192	6.095	0	1.1513	0	4.688	1.7911	3.2491	7.4652	7.9547	2.8835	5.4055	5.2302	5.4591
RS_G9080__IGFBP3__IGFBP3	6.2987	3.3656	2.9054	5.2494	11.5393	1.034	12.0229	11.5965	1.9904	0.38514	2.9917	8.8113	10.5079	11.6002	3.293	10.8788	9.9252	12.5244	9.3982	3.8586	4.4452	6.8854	9.9608	6.9804	4.4091	8.3923	0.25393	4.3852	7.1035	7.3456	7.1766	0.7413	7.3833	4.6036	2.4343	4.1125	0.70512
RS_G18405__S100A2__S100A2	5.2484	3.6935	3.4186	3.8443	8.6925	2.6605	13.4485	7.4326	2.2239	2.1404	3.8567	13.4345	10.1256	11.0365	3.6585	11.2875	8.0382	9.5068	5.9126	5.1554	2.1463	1.2281	11.1424	4.8228	3.2845	5.5373	1.1917	8.571	10.041	13.4869	5.0461	4.175	3.2161	3.9957	3.0922	3.7727	4.4221
RS_G7696__CASP1__CASP1	4.6632	1.1639	0	0	0.62808	0	0.76601	2.0008	0	0	4.2846	7.1678	5.4234	7.0633	2.6371	5.507	4.2762	9.1677	3.4113	0	0.35455	0.18699	0	2.6086	0	0.59149	3.2346	0	4.6947	4.4669	3.8963	4.3306	0	0	0	2.2832	0
RS_G11366__IFI16__IFI16	1.3751	1.0912	0.088938	0.077879	0.1516	0	0.25526	8.0208	0	0	6.9257	7.8901	6.2163	8.4592	0.15631	1.9825	7.2647	10.0474	5.8672	0.47945	0	0	0.49689	6.093	0	0	0	0	5.6095	6.2941	1.6259	3.4074	0.10754	0.056524	0.73329	0.092424	0
RS_G3465__GLIS3__GLIS3	1.0417	0	0.7201	0.39469	5.7482	0.065496	2.5089	2.5399	0.25445	0.088391	2.7287	0.32897	0.90898	4.199	0.28977	1.6833	7.1394	4.1606	5.2637	0.31311	0	0.24739	0.86881	3.7762	0	0.11367	0	5.3004	1.2236	3.5116	0.2903	0.073385	0.27842	0.2041	0.090949	1.5447	1.0128
RS_G463__VIM__VIM	2.9652	2.2052	5.3309	4.7875	13.722	3.764	13.663	13.843	4.156	0	10.3261	6.4127	8.4787	10.5793	0.47968	11.7234	13.9024	10.1043	15.089	6.8882	3.1521	9.4838	11.1994	13.7198	1.8929	3.5908	2.3972	16.3769	9.8039	11.237	3.9594	5.7587	8.8159	1.2639	3.9298	1.2587	0.37376
RS_G8562__RGS16__RGS16	3.6383	7.9152	3.1434	4.2812	0	2.3833	0.82754	4.8652	7.453	2.0693	4.5062	4.3101	2.672	4.8678	2.4771	1.5237	0.53533	2.5687	0.83849	5.7894	7.078	4.9839	6.6086	2.0042	4.5416	3.1614	6.6121	8.0521	3.1614	4.6667	4.6968	5.3382	4.7611	7.9632	6.9381	3.7296	6.5567
RS_G1983__CCDC80__CCDC80	3.047	4.5842	0.24634	0.95276	10.2098	0.12049	5.2177	5.0089	0	1.3406	1.1731	5.231	6.9418	3.9554	0.11679	7.2517	8.6794	7.4749	9.7159	2.3768	1.9402	0.12167	4.6807	6.4667	0.23618	0.2076	1.7652	4.6926	6.5604	6.081	5.2147	2.8761	0.70055	0	0.45007	0.42848	0.086745
RS_G13359__HAS2__HAS2	0	0	0	0	6.2901	0	0.50167	7.8174	0.34679	2.7205	0	8.4229	1.3124	0	0	0	3.943	0.54231	8.0381	0	0	0	0	3.7323	0	0	0	0	2.9735	1.4913	0.35491	0	0	0	0	0.19476	0
RS_G5608__KCNK15__KCNK15	3.7504	0	0.7482	5.7541	2.6802	2.0511	0.33281	0.4347	0.40328	4.7115	1.3315	0.58116	1.862	0	0	0	0	1.0739	0.76302	8.962	5.9771	5.8771	4.9498	0.19594	2.8145	0	0	0.65405	7.0193	1.2994	0	4.0176	6.9586	2.6766	8.3502	0.60439	2.988
RS_G4160__SMOC2__SMOC2	2.5762	4.2469	4.5958	4.7433	0	3.3104	3.7889	1.0467	0.70265	8.2683	0	0	0.79236	0	0	0	0.15482	0	0.1795	2.3254	3.5263	3.534	3.7063	0	2.8666	0	0.20552	0	0.16283	0.45366	0	1.5942	7.9173	0	6.6553	6.4866	5.9139
RS_G17665__FAM25A__FAM25A	0.91608	7.1962	4.2358	5.7438	0	3.7671	0	0	3.3216	3.1388	0	4.8461	0	2.0457	1.6908	2.761	0	0	0	6.2332	0	3.654	6.0496	0	4.6771	0	5.606	0	2.74	0	3.3555	4.3747	9.3534	3.6138	0	3.0246	2.0778
RS_G14281__AMZ1__AMZ1	4.3637	2.5402	1.9577	6.2024	0	0.80029	0.097203	0.82505	2.9497	7.2086	0.50476	4.8755	3.3	0.55233	2.0374	0.33663	2.2512	0	1.4567	6.0503	4.4576	5.0749	1.1402	0.26129	5.3051	0.82924	1.2553	1.7794	3.5693	1.8046	0.50673	7.1278	7.3871	4.4762	5.9031	1.2772	2.0128
RS_G21732__AL136362.10__AL136362.10	3.6177	1.379	2.4086	2.3687	6.8619	2.9602	8.6421	5.8491	4.1982	5.6378	2.8629	7.9821	8.2796	3.0449	3.3737	4.9523	3.5242	4.687	7.4838	1.6056	2.2294	4.1893	2.5963	5.016	2.5979	2.9509	1.0728	4.8527	7.0765	7.1972	2.0514	2.0133	2.6182	2.1096	1.9024	4.1572	2.0164
RS_G13364__S1PR1__S1PR1	0.14476	0	0	0	7.8764	0	3.4984	0.98351	0	0	0.43828	5.8564	3.4223	0.45575	0	0	5.1403	5.0119	0.46235	0.089312	0	0	0	2.0861	0	0.31238	0	2.4689	2.4788	1.6305	0	0	0	0	0	0	0
RS_G9369__ADAM12__ADAM12	0.37678	0.38403	0.24804	0.42494	8.3315	0.049067	5.2786	9.4472	0.32772	0.19292	0	3.2172	3.5568	1.5722	0.34247	5.4117	9.4437	3.6546	8.4025	0.09372	0.095561	2.8231	0.14991	1.2518	0.04683	0	0	8.5985	2.6669	2.3223	0	0.767	0.51386	0.13067	0.25878	0.30871	0.42998
RS_G10013__PGM5__PGM5	0.98175	5.7702	1.2732	4.3229	0	0.27613	0	0.90894	0.52699	4.3002	0.12769	0	3.701	0.13224	0	1.7349	0	0	2.2619	2.9296	3.596	0	0	0.13333	1.23	0	6.2945	1.102	0	0	2.625	0	4.6748	3.0766	4.1586	3.1972	0.29176
RS_G1662__NKAIN1__NKAIN1	1.1586	0.54586	2.3681	8.0666	4.2997	3.5173	0.79025	1.5941	2.0593	7.749	3.2802	0.56507	2.5763	1.1224	4.6444	0.7549	2.3913	0.48464	0	3.4869	5.489	9.8589	0.92744	0.097394	4.325	0	0.66174	2.6062	0.6813	0.76946	1.5224	4.3015	6.468	8.0003	8.3639	6.6103	2.5456
RS_G5719__SCGB1D2__SCGB1D2	10.1167	3.7969	7.435	0	0	3.7616	0	2.4518	1.2703	1.7869	2.4186	0	0	0	0	0	0	0	0	0	0	2.214	4.949	0	9.8672	0	6.6518	0	1.4816	0	5.8401	0	9.357	0.68612	12.3511	14.1112	1.1901
RS_G14837__CASKIN2__CASKIN2	6.7178	7.0439	5.436	7.3426	5.7023	6.831	7.2235	5.7037	5.7827	7.7974	6.7524	5.9286	5.9362	6.0584	7.4702	6.4785	5.6453	5.5926	6.0022	9.1808	7.6481	6.0585	7.5241	6.0895	8.8242	8.7561	7.1349	7.4565	7.0461	7.3888	6.9692	6.3188	7.7867	11.9355	7.058	5.6768	7.0492
RS_G12839__VAMP5__VAMP5	5.7475	8.4989	5.1276	6.3466	1.0717	4.2899	3.8161	1.723	10.6318	7.4263	5.181	1.7151	4.28	5.4616	6.2318	3.5479	2.1294	5.8416	0.73065	7.4246	6.901	7.2724	7.3036	3.5044	5.257	6.3869	6.3121	1.0478	5.9949	5.0818	5.9869	5.1714	10.8607	9.1226	7.7928	5.751	6.4989
RS_G12188__CRABP1__CRABP1	1.3741	1.4861	2.0796	8.0743	0.52734	11.7665	0.46236	0.32883	2.4799	0	8.2077	1.663	7.1373	0.275	0	4.5932	1.2108	4.8055	0.59695	0	8.5864	10.2975	8.9339	0.88537	8.0075	0	2.0754	1.972	0	0	0	3.1309	11.0915	8.6673	7.1185	0	5.1386
RS_G1549__CXCL2__CXCL2	1.752	0.18961	0	0	4.0403	0	5.83	1.9456	0	0	4.4953	4.3472	4.7998	3.8698	0.9544	3.6235	6.7278	6.0653	3.0576	0.81868	0	0	0.32441	4.3547	0.28933	0	0	7.1501	8.0091	2.3165	0	0.92949	0	0.14946	0	0	0
RS_G6379__KIF1A__KIF1A	0	0.43724	9.0209	8.2331	0	1.6392	9.2069	0.30393	0.79708	3.8381	0.51882	4.1596	0.88601	0.59017	2.9194	1.5711	0.47052	0	0.16233	4.6844	5.0402	5.5668	2.0228	0.054638	7.4877	0	0.21917	6.9635	0	0.17942	0.32477	0.44344	2.938	1.3623	7.02	1.6329	7.602
RS_G12975__IL8__IL8	2.4162	0	0.28144	1.3546	5.0009	0.48587	5.3182	3.6831	0.14355	0	4.1919	5.2983	3.3396	5.781	0.47263	6.7404	4.9168	3.9488	7.2819	0.81189	0.25768	0.38226	0.39364	6.1665	0.83746	0	0	0.44358	6.3091	0.69434	0.7175	0	0	0.18315	0	0.84389	0
RS_G16170__PCP4__PCP4	9.5795	2.6308	3.4364	5.2434	0	4.7144	0	1.3531	1.0717	2.5298	0	0	1.3561	0	7.0045	0.43605	0	1.1567	0	4.5612	5.15	3.0122	4.0627	0	1.8418	0	7.0218	2.0636	0	0	6.293	6.6928	6.8814	4.4883	1.5702	4.4096	0
RS_G18421__Z79996.2__Z79996.2	4.3194	1.7545	0.55279	1.466	2.5247	1.1043	3.7853	4.3384	1.3085	1.7983	7.6489	3.3328	4.792	5.2492	3.3437	4.5855	4.3321	7.6306	3.3913	0.55463	0.58805	2.7811	2.278	4.3237	0.72521	1.1573	2.0589	0.43044	2.8603	4.0803	1.5689	1.9384	0.95175	0.45984	2.4117	4.2565	0.67651
RS_G21704__CXorf61__CXorf61	0	0	0	0	0	0	6.7283	6.8917	0	0	0	5.3053	5.6279	8.1888	0	7.9773	6.7528	7.9893	4.7743	0	0	0	3.4023	6.4157	0.23646	0	0	0	0	0	0	0	0	0	0	0	0
RS_G13489__LRRC8C__LRRC8C	2.418	1.5417	1.7488	2.4041	6.0762	1.4049	4.2775	5.247	3.3365	3.6831	5.1997	6.6789	3.9768	4.0136	3.0991	6.0583	4.9818	5.6925	6.064	0.087916	2.0266	4.3586	2.1772	8.3452	1.0245	0.97754	0	2.3141	2.6248	3.3056	1.4293	1.3006	1.0774	1.639	1.2874	1.8651	1.824
RS_G10350__MMP14__MMP14	0.71728	1.4795	0.44191	0.89739	9.639	0.34999	7.3688	9.383	2.0141	1.802	2.0248	8.6885	7.6792	3.3228	0.61768	1.116	8.0798	8.3525	9.2776	3.4012	1.7563	0.41929	5.0547	8.3464	1.852	2.8725	1.1442	13.1123	6.8229	8.7879	1.6794	4.0109	0.92248	2.4898	1.1125	0.39571	1.5268
RS_G5128__C6orf97__C6orf97	3.1578	0	5.1411	4.0963	0	4.1221	0	0.32115	5.2392	6.3162	4.2969	0.082714	0.15617	0.095144	0.097138	0	0	0.33528	0.36194	6.6388	6.3693	5.8502	0.5478	0.048768	4.0578	0.26259	0	0.26705	0	0.29656	0	4.7903	4.3059	0.033789	5.6965	0.70782	4.9746
RS_G16696__PRR16__PRR16	0.41506	0.24797	2.8974	0	8.729	0.51715	5.5895	5.757	0.29138	2.5036	5.5104	2.0171	2.0923	0.25845	0.70136	5.8394	6.3792	1.3786	7.437	0	0.88141	0.1435	0	6.9914	0.32306	0.65491	0	7.3612	3.379	1.7352	0	0	1.625	0	0.80822	0	0.6793
RS_G3586__RAPGEFL1__RAPGEFL1	5.9537	7.4913	4.0582	7.5022	4.1912	5.1146	3.3035	3.1857	2.9684	9.3785	5.0089	3.3274	6.6928	3.2089	3.7361	3.7624	5.0324	4.6098	2.8293	6.6804	4.2898	7.0599	5.3646	4.4551	4.0532	3.1024	6.7893	4.5768	5.97	7.7749	5.3003	7.3069	12.3481	8.4628	7.8427	3.1839	6.2748
RS_G12178__SERPINB7__SERPINB7	0.9442	0	0	0	5.6432	0	4.7067	3.7483	0	0	5.5995	5.3599	5.0834	3.2114	0	4.5919	3.2161	2.0948	3.124	0	0	0.75502	3.0792	2.3119	0	0	2.1682	0	4.6954	3.6766	0.6301	0	0	0	0	0	0
RS_G4942__RARRES1__RARRES1	2.0377	1.842	3.7414	0.17186	2.4435	1.546	4.0497	3.1042	0.9588	3.4138	6.5431	0.26784	9.1775	11.1435	3.1687	8.5922	2.0236	13.9745	0.3647	0	0.1718	0.17735	7.1024	1.2788	2.8091	1.7188	2.3179	0	8.5285	2.5811	0.63747	1.368	1.8166	0.12106	0	2.0798	0
RS_G17967__APOD__APOD	7.9573	4.7281	1.1531	4.2103	0	0	1.3402	1.4179	5.0426	1.8301	8.9852	0	3.1323	1.6186	0.76176	0.46548	0	0	0.86846	3.5346	7.8269	2.6663	8.3778	1.8524	1.6608	0	7.8481	0	0.81118	0.66133	9.7289	10.7762	7.0968	10.8811	11.3141	11.4809	2.7866
RS_G11188__KCNF1__KCNF1	1.3379	0.1976	0.63717	10.5681	0	0	3.5403	3.0542	0.62237	5.6276	3.1305	1.1458	1.6245	0.10874	2.6854	0	0.7906	0	0.89517	5.1572	3.4168	2.9668	5.4132	1.4082	4.5183	0	0	4.6541	0	0.72853	2.4304	6.7352	8.6752	1.5255	7.4204	1.3546	5.2494
RS_G13766__MUCL1__MUCL1	8.2971	9.2684	12.3825	10.0828	0	8.4661	0	0.90826	7.872	5.344	1.4703	1.545	2.4156	8.9393	4.3595	0	0	5.508	0	7.4503	7.7859	7.1029	9.5099	0	13.1852	9.8025	9.1199	1.9667	0.85403	1.8097	13.9402	2.6873	12.0261	12.0262	11.3802	4.4369	3.1773
RS_G28377__AL450306.14__AL450306.14	3.5215	4.8024	0.74196	2.0401	1.496	2.6412	2.3114	1.9374	1.9689	3.5546	1.9543	3.28	2.8507	2.0548	3.1078	2.2624	1.7205	2.1189	1.5042	3.1047	3.2992	2.9209	5.057	2.1669	2.5187	2.2729	3.5767	2.7609	5.8757	2.6059	4.5232	2.9519	1.7691	3.1761	2.4941	2.662	7.538
RS_G5788__IL1B__IL1B	0.14002	0.15613	0.3529	0	0	0	0.51627	0.66274	0	0.44092	0.75842	6.6753	5.5354	1.8106	0	3.1962	2.2418	2.2872	1.4549	0.80447	0.16985	0.17979	0	2.9735	0	1.1158	0	0	3.2621	3.3672	0	0	0	0	0	0.20042	0
RS_G15970__C1S__C1S	1.1454	2.4353	2.1969	1.3139	7.0906	0.2046	3.227	10.2073	2.1667	0.75472	9.4664	4.1604	5.9223	5.6662	1.0551	6.9319	7.4507	8.7764	5.3335	0.61186	1.8366	1.7222	1.0289	1.1111	3.0973	1.1785	2.0352	3.0277	6.111	2.1257	1.762	1.0168	0.55144	1.5281	3.8718	1.3829	0.89723
RS_G9735__HSPB8__HSPB8	6.9159	4.2737	4.1342	10.9436	0	8.9073	0	1.7163	1.5084	9.6107	1.9996	6.399	5.2617	2.9086	1.7138	1.1226	0.24708	4.8246	5.9738	9.5457	6.7034	7.7081	5.9709	1.8549	8.6261	0	0	0	1.2387	4.4231	8.4206	6.3513	11.1146	0.9365	8.9851	0.29059	4.3188
RS_G15925__TSEN54__TSEN54	7.2344	8.3459	6.4633	7.5892	6.3917	7.9159	7.7411	6.4839	6.8253	8.3035	7.0863	7.4429	7.0836	7.421	8.0853	7.972	6.2994	7.2044	6.6307	10.0525	8.9556	6.8742	8.4277	7.161	9.7546	9.4051	9.1787	7.8424	7.1251	8.4663	7.997	8.3349	8.7783	12.7359	8.8604	5.6995	8.5107
RS_G1436__FAP__FAP	0	0	0	0.18706	0.18332	0.19117	0.94484	3.9543	0	0	0	0.83298	0.5157	4.0178	0	5.4188	3.9292	0.45519	5.6902	0	0	0.72062	2.496	0	0	0	0	3.5532	5.4313	4.7177	0.20414	0	0	0	0	0	0
RS_G5427__SRGN__SRGN	0	0.86436	0	0	1.889	0	0	5.5557	0	0	0.63384	1.3082	1.2829	0.89407	0.3789	3.0125	6.0192	0	9.3304	0.3731	0	0	0	9.9268	0	0	0	2.0368	0	0.57078	3.6571	3.931	0	0.27804	0.7318	0	0
RS_G16319__SERHL2__SERHL2	5.5576	9.6885	4.2228	5.1276	3.5316	4.1391	4.4021	2.9824	9.3149	3.0556	6.0929	4.8312	4.2306	3.487	4.2993	5.1006	5.2126	4.4447	4.1099	5.1008	8.2175	3.9131	8.19	3.8247	5.6157	3.797	11.2439	4.1716	4.2778	4.8636	3.1849	6.6946	6.6957	10.5394	10.0126	3.2253	9.7217
RS_G4882__NRP2__NRP2	0.9771	0.20883	0.35126	0.070484	5.1284	0	4.7753	5.4477	2.767	0	6.9605	5.4682	6.1647	1.8408	0	5.4395	6.3585	3.0381	4.719	0.93829	0.60902	2.8202	1.0506	4.1193	0.27601	0.53772	1.3656	9.3677	1.3344	6.321	2.2134	0.87418	0.047311	1.0807	0	0.12061	0.1009
RS_G6333__CBFA2T3__CBFA2T3	1.8336	0	5.3611	7.1927	0	5.2837	1.1064	0	0.54497	5.7199	0	0.42865	0.090715	0	0	0.23609	0.50007	0	0	9.1725	6.5271	5.0922	0.18912	0	6.2349	0	0	0	0.1218	2.368	0	7.6543	6.4261	0.30966	6.7696	1.3786	6.3594
RS_G1317__SEMA3A__SEMA3A	0	1.446	0	0	4.8682	0	0.22776	5.911	0	0.55754	0.085551	5.9332	2.6768	1.7369	0.55589	0	4.2407	4.3885	4.1137	0	0	0	1.2805	5.4226	0.046512	0	0	0.32428	0.92652	2.2665	0	0.83084	0	0.066364	0.13429	0	0
RS_G16005__AC132938.1__AC132938.1	3.3968	7.0684	3.238	3.177	1.1178	3.9758	3.6169	3.755	2.6302	3.0794	0.23316	1.5437	0.9469	1.9486	2.0463	2.4857	1.3451	0	0.74679	4.6038	4.1822	2.4883	3.0345	0.95226	4.3185	3.5446	4.409	2.2798	1.0105	1.6071	1.2745	4.283	2.2745	2.2512	9.0349	1.0272	10.1017
RS_G21888__SLC44A4__SLC44A4	10.1997	2.5993	3.2179	3.4584	0.35858	1.975	0.68161	1.0928	1.3355	1.6234	1.0694	0.30153	1.3511	0.95468	8.2946	0.2895	0.70528	5.6633	0.79152	1.3571	1.618	5.8168	4.6087	0.18325	5.3455	5.4773	5.7888	0.4787	1.0129	2.6885	1.277	2.3329	4.2833	3.1405	8.7733	8.0261	7.8269
RS_G7__CFH__CFH	1.2601	0.21358	0	0.12495	6.8359	0	0.20366	5.8212	0	0.86297	0.11269	5.1026	0.50616	6.0005	0	1.4161	4.6605	6.9368	6.3026	0	0	0.24742	0.19249	5.7137	0	0	0	0	4.5765	1.5146	0	0	0	0	0.17597	0	0
RS_G14028__SUSD5__SUSD5	4.1374	0.2278	1.652	1.4189	7.4136	0.79899	3.8409	6.9339	2.5299	0.95948	0.80769	2.9449	2.9382	3.1619	1.2317	4.0329	6.9944	0.6891	4.6281	0.52125	0.29324	2.9912	3.0817	7.5128	1.1616	0.81957	1.4101	6.1608	1.8309	2.0915	0.27212	3.4141	3.0074	0.36284	0.075385	2.5544	0.35588
RS_G7026__NGF__NGF	0	0	0	0.44039	8.2263	0	1.5055	5.462	0	0	0	5.0698	3.456	0.41902	0	7.7309	6.0518	0	7.9757	1.5749	0	0	0.80236	4.6169	0	0	0	4.7581	0.80466	3.6174	0	0	0	0	0	0	0
RS_G8221__CDH11__CDH11	0.79052	0.19957	1.1551	0	8.6171	1.5558	5.8768	8.8783	0.1995	0.15665	0.46098	2.9491	6.0302	4.7511	1.4071	2.1427	5.2153	0.78652	7.7193	0	0.078446	0	0.063857	7.6977	0.12672	0	0	6.0073	0.74857	0	0	0	0.55314	0	0.40122	0.17606	0
RS_G19176__ITGBL1__ITGBL1	0.16651	0	0	0	0.20264	0	4.0493	0.68818	0	0.28041	0	4.3601	7.3595	0.1923	0.54398	0	6.5539	0.69579	6.9503	0	0.29988	0	3.9306	6.4769	0.052559	0	0	6.6087	4.4647	1.0651	0	1.5074	0	0	0	0	0
RS_G13234__AC135457.2__AC135457.2	4.438	5.5184	2.9816	4.176	0	4.1144	0.57084	0.81969	8.4437	3.1298	0.76268	0	0.3818	0.91582	3.4289	0.58332	0	0	0.90435	1.9106	3.1711	4.0342	2.8411	0.1258	6.1146	7.5507	4.8409	0.23253	0	0	0.80114	3.9769	3.6333	0.091365	6.1201	3.6195	5.5207
RS_G6326__AC006273.1__AC006273.1	4.7058	0.44652	0	6.9571	4.8531	2.6603	1.0627	1.6414	0.52069	0.8433	6.875	3.8642	0.70315	0.67825	0	0.22203	5.498	0	2.1711	3.6612	3.7451	9.1647	2.0081	0.29709	2.1202	1.1253	0	9.396	1.41	3.9901	0	4.3873	6.578	1.3958	5.6514	0.64854	4.4249
RS_G2752__C13orf15__C13orf15	1.6778	0	0.2523	1.5405	1.0073	0	7.0141	5.6897	0	1.543	1.4384	2.3605	3.5916	1.9013	0	5.5066	1.8871	5.2724	0.83926	0	0.42973	0.44241	2.8603	4.7928	0.80035	0	0	0.40215	4.3445	2.0999	2.9343	1.478	0.3017	0	2.636	0	1.8022
RS_G12106__FBN1__FBN1	1.2014	1.8895	2.1102	0.65511	7.5586	2.1463	1.108	8.4746	0.6436	0.18388	0.66708	3.0923	4.1752	1.0146	0.74839	4.3982	6.9848	4.5742	9.8221	0.29333	1.5016	1.6413	0.80989	5.7106	1.3307	3.0962	1.224	5.4877	1.9859	2.2667	1.2437	0.29429	1.1637	0.74856	1.0261	2.1826	0.5397
RS_G807__CAMK2B__CAMK2B	2.055	1.083	4.9995	6.7296	0.2691	2.5981	1.3003	0.35965	1.7145	6.897	0.053428	0.80048	2.9125	1.3969	0.80405	1.2759	0.92393	0.20156	0.69563	4.7918	4.0117	6.9571	3.3654	0.35082	3.2641	0.38027	1.0315	0.54473	1.0781	0.79091	0.12731	2.5763	6.9971	1.1459	4.9143	0.13091	4.8944
RS_G1779__PTHLH__PTHLH	0	0	2.2732	1.8152	2.1658	0	7.2097	4.2484	0	0	0.32391	9.1068	2.3649	2.1959	0	2.287	1.3148	1.5258	4.0306	0	0.76599	3.356	1.957	0.83936	2.8815	1.3368	0	1.8976	0.5104	3.4073	2.0487	0	0	0	0.48471	0.2175	0
RS_G4911__TNFAIP3__TNFAIP3	3.4229	2.5241	1.0022	2.341	3.086	2.2536	6.0137	4.7093	4.1702	1.7707	7.0341	7.7645	7.6887	3.9834	3.1691	6.975	4.977	4.4333	6.6145	3.1333	1.8825	2.9038	2.0664	4.8906	1.4189	0.39628	3.774	3.5072	5.7983	3.8722	2.863	2.6747	2.037	3.7756	1.5191	2.5182	2.18
RS_G12004__RET__RET	1.3467	3.1518	7.9063	5.6597	0.87543	5.1853	0.89165	0.30187	8.0782	9.1389	0.31723	1.7701	1.0823	1.4569	2.1055	1.1764	1.548	0	0.10745	6.9421	7.479	8.4747	5.2297	0.99732	6.4964	5.759	0	0.32614	0.097243	0.14819	5.6052	2.6186	8.8377	9.2257	3.7588	4.0769	1.5535
RS_G11429__CXCL3__CXCL3	0.33948	0	0	0	3.4106	0	2.5204	3.2775	0	0	4.4838	3.1649	1.7437	1.4393	0	4.6319	3.5497	3.3576	4.5588	0.22001	0	0	0.6239	2.2938	0	0	0	6.9196	8.1321	2.8659	0	0	0	0	0	0	0
RS_G12120__LARP6__LARP6	4.2188	1.299	3.6514	2.9647	6.568	0.41765	5.2848	8.1059	3.3645	1.9411	9.7435	4.7567	5.4148	3.8387	1.199	5.773	5.0126	6.7561	5.8904	3.7507	2.9315	4.4766	4.378	6.7601	4.6908	0.67497	0	8.9712	6.2283	5.1701	5.3971	3.8833	5.3123	0	3.6215	2.1745	3.6772
RS_G3919__LIN7A__LIN7A	3.7677	0.35537	7.4724	5.0956	3.1116	2.128	0	0	3.2538	8.0213	0	1.175	0	0	1.5019	0	2.764	0	0.77667	5.0665	7.3978	6.8717	1.8961	2.4763	5.1648	5.2908	0	2.3303	0	0.58074	0	0	5.0376	6.0056	5.7957	1.178	0.54285
RS_G15547__GAS1__GAS1	0	0	0.20138	0.62347	6.8017	0.35442	3.9425	6.4901	0	0	4.9514	0	3.5582	1.1793	0	5.7523	4.7642	3.202	3.9524	0	0.34607	0.64055	3.8028	0	1.0246	0.98655	0	4.0824	5.0688	3.4259	0.80311	0.55514	0.12587	1.6805	0.66117	0.70183	0
RS_G9697__SACS__SACS	2.067	1.5539	2.7128	2.6618	7.5446	3.9356	3.7448	6.2877	3.522	2.4697	2.1369	4.2963	3.1799	3.5032	0.069102	3.8339	6.3153	2.2163	5.8931	1.7435	2.3215	0.95951	0.95544	5.6932	0.64456	0.83687	1.783	3.7786	3.1724	2.3061	1.7719	2.088	1.7195	0	1.5692	0.079871	3.5968
RS_G13241__LONRF2__LONRF2	3.7903	0.13384	4.3477	6.6943	2.2956	4.2931	1.4733	0.35575	5.1387	7.8064	0.33337	0.31323	0.59924	0.20636	0.11329	0.35946	0.8376	0.035217	0.26581	4.131	5.2239	6.7852	0.7994	0.66303	4.3186	0.070664	0.30533	1.1188	0.15278	0.089869	4.0044	3.3933	4.6452	0.23247	3.8043	3.1376	3.1669
RS_G7748__IFI44__IFI44	3.8056	0.59385	0.46246	6.1055	2.1195	0.30353	2.8333	7.1034	0.31583	4.6246	9.3298	6.5299	7.3962	6.8635	4.9226	2.6237	7.0366	10.8415	2.8004	0	1.098	2.4211	0.44083	6.4009	0	0	0	0.88563	5.9345	4.7341	0.59359	4.5095	0.20578	0.20695	1.2093	2.4246	0.41488
RS_G17577__P2RX2__P2RX2	1.3699	5.6587	1.7281	7.6192	0.25976	0.69501	1.6549	0.15633	5.106	3.9282	4.3574	2.5458	0.38581	0.63772	6.1438	0.69729	0.25811	0	0.54424	6.4267	5.6475	0.38942	5.1452	0.63987	2.6185	1.1863	4.2646	0.45772	0	0.71099	0	8.5345	6.106	0	4.7114	0.55388	5.3932
RS_G27296__IGHE__IGHE	0	6.9908	1.3543	4.0388	0	0.60738	0	0.51827	1.5466	1.1694	0	0.87206	0.6756	4.4599	0.58338	0.48354	0	0	0	4.756	1.6579	1.583	2.7019	0	1.3237	0	2.7515	0	0	0.68655	6.537	1.5464	7.9834	5.2637	4.3878	0	2.5552
RS_G1374__ACACB__ACACB	3.908	5.2688	3.2278	2.9195	2.2539	6.1215	0.62692	2.9029	4.272	2.6055	2.7762	2.8917	3.4241	2.2371	1.1644	2.6825	3.9113	0	2.0041	5.2458	6.5934	4.5103	5.2822	3.3443	3.3371	4.1871	3.6865	4.39	4.4947	3.4655	4.0283	3.3294	5.1162	7.1097	5.1677	2.1754	2.0258
RS_G12257__B2M__B2M	11.205	9.5507	10.0365	10.7284	12.7723	9.9151	11.1783	13.0887	9.4968	10.4742	13.8925	12.2174	12.0721	13.0742	9.3201	12.5616	11.9706	15.751	10.0038	8.7483	10.1023	11.7189	9.3765	12.5876	9.4284	10.1329	11.3537	9.1302	10.4107	10.8859	11.3149	11.3883	8.6614	8.7557	10.9148	11.7016	8.6662
RS_G920__BCAS1__BCAS1	6.6372	8.9475	11.0683	7.1505	0.93032	5.61	1.127	1.64	10.7186	6.2652	0.25653	0.51932	2.3365	4.0923	7.4486	1.1356	0.70967	1.8382	0.95512	8.6848	6.957	6.1282	6.1222	0.83247	6.1234	2.181	9.4061	0.49246	0.40769	1.9885	4.6113	6.1188	8.185	7.9615	7.2271	10.7575	7.9636
RS_G835__GNA15__GNA15	1.2334	0.21489	0.37624	0	0.43131	0	2.4189	0.77872	0.6554	0.32327	0.21659	8.3867	5.6862	2.9916	0.43841	0.54819	0.52322	5.7739	0.77707	1.0429	0	1.56	6.699	7.4091	1.7814	0.4093	0	0.58613	6.8932	7.4618	0	0.69439	0.16463	0.16969	0	0	0.4793
RS_G7308__CAPN9__CAPN9	6.4438	3.1332	3.5347	3.5598	0	1.0939	0.31269	0.32114	6.6264	0.27084	0.18039	0	0.54781	0.42803	2.2606	0	0	0.48368	0.58627	2.7745	2.9198	2.5747	3.4162	0	6.9213	2.4802	2.4484	0	0	0	2.8086	4.4383	4.2802	2.1151	5.3116	5.64	6.7046
RS_G16432__C1orf64__C1orf64	7.5817	5.6156	7.5603	5.6306	0	3.097	0.1454	0.9382	8.8167	1.8555	0.21876	0.25986	0.25555	0.15475	8.3654	0	0.16111	0.15095	0.4392	0.63111	0.17079	1.6817	2.3787	0	6.8421	1.2505	8.026	0	0.46451	0	0.096899	2.7013	7.8181	0.43084	6.8627	8.2468	5.9547
RS_G3155__CEACAM5__CEACAM5	7.7277	3.0865	5.2121	4.8633	0.070684	0.77155	0.33646	0.23729	6.8653	2.8689	0.19396	1.5222	1.9951	3.6506	2.6469	0.67372	0.38368	1.983	0.44479	4.5313	5.7591	1.2814	6.2762	0.25678	6.8029	0.24994	1.7276	0	0	0.66264	3.5968	3.7252	3.876	1.5839	4.8808	7.1634	6.2929
RS_G5781__OPRL1__OPRL1	4.534	1.6695	0.95283	4.2781	1.5212	1.6941	1.5183	0.62697	2.1401	1.4334	3.2103	0.3316	0.80273	0	0.79524	2.1467	2.3743	2.1919	1.2947	4.4101	3.2073	3.3572	0.86525	0.48697	1.694	1.73	1.6668	6.922	3.9209	1.6348	1.7889	1.0742	2.0271	3.0021	3.8285	0.89153	3.6366
RS_G3621__RASD1__RASD1	5.969	3.1449	0.68218	4.3604	1.2555	2.573	2.5312	1.9517	9.8031	1.1515	3.5046	3.8191	1.2438	1.4534	3.8761	1.8056	1.9539	1.1264	2.8615	6.7543	8.3099	4.2693	6.4316	5.2432	4.799	2.2009	1.6598	1.155	3.3133	3.1136	2.7128	0.32639	5.474	8.2312	2.5211	8.2593	1.6951
RS_G11441__TM4SF18__TM4SF18	0.063627	0.33303	5.7812	5.1303	2.4429	4.9049	7.7835	1.6684	4.4129	6.1745	0.21054	0	6.7182	3.4103	6.1319	3.3713	5.3957	3.9681	0.17964	1.3098	2.3027	1.2533	0.55321	8.1172	2.2255	2.2631	0	1.5581	0	0.24403	0.76783	2.6463	0.97751	3.4624	1.224	0	0.11762
RS_G7691__FXYD6__FXYD6	5.7685	2.1274	2.1789	3.8716	0	0.3027	5.739	1.3528	0.57647	6.4826	6.0859	0.24504	4.7351	0.27962	0.541	4.212	1.002	0.38471	0.17696	4.1257	3.1482	4.0237	4.4754	0	2.9596	0	0	1.1793	0.55351	0	0	5.0247	3.1366	5.0017	2.8838	1.1372	1.5806
RS_G7469__GATA4__GATA4	0	0.071455	5.0461	5.7202	0	0.15928	0	0.25613	0.24147	7.6513	4.2841	4.4421	0	0	0	0	0	0	0.17587	4.1894	0.48135	5.5359	2.3787	0.28015	2.9878	3.9039	0	1.7774	0	2.7153	0	1.8259	4.0538	0	0.86042	0.67276	0
RS_G19300__APCDD1L__APCDD1L	0.069099	0.73015	0.34728	0.1681	0.31255	0.46148	3.8937	5.4361	0.98939	1.19	0	2.4493	3.5305	0	0.56885	1.4309	3.6234	2.4928	8.2577	0	0.57933	0.32832	2.602	1.7279	0.46267	0	0	0	4.6435	6.2723	0	0.099032	0.21913	0.513	0	0.83621	0.34479
RS_G5897__C20orf114__C20orf114	7.2811	4.1593	6.4009	4.4106	0	0.79278	0.42508	0.85199	5.3667	1.576	0.63302	0	6.651	7.7517	0.67061	0	0.2615	6.3258	0.30149	2.4042	2.3954	6.6345	11.8817	0	6.9239	0.24599	6.1223	0	0.87411	0	3.1221	4.9933	9.8768	9.3686	8.9966	10.4025	6.0651
RS_G8867__TM4SF19__TM4SF19	1.6938	0	1.7121	1.2061	1.4021	0.82399	4.2581	0.71457	1.1425	1.0244	0.22523	8.02	5.4001	3.7259	0	1.5527	2.3795	3.6887	2.0732	0.4553	1.6893	1.6472	2.016	7.2146	1.4234	0.74831	0	2.859	3.8026	4.2	1.1632	2.8123	1.6337	1.4954	0	1.3337	0.63044
RS_G6090__GNG11__GNG11	0.71502	0	0	0	7.1496	0	0	5.5049	0	0	0	2.63	1.1777	0	0.46383	4.103	4.6713	3.4475	7.7723	0.67123	0	0	1.3968	8.221	0.46116	0	0	6.0924	3.2617	2.8833	0	9.7098	0.34563	0	0.65578	2.3835	0
RS_G4436__CCL20__CCL20	1.9698	0	0	0	0.92801	0.95898	0.82603	1.8539	0.57533	0	9.1032	2.6324	1.6539	0.51556	0	6.5061	0.53131	1.0229	0.60805	0	0	0	0.45769	0.90037	0	0	0	0	6.4299	3.4352	0	0	0	0	0	0	0
RS_G15160__THBD__THBD	2.1121	3.0337	1.9883	4.929	0	3.8626	0	1.4846	0.37671	2.3226	0.27449	6.4554	0	0	0	0	0.1815	0.17079	1.0032	5.1053	4.1804	6.4552	2.5167	4.9336	6.3586	6.7423	1.4443	7.6701	3.2897	6.9106	0.26966	0.40369	3.3066	0	3.7341	0.62202	0
RS_G18787__SERPINB2__SERPINB2	0	0	0	0	1.1115	0	3.2226	0	0	0	0.68625	8.935	7.0426	1.6439	0	3.9413	0.41102	8.0819	6.2158	0	0	0	0.75171	0.56362	0	0.38777	0	0	4.3306	4.8748	0	0	0	0	2.543	0	5.4605
RS_G10801__S100A1__S100A1	12.2539	5.1734	4.3125	8.846	2.2497	10.0502	6.8321	2.8645	9.8429	7.3739	5.4273	1.8777	3.0618	1.939	10.6979	5.2693	4.0757	5.6141	3.2969	6.1014	4.2464	4.4537	9.6898	2.9113	5.8621	4.0999	5.1531	5.5304	2.123	4.343	5.0315	5.96	8.354	8.4907	3.8626	11.8033	2.5385
RS_G11215__EN1__EN1	0	1.6203	1.7416	2.0997	3.3363	0	6.9753	4.5556	2.3857	0	6.6847	4.0274	2.9926	1.3909	0.92511	6.7749	1.863	2.198	4.1982	0	0	0	4.627	0	0.12776	0.30582	0	5.4291	7.244	1.2845	0	0	0.33268	0.69571	0	0	0
RS_G13933__SNCG__SNCG	10.7928	7.9446	1.5171	9.3345	0.56038	7.4267	0.49198	0.6228	8.4757	3.676	0.52156	7.4115	0	8.29	3.1888	5.7251	1.1233	6.6394	2.0984	6.6334	1.9549	5.39	10.4681	6.7702	9.2171	0	6.2318	0	5.2603	9.4602	9.511	6.7271	12.5266	7.777	7.6609	10.2955	11.4412
RS_G13255__CDH2__CDH2	0.95252	0.11179	3.8179	3.037	9.5863	0.59708	7.9074	7.9637	0.065964	0	3.3876	4.6749	1.3151	0.59305	0.62312	7.3261	9.9603	0.65088	8.8508	0.061776	0.34768	6.7543	1.1428	0.95446	5.4598	2.9731	0	2.3343	4.6813	5.7937	0	0.64866	0.92462	0.1671	1.9772	0	1.4403
RS_G10636__AC140077.17__AC140077.17	6.4734	6.1038	3.6772	4.9298	6.3114	4.3628	5.7212	10.4706	2.8701	3.3701	10.9558	5.729	6.1452	6.4867	6.0287	8.6229	7.1547	8.5327	8.2138	2.1652	2.5573	6.7464	5.3674	4.1819	4.0261	2.353	3.5703	2.1811	7.9831	5.4752	4.4278	2.8825	1.3347	5.085	4.7804	2.871	2.011
RS_G17307__KRT14__KRT14	0.24717	1.1678	1.781	1.2666	2.595	1.5424	12.9384	11.6802	1.0895	3.3626	2.6226	13.5674	10.8786	2.5079	0.55228	9.1398	0	7.7913	12.0549	2.3875	0.29759	0.44893	10.8776	0.91201	0.29051	5.7017	0.54968	0	7.0103	4.5846	0.71452	0.85755	1.1256	1.4642	0.41714	0	0.5899
RS_G5313__TMEM156__TMEM156	6.3667	0.68625	0.25002	1.0743	0.22017	0.68688	2.7164	0.97297	2.409	0.55338	0.20704	4.3234	2.8657	5.3247	1.1203	0.23463	1.0467	4.5866	5.865	0.59194	0.50402	0.76171	1.653	7.439	0.65543	0.54852	0	0.21308	1.9252	2.0397	5.2275	0.75174	0.60236	0.23678	0.16554	3.3665	0.45639
RS_G7338__SERPINE2__SERPINE2	2.3994	0.79327	3.83	2.2086	10.1196	0.18958	7.4411	11.5894	0.28363	0.46684	9.8235	6.7055	2.8475	7.0236	0	8.1647	6.4473	2.5456	9.5902	2.7962	1.3238	1.0935	5.4003	6.5495	4.3532	2.126	0	6.0111	6.9672	5.6749	0	0.83906	1.3572	0	3.4753	0.39899	1.5784
RS_G7745__IFI44L__IFI44L	0.23732	0	0	4.5645	0.60514	0	0.99127	3.5141	0	2.0578	9.2152	1.5653	3.916	4.217	4.1907	0.47385	1.9555	10.2427	1.0245	0	0.60717	0.55766	1.1744	1.9467	0	0	0	0	7.3195	2.6778	0.41582	0	0	0	0	0	0
RS_G13254__IRX1__IRX1	0	0	0	0	0	0	9.066	6.4132	0	0	0.24446	2.8355	0.71958	0.25437	0	3.6235	3.7902	0	0.86673	0	0.14025	0	0	0	0	0	0	0	3.8275	0	0	0	0	0	0	0	0
RS_G12875__MFSD7__MFSD7	5.9134	5.9466	0	5.134	0.87243	1.5542	0.39831	0.27981	2.9756	3.974	0.50965	1.6432	2.5464	0.69369	0.24852	0	1.8338	0.32742	1.3851	1.148	1.087	1.8221	2.8234	3.1895	1.7338	2.1995	5.7598	1.462	3.5056	0.37387	4.665	7.7798	7.0837	0.33251	5.0269	4.7293	3.5491
RS_G6440__COL5A1__COL5A1	3.8517	3.1224	0.40165	5.4151	10.1958	7.0167	4.1353	8.0257	0.059076	1.7108	0.44888	3.3905	6.243	6.8198	2.7499	5.9398	8.5532	1.3704	9.4954	4.8717	3.0794	0.85124	2.9642	4.163	1.235	0.099041	0.20663	2.239	5.6444	6.5509	4.9687	3.6637	2.6721	3.7828	2.6056	0.60344	1.0735
RS_G3540__NEURL__NEURL	3.6573	1.604	3.2167	5.0826	0.12804	3.0672	0.56345	0.076146	1.6913	4.6273	1.1639	5.7313	6.2309	0.38961	0.35474	3.8044	0.50272	3.7048	3.6771	4.3433	2.5675	5.907	3.7849	0.48852	0.94156	2.459	0.2406	0.43683	0.82688	0.53848	3.1075	1.336	6.0556	0.8311	3.9368	1.033	4.0827
RS_G21898__CARD16__CARD16	0.84619	1.2359	0	0	0	0	0	0	0	0.4364	1.243	4.3336	2.7053	4.9938	2.0011	3.3761	0	7.5705	1.1067	0	0	0	0	1.5332	0	0	3.0494	0	2.3581	4.1815	3.8427	5.8372	0	0	0	0	0
RS_G9860__DAB2__DAB2	2.8095	2.6767	1.9608	0.84202	7.8425	1.0483	5.6917	7.6059	9.6164	8.572	3.2249	4.2838	2.5393	4.435	3.3926	5.0783	5.6126	6.3679	7.6893	0.22032	2.9612	1.2783	2.7123	6.6862	1.4309	0.99415	4.3122	5.9163	3.1804	1.1255	5.8937	2.6474	2.0384	1.2662	2.1991	6.9402	0.16587
RS_G5570__C20orf95__C20orf95	7.1527	5.7301	0.36922	6.5895	0	0.95995	0	0.53327	0	3.1196	6.5813	3.8441	4.4064	3.3533	0.32432	0	0.17468	1.2766	0.37972	0	0.4825	0.96841	5.9026	5.4557	7.0925	1.4186	5.6898	0.31651	5.4739	5.0249	8.2665	6.8861	10.0052	1.9227	5.7786	7.9073	3.3218
RS_G10280__RAB11FIP1__RAB11FIP1	7.6887	6.2778	7.0128	12.2859	4.5822	8.1106	7.2796	4.0893	8.438	8.7856	8.1977	5.5418	6.2577	5.6096	7.1473	5.7509	6.7727	5.928	3.3836	5.4681	6.386	10.7433	6.6273	5.9329	7.033	5.945	6.155	2.8408	4.7669	4.8767	7.8875	7.9949	6.493	6.6429	9.2453	7.1473	8.7531
RS_G8410__EMP3__EMP3	2.911	2.2536	0	5.4885	10.665	3.4648	8.5826	10.5314	2.4683	3.5154	2.9505	6.6359	7.2148	2.5904	2.7206	3.8705	10.036	5.246	12.2115	4.767	4.5667	2.7647	3.9866	11.253	3.255	3.7386	1.1597	11.5916	9.0071	8.949	4.0601	3.8818	2.6646	3.4737	3.7137	2.9148	1.0148
RS_G28095__AC084880.12__AC084880.12	2.6458	0.39162	1.7242	6.5075	2.0128	4.2328	0	0.47769	0.8068	5.5432	0	1.422	2.6796	0.4027	0	0	0	0	1.578	5.5496	2.9325	3.2725	0	0	3.729	0	0	0	0	0	4.0225	0.48828	6.5179	0	3.7538	0	1.8171
RS_G10186__RAB39B__RAB39B	0.38428	0.62376	0	3.5463	3.185	0.29144	1.5096	0.46077	2.1624	3.4233	0.2595	0.43834	0	0.14128	3.7832	1.1671	0.80855	0	0.24693	3.8003	4.4548	5.2678	0.23737	0.13887	0.7854	0.37994	0	7.1328	0.53598	0	0	1.1418	4.4134	0	4.9092	4.0183	2.3891
RS_G12262__NNMT__NNMT	8.5516	2.0132	0.48442	0	9.4448	0	1.147	7.6778	0	0	1.6205	1.4637	5.9883	7.7288	0	5.9076	6.1323	8.4278	6.7404	1.7656	0	0.46256	3.0779	0.7415	0.55533	0.52928	0	9.0646	10.6571	6.8006	9.2782	0	1.7073	1.4987	0.22668	0.18146	0
RS_G6428__OLFM1__OLFM1	6.1853	1.2059	5.2618	8.8231	5.7987	8.0377	3.4766	6.4622	0.27506	8.5601	4.7135	0.70135	0.61996	5.9175	0.25648	5.9528	6.0875	0.12153	0.68657	7.6818	6.9156	8.3574	4.6574	0	6.3923	0.44053	0	0.92765	1.374	0.62473	2.8874	8.5529	8.6067	0.68601	8.172	0	7.3426
RS_G11080__DNAJB4__DNAJB4	5.2481	2.6683	2.103	2.8453	9.2845	3.4604	3.6926	7.1968	4.45	2.7546	4.4632	4.5992	3.4336	4.2361	2.4822	5.9018	6.3162	5.4822	6.7432	1.3773	2.6579	4.1523	2.2465	5.9448	1.8261	2.2012	3.7086	3.9964	3.852	4.099	3.7067	1.7083	0.85314	3.3767	3.1523	4.5721	0.8945
RS_G18751__COL4A6__COL4A6	0.67594	0.13292	0.082024	0	2.7738	0.18736	0.39431	0.12632	0.04069	0.15342	0.06856	5.2708	4.3231	2.4073	0.27736	0.8942	3.3987	0.59125	2.8252	0.45164	0.87533	1.2266	1.004	0.68802	3.537	2.2581	0.099219	0.63428	4.2757	5.7836	3.0149	3.9285	0.34172	0.41123	0.38657	0.088037	0.43794
RS_G11256__SPRR3__SPRR3	1.7298	0.23122	0	5.638	0	0	0.98659	0	0	0	0	2.728	4.5123	3.2536	0	0	0	0	0	1.1027	0.83238	0	6.4478	0	0.45042	0	0	0	0	0	1.7475	0	2.2911	1.5011	2.7222	0	0.6426
RS_G22653__SERPINB5__SERPINB5	5.5773	0.48724	1.0519	0.8082	0.37229	0.20657	9.0874	5.7456	0.71494	0.39411	6.5654	9.9021	7.8999	8.3625	0	8.4593	3.95	8.3206	0	0.66939	0.37159	3.6119	2.6496	0.27736	1.948	1.6061	0	0	7.6307	8.0227	7.3521	1.3471	0.13854	0.073184	1.1275	0.23219	1.3386
RS_G1762__MMP2__MMP2	0.4728	0.51784	0.16333	0.14627	1.1858	0.21659	6.7222	10.4729	0.2313	0.53378	1.1497	4.3334	3.1849	4.7367	0.71871	0.74091	5.5154	4.458	10.0294	0.50701	0	0.15291	5.9153	0	0.47804	0.67254	0.71178	8.0913	6.8538	5.4073	1.6774	0	3.3427	0	0.5521	0.75427	0
RS_G12795__NPNT__NPNT	7.6213	2.5915	4.7165	6.7604	0	9.7292	6.8894	0.69471	5.5643	11.2166	9.5247	2.0807	6.5407	4.0569	8.8576	6.2473	0.95379	7.1449	0.13153	7.0112	6.9973	6.7223	3.7574	0.55913	6.476	7.469	2.3733	0.20857	2.0193	2.6366	2.0589	3.9583	5.7569	6.1796	7.4204	7.3885	3.5592
RS_G4919__CTGF__CTGF	9.505	4.4992	0.78195	1.8219	12.8527	0	8.7089	7.2404	1.2136	1.2462	8.3956	5.4822	6.3887	7.5308	2.5085	10.7526	9.5522	5.6891	12.5646	2.5154	1.758	0.22651	5.5647	10.5691	3.2516	1.4824	4.5607	6.2663	7.3857	5.3545	6.591	2.1019	4.4628	6.6375	1.8454	7.6532	1.1337
RS_G692__DKK3__DKK3	0.44322	0	0	0.54068	8.236	0.18041	2.3601	6.9924	0	0.99415	0	5.0446	1.443	0.084903	0.33102	3.855	7.9864	1.2245	6.1166	0.81839	0	5.6363	1.0711	3.1985	0	0.7714	0	6.645	0.60379	5.2981	0	0	0	0	0	0.45814	0
RS_G17280__FSCN2__FSCN2	3.3651	0.14309	2.1833	3.9111	2.8483	1.8836	3.1352	1.6658	0.45642	3.1395	1.1291	0.46463	1.209	0	3.3092	0.69383	0.6566	1.3247	2.9367	5.0988	3.3494	3.4236	4.4486	0	4.1923	3.7905	1.3597	4.1766	7.3988	1.7912	0	4.2797	3.9422	1.9776	4.0247	2.4064	4.0397
RS_G9624__KCTD14__KCTD14	1.3345	0	1.3939	0.15538	1.2875	0	1.4303	0.82766	0.44881	0.39689	4.2721	6.4763	4.9359	1.9413	0.53673	6.991	6.1103	3.674	4.8691	0.92268	1.2413	6.1017	6.5793	8.2157	0.66947	0	0	1.3039	0	0.7793	2.9725	2.6382	0	0.21085	0	0	0.41275
RS_G16329__AC005332.1__AC005332.1	1.4126	6.8891	0.52114	0.61053	0.59991	4.3973	2.5319	0	3.8846	3.0082	0.29172	0	4.0142	0.87419	1.029	1.9266	0	0.30182	0.9157	3.5412	1.9513	1.7228	4.6396	0.58014	2.4085	1.8568	3.5274	1.8698	1.0444	0.87371	0.51986	4.1958	3.3993	3.6659	1.2154	0.93769	1.6357
RS_G7114__DSC3__DSC3	0.49573	0.39677	0.62504	0.63213	0.2795	0.3894	7.5985	4.3602	0.60605	0.84273	0.60086	5.608	7.081	1.5077	0.72148	0.39204	7.2272	8.0574	1.0849	0.31427	0.28104	0.81509	3.5073	0.35268	0.20643	0.58525	0.098493	0.32785	5.5162	4.2751	0.20067	0.45929	0.40609	0.22293	0.80168	0.81169	0.44014
RS_G6735__POPDC3__POPDC3	0.57665	0.54819	0	1.155	5.5701	0	5.6997	0	1.7365	1.6638	9.4619	5.2097	3.2583	5.1209	0.49723	5.0981	5.9485	5.433	2.9252	0	1.0232	0.71731	3.294	5.9295	0.20004	0	2.4234	4.7089	4.6043	3.2768	6.8346	0.44169	0.34616	0	0	0	1.6355
RS_G2659__SYP__SYP	3.41	2.907	4.3066	4.8543	4.6996	2.4778	3.804	2.9368	6.3522	5.1021	3.8879	1.251	3.4948	2.1223	3.2776	2.2882	1.6438	1.1754	1.3775	2.8633	3.5283	8.5045	4.247	2.0866	3.5634	2.0984	3.6742	3.4633	2.7889	2.2011	2.4082	4.2616	8.0014	3.9985	5.6485	1.7103	5.9906
RS_G1589__PGR__PGR	0	0	5.8141	4.6073	0	5.1131	0	0	0	6.0643	0	0	0	0	0	0	0.29135	0	0	5.3098	2.2482	2.7384	0.085527	0	4.3203	0.097528	0	0	0	0	0.84492	7.8522	6.9785	0	6.2611	0.1234	0.35204
RS_G5632__POF1B__POF1B	3.5829	2.9715	6.5667	4.6059	0	3.611	1.8493	0	5.1177	8.4924	0.11745	1.93	0.5287	1.2403	3.8408	0.74799	0.9373	5.002	0	2.5362	5.5091	2.4432	0.41607	0	4.135	0.95867	2.3599	0	0	1.5172	1.4106	1.9519	0.56039	5.9889	5.3682	0.57793	2.3153
RS_G14507__AL133445.4__AL133445.4	3.9862	4.92	6.1168	4.9254	0	3.5289	0.34141	0	2.9907	0.73593	0	0.82434	2.311	0	0.95206	0	0.69544	1.8332	0.44594	2.7258	3.3483	6.6989	2.2186	0	2.881	3.5843	2.2355	0	0.72157	0.58825	0.76526	5.1359	4.5022	3.9357	2.6906	1.8349	0
RS_G13967__SAA1__SAA1	5.8686	2.466	0.66682	0	0.60947	0	5.8748	1.1505	0	0	7.8222	2.818	8.6219	3.2463	0	8.7643	1.3519	8.9175	0	0	0	0.35353	0.28384	2.3174	0	2.2873	2.3878	0.9773	9.2618	9.6673	1.97	0	0	1.6658	2.2783	0	0
RS_G45__SLC7A2__SLC7A2	2.2979	5.257	6.0287	7.8315	0.033499	8.2847	0.21791	3.4194	4.3532	8.2226	3.5612	3.5354	0.61206	0.31931	5.4064	0.37847	1.1688	0.031074	6.2103	6.5939	10.1412	1.0726	2.6761	5.3274	3.6823	0	0	1.1459	2.7482	0.46914	1.0828	0	4.9194	0	8.416	0	7.9142
RS_G17946__SBSN__SBSN	1.9388	3.1448	0.52859	1.4897	2.4916	0.49703	2.2271	6.162	0.70795	2.5177	0.92766	0	4.1818	2.9815	2.0545	2.7617	5.2222	2.5925	7.2725	4.2779	0.48448	1.4125	5.2712	0	1.0301	0.79145	0	2.6291	2.7459	5.4825	0.5273	1.5102	0.73069	2.2246	0	0	0.37031
RS_G11434__CXCL1__CXCL1	1.0875	1.8352	0	0	5.3309	0	8.0658	0.61499	0	0	4.5999	5.3273	7.1028	0	0	0	6.9455	7.0971	0.62898	1.7424	0	0	1.549	4.7342	0	2.9947	0	7.5646	12.5421	4.2032	0	0.63488	0	0	0	0	0
RS_G3929__WNT5B__WNT5B	0.17786	0.10307	1.1297	1.7302	8.87	0.74258	6.8221	4.4856	4.0543	1.1046	0	1.3045	5.6642	0	0.72298	6.0588	4.6812	7.2372	8.6155	3.7836	1.3629	1.0212	4.5464	6.5414	0.86647	0.68258	0	7.6602	1.0118	2.4135	0	0.36393	0.63445	1.4996	0.77869	0.13299	0.87589
RS_G17087__KRT5__KRT5	0	2.3682	3.2544	0.87342	2.2491	1.3894	13.5262	9.5837	1.8734	1.1887	4.0154	14.3688	13.5652	7.6892	1.3019	10.3691	4.1397	12.707	1.2187	4.3174	1.3229	0.60193	13.9607	0.83413	2.4598	5.6981	3.0627	2.8132	13.5919	14.182	8.7706	0.4696	1.6355	4.0164	0.16138	0.81787	1.5571
RS_G18160__AC110754.4__AC110754.4	3.9514	0.83267	6.4627	8.8805	0.22701	6.9764	1.6741	1.5048	2.9835	9.6862	2.0801	1.2005	1.0817	1.1314	1.2745	1.6006	1.8395	0.67116	1.6999	9.1222	7.6365	6.6115	1.3	1.7317	8.7503	0.67996	0.52524	1.0029	1.9295	2.3357	2.9101	7.4037	8.649	0.68639	8.6863	2.1864	4.9591
RS_G2495__BMP7__BMP7	0.16836	6.9255	10.0501	6.3611	0	2.0604	5.351	3.0984	8.6894	4.3807	4.587	3.1715	7.535	3.4675	0	6.6048	4.2437	0	0.6962	11.1485	8.2041	2.153	8.3532	0.37066	5.0916	0	7.9847	3.247	0.39782	1.2355	4.2213	2.7631	7.1515	10.4801	5.1115	0.34651	4.2664
RS_G21531__RAET1G__RAET1G	2.8144	2.9198	0.47879	0.54993	1.5764	0.57314	2.3707	3.0707	2.3424	1.2131	1.9137	2.2095	4.5472	2.9135	2.2515	1.926	1.1822	3.9902	1.8867	2.2481	1.3469	1.073	3.1325	3.5775	1.9008	0.51649	3.4867	1.5783	5.3644	7.7615	3.7997	4.5337	4.51	1.403	1.2429	1.4779	1.1426
RS_G3659__HSD17B1__HSD17B1	5.8365	2.4827	4.4911	5.7119	4.0726	5.4731	3.7446	3.268	6.922	7.5683	4.2638	3.3437	4.3834	3.8508	4.5426	4.2272	3.9286	3.54	4.533	5.73	4.4391	4.5804	6.3999	4.764	4.834	4.7038	5.4724	6.7728	4.8417	4.9203	4.1527	9.086	10.6507	7.7076	5.8783	3.3506	4.547
RS_G13477__EGFL9__EGFL9	0.35305	1.0213	0.17399	0.30014	7.0141	1.1287	6.5699	1.9639	1.6324	3.5774	4.4184	6.5339	5.819	1.846	0	4.6749	3.1119	2.0049	4.3364	3.4908	1.4514	1.356	2.8469	4.4761	2.3108	2.1277	0	7.3809	3.9582	9.0993	6.445	4.0929	3.8002	2.2332	1.9344	0.18287	0
RS_G10165__DEPDC6__DEPDC6	5.8259	6.1946	7.7825	6.0532	2.4574	5.8304	3.868	5.2335	6.7933	6.4623	4.9882	0.51319	3.5353	4.7511	5.9438	3.252	2.4528	5.9295	7.3951	4.8614	6.0803	6.7226	5.9242	1.9036	6.7617	6.0819	5.9379	4.7027	3.6608	2.335	3.9324	5.5378	6.7571	5.7114	6.0442	10.5415	4.9031
RS_G12350__NKX3-1__NKX3-1	4.0111	3.0421	4.5967	3.2193	5.9168	0.20679	3.4163	2.8754	8.2383	2.2197	2.5014	4.5082	5.0436	4.5614	0	2.108	3.6481	2.9619	4.6247	2.6249	2.2666	4.0113	4.4838	5.0431	1.9725	0.74777	3.6696	4.5496	2.7666	4.7663	3.8792	4.0238	4.3938	2.8566	2.1251	0.76005	2.5927
RS_G5077__IFIT3__IFIT3	3.5073	0.42614	0.71146	5.6835	4.0217	0.75143	2.7317	3.1272	0.27072	3.3751	11.1729	5.7703	7.0085	6.9943	4.9036	1.7564	4.5726	10.4635	5.107	2.2909	2.3899	3.8418	1.6975	7.6113	0.82931	0.76318	0.59164	2.3992	5.1299	4.7129	1.908	4.7428	0.32613	0.65473	0.87193	2.3262	1.4226
RS_G9162__DOCK11__DOCK11	3.3426	4.0267	4.5375	2.7208	2.7024	0.34024	4.3328	7.4494	1.6849	1.788	2.5667	0	0.62431	2.1951	3.8459	3.5739	4.3665	3.7025	2.4927	0.82007	0.63048	0.53452	1.5889	3.9354	0.34761	0	5.9918	2.511	1.8637	0.74991	1.3172	3.7762	1.6867	1.3077	2.228	0.61901	2.1907
