Cell lines	600MPE	AU565	BT20	BT474	BT483	BT549	CAMA1	HCC1143	HCC1187	HCC1395	HCC1419	HCC1428	HCC1569	HCC1806	HCC1937	HCC1954	HCC202	HCC2185	HCC3153	HCC38	HCC70	HS578T	LY2	MCF7	MDAMB134VI	MDAMB157	MDAMB175VII	MDAMB231	MDAMB361	MDAMB415	MDAMB453	SKBR3	SUM1315MO2	SUM149PT	SUM159PT	SUM185PE	SUM52PE	T47D	UACC812	ZR751	ZR7530	ZR75B
Response	1	-1	1	-1	1	-1	1	1	-1	-1	1	1	-1	1	1	1	1	-1	1	-1	-1	1	1	-1	1	1	1	-1	-1	1	1	1	-1	-1	-1	1	-1	-1	-1	-1	1	1
EA_G__LOX	4.0749	4.3528	4.0982	4.4889	3.8604	11.8002	3.914	6.6246	6.7898	7.5504	3.5531	4.0064	8.533	6.0924	5.0426	3.8545	4.5193	6.5508	7.0379	9.1134	6.2016	11.1703	4.2671	4.1135	3.8759	8.062	4.1215	7.2851	4.4892	3.6242	4.1681	3.9021	11.4184	9.062	6.3026	3.8599	4.396	3.8898	4.255	5.2499	4.1958	3.5707
EA_G__PGM1	7.8898	8.6544	7.9477	6.894	5.8824	8.622	4.6605	7.3383	10.4094	8.5205	6.1105	6.4397	8.8014	7.6357	8.8727	8.9912	7.0929	7.8702	8.6363	7.5637	9.1468	8.202	6.5508	6.1904	7.3897	7.7642	6.6494	8.2013	6.8272	5.1604	7.7994	8.4064	8.5244	9.113	8.4196	4.5141	8.3836	7.488	8.3279	8.1875	5.9426	7.4485
EA_G__CCND1	10.5395	9.3268	8.6418	9.3457	9.8957	7.3944	10.0676	11.4027	8.7569	8.04	9.2783	9.2807	5.4172	9.3223	9.806	10.8656	7.3837	9.2462	8.0863	8.1412	8.9279	9.0659	9.317	9.3855	11.9805	8.5732	9.7956	9.4326	9.5072	10.9368	9.1561	9.1446	7.8095	6.6524	8.9671	8.6034	8.793	8.0185	8.4978	8.9741	9.8223	9.6589
EA_G__LDHB	5.2705	9.9549	3.3443	6.5869	5.9575	10.2955	3.0453	10.7181	11.0786	9.4898	2.9818	6.978	11.0733	10.9666	10.7587	2.5138	3.7516	10.4313	10.2146	10.8921	8.2479	10.3377	3.5445	3.0401	2.8244	10.252	10.0613	11.1245	9.6888	9.633	3.417	9.8014	10.5553	11.0504	10.9831	2.989	10.1744	5.3941	7.9447	2.9497	3.5765	2.7444
EA_G__LIX1L	7.0503	6.1563	6.3021	6.3732	6.1186	8.7243	6.1524	6.3183	7.1465	9.297	6.3577	6.1008	8.1997	7.2702	6.291	7.1682	6.1362	5.8085	7.3612	8.4933	7.499	8.3386	6.4769	6.4167	5.9297	8.6126	6.3139	8.6972	6.1507	5.6465	7.0801	6.2616	8.5432	6.7169	8.4945	6.0937	6.4799	6.6102	7.8906	7.1669	6.3495	6.7312
EA_G__IRF6	9.1696	8.0282	7.5604	8.1633	10.1843	3.8128	9.1797	10.0554	6.7037	4.5638	8.2055	9.4594	8.5462	9.872	9.6737	8.8168	8.5601	8.441	8.7425	4.26	8.7031	4.1966	7.1606	7.4177	8.6837	4.2715	8.9155	4.6084	8.7099	9.4025	8.2687	8.274	4.6999	8.2688	5.0442	8.089	9.079	8.3038	7.8424	9.1979	8.1744	8.3068
EA_G__CORO2A	8.836	8.192	6.0528	7.6983	7.9726	6.1212	5.916	7.1036	5.3988	5.5632	7.6917	5.9273	6.9104	8.3333	8.0255	7.9177	6.5271	7.2362	8.2172	6.5257	6.9419	5.259	7.272	7.2688	7.7225	7.9547	8.5228	6.7366	7.9694	7.9375	7.3518	8.5669	5.6086	6.7998	5.6645	9.9395	7.8776	7.0397	6.8073	7.5325	8.6257	6.9546
EA_G__NPNT	9.7175	4.796	4.7201	6.5012	7.8917	4.441	10.7625	8.1607	5.8982	4.3833	7.3872	11.8091	11.6626	5.0469	8.443	5.5542	10.1728	8.6324	7.036	4.1383	8.539	4.1836	8.3548	8.2778	7.9445	9.2354	8.4311	4.3101	6.7171	10.0655	8.3994	6.4436	3.8952	5.0532	4.2828	7.6355	5.7851	6.7138	8.0511	6.9318	8.2562	6.0306
EA_G__TSPAN15	10.7984	9.8778	9.8263	10.9843	10.8123	5.9455	9.6871	8.6585	7.7059	7.1726	10.0108	11.304	6.5389	8.5996	8.2911	9.3744	10.6364	10.3737	8.5205	6.7083	9.9074	5.7659	10.1381	9.8403	10.1996	8.4957	10.7309	8.9092	9.9043	11.0955	10.7178	10.8031	5.8294	6.72	5.9083	10.8783	9.7656	9.5826	10.1287	9.2614	10.8014	9.4224
EA_G__PLAC2	7.092	6.5212	6.272	6.2707	7.6406	4.6991	6.5129	6.0206	4.7126	4.7023	7.6164	7.0925	4.4729	4.9591	5.5125	5.7204	7.5466	6.3614	5.0401	4.0759	5.545	4.6795	6.094	5.7331	6.3838	5.7395	8.3496	4.412	7.2278	5.4979	5.6125	7.2238	5.2128	5.3025	5.0216	6.6899	6.1706	5.5055	7.3122	5.5028	5.6993	5.7836
EA_G__TMEPAI	9.0313	7.6306	9.859	9.54	8.6064	6.2846	7.0365	9.0017	5.6839	8.1741	8.9912	5.7617	5.8511	7.0375	8.3055	9.528	7.79	7.3319	9.8654	7.7737	7.5938	7.1114	7.2926	7.102	7.431	8.911	8.2193	5.7113	7.5478	8.244	8.6251	9.7532	8.1357	8.1942	6.3423	8.011	7.8324	7.4014	8.2315	7.8687	8.4551	6.9058
EA_G__TP53	5.7292	8.0697	9.7741	9.491	8.7114	11.1255	9.1072	10.6802	10.468	10.2335	7.4818	9.4006	6.1339	6.8536	6.3833	9.6285	5.7556	9.4924	6.6471	9.2941	9.5478	8.7205	9.1675	9.6663	8.1214	6.0538	7.9739	9.074	6.9703	8.6801	7.4081	8.8461	9.8908	10.5753	8.4554	6.6962	6.4265	9.2768	9.1729	8.2932	7.9919	9.1528
EA_G__OGFRL1	7.2907	6.8486	7.834	7.3162	7.3684	9.7312	8.3226	8.0075	6.7988	7.4392	7.7099	6.852	10.0646	6.5605	8.1751	4.3906	6.5829	7.2933	9.4914	8.5394	8.5703	6.9298	6.4392	7.7643	5.8689	6.9108	6.5117	9.3618	7.7996	7.9517	7.1129	7.0535	7.7615	8.2585	8.8917	7.1307	7.4452	7.4045	6.5472	7.6576	5.8638	7.6894
EA_G__FADS1	6.6433	4.7141	7.2546	9.5956	7.4039	10.1515	7.5281	8.2598	7.0575	9.9309	4.0972	5.4088	10.6542	8.1857	8.0502	5.5901	8.3366	7.0268	4.6587	9.6457	7.7037	9.4569	9.3974	9.182	9.1142	8.5065	8.1467	9.8587	8.5301	8.809	7.6383	4.5228	9.4392	10.2821	8.8653	9.5297	7.2535	8.3505	8.5121	6.6254	5.0381	8.136
EA_G__KIAA0040	7.8069	7.4789	6.7956	8.0575	9.0121	3.8	8.4048	6.4704	6.2146	3.5663	7.7336	8.3521	5.6685	8.0741	7.745	7.301	7.8004	6.8134	6.2849	4.5853	7.7369	4.0879	6.7133	6.7455	8.3812	4.2463	7.4731	4.9457	6.8716	7.5622	7.7957	7.5472	3.741	6.2459	5.6792	7.6424	8.7967	7.0601	8.0289	7.7549	8.2758	6.7365
EA_G__ZNF704	8.1814	9.3051	6.5403	8.2384	7.2142	4.6263	7.3683	6.9108	5.7166	5.1148	7.714	7.8754	6.5857	6.0118	7.4215	7.6123	7.917	7.4168	6.6064	5.3602	5.9619	7.0056	6.1707	6.1659	7.581	6.3429	7.9101	6.0438	7.7515	7.6132	7.9124	9.7141	6.9534	6.0965	4.8082	7.1864	7.8858	6.9934	6.9613	6.6039	7.7062	6.1979
EA_G__GPC6	8.3368	5.2551	4.4569	6.8	5.0495	9.0123	4.7442	4.3087	6.5718	8.945	4.5946	4.1006	6.0218	4.8739	4.4389	4.4799	5.7421	4.4908	5.9704	4.2831	5.1637	6.0209	4.8017	6.1451	4.8363	7.2289	6.1916	7.6645	6.1978	7.2523	5.4376	6.4679	8.5176	7.5338	5.8199	6.0088	5.049	6.9786	7.843	4.9643	5.5088	5.792
EA_G__ITGB4	9.418	7.3332	8.8243	7.8922	8.1546	5.7337	7.0904	10.1247	6.484	5.9644	7.864	6.0882	5.9289	10.2166	9.0775	8.5747	8.0231	7.4495	9.6808	6.7261	7.8758	5.8132	8.5065	8.6437	6.3652	6.139	8.5657	6.5248	8.9223	8.0396	7.9167	7.2476	5.8777	8.0557	6.1008	9.5287	8.5534	9.0083	7.3635	7.4592	8.2976	8.1639
EA_G__ITGA2	6.9104	6.4964	8.3037	5.442	7.7695	3.3115	6.1343	6.6983	6.1472	3.8311	3.3803	8.3774	5.3914	8.9232	9.2308	9.3599	7.1064	4.8736	8.8171	3.6941	8.1488	8.2478	6.9961	7.4398	5.4654	3.6223	7.8104	7.9979	6.8769	8.4765	5.9977	6.6612	4.2884	7.1048	7.1423	8.9924	6.7438	7.0402	6.9343	6.9968	6.3228	7.1523
EA_G__MGLL	7.7165	7.2295	8.3992	8.6541	7.9368	4.8063	7.595	7.041	6.0224	5.8653	8.0135	6.6087	5.4336	5.7581	7.6977	7.7269	5.1934	6.9438	7.3096	4.7399	5.6524	9.3696	6.1239	6.2657	8.2713	6.4953	8.1495	7.8725	7.3578	8.234	5.9272	8.071	5.9211	7.4812	7.7816	6.6855	7.5269	6.4583	6.8535	5.9005	8.4773	5.7751
EA_G__CDKN1A	7.6223	5.6813	6.1515	6.4516	8.1183	5.5956	5.843	7.4914	7.5622	5.7902	6.163	6.0874	5.8016	7.2229	7.1044	6.6212	6.0946	5.4977	7.7513	5.5767	6.2617	6.6892	7.3846	7.4505	7.7351	6.1198	7.588	6.1107	7.3511	5.8232	6.166	5.8865	6.8653	5.5836	6.0481	6.6928	5.8646	6.8521	6.7727	7.4713	6.8509	7.7466
EA_G__SERPINH1	7.187	7.3958	7.8232	7.7554	8.1819	10.7772	9.6641	8.7474	9.805	9.8248	6.7306	7.0871	9.6875	9.2517	8.9848	7.9256	8.0142	7.8561	9.3818	8.8324	8.5792	9.3069	8.675	8.3777	7.6558	5.5225	9.4595	8.0429	8.1184	7.1842	8.3513	7.323	9.5428	9.1354	9.0903	5.519	9.2812	8.5007	7.8912	7.6511	7.2866	7.3851
EA_G__HSPC105	7.1909	6.9623	8.9808	4.4777	6.2217	3.9937	7.0203	7.6098	4.3205	4.1929	5.8378	7.6399	4.1374	7.6888	8.4153	8.0943	4.0362	7.941	7.1229	6.624	7.4965	6.7533	7.9488	8.025	7.2171	3.7539	6.6026	3.7506	7.8614	8.6276	7.1346	6.8813	4.2051	5.1318	4.1228	3.9704	7.0292	4.7833	4.1524	4.2759	6.1561	6.4941
EA_G__PFKFB3	9.6621	7.9244	7.8908	6.6838	9.3741	8.2089	8.0552	8.9725	5.1075	8.1089	7.8609	8.3339	7.9878	9.0054	7.8649	8.9064	8.3666	8.1253	8.3542	8.5225	9.0713	7.795	7.96	7.957	8.6256	9.0899	8.6078	7.7026	7.5088	9.4832	8.3941	8.5568	7.2366	7.6397	7.6061	7.3748	9.334	10.4883	8.9344	7.1817	9.6039	8.0702
EA_G__SDC1	9.8678	9.8238	9.9144	9.5408	10.3	8.2603	9.1986	8.3541	10.0467	8.3696	10.5063	8.5726	8.8345	9.0355	9.2236	9.4389	11.6207	9.8784	8.3024	7.9464	10.0645	8.4409	9.4673	8.7275	8.6508	8.7282	10.8626	8.9286	9.0714	9.007	9.5907	10.3639	7.9955	7.9054	7.6301	9.8965	9.5786	8.4186	9.5167	8.2436	10.2741	8.615
EA_G__SQRDL	8.7049	7.6228	8.294	8.2439	7.8447	3.6097	8.8551	8.5299	6.3138	6.2931	8.6975	6.6712	6.6656	8.8996	8.0078	8.6172	8.3024	7.4967	8.2497	5.8078	7.9002	3.82	6.066	7.3891	8.4042	4.1692	8.1481	7.528	7.0661	8.5646	9.2856	7.046	6.9046	7.5518	7.9414	5.0225	8.804	8.5423	8.1667	7.3309	8.1947	8.0341
EA_G__B3GNT3	9.4396	9.3575	9.4967	6.0876	7.8719	6.0812	6.2379	8.7723	5.935	6.0498	7.6228	6.9949	7.6349	8.4542	8.7856	8.7495	7.5961	8.9698	7.5251	5.9441	7.9693	6.0726	7.1637	7.4318	6.4225	6.1281	9.2154	6.546	8.4323	9.6305	6.7686	9.2154	6.0935	8.1223	6.1533	9.0339	8.2304	6.6379	6.347	7.2538	6.8185	7.6949
EA_G__ECHDC1	7.1111	5.0928	3.4898	3.5165	5.9957	8.1568	3.5863	6.3035	7.4601	7.7961	7.4973	7.3429	7.4708	7.8234	7.7576	3.9638	3.6787	8.3092	4.0448	8.2656	6.8709	8.1683	7.5223	7.6512	4.1411	7.6682	4.4883	8.1251	6.1397	6.8021	6.9222	4.5524	8.2802	8.3163	8.5005	7.7256	4.4758	3.9539	8.1246	3.6924	4.2561	3.5449
EA_G__GPR110	9.7446	7.0704	8.8625	3.7237	3.745	3.6985	3.7424	9.0125	3.733	3.472	4.4485	4.4558	6.7612	7.5227	8.4464	8.9925	4.7165	9.3514	8.1791	3.2085	8.7699	3.8459	4.1206	3.9779	4.3228	3.6583	7.068	8.7401	3.5079	8.1907	4.253	6.7929	4.1236	3.5422	3.979	4.2127	6.5644	6.4813	3.5142	3.8201	8.307	4.2971
EA_G__HTRA1	6.2862	5.6965	6.1051	6.4451	6.5223	5.9336	5.8078	5.5567	6.4642	8.8644	5.5565	5.663	6.1941	7.7513	7.8993	6.2761	6.0636	6.3601	6.4929	7.8425	6.1129	8.4365	7.3277	7.0242	5.7893	8.8277	6.7649	7.2179	8.0149	5.9177	6.5156	6.1682	10.3495	9.0221	8.2772	6.2785	7.9626	6.5837	7.5357	6.2563	6.2229	6.2826
EA_G__SUSD2	10.6325	11.4387	6.1719	6.7655	7.094	5.582	7.4337	6.5795	6.7565	5.8544	8.182	10.5693	5.5116	6.6145	6.8722	7.7756	10.1901	9.6472	8.8452	6.4276	6.2375	6.632	6.5745	6.9248	8.1435	6.8947	6.7371	6.8246	7.9512	10.1454	9.4259	11.7924	6.2425	7.9071	5.6027	8.9238	8.8168	6.2593	7.5585	6.4449	9.3471	5.7019
EA_G__ACY1L2	4.4885	6.3544	4.2798	5.2636	5.2117	7.1705	4.3953	7.4794	6.8949	5.8679	4.2893	4.5942	7.0163	6.9582	7.6089	7.0387	4.4362	6.7671	7.8102	5.7572	6.2657	5.5172	6.373	6.3109	4.5518	5.766	5.1085	7.7561	6.9709	4.501	4.6458	6.8882	5.3066	6.6272	7.5867	5.6536	4.8928	4.6226	4.7204	4.5761	4.7481	4.4612
EA_G__CSF1	7.5472	6.4247	5.6744	6.0064	5.893	8.1153	6.6097	5.7738	8.0959	7.8638	5.7984	6.6787	8.9251	6.8722	8.1103	7.6935	5.8268	6.1467	6.5082	9.7896	8.413	7.9139	6.3806	6.2884	6.2923	8.1859	6.1851	8.4406	5.9794	6.8162	6.4797	6.1415	9.5226	8.5224	8.8498	5.9278	6.2106	6.6088	6.381	5.8727	6.6883	5.7354
EA_G__FADS2	5.5203	5.1836	4.6766	11.2866	8.1832	10.7062	9.6347	8.0137	10.8844	8.4065	5.944	4.895	11.2039	7.2327	6.9073	6.0754	10.6541	6.8636	5.5278	8.4189	9.0812	6.2579	7.3093	8.6543	10.5743	6.5811	9.9779	8.8552	10.1211	10.3286	7.1607	4.3387	9.1821	10.3134	6.2067	10.128	10.6903	8.0701	7.969	8.508	8.9187	10.2159
EA_G__AYTL1	7.3451	7.1032	8.8434	3.4912	7.2213	3.721	7.3811	9.2522	5.1033	6.655	5.2536	6.6586	6.4997	8.2018	8.9295	9.0577	4.2716	5.3034	7.8978	7.0226	8.0966	7.8892	5.278	6.1771	7.3667	7.8299	7.8741	7.7667	4.106	9.037	5.5384	7.0446	7.5085	8.2262	7.7642	8.4862	7.3574	5.8654	7.7288	5.2961	5.6989	6.3201
EA_G__LARP6	6.5428	5.5659	6.7676	6.5078	5.6237	7.1073	5.4248	7.0083	5.9575	8.956	6.0089	5.5778	8.0006	6.6088	6.8861	6.3143	5.4561	5.8963	6.643	6.7771	7.3264	7.2463	6.5469	6.0363	6.6533	7.6928	5.9258	7.1621	7.2715	5.3831	6.1623	6.1477	9.1172	7.1147	7.1286	6.8268	7.2592	5.9801	7.0379	5.8008	5.7117	6.3795
EA_G__RHOB	9.2793	9.3585	7.394	9.8896	9.3985	7.6395	10.3938	7.6986	6.9264	7.1127	10.2289	10.0866	7.0769	7.524	6.9368	7.9047	9.6821	8.7278	7.261	6.7834	7.1452	8.2823	9.565	9.2465	9.8531	8.3788	9.4573	7.5833	10.0124	8.9442	9.8377	10.0424	7.0709	7.9873	8.8352	8.6291	9.0331	8.5103	9.1206	9.1928	9.2106	9.4859
EA_G__ST3GAL1	7.479	7.4146	8.1484	8.7443	9.373	6.1993	7.3924	8.1524	6.6271	7.5554	8.8202	6.9143	7.3505	7.6057	8.1354	7.9493	6.8227	8.5367	6.94	4.6327	6.9953	8.126	7.3542	7.3677	7.9515	5.9274	9.3343	6.6399	8.2777	8.1796	7.3714	7.6457	6.6256	6.4164	6.6628	9.0394	9.533	7.1798	8.272	7.5982	8.9298	7.6796
EA_G__TMEM40	7.2854	7.4334	9.5548	5.7782	7.8476	5.2513	5.2131	7.5406	6.6415	5.0773	6.6767	7.0888	5.194	7.6131	8.3898	8.0411	6.4523	7.7376	8.3524	4.9283	7.4664	4.9958	6.1124	5.4015	6.3516	5.0811	8.6503	5.1149	6.7885	5.7731	5.6452	8.0187	5.178	5.4182	5.0215	8.4149	8.5111	7.7856	6.1424	6.5906	7.1051	5.847
EA_G__MMP14	5.1852	5.3987	5.2376	5.2335	5.0592	10.3729	5.1512	8.0249	9.9154	9.7962	5.0892	5.2954	5.2874	8.803	7.6928	6.3976	5.5909	8.0609	5.2277	8.9768	8.7686	8.9717	5.9409	5.8539	5.4178	7.6746	5.4804	8.2005	5.1668	5.3091	6.2949	5.8482	11.2199	7.0852	7.8574	5.7305	5.7344	6.2135	5.2291	5.5205	6.0697	5.535
EA_G__HIST1H3J	8.6515	9.0732	7.0677	4.8538	7.1076	8.9322	7.9819	4.1117	8.3825	9.0427	5.1653	5.3216	9.1621	5.2914	9.125	8.6605	5.4782	7.9351	9.3944	8.833	9.2544	5.1059	8.3425	8.4561	5.3195	8.6272	7.8093	9.2246	9.3873	9.0946	8.8519	8.5229	4.984	5.5873	8.9926	5.5638	8.7625	9.0177	7.4142	9.6139	7.3771	9.1797
EA_G__ITGB6	8.1454	6.622	10.6881	7.7948	7.3768	3.2125	3.3883	3.6591	3.7683	4.1597	7.3087	4.9449	3.1141	6.1876	8.0836	9.3091	8.4758	5.7738	9.9717	4.1716	9.7912	3.2996	8.1377	7.5547	5.5715	2.9223	9.261	3.4295	7.3265	8.8327	3.8967	9.0545	5.1371	3.7065	3.1773	8.893	6.4499	6.0937	7.2525	4.2583	8.4932	3.2175
EA_G__TFPI2	7.4112	5.7742	6.8889	4.1023	5.2059	7.6313	4.2376	5.2724	5.6988	7.7972	5.5013	5.2292	4.3233	7.304	5.223	4.7209	4.4873	5.8133	5.139	5.3328	7.5073	4.2327	4.6548	5.44	4.2051	6.5637	5.4829	7.751	5.7575	4.3729	5.1626	6.729	6.8534	7.2202	6.8149	4.8815	5.0564	4.7585	4.3977	6.7052	4.9919	5.6912
EA_G__C9orf19	4.855	6.829	5.2071	5.2876	5.7361	6.026	5.1261	6.4771	6.7151	6.7726	5.3678	4.8164	7.5139	5.4878	6.4374	5.5258	5.006	7.9401	7.2436	7.8618	7.5982	6.9045	5.9074	5.816	6.7327	9.8291	5.6739	6.2212	6.3068	4.5292	5.5009	5.9774	6.2198	6.1858	5.8776	6.0657	5.4415	6.019	5.3041	5.1365	5.5658	5.374
EA_G__DUSP6	9.8728	5.2274	7.0322	9.4609	7.1006	5.9895	4.9247	5.8978	4.2526	6.6354	8.795	5.5236	4.7839	9.6087	7.3352	8.9962	7.6982	6.4023	7.7043	5.4817	5.005	7.6371	5.7042	5.4104	10.0187	6.56	10.2348	10.3426	5.7494	8.1152	9.5996	5.0428	6.9765	6.9249	6.2371	9.1666	11.3319	6.2762	7.5986	5.0224	10.1719	4.2821
EA_G__MCAM	5.2407	5.7795	5.3307	5.1883	5.2259	5.6003	5.1722	9.3743	7.982	7.1729	5.052	4.9842	9.6692	7.1972	5.6044	5.2324	6.005	6.1156	8.2544	7.2642	6.6063	6.1967	5.3892	5.3243	5.0364	10.2004	5.3038	7.8638	5.0728	5.3592	5.9372	5.5648	6.5817	8.8252	6.4371	5.4652	5.5898	5.4962	5.4539	5.5286	5.7514	5.1903
EA_G__7A5	10.3607	8.9896	8.1824	8.3314	9.0219	3.2606	7.2942	7.6597	5.6095	3.7134	9.2592	6.5231	3.7622	8.2988	8.3687	9.8414	9.9699	8.9054	8.2759	4.0236	9.6757	3.4441	6.8545	7.4974	5.2953	3.1486	9.6105	4.0122	7.6718	8.5499	7.1	8.7273	3.9994	6.9247	3.9668	7.1495	7.0569	8.1383	9.6843	7.3096	9.1117	9.2036
EA_G__PLTP	5.0073	8.5711	5.2753	5.2791	5.2349	10.3023	5.2284	4.7825	8.4926	6.2465	5.1712	4.9001	5.0077	9.6842	6.7248	4.9769	5.2512	5.1362	5.2193	8.4584	7.8778	7.0504	5.3973	5.4912	5.1136	5.7376	5.922	5.4134	5.2568	5.2596	6.0475	9.1856	5.2902	6.5947	5.3555	5.1643	5.5689	5.832	5.2921	5.1842	5.5016	5.1372
EA_G__GPRC5A	9.7382	8.5157	10.9641	7.8683	10.2576	6.5881	7.4147	10.5988	3.9568	4.0523	9.5364	6.6379	4.1691	9.6144	8.5217	9.9066	8.2777	9.4808	9.1669	5.511	9.4651	6.9534	7.7937	8.7995	9.3792	4.7917	9.3106	8.997	7.8573	8.3939	6.3857	8.2795	7.1666	10.0606	8.3269	10.4718	9.3379	7.6569	9.0749	5.9489	9.4117	7.8913
EA_G__UGT1A6	4.299	4.099	10.1009	3.5039	7.1574	3.0385	5.643	3.2124	6.9594	4.6139	2.9859	4.1201	3.53	7.7263	7.1114	9.3391	9.484	3.8698	4.7827	3.1517	8.5527	3.7317	6.8185	3.9573	4.9924	3.3992	5.1015	3.6822	4.1521	5.6448	4.3997	3.9225	3.8672	5.6573	3.6121	3.6527	7.8515	3.165	3.7378	3.6719	4.3089	4.5013
EA_G__KRT17	7.8608	7.7507	7.6941	7.4503	7.6892	7.1651	7.3492	11.8492	8.8191	7.7639	7.3292	7.3569	7.3709	10.6093	11.4272	8.9217	7.7893	7.6641	12.146	7.0541	9.8962	7.7428	7.7431	7.6542	7.4192	7.0377	9.0563	7.204	7.6992	7.943	7.98	8.127	7.2491	10.9335	7.4814	7.7502	7.6835	7.5216	7.4965	7.484	7.8955	7.5548
EA_G__ARHGAP29	7.2701	7.223	8.7636	7.6557	8.7209	4.3691	9.4938	8.9461	6.9571	9.071	8.5074	8.0499	6.56	7.1014	9.8131	9.1516	9.1451	8.1879	9.1626	8.7904	8.3545	9.5721	5.6822	5.6019	7.438	8.293	6.5233	9.7784	6.13	7.8547	7.035	8.3508	8.197	9.0621	6.6225	8.1204	7.0133	6.7988	7.6794	4.5306	8.5667	6.0005
EA_G__SPRY4	9.0195	6.6202	6.7063	6.6733	6.5233	5.3949	4.3592	5.8668	5.2156	4.8916	8.3628	4.455	5.675	6.5175	5.971	6.6496	7.3777	5.3601	6.1623	5.7014	4.8896	7.4247	5.4056	4.9412	7.1763	5.617	8.7436	8.7764	4.8798	6.9874	7.335	6.0836	7.291	5.7511	7.4834	7.3463	7.3526	4.5094	6.2514	4.3416	8.6479	4.5361
EA_G__METTL7B	5.5148	6.7276	5.157	5.5672	7.3134	5.0485	5.4645	5.0539	7.2323	5.3311	5.6253	7.5857	7.3991	5.6456	5.0924	5.1927	4.9704	5.6195	5.4629	5.9119	5.8127	5.5631	7.7683	7.6659	5.4808	5.5524	6.7481	6.9821	7.308	8.2088	6.1334	5.5998	6.8285	5.9433	7.0018	5.7263	6.5079	5.9782	6.7481	6.5254	5.5771	6.9597
EA_G__TACSTD1	9.3116	8.8874	9.1914	9.2339	8.855	2.7838	8.7966	9.3225	7.9166	2.9588	9.0834	8.4753	8.7673	9.1746	9.3421	9.2183	9.0874	8.714	8.8848	4.2618	8.6569	3.0546	9.0642	9.549	9.5375	4.7991	8.4567	5.81	9.6782	9.3951	8.8342	8.6343	3.3721	9.0522	2.7958	9.7627	8.6184	8.2127	8.4909	9.4219	8.2048	9.2267
EA_G__PXMP4	8.0834	8.9046	7.882	5.2497	7.8843	7.8873	8.6164	7.7706	6.0246	7.3667	9.3589	8.5329	7.1034	7.101	7.44	6.2103	8.5107	5.7135	7.4931	7.5792	5.2531	7.1659	8.1338	8.2939	8.034	7.0092	9.098	6.47	8.0163	8.7127	8.6084	8.904	7.1319	7.7288	6.6909	8.0563	8.1254	9.6272	4.7825	9.4987	8.7218	7.5512
EA_G__FAM59A	7.1098	7.7905	6.5341	7.2024	7.3453	4.8712	6.68	5.9347	5.9744	5.6379	7.3743	6.2539	5.5819	5.5316	4.9289	7.2641	7.2187	5.9312	5.9031	4.8528	7.5857	5.9462	6.6224	6.0759	7.2006	4.0473	6.5938	5.419	7.0464	6.7735	6.2219	7.0846	5.2325	6.4577	5.2007	6.2579	6.1833	5.4105	6.3264	6.358	6.9856	6.649
EA_G__TMTC1	4.4896	4.1975	4.0791	4.0964	4.0667	8.1638	3.7979	4.1884	5.6936	6.9863	4.0699	3.7346	5.7868	4.3432	4.0998	4.0193	4.0881	4.3677	5.3318	7.6003	5.1946	5.8329	4.098	4.1876	4.29	7.7598	5.6326	4.2578	4.0151	7.1982	8.0381	4.2633	4.1865	7.6286	8.5249	4.019	8.0459	4.3469	6.93	4.4731	4.8495	7.2359
EA_G__MAN1A1	5.1933	5.6682	6.039	6.5615	6.3424	8.5509	7.6635	5.2928	8.3076	7.6139	8.535	9.7214	7.5221	4.7155	4.5267	6.8801	4.9287	8.6002	4.5257	5.6164	7.228	6.7995	6.4615	6.6205	6.0084	7.209	6.8648	6.0979	8.8384	7.1735	5.7849	5.4352	8.2483	5.8443	5.9607	5.7911	5.0156	6.4983	7.1912	5.5742	5.295	5.4073
EA_G__SLC12A2	11.0489	7.7784	8.1504	10.349	9.1326	7.0937	7.5373	8.0808	8.0458	6.9817	10.8473	7.569	7.6518	7.232	7.8916	8.4272	8.3111	9.589	7.6019	7.7225	8.0086	8.9947	8.7156	8.6511	8.4487	7.1474	9.8399	7.7202	11.102	10.3887	8.4168	7.7307	7.6855	6.7804	7.0958	9.8354	8.3015	7.5585	8.6366	7.4819	8.9255	7.7776
EA_G__CLDN3	8.0034	8.9717	6.0866	8.0567	10.0582	5.2854	9.4834	7.6571	6.3263	4.6532	8.4969	8.109	5.5586	6.0856	7.1229	6.3996	10.9045	5.3265	5.3363	5.0908	8.3048	4.9669	9.8602	9.8658	8.5015	5.456	6.7233	5.1811	9.0222	9.0383	8.3115	8.5947	5.1358	5.1889	5.4921	9.2728	7.4412	9.7707	9.9995	5.38	8.6755	8.391
EA_G__ELP2	7.877	7.5061	6.8101	8.7136	8.8476	8.2687	7.9951	8.4039	8.566	8.8814	7.7643	7.8636	7.8812	7.2598	6.6707	7.9701	7.9433	6.9536	7.7596	9.7688	7.5378	8.4416	8.684	10.712	8.777	7.4294	7.2157	8.242	8.0415	7.1405	7.0794	7.4437	7.4657	8.5672	8.5041	6.8259	7.1466	7.8111	8.1716	8.7043	7.2366	11.8522
EA_G__RAPGEF5	6.3415	7.266	5.8295	6.5457	6.6712	3.3864	4.7324	6.3047	5.8669	4.0035	7.7655	6.0587	6.0581	5.7079	6.3887	6.0594	7.4801	5.7724	6.221	4.9361	7.0582	4.0924	4.4095	5.2392	6.3018	3.484	7.3046	5.3194	5.321	6.2087	5.705	6.5869	3.6423	5.23	3.6547	8.3677	6.4436	5.4905	6.7032	4.9861	7.2718	4.911
EA_G__DNM1	5.9198	5.8274	5.8634	6.6095	6.0385	7.1828	5.7542	6.827	7.7025	5.8585	6.1194	6.334	7.8373	7.2976	6.1526	6.048	6.0577	7.1713	5.8543	8.6239	7.911	6.815	6.3819	8.0219	6.7251	8.2017	6.0095	6.554	6.9754	6.4942	6.5475	6.308	5.7997	6.9226	6.0011	5.8212	6.9134	6.1994	6.0778	6.8304	6.3008	7.9673
EA_G__CA12	10.374	7.2275	4.013	8.3578	10.6613	4.4665	10.0681	3.8395	4.2274	6.9445	8.9946	11.4745	4.5173	5.784	5.8456	4.7064	9.3657	5.8182	4.881	5.4007	5.0197	7.2481	9.8496	8.5533	10.4266	4.9112	10.2303	6.35	8.8736	9.9468	9.5013	9.0564	7.9017	6.3439	8.7456	9.0545	9.4214	10.2797	9.0996	8.3877	9.5437	8.6511
EA_G__FAS	5.2964	4.3814	4.7546	5.5666	4.5598	6.8075	4.351	3.9808	4.755	7.461	3.7128	4.5233	5.2159	7.0657	6.6827	6.6267	4.4217	3.9523	6.3324	7.5096	6.4286	6.8271	5.7738	5.2312	4.1912	6.2432	5.2975	5.7043	5.0033	4.0033	4.6971	4.0116	7.1214	6.6558	6.8109	4.5431	6.22	7.0896	4.4007	6.1656	5.1448	6.8306
EA_G__DSE	6.5087	4.9218	7.4749	5.6022	4.7233	8.355	4.9347	7.6562	6.4394	6.6805	5.0587	4.8985	7.5324	6.6408	7.9313	5.3415	5.3874	7.9374	7.4554	7.7246	8.003	8.3474	5.6499	5.7104	5.3844	8.2435	5.5075	7.6652	6.1001	5.1929	5.5859	4.9368	7.761	8.7834	8.6778	5.2952	5.2387	5.0241	5.9327	4.7765	5.7247	4.927
EA_G__SGK	4.2316	5.0406	7.2857	5.4106	5.3314	9.0838	4.1858	8.9248	4.3511	8.7011	6.361	5.0384	6.6596	7.7021	7.7639	6.6802	4.4304	5.1726	7.019	9.4103	6.1623	9.2354	5.1628	5.3706	5.9424	8.3272	5.1426	8.4342	7.6622	3.713	5.0158	4.8986	9.7393	8.7562	8.0896	5.5156	7.5815	4.7744	5.5835	5.6857	4.6742	5.0778
EA_G__CACNG4	8.4308	7.5358	5.5674	8.1032	9.2906	6.8087	9.2541	5.6569	5.5719	5.8529	8.0835	9.0764	5.7716	5.8549	6.1478	7.1012	6.3777	7.839	6.7572	5.5176	6.431	5.6094	9.1382	8.0995	8.3302	7.8307	8.431	5.7591	9.7756	8.0782	7.9557	7.3151	5.791	5.8689	5.7018	8.4194	7.2037	8.0248	8.5048	5.6487	9.841	6.6438
EA_G__PDGFC	6.2406	5.2252	5.8828	4.5988	4.6285	6.9602	4.254	6.6341	6.9329	6.5961	5.683	4.128	4.3127	5.9231	5.6638	7.0851	5.5828	6.1259	5.5105	6.0058	6.6886	6.8017	4.0501	4.408	3.7897	6.6632	4.9434	8.0265	5.6458	4.57	5.3536	4.9157	8.2663	6.9944	7.0339	3.9536	5.2456	6.1582	3.8801	5.4219	4.398	5.5455
EA_G__DZIP1	3.8423	3.8318	3.6621	3.9976	3.6467	7.9986	3.7616	7.7736	7.865	6.4633	3.7432	3.8025	7.1699	5.7347	7.3229	3.8667	4.0447	3.9119	5.2573	8.0773	5.5767	6.5828	3.9509	3.9015	3.7455	8.5714	4.2862	3.9174	3.8676	3.8059	4.6561	4.3905	7.8718	4.8824	6.8542	4.2409	4.2736	4.0125	6.6612	4.1754	4.7293	4.1316
EA_G__CSF3	6.2769	6.2444	6.132	6.4754	6.3516	6.3037	6.0645	6.2231	6.3146	6.3197	6.1421	6.0597	6.4646	6.8213	5.934	6.2418	6.3826	6.5025	6.1623	6.3356	6.5556	6.3611	6.5326	6.3894	6.404	5.9054	6.6605	6.4466	6.3214	6.2247	6.9099	6.5732	6.3175	6.5796	6.6601	6.4433	6.4539	6.5126	9.237	6.5345	6.9845	6.2552
EA_G__SFMBT2	5.7736	5.2905	5.5336	6.7114	6.4577	4.8839	6.5872	6.749	4.28	4.2661	6.8517	5.1791	7.94	4.6656	4.5785	5.8074	6.0304	4.9758	4.9318	4.3916	4.5173	5.6508	6.4391	6.336	7.7311	4.7588	6.4946	4.4062	6.7069	5.3539	7.8092	4.6462	5.1842	4.6369	4.4407	7.1333	6.6726	5.9683	6.7932	5.6499	6.7726	5.9899
EA_G__ETNK2	7.0246	7.5221	6.2958	9.7857	10.3826	7.9061	9.9112	6.888	8.279	6.8342	7.9484	10.7975	8.3972	8.1223	7.3287	6.047	9.5415	6.9475	7.6305	7.4034	5.0177	6.0105	8.2102	7.2977	10.6718	8.5517	8.6151	6.0214	8.6961	8.7361	8.9902	8.1005	5.4341	6.619	4.237	7.1677	8.0919	7.2943	10.09	6.6311	9.1788	6.3521
EA_G__ABAT	8.23	5.4464	7.4779	8.575	9.4055	5.3302	9.2967	5.496	5.4262	5.5373	7.6306	10.8312	5.688	5.6851	6.7821	6.747	6.9225	5.2465	5.5203	5.3154	5.3766	4.9875	9.1146	8.6121	7.7509	5.7589	7.5396	5.0792	10.0971	8.0442	7.7377	5.8369	5.7817	5.8305	5.4758	6.1131	7.1274	7.9643	9.9256	7.7029	8.6425	7.5442
EA_G__GPR177	7.4313	6.5646	4.5545	8.088	5.2854	8.8432	4.465	6.9746	7.7814	7.3153	3.9865	6.8497	7.5306	7.1746	8.6333	7.9523	6.4605	8.0881	8.547	8.6787	8.9108	8.8539	4.5316	5.1773	4.3457	8.89	5.7728	8.4612	7.7822	6.3128	6.3973	5.7239	8.5792	7.7636	8.6474	4.7687	4.3787	5.5476	5.2176	5.4504	7.2102	7.1333
EA_G__NNT	8.9594	4.498	6.2656	8.1961	7.7612	9.1154	7.1893	7.8733	8.3974	9.0731	7.9295	8.0816	8.3827	8.8736	8.8486	4.1845	7.867	9.8433	8.4993	8.7518	8.5517	8.91	8.0412	8.4446	9.1262	10.364	8.2588	8.8528	8.1478	7.5189	5.9494	5.547	9.6096	7.8752	9.5736	4.8242	4.7976	9.6352	8.1122	6.3612	7.4801	7.0369
EA_G__CAPS	10.7823	9.0478	6.5813	7.9658	9.4653	5.8603	7.0129	6.1536	6.1463	5.8143	10.8287	7.3341	10.5962	5.7871	6.0836	6.8688	6.898	6.3952	7.0283	6.3341	6.1385	5.7156	6.4196	5.9889	7.0841	6.3328	9.9621	5.8726	8.5837	6.55	7.1682	9.0415	6.2687	6.1294	6.116	11.1088	7.0327	6.4839	7.9726	6.3301	7.1219	6.3652
EA_G__TUBB6	6.692	7.2698	7.7018	7.4183	6.4048	9.6368	6.551	9.5051	9.2748	8.7564	6.7473	7.8841	8.7984	8.9031	9.0863	7.9565	7.0303	6.9209	9.1825	10.3276	8.0512	9.8505	8.3664	7.7207	7.2372	10.3152	6.4923	8.5128	7.6669	6.2429	7.2555	7.6011	9.9093	8.4349	9.9172	6.749	7.1787	8.0286	8.0785	7.0165	7.4806	8.7717
EA_G__SLC4A11	9.1921	8.9866	7.2203	7.3209	7.4539	7.8472	8.5303	8.5641	7.396	6.2965	6.7692	5.3264	8.7725	7.8398	8.2222	7.3366	8.4103	8.4046	6.696	6.4225	8.0129	6.177	6.7733	6.5257	7.1012	7.4302	8.6239	7.2665	6.3392	8.1333	8.0368	8.0777	6.0485	7.5147	6.4748	8.0641	6.6098	7.2113	6.6258	6.5596	8.9542	7.397
EA_G__C4orf19	8.0286	6.5288	6.1466	4.9878	6.3467	4.1448	4.8124	4.6326	4.7271	4.2693	6.6724	7.2498	4.6081	4.8004	6.5168	6.2142	6.5536	9.0779	4.6013	4.0473	6.2509	4.3065	4.9555	4.6187	6.4672	4.1932	6.5942	5.269	7.0548	8.0548	6.4595	6.9425	4.5201	4.0911	4.4877	8.2994	6.5223	8.511	6.0154	4.8186	6.6592	5.6633
EA_G__ABLIM3	5.9591	5.5079	6.0176	5.1293	6.3249	4.938	7.0815	5.1655	4.9608	5.0767	4.7635	7.7259	5.0358	5.9589	6.0618	6.5848	5.9178	5.0659	5.8253	4.8639	5.7143	7.5551	6.224	5.7668	7.4819	5.2369	5.9959	6.2178	5.9998	7.0506	6.8433	5.6101	5.7573	6.3981	8.6111	5.0819	7.3642	5.5965	7.3227	5.1975	6.9236	5.0929
EA_G__ANXA9	8.5276	6.7661	8.291	6.2682	9.5791	4.8888	9.4956	5.0476	5.9137	4.926	8.2202	8.4838	6.7228	5.7918	5.6264	7.0057	8.458	6.7506	5.056	4.9114	7.3041	4.9863	9.2851	9.9914	8.5984	5.2292	8.5816	5.3425	8.1028	9.0798	8.036	7.942	5.0301	6.1862	5.2573	7.8449	8.2312	8.9961	8.5833	6.7036	8.9761	6.1409
EA_G__ATP2C2	7.3612	7.1301	6.3762	8.2179	7.788	5.3497	7.7028	5.9351	5.1224	5.0997	8.4417	7.4719	5.2602	7.0346	7.169	5.8961	7.2734	8.3016	6.6985	4.6332	6.8254	4.8393	8.5253	8.1187	6.7656	4.7757	7.7212	5.1175	7.5495	8.7963	7.9613	7.5787	5.4452	6.4738	5.2595	8.2752	6.7796	7.0768	7.274	7.6677	7.6717	6.6969
EA_G__PLOD2	6.1911	8.3419	8.1358	7.0175	6.9131	10.2933	6.8168	7.2038	5.3942	8.7914	7.1322	7.4866	8.0339	6.5989	8.2857	9.3417	7.8623	4.782	8.6845	9.2717	8.4052	9.1792	7.4818	7.5432	4.2248	9.0537	5.9173	8.1487	7.3068	7.3589	6.2115	7.2225	7.589	9.2253	8.3727	7.0657	7.2993	8.5125	7.6262	6.8806	4.7021	7.1493
EA_G__BST2	8.4769	6.3047	8.0706	4.4654	8.9227	4.6655	7.9335	5.4972	8.8686	4.3777	6.0733	7.9336	8.705	5.4719	8.4786	7.8429	7.819	4.5329	5.7838	4.2178	9.7105	5.6067	6.2145	5.7087	8.1287	5.6229	8.7541	4.88	4.5129	7.7721	8.045	4.8064	4.4884	8.2782	7.314	8.1446	7.2096	7.1554	5.081	7.4286	4.2297	8.4525
EA_G__DFNA5	4.4375	4.9524	5.0814	4.5784	4.6557	8.4986	4.6876	4.6458	5.1282	6.5279	4.5264	5.0703	5.5616	7.8414	5.9883	5.1072	4.7021	4.5042	5.8293	6.3843	4.7786	6.9984	4.8523	4.6266	4.4233	7.4631	5.4062	8.2468	5.284	4.3728	4.9581	5.0627	7.5676	6.6997	8.1967	5.0913	4.6634	5.3806	5.5044	5.7413	5.0744	4.8228
EA_G__SPG20	6.4757	5.0461	3.0776	3.5577	5.1113	7.816	5.6194	5.5456	6.6799	7.0237	4.4108	4.0133	5.9425	7.2958	3.4923	3.9953	5.6525	3.519	5.1023	6.697	5.8755	6.5782	3.5495	5.1681	4.2738	5.3775	4.8571	6.4802	3.8283	3.2704	3.8675	5.2663	7.3736	6.6888	6.3502	6.0086	4.7567	4.7806	5.011	4.7522	4.2835	4.8467
EA_G__SLC38A3	5.8311	5.271	5.7707	6.6883	6.7268	4.9481	4.8932	4.9405	7.4643	8.4392	4.8034	5.4624	10.2451	5.2123	5.2395	5.0802	5.6798	6.2665	6.9133	8.6233	7.857	4.9367	5.4184	5.6316	5.5414	6.7443	5.5095	5.0972	7.5639	4.9274	7.4685	5.5236	4.8996	5.2517	4.9624	5.3162	5.1546	6.8409	7.8762	5.3782	5.5143	4.9256
EA_G__SMARCA1	7.4394	3.9785	3.9806	4.3453	4.6092	7.8209	3.9852	5.791	5.1393	7.4987	5.0317	5.7294	6.5143	7.6732	3.8942	3.7441	3.7553	7.7518	7.5734	9.7943	5.6246	6.9026	4.8096	3.8965	4.3428	8.9942	4.0232	6.5914	4.1317	6.9492	4.2943	4.6962	8.5624	6.3198	4.9378	3.5649	6.9832	7.6421	7.9042	4.1518	7.2691	3.9839
EA_G__GPX2	6.9093	8.9357	6.0192	5.6689	5.0334	4.0395	3.727	6.7554	4.8049	4.2832	6.3298	5.7511	4.2277	9.9643	6.6701	9.5887	4.8756	7.7366	5.6015	3.9423	4.2268	4.3312	5.2706	5.462	6.3312	4.2776	9.3185	4.4185	9.9389	7.6946	4.6661	7.2433	4.2492	4.9195	4.1064	9.5051	9.4966	4.9059	4.7975	6.788	6.1566	5.2186
EA_G__TBC1D2	9.2376	7.7515	8.2597	6.9082	7.0838	8.3025	6.9648	9.3809	5.8309	6.9009	7.5223	6.8364	6.3296	8.9686	9.385	8.6838	7.2801	6.9966	8.3051	7.0549	6.7734	7.2753	7.0387	7.1429	6.7825	7.3263	7.583	7.2943	6.9501	7.7684	7.1429	8.2747	7.7864	8.2385	8.2072	7.9272	7.9677	7.4045	6.4661	7.4552	7.7524	6.7711
EA_G__F2RL1	7.5229	7.0777	7.9743	5.6143	7.2969	4.8537	6.6298	8.6187	5.9766	5.6359	5.5217	6.1085	6.6712	7.492	7.5467	9.0517	7.0372	7.198	7.7225	5.8382	7.2931	7.3569	6.9353	6.8548	6.2075	8.8065	6.6745	9.1391	6.4667	8.1978	5.5016	7.1023	8.367	7.1334	6.0605	5.9872	5.7391	6.7029	6.6517	5.978	5.7104	6.7769
EA_G__FGFR1	5.0629	5.3554	5.4223	7.1583	7.1868	7.3778	7.1919	5.869	9.3985	7.4098	6.7101	6.4214	7.082	5.6584	5.8466	5.71	5.7984	6.7644	6.2995	8.9022	6.329	7.4693	6.6318	6.4525	11.2183	7.7328	8.0974	6.7207	8.2795	6.8672	6.3893	5.584	7.5019	5.7406	6.9605	5.9161	7.1753	6.2782	7.357	7.4174	6.262	7.2196
EA_G__PTAFR	7.4164	8.164	7.4837	5.0919	6.6731	4.6387	4.8835	5.3956	5.0813	4.9525	5.5203	5.302	5.1681	6.8777	7.0204	7.9422	4.5973	5.9805	6.0909	4.4939	5.8041	5.0886	5.5005	5.1833	5.4027	5.1523	5.226	5.2899	5.5191	7.2453	6.0355	7.5177	5.634	6.9361	4.6582	6.5952	8.8782	5.3394	6.4285	4.4888	5.9012	6.4545
EA_G__IGFBP2	8.5819	7.265	8.5701	9.2045	10.6598	5.7406	9.0647	7.9946	7.7249	6.7037	9.6491	9.7208	8.1824	6.5365	7.6499	7.3055	7.1166	7.7549	8.2099	5.7756	6.114	6.1845	8.9304	9.2132	9.5332	7.7601	7.9848	5.934	10.1046	8.3743	9.0101	6.3136	5.7437	6.0489	6.0078	8.2235	8.6306	8.9587	9.4836	8.4837	7.9908	9.1231
EA_G__ZNF584	7.2638	7.2229	7.5904	7.17	7.5318	7.5234	8.223	7.558	7.9181	7.1892	7.2934	7.8765	6.7868	10.1631	7.7928	7.8227	8.5364	7.1198	7.7432	7.4669	7.2983	7.8451	7.3141	7.6332	7.5738	6.8794	7.3734	8.1254	7.5538	7.5559	7.6517	7.4018	7.4411	7.2864	8.1679	7.2347	7.2589	6.9203	7.4051	7.362	7.0807	7.5289
EA_G__S100A14	12.1606	11.7148	9.5587	11.289	11.27	4.4478	12.2259	9.3338	7.1653	5.7788	11.67	10.2776	5.6437	9.6689	10.4498	10.811	10.6554	11.2622	9.7527	5.038	10.9988	5.5585	11.3198	10.6309	6.945	5.2235	10.7045	5.3671	11.2594	11.6653	10.9996	11.6593	5.6242	10.3786	5.2591	11.5032	11.9228	5.3263	11.1298	11.7503	12.1337	12.5428
EA_G__SH3BGRL	7.102	3.942	5.8526	7.1953	5.0198	7.4323	7.7708	7.8664	5.9809	7.0227	7.314	6.1049	7.0572	6.0477	6.2545	3.6697	6.9976	7.2912	6.4261	8.2649	7.7216	6.3939	7.5036	8.6749	7.7542	6.6349	7.6797	7.0193	8.0679	10.253	6.9757	5.0457	7.6014	7.6059	6.7317	6.7682	8.3469	7.2142	7.1465	8.439	7.6834	7.1421
EA_G__PDLIM1	4.6993	8.5649	8.4607	9.0247	8.5307	10.6521	5.918	9.361	8.0931	4.9986	6.3473	8.5125	8.3905	10.9374	9.6207	10.031	5.0131	10.0352	8.1048	7.1304	9.4986	8.2584	8.0746	8.409	5.1131	9.1069	8.796	8.772	9.0652	7.6642	5.5511	8.7551	7.5068	9.5682	9.727	6.6513	6.7309	8.2344	8.9704	8.6279	5.4699	7.9777
EA_G__TMEM16A	5.2908	7.2916	6.4055	9.4332	8.3635	4.9702	5.3162	9.8919	8.7183	5.2833	9.0278	8.6188	6.5456	7.9563	8.5709	7.4917	7.0008	7.5129	6.7371	4.7918	5.8483	5.1414	5.324	5.5073	6.9861	5.098	7.6208	4.7971	8.0768	11.1144	7.8885	8.0278	5.0673	5.1832	5.1206	5.3765	5.3902	7.2997	5.773	10.4323	7.5198	8.705
EA_G__LOXL1	8.8376	7.4349	7.7394	7.7773	7.7061	9.0295	7.7618	7.752	10.6471	8.9133	7.4156	7.31	8.0085	7.5414	7.4587	7.4168	7.5779	7.5758	7.4601	8.8739	7.7037	9.9236	7.5935	7.9409	8.9285	9.9529	7.5511	8.058	8.253	8.0283	8.322	7.6632	9.634	9.1346	8.9559	8.8333	8.7906	7.5289	7.9717	8.0361	10.1314	7.5038
EA_G__CDYL2	7.3631	7.0718	8.1386	8.2646	8.9194	5.849	8.0675	5.272	5.5548	5.3771	8.4468	8.5447	5.8033	5.7483	5.7744	7.8384	8.2642	8.1388	5.639	5.5573	5.97	6.2366	8.7179	8.367	8.0456	5.4427	8.2305	6.9612	8.487	8.1416	7.5519	7.1617	5.9508	5.5106	6.3854	8.3072	7.6963	7.086	7.575	7.7872	8.1768	6.4997
EA_G__TNS4	10.7968	9.7714	7.8139	5.1035	5.6707	4.9406	8.7542	8.8222	4.9742	4.8131	8.2169	4.8104	5.0797	9.8753	7.1148	8.9879	5.137	5.6328	8.1433	5.1679	5.5463	4.9638	5.3947	5.5514	7.6197	5.0328	8.5011	5.5462	5.9443	8.2497	5.8093	7.4534	5.1079	9.5218	5.6571	6.1038	8.6614	7.807	7.7563	6.6947	8.6424	5.159
EA_G__CAPN13	7.1311	7.5018	6.8198	6.7239	6.7757	4.5748	5.9724	4.4929	4.5142	4.4092	7.9041	4.5065	4.7075	4.6089	5.0453	6.041	7.7834	6.0129	5.6988	4.2756	5.5895	4.4542	5.7773	6.2634	8.6299	4.4638	6.1777	4.5847	7.3388	6.8161	7.333	7.547	4.4298	4.957	4.3726	8.1653	8.5483	6.0565	6.693	5.6346	7.3291	5.9757
EA_G__TSPAN1	11.08	6.9536	8.4734	10.657	7.9475	4.8968	5.8895	6.4675	4.6104	4.7299	11.1739	6.7962	3.8378	9.3664	7.4755	9.0053	8.6916	9.4426	6.1827	4.0691	9.8155	4.1915	7.6961	7.8023	7.0522	5.4747	9.9007	5.2416	10.3264	11.1772	9.7444	7.2088	6.128	7.6423	4.5854	11.4395	10.3699	8.1498	8.2523	6.8389	9.5743	9.5219
EA_G__C19orf21	9.6189	9.4483	8.9019	8.7564	8.9369	5.9232	8.5724	8.5302	5.5468	5.8788	9.3517	5.2243	6.8438	8.0179	8.5636	8.8702	8.1843	9.7186	5.4781	5.5555	6.6279	5.5706	8.7843	8.5778	8.8654	5.7745	9.6936	7.9411	8.8758	8.9668	6.591	9.9506	5.9944	6.0195	5.6263	8.618	8.3524	7.9338	8.3996	8.8792	8.9167	9.0596
EA_G__LAMC2	8.792	4.8871	8.4683	5.1494	6.2262	4.6844	4.3518	10.0446	4.9857	5.7121	4.609	4.6901	4.5395	10.2244	10.586	4.9955	5.1901	4.5107	9.9943	6.1694	9.2464	6.4632	5.4127	5.0411	5.017	8.3062	7.928	7.0229	5.7482	8.1101	5.3827	5.4005	4.6365	9.1972	5.3047	4.7042	4.8499	6.6933	5.7079	4.5086	6.9282	5.2612
EA_G__PITPNC1	5.9581	5.5345	5.4744	7.8044	6.3762	5.2162	6.9251	7.0212	5.1425	6.6952	6.5773	9.4228	4.747	6.4283	5.6002	7.1111	7.6632	5.9105	6.5611	4.5402	6.7923	5.8769	7.7613	7.2287	7.2535	7.215	6.1345	6.034	7.8241	6.7048	7.9891	6.3138	6.8045	5.0386	6.0261	6.8894	4.687	6.4611	6.7829	7.1502	5.4619	6.6286
EA_G__CHN1	4.5284	4.0137	4.6079	5.619	6.1267	6.2208	7.5276	6.5904	6.2909	7.1423	3.4928	7.0242	4.1356	4.188	4.353	4.7556	4.7042	3.9524	6.1469	8.2707	5.1835	6.059	6.8288	6.6782	5.13	8.7363	4.1657	6.693	6.2794	5.3912	4.3748	3.8667	6.6457	8.1629	7.7282	4.5954	5.4836	4.5742	5.2127	7.5735	4.3346	5.5815
EA_G__FMOD	9.9266	4.7456	4.3891	8.6309	4.5524	4.8797	4.254	4.4157	4.5959	4.4647	4.5711	4.2652	4.1456	4.4406	4.33	4.4191	5.2278	5.0278	4.4373	4.4526	5.1068	4.315	4.9047	4.6832	4.2507	4.333	8.337	4.653	10.2266	9.4424	7.4642	4.7254	4.4797	4.8205	4.5904	4.1968	9.5573	5.179	7.001	9.7217	12.0645	5.579
EA_G__BNC1	4.4225	4.6525	4.6375	4.5391	4.5794	4.9046	4.5271	4.5858	4.6519	5.013	4.2098	4.5758	5.4908	8.9293	5.375	4.532	4.5223	4.7651	7.5959	5.5354	6.9696	4.4421	5.2848	4.9453	4.6273	6.2613	4.7857	4.8329	4.6672	4.1558	5.0196	4.7998	4.616	8.4732	8.6029	4.718	5.0088	4.6339	4.9844	4.6371	5.3258	5.0175
EA_G__EDG3	7.4502	6.934	8.1139	10.4128	9.7139	6.3952	9.5367	8.0358	6.8443	8.9643	9.1369	8.9153	7.8993	5.3846	7.8087	9.1444	9.3102	7.1815	7.2726	8.8852	8.5981	8.5947	8.383	8.9758	8.7868	9.7428	8.7596	7.7877	9.4427	8.5052	8.8173	8.0215	7.9986	8.4006	7.2288	9.8528	8.3141	6.9779	7.5722	8.9381	8.5797	8.2089
EA_G__CLDN4	9.5613	9.7004	8.4153	9.1411	10.0233	5.3261	7.699	8.2254	9.351	4.9589	9.9183	9.0487	8.5706	7.9375	8.5209	9.5097	9.7434	9.2804	7.8583	5.3519	9.8327	4.7374	9.318	8.7885	8.585	5.0731	9.9284	5.8818	9.0956	8.7312	8.1256	9.8194	5.5932	6.9152	5.0136	9.936	7.8684	9.4915	8.5326	8.105	10.0266	8.707
EA_G__MGAT4A	7.1175	7.2337	6.1293	7.9405	6.6441	3.5648	7.0458	6.4377	7.0051	5.7811	8.3426	8.7133	3.9622	4.1821	6.597	7.0333	7.4289	7.2257	7.3125	6.0781	7.3453	3.4221	6.2895	7.3787	7.4632	4.2994	7.5161	4.4567	7.106	7.0817	5.7758	6.8743	4.1153	5.0296	3.4517	7.4609	6.3828	5.6407	6.6198	5.7478	8.0292	4.6306
EA_G__TESK1	7.8959	8.3032	8.1661	8.4928	8.928	7.993	8.7249	8.4959	8.4588	7.8626	8.4984	8.442	8.6059	8.527	8.1811	8.2056	8.9132	11.6165	8.5538	7.971	8.7505	8.1073	8.3541	8.3853	8.6143	8.4285	8.7537	7.8268	9.5718	8.7004	9.3688	8.2201	7.8973	7.1274	7.8586	9.2457	8.6664	8.1986	8.1951	9.1038	9.0552	8.8505
EA_G__SESN3	4.5583	4.7487	2.8018	4.9115	4.4541	3.021	3.1262	5.8558	8.0847	8.6996	3.2049	4.5252	7.9282	4.7009	6.0989	7.462	3.035	4.0826	5.7533	4.1203	7.8565	4.078	3.8719	6.2761	6.9638	5.4794	4.7308	5.6164	6.2569	6.7313	5.2385	4.3555	6.3237	4.5309	3.2875	4.8698	7.2797	3.0218	6.6973	6.2231	3.71	5.3527
EA_G__LOC130576	8.0882	7.3051	7.5463	6.2817	5.9754	5.0178	6.4833	5.4715	5.8439	4.7804	7.28	5.9843	5.9264	6.0446	7.9167	7.2106	6.2281	8.1629	5.5621	5.2542	7.1105	4.7645	6.3846	7.4118	7.5937	5.9617	7.968	5.3021	5.8741	6.6461	6.9476	7.3389	5.1582	6.8692	5.5754	6.7913	6.3295	6.2426	5.5797	6.0156	6.0071	5.5407
EA_G__MFGE8	7.6741	6.2973	7.9092	5.5622	6.729	7.8529	5.5358	8.7195	9.3836	9.1562	5.2872	6.4602	8.088	6.5464	6.5045	7.0548	5.4891	5.6676	7.9345	7.665	8.5882	8.5229	6.1542	6.729	6.9641	9.626	6.8217	8.7395	6.6203	6.5256	6.2627	6.3128	7.3457	8.2244	8.164	5.8954	7.0257	6.2964	8.3133	5.7129	6.3465	6.0856
EA_G__CLSTN2	6.8205	5.6977	6.8997	7.8696	8.1281	5.2503	9.9628	7.2839	5.4275	5.9965	6.8699	8.2244	5.3624	5.5006	5.6761	5.4378	5.3756	5.7285	6.9158	6.928	5.439	5.8407	5.2828	8.1749	10.4373	5.2112	8.3856	5.3934	5.5934	10.5058	7.708	5.657	5.4048	5.7301	5.1216	6.371	7.2234	7.4536	9.8238	5.1649	6.1309	5.4848
EA_G__KRT15	6.6447	7.3006	7.2444	7.5904	10.0685	4.6526	4.7242	8.7603	5.3217	4.7074	11.2798	6.6491	8.6675	6.5006	10.2787	11.5355	5.2958	6.6294	9.1835	4.323	7.0635	4.5703	5.6076	5.4125	5.1034	4.2498	8.0252	4.9823	5.8626	6.1464	4.569	6.5217	4.726	6.2376	4.6378	7.824	5.7526	6.9139	5.7426	4.8536	5.2182	7.2027
EA_G__DENND1B	6.8796	6.6791	6.7675	7.167	7.3121	4.7193	6.0054	5.8785	5.9951	5.7859	6.8062	6.8071	6.1834	6.5026	6.5064	6.6765	6.7352	7.4498	6.5538	5.7247	7.5458	5.444	6.254	6.4954	6.4321	5.8145	6.9989	5.6087	6.7896	7.0417	8.8044	6.7401	5.1312	5.7658	5.6866	7.0638	6.6987	5.8053	7.2246	7.9649	7.4085	9.7169
EA_G__MOCOS	6.3435	6.217	5.8673	6.3988	5.7591	6.0636	6.2536	6.0695	8.1695	5.8245	5.7636	5.178	6.2517	6.3625	5.9401	8.0116	7.2424	5.835	7.0253	8.2061	8.3419	4.2747	6.5318	6.7043	4.8921	4.9152	6.2279	8.5545	5.9406	5.3174	5.7299	6.0836	5.0475	9.579	6.7561	5.8692	4.8174	6.2956	4.8126	6.9694	5.1227	7.8283
EA_G__ADAMTS2	6.1291	6.4219	6.3072	6.2602	6.0553	7.6736	6.1679	6.1605	6.2747	7.8228	5.8276	6.0975	6.1593	6.3934	5.9939	6.1867	6.1105	6.3238	6.2655	7.1276	6.3853	9.24	6.3816	6.4391	6.064	10.5608	6.2993	6.1669	6.0913	5.8184	6.9592	6.5254	6.4858	6.4164	7.2845	6.2169	6.6946	6.26	6.1651	6.1176	6.6823	6.2255
EA_G__CRISPLD2	4.9521	6.5086	6.0046	6.4789	6.4204	8.341	5.3443	5.3199	9.5989	6.4407	5.1924	5.9152	5.1351	5.9629	7.4849	5.9673	6.7264	6.3755	6.8858	7.9022	6.0834	7.0641	6.0387	6.0562	4.6744	6.4748	5.8013	5.4103	7.1873	4.8537	5.9612	6.0439	4.6397	5.7479	7.8721	6.6619	5.5499	6.5141	6.0975	5.8106	5.9287	5.1146
EA_G__SORT1	9.4669	9.8967	10.4119	8.7473	9.069	7.5501	9.7957	8.2508	7.5522	4.828	9.5383	9.311	6.7072	7.7287	10.084	8.6149	9.4198	9.2942	9.5593	7.1328	10.3974	7.1177	9.1408	9.4553	8.771	7.8878	8.4019	8.9861	9.395	9.9761	8.725	9.8258	7.525	7.3455	9.5294	9.9711	8.8826	9.2495	8.5976	7.9374	8.9389	7.3255
EA_G__RHPN2	8.4062	9.8289	9.1307	9.8958	9.5112	8.422	8.8264	10.3046	7.5243	8.441	10.9511	8.1916	8.3838	8.3638	9.1064	9.351	9.0013	10.317	9.6608	8.5513	10.0162	8.2615	8.511	9.6042	9.1654	8.774	9.3723	8.6248	9.6419	8.5652	8.4596	9.8901	7.3359	7.1282	7.9715	8.9964	7.3494	8.0286	8.5079	8.7618	9.2118	9.6543
EA_G__MID1	7.3575	7.8671	7.6225	6.5319	4.0253	9.2256	4.8036	5.4959	6.325	7.5814	4.2086	3.5424	6.8833	6.9614	7.3835	8.122	3.8564	9.1473	8.728	6.919	7.6831	6.2463	5.1206	4.2893	4.6719	9.4667	4.9579	6.9923	5.9284	5.9819	4.6915	7.7104	7.4575	6.4535	6.77	5.7152	6.2357	6.9547	5.4707	5.6867	6.5744	6.1604
EA_G__CHMP4C	6.9565	7.0253	7.3947	7.5918	7.4754	4.8844	7.1787	7.8679	6.6028	4.4485	10.317	7.7176	6.0677	6.7877	7.5568	7.223	7.8252	7.8167	7.6065	7.0129	7.5536	4.1153	7.291	7.4487	7.2768	4.752	7.1539	6.6016	6.743	7.0289	7.3943	6.9426	4.4597	7.4901	5.7615	7.3185	7.1496	7.4523	7.0903	7.0563	6.9539	7.0406
EA_G__ADD2	5.5151	5.7627	6.2715	5.5351	5.3535	5.5599	5.3892	7.3116	8.1238	7.7376	5.2749	6.6198	6.8201	6.7041	7.7484	5.5663	5.4313	5.514	7.5593	6.615	5.87	5.3961	5.8426	5.7224	5.3596	5.4215	5.824	7.2226	6.1584	5.385	6.318	5.8218	6.0723	7.1771	6.4609	5.5033	5.8193	5.5984	5.4563	5.3741	5.8633	5.6671
EA_G__KRT4	9.7219	10.5022	8.4322	5.6982	7.0224	4.8566	5.1172	5.7409	5.386	5.2757	7.0767	6.0104	5.2304	8.9052	9.3809	7.0895	7.6973	11.8887	5.8807	5.2835	10.6574	5.3413	5.9723	5.2885	5.2528	4.9354	6.8817	5.3237	5.0901	7.7435	6.0481	10.6123	5.1709	5.6639	5.5898	7.6778	7.4726	6.6242	7.5048	5.938	9.0937	5.2551
EA_G__TP53INP1	7.1211	4.0339	4.7723	8.5398	8.086	6.3946	6.9129	4.1921	4.5465	4.4168	10.0237	8.8782	6.0874	4.385	6.9501	5.9169	8.0398	6.8808	4.0731	6.0588	6.1896	5.8195	7.2924	7.6158	7.3659	6.6539	7.4096	4.5579	8.3123	7.0256	6.518	4.5237	3.7159	4.1588	3.8629	7.5959	5.8419	6.9661	7.8789	6.8327	7.7196	6.9651
EA_G__IL1R1	5.2433	6.2627	5.8067	6.4215	5.9244	6.9492	7.1119	4.9937	5.9677	7.8353	3.6556	3.6594	6.2725	4.2437	4.4349	5.2934	6.9309	8.6186	5.4512	6.8552	6.9971	6.0492	5.4991	5.0264	7.5645	6.6671	6.0735	4.3427	7.0316	7.5953	9.5627	5.5494	6.534	5.8414	5.9406	5.4326	5.9686	5.867	5.7212	6.7576	8.4675	4.3297
EA_G__TMEM62	7.949	8.9841	7.4582	8.7357	7.7995	6.6914	8.7591	6.6112	6.9449	5.0083	9.6191	7.04	6.0806	7.8635	6.9773	6.5984	7.8723	6.7557	7.3482	5.8364	7.4666	6.7297	6.3817	6.9338	7.9144	6.3979	7.9144	7.0368	8.9357	9.5611	8.2279	7.9178	5.5354	6.7559	7.2789	7.9863	7.5937	7.7068	7.1573	9.6225	8.7914	8.3443
EA_G__QRSL1	6.3255	7.0663	7.6998	6.9896	6.1002	6.4847	6.3128	6.6381	6.2711	7.2239	6.8255	6.306	7.0707	6.524	7.5577	6.823	6.2163	9.8119	7.6005	7.1792	6.4446	6.5324	6.662	6.5085	6.853	6.2605	6.4021	6.7167	7.0861	7.0512	6.4203	6.9416	6.716	6.6661	7.024	6.3049	6.576	6.5077	6.335	6.7189	6.5217	6.5624
EA_G__CTSL2	6.1246	5.9536	8.0184	5.8398	5.2216	6.811	5.9491	10.0876	4.8773	5.6422	7.1654	5.6257	7.5143	7.0538	6.9869	6.7205	6.2016	6.0463	7.5611	6.6177	6.8	4.0131	6.0759	6.7314	6.0738	6.6949	6.3154	4.8796	5.8041	6.2364	5.2613	6.3094	5.2328	5.8592	4.7117	6.6303	5.9621	6.8069	6.0663	5.9108	5.7413	6.684
EA_G__B3GNT5	3.7793	3.4685	6.5159	6.1603	3.4095	7.3741	3.4778	6.7891	7.2792	5.5026	2.7919	4.23	7.8987	8.0016	8.0347	8.5495	3.517	6.1118	8.2947	6.0722	8.3827	5.2203	4.1337	3.8927	3.425	6.7749	3.9863	6.2757	6.2889	3.2818	5.3898	3.9481	3.9823	7.6143	8.2305	3.8217	4.389	4.0838	4.0239	3.3395	3.7285	3.122
EA_G__FKBP5	6.4834	6.8716	6.9568	3.8841	6.7133	3.8884	8.7708	7.259	7.6642	7.9288	7.0193	7.8872	6.9262	6.8425	7.6901	6.9147	5.197	6.3683	7.662	6.8303	7.6612	5.6101	7.2054	7.1163	7.2278	6.0459	4.81	7.8443	7.3161	8.0223	7.5574	6.583	7.9119	9.7287	9.705	8.5209	9.278	8.2444	8.2987	7.3037	5.795	6.7475
EA_G__RTN4IP1	6.117	6.8379	7.1769	6.8102	5.6755	5.9245	6.2427	5.9343	5.5299	6.8057	6.7378	5.9614	6.7578	6.5737	7.0625	6.8266	5.9498	9.8497	6.8697	6.9462	6.2934	6.5158	6.618	6.3577	6.6421	5.9307	5.8042	7.011	6.6721	6.7837	6.2704	6.3566	6.1471	6.5897	6.5766	6.2828	6.5701	6.8294	6.3789	6.676	6.1714	6.4724
EA_G__PRODH	7.1166	8.5848	5.3758	9.6968	6.5807	5.2856	9.8394	7.3753	6.3146	5.293	9.9249	7.0011	5.3203	5.7339	6.3419	5.347	7.6571	9.6035	5.5817	5.3378	5.6238	5.3479	6.1188	5.8214	6.8612	5.7096	10.3624	5.3603	10.5759	10.8014	10.6464	6.5433	5.7008	5.7056	5.2411	7.8362	9.7075	7.7263	6.2829	10.3923	10.4958	9.6963
EA_G__EPB41L4A	6.9861	4.8197	5.9817	7.0521	5.6139	3.9585	5.7618	5.0865	4.4588	4.1933	8.3309	7.5778	3.9447	4.723	5.6705	6.4675	6.9902	7.9628	5.5236	3.7847	6.6248	4.0786	4.8247	4.7297	7.9019	3.733	7.1104	5.7975	7.6741	9.1353	8.1433	5.9446	3.8929	8.5043	4.0766	8.46	7.4104	6.8676	6.1666	5.3605	8.1493	5.4527
EA_G__TUBA4A	8.6679	7.9277	9.8841	6.3558	7.2991	6.9787	7.7877	10.2872	5.4635	9.339	8.4505	7.3348	5.2554	9.8507	9.0392	9.883	7.864	6.864	6.8061	6.929	9.6147	5.9611	6.2718	5.9367	8.2313	5.3819	7.3407	6.8341	6.603	8.5443	7.9706	7.1037	7.6902	9.8575	10.3707	9.5426	8.7304	7.511	5.7331	8.2523	9.4774	9.6581
EA_G__KCNAB2	6.4385	6.9684	6.4144	6.0389	6.5181	7.0723	5.8128	6.0837	6.1133	6.8849	5.9883	6.2011	6.5699	7.005	6.2776	6.574	5.4957	5.8221	6.6062	6.2523	7.7148	6.2041	7.063	6.9145	7.2979	6.0917	6.832	8.0451	6.3589	6.5327	7.0228	6.1342	6.0931	7.7142	8.571	6.3799	6.7238	6.3138	7.1485	6.6954	6.1875	7.0463
EA_G__DGAT2	7.2799	7.332	7.2533	6.6673	7.965	8.3338	6.793	8.1477	10.0431	7.9407	6.4224	6.7501	9.0412	6.875	7.3975	6.9004	7.5933	7.9026	7.6489	7.2634	8.3765	7.1782	7.7127	7.7189	6.9761	6.9919	8.6463	7.3746	6.3347	8.788	7.7984	6.9102	6.8479	8.7216	7.0924	7.0184	9.2249	7.3643	8.7326	7.1686	7.325	7.993
EA_G__INPP4B	7.4601	5.5609	6.5215	8.2586	7.8952	6.7976	9.0549	5.2547	3.8202	3.6908	6.6821	9.0399	6.2207	7.1384	7.9002	8.0145	5.8217	4.926	6.9207	4.0702	6.683	6.1541	8.4551	8.0536	8.007	6.2776	8.6376	6.7377	9.2115	8.2744	4.6256	5.9112	6.4328	7.1682	6.4642	4.5528	6.9154	7.0869	6.5131	4.7484	8.5041	4.2681
EA_G__SLFN11	4.0289	7.3239	5.1422	3.4401	6.6335	8.8063	3.6834	6.7822	4.9182	3.8921	3.64	3.5673	3.7837	6.9671	3.7642	3.9415	3.8847	6.6266	3.7182	8.7167	4.0784	3.9653	4.2244	3.8785	3.8369	5.043	7.1813	3.6201	7.8717	3.9968	4.9768	6.6291	3.8912	4.3298	8.1337	4.0513	8.2407	7.1963	5.6434	3.6617	4.1892	3.6138
EA_G__SLC1A4	6.5473	5.9221	7.3969	9.5614	7.3214	6.5813	7.7174	7.5515	6.8238	6.5279	8.9692	8.7983	5.1599	6.5164	6.1471	5.0227	8.4291	7.5205	6.6816	6.0689	6.7585	8.1553	7.1356	6.2838	8.6605	7.9164	7.973	5.6469	9.6396	8.2052	7.6134	7.1734	8.4565	5.8662	5.6933	9.795	7.5711	7.6858	8.5743	9.4274	8.5301	7.555
EA_G__IL27RA	6.0024	5.1022	6.3254	5.0221	5.7103	7.1938	6.6624	8.022	7.9466	6.8401	5.94	5.6764	7.2059	6.6802	7.4566	5.1144	5.553	6.2494	6.6266	6.157	7.1711	5.3261	5.8236	6.248	6.0306	6.2951	5.0143	6.6472	5.6912	5.1369	6.1566	5.3116	5.9985	7.3052	5.8023	5.2485	5.5587	6.4946	5.6416	6.8361	5.4282	6.5847
EA_G__PHGDH	9.8708	9.7155	12.1456	10.4041	7.4956	11.0193	8.8634	10.073	11.4252	11.585	10.1518	10.5835	10.268	10.1517	10.5352	9.8114	10.2124	9.2242	9.5149	10.987	11.6377	10.0881	11.2146	10.3288	6.3836	10.2162	8.4036	8.8862	10.2948	10.2975	10.5765	9.6763	11.5833	10.4226	9.2939	11.8037	10.0412	10.2098	10.8873	10.0767	7.832	9.4402
EA_G__RCN3	5.2909	5.3223	5.2139	5.3075	4.8944	7.2725	4.8899	7.2447	6.9714	7.8065	5.8705	4.9802	7.0715	7.8726	5.8531	5.3134	5.8991	7.9319	5.9486	6.2787	5.7989	7.4315	6.196	5.6812	5.1465	8.6519	5.1569	5.1262	5.037	5.0976	5.9227	5.2641	8.8111	5.3963	8.538	4.9039	5.2303	5.3868	5.1206	5.5482	5.3271	4.7636
EA_G__ALOX15	5.6846	5.5017	7.8356	5.2048	7.0995	5.0413	7.3458	5.794	6.049	5.0225	5.2275	6.833	5.1828	5.82	5.3026	6.9726	5.5579	7.2879	5.1568	4.9275	5.9771	5.0502	7.3987	7.7875	5.4194	4.8775	5.7052	5.1627	5.8205	4.748	7.5522	5.7924	4.8617	5.3688	4.8747	6.7162	5.4903	6.5594	5.2819	5.5756	5.5439	6.2052
EA_G__BASP1	7.2406	7.5537	7.4218	9.3298	7.8868	9.6218	8.299	9.8899	8.5702	8.8385	7.615	7.3633	7.9699	7.3156	8.8249	7.1357	7.5611	7.6596	7.8624	9.069	7.4602	9.3455	8.8172	9.5101	8.6996	10.2572	7.2745	8.6855	7.8865	7.1992	7.8206	7.9689	9.3781	8.3597	9.3406	7.3915	7.6651	7.2088	7.8876	7.0879	7.7309	7.4299
EA_G__SLC35A3	6.8764	6.9759	7.094	7.2907	7.3304	6.8804	8.5712	6.8258	5.0838	6.1417	8.3065	7.4292	6.5046	6.4687	7.3555	7.401	6.7868	6.9591	7.1973	7.1317	7.6052	6.4983	6.4506	6.4749	7.5416	6.399	6.7088	7.0361	7.4263	7.7302	6.4726	7.0178	5.9109	6.6303	6.5504	7.5868	6.8543	6.5599	6.6407	7.2108	6.9675	6.8161
EA_G__LASP1	9.6609	8.0985	9.8876	12.0442	9.6875	9.6566	9.4254	9.0081	7.9105	8.4593	9.9506	9.0513	8.3063	9.103	9.3339	9.9633	10.2347	9.1961	8.9051	9.5649	9.1974	8.8417	8.05	8.4477	9.4768	9.8741	8.748	9.3074	11.1542	9.8979	9.2573	9.0258	7.5888	8.5865	9.4112	8.3876	7.9475	9.3171	10.7741	8.5215	11.0943	8.9903
EA_G__LEPRE1	6.6604	6.106	7.0872	6.4096	6.721	8.8094	6.5042	6.8624	8.5287	8.9158	6.903	7.1955	7.9912	6.5855	6.995	7.2352	6.5996	6.9778	7.1388	8.5846	7.1597	8.3424	6.6356	6.827	7.2675	9.3727	6.8462	8.1582	6.7103	6.9469	7.0673	6.3158	9.2172	7.4327	8.3081	7.7253	7.4537	6.4544	6.851	6.5327	6.2642	6.3042
EA_G__PLCB1	6.4221	5.2373	4.0511	6.0303	7.481	6.0417	3.957	6.6046	6.021	6.8197	4.0873	6.3016	6.6798	4.6381	4.0717	5.9303	6.8876	4.4982	4.7203	8.1615	7.4687	8.739	6.8326	7.8823	4.3357	4.3	6.0516	6.6256	4.7943	4.8304	5.7997	5.8301	5.7799	5.2577	4.1843	6.0416	6.5736	7.0923	7.5776	4.5869	4.5258	5.4937
EA_G__BAG2	3.8525	4.3299	5.1524	3.8546	3.7077	7.7073	3.4446	6.687	6.4005	6.3219	6.2911	4.5582	8.1386	7.9545	7.1173	6.8822	6.5667	4.381	6.3286	7.4399	6.2299	7.9982	5.0232	5.4682	4.334	7.5584	3.3871	8.1211	5.4731	4.2242	4.7056	4.5241	8.2828	6.9224	8.5168	5.2833	3.6269	5.8246	5.7192	3.7646	5.4666	3.4296
EA_G__WWTR1	8.5062	8.2368	8.9816	6.8254	6.4282	9.2967	6.3017	9.5252	6.9849	10.1663	7.4681	8.7618	8.6822	9.1395	10.0926	8.6425	7.9111	9.9261	9.4158	10.9385	9.7446	9.7977	7.4116	7.6245	5.7242	8.8946	7.0799	9.0873	7.4909	7.9722	7.2931	7.9894	10.0168	8.4116	7.8581	5.6614	9.2749	8.2689	8.4534	7.9319	7.752	6.0988
EA_G__LLGL2	9.3921	8.6915	7.7394	9.2172	8.9636	6.2317	8.8119	8.2638	8.0503	6.7246	8.8674	9.3444	7.2747	7.7949	7.7966	7.8608	9.2732	8.3801	7.9179	6.2965	8.1822	6.0368	9.5561	9.9449	8.5159	6.5672	8.6457	6.5173	10.4167	8.8447	9.2616	9.2767	6.1906	7.5902	6.2778	8.6172	8.1435	8.5877	8.313	9.276	8.2995	9.4724
EA_G__TMEM63C	7.9641	8.592	6.0696	8.7886	7.8238	4.5419	8.2991	4.5942	6.0379	5.3185	8.5746	8.1623	7.3653	4.9035	4.698	7.1967	8.3326	7.5247	6.3223	7.603	7.3911	4.2781	5.8289	6.3846	8.1346	7.6805	8.2487	4.4405	7.4794	8.0082	9.2885	7.5344	4.2336	4.6113	4.8724	8.902	7.7339	5.4872	9.4194	7.6357	8.1439	6.3547
EA_G__PPP2R2C	7.8327	6.1796	7.3569	7.5506	8.1042	5.4216	7.0691	5.1203	4.6485	4.7309	6.9322	6.837	6.4121	6.8921	6.7967	6.877	4.8079	5.2296	6.7186	5.794	5.0392	4.7801	8.0008	7.1813	7.9936	5.7678	7.178	4.6369	8.7009	6.4914	7.0986	4.9998	6.6378	4.9071	5.0094	4.7937	7.4191	6.3323	7.1069	7.6812	7.7757	8.092
EA_G__PRNP	8.5325	8.966	9.4338	7.1683	7.8965	10.0008	4.5591	9.9432	9.4469	10.1123	6.5717	6.5746	9.6536	10.4869	10.7038	10.0801	5.4384	8.4081	9.0153	10.7803	8.4326	9.5619	7.9611	6.9297	6.4105	9.4125	8.7312	9.6684	7.846	5.9126	6.856	9.276	9.3299	8.787	9.619	7.018	8.8016	7.8626	8.2148	6.9197	7.003	7.6553
EA_G__MOSC2	8.0345	4.9492	4.5615	7.5891	6.0434	4.9183	6.6017	4.7275	5.6269	4.8805	7.1689	4.5447	8.1637	6.7397	7.0843	4.4107	7.8313	7.6663	4.5017	6.6911	5.0552	4.6464	6.3374	6.1572	6.434	6.4259	7.506	6.9319	7.7187	7.6446	7.4599	4.5336	6.0516	8.5506	6.5042	6.0488	7.5804	7.9605	7.1899	9.0647	8.456	5.7498
EA_G__GPR81	4.9668	6.0516	3.5022	7.939	8.2233	3.5141	6.9006	2.868	3.5631	3.7151	8.6916	6.629	4.3242	6.9887	7.1222	5.8908	8.5484	7.3637	3.5687	5.2175	4.6384	2.9743	7.6206	7.1395	6.8412	3.373	8.2863	4.1802	8.6643	7.4676	6.8526	6.064	3.7546	3.8905	2.7273	7.8144	5.8669	6.462	5.8118	6.8539	6.9531	6.1376
EA_G__GALNT6	8.9187	8.6602	8.9768	8.6345	9.9625	4.7514	9.6093	7.1112	6.9446	6.5514	9.8516	8.9842	5.5323	6.8487	6.3386	8.2409	5.6076	9.23	7.851	4.671	8.141	5.0226	8.965	9.2303	9.3822	4.7392	9.425	5.2894	9.393	10.0229	9.2867	9.2247	4.9243	7.8977	5.0908	10.1047	10.2162	8.6008	10.6343	9.5105	9.5923	9.4242
EA_G__RHOD	9.4383	6.3205	9.3367	8.4884	9.4652	5.5742	9.5478	5.9601	8.9794	7.7977	9.6713	9.1259	8.1197	9.1846	9.0276	9.3317	8.4561	8.733	8.065	7.6813	8.0761	6.3719	8.9545	8.7762	7.9949	6.3457	8.7998	7.5	8.5256	10.589	8.8677	6.6228	6.1711	8.7664	6.7042	8.4099	9.6388	9.4683	9.594	8.2317	8.1995	8.4584
EA_G__VIM	5.3344	5.158	5.9012	5.9379	5.5988	10.7977	5.4171	11.3817	8.0182	11.1534	5.2627	5.1136	9.4485	5.5819	6.772	7.9764	5.239	5.4915	9.8841	10.9289	7.2613	11.442	5.4061	5.6065	7.7675	11.8277	5.75	10.3946	5.2262	5.1511	5.8853	5.6673	11.8249	7.839	11.273	5.4748	5.6659	5.91	6.5815	5.3475	6.071	5.5621
EA_G__RAD51C	6.8606	4.935	6.7649	8.5637	5.8431	5.7975	7.0133	6.7198	6.1266	6.765	6.9505	7.073	6.4052	6.0643	6.7	6.7522	6.6322	6.4426	6.4353	6.9924	6.4504	6.032	8.6623	8.8987	6.8283	7.2504	5.918	6.8714	8.1751	5.6679	5.7756	4.7278	7.4921	6.206	7.2721	6.2036	6.2317	7.1679	7.1046	7.3229	5.7122	8.0509
EA_G__COPS8	7.8668	7.6287	8.5364	7.7598	8.0338	8.5485	7.7398	7.6158	7.3489	10.6433	8.003	8.2763	8.0118	7.6235	6.8459	7.6459	7.5061	7.4184	8.1777	8.985	7.7039	8.5295	7.9888	7.9185	8.7738	8.5887	7.4272	8.2657	7.9461	7.522	6.7061	7.357	8.175	8.882	8.7343	7.6282	7.8232	7.7211	7.7819	7.7286	7.4214	7.6205
EA_G__STC1	4.2023	5.8475	6.0641	4.1757	8.2063	5.9901	7.028	4.5059	4.7051	4.7755	4.4204	5.5825	6.1916	4.6151	4.2116	6.5629	4.4202	5.4927	6.3077	6.2183	6.5919	6.4939	4.4274	7.0916	7.9985	4.5744	5.1884	5.6217	6.2482	6.0242	5.9654	4.519	8.2941	8.0628	6.9703	6.0986	5.5548	5.1707	7.1141	5.2534	4.8888	4.6737
EA_G__ALDH1A3	8.1307	7.1477	9.9419	5.5462	5.1046	5.1706	5.5215	10.5997	7.9756	6.3243	10.1103	5.3869	5.9514	8.1333	9.9057	10.7197	6.5167	8.2221	9.5832	5.4772	8.5415	6.7888	6.6298	5.1017	4.9374	6.9108	7.7315	6.1897	5.2779	6.2757	5.6755	8.4467	5.2612	7.2848	6.2392	5.4542	5.849	7.0659	5.5996	7.2203	8.0301	5.9235
EA_G__GLT8D4	5.4162	4.7151	6.1753	4.6364	5.56	8.5909	4.5511	6.4599	6.9925	7.8917	5.3506	5.6089	8.3612	4.909	5.3307	6.439	4.6377	4.642	6.4971	7.7787	4.8082	7.0644	6.5883	5.5457	5.5823	6.3558	5.8193	6.3478	4.9884	4.4178	5.2385	5.3691	7.1987	7.6105	7.5528	5.0621	5.652	5.7258	6.6445	4.8007	5.6412	5.769
EA_G__KRT80	7.039	7.9874	8.8008	6.8573	8.593	7.3834	7.596	7.8916	6.2923	5.5115	6.6546	8.7953	4.771	6.296	6.8175	8.4339	8.099	6.7786	8.3352	7.0502	6.6578	5.3198	9.607	8.2581	6.591	5.9135	7.3827	8.1626	6.9772	7.0231	5.9269	8.9574	6.4723	7.4273	8.2193	8.8584	6.6926	7.57	7.3203	5.5589	8.3578	6.5803
EA_G__PTPRG	5.21	4.499	7.3722	6.6243	6.3169	8.0079	5.5387	7.4888	4.6346	7.7804	4.1773	4.0564	5.6861	5.5681	5.9594	4.0333	5.0223	5.3326	5.4838	5.8104	7.3366	8.2883	6.2363	6.1699	7.0743	7.2877	6.4314	7.5303	6.992	3.9613	6.0453	4.4986	8.4789	7.313	7.5088	6.5257	4.9075	4.399	7.2354	6.022	5.5192	6.6035
EA_G__ARSJ	6.7046	4.1618	3.7627	7.2598	4.4582	8.8682	4.1374	6.9042	4.5932	7.8876	5.794	4.076	6.2482	7.0085	6.1297	6.2761	4.735	5.422	6.2652	6.6957	5.9446	7.9663	4.401	4.4831	3.7109	8.3193	6.0887	7.9827	5.8497	5.4783	5.9855	4.3994	6.8218	6.515	7.9454	4.071	5.9841	6.0991	4.5306	4.5496	6.0924	3.8537
EA_G__EDIL3	4.2675	4.4678	4.1222	4.2003	4.1091	10.3398	3.9199	7.7527	10.7627	10.9328	4.1415	6.574	4.1486	5.3387	3.582	5.0077	4.1852	4.3808	6.4883	10.5374	4.466	10.2267	4.3709	4.7425	3.968	9.6383	4.9919	9.9608	3.9369	3.9483	4.4458	4.7088	7.9988	6.332	7.8969	4.3348	4.1115	4.1293	3.8469	4.2709	4.2317	3.9187
EA_G__PLAU	5.9385	4.9315	4.724	4.8841	4.8479	8.6933	4.4801	8.7436	5.0131	5.279	4.9719	4.9397	4.9615	8.8449	7.0979	4.7291	5.766	6.7666	5.7082	7.4742	6.0511	8.372	5.0009	5.0307	4.8073	7.1008	5.1139	9.1058	5.2563	4.9718	5.5771	6.7449	11.4254	6.0597	6.0434	5.0122	5.0896	5.0643	5.9255	5.1345	5.0074	4.9608
EA_G__GDF15	8.7068	7.1724	5.6526	5.962	9.4267	8.161	5.4139	4.8212	5.2088	5.2556	9.4947	5.5548	5.304	6.6795	5.3912	8.6846	8.3132	5.6073	6.0021	4.7668	5.3299	5.2659	9.3891	9.0769	6.3475	4.9128	10.0786	5.4678	6.8564	5.8438	6.2679	5.9322	5.7552	5.5337	5.7553	6.3737	6.9215	6.5323	8.1624	6.3288	9.6974	8.3241
EA_G__TMC4	8.64	6.5461	7.9944	6.2488	8.4629	6.0186	7.9932	7.4768	6.8929	6.0736	8.9858	7.8696	7.7434	7.1081	7.1204	7.0207	9.016	8.0437	7.3004	6.301	9.6454	6.3986	8.2183	9.2347	8.4141	6.5111	9.0318	6.0146	8.9193	9.6407	8.511	6.7853	6.3755	8.8233	6.0398	8.8164	8.9131	8.8138	7.8806	8.7088	10.0027	8.9853
EA_G__PRKAA2	8.0302	4.662	7.4372	6.785	7.1607	3.6146	3.5888	6.7853	4.3759	3.844	7.8428	7.047	4.9962	4.6438	5.4194	7.5108	7.6447	6.1764	8.9101	5.5563	7.0928	7.0815	3.4372	4.4841	7.5284	4.0888	5.4735	8.2387	6.3459	7.3935	7.3877	4.6852	7.404	6.4435	4.3005	9.8826	8.7343	7.2639	7.2116	5.8771	9.668	6.11
EA_G__TPM2	5.1606	5.2415	5.3477	5.2106	5.4191	8.835	5.1325	7.9514	4.8864	9.1702	4.8827	5.0739	8.6567	7.1902	5.372	5.5809	5.3692	6.0067	6.5898	8.3943	7.59	9.1634	5.7814	5.7214	5.3237	6.0657	5.2437	5.8531	4.9569	5.4943	5.9133	5.5924	7.7389	7.1555	8.7479	5.3061	6.742	5.3229	5.5192	5.3575	5.6253	5.2939
EA_G__SLC6A15	3.7785	7.1291	3.3198	3.273	3.5835	3.7372	3.1815	6.8971	5.2064	5.4965	3.1428	3.5551	7.6077	6.8517	3.0742	3.4851	3.6928	3.4727	3.4102	7.1976	3.5516	3.4367	3.5232	3.5706	3.5068	5.6345	3.6135	3.5408	3.2714	3.3421	3.7884	7.2049	7.9561	7.7974	3.8068	3.4867	3.9042	3.6704	3.4567	3.4996	4.1987	6.9265
EA_G__NCOA3	8.1052	9.2571	9.592	10.8214	9.0906	8.4774	8.7035	8.4412	7.5889	8.6077	9.7062	7.983	7.965	8.448	8.4315	9.4085	8.0727	7.9253	7.81	8.1464	7.7562	7.9493	10.8399	11.1574	8.5521	8.1327	8.578	7.2583	8.1256	8.9069	7.9599	9.2201	7.7563	7.9861	7.9172	7.8126	8.8724	8.4034	7.8476	8.766	8.6426	8.1996
