Cell lines	600MPE	AU565	BT474	BT483	BT549	CAMA1	HCC1143	HCC1395	HCC1419	HCC1428	HCC1569	HCC1806	HCC1937	HCC1954	HCC202	HCC3153	HCC38	HCC70	HS578T	MCF7	MDAMB134VI	MDAMB175VII	MDAMB231	MDAMB361	MDAMB453	MX1	SKBR3	SUM1315MO2	SUM149PT	SUM225CWN	SUM229PE	SUM52PE	T47D	ZR751	ZR75B
Response	1	1	-1	1	-1	-1	-1	-1	-1	1	1	1	1	-1	-1	-1	-1	-1	-1	1	1	-1	-1	-1	-1	-1	1	1	1	1	1	1	-1	-1	-1
RS_G761__KCNH2__KCNH2	4.3974	7.7662	1.4548	5.3576	0.71042	1.2467	1.9196	0.35086	0.38368	3.1721	6.314	1.4979	1.0985	0.37606	0.31183	0.77169	0.11002	0	0.87414	4.2125	6.9596	4.0376	0.65077	3.5139	0.86035	1.3898	3.6229	0.98382	0.73108	2.2861	3.7015	4.5043	0.55219	4.1343	3.3441
RS_G1852__OAS1__OAS1	5.873	7.3675	0.87272	8.3026	0.27817	0	2.6877	0.69174	1.2597	4.9797	8.7283	7.0169	7.0589	5.6182	6.2165	1.7419	1.3085	9.4755	0.57917	4.6882	5.5888	4.7801	4.2812	3.7085	0.67147	5.0287	5.5583	0.85197	5.9702	10.0225	5.7018	7.0538	5.5675	5.011	2.773
RS_G18018__MAOA__MAOA	1.499	1.4209	1.6194	1.0587	0.45391	0.25499	0.84025	0.71244	2.1915	3.9341	1.285	6.3396	3.7694	3.3519	0.7258	0.82697	0.24317	3.7618	0.66434	5.926	4.9146	2.7722	4.261	1.9019	0.75157	0.85341	1.8171	3.1022	3.848	0.34473	6.5254	3.8521	0.40455	1.4899	0.56698
RS_G16506__KCNJ12__KCNJ12	5.0094	4.985	0	0.32763	0.36341	0	0.24471	0.27287	1.565	0.20359	0.092253	3.5222	2.7475	0.34782	0	2.5407	1.931	0.046719	1.0266	0	0.81377	0.69034	0	3.3482	0	0.91828	1.5272	2.0692	2.4894	3.881	2.1048	7.9899	0	0	0.27664
RS_G10477__COLEC12__COLEC12	0	0.63558	8.1128	0.80205	0	4.195	1.1604	4.2167	5.2352	0	0.22341	0	0.47351	0	4.9758	2.7664	2.5115	3.3369	6.0277	0	1.3449	0.13838	0	0.68978	2.5487	1.3747	1.441	0	0	1.1812	0	0.34827	0	0.43999	1.7849
RS_G13457__KRT13__KRT13	4.7028	5.6353	0	10.5246	0	0	3.7695	0.17168	0.96284	8.3302	0	10.7883	10.8032	4.6532	0.28749	0	0.28252	0.37577	0.17184	0.28982	0.94145	5.2467	0	0.39019	0	1.1797	5.3517	0	0.53341	0.75767	8.4012	4.1338	6.7909	4.6193	0.40504
RS_G7186__UPK3B__UPK3B	4.3257	6.4156	1.2753	3.3334	0.3283	2.2296	1.8455	1.4654	5.3559	2.2089	1.8358	4.9271	6.6409	1.9608	1.9226	2.5166	0.59218	4.232	0.67228	4.4801	2.2886	9.9063	2.0549	1.5968	1.4107	2.1768	5.4363	1.7678	7.0829	4.2696	9.7015	4.642	9.9793	4.186	2.2517
RS_G12798__FAM178B__FAM178B	0.98678	6.1251	3.3804	4.5129	0	1.8948	1.2255	1.5866	3.0813	7.686	5.4392	4.6694	0.87177	0.22072	1.9869	2.1263	0	4.9947	1.438	3.3825	4.1545	3.0771	0	4.1486	0	1.9637	4.8261	1.399	3.5345	6.4377	0.3566	2.3155	0	4.0431	0.92306
RS_G3586__RAPGEFL1__RAPGEFL1	5.9537	7.4913	4.0582	7.5022	4.1912	5.1146	3.3035	3.1857	2.9684	9.3785	5.0089	3.3274	6.6928	3.2089	3.7361	3.7624	5.0324	4.6098	2.8293	4.2898	7.0599	5.3646	4.4551	4.0532	3.1024	3.1666	6.7893	4.5768	5.97	2.4325	7.7749	5.3003	7.3069	7.8427	6.2748
RS_G5570__C20orf95__C20orf95	7.1527	5.7301	0.36922	6.5895	0	0.95995	0	0.53327	0	3.1196	6.5813	3.8441	4.4064	3.3533	0.32432	0	0.17468	1.2766	0.37972	0.4825	0.96841	5.9026	5.4557	7.0925	1.4186	2.1898	5.6898	0.31651	5.4739	9.1567	5.0249	8.2665	6.8861	5.7786	3.3218
RS_G2058__PTGS1__PTGS1	1.2823	5.5913	0.41366	0.89833	0.19889	0.15627	0.3255	0.42546	1.1935	0.50646	0	3.0479	5.1685	2.3629	0.91684	0	0.59629	4.5669	2.8314	1.0897	1.5971	1.4029	0	0.14514	0.49771	0.40252	5.6939	0	6.3472	1.0494	7.7469	0.65876	0.72306	0.28281	0.28682
RS_G19397__L1CAM__L1CAM	5.0302	6.9187	1.3538	7.716	0.69507	5.9379	7.576	4.0551	1.4333	4.2916	7.5056	2.0386	4.8733	5.8085	2.8532	7.6995	6.3652	0	5.7132	6.7579	8.1829	9.454	4.142	3.0137	0.26696	5.233	6.4653	1.738	10.535	5.6684	8.13	7.9265	4.4721	5.0006	0.9737
RS_G3163__ATP1A3__ATP1A3	4.3274	10.0114	1.9462	7.3666	4.4612	5.383	4.7758	2.7679	2.0801	5.4381	6.8753	4.7827	5.96	4.1124	0.802	4.0167	5.5134	0.82382	2.2676	4.8029	8.8681	5.5177	5.3107	3.0664	0.25964	3.2193	7.4159	5.8738	1.5203	5.3463	3.7056	5.114	5.5049	6.2309	6.8914
RS_G14942__PVRL3__PVRL3	3.0342	0	3.0716	0.94041	7.9748	0	3.0315	5.3155	4.3643	0	0.24295	5.4957	0.84611	3.2823	2.9367	5.4663	6.1654	4.3798	6.1795	1.504	0	0	7.1246	2.1541	1.4176	3.6413	0	3.159	4.2008	0.6055	3.0716	0	0.55555	1.0069	0.80047
RS_G2877__XYLT1__XYLT1	2.0844	5.3814	2.4407	4.4724	0	0	0	4.3641	0.50241	0.97748	5.7699	1.0611	4.0689	2.9429	0.11321	0	0.084142	2.9742	6.5261	3.3908	4.8806	2.0604	0	2.621	0.37812	5.5435	5.1266	7.6523	3.9492	2.7842	1.0292	1.651	2.5806	2.3564	1.7844
RS_G21704__CXorf61__CXorf61	0	0	0	0	0	0	6.7283	6.8917	0	0	0	5.3053	5.6279	8.1888	0	7.9773	6.7528	7.9893	4.7743	0	0	3.4023	6.4157	0.23646	0	0	0	0	0	0	0	0	0	0	0
RS_G14281__AMZ1__AMZ1	4.3637	2.5402	1.9577	6.2024	0	0.80029	0.097203	0.82505	2.9497	7.2086	0.50476	4.8755	3.3	0.55233	2.0374	0.33663	2.2512	0	1.4567	4.4576	5.0749	1.1402	0.26129	5.3051	0.82924	0.31317	1.2553	1.7794	3.5693	2.3375	1.8046	0.50673	7.1278	5.9031	2.0128
RS_G28377__AL450306.14__AL450306.14	3.5215	4.8024	0.74196	2.0401	1.496	2.6412	2.3114	1.9374	1.9689	3.5546	1.9543	3.28	2.8507	2.0548	3.1078	2.2624	1.7205	2.1189	1.5042	3.2992	2.9209	5.057	2.1669	2.5187	2.2729	3.5583	3.5767	2.7609	5.8757	2.1186	2.6059	4.5232	2.9519	2.4941	7.538
RS_G3022__DHDH__DHDH	2.4187	2.2579	0	2.616	0.76248	0.93381	3.6498	0	0.9645	2.8425	5.3073	3.5907	4.9283	1.7072	3.3883	2.7314	0.60282	5.2884	0.84227	2.6151	4.4139	1.6583	1.1133	1.3322	1.9645	5.9895	0	4.6054	2.7517	4.3504	4.0578	3.0985	3.2846	3.1819	1.8332
RS_G10396__MX1__MX1	5.0317	2.1882	2.341	9.7474	1.2107	2.9127	0.58267	3.4654	1.7872	6.108	12.6076	7.2285	8.2993	1.5829	7.8353	0.13769	5.2771	11.1388	0.88359	2.2	2.5585	4.8037	2.0846	2.1457	2.1832	9.98	1.2321	2.5812	8.0306	10.2882	4.8585	3.8153	7.6903	2.718	0.84851
RS_G2983__SNX16__SNX16	4.0779	1.6934	4.2149	4.1823	4.5164	4.3061	3.3166	3.6461	8.2469	3.5318	5.1328	2.4131	1.3807	3.4426	3.6058	5.2872	5.6931	4.6284	4.0156	4.3623	4.5973	2.0483	4.6342	2.7031	3.0069	4.2101	2.1	2.7695	2.2722	2.668	2.6571	2.908	3.3002	4.4856	2.4767
RS_G8036__ITGB7__ITGB7	2.8381	3.0819	1.1466	2.1593	0.68558	1.0459	1.566	1.2253	2.9661	2.2489	2.0587	1.0802	2.7707	2.6655	1.8513	0.71429	1.6216	2.2171	0.30674	2.3043	2.6539	3.0913	0.258	2.0046	0.91278	2.8123	1.8192	2.9868	1.7663	2.7812	2.6722	1.5759	3.646	0.84553	0.26265
RS_G5550__INHA__INHA	2.803	4.8975	2.2334	4.1783	3.3355	2.7597	0.72731	1.7803	2.3328	2.9138	4.8991	0.72573	2.4269	4.5893	3.0781	4.3798	0.93674	3.1222	0.68198	5.2467	4.2458	4.8462	0	5.8881	4.6199	5.2265	5.7173	4.7246	9.0315	3.2059	5.2734	8.0172	4.0025	4.4776	1.5657
RS_G4477__IFIH1__IFIH1	5.5519	5.0104	4.6702	6.8435	0.57761	6.2807	4.7528	3.2819	4.2422	5.0304	10.0636	4.7985	6.0943	6.2488	5.7048	4.7248	3.5667	8.2669	1.4788	3.9352	6.35	4.2171	3.4482	3.4814	4.6777	7.2422	5.237	3.3564	5.3174	6.8807	4.8413	5.1924	4.8213	5.4048	4.3929
RS_G11572__GUCY1A3__GUCY1A3	2.1771	3.1726	6.4643	3.3749	2.7359	0	6.4477	4.1023	6.8828	0	3.6806	4.4499	2.4961	6.7048	5.4754	0.41764	2.2033	8.1568	0.45496	2.1317	0.22101	4.4527	0	5.9314	6.7064	4.7362	0	1.7081	3.0364	3.5309	1.891	0	0	3.6042	3.0295
RS_G9625__THRSP__THRSP	2.1278	4.3884	0.78214	4.4766	0	7.3255	0.86725	0.45662	3.8694	9.4885	0.66446	1.0359	0.82234	1.964	3.2841	0	0.56364	0	0	1.0951	8.4908	1.3706	0	0.55945	1.7591	0	2.4593	0	1.0012	5.8862	0	4.518	0	6.3295	1.2806
RS_G16187__BEGAIN__BEGAIN	1.5527	3.6808	0.77715	4.4646	4.2433	1.7438	3.3344	1.032	0	3.3095	3.7931	1.2583	2.6657	1.2259	0.77226	4.2185	1.838	0.71485	2.033	2.4041	3.0335	2.7335	0.49161	1.4905	1.4344	3.458	1.7416	5.0066	7.3112	1.8843	2.3465	2.027	1.75	2.1009	3.6259
RS_G11355__NFASC__NFASC	1.5238	2.6199	3.8705	3.5415	0	0.46207	1.1935	0.66933	0.12432	1.2733	5.5101	3.0635	2.2495	0.46045	0.04732	5.5934	4.7633	1.7588	0.053461	0.91564	8.5256	2.7015	0.89043	0.83418	0.24318	6.7598	0.67438	3.7217	1.9647	0.53225	1.3598	2.2215	0.54778	0.82443	1.5125
RS_G2195__SUSD2__SUSD2	9.5721	12.9805	4.5994	6.4995	0.77228	6.1627	4.8384	0.6937	7.5174	10.8044	1.7112	4.6173	6.3905	5.5285	10.1244	8.6238	3.3648	2.2529	5.9218	5.1737	8.0181	8.8025	5.7008	10.4084	9.9673	2.6368	12.6232	1.6938	8.6608	11.9002	6.8074	10.2734	4.6774	3.7359	2.6465
RS_G11441__TM4SF18__TM4SF18	0.063627	0.33303	5.7812	5.1303	2.4429	4.9049	7.7835	1.6684	4.4129	6.1745	0.21054	0	6.7182	3.4103	6.1319	3.3713	5.3957	3.9681	0.17964	2.3027	1.2533	0.55321	8.1172	2.2255	2.2631	2.2897	0	1.5581	0	4.1609	0.24403	0.76783	2.6463	1.224	0.11762
RS_G13222__KRT86__KRT86	11.2673	10.5962	1.9711	3.7791	1.8035	1.0905	3.1796	3.3399	2.1769	4.6903	9.0074	1.2196	6.6936	7.2836	3.6764	8.9666	1.7662	3.6699	1.4093	6.508	2.4463	11.8802	2.9576	8.4168	1.4122	7.0122	7.8604	0.88888	11.8716	14.0462	4.6587	13.4224	3.4882	4.8114	2.5588
RS_G12288__SCNN1G__SCNN1G	0	4.2825	0	4.9145	0	6.1694	5.6465	0.51299	0	4.2032	0.1358	0.4365	1.994	3.6997	0	2.0358	0	1.0232	0	1.07	2.1905	1.7844	0	0.17844	0.26289	0.30298	1.7543	0.49282	0.92144	1.1277	8.2633	6.8146	0.91373	3.0802	0.48344
RS_G2581__WFDC2__WFDC2	5.881	0.54379	1.0823	3.5558	0	1.0374	7.1896	0	0.63224	2.3983	10.9307	5.6399	7.8153	0	0	0.61203	2.5221	10.1559	1.2948	5.317	9.1243	5.3322	1.7721	5.5543	1.9279	11.7635	2.6788	1.7574	13.4728	5.7118	10.0536	0.64571	0.90703	7.0559	1.9893
RS_G7446__CHAD__CHAD	9.356	3.8247	3.9607	2.898	0	1.7746	2.929	2.0717	2.1301	4.5495	2.0501	1.1792	2.6454	1.5826	4.4551	2.2674	2.6437	2.0821	2.1187	2.7951	2.5057	3.4557	0.5126	4.7572	3.6697	2.0162	2.3716	2.1866	3.6972	2.9093	4.911	3.6098	1.5545	1.7094	1.6429
RS_G12507__LY6D__LY6D	0	7.9331	1.51	0.56206	0	0	6.0624	0	0	0	0.89626	3.238	9.526	4.072	0	3.4716	0	1.1886	0	1.421	0.31951	10.3707	0	3.1397	0	0	5.8242	0	4.0858	6.2628	10.4361	3.3461	0	1.2481	0.42717
RS_G18066__GSPT2__GSPT2	6.2175	0	0	0	0	0.20684	4.3112	1.7446	0	0	0	0	0.16352	0	0	2.1342	4.5726	0	3.0978	0	0	2.8417	0	0.40592	0	4.1618	0	0	0.20974	0	2.4223	0	1.1025	4.9864	5.5342
RS_G1700__WNT11__WNT11	0.95554	0.84773	1.4629	4.0612	2.4978	0.26815	2.2228	0.15487	0	2.7953	7.6623	1.9448	1.5183	0.12823	0	1.0841	1.9585	4.9662	1.6509	2.6715	4.2544	3.4588	0.64391	1.6128	0	3.2041	0	0.94427	8.51	4.5096	3.1453	1.8569	2.1116	0.65293	0.19576
RS_G17229__CYP4F3__CYP4F3	2.8276	0.42396	0.82997	2.1145	0	0	1.9205	3.0475	0.096044	0.23782	0.76	3.2897	5.8049	5.0833	0.17316	0.17701	0	3.2122	0	0.71066	5.7984	1.6698	0	0.99839	0	0.71488	0	0	3.0069	2.4756	1.7387	4.6287	0	3.1686	0.3519
RS_G2274__TIMP3__TIMP3	7.1676	1.4484	0.20404	4.3628	0	0.54618	0.15932	7.2281	0.73369	0.19599	11.9588	8.3461	9.2857	0.17607	0.096304	7.7407	0.49099	0.92898	10.0072	9.644	8.0855	7.3564	5.7329	2.0761	1.5956	5.5897	1.9357	0.46861	4.2941	4.6453	7.3446	4.9621	4.2155	2.5201	0.72845
RS_G5020__PGF__PGF	0.19294	3.811	0	0.23905	0	0	3.0438	1.7839	0	0	4.332	4.2791	2.3044	0.87483	0	2.3457	2.0848	1.7793	6.819	2.1754	6.4551	1.2129	7.173	0	0	2.8136	2.5559	0.22406	4.0669	4.2315	3.9857	1.1334	1.9228	0	0
RS_G3648__CCL2__CCL2	3.6403	0.54392	0.65074	3.6296	6.3911	2.7066	0	3.1093	0	0.783	2.6054	0	0	6.1951	3.0177	6.4836	4.4802	6.7484	5.2483	0	0	0.86553	10.2673	3.763	0	10.6981	0	0	3.3073	3.2444	1.3981	0	0	0	0.81051
RS_G15160__THBD__THBD	2.1121	3.0337	1.9883	4.929	0	3.8626	0	1.4846	0.37671	2.3226	0.27449	6.4554	0	0	0	0	0.1815	0.17079	1.0032	4.1804	6.4552	2.5167	4.9336	6.3586	6.7423	3.077	1.4443	7.6701	3.2897	3.8937	6.9106	0.26966	0.40369	3.7341	0
RS_G6637__RARA__RARA	7.4958	9.1151	6.2662	9.3666	5.5867	8.6755	5.3	5.5698	6.1388	8.1484	6.2953	6.0039	5.8682	7.1367	6.3018	6.4304	5.9595	5.8703	6.0758	7.118	7.7675	7.7624	5.7313	7.2389	5.8846	6.0231	8.386	6.6856	6.8134	7.2525	7.9308	6.8151	8.3269	8.5605	8.8544
RS_G4435__IL1A__IL1A	0.69823	0	0.28336	0.54584	0	0	0.15257	0.20064	0.35738	0.23797	1.0015	6.1503	3.2881	0	0	3.1838	0.76755	0.77038	0.20083	0.17804	0.62026	0	0.4537	0.044939	0	1.8167	0	0	2.6039	0.33376	1.5682	0.36359	0	0	0
RS_G14453__NR2F1__NR2F1	0	0.62002	0.26207	0	8.065	0	1.6759	1.1938	1.1083	3.4171	0.14742	3.5416	4.981	4.7643	0.56207	4.1435	1.2267	4.8295	7.9087	0.72901	1.9212	1.1957	8.0721	9.375	10.4319	6.0049	0	6.7984	3.8738	4.7493	4.3224	1.7813	4.5034	4.6681	8.2892
RS_G2770__GDPD3__GDPD3	5.7813	10.6318	4.8723	6.1391	3.3539	6.6958	2.9664	3.776	7.5407	4.0359	3.3238	4.3605	5.7742	4.4425	4.0949	4.6084	4.1315	4.2824	2.2524	7.5877	3.4442	5.5215	2.1837	5.1432	5.1427	2.4247	9.0082	5.0971	6.6166	2.9836	4.791	8.2566	4.4144	5.7162	3.5616
RS_G3514__ACTA2__ACTA2	1.4899	0.17287	2.2023	3.075	12.7191	6.5566	1.9507	8.7055	0.81938	1.9902	4.283	3.2771	4.8169	3.5235	3.9435	12.9136	9.2125	4.7159	8.2158	4.6158	0	6.0772	3.4109	1.6547	2.3654	9.0502	0	8.7349	3.9007	5.1671	4.9748	4.4277	7.0622	4.7747	5.8747
RS_G11349__FBLN2__FBLN2	0.39761	11.101	0.2534	6.3401	0.23155	0.89252	10.8382	3.7514	1.0239	4.0648	5.9735	4.6059	8.1195	0.93459	0.43315	1.9516	0.6412	5.0908	1.9731	0.52712	1.2761	5.399	0	6.3892	0	11.1067	8.4706	3.8971	5.4564	7.4762	7.0764	7.3138	0	8.9052	7.0003
RS_G13247__KRT83__KRT83	4.4686	6.0206	0.84412	2.8622	1.2037	0	1.6	0.15982	1.0608	3.8349	7.5226	0.21658	3.8995	4.0819	5.3611	6.2556	0.2605	0.45353	0	5.1009	0.39899	3.2356	1.2838	4.3141	1.0845	8.2638	5.2935	0.46695	9.9153	7.1214	1.1824	6.0218	0.43923	1.7506	1.8815
RS_G6138__BAIAP2L2__BAIAP2L2	1.8619	4.4149	0.13304	1.6299	6.1142	1.2764	0.91234	0.473	1.6039	1.7708	8.4277	5.8264	4.8764	0.79441	1.5262	0.62381	0.59391	3.215	2.7982	0.90306	1.3959	1.9401	0	2.8525	3.8127	7.9914	4.9919	2.553	4.3806	4.3333	1.6165	2.5815	3.6222	2.9765	0.92168
RS_G7332__DOCK10__DOCK10	1.1769	0	0.81907	4.3261	6.4728	0.034377	3.5572	7.0449	1.688	0.096607	0	3.778	0.15905	0.59306	0	3.6414	6.408	2.3596	5.7244	2.8215	3.2391	3.6964	4.7719	0.9992	0.58083	2.2482	0	6.6391	0.38286	0.87349	0.2106	0	2.1623	2.6	2.0998
RS_G6639__KHDRBS3__KHDRBS3	2.7656	1.8859	6.3116	2.5982	3.6717	3.9119	7.3774	8.9619	0.14162	3.5335	5.9593	3.7957	4.6798	4.5205	1.334	3.9564	3.1927	3.2543	5.0197	1.6897	3.5037	3.0254	7.1711	4.1739	3.1378	6.1196	0.99985	6.8705	2.3588	5.4535	0.69378	2.4602	2.8818	4.0691	5.0319
RS_G12539__KLK6__KLK6	4.2761	5.0602	0.45573	4.9239	0	0.54484	9.0328	0	0	1.2661	7.0963	4.1068	10.7456	12.9326	0	7.5906	0.40914	1.5357	0.17355	2.5633	1.6753	11.1156	0	1.8049	1.0046	5.2303	1.0202	0	1.5005	7.4241	10.6741	8.8709	0	7.003	0.72126
RS_G3314__CPVL__CPVL	2.9507	6.6103	3.8799	3.6083	0	0.57412	0	3.8694	0	2.277	8.656	3.351	7.146	2.9736	1.678	3.2959	7.101	0.77609	0.23995	0.7097	1.1043	5.688	5.9007	0.38588	0.36679	3.1587	7.2629	0	6.5484	1.5564	3.7745	5.2759	5.3372	1.9393	0
RS_G8168__RHCG__RHCG	0	0.76408	0	1.7502	0	0	1.4873	0.74178	0.50384	0.96672	3.6706	3.1828	3.8711	0	1.3439	2.7996	1.6309	4.9588	0.29197	2.7627	1.0135	2.2705	0	1.7348	0	3.5912	1.8421	5.4309	2.1324	3.9305	4.4168	0	2.9171	1.7677	0
RS_G11101__FAM5C__FAM5C	0.21266	3.6632	2.4902	0.60928	0	0.91414	0	0.38169	7.4316	0	0	1.3209	0	0	5.7033	1.0654	0.72076	4.5769	1.4133	0.61657	0	2.7863	0	6.0253	7.372	0	0.68983	0	0	5.1657	0	0.90882	0	9.1072	8.0858
RS_G7254__AC021066.37__AC021066.37	8.1194	8.0151	1.9938	1.7593	0	1.8586	2.6817	0.47574	1.6761	3.8582	8.4794	1.4097	5.2308	5.7233	4.4262	7.9259	1.4142	2.5484	0.25763	1.7531	0.90338	4.226	0.40172	4.3953	1.5203	5.558	6.4764	0	10.2525	9.2565	3.039	7.9921	3.4039	1.157	2.2421
RS_G17651__RAB42__RAB42	4.7677	1.7656	2.9216	3.4162	2.642	3.0762	2.7951	4.0546	3.3722	3.8698	4.7778	2.9868	4.3234	2.3992	3.6447	2.7081	3.7617	4.3767	3.3539	2.8852	3.647	2.2411	1.9088	2.7932	3.1032	2.6436	2.7408	2.8262	7.8286	3.4768	4.0306	2.1449	2.5359	2.5914	2.6712
RS_G16170__PCP4__PCP4	9.5795	2.6308	3.4364	5.2434	0	4.7144	0	1.3531	1.0717	2.5298	0	0	1.3561	0	7.0045	0.43605	0	1.1567	0	5.15	3.0122	4.0627	0	1.8418	0	0	7.0218	2.0636	0	1.9718	0	6.293	6.6928	1.5702	0
RS_G4362__HYAL1__HYAL1	2.7501	8.2466	0.78252	1.8033	1.8316	2.4569	4.2535	2.8732	1.6011	2.2722	2.2137	0.61428	1.9518	1.3981	1.7949	1.7454	1.606	1.6933	2.0174	1.2474	2.4503	1.745	2.3083	2.072	2.3372	1.3624	5.8494	2.1401	3.2022	2.2754	6.4993	5.5753	3.8059	0.64515	2.4316
RS_G16550__CSAG2__CSAG2	0	6.6849	0	0.27141	0	0	0	0	0	7.1887	1.7652	5.59	1.8358	3.9262	0	0.27825	0	3.2175	4.662	0	0	6.6123	5.7519	0	0	0	7.4039	5.651	0	6.0503	0.72602	0	0	0	0.91116
RS_G7112__STATIP1__STATIP1	7.3404	5.7894	7.9124	8.0689	7.1623	7.1651	7.2975	8.1415	6.5724	6.4872	6.779	6.3207	5.2695	6.5046	6.8907	6.956	9.3609	7.3751	6.6918	10.5164	7.6728	5.2929	6.8239	6.2761	6.284	7.3674	6.2343	6.1861	6.8933	5.8269	6.3592	6.3899	7.162	8.2923	11.5181
RS_G1180__TRIP13__TRIP13	7.5721	7.4435	7.9846	7.1647	9.1263	8.0353	8.804	9.0066	7.5718	7.523	7.8106	9.3162	9.2501	12.9158	8.25	9.1767	9.4439	9.3182	8.6357	7.2772	7.6464	8.421	8.7378	7.7527	7.2485	6.4602	8.6847	6.8113	6.8324	5.5775	8.2887	8.6085	8.8612	7.5677	7.2672
RS_G3173__SYNGR4__SYNGR4	2.0634	2.6928	1.8951	3.4784	1.779	1.4674	1.5507	1.0613	2.6119	1.7646	1.6931	0.38898	2.3656	1.0514	4.7824	1.7469	0.45738	2.2555	0.28469	2.71	3.4658	1.1654	0	4.58	2.7149	2.183	4.2009	0.77481	4.693	3.7437	1.1459	10.265	2.5468	1.0684	0.85816
RS_G6331__SYT5__SYT5	4.0132	1.9982	0	3.7529	2.1684	1.3292	2.751	0.67081	3.6205	6.3433	0	4.089	0.97998	1.0482	1.0314	0.72222	0.2672	1.0837	2.4688	0.96197	7.5711	2.9951	0	0.38058	0.46803	4.0112	0	5.6054	1.1831	1.9308	6.7945	8.1888	2.8824	4.9334	3.0571
RS_G16049__EPGN__EPGN	0.62908	1.2748	0.81396	1.382	0	0	2.3756	0	0.79607	0.96975	0.49786	3.9373	1.4815	5.3723	1.695	2.3909	0	3.8394	0	0	0.56023	0.80166	0	1.4689	0	1.9751	1.4898	0.88324	4.5126	5.4435	2.7586	6.7991	2.2266	0	0
RS_G1513__PTPRH__PTPRH	3.6863	4.9381	0.81529	4.0987	4.148	0.13715	3.7678	1.6872	4.3044	1.2026	3.5699	1.7871	4.2665	5.5253	2.6446	1.1762	1.6527	5.0929	3.5538	0.67046	6.0085	2.5402	2.2747	0.48253	0	0	4.3622	8.1775	1.54	3.0494	4.222	5.0748	0.53648	4.5197	5.4053
RS_G10072__APCDD1__APCDD1	3.6283	0	3.4981	1.7279	5.1196	0.94106	8.1676	5.0126	4.698	4.311	0.49093	0.3134	4.4235	0.7662	0	5.3693	0.79178	4.2019	6.4553	1.278	2.5733	3.1425	0.77135	4.5634	0	1.0504	0	1.5594	0	3.3661	0	3.1684	0.75881	3.3698	2.6144
RS_G5964__IFI6__IFI6	5.3782	8.5811	5.9672	11.3914	7.0701	4.3614	9.5009	7.3907	6.6723	7.664	12.1836	6.5744	9.3088	10.0121	9.795	4.292	5.2167	14.3723	6.944	8.5173	9.97	6.977	6.6483	4.6766	6.3087	11.7519	6.9747	6.9378	10.5253	13.8974	8.8025	8.4812	9.361	7.5298	3.1302
RS_G11694__RAET1E__RAET1E	4.2345	3.9647	0.51886	1.4753	0	0.26601	2.2136	1.0863	1.4202	2.7576	0.77451	2.1729	3.8641	3.1837	0.83932	1.5906	0.82097	0.91492	2.397	0	0	1.4646	5.5974	0.12807	0.44336	0	4.5102	1.6644	4.124	0	4.9021	4.8095	4.1892	0	0.65648
RS_G18071__CXCL17__CXCL17	1.6218	1.6066	6.1534	1.2095	0	0.74132	0.6322	0.45695	3.1228	1.3713	0	0	3.6124	9.5671	6.8488	3.7511	0	12.3037	0	2.7126	0	7.6157	0	5.9685	0.3767	2.0065	0	0.38286	0	3.7402	1.4859	0	0	6.5787	4.2359
RS_G6482__C1orf38__C1orf38	3.3974	4.2439	0.54942	4.0843	2.7127	1.5549	3.9616	3.7584	0.4539	1.7862	8.1282	2.2046	2.9444	2.8256	4.0857	3.0815	3.6422	7.8373	2.5597	1.6665	3.1808	0.97908	3.1583	0.26791	1.2635	7.0556	2.3138	5.525	5.0194	4.5227	5.1718	0.38634	0.78702	0	0.26986
RS_G5057__FKBP1B__FKBP1B	1.9851	2.7594	2.1489	1.8948	1.23	0.48755	3.562	3.1728	3.1942	4.5799	0.90864	3.5513	3.3906	1.6684	2.7726	4.3029	1.5406	1.0391	2.7095	2.5102	5.2797	2.0636	1.6759	1.8057	0	2.3657	3.8746	5.3924	4.0097	0	3.3648	0	2.1257	0	0.89388
RS_G12055__IFI27__IFI27	4.0922	4.7513	0.72205	6.7926	1.0972	0	3.8876	3.2258	0.38186	2.8312	8.1137	6.5826	10.0905	12.0844	8.451	3.6058	0.89527	13.3216	2.2262	2.6569	2.6229	6.5223	0.62258	1.4227	1.8776	6.1896	0	3.5761	10.5207	14.2497	10.7408	1.7041	6.718	1.8182	1.1944
RS_G13227__CD14__CD14	4.5079	2.146	0	2.1032	1.7905	2.0092	5.0494	1.3892	0.86762	0.93813	0.75898	3.0681	4.1249	2.2887	0.9009	1.3699	3.1865	9.9831	2.4861	2.7439	1.229	2.5762	1.3486	1.2355	0.47784	0.70237	2.2491	0.49366	6.0549	6.8506	3.0821	6.2816	1.3333	2.5184	0.4014
RS_G14500__LRRN1__LRRN1	3.9334	0	7.2765	4.8669	8.4806	6.9925	0.41799	0.84531	0.76506	5.0522	0.23961	0	2.8126	1.741	6.5901	0	0.31549	0.89135	0.2284	1.1056	6.3581	3.3755	0.64811	2.9294	5.0914	2.8801	0	0	0	1.1915	0.21281	0	1.3224	2.4091	1.6057
RS_G10056__ADAMTS1__ADAMTS1	0.40649	0.19684	2.7451	4.6542	9.1222	3.9788	5.5768	5.2846	2.2992	7.1431	5.8779	7.4379	3.0483	2.3121	3.8107	6.6168	5.8881	3.6986	9.0055	0.26857	2.8343	3.8711	3.8867	5.6499	6.545	7.2146	0	2.307	6.9795	5.0715	2.4462	1.1737	1.1843	4.9621	4.8179
RS_G3786__CRYAB__CRYAB	7.266	8.3291	0	2.3366	1.0408	1.6832	8.482	1.5039	2.9838	5.1028	5.354	4.559	7.128	0.31225	4.7328	9.9378	4.6023	7.0517	3.9155	1.0565	0.87791	7.1533	0	1.715	0.98245	10.8931	7.0148	4.779	4.9852	10.0216	3.5368	5.8363	4.1438	0	1.7462
RS_G2490__SALL4__SALL4	0.87541	3.0032	3.7493	1.5847	0	0.22779	2.8696	2.4846	1.3087	0.46749	2.5464	5.4893	4.1678	1.6176	0.15106	0.48619	4.7341	2.6721	2.5211	6.0056	1.2161	1.2598	0	3.7915	0	2.0331	1.9441	2.9444	2.851	2.0342	4.282	0	0	0.30869	1.1997
RS_G3964__MGP__MGP	12.7444	2.1266	10.3876	13.053	10.6511	7.0869	8.0389	10.2032	3.1229	10.7774	3.9569	1.3697	8.6133	12.1311	8.8839	10.4834	4.1418	13.2784	6.112	6.4925	6.6738	9.692	3.8402	8.314	6.6113	11.2311	3.6695	1.0938	9.938	8.0841	2.1658	3.1152	12.988	8.1643	5.2927
RS_G5781__OPRL1__OPRL1	4.534	1.6695	0.95283	4.2781	1.5212	1.6941	1.5183	0.62697	2.1401	1.4334	3.2103	0.3316	0.80273	0	0.79524	2.1467	2.3743	2.1919	1.2947	3.2073	3.3572	0.86525	0.48697	1.694	1.73	3.8516	1.6668	6.922	3.9209	3.0435	1.6348	1.7889	1.0742	3.8285	3.6366
RS_G8293__SLC39A6__SLC39A6	8.8456	6.3258	9.5638	10.7022	7.7275	8.8921	7.7677	9.1522	8.336	7.6195	7.5903	7.0645	5.996	7.6826	8.0269	7.5728	9.5847	8.0305	7.5875	12.8675	9.3944	5.8965	7.7396	8.3482	7.0986	7.8108	7.6205	5.2143	7.2234	6.1811	6.7035	7.7701	7.9828	10.7897	13.4745
RS_G6452__GATA5__GATA5	0	4.94	1.3896	5.8865	0	0.8752	0	0	0.38815	6.1074	0	3.0853	1.4507	0.092615	0	0	1.0026	0	0	0.28951	4.6308	0.56404	0	3.0839	0.85482	0	0	0	0	4.1711	0.66483	4.124	4.5765	2.8352	0.27519
RS_G12862__LGALS9__LGALS9	6.1513	3.8085	2.4838	4.3619	1.2065	0.16906	1.1498	2.0604	1.6809	0.81283	3.6725	3.8578	4.5519	8.239	2.1576	3.5171	1.8164	8.8117	1.1612	0	2.0891	3.6262	1.098	1.1014	0	4.8931	4.3563	0.74292	5.2937	7.885	4.2458	2.1547	2.1856	1.8861	0.97357
RS_G2940__PDGFRL__PDGFRL	2.6739	4.1099	2.9019	3.515	0	4.2179	3.9699	7.0584	1.7974	3.4083	3.6951	1.7797	1.169	2.143	3.6444	4.6062	1.2527	2.0745	4.794	5.5508	0	4.1599	3.2887	1.1575	0	6.684	0	1.1272	1.7769	1.2043	0	1.0353	0	4.5822	3.1866
RS_G7932__FBN2__FBN2	0.019862	0.045061	0.57831	1.1596	1.946	1.6834	5.1368	4.5745	0.054308	0.22874	1.2318	3.0649	0.29171	1.1022	1.0422	5.0247	7.6781	0.089204	5.8631	0.47837	2.2476	0.32467	0.45439	2.9296	1.8496	4.8218	0	0.99648	1.3781	0.61224	3.0375	0	0.11434	0.49504	0.20828
RS_G23634__hsa-mir-205__hsa-mir-205	4.7533	1.3542	0	0	0	0	0	0	0	0	0	4.5349	4.3277	4.3498	0	0	0	3.377	0	0	0	3.4472	0	1.395	0	0	0	0	2.9965	0	2.7057	2.7566	0	0	0
RS_G21897__C6orf27__C6orf27	4.0436	2.3377	0	1.4627	1.5076	1.1811	2.3572	1.6498	0.50386	0.99374	1.43	2.4612	1.6903	2.4383	1.7266	3.7011	2.2579	3.9854	1.6557	3.4435	3.126	3.3976	2.3866	2.0866	1.8419	1.407	2.6372	3.4925	7.0749	3.599	4.4907	2.9356	2.4758	3.6532	2.0079
RS_G11471__NMNAT3__NMNAT3	3.2876	0.98265	3.7081	3.9964	0.2993	6.1909	0.33705	1.2249	1.0633	4.365	0	2.136	3.923	1.0631	0	0	2.6955	0.097999	0	2.2258	7.3217	4.0756	1.1246	1.6219	3.0718	2.3893	0	1.3699	1.3746	4.781	2.5735	5.1841	5.1134	0	0.5434
RS_G997__FGFR2__FGFR2	6.7022	5.8744	1.611	5.6493	2.4737	2.1401	6.0406	5.3776	1.1747	6.4531	5.7394	5.0247	6.4254	1.9971	0.7339	6.1453	2.2668	4.4544	0.65248	5.3212	1.965	4.6482	0.28704	4.3772	2.1355	8.1719	6.3649	1.6784	3.8017	2.724	4.0687	12.3848	7.904	5.7165	5.4987
RS_G3962__OAS2__OAS2	4.3877	1.8619	0.23744	7.0052	0.056976	0.1167	0	2.5129	0.6103	3.2922	9.1157	5.693	5.8469	5.639	6.1434	0.22552	2.2623	9.5512	0.30327	1.4216	0.27765	3.6094	0.76221	0.49092	0	5.0771	0.28245	0.20349	2.0593	8.8459	3.6212	4.2907	6.5074	1.9355	0.55898
RS_G2904__AP3B2__AP3B2	3.9601	0.94326	2.1616	3.7524	2.183	3.0899	3.2043	1.4364	2.4123	3.1995	6.6873	0.22078	1.7717	3.8345	0	3.8864	3.1116	0.12832	0.082787	3.581	7.7206	3.0769	0.47431	0.54854	0	6.268	0	2.7378	3.8444	1.2183	2.7695	4.0024	0.82217	3.2767	0.6802
RS_G10013__PGM5__PGM5	0.98175	5.7702	1.2732	4.3229	0	0.27613	0	0.90894	0.52699	4.3002	0.12769	0	3.701	0.13224	0	1.7349	0	0	2.2619	3.596	0	0	0.13333	1.23	0	2.173	6.2945	1.102	0	0.7631	0	2.625	0	4.1586	0.29176
RS_G1599__KCNK2__KCNK2	1.0389	0.62798	0	5.2556	5.8207	0	2.2276	6.1906	0.15029	3.4816	1.01	1.3134	2.1757	4.0574	2.5515	1.2762	2.0309	0	6.6978	3.5015	0	4.4907	0.9363	4.4893	4.8645	0.36774	0.74341	0	3.8843	1.4099	0.85665	0	7.8925	5.6046	2.9884
RS_G13255__CDH2__CDH2	0.95252	0.11179	3.8179	3.037	9.5863	0.59708	7.9074	7.9637	0.065964	0	3.3876	4.6749	1.3151	0.59305	0.62312	7.3261	9.9603	0.65088	8.8508	0.34768	6.7543	1.1428	0.95446	5.4598	2.9731	3.3556	0	2.3343	4.6813	0	5.7937	0	0.64866	1.9772	1.4403
RS_G8221__CDH11__CDH11	0.79052	0.19957	1.1551	0	8.6171	1.5558	5.8768	8.8783	0.1995	0.15665	0.46098	2.9491	6.0302	4.7511	1.4071	2.1427	5.2153	0.78652	7.7193	0.078446	0	0.063857	7.6977	0.12672	0	0.52377	0	6.0073	0.74857	1.9015	0	0	0	0.40122	0
RS_G13924__C11orf86__C11orf86	1.453	9.9466	0	0.50858	1.1966	0	0	0	0	0	3.5889	0	0	1.786	2.1623	4.2136	0	0	0	0	0	7.1704	1.6118	0	0	4.3916	4.8992	0.88539	7.3083	0	3.5987	5.714	0	0	0
RS_G12786__IL7R__IL7R	0	0.251	0	0.50142	6.5911	0.28503	6.1027	3.2925	0	0	0.65531	4.9125	6.2297	5.4595	0	4.9738	6.5351	0.25223	5.1619	0	0	1.8082	5.4855	0.070492	0.82882	0.68499	0	0	3.6661	0	2.0069	0	0	0	0
RS_G9735__HSPB8__HSPB8	6.9159	4.2737	4.1342	10.9436	0	8.9073	0	1.7163	1.5084	9.6107	1.9996	6.399	5.2617	2.9086	1.7138	1.1226	0.24708	4.8246	5.9738	6.7034	7.7081	5.9709	1.8549	8.6261	0	1.1486	0	0	1.2387	7.9368	4.4231	8.4206	6.3513	8.9851	4.3188
RS_G7338__SERPINE2__SERPINE2	2.3994	0.79327	3.83	2.2086	10.1196	0.18958	7.4411	11.5894	0.28363	0.46684	9.8235	6.7055	2.8475	7.0236	0	8.1647	6.4473	2.5456	9.5902	1.3238	1.0935	5.4003	6.5495	4.3532	2.126	10.4702	0	6.0111	6.9672	2.2537	5.6749	0	0.83906	3.4753	1.5784
RS_G19430__TGM2__TGM2	5.7731	4.6351	0.075916	1.8639	2.1072	1.5359	1.1001	3.5707	1.4478	2.0468	2.7949	4.4499	9.0075	9.2277	0	2.5436	7.904	4.964	6.8507	2.0974	2.9293	4.6858	7.9893	1.2109	1.8048	3.27	2.1179	2.6677	8.7502	0	12.5541	5.6263	0.8381	1.5682	0
RS_G10310__B3GNT7__B3GNT7	1.9575	6.7957	2.5367	2.8094	0.71449	2.0155	3.0554	2.9018	4.9398	2.4987	5.2298	3.0633	2.2075	0.78054	1.7377	4.3722	1.6533	5.1816	0.60552	1.9281	4.7422	1.8706	1.8291	1.8655	1.1453	4.2966	2.2539	0.5586	2.7381	2.8803	5.1953	1.9897	1.9283	1.892	3.3691
RS_G8887__PLAC8__PLAC8	3.4307	0.78955	1.4119	1.8455	6.3471	2.1601	3.6961	2.6576	2.0722	2.8257	3.7442	4.2756	6.833	4.3387	2.2481	2.138	2.6302	1.977	3.3026	2.2767	3.133	3.0243	7.9065	2.0243	1.8874	2.3395	2.7574	2.9311	5.5878	2.4519	7.3535	6.9757	3.1961	2.3072	1.8458
RS_G1423__FGFR1__FGFR1	2.6223	0.54709	6.777	7.0974	8.0925	6.9204	4.5239	7.3206	6.1057	6.3256	6.6419	3.1821	5.3519	4.853	3.7117	5.5053	9.0117	5.0448	7.8731	5.8034	12.806	7.7839	7.0505	8.0027	5.9527	8.4868	3.107	8.9611	3.8054	6.8247	4.3479	7.1144	5.0337	8.1537	7.5687
RS_G15192__FAM101A__FAM101A	0	0	5.0831	3.729	0	4.3808	1.9118	0.12967	0.23103	1.0259	0	1.2172	2.5187	0	1.0962	0	0.48686	0	0.24737	0	1.9609	1.1709	0.95138	4.1848	3.6832	3.3613	0	0	5.271	0	0	0	0	5.5645	8.5957
RS_G16393__AC011443.6__AC011443.6	0.78149	0	0	2.0242	0.98271	0	2.6501	0.13026	0.43563	0.15815	5.8548	2.0264	5.1701	0.82457	0	0	0	0	1.7873	0.57774	2.4709	5.1725	0	0.39217	0	1.7524	0	0.38765	4.7857	2.489	5.3562	0	1.979	2.0745	0.97076
RS_G6413__KLHDC7B__KLHDC7B	0.44351	1.5307	0.26069	3.0774	0	0.36018	2.9582	0	0.57664	0.17453	6.5033	2.0385	8.7777	1.2454	1.3979	3.2379	0.23533	9.8389	0.27498	0.44704	0.36343	1.4672	0.51994	0.11993	0.41783	5.7495	0	3.5951	9.2685	6.0434	4.1718	0.85166	0.80079	2.9772	0
RS_G402__CD74__CD74	4.4509	2.0172	0.18629	6.0079	0	2.2892	5.7658	5.5748	0	3.7089	3.9676	8.1818	9.1643	2.2907	2.4563	0	2.0276	10.3163	0.89633	0.59187	9.3373	4.2963	0.96601	0.79006	0.54729	9.1646	0	3.046	4.6483	3.806	9.5475	0.35449	6.7285	0.93132	0
RS_G12225__A2ML1__A2ML1	0.55235	3.015	2.3348	1.6963	0.051186	0.20298	5.7466	0.4159	1.5662	4.2978	0.67252	2.6485	4.0087	2.6029	0.099228	1.1693	0.099944	5.3202	0.059283	1.1201	0.84535	0.083725	0.049173	1.9963	0.48814	5.6281	5.0462	0	3.9701	3.2228	0.36821	4.9828	0.50916	1.3113	0.21477
RS_G12875__MFSD7__MFSD7	5.9134	5.9466	0	5.134	0.87243	1.5542	0.39831	0.27981	2.9756	3.974	0.50965	1.6432	2.5464	0.69369	0.24852	0	1.8338	0.32742	1.3851	1.087	1.8221	2.8234	3.1895	1.7338	2.1995	1.233	5.7598	1.462	3.5056	0	0.37387	4.665	7.7798	5.0269	3.5491
RS_G1374__ACACB__ACACB	3.908	5.2688	3.2278	2.9195	2.2539	6.1215	0.62692	2.9029	4.272	2.6055	2.7762	2.8917	3.4241	2.2371	1.1644	2.6825	3.9113	0	2.0041	6.5934	4.5103	5.2822	3.3443	3.3371	4.1871	2.9878	3.6865	4.39	4.4947	2.4266	3.4655	4.0283	3.3294	5.1677	2.0258
RS_G17492__ISG15__ISG15	6.4321	6.9046	2.9269	10.0182	6.764	6.0566	9.1661	6.4525	4.276	6.7748	13.2442	8.6945	9.4258	8.5081	9.9575	5.4459	6.6266	12.9362	7.4773	9.4628	7.6384	6.1199	8.7902	9.0957	8.6562	10.5623	5.7117	9.647	11.3793	11.8597	10.9453	4.6944	7.2104	6.6969	5.3683
RS_G16452__NPW__NPW	0.92642	1.4213	0	2.4697	0.2454	0.65448	1.172	0.5077	0.26622	1.0368	5.9176	4.5334	4.1669	0	3.1399	0	0.4498	2.1341	0	1.085	0	0.54611	0	2.8689	1.2498	5.2485	1.1663	5.1687	4.4809	0	6.0124	1.5207	4.5138	4.8912	1.5426
RS_G12365__PIP5KL1__PIP5KL1	3.8726	1.8077	2.7048	3.2152	2.4851	3.6896	2.9426	2.4418	1.81	5.3705	5.4668	2.3325	3.5827	3.0411	5.0313	2.4172	3.0142	3.2625	2.4229	2.1711	4.1419	3.1834	1.6469	3.6043	3.2783	3.4195	3.6177	9.1978	5.9581	2.1291	4.1476	2.354	3.0809	3.8891	1.8081
RS_G2004__TGM1__TGM1	5.3721	9.4474	2.3286	3.8808	1.7513	2.7163	4.4828	2.8924	2.0639	4.04	2.0162	2.9572	6.9913	2.9415	4.3939	4.9255	3.0329	2.556	1.8108	3.719	1.9212	6.4252	3.1641	2.8856	2.5922	5.9739	7.4251	2.4886	6.8145	5.2442	4.2484	3.6189	4.1613	4.3151	2.8052
RS_G6363__APOE__APOE	4.2881	4.7187	0	2.382	5.2995	1.3208	2.9543	2.0475	0.42935	4.4855	2.5012	5.566	3.0563	1.0451	3.614	1.0041	2.1619	3.6414	4.6007	5.158	1.0037	2.8448	2.0232	0.83225	1.4749	6.4436	4.0786	4.4021	3.4789	2.8382	8.3738	2.2518	10.4583	5.8134	0.56077
RS_G12356__B4GALNT2__B4GALNT2	2.7107	0.12324	8.2519	1.3762	0	7.1334	0	0.1554	6.5897	1.0798	0	0	3.4328	0	2.0574	0.78283	0.25663	0	0.74854	1.9268	0.14215	3.4839	0	6.3505	7.5269	1.9441	0	0	0	4.7258	0.39668	1.3938	2.4222	4.766	2.8273
RS_G13151__CHRNB1__CHRNB1	4.1266	5.62	3.3505	3.996	4.6512	4.5831	3.8844	4.1756	3.4636	4.0981	4.9716	5.7781	4.9033	3.0916	4.5661	4.7566	3.5569	4.1822	5.1481	4.0099	4.2154	4.1532	8.963	3.8903	4.0984	5.7327	4.5907	3.9315	5.1261	4.9361	4.862	5.0347	5.0461	3.9599	3.1297
RS_G8682__OSR1__OSR1	0.11123	0.23849	0.2896	0	0.48045	0	4.8216	6.3439	1.8828	0	4.1075	0.57369	0.83199	0	0	4.8445	2.7179	0.34605	7.5551	0	0	4.4393	4.3569	0.57157	0.45115	7.4307	0	3.2881	3.4287	0	3.2369	0.52938	0	0	0.36537
RS_G12287__ANPEP__ANPEP	4.6781	3.3458	0.4918	2.3499	9.3546	0.34204	0.60793	3.8277	2.1245	1.2098	2.4168	4.5501	9.2789	0.94625	1.0267	0.81235	7.8441	6.672	8.9544	1.5798	0.72205	10.471	0.4706	0.586	0.65303	2.7753	2.6835	13.7475	11.5166	0.084498	7.974	0.8554	1.2223	1.7071	0.4654
RS_G9162__DOCK11__DOCK11	3.3426	4.0267	4.5375	2.7208	2.7024	0.34024	4.3328	7.4494	1.6849	1.788	2.5667	0	0.62431	2.1951	3.8459	3.5739	4.3665	3.7025	2.4927	0.63048	0.53452	1.5889	3.9354	0.34761	0	3.7889	5.9918	2.511	1.8637	1.1652	0.74991	1.3172	3.7762	2.228	2.1907
RS_G7177__OASL__OASL	4.4911	1.7777	0.97103	6.8272	1.337	1.2602	1.554	4.611	1.6683	3.7442	10.6972	1.8634	8.7426	5.6195	3.7297	0.99833	5.4605	9.5817	0.28875	4.3836	5.4917	3.7861	5.2892	3.3996	3.0473	6.2305	0.59656	2.0833	6.5224	6.2748	6.1035	2.6117	4.8781	3.9024	1.989
RS_G17866__FZD9__FZD9	0	4.6771	0.4403	2.9437	3.445	2.5305	3.3357	2.1183	0.12145	0.93021	5.7118	3.3851	3.5463	2.3341	1.4657	3.7746	0	2.9777	2.2666	1.9509	0.94309	4.9195	0	0.16042	0	9.7636	4.2909	4.2862	1.9381	2.3712	4.1039	2.547	3.9233	0	0
RS_G3172__GRIN2D__GRIN2D	1.2815	7.681	0.11453	0.68008	6.2801	0.3443	5.0838	1.1036	1.736	0.83669	0.90964	7.0748	2.9299	1.246	1.8482	4.2991	1.361	3.6096	2.9072	3.0676	2.3793	3.8963	1.1365	0.84688	0.18568	6.2513	7.0486	4.253	3.6892	1.2689	8.309	7.4344	1.1701	2.5652	2.0206
RS_G14365__CST6__CST6	1.1735	4.8219	0	2.2528	1.1623	0.40458	2.5251	0	0	4.0306	1.7102	5.9733	9.605	6.3431	7.796	5.5347	1.3362	3.3225	1.0523	0.69586	0.98624	8.1369	3.2657	1.6994	1.1045	1.8882	3.1421	2.7763	7.589	6.5634	10.9573	2.5445	5.0406	4.4201	0
RS_G2467__MMP9__MMP9	0.3352	4.7331	0	1.8897	7.2801	1.3299	2.8432	7.1538	0.43548	1.2458	3.165	1.5059	6.2936	0.93467	0	3.1581	0.63889	0.45168	0.35709	3.1157	2.482	1.5826	0	1.3653	0	3.4679	2.3144	0.54164	4.3212	0	5.3232	3.8646	1.7067	2.9642	1.4825
RS_G17779__SERPINA5__SERPINA5	2.8363	0.88334	1.7537	7.4424	0	0.23529	0	0.36698	0.35356	1.8683	0.82706	0	1.0527	4.4296	0	2.936	0.50421	1.9214	2.4654	7.4494	7.6962	1.0774	1.7123	4.375	0	3.386	0	0	3.2862	3.8223	4.998	8.8759	1.1276	3.3835	0
RS_G13039__MT1E__MT1E	0.46681	1.1873	0	0	0.55979	0	3.0392	0.6051	2.5016	8.2657	8.7515	8.4328	4.4369	0	0	9.6024	9.0759	1.332	9.3513	0.30908	6.225	3.6842	10.5635	1.0982	2.431	0	0	11.4032	10.0631	0.97053	11.2761	11.6174	0	4.0503	0.77012
RS_G5278__CSTA__CSTA	0.45526	1.7151	4.4625	1.6336	2.2838	0	0	3.9302	2.4582	4.8816	5.0285	8.4207	6.5421	5.1336	0	5.5396	3.5366	8.6231	1.5014	9.801	0	2.8632	0	3.0641	0.883	3.6957	5.5628	0	6.7393	6.2582	7.0626	3.4916	2.8224	5.4387	1.2257
RS_G4351__COL7A1__COL7A1	4.9884	2.3752	2.4012	0.98581	0.77562	1.255	0.93156	2.5782	1.5435	3.2919	1.7096	5.7269	4.2544	2.9007	2.5551	2.0228	2.8981	0.94048	9.3014	1.4589	2.4282	2.9642	2.1883	4.099	5.5402	1.9488	1.9774	3.883	6.541	3.4674	9.9568	3.5282	4.0318	3.1168	0.65322
RS_G3761__TRIM2__TRIM2	6.299	5.3394	2.5021	4.8596	4.3894	0	5.2157	0.7472	5.9345	6.6038	9.3226	4.0319	5.3512	6.6069	3.2392	5.0518	5.6753	6.4392	2.976	2.0666	3.9849	4.6512	4.5953	2.8767	1.6906	7.3357	5.532	2.6874	4.5541	6.3819	3.7754	6.1299	4.6767	0.11351	0.11376
RS_G2174__SCARF2__SCARF2	0.99226	1.4054	2.0403	4.0099	8.0048	1.1916	4.052	0.51672	1.9477	2.1618	7.3407	5.5777	2.7189	3.7544	2.5177	3.7682	5.4166	2.3726	7.7584	1.8754	0.69889	2.52	2.3524	4.2897	4.5508	4.2571	0	7.0169	3.4351	2.0464	2.2091	2.4421	4.3461	4.064	4.2022
RS_G9697__SACS__SACS	2.067	1.5539	2.7128	2.6618	7.5446	3.9356	3.7448	6.2877	3.522	2.4697	2.1369	4.2963	3.1799	3.5032	0.069102	3.8339	6.3153	2.2163	5.8931	2.3215	0.95951	0.95544	5.6932	0.64456	0.83687	3.0566	1.783	3.7786	3.1724	0.61696	2.3061	1.7719	2.088	1.5692	3.5968
RS_G8516__GJA5__GJA5	5.1528	7.3724	0.25609	0.30595	0.75881	0	2.1537	1.8724	0	1.103	0.51023	0.46303	6.1047	3.0129	1.568	9.1154	0	1.4256	0.41661	0	0.63186	5.1935	0	0	0	7.1706	7.402	0	4.5966	2.5251	1.2018	6.2637	2.113	0.3266	0
RS_G1039__SYT1__SYT1	1.123	2.1228	4.824	8.2377	4.8047	0.86198	1.222	0.68231	5.6408	5.3681	0	3.4414	1.3791	4.1984	3.5518	1.2674	3.4954	4.8334	2.6812	5.8949	8.1976	0.47919	3.3375	2.2683	0.18611	0.34465	4.36	5.568	0.54555	2.9818	2.9818	4.8527	4.0193	2.2162	0.63215
RS_G11533__CAMP__CAMP	3.5155	4.8465	2.3552	5.5361	0	1.5471	1.4882	0.68855	3.706	1.3219	3.0019	0	1.4238	2.1738	3.2421	2.1103	0	1.4246	0.38086	1.6506	6.1769	0.52214	0	5.1903	5.6421	3.9921	4.6372	0	3.9762	5.7091	0.87957	2.9579	0	2.8438	2.6927
RS_G12844__ENHO__ENHO	2.9089	5.5123	0	3.6537	3.6418	5.0534	0.67716	1.9285	2.9711	3.5391	5.7918	0.65661	2.1981	1.4936	1.0345	4.7065	3.0499	1.6959	5.1131	2.2441	8.4101	4.6802	0	4.6541	3.5098	6.1461	6.3113	4.2099	5.1553	3.18	0.6459	3.5066	2.3488	2.3467	1.2003
RS_G2087__CRISP3__CRISP3	12.2314	7.1355	1.9518	1.8899	0.23487	0	0	0	7.5024	2.8094	1.3866	0	1.6931	3.6823	4.0308	1.6394	0.1214	6.0817	0.26944	2.9367	3.4422	4.0547	0	2.0069	0	0	8.4934	0	1.1939	2.3662	0.36223	12.7601	5.5423	4.6837	1.6889
RS_G13235__KRT4__KRT4	9.3812	11.4788	3.7138	6.6081	0.19191	1.292	4.5089	0.67209	6.6696	4.7751	0.6186	9.2252	10.5856	8.4049	7.4345	5.9863	0.10105	10.3706	1.7151	1.7253	0	6.4769	0.82122	4.2504	1.1517	0	10.7577	0	1.1482	6.9112	3.9312	8.1608	5.2153	4.5519	0.62627
RS_G16898__AC073468.9__AC073468.9	2.771	6.104	3.2477	2.9543	0	0	2.1311	2.1588	0.48723	0	3.5396	2.6112	3.5696	3.464	4.4522	4.6909	0	4.557	0	1.4065	1.2126	4.682	0	2.3478	0.5494	3.0729	4.3933	0.55787	1.3527	4.7935	2.3273	7.8208	1.3018	2.9131	0.94339
RS_G4465__FNDC4__FNDC4	2.0609	0.96004	3.9996	2.8072	4.2327	0	3.2685	4.1418	3.2899	1.4867	5.815	3.9698	3.0605	0.28662	3.4906	4.4007	2.7242	1.864	5.8787	0.3037	0	3.3295	1.0742	3.3088	0	4.1372	1.589	5.801	1.1384	0	1.8508	0.60227	3.2523	0.74175	2.5291
RS_G11896__SLITRK5__SLITRK5	4.4036	3.1192	0.25167	0.55999	7.5383	0.33996	2.6478	1.5099	3.2337	0.23193	0.20843	2.0435	1.4606	1.2422	5.1145	4.0805	3.7712	0.38943	3.1632	0.89617	0	1.3578	3.81	0.33673	0.21086	0	3.1578	2.9616	3.3742	0.06974	0.56419	0.60653	3.5177	4.3354	5.212
RS_G12889__AR__AR	4.6371	4.6227	6.4437	4.4301	5.9187	7.5601	0.19231	1.476	6.5225	6.1875	0.10622	0	0.18004	5.5774	9.2235	0.97224	0.22082	3.9166	3.5014	6.3628	4.5895	2.3964	0.40029	7.5779	9.2818	0.68318	3.9527	5.974	0.23057	4.0998	2.03	0	4.8483	6.3137	3.0122
RS_G16320__PCBP3__PCBP3	0	1.233	2.8412	5.1319	4.7329	0	1.8135	7.1215	2.717	1.4734	6.7411	1.1414	3.7919	3.7675	0	3.7909	4.1238	5.8191	0.75128	4.5556	4.431	2.5031	3.5964	0.47491	0	1.0568	0	3.3797	3.9459	5.3921	1.2824	5.3456	0	0	0
RS_G16982__IFIT1__IFIT1	4.0272	0.24404	1.6038	8.4349	2.6931	1.5317	3.5077	4.2694	0.73486	5.2973	9.1722	6.0939	6.5673	6.0911	6.388	1.8643	3.3544	10.3925	2.1393	3.6486	6.109	2.752	6.2823	1.4311	1.9978	5.2218	0	1.8031	5.7124	8.5429	3.6724	3.048	5.5259	1.7547	0.9293
RS_G11051__LAPTM5__LAPTM5	2.8393	0.20669	0	1.2492	0.22567	2.6129	1.7293	2.6516	0.45429	2.2405	3.3755	3.4596	4.1543	2.745	0.87362	1.1634	0.66768	0.69552	0.91454	0.33275	2.7641	1.0672	9.5586	0.73502	0.39464	2.4712	0	7.01	2.1102	0	6.916	0.65062	0	1.1637	0
RS_G9022__SCUBE3__SCUBE3	3.5466	0.2618	2.5074	6.8946	1.7019	0.87587	2.3629	3.9423	4.4599	2.2384	2.795	0.92187	2.8216	0.42772	5.6363	1.3151	1.3521	1.3012	4.7496	1.9342	3.1102	3.0681	3.0285	2.9598	3.4945	5.1548	0.25785	2.954	1.0921	0.61006	1.0796	0.10982	2.6449	1.8505	0.94161
RS_G4541__WNT6__WNT6	3.0042	3.7368	0.32073	0.73284	0	4.6301	5.7575	0.46473	0	1.5932	5.9361	0.62937	3.7627	0.70526	1.2218	6.7506	0.62494	3.7408	0	0	1.1888	8.9832	0	1.7939	0	5.9102	4.0941	0.50468	7.5806	5.7158	3.3084	0.80164	0	1.2905	0
RS_G5529__G0S2__G0S2	1.0387	0.48117	0	0	0	0	0	0	0	1.1623	5.0443	8.9996	2.0382	0	0	0	2.0825	2.064	7.3596	0	0	0.44356	8.7926	1.026	0	0	0	0	10.221	2.8424	3.4734	0	1.347	0	0
RS_G4225__SPARC__SPARC	0.1343	0.14978	0.094438	0.083816	14.1217	2.1509	6.2713	9.2733	0.091823	0.11392	4.201	0.91565	6.6944	2.2353	0	11.9638	11.47	4.5495	13.0059	0.63481	5.5294	3.5813	6.8619	0.63899	1.2224	2.1099	0	6.5885	3.3867	0	2.9029	0	0	0.4355	0
RS_G21898__CARD16__CARD16	0.84619	1.2359	0	0	0	0	0	0	0	0.4364	1.243	4.3336	2.7053	4.9938	2.0011	3.3761	0	7.5705	1.1067	0	0	0	1.5332	0	0	1.661	3.0494	0	2.3581	5.1972	4.1815	3.8427	5.8372	0	0
RS_G2016__COL9A3__COL9A3	1.4993	4.0111	0.88215	3.5012	1.2322	0.70713	6.8804	0.60545	2.0714	1.1249	5.9643	2.9465	2.6759	0	2.792	0.21295	2.7092	0.925	0.61144	1.6879	3.6563	4.4015	0.36722	3.2525	4.299	9.0893	0.38251	0.35941	9.2432	5.9379	4.908	2.9855	4.585	1.077	0.53092
RS_G566__CSPG2__CSPG2	0.20025	0.043506	1.2122	0.88034	1.8343	0.21093	4.7871	6.1112	1.7258	0.13026	0.20687	1.5527	1.0484	0	3.3124	1.5387	8.8786	0.043736	8.7002	0.11893	0	0	0.61441	1.3727	1.9183	0	0	3.5182	3.6374	0.39102	2.7013	0.27189	0.80559	0.66906	0.65313
RS_G2589__MAP1LC3A__MAP1LC3A	5.4336	7.1958	6.0458	0.63413	8.0698	1.1698	0.95044	5.8552	1.1291	0.5447	9.0622	2.5355	1.2561	0.14229	1.3253	2.4131	5.7958	3.7533	6.2558	0.28982	6.6626	2.6565	0.27231	1.1472	0.26588	2.9646	3.7384	7.5561	6.9562	0	6.105	5.1861	1.7702	2.0084	0.40504
RS_G8562__RGS16__RGS16	3.6383	7.9152	3.1434	4.2812	0	2.3833	0.82754	4.8652	7.453	2.0693	4.5062	4.3101	2.672	4.8678	2.4771	1.5237	0.53533	2.5687	0.83849	7.078	4.9839	6.6086	2.0042	4.5416	3.1614	10.591	6.6121	8.0521	3.1614	5.7208	4.6667	4.6968	5.3382	6.9381	6.5567
RS_G170__PROM1__PROM1	6.3993	3.9981	0.79538	1.1372	0	0.49645	4.3908	0.20402	1.6844	0	1.9471	1.2635	0.70091	2.4703	5.2802	6.4962	1.5902	9.078	0	0	0.27198	7.017	0.46159	0.39789	0.31413	9.1413	4.5082	0	0.34762	0.15302	0.27662	0.66674	0.74765	3.6763	1.9301
RS_G463__VIM__VIM	2.9652	2.2052	5.3309	4.7875	13.722	3.764	13.663	13.843	4.156	0	10.3261	6.4127	8.4787	10.5793	0.47968	11.7234	13.9024	10.1043	15.089	3.1521	9.4838	11.1994	13.7198	1.8929	3.5908	12.9747	2.3972	16.3769	9.8039	3.625	11.237	3.9594	5.7587	3.9298	0.37376
RS_G16619__SLITRK6__SLITRK6	5.6921	0	5.1781	2.1211	3.7194	4.5245	4.5316	4.1927	7.8925	0.92272	0.41187	5.1835	2.3251	5.4726	0.93462	3.9073	3.1682	3.1583	0.39362	1.5436	4.3069	2.3864	0.83012	4.428	1.1176	0.17754	0	0	2.1558	0.96991	0.90457	2.6655	0	2.9342	1.3351
RS_G2254__SEPT3__SEPT3	6.0681	2.128	4.9259	6.2715	4.0342	7.0323	5.5395	6.587	2.8368	6.2334	9.9177	2.4132	3.8373	5.0382	6.7193	6.0119	6.3541	7.4978	1.0676	4.4659	7.7589	3.6069	2.331	4.6968	5.3424	7.9558	1.0761	2.2186	3.1444	4.9445	2.392	1.7564	4.2999	6.3302	6.7753
RS_G2508__NTSR1__NTSR1	1.3246	5.0179	0.64197	1.934	0.12025	2.9231	0.62092	0.6549	0.13696	0.47215	0.11583	8.1986	1.0561	0	0	1.5179	0.82061	0.32384	2.1817	2.5628	0.13259	1.5976	0.99971	1.2335	0.22427	1.9421	0.88219	0.11781	3.3646	2.8194	0.28878	0.43836	0.075228	0.41548	0
RS_G9456__ESAM__ESAM	3.0999	7.3263	4.8154	1.7034	2.2405	2.6448	5.202	0.65953	1.5135	1.7182	2.2506	1.6495	4.313	3.497	0	3.9889	0.1375	5.2749	3.4482	1.8742	0.14219	4.5607	8.6426	5.3302	3.8334	1.5372	7.7329	1.8701	0.50499	0	3.5671	2.9747	4.9043	4.9846	3.9765
RS_G4418__TNNC1__TNNC1	7.2226	5.0273	0.68999	2.5897	1.6757	1.9519	1.5256	2.8095	2.0984	4.8172	2.9622	3.1841	6.4453	0	3.3824	7.7205	1.3897	3.3953	0.7113	2.1227	1.29	6.5433	2.2995	4.0797	3.6074	1.7452	3.716	3.0466	4.0773	0	3.363	3.2541	7.0446	1.5871	1.6021
RS_G16044__NXPH3__NXPH3	0.63973	1.6768	3.3225	4.9965	1.4449	1.8154	3.7241	2.1343	4.6757	4.5822	0.48173	0.35093	1.4048	1.158	2.7146	3.0732	2.7136	0.83939	3.4998	3.6032	7.6833	0.3628	2.3113	6.4008	3.532	2.5865	0	1.4849	1.5721	2.5857	2.0227	0.82821	1.8999	4.1853	1.3407
RS_G10216__C8orf38__C8orf38	5.1491	2.3135	7.2087	6.021	6.0859	6.1608	5.772	5.2176	9.8137	6.1035	5.9847	4.9133	6.629	6.0311	6.1521	5.9104	5.835	6.3356	6.2182	6.6008	5.9155	3.8127	5.874	4.967	4.503	5.1939	4.5255	4.0145	4.2857	5.8105	4.629	4.5804	5.8105	4.6899	5.1276
RS_G1492__DUSP13__DUSP13	1.1639	3.9306	0	3.4195	0	0.39666	0.7545	0	4.3288	4.8779	0.46004	0	0	0.476	0.27248	0	0.26614	0	0.56268	4.8187	2.0092	0.887	1.9107	4.6054	0	0	3.3152	0	0.88679	0	1.9153	1.3829	2.1176	2.0528	2.255
RS_G5567__PREX1__PREX1	7.2462	9.4167	8.806	10.4089	0.22186	6.8101	4.4805	5.6559	6.6114	8.4126	5.8229	5.9925	4.7198	2.9075	3.8884	1.4154	4.0377	0.14017	6.4915	9.6008	7.9408	6.7415	0.4589	8.6745	4.204	5.4145	9.5072	1.276	2.3445	4.4718	5.1828	7.4045	10.2263	10.6767	6.5261
RS_G3953__GPRC5D__GPRC5D	2.6057	2.7512	2.6011	3.2717	0	2.0069	2.0219	4.3231	3.6325	3.1167	1.9299	4.4397	1.2847	1.6856	0	0	0	2.1575	3.41	2.534	3.6782	4.7138	2.7768	3.0597	3.4671	1.0356	2.661	0	0	2.8574	3.3235	3.671	0	0	0.34313
RS_G6622__BARX1__BARX1	0.22949	0	0	0.14871	0	0	0.23826	0	0.30134	0.36785	7.1091	3.5355	2.0759	0.38231	0.27778	1.3499	7.1959	0	0.31829	0.28343	0	0.33767	0	0	0	6.9059	0	5.4178	0	2.1329	4.5806	0.55638	0.58125	0	0
