Cell lines	600MPE	AU565	BT20	BT474	BT483	BT549	CAMA1	HBL100	HCC1143	HCC1187	HCC1428	HCC1569	HCC1806	HCC1937	HCC1954	HCC202	HCC2185	HCC3153	HCC38	HCC70	HS578T	LY2	MCF7	MDAMB134VI	MDAMB157	MDAMB175VII	MDAMB231	MDAMB361	MDAMB415	MDAMB453	SKBR3	SUM1315MO2	SUM149PT	SUM159PT	SUM185PE	SUM225CWN	SUM52PE	T47D	UACC812	ZR751	ZR75B
Response	1	1	-1	-1	1	-1	-1	-1	1	1	1	-1	-1	-1	-1	-1	1	1	-1	-1	-1	1	1	-1	-1	1	1	-1	1	-1	-1	-1	1	1	1	-1	1	-1	1	-1	-1
U133A__KRT81	11.938	11.7362	6.076	5.7523	6.3613	6.2318	6.3563	6.465	9.5941	5.9887	6.4382	11.5769	5.8215	9.4778	12.3672	6.2151	9.0579	12.2114	8.9762	6.0823	6.4617	12.3512	6.732	5.9285	6.3727	12.6895	6.72	7.5076	11.152	5.9101	10.4556	5.9877	12.3689	6.5077	6.5763	12.1746	12.8064	5.8807	6.8635	6.1844	6.9041
U133A__RBPMS	8.4422	7.9156	6.0086	7.3213	7.5491	4.6263	6.6453	5.8481	6.3405	4.8493	6.4751	6.9032	4.9182	7.4236	7.5177	5.9548	8.9011	8.4347	5.1093	6.4882	7.4314	6.3886	7.9839	6.0911	6.3852	9.3425	5.4828	6.0819	7.1503	5.089	6.5809	4.624	5.5321	7.1047	6.7866	6.6405	6.643	6.4984	9.0655	6.277	5.9793
U133A__GPRC5A	7.4835	8.1924	10.8478	6.6047	8.4387	6.411	7.0096	7.2709	8.9953	5.7325	6.94	5.5498	8.3772	7.6094	9.252	7.803	9.0365	8.5419	8.7773	9.0299	7.3729	7.7901	8.8337	7.6604	5.9316	9.2595	8.1985	7.3947	8.0719	6.3931	6.2926	5.6671	10.3479	6.9332	9.4321	8.0798	7.8656	6.8201	8.9387	6.3194	6.9714
U133A__IFI35	5.4977	6.6211	6.8837	5.9007	8.0682	6.7676	7.0366	7.7739	6.3878	6.7278	6.8486	7.4278	6.9672	8.0101	6.8443	7.6942	5.418	6.0747	7.3015	7.4774	7.0745	5.9294	6.2196	6.5578	8.5606	5.4165	7.0996	6.7662	6.195	5.2079	5.7756	8.126	6.2137	6.6562	5.3685	7.1166	5.7674	7.0133	6.0084	5.5399	5.1334
U133A__GDPD3	6.5019	10.0153	6.477	6.1503	6.642	5.7463	7.4532	6.1041	6.4548	5.9638	6.4119	6.4377	5.6627	7.0271	6.539	7.1794	7.2005	6.6596	6.229	6.574	5.8339	8.0906	6.7648	6.1995	6	7.6927	6.1031	6.4612	7.043	5.897	8.9869	6.01	6.9427	6.2605	7.4305	6.4492	6.1856	6.1103	6.7211	6.0486	6.5637
U133A__TRIP13	7.745	8.3821	9.099	8.3399	7.2109	8.4946	8.4298	9.1761	8.1542	8.1616	8.0032	8.2922	9.269	8.9522	11.8558	8.2882	8.7189	8.5732	8.6762	9.2749	9.1383	7.9553	7.9682	8.584	8.3787	7.6696	8.1315	7.9447	8.0787	7.9149	8.2085	8.3646	8.3153	9.9502	6.6053	7.1	7.2737	8.9561	7.5954	6.3957	7.9724
U133A__CNN3	6.5662	5.928	7.2837	6.2459	5.2624	7.9772	7.5358	5.2634	7.333	7.2978	5.852	8.5066	5.2216	8.3566	7.6308	7.8934	5.711	7.0815	8.6543	9.1609	8.1059	3.6902	3.6053	8.2442	7.3666	6.0036	9.026	7.1398	7.5905	8.7984	6.3226	7.2367	6.9493	5.7464	5.5974	9.1542	7.5337	7.6915	8.1608	6.8602	3.467
U133A__TP53I3	6.4026	6.6763	8.2514	6.3293	5.9343	7.1322	6.819	8.4069	7.1618	6.3678	6.5144	7.206	6.7321	7.3316	7.6571	8.1537	5.8259	8.1345	6.9746	6.8374	7.2446	6.7114	7.2028	7.7129	7.0884	6.1951	7.7591	7.3	6.3167	7.4749	6.4755	7.6138	7.5304	7.6483	5.9188	5.8959	6.2309	11.9441	6.5465	6.4171	6.7233
U133A__CYFIP2	6.119	7.2214	5.5471	7.2856	7.9177	5.0692	8.2878	5.1518	5.5729	5.7304	7.8867	5.7349	5.1345	5.1257	5.5263	5.2595	7.4708	6.2103	5.5828	4.7354	5.6666	5.6376	6.6199	6.1386	5.2283	7.4	5.4525	6.2671	5.9559	6.8642	6.9614	5.7687	5.5363	5.436	8.0359	5.4743	8.5498	7.3658	8.2599	5.8194	7.1325
U133A__TFF1	12.2913	8.7704	4.8812	12.009	13.0647	4.5823	11.357	4.4645	5.0347	4.9526	12.0586	5.5069	4.6102	4.7953	5.1295	7.7444	6.8636	5.3196	4.6565	4.7428	5.032	12.5113	12.6032	7.2875	4.6427	11.0566	4.7941	12.0723	7.1696	5.6426	6.7433	5.0684	4.859	4.9279	10.1664	4.8671	5.2403	4.7042	12.6332	7.8516	12.1863
U133A__CLNS1A	9.4608	8.6558	8.2594	6.9005	8.581	8.8302	6.9955	8.0207	7.7269	8.5912	8.5311	9.0546	9.5556	8.4244	8.5211	7.4982	8.0984	9.0511	8.2463	8.0085	8.011	8.7419	8.7794	11.0338	8.2217	9.6021	8.4882	7.6112	7.6521	8.5151	8.1378	8.3304	9.2318	9.4287	8.085	8.3387	10.4912	8.8496	8.6699	7.8664	8.2449
U133A__GADD45A	5.3909	6.2445	7.9181	7.5063	5.2446	7.3392	5.1443	8.6309	7.1551	6.8213	5.8339	6.7283	7.7482	8.4893	7.405	6.8995	5.0377	8.008	6.8747	8.2273	9.7214	5.0571	5.8846	7.9334	7.5512	5.2269	6.8579	6.8197	6.6866	6.5109	5.6789	8.471	7.4893	9.3585	5.2882	7.4148	7.1867	5.4167	6.9506	6.5311	5.8262
U133A__SCNN1A	10.6798	10.2873	7.6271	9.5174	6.3736	5.1269	5.7522	6.965	7.855	7.1514	7.5591	5.0831	7.5561	9.5579	6.8491	6.9399	10.2154	8.2008	8.0919	8.4828	5.1176	7.4845	8.3324	6.7783	5.031	9.9974	4.9415	10.249	9.0519	5.2967	8.9389	5.0404	10.1973	6.488	11.1194	9.4423	10.4939	7.683	8.8468	7.9238	7.3972
U133A__SFRP1	5.1117	5.3705	5.8074	5.4813	5.2707	8.5268	5.2428	8.8216	9.9972	5.5535	5.1718	9.5246	5.3062	10.0981	5.6955	5.8066	5.5267	9.5855	5.8497	6.0073	6.2385	5.3056	5.4548	5.5234	8.2226	5.0257	5.1371	5.8117	5.2424	5.5989	5.185	5.4689	9.8611	5.3713	5.4951	5.5905	5.3988	5.3516	5.0277	5.5497	5.2553
U133A__TXNIP	9.0198	6.3159	6.4357	8.3832	9.4834	6.3813	7.8916	8.9429	9.8559	5.7644	9.3606	6.8518	6.1465	7.4178	7.8682	9.5912	9.4289	7.6529	6.0667	7.4504	5.6214	6.9145	7.9565	7.329	6.5723	9.169	6.4066	8.9171	8.1792	7.3859	6.7269	5.781	8.2045	7.9514	10.3303	8.9095	10.2571	7.8199	8.5902	10.4484	6.8079
U133A__XIST	7.4954	9.2012	4.4356	3.8785	7.8339	3.9121	4.3337	4.4232	4.6098	8.5036	7.7232	4.3864	3.9876	4.0078	3.9	7.8932	4.7839	7.027	8.1843	7.4679	4.8628	4.5531	7.1401	7.2642	7.8189	6.8515	4.3492	4.1485	7.8787	6.4632	7.1041	4.9547	3.8857	6.9101	4.1381	3.7305	7.8729	4.508	8.1491	7.1912	4.174
U133A__PLIN2	5.4596	5.5553	6.7467	6.2866	5.6251	7.1913	6.2276	6.8111	6.3505	7.2035	6.5559	6.8593	7.4369	5.9231	7.2854	6.944	4.7903	5.1821	6.5813	8.6822	5.4414	5.7692	5.7808	5.7218	8.9755	6.506	7.4888	4.9391	5.1107	5.3351	5.6025	5.392	7.0003	4.8307	5.2846	6.4068	4.9712	6.5803	5.9229	6.4567	6.1675
U133A__TSPYL5	3.6622	4.0244	6.8694	3.6776	9.022	3.6848	3.8648	5.2233	8.5831	7.8475	10.848	6.2106	7.8231	7.0585	3.8296	3.8136	3.6174	8.1839	8.8496	5.7356	3.7217	9.129	8.4795	3.8889	5.8008	8.0107	3.5589	3.5408	4.4057	3.6938	4.7196	8.2136	6.338	3.9169	8.5555	3.6322	3.9345	3.9492	8.9721	3.3756	3.5561
U133A__SLC11A2	6.2765	8.4125	6.444	6.1866	7.0199	5.4309	5.2961	5.6531	7.6168	5.6974	5.8892	6.523	6.1864	6.8168	5.5577	5.1303	7.3601	7.0242	6.3274	6.5256	5.6932	6.0948	6.3836	5.8358	5.5979	6.536	5.81	6.6095	6.3764	5.7265	6.8441	5.4316	6.4573	6.2816	8.9095	7.8275	7.3783	7.1257	6.0897	6.0705	6.4142
U133A__PHGDH	7.4108	7.1537	10.3442	8.105	6.4854	8.4641	6.9078	8.1949	7.2091	9.3914	8.3536	7.7658	8.2451	8.4218	7.6994	8.82	7.1137	7.4823	8.446	9.7916	7.6953	7.2645	6.7722	5.8624	7.797	6.6487	6.6278	8.0502	7.8655	7.9675	6.7189	9.1647	8.0666	6.5386	9.6919	9.7963	8.2777	7.7695	7.4865	7.2748	7.6427
U133A__PSMB3	9.6802	9.084	9.8988	12.1363	9.6264	9.5618	10.306	9.8656	8.8918	9.2269	9.1014	10.006	10.2436	9.5561	9.7906	11.3566	9.2113	9.923	10.0025	9.3135	9.7381	8.6375	9.5798	9.9499	10.0309	9.6853	10.0956	10.8509	9.7682	9.7899	8.7196	9.5636	9.7851	9.9523	8.3181	8.917	8.9793	10.2048	11.8259	9.0869	9.9681
U133A__ARHGDIB	8.5293	8.1199	5.8842	6.4501	7.2463	4.7304	4.7976	6.2259	5.607	6.4063	8.0311	5.4551	9.4922	9.2045	7.5589	7.8056	10.3184	8.841	4.8659	9.2277	6.0753	4.7729	5.4535	5.0219	5.5393	10.2407	10.0378	9.1753	10.118	6.7721	8.9124	5.2272	8.2832	6.2232	9.5105	9.0231	7.7081	6.377	9.6437	8.9659	6.9107
U133A__TRIM16	6.1574	6.1974	9.2691	5.7526	6.4896	7.8195	6.6675	6.4563	6.8223	7.0869	5.7686	6.3137	9.1814	8.2659	7.3056	7.7113	6.6343	7.8839	7.5431	5.7772	7.4161	6.4079	6.7198	6.2253	7.6578	5.7971	5.9195	7.4512	6.3	8.2898	7.0752	6.5095	7.3537	6.161	7.2962	7.0737	6.0595	6.0184	6.2297	6.5469	6.4635
U133A__RAB6A	8.3478	8.1354	7.602	9.6089	8.5203	8.235	7.0744	6.9855	7.5458	8.9785	9.6511	8.2605	8.7391	8.1772	8.2082	6.8947	9.3203	8.6921	7.8781	8.3045	7.1215	8.4947	8.5233	10.7149	8.1531	8.4794	7.9162	7.769	7.67	7.9761	8.2774	7.0141	8.7486	7.4315	8.176	8.9419	8.722	7.9143	8.5491	7.9982	7.7061
U133A__PTPRU	8.8461	7.7909	5.3599	5.5647	6.1875	5.6295	5.9431	5.8584	6.2068	5.2724	5.8775	7.1523	5.8751	6.4143	6.3077	6.3478	7.2033	6.1426	5.3025	5.9901	5.6516	5.9064	6.0962	5.8296	6.0597	6.9492	5.1764	6.0926	6.86	5.6323	5.9691	5.9083	6.7002	5.6666	7.1784	7.0607	7.8153	6.1712	6.6981	6.3257	6.6313
U133A__LEPREL1	5.2728	5.3422	8.3477	5.4569	5.0282	9.3138	5.5085	8.5248	7.9786	5.848	5.3502	6.5309	7.5076	8.3214	7.2828	5.5782	5.1026	5.8493	7.0181	9.188	7.5821	5.5045	5.6844	5.199	6.6369	4.9666	7.9034	4.9339	4.9033	5.3148	5.5942	6.252	5.3512	7.3962	5.376	5.3514	5.1657	5.3306	5.109	5.1199	4.9922
U133A__STAT1	7.2521	8.0289	8.9076	7.5388	9.9742	8.2815	6.9856	8.2059	7.9112	8.6978	8.049	8.3459	9.0902	10.2397	9.0231	8.1431	6.7996	7.7738	8.9201	9.7459	7.9713	8.0961	8.2953	8.929	8.9037	6.852	8.3	8.2216	7.4767	7.903	7.4653	8.244	7.9746	7.4368	7.4307	9.7004	7.3811	7.3093	7.9471	7.2797	7.4195
U133A__TNFSF10	7.4048	4.6934	4.1345	5.0365	6.1542	4.0584	3.8828	4.1277	6.6466	7.8221	4.4769	3.9907	5.5926	8.5859	4.1981	3.8579	7.3273	7.1749	4.0838	9.3001	4.0692	4.215	4.7545	4.8323	5.926	5.2022	4.1125	6.5527	7.1184	5.5367	4.2591	3.9032	3.8381	4.2542	7.4595	8.7164	7.4724	4.6913	7.1343	4.5162	3.8928
U133A__PSCA	6.6794	6.7882	7.2379	5.2285	4.9533	4.2226	4.8065	4.7535	5.209	4.548	4.64	4.7495	4.3334	5.1205	5.3627	6.3379	7.273	4.5253	4.1651	4.4817	4.9353	4.7136	5.3853	4.4292	4.5383	9.04	4.3378	10.8662	8.2352	4.6424	5.1155	4.7656	4.5504	4.7827	9.1162	7.0019	6.9657	4.3908	5.4954	4.3161	4.4651
U133A__SPHK1	6.5756	6.2039	7.0171	6.0943	6.0422	6.0261	6.3492	6.8063	6.9162	6.4991	6.5431	9.0799	7.0979	6.5235	7.3219	6.5062	6.0867	6.6053	6.6958	7.362	7.0201	7.6825	6.8751	6.2242	8.3971	6.2919	6.1954	8.0365	6.0921	7.3532	6.2097	9.1271	7.5901	6.415	6.2242	6.0159	6.052	6.0584	5.9343	7.0085	7.0155
U133A__S100P	12.2566	12.327	10.5147	11.0487	5.7447	5.0735	7.5039	4.9678	10.9637	4.7325	5.2795	10.1086	6.5254	11.5796	9.9017	7.9231	12.2557	12.0478	7.712	8.9893	5.1897	9.773	9.2327	5.5205	4.7583	11.337	4.7626	9.1549	10.5134	5.0912	11.2303	5.2787	11.5415	5.0971	12.7148	10.8632	12.7788	7.1557	10.2222	9.7332	10.0476
U133A__GALNT6	8.8821	7.3905	8.324	6.7568	9.7521	5.1143	8.8841	5.7714	6.8554	6.1052	8.3463	5.6143	6.7577	6.284	8.1603	7.455	8.2228	6.9834	5.9045	7.5279	5.4304	8.8602	7.768	8.6096	5.6215	8.65	5.8084	8.4236	9.1485	9.1731	8.7939	5.665	7.8211	5.8236	10.0613	8.3165	9.245	7.746	9.7446	7.8728	9.2057
U133A__PRKRIR	9.1253	7.7476	7.8076	9.338	7.918	7.5965	6.9452	6.3444	7.0352	8.6927	8.1006	7.8564	8.7561	7.6003	8.2642	6.9316	8.4684	7.7516	7.5375	8.1211	7.1304	8.2839	7.9468	10.7632	6.8576	8.5159	8.0769	7.458	7.2631	8.25	7.5467	6.8547	8.0119	7.9799	7.1922	7.8581	10.7226	7.8441	7.7156	6.7416	7.6098
U133A__GBE1	5.9443	6.4724	7.7376	6.6096	6.8172	8.3086	5.6093	8.2969	6.3136	6.5675	5.634	6.3318	6.8546	5.9996	6.9661	6.1714	4.7537	6.2946	7.1265	6.681	8.3006	6.7359	6.2895	7.2379	6.9486	5.5154	7.9882	6.2151	4.4946	7.001	6.3652	7.6464	6.7836	8.4375	4.6733	6.5709	5.4259	5.6225	8.2007	7.0307	6.1135
U133A__PPFIBP2	6.7549	6.3345	4.8049	7.4348	6.1149	4.4968	6.0418	5.0472	6.4455	5.3026	5.1869	5.4586	4.7554	5.4037	4.6165	6.349	7.4999	5.2311	4.6232	5.0742	4.2075	5.4242	4.8287	5.6702	4.5175	7.6244	4.6322	6.4314	7.3432	7.8022	6.3835	5.0991	4.7511	4.6531	7.8773	6.6225	6.8047	4.696	7.4245	6.0795	4.9504
U133A__MTUS1	8.1313	8.2705	5.8908	7.106	6.8291	5.1455	6.8015	6.1568	7.0624	5.4657	5.8096	5.252	6.6955	7.581	6.4001	5.4172	7.6864	7.4877	5.5626	7.7194	4.6984	6.658	6.7777	5.5679	6.0087	7.1452	5.2202	6.4472	7.1152	5.1951	6.9902	5.1036	5.8514	5.3492	7.484	8.1098	8.0734	6.0826	8.2206	8.2206	6.8675
U133A__PADI2	9.0532	9.5063	7.2636	8.9317	7.4656	6.5261	6.2835	6.6613	8.362	7.6195	7.363	6.7937	6.3117	8.02	6.7172	9.0101	8.6758	7.7384	7.1875	9.2437	6.653	7.3278	6.7349	7.0423	6.4413	9.6267	6.1664	8.651	9.3973	6.8629	8.3672	6.5707	6.1414	6.3046	9.8863	8.7516	8.5155	6.4094	9.871	8.2785	7.0584
U133A__GPNMB	4.2546	7.6502	5.7521	7.0655	4.8607	3.8119	6.4117	4.7584	9.1158	4.2445	5.08	7.6272	7.535	6.7794	4.756	4.8748	9.7451	6.3955	8.1161	9.7905	7.9799	5.2733	5.2392	3.9271	10.6949	4.7123	4.6317	9.088	4.3906	4.4459	7.6682	9.6168	4.2152	4.2491	4.8244	9.2486	6.6428	5.3744	5.3042	4.8159	4.8741
U133A__C2orf54	7.7605	8.4685	6.5213	6.8355	6.3039	5.7915	6.2505	5.9893	6.405	6.0855	6.3454	6.0255	5.9557	6.8201	6.0669	7.3183	7.6327	6.4253	6.0383	5.8493	5.9139	6.2292	6.1448	6.1992	5.841	7.4306	6.0411	7.0844	6.0172	7.549	8.1948	6.0615	6.1171	6.017	6.361	7.3656	7.5534	5.9837	8.6595	8.4196	6.0049
U133A__VEGFC	4.7486	4.8359	4.6119	5.143	4.9123	6.447	5.4106	6.9266	4.5639	4.5225	4.6426	4.6833	8.0047	4.7197	7.4878	5.1508	4.728	4.5083	4.5668	4.7086	7.9566	5.0759	4.9522	4.8807	6.9223	5.207	6.3583	5.5923	5.7777	6.2535	5.2711	9.0667	9.0267	6.5974	4.8815	5.4211	4.5863	4.7451	4.9287	6.3003	5.0252
U133A__ALDOC	6.5777	8.3205	6.2278	6.6705	8.4622	5.9173	6.748	8.2793	8.3786	7.6054	6.2571	8.268	6.8246	5.9627	7.5516	9.5103	6.3166	7.6059	5.9395	5.9531	6.084	7.2912	7.7475	7.8802	5.3038	6.7481	7.1603	6.11	6.5345	6.1454	8.8374	6.2906	6.7714	6.409	6.929	8.0066	6.3134	7.7955	11.3442	6.2557	6.2591
U133A__PLXND1	8.0278	8.0521	7.2243	6.8569	8.0591	6.1152	6.932	6.9463	6.7389	7.6025	7.7119	7.432	6.9718	7.012	6.7294	7.4985	8.5089	6.3405	7.3005	7.767	7.1712	7.5315	8.1479	7.045	8.3326	9.6295	6.9015	7.1637	6.9815	8.0254	6.8911	7.248	7.013	6.1165	9.3213	7.7929	7.2942	7.5523	8.2313	6.6068	6.7508
U133A__SGK1	4.5039	4.9334	6.1785	4.7827	5.0255	8.6493	4.9394	7.5162	7.9635	4.3632	4.5738	6.4205	8.1867	7.2171	5.7353	4.9836	4.2787	5.4377	7.4515	6.0284	7.7563	5.059	5.5643	4.8025	7.6973	4.6129	7.0334	6.3626	4.4837	4.4109	4.9636	8.6062	6.7889	7.1807	4.5583	5.3698	6.1684	4.7328	5.5696	4.6854	4.8292
U133A__ZNF395	7.4726	6.25	5.5791	7.9846	7.9481	7.4351	6.8778	6.088	6.4956	7.314	5.7144	6.4154	6.2816	6.0554	5.9469	6.9334	7.4823	5.7542	5.4415	6.401	5.4669	6.7954	6.6674	6.5065	6.0353	7.5409	7.4972	6.382	7.082	7.743	5.4936	6.093	6.0597	6.9636	7.2497	6.2001	6.8049	6.9056	9.5092	8.7508	7.2073
U133A__COL1A1	4.8595	4.5017	4.3453	6.7347	4.1388	11.3634	4.9378	10.5243	5.8092	4.8212	5.5465	4.0655	4.7173	4.1605	3.5882	7.048	4.5906	7.139	10.8683	4.5265	10.6014	3.8974	5.0738	5.193	10.155	4.7577	3.982	5.968	4.0965	6.6127	3.9594	11.1959	5.4949	8.7142	5.5253	4.1782	4.3818	5.6643	3.9736	5.6976	5.9443
U133A__ARL4C	5.0372	5.4113	7.4864	6.7865	5.2082	8.6102	5.4432	6.8605	8.2727	5.3763	5.1972	5.7854	6.2923	6.6579	6.6568	5.1034	7.1242	6.4012	8.4927	7.7619	8.1936	5.7452	4.8309	5.8689	8.3712	5.9178	7.2348	6.0425	4.1099	4.347	5.107	9.1009	6.2938	4.6692	5.4439	5.5883	5.766	4.7769	6.1884	6.1871	5.0522
U133A__NDC80	5.5522	5.0453	7.3704	6.0641	4.7678	7.5886	4.8913	6.9694	6.2093	8.2113	4.6458	5.6359	6.8255	7.5058	5.4579	4.6172	4.7843	6.5212	6.879	6.771	7.0702	5.4314	5.1758	5.1286	6.8271	4.2246	7.4584	5.221	4.9644	4.8313	4.8279	6.9992	6.9676	6.0043	3.5759	5.4467	3.7379	5.2985	5.7214	5.8115	6.0871
U133A__GUCY1A3	5.4652	5.9062	5.838	7.1808	5.9138	5.8476	5.8015	5.891	7.6401	8.4253	5.8467	6.0758	6.0679	6.2103	6.7409	6.6746	5.4549	5.8616	5.9645	9.6817	5.9331	5.8029	5.7648	5.9583	7.0617	8.6966	5.7511	7.6344	5.8884	7.9841	5.6766	5.9908	6.2184	5.8468	7.1128	6.5455	5.6473	5.7236	5.8095	6.3131	6.0079
U133A__BET1	6.457	6.8917	6.1	6.4871	6.6266	5.9282	6.3555	6.5993	5.9264	7.1228	5.9494	6.4942	6.1672	6.1476	5.602	5.7067	7.193	6.5846	6.7723	7.2706	6.6186	6.4599	5.748	6.1616	7.2448	6.7981	7.2339	6.0368	6.4559	5.7412	6.4165	6.3714	6.2335	6.4052	6.7489	9.3023	9.1437	6.3116	6.7942	6.0472	6.3389
U133A__LXN	5.1228	7.7661	4.3541	6.8655	5.2664	3.8669	8.0764	5.2302	6.4397	6.0067	5.3534	4.4712	3.7789	9.9807	4.0344	4.36	4.4195	8.408	10.5684	8.7071	3.9819	11.2106	10.4775	4.2656	4.5031	6.9129	6.5438	6.1656	7.5215	4.337	8.1586	5.1333	7.8474	4.4119	4.1029	3.7611	4.0936	4.4462	6.5377	4.2602	4.2287
U133A__SARS	7.7374	8.322	11.1448	8.1394	8.1342	9.4981	9.6965	8.0424	7.7344	7.4681	8.0177	8.2959	8.6775	8.9196	8.2049	8.4746	7.1093	8.7586	9.6745	9.0718	8.3933	8.447	8.5561	8.4441	8.8517	7.1754	9.7475	7.8395	8.1705	8.5303	8.3585	9.224	8.73	8.4421	9.1614	9.4498	8.9271	7.9232	7.8378	7.7401	8.0215
U133A__GSTM2	10.9794	7.6504	7.1981	6.8319	6.943	6.3578	8.1024	6.6401	6.5591	6.5997	6.6241	7.0895	6.9667	6.6804	6.3465	7.7345	6.5662	6.5689	7.7245	7.25	7.8439	6.5391	6.5854	10.8683	6.8	6.7613	7.0935	6.8457	10.5965	7.0559	7.289	6.8966	6.6089	6.7086	6.2411	6.8911	7.4413	7.9582	6.1091	6.8643	6.2927
U133A__KRT5	4.8077	4.8878	9.9667	5.0165	4.7598	5.3606	5.2034	5.1382	9.8089	10.1851	4.7424	5.3075	11.7433	10.7402	5.5063	5.4241	4.9714	8.9525	8.389	12.0252	5.8278	5.7844	5.2101	5.1395	5.0057	5.0121	4.6854	5.0561	5.6323	5.0849	5.3946	5.0225	8.8317	4.8533	4.9464	7.6991	5.2698	4.9329	4.9699	4.9937	4.9555
U133A__CKB	5.3442	7.7875	5.6154	5.4548	7.2727	7.2986	7.9556	6.9587	7.8831	5.951	7.7218	5.4318	7.4084	6.4976	6.0638	8.1013	6.8017	5.8878	6.9659	6.6128	5.5701	5.7784	6.5721	8.3052	7.7159	5.8863	5.9212	7.0171	6.8611	9.5775	7.0333	9.5311	5.9426	5.512	8.4104	7.5521	5.1422	6.9092	7.7166	9.1697	9.3753
U133A__CCND1	9.1764	8.4714	8.2977	8.1237	9.1256	5.4377	8.8941	5.4406	10.0998	7.9929	9.1837	4.3292	8.6063	8.813	10.9904	7.1587	8.1578	6.4037	8.1008	9.0473	8.209	8.2177	9.1804	11.883	6.9939	9.3043	8.8488	8.5351	10.1566	6.4129	7.9009	6.6177	8.3147	8.4694	8.7082	8.6652	8.5885	7.1643	7.8528	8.5427	9.2077
U133A__STK17A	4.9501	5.586	8.279	5.9762	6.0216	6.566	5.4767	6.8878	6.4057	6.6561	5.4821	6.0291	8.4562	5.8604	8.8451	4.2898	5.3348	6.9874	7.7161	7.9924	7.3272	6.1679	5.637	4.929	8.7568	5.3935	7.6759	6.849	5.6005	6.2104	5.4237	7.6464	7.6153	7.0711	5.235	7.7935	5.8133	6.2781	5.7631	5.1737	6.3458
U133A__PHF11	6.8572	6.8199	6.1504	6.1094	7.5155	4.6492	6.1965	5.5944	6.3952	8.6781	5.6711	5.5715	5.9209	6.1798	6.3456	5.9198	6.8223	6.0406	6.8884	8.1456	5.5505	5.9869	6.4986	5.6302	5.53	6.6321	5.6441	6.368	7.2591	5.8747	5.8702	6.4841	6.3897	6.1046	4.2574	7.3746	5.6881	5.8207	8.1203	6.3191	6.1857
U133A__PDGFC	5.5151	4.7072	6.4241	5.306	4.2114	8.5446	4.2682	7.4629	7.5679	8.1244	3.5487	4.7294	7.0604	5.2036	7.8858	6.7858	6.5847	5.6004	6.6393	7.1701	6.9926	4.1352	3.636	4.0802	7.2686	4.8705	9.2966	6.5591	5.3401	5.7983	4.7499	8.8223	6.3115	7.8914	4.062	8.5844	5.1023	5.7918	4.4004	5.4727	5.9931
U133A__SLC7A11	4.2893	4.9085	8.8657	4.8749	4.2309	7.6008	4.0794	5.9768	4.8761	4.5896	3.9585	5.6869	9.4099	5.7783	5.776	4.4735	4.097	5.2914	7.2811	6.0812	8.3411	4.3563	4.5052	5.6895	6.2811	3.7697	9.0367	5.1478	5.4183	4.2368	4.6391	6.1061	5.0838	6.5691	8.3337	7.4302	7.695	4.18	3.9346	4.1598	5.1029
U133A__EIF4EBP1	7.9985	7.814	9.3199	8.056	9.9591	10.0741	9.4622	8.4196	7.6208	7.7225	8.5358	9.1045	8.2318	7.6555	7.9632	8.6916	8.3943	8.1152	8.9644	8.1909	9.1244	7.9051	8.1133	10.8575	9.238	7.6932	8.7352	8.9594	8.0511	8.7799	8.0964	8.4184	8.8576	8.9189	9.8338	8.9039	11.8092	8.4097	8.623	9.4205	8.7757
U133A__MAFB	4.2939	5.2209	6.2054	6.0526	7.1675	4.5699	8.118	4.2814	4.4545	6.0147	5.8886	5.9523	4.6033	8.0513	5.6472	7.7452	5.899	5.4665	8.7595	6.8573	6.4104	4.5053	5.7821	6.9794	6.131	5.4416	4.4014	6.1242	5.0501	8.6345	4.3436	4.4115	6.6507	4.4563	7.0732	7.0174	7.4185	5.1496	5.3409	5.6559	6.4191
U133A__HES1	7.2466	7.8362	6.8655	7.9131	6.4896	5.1651	6.9367	6.6125	7.8518	7.9219	7.5594	6.5368	6.5024	7.6893	6.658	8.8103	9.585	7.7168	6.5411	6.9986	6.0367	6.746	7.2969	6.5532	6.3761	7.2673	5.6609	7.8519	6.9642	6.1492	7.3558	5.9077	7.0221	4.6059	7.9363	7.6559	7.3246	7.1297	6.625	7.1431	5.8228
U133A__CARD10	5.7778	6.6189	6.4732	6.0074	5.6113	7.1832	6.9806	7.1831	5.8013	5.447	5.0291	6.8955	7.94	6.4404	6.6995	4.8749	5.3041	6.1251	5.6387	6.8007	8.2432	6.0254	5.8035	6.6709	6.9111	6.3909	6.3107	6.2227	6.8504	5.0682	5.6466	5.2563	6.1299	5.5845	8.1902	6.3387	5.6863	5.8941	5.8825	5.1234	6.1903
U133A__EPHX1	9.2984	9.4723	9.1923	8.1169	8.3973	7.1109	8.2915	7.3683	7.4411	8.7598	8.4953	9.9386	8.5795	9.9609	8.4863	10.0493	7.8213	8.9538	9.4613	8.7891	7.3381	7.0555	7.8906	8.3233	9.6453	8.6387	6.3209	8.6889	7.9022	8.9822	9.2182	9.6237	8.4249	7.4054	8.0834	11.2866	9.5756	8.2271	7.9728	8.159	7.221
U133A__SEC23A	5.6536	6.4033	6.0959	6.3551	5.6767	7.5831	5.0365	6.3168	5.6319	6.0224	3.7853	4.5046	6.0269	5.8319	6.0896	4.0846	7.3692	7.0419	7.823	6.2331	6.2394	6.075	6.6442	5.7261	6.617	6.0018	8.0254	4.5341	5.9943	5.3945	5.3527	6.4626	6.0872	6.8353	7.8656	5.2568	6.3942	5.4397	7.0233	4.3727	6.6133
U133A__ANK3	6.4478	7.308	5.8183	7.5215	7.0276	2.7342	6.8733	4.2279	7.1104	5.6934	7.8747	7.0227	5.117	6.4182	4.6788	5.0538	7.3358	6.7191	6.6335	6.6594	2.6483	5.8109	6.8444	5.6613	3.2294	6.2805	3.5943	7.386	7.623	5.2949	7.0939	2.7388	3.1715	5.8833	9.1143	7.5673	5.702	6.1148	6.4416	6.837	6.6091
U133A__TBC1D9	6.3771	7.496	5.581	6.0691	9.2575	4.8144	7.0148	5.4363	4.3359	5.6622	8.2883	5.4965	3.5309	5.9846	5.0743	5.0615	7.5382	5.0659	6.6908	7.3101	6.1223	6.8606	8.7386	8.2356	5.9894	7.447	6.3818	8.4877	7.2127	5.1711	6.5539	5.0828	4.6908	6.4141	8.6955	7.7167	6.6034	5.0197	7.5227	6.7933	7.8456
U133A__C1orf106	10.0398	9.071	7.5414	6.4457	6.3035	6.014	6.2668	5.4447	7.1557	9.242	6.8518	8.8609	8.3117	8.8083	7.699	8.3482	9.1534	7.9706	6.8505	8.7505	5.9213	5.7634	6.1472	5.874	5.323	9.2096	6.4594	7.3261	8.0817	7.0397	7.7464	6	8.7694	5.5202	7.8809	6.8588	9.3234	7.395	7.6388	8.4486	7.6676
U133A__GNE	5.3352	5.3076	6.8641	5.2581	5.499	6.5008	5.4021	6.5984	5.967	4.4695	4.7172	5.5494	5.0627	6.9256	5.3405	4.9399	8.1098	5.192	6.4608	8.5545	5.9888	4.7223	4.7803	5.7832	7.899	6.9789	6.4229	6.856	6.3987	5.8493	4.9721	5.7542	5.3722	5.1636	3.8687	7.4947	5.399	4.9661	6.9006	6.238	5.4946
U133A__IGF1R	7.4366	6.0432	6.4696	7.616	9.0997	6.7451	5.1784	6.164	7.4726	4.8247	7.1078	5.9359	5.9343	6.3173	5.3298	5.5299	6.252	5.9489	6.6041	5.5932	5.6916	6.2705	7.8115	8.3023	5.3234	5.1774	6.931	7.3309	5.6135	5.2645	5.3017	5.5466	6.4853	4.9335	7.2016	4.7378	7.5757	7.0228	7.4657	5.5772	6.4581
U133A__SLC16A2	6.3648	6.5875	6.9674	6.6207	6.1898	8.4154	6.3737	6.351	6.3528	5.8648	6.3431	6.1795	5.906	6.0403	7.6963	6.263	8.9505	6.0496	6.2589	6.7398	7.4172	5.6067	6.407	6.8717	6.5314	5.6734	5.7944	6.4926	8.2316	7.1655	7.2201	6.0533	5.9928	6.126	5.6637	6.4509	6.8085	6.0254	6.5951	6.8485	5.9475
U133A__APOD	9.7815	7.0284	6.0701	6.285	6.7823	6.0931	6.2108	6.1917	6.2081	5.8998	6.1683	6.3706	5.6952	6.6942	6.2645	6.4374	8.9069	6.3223	5.9225	5.7288	6.1374	6.3176	7.3443	6.6797	6.0506	10.0771	6.1221	6.443	10.7247	6.2183	7.7596	6.2803	5.9412	6	5.9374	5.8299	8.0883	8.1551	9.0423	10.6398	5.9344
U133A__SERPINE2	4.1494	4.4242	7.97	4.9022	4.2554	9.6075	4.4355	7.5807	6.6807	6.0426	3.9813	8.4672	7.9594	4.2132	7.2359	4.7087	4.2348	6.9187	8.2237	4.4336	10.6755	4.6808	4.5754	4.2682	9.6812	3.944	6.4409	6.9121	5.0607	4.343	4.6083	5.8042	7.156	4.8219	4.8116	4.3567	4.627	3.9897	4.2821	4.3236	4.6368
U133A__CLDN4	7.8095	7.8886	6.8892	7.4307	8.0102	4.3947	6.203	4.3468	7.5458	8.2974	7.4553	7.4055	6.5293	7.7536	7.9433	8.4582	7.7545	7.8168	6.8585	7.604	4.6864	7.6706	6.9713	6.7166	4.3184	9.4105	4.2514	7.1352	7.4668	6.7302	8.1243	4.5668	6.7523	3.8645	9.26	8.5318	6.2457	8.066	7.7975	7.5057	6.617
U133A__PPID	5.7543	5.0949	7.5725	4.7081	6.3369	6.4077	6.4478	6.511	5.1869	5.9801	4.6728	6.5156	7.3894	7.1278	7.2762	4.8877	4.8359	4.6655	5.973	4.7282	5.6947	6.2058	5.1748	7.1153	5.4494	5.3947	6.7744	6.0593	5.3653	5.694	6.1165	5.3484	6.8163	7.1574	5.5997	5.9419	5.023	4.7731	5.0992	5.197	6.5643
U133A__NBL1	5.9735	5.5208	5.2898	6.5773	8.0088	6.4156	7.816	6.7587	6.1978	6.1135	8.2531	6.5199	7.0638	7.4328	5.614	6.2299	6.0307	6.2699	6.1127	8.421	6.6186	5.6648	5.5864	8.6762	7.2315	5.4859	6.2246	6.6967	8.0563	7.9575	5.6058	5.9892	8.1472	6.4818	5.802	6.6236	5.6896	6.7591	5.391	5.5293	6.3593
U133A__ACTR6	5.0687	6.8016	6.2317	5.2637	6.6557	5.0211	5.4262	4.4389	5.8828	7.8295	7.1728	6.3794	5.5429	5.8992	5.4579	3.8826	5.9949	7.1072	6.8316	6.7963	4.7402	5.3045	5.6385	5.903	4.9478	5.279	6.4071	7.1927	5.8266	5.4179	6.127	4.7844	7.0833	5.4888	5.3503	8.2895	5.9779	5.7636	6.5635	5.8681	5.9261
U133A__PRKACB	5.7668	7.3425	6.974	7.9085	6.873	7.128	5.6635	7.1514	7.0985	7.116	6.5155	6.3986	6.8435	7.7829	7.5556	7.3933	7.4713	6.6439	7.7662	9.3369	7.1608	5.2971	6.3838	5.8828	7.191	6.1262	8.461	8.0549	5.4461	7.2026	6.4	7.3061	5.9619	6.8006	6.4627	8.839	7.2857	6.1098	7.754	6.9566	6.3993
U133A__KRT14	4.4711	4.4747	4.6419	4.6816	4.2547	4.3247	4.5264	4.6916	12.3349	4.6936	4.8159	5.3676	12.3163	10.5614	4.854	5.407	4.4493	9.9678	4.7483	10.3774	9.2974	4.8152	4.5092	4.4467	4.1072	4.4478	4.2376	4.4884	4.9099	4.823	4.8535	4.6689	4.8294	4.1673	4.4201	5.7573	4.4949	4.6096	4.2088	4.7144	4.3337
U133A__L1CAM	5.131	6.8401	8.8594	5.4162	6.1226	5.1979	5.9992	8.195	5.5173	7.8196	5.2405	5.5027	5.3762	5.4281	5.847	6.0005	7.5077	7.1837	6.3174	4.9963	5.9868	7.9212	7.0946	7.0356	9.0199	5.9986	5.5005	5.3735	5.5797	5.2012	7.695	5.1086	9.1313	5.2153	6.4661	5.7168	7.2869	6.3167	7.8844	5.2102	5.2926
U133A__ANP32E	7.7696	7.1675	6.183	4.7827	8.1079	8.5756	6.3299	7.9447	9.2043	9.8021	7.8249	7.8684	7.971	7.8101	3.4688	6.0967	7.0035	8.1617	7.4757	9.4891	7.3647	7.0967	7.6872	7.282	6.932	7.591	9.3323	5.9998	7.3604	7.4851	6.1264	8.0691	7.2748	8.2153	6.6022	7.9594	7.1498	7.5878	8.6942	6.7701	8.739
U133A__LASP1	9.5381	8.8228	9.664	11.8925	9.0713	9.1628	9.3673	9.334	8.5106	8.657	8.8387	8.7288	9.609	9.423	9.7487	10.5579	9.9354	8.9098	9.4553	9.1961	8.8766	7.5227	9.3005	9.6931	9.5261	8.2583	9.5882	11.114	9.393	9.1818	8.5311	7.9899	9.1735	9.2861	8.7128	8.7215	7.7283	9.741	10.3033	8.6075	9.0406
U133A__NUPR1	8.3817	8.5851	8.8666	9.1563	5.705	6.8348	9.1852	6.0282	8.2416	7.7551	6.5249	7.5511	6.5288	7.4436	5.3	9.6655	8.3006	7.6349	7.9804	8.4359	7.9112	5.7005	5.7052	4.8386	7.3621	5.8722	5.1132	9.5998	8.9667	9.4877	7.3286	8.8157	4.8391	5.5743	5.9139	11.1305	9.7779	9.55	8.1518	8.6268	4.9015
U133A__ANXA3	5.8235	5.5164	7.1341	6.4784	5.2551	3.7423	2.8886	5.3534	7.7672	4.9284	3.7994	4.9793	5.4612	6.6394	7.7175	5.294	7.9447	8.5263	4.939	7.8239	4.1434	4.0707	5.0882	3.0827	3.6072	4.9618	7.2077	5.4258	6.3865	3.2983	4.9883	3.8153	8.814	4.6984	6.6092	7.5001	2.9341	3.7641	5.3431	4.7554	4.7782
U133A__SASH1	6.8729	8.0514	6.5801	6.2097	6.3274	5.5121	5.0593	5.4916	6.3964	7.9624	5.8275	5.5587	7.1532	6.4264	4.9592	5.8088	8.5103	5.5314	5.4471	6.5303	6.0764	5.3468	5.6008	4.5609	5.7093	6.2216	6.4312	4.7488	6.2194	8.058	7.0212	7.7444	5.3774	6.1138	6.2486	8.2544	6.7125	6.0433	8.1355	5.8784	5.0383
U133A__MELK	7.4057	8.2586	9.206	7.7049	8.1506	9.2766	8.9561	9.3756	8.3064	8.9809	8.3003	8.785	8.8851	9.0786	8.8704	7.6241	11.0903	8.9656	8.5623	9.9242	8.7947	8.6129	8.3998	9.4282	8.8347	7.7825	9.7051	8.938	9.0018	9.3381	8.7079	8.3682	8.1645	9.0565	7.3721	8.1871	6.5906	7.9253	7.6879	7.8002	9.065
U133A__CEACAM6	11.5329	9.4214	4.7174	10.8388	5.5429	4.9611	5.2365	4.4918	5.2078	4.8552	4.8702	5.0137	6.169	7.6943	7.9434	5.5081	9.7564	6.0992	4.9348	7.757	5.6867	7.1518	7.4223	4.6502	4.7137	7.7183	5.1115	10.5666	10.2236	4.9072	5.7482	4.7969	5.0174	4.96	9.9143	11.0544	6.1476	5.309	10.9951	6.6025	5.6763
U133A__ITGB4	8.4764	6.8825	7.8694	7.2638	6.1489	5.1424	6.7049	6.7805	9.9222	5.9812	6.4977	5.6302	9.8634	7.2601	7.6693	8.0613	6.7599	9.2314	6.4951	6.4958	5.6846	7.7798	8.3127	5.2167	5.7594	7.597	5.8136	7.8203	7.0236	6.7098	6.7099	5.7868	6.8612	5.7862	9.5481	7.0662	7.1408	7.4342	7.6944	6.2395	7.5587
U133A__C14orf147	7.7955	8.3373	6.6856	8.171	8.4945	6.8873	8.2934	6.8596	6.7264	6.9095	8.3919	6.5508	5.5822	7.4452	6.6456	6.933	8.6093	8.602	9.9961	7.2904	5.9391	7.7385	7.521	7.7687	6.7347	7.8353	7.4272	8.6416	8.0875	8.3295	7.9421	6.3528	6.4246	6.1853	7.4063	8.0512	8.3688	6.4358	9.3596	8.4628	7.7993
U133A__IFIT1	4.7114	4.2157	5.0235	4.5077	9.7076	4.7238	4.3455	6.5273	4.7744	6.9119	6.1597	6.2547	7.0582	8.6976	6.346	8.2698	4.894	4.5623	5.5582	8.9034	4.7911	4.6602	4.9544	5.3881	7.9414	4.9999	8.3202	5.5062	4.8948	4.8674	4.4414	6.1359	4.2817	4.4171	4.5392	9.1874	4.7807	4.4767	4.3094	4.7475	4.2272
U133A__CYB5A	6.6338	7.709	5.1047	6.3098	6.617	5.7624	7.9642	4.8279	6.9887	4.4315	6.1598	6.0589	5.0605	5.3328	6.0628	7.199	8.2505	5.2687	4.701	6.1142	3.8628	6.5067	6.1092	7.8149	4.6541	7.0276	6.1533	6.26	7.9185	7.5663	6.7328	4.648	7.3606	7.1314	6.3256	7.0204	5.551	6.3159	8.6476	7.8435	8.1908
U133A__APOBEC3B	5.6539	4.2711	7.2004	6.5459	6.1597	7.1609	5.2836	8.7672	8.8535	7.4971	5.6452	7.898	6.4634	8.5401	6.9878	8.8726	6.3674	7.4904	3.9548	4.6104	8.1097	4.2584	5.2772	6.7787	7.0989	5.8155	8.1658	6.4705	7.6752	7.7664	4.3131	6.0569	7.041	6.4845	5.3145	8.5005	3.7522	6.726	5.4782	6.346	6.0347
U133A__CAPG	5.5436	6.09	6.0747	5.3709	7.3148	8.3836	5.7225	8.4469	7.9746	5.6088	5.5312	7.3005	6.7155	9.1021	6.3692	6.9207	7.1039	6.072	8.3187	9.6081	9.0181	6.5195	6.2756	5.7657	9.0276	6.0225	8.7818	6.1538	8.8725	7.2494	7.4471	10.9442	8.9883	6.6338	5.9754	7.3477	5.5005	7.4246	7.8751	6.1978	5.8745
U133A__PSAT1	5.5922	6.1399	8.26	8.0258	5.861	8.3365	5.8022	7.4809	7.5477	7.3947	6.1203	8.0365	8.0175	9.2056	7.8975	7.689	7.0305	5.8761	6.9252	9.2504	7.682	6.5519	6.2562	5.9222	6.8654	6.9891	8.1257	6.2789	6.354	5.5266	6.6541	9.1564	8.6713	8.1064	10.4203	8.6947	6.019	7.2478	5.7838	6.2581	6.1356
U133A__FAM46A	5.9224	7.9312	6.9012	6.4989	6.5939	10.377	6.3097	7.2078	7.2304	7.6133	5.9835	7.5642	6.5371	6.9581	7.4695	6.5665	6.0447	7.5333	7.0531	7.658	7.6747	7.1067	7.8607	9.2415	8.8317	7.2835	6.583	7.8299	6.9538	7.1539	6.7306	7.5647	6.494	6.2832	6.2753	7.3458	5.9477	6.1602	7.6666	7.0118	6.554
U133A__EFHD1	9.5837	9.9173	6.1706	9.7862	10.4842	6.3996	10.6224	6.1782	8.6955	9.7906	10.8012	8.6042	5.8168	7.3487	6.7717	10.3858	10.3268	8.7539	6.6386	5.7835	6.4648	6.0895	7.4306	9.3281	6.4413	9.8417	6.5019	8.6508	9.4486	9.002	9.7556	6.3446	5.8119	6.6156	9.3171	10.3552	9.4809	9.9842	9.4813	9.006	8.7483
U133A__MAP4K4	6.0673	5.1091	8.0032	6.3952	5.9184	7.3226	5.7528	7.3885	6.1253	7.425	6.5388	7.2464	7.61	6.8356	7.0288	5.4933	5.4528	6.7248	7.8366	6.6207	7.9799	6.3307	6.1541	6.5299	8.1798	5.703	6.5193	5.9015	5.0642	4.9385	5.1327	8.1638	8.3236	7.7847	5.9041	6.5972	6.1144	6.0063	5.6747	5.3321	6.2691
U133A__SORL1	5.7086	8.3488	6.9424	6.2947	7.7962	3.6815	5.7057	4.7523	7.3847	5.8328	7.1687	4.6981	6.6514	5.1493	4.9174	6.5956	7.6933	5.6486	4.043	5.3373	4.3902	5.4828	4.6985	6.2511	4.3243	7.3687	3.9044	7.8562	7.1221	6.9027	7.7997	4.4591	4.9864	4.7273	7.0604	8.2421	7.5793	7.4088	8.5574	6.4981	5.8997
U133A__SNAP29	6.0753	6.8847	7.0222	6.6089	7.6741	7.0706	7.4019	7.2179	6.5554	7.2833	6.8021	7.1487	7.2073	7.9185	8.4478	6.9875	6.7032	7.5518	7.013	7.1292	7.5478	6.7251	7.0938	7.2318	7.2566	7.0695	6.7081	7.2875	7.2888	7.6468	6.3874	7.2314	7.0364	7.2486	6.6066	7.674	6.8386	7.0725	7.5151	7.0041	6.7427
U133A__ATP2A3	5.5132	9.319	5.7472	8.7249	7.3499	5.168	6.038	5.663	6.2331	5.3263	5.7661	5.3368	5.4256	5.7565	5.5403	9.0107	7.0559	5.6157	5.4054	5.0194	5.5112	7.0769	8.6257	5.5436	6.0057	8.129	5.3314	8.17	7.0926	5.6003	7.7102	5.4588	5.5272	5.605	9.8022	6.0152	5.9734	6.0096	8.4362	6.5268	7.4269
U133A__MGLL	8.2469	9.04	9.2583	8.5543	7.9714	5.7801	8.5358	6.1856	7.5087	6.1704	7.0151	7.2816	6.3151	7.9814	8.197	6.7506	8.2177	7.6209	6.0812	6.3137	9.439	6.4863	6.6796	8.7077	6.984	8.0526	7.4364	7.414	8.6103	5.7225	8.2169	6.1597	8.0148	7.7377	7.6289	7.3774	8.2178	6.3348	8.0407	6.7549	7.0911
U133A__MAP7	7.0294	6.9618	5.9371	6.2892	5.0622	3.3979	5.2062	3.4467	5.9871	5.1248	4.7305	4.9076	6.0043	6.1708	6.1226	3.6918	7.9469	5.9668	4.6054	5.9177	2.8929	7.3712	5.9184	6.9424	3.6628	6.5938	3.1392	7.5058	7.6036	6.3028	6.4188	3.2386	5.2887	3.0559	7.2239	7.2001	7.7799	5.1143	6.5055	6.9507	5.9986
U133A__SIK1	5.5407	6.6616	6.0677	4.9096	5.4238	6.6913	5.4221	5.3659	7.7282	8.163	5.4636	5.4409	6.6593	5.7017	6.0411	5.9479	5.3807	7.5037	6.582	5.9786	5.4702	6.3386	6.4975	5.7459	5.7844	5.5274	5.4881	5.517	5.6329	4.9697	5.7079	6.6356	7.7926	6.1986	5.6693	5.94	6.413	5.5653	6.0509	5.3543	5.5297
U133A__CDK14	8.6483	5.1017	5.5914	6.7216	6.7512	4.9859	5.9636	6.2085	6.0433	7.151	5.5382	5.5826	6.0146	6.2902	5.8351	6.0482	5.5811	6.4406	6.7865	5.4488	6.9009	5.2891	5.3301	6.5698	5.5064	5.8304	6.4005	5.6448	6.3828	5.0626	5.0038	5.8604	7.3179	6.1089	6.4645	7.2559	8.4385	5.6363	6.2927	5.5939	5.8693
U133A__CDKN2A	5.4592	5.6337	4.6481	4.6365	5.0078	9.7826	5.6669	8.3294	5.4065	7.8926	5.4771	8.3981	4.2781	9.1976	5.8929	6.2697	4.8747	8.6854	4.4747	9.9184	4.8437	4.4975	4.5033	6.0073	9.0399	5.1148	4.0997	5.1969	6.6681	5.4652	5.6444	4.5362	4.7548	4.9797	5.2966	6.2669	5.514	5.2599	4.5154	5.1321	5.1595
U133A__ALDH2	9.3805	9.7677	5.4141	10.227	9.9024	6.8361	9.4075	5.4681	5.5016	8.2046	6.0363	8.5911	8.8455	5.5621	4.9952	9.9548	5.4287	5.4604	8.6838	7.2193	5.5024	6.2979	6.6812	6.8677	7.5525	6.3535	7.9242	10.2982	8.6058	5.4285	10.0471	7.2277	7.8676	5.8958	5.3037	10.5581	5.8761	7.3889	6.6914	9.1299	7.0443
U133A__KRT8	10.7115	11.2525	11.4126	11.1708	11.8105	4.6994	10.4767	8.954	9.9402	9.7313	11.932	8.4941	8.913	10.6646	11.1743	11.3477	11.4994	9.9269	9.5922	9.5457	5.7145	11.6793	12.1159	10.506	7.5837	11.0665	8.3426	11.2063	10.4653	9.1194	11.5414	4.6224	9.8963	8.3775	10.5897	10.994	9.9593	11.9459	11.5683	9.9995	11.4816
U133A__GPX1	8.9739	4.0916	9.6587	9.13	4.1978	9.7074	8.7943	8.0487	8.6375	3.8954	7.8047	3.5472	8.4418	9.4091	9.7496	9.301	3.7548	10.5188	9.1911	8.6679	9.1332	5.2514	5.269	9.851	7.3749	3.9513	9.7794	9.7769	8.2842	9.6262	4.1969	8.82	10.2252	9.2677	3.2767	9.1704	3.978	3.5145	4.9552	3.7776	4.1642
U133A__SOX9	8.2497	7.1016	7.4328	6.4415	3.6997	5.1599	5.4662	6.9473	9.6309	7.8348	3.694	7.2584	4.6655	7.6915	8.1163	6.2873	7.6546	8.6772	8.0704	9.0411	7.0576	6.8808	5.2438	3.9939	7.05	7.7779	6.2797	7.1848	7.9098	4.4058	5.1836	7.2816	8.8149	3.9671	8.6517	7.8486	7.6821	5.5651	8.8612	7.6305	6.2065
U133A__INPP1	4.5957	4.4569	5.3404	4.9835	4.834	5.0794	5.1826	7.3585	5.963	4.6759	5.639	5.6827	7.4891	8.6164	5.1384	5.125	5.405	5.9736	7.2265	6.8993	6.1595	5.0695	5.2167	5.3192	7.3656	4.5652	7.1876	5.2332	5.0871	5.2625	4.6214	5.2558	5.5906	7.2272	4.1464	6.4462	4.8667	4.4657	5.4371	4.7565	4.867
U133A__FZD6	6.7006	3.9422	7.33	4.4868	6.9337	6.8117	4.9414	6.26	7.6804	7.2916	6.6098	6.2715	7.5106	7.7584	6.7087	4.3433	8.6151	6.652	6.87	7.1903	6.2951	6.915	6.7272	4.0099	5.152	6.1291	7.589	7.5488	5.7	6.7718	5.6747	5.1705	6.2643	6.0369	7.8236	8.4852	7.8036	3.7516	7.0703	6.2593	7.2885
U133A__TGFB1	5.9513	4.8708	6.8974	5.4725	7.8468	7.6091	5.426	8.1271	7.5996	5.0132	6.1979	6.213	7.3059	5.6044	5.7321	5.3338	5.1609	5.4784	8.1482	6.8518	9.5736	6.1038	7.11	6.7	9.5702	4.9982	7.0412	7.021	5.5408	5.1952	5.4666	7.4693	8.4618	8.5279	4.7022	5.8055	5.0334	5.4006	5.4102	5.4893	7.0574
U133A__MRPS28	6.3148	9.9042	6.7289	7.5316	7.7621	7.9969	7.3016	6.7121	6.5708	6.7955	7.8601	7.7391	7.601	7.6137	8.4394	7.1288	7.0749	7.9765	7.4404	7.147	8.4855	7.6176	7.205	7.5394	8.3022	7.1794	7.9059	7.6379	6.1268	7.3831	9.5315	7.0449	7.5931	7.2521	7.0073	8.2577	7.2485	7.3465	7.3301	7.2016	7.5669
U133A__NEBL	7.1562	7.471	6.4486	7.9659	8.3793	4.4277	8.0852	4.1247	8.1581	5.8258	8.7265	4.729	4.5974	6.1047	4.8275	6.2376	8.4438	4.7794	5.3089	8.8448	4.5196	7.2791	7.7379	7.7128	4.3245	6.2351	4.2596	7.1621	7.8028	6.5042	7.6328	4.692	4.966	5.6682	9.7977	8.5099	6.3427	7.0842	8.2432	8.448	7.1828
U133A__TTC39A	6.7363	7.9537	4.4192	6.888	8.6528	3.8361	6.2428	4.2693	4.6311	5.2211	9.349	4.463	4.6581	5.3975	4.1091	5.2844	6.965	5.4051	4.311	6.2015	3.7661	4.5869	7.2805	6.8676	3.4222	5.9355	4.2968	7.8908	7.3398	7.8998	7.1437	4.1734	3.6019	4.3341	7.0522	7.0384	6.696	7.1654	8.5979	6.5769	7.4901
U133A__CALML5	9.1843	4.9355	4.4468	7.506	5.0858	4.3927	4.4391	3.9667	7.0081	4.7674	4.4988	3.976	7.0929	6.2387	4.7763	6.2877	4.6611	5.6873	4.1746	7.6889	4.3762	4.2787	4.7548	3.9299	4.0226	5.8142	4.3322	9.4476	4.2781	8.6032	3.8489	4.0363	4.425	4.5789	10.2072	8.829	4.1725	4.0406	4.8753	4.1623	4.0767
U133A__MYLIP	6.25	6.9508	6.3273	6.7777	6.3276	4.7525	7.3267	6.5531	5.5464	6.9503	7.7358	6.2283	5.9586	6.7797	5.847	5.8257	6.6923	6.4724	6.1119	5.8868	5.7605	6.2882	6.4799	5.9671	5.0222	7.521	5.9602	6.7489	6.3817	6.16	6.2006	5.2242	6.0862	5.3436	6.8308	5.9241	5.6126	6.095	5.7256	7.4054	5.7174
U133A__ASH2L	7.6539	7.106	8.131	7.6494	10.8951	8.5314	9.22	7.8935	7.5736	8.1569	8.175	8.2125	7.7153	7.5994	7.691	7.65	8.0986	7.5654	8.62	7.1897	8.0532	7.6117	7.6926	11.06	8.0895	7.7328	7.9855	8.1322	7.3696	8.1864	7.1923	7.7714	7.6423	7.6905	7.7051	7.6894	9.0066	7.6147	7.9134	8.7789	8.7874
U133A__CST3	7.8659	6.7192	3.9499	9.7824	10.026	8.2635	7.8759	8.359	7.946	5.0466	9.2058	9.3159	9.137	4.7632	4.5048	4.4327	8.171	5.8202	8.888	5.6844	9.0656	8.2799	8.6406	9.918	8.8921	10.9584	8.5309	9.7941	8.7841	7.291	6.6027	7.7348	9.7141	8.1298	10.963	6.9886	8.4317	8.6142	9.3117	6.7087	7.6018
U133A__PRAME	5.1003	5.3193	6.3397	5.3357	5.3379	6.2642	5.1516	4.4277	8.9344	9.7548	6.0639	7.7932	5.4245	4.9665	6.5426	5.6625	4.7451	5.1626	8.5171	7.8514	7.7627	5.4001	4.8634	5.1053	6.2272	7.7763	4.4942	4.8008	6.0026	5.1608	5.4706	5.8955	4.9292	4.9845	4.9079	5.7112	7.4347	6.7545	4.8801	5.8399	6.7549
U133A__KRT19	11.6554	11.9776	10.9191	11.935	12.491	3.995	11.6489	4.3819	10.8671	10.3292	12.2228	3.8177	10.8381	4.5913	4.6342	12.1027	12.4618	11.0216	10.3341	11.7799	3.831	10.65	11.6347	12.2467	4.0939	12.0447	7.2772	11.6624	11.784	10.9377	12.0028	3.9802	10.1275	3.2941	11.8623	11.6439	11.4468	12.1604	12.1037	11.9516	11.561
U133A__NR3C1	5.0765	6.954	7.0652	5.1788	5.9925	8.9925	6.6683	7.8246	6.9561	9.1735	6.103	6.7952	7.9111	7.5877	6.4	5.6993	5.6099	4.8193	7.9143	7.896	7.9943	6.4699	6.8241	5.5863	8.052	4.8591	8.189	5.6192	5.6545	7.9997	5.85	7.6812	6.8754	7.9483	5.625	7.9101	6.4618	4.868	6.6686	6.906	6.4361
U133A__TPD52L1	7.5691	7.9725	8.419	7.606	7.9326	4.9533	6.9205	4.5253	7.7398	7.015	9.1963	6.7747	6.7627	9.2769	7.7655	6.3176	7.331	7.9275	6.0534	8.7119	4.9874	8.7672	9.101	8.1636	4.4448	7.2668	4.8542	8.9955	10.0234	6.5342	8.4437	4.5276	7.166	5.6365	8.1106	8.9222	9.7928	8.0223	8.0755	7.4465	7.8597
U133A__HIST1H1C	6.7013	7.1292	8.0132	6.5045	9.1141	6.9532	8.2509	7.242	7.0394	6.3388	10.398	6.9231	6.9608	8.2905	7.3105	9.371	9.7845	6.9361	11.4337	6.1558	7.0663	7.2514	7.5185	7.507	8.0986	6.4316	6.8679	9.5265	10.1659	7.8506	6.8838	9.78	5.7435	5.3977	6.8637	8.1879	8.3266	7.75	6.6189	8.2057	7.231
U133A__ACSL3	7.1919	6.6538	4.13	7.0956	7.0192	5.1187	6.245	7.3775	6.0106	6.1809	5.5562	5.0836	5.5273	4.8164	4.4287	4.2377	5.6088	4.1027	6.7675	6.823	4.2666	7.1963	5.5137	6.6526	5.7361	7.214	5.9762	6.5155	6.1214	5.7947	6.5763	5.0383	4.6216	6.1252	6.7986	6.8997	8.8893	4.3885	6.9935	6.6779	6.744
U133A__PLA2G16	7.1982	8.495	6.5464	8.0667	6.7911	5.2454	6.3602	7.3149	6.5026	6.8197	7.8318	5.449	8.3152	7.9048	6.0987	8.1864	8.3904	5.2744	7.1345	7.8377	6.4017	6.4259	7.1985	9.0873	8.8867	7.7284	8.576	5.7546	9.345	5.7119	8.4557	5.8096	8.2032	7.7789	6.2083	6.7106	9.2644	9.5939	8.748	5.3636	5.4294
U133A__FOLR1	7.267	7.2539	5.7563	4.6122	6.6765	5.2837	5.2817	5.1053	6.6157	6.049	5.332	5.7393	5.2999	6.8881	5.2769	6.1082	8.4179	5.9979	5.2837	5.4512	5.5185	4.9262	5.2332	5.3831	5.4749	6.8812	5.3677	5.9134	5.4527	5.4047	5.8875	5.3654	5.6305	5.0397	7.4495	7.0132	7.5242	7.7639	4.9922	6.0473	5.2068
U133A__PLOD2	4.3063	7.3206	7.0262	4.5369	6.9176	9.2988	4.8502	7.713	6.7221	4.8014	5.6396	6.5382	6.0955	7.4393	8.281	5.5341	4.2286	6.6365	8.4281	8.6329	8.0595	6.0565	7.9788	4.0323	7.7046	4.7658	7.3204	6.5491	6.0127	5.6189	6.3062	5.0164	7.6348	5.9357	4.2051	7.5965	4.8868	7.4106	8.3946	5.5846	6.5638
U133A__SLC16A1	5.5794	5.7645	8.3004	6.0565	5.5591	7.9693	6.5954	7.3612	7.3152	6.2764	5.9809	7.3342	8.5427	8.3794	8.0237	5.8946	5.2666	7.0439	8.327	8.4403	7.6278	6.1698	6.5289	6.4164	7.8131	4.8744	5.4479	5.6483	8.4516	5.5286	5.5178	8.0539	8.2358	8.9896	5.3126	5.4203	6.7675	5.835	6.0467	4.937	7.0823
U133A__SLC39A6	7.7971	6.2623	5.3606	8.41	9.7579	7.1998	7.8475	5.9221	7.3674	7.4381	7.3231	6.8048	6.6043	5.6466	7.0401	6.3356	6.5261	6.3182	7.2364	6.9683	6.666	7.9931	10.5732	8.0261	5.5622	7.2093	6.5394	8.0151	6.4029	6.5248	6.2838	6.153	7.6162	7.6329	7.1446	6.6113	7.6467	7.1279	8.8267	9.2532	11.5676
U133A__BAG3	8.2247	8.6391	7.6031	6.253	9.9605	8.3813	9.003	7.8039	7.9982	7.4648	11.0007	7.1423	9.6167	8.4159	8.6065	7.9534	7.5275	8.5037	7.9374	8.6106	8.5739	9.9299	9.2509	8.7854	8.1334	8.0965	9.2955	9.1869	9.7985	8.0433	8.1213	9.3118	8.3239	8.7457	7.9336	8.2314	8.2817	7.725	8.5901	8.0945	8.6739
U133A__ACAA1	6.1633	8.8997	6.6984	5.2632	6.5332	6.3551	7.0217	5.9495	6.3772	6.4261	7.1641	7.3011	6.5595	6.1541	6.6504	7.2811	7.0428	6.9482	6.9299	6.3982	6.6822	7.7278	6.912	5.4479	7.0365	7.5844	6.3811	6.9764	7.9024	6.7552	9.1231	6.4906	6.7173	6.0876	7.3427	6.9957	6.6535	6.6359	6.846	6.6572	6.2702
U133A__PRR15L	8.4675	7.591	6.1531	9.0722	8.1647	5.2518	7.9719	5.8518	9.937	7.0928	8.2127	5.8732	5.7062	7.6331	6.1713	8.5749	8.9961	7.8532	6.768	8.1892	5.6078	7.6569	8.1452	7.1584	5.3097	9.0232	5.9224	9.8647	7.949	8.5299	7.4547	5.3048	6.2798	4.9068	8.3583	8.9671	9.4867	7.4828	8.8995	9.7675	8.9323
