Cell lines	600MPE	AU565	BT474	BT483	BT549	CAMA1	HCC1143	HCC1395	HCC1419	HCC1428	HCC1569	HCC1806	HCC1937	HCC3153	HCC38	HCC70	HS578T	LY2	MCF7	MDAMB134VI	MDAMB175VII	MDAMB231	MDAMB361	MDAMB453	MX1	SKBR3	SUM1315MO2	SUM149PT	SUM225CWN	SUM229PE	SUM52PE	T47D	UACC812	ZR751	ZR75B
Response	-1	1	1	1	1	-1	1	-1	1	-1	-1	-1	1	1	-1	1	-1	-1	-1	-1	-1	-1	-1	-1	1	-1	1	1	1	1	1	1	-1	-1	-1
RS_G16049__EPGN__EPGN	0.62908	1.2748	0.81396	1.382	0	0	2.3756	0	0.79607	0.96975	0.49786	3.9373	1.4815	2.3909	0	3.8394	0	0	0	0.56023	0.80166	0	1.4689	0	1.9751	1.4898	0.88324	4.5126	5.4435	2.7586	6.7991	2.2266	0	0	0
RS_G6413__KLHDC7B__KLHDC7B	0.44351	1.5307	0.26069	3.0774	0	0.36018	2.9582	0	0.57664	0.17453	6.5033	2.0385	8.7777	3.2379	0.23533	9.8389	0.27498	1.5856	0.44704	0.36343	1.4672	0.51994	0.11993	0.41783	5.7495	0	3.5951	9.2685	6.0434	4.1718	0.85166	0.80079	1.2281	2.9772	0
RS_G1435__LAMP3__LAMP3	0.62064	1.9683	1.0047	1.3769	0.22252	1.1839	5.1333	1.5909	0.88608	2.8659	9.5505	4.2488	5.5942	4.792	1.4715	6.877	0.97266	1.1293	1.0233	1.7863	2.7514	1.085	0.59349	0.78725	5.5369	0	3.2642	2.8191	5.5633	3.373	4.535	5.5329	0.78899	0.7314	0.65096
RS_G15383__ARL14__ARL14	0	0.18019	0.72953	2.3706	0	0	0.58572	0.42152	0.40015	0	0	2.6526	4.8541	0.93297	0.36786	3.4795	0	0	0	0.69233	0	0	0.57875	0	0	0	0	1.3343	1.231	1.8454	0.98861	0	0	0	0
RS_G18754__CYP2B7P1__CYP2B7P1	7.8731	0.71843	4.2739	6.4891	0.97565	1.959	0.71636	1.7225	3.0186	5.0364	0.23268	4.7275	1.0877	0.094855	0.75563	0.43847	0.86152	2.1059	1.3998	2.6524	1.6952	1.0342	8.1502	0.77303	0.95711	2.1599	0.44639	0.84597	0.49865	0.49534	0.64224	1.8966	4.7722	10.3949	8.5954
RS_G12862__LGALS9__LGALS9	6.1513	3.8085	2.4838	4.3619	1.2065	0.16906	1.1498	2.0604	1.6809	0.81283	3.6725	3.8578	4.5519	3.5171	1.8164	8.8117	1.1612	0.30805	0	2.0891	3.6262	1.098	1.1014	0	4.8931	4.3563	0.74292	5.2937	7.885	4.2458	2.1547	2.1856	2.0067	1.8861	0.97357
RS_G9463__JPH2__JPH2	2.9164	6.4318	0.050524	2.0686	6.643	0.13498	3.9489	2.8076	0.049104	4.1973	3.0619	4.5416	6.5243	6.73	3.4244	3.5498	4.8069	1.8198	0	0.64612	4.9427	0.41633	1.7217	0.15656	6.7396	4.5877	0.16338	7.7631	6.2006	4.8813	4.0896	5.5659	1.214	1.3387	0
RS_G11215__EN1__EN1	0	1.6203	1.7416	2.0997	3.3363	0	6.9753	4.5556	2.3857	0	6.6847	4.0274	2.9926	6.7749	1.863	2.198	4.1982	0	0	0	4.627	0	0.12776	0.30582	7.8873	0	5.4291	7.244	3.8745	1.2845	0	0	0.33268	0	0
RS_G3786__CRYAB__CRYAB	7.266	8.3291	0	2.3366	1.0408	1.6832	8.482	1.5039	2.9838	5.1028	5.354	4.559	7.128	9.9378	4.6023	7.0517	3.9155	1.2213	1.0565	0.87791	7.1533	0	1.715	0.98245	10.8931	7.0148	4.779	4.9852	10.0216	3.5368	5.8363	4.1438	2.0266	0	1.7462
RS_G8516__GJA5__GJA5	5.1528	7.3724	0.25609	0.30595	0.75881	0	2.1537	1.8724	0	1.103	0.51023	0.46303	6.1047	9.1154	0	1.4256	0.41661	0	0	0.63186	5.1935	0	0	0	7.1706	7.402	0	4.5966	2.5251	1.2018	6.2637	2.113	0.1099	0.3266	0
RS_G17181__CYP4X1__CYP4X1	3.2584	0.19578	3.5439	4.1191	0.40002	0.58507	2.5935	1.6836	1.8874	1.0942	0.19735	0.48011	0.59456	0.66645	0	7.9111	0	0	0.64786	1.6739	4.6775	0	1.502	0	2.3717	2.2153	0	5.9057	5.3618	4.6334	8.0328	4.8838	5.4748	1.2638	0
RS_G6275__KLK8__KLK8	0.33827	2.1437	0	4.4067	0	0	6.9642	0	0	0	0	6.7567	8.6102	4.5337	0	2.8049	0.24842	1.3141	0	0	8.6402	0	0.38986	0	5.6314	0	0.69648	0.74274	7.5473	9.9341	7.1862	4.1111	7.1867	5.4714	0.31492
RS_G22410__KRT6A__KRT6A	3.5895	2.5889	2.9468	0.55164	2.2719	0.71416	10.8969	3.7479	0.58643	0.5174	4.0519	13.3732	10.576	5.5642	0.38198	5.0609	0.61854	3.3575	0.83309	0	9.6891	0.66193	2.9479	4.5726	7.6441	0.69475	1.5973	12.9285	9.936	14.7791	14.0538	1.3901	1.238	1.3633	1.0956
RS_G10662__SPON2__SPON2	2.7812	6.1264	1.323	1.9091	9.9503	1.7098	1.7203	1.2119	0.29091	0.37481	4.2431	0.42609	1.4054	1.9704	1.2893	1.9114	4.3765	1.8882	1.8656	1.3386	9.2918	0	2.7858	0.82777	6.4201	0	5.8784	7.0758	4.2263	5.7229	3.9687	2.5838	6.3939	1.0492	0.68924
RS_G5729__MT1G__MT1G	0	2.6191	0	0	0	0	4.9557	0.62973	0	0.7331	0	5.6489	1.6687	6.9593	2.3812	5.6695	0	0	0	0	0	0	0.53834	0	7.4163	4.4929	3.7126	2.7817	5.326	2.0164	1.8496	0	3.1253	0	0
RS_G18405__S100A2__S100A2	5.2484	3.6935	3.4186	3.8443	8.6925	2.6605	13.4485	7.4326	2.2239	2.1404	3.8567	13.4345	10.1256	11.2875	8.0382	9.5068	5.9126	5.1554	2.1463	1.2281	11.1424	4.8228	3.2845	5.5373	8.6751	1.1917	8.571	10.041	5.5117	13.4869	5.0461	4.175	3.2161	3.0922	4.4221
RS_G12055__IFI27__IFI27	4.0922	4.7513	0.72205	6.7926	1.0972	0	3.8876	3.2258	0.38186	2.8312	8.1137	6.5826	10.0905	3.6058	0.89527	13.3216	2.2262	7.8184	2.6569	2.6229	6.5223	0.62258	1.4227	1.8776	6.1896	0	3.5761	10.5207	14.2497	10.7408	1.7041	6.718	0.48054	1.8182	1.1944
RS_G11011__PDZK1IP1__PDZK1IP1	8.8939	5.1203	0	0.39	1.3271	0	4.385	0.76975	0	0	8.5938	1.1708	7.7195	9.5445	0.92984	11.5825	0.436	0	0	0.39925	5.7253	0	0	0.88496	9.365	2.9495	1.1043	8.6643	7.0538	3.5271	0.5957	2.5331	1.0949	2.3211	0.5381
RS_G5964__IFI6__IFI6	5.3782	8.5811	5.9672	11.3914	7.0701	4.3614	9.5009	7.3907	6.6723	7.664	12.1836	6.5744	9.3088	4.292	5.2167	14.3723	6.944	9.5876	8.5173	9.97	6.977	6.6483	4.6766	6.3087	11.7519	6.9747	6.9378	10.5253	13.8974	8.8025	8.4812	9.361	7.8955	7.5298	3.1302
RS_G6759__XAF1__XAF1	0.70494	0.24912	0.077767	3.8743	4.3757	0.34105	0.51684	0.78531	0.15423	0.37371	8.1182	1.6447	5.2741	0.3472	4.516	7.9514	1.8859	0.74722	0.55715	0.21993	0.27561	0.070228	0	0.25471	5.1957	0	2.2428	4.2314	6.9815	4.6265	0.15909	0.9767	0.050434	0.10585	0.10335
RS_G13448__KRT15__KRT15	5.6084	7.3499	6.7924	10.1044	1.6019	2.1401	8.8359	2.2532	11.4728	6.5404	9.0315	5.7168	10.5476	9.7623	1.8575	5.6722	2.3194	4.8297	3.9225	3.523	9.0893	2.5715	3.421	2.6323	8.4361	6.2237	2.157	5.7716	4.1064	6.2661	5.9218	8.0833	5.988	5.8624	6.6787
RS_G21898__CARD16__CARD16	0.84619	1.2359	0	0	0	0	0	0	0	0.4364	1.243	4.3336	2.7053	3.3761	0	7.5705	1.1067	0	0	0	0	1.5332	0	0	1.661	3.0494	0	2.3581	5.1972	4.1815	3.8427	5.8372	0	0	0
RS_G17866__FZD9__FZD9	0	4.6771	0.4403	2.9437	3.445	2.5305	3.3357	2.1183	0.12145	0.93021	5.7118	3.3851	3.5463	3.7746	0	2.9777	2.2666	4.1247	1.9509	0.94309	4.9195	0	0.16042	0	9.7636	4.2909	4.2862	1.9381	2.3712	4.1039	2.547	3.9233	2.9662	0	0
RS_G4692__PLA2G4A__PLA2G4A	0.3939	1.7648	1.0591	0	3.7798	0	0.15113	3.5427	0.35835	0	0	6.9035	2.8598	3.8272	4.5847	7.7553	0.37811	0	0	0	0	3.9355	0.16825	0	8.1941	2.5685	1.1468	4.8091	2.435	3.2342	0.52016	3.5699	0	2.7344	3.4777
RS_G10720__TFF1__TFF1	9.5716	6.8461	12.1442	15.3072	0	8.1211	1.5719	0	12.8985	14.5477	1.9333	1.5228	4.0155	0	0	0	3.3081	14.9851	14.3712	8.4157	10.5333	4.5944	14.5594	6.0558	0	3.1878	1.9663	2.5271	2.6641	2.5734	1.4334	3.9827	16.1221	11.9576	13.9006
RS_G4157__PDE10A__PDE10A	0.24391	1.0968	0.56945	1.6686	0	1.8322	1.7856	3.8587	0	0	3.5858	0.49179	0.10121	0.36315	4.6507	3.6118	4.0025	0.18602	0.92933	6.2747	0.82034	4.6996	0.24783	0.22552	0.37536	0.35049	0	2.3777	0.35275	0	0	0	3.1557	2.3037	1.2322
RS_G5128__C6orf97__C6orf97	3.1578	0	5.1411	4.0963	0	4.1221	0	0.32115	5.2392	6.3162	4.2969	0.082714	0.15617	0	0	0.33528	0.36194	6.6388	6.3693	5.8502	0.5478	0.048768	4.0578	0.26259	2.5829	0	0.26705	0	0	0.29656	0	4.7903	4.3059	5.6965	4.9746
RS_G3490__CXCL12__CXCL12	0	0	2.9622	3.9301	0.4426	5.8654	3.0639	8.8931	1.0707	2.2694	3.4802	0.50156	0.42784	0	3.9302	0	6.1614	3.4437	4.9364	4.9118	0	0	4.2011	0	0	0	0.49502	0	0	0	0	2.6646	3.0752	3.6662	0
RS_G3761__TRIM2__TRIM2	6.299	5.3394	2.5021	4.8596	4.3894	0	5.2157	0.7472	5.9345	6.6038	9.3226	4.0319	5.3512	5.0518	5.6753	6.4392	2.976	3.4948	2.0666	3.9849	4.6512	4.5953	2.8767	1.6906	7.3357	5.532	2.6874	4.5541	6.3819	3.7754	6.1299	4.6767	2.2026	0.11351	0.11376
RS_G45__SLC7A2__SLC7A2	2.2979	5.257	6.0287	7.8315	0.033499	8.2847	0.21791	3.4194	4.3532	8.2226	3.5612	3.5354	0.61206	0.37847	1.1688	0.031074	6.2103	6.5939	10.1412	1.0726	2.6761	5.3274	3.6823	0	3.9993	0	1.1459	2.7482	0.33549	0.46914	1.0828	0	4.9194	8.416	7.9142
RS_G609__BARX2__BARX2	5.0349	7.3684	5.1489	5.4751	0.70544	5.8141	7.3613	1.2344	5.8071	5.343	2.203	5.1431	7.7695	7.5727	0	7.9528	0	4.5016	4.5141	4.0998	7.3755	0	1.4529	0.4811	4.9457	6.8409	3.9518	1.2148	3.3395	4.7594	5.3453	6.1608	5.1628	4.6412	4.3941
RS_G3172__GRIN2D__GRIN2D	1.2815	7.681	0.11453	0.68008	6.2801	0.3443	5.0838	1.1036	1.736	0.83669	0.90964	7.0748	2.9299	4.2991	1.361	3.6096	2.9072	3.4213	3.0676	2.3793	3.8963	1.1365	0.84688	0.18568	6.2513	7.0486	4.253	3.6892	1.2689	8.309	7.4344	1.1701	0.90614	2.5652	2.0206
RS_G2077__IL11__IL11	3.4847	0.65823	0.84332	2.3378	1.8507	1.5802	1.6045	1.9073	1.491	2.5485	1.9424	2.9882	2.5019	0.99259	8.3724	1.1164	7.9127	3.2063	1.2969	3.355	1.8068	7.0334	1.8519	1.8727	2.2327	2.0687	1.0365	3.2079	0	4.6154	1.221	0.34981	1.0126	1.2655	1.2031
RS_G3436__AMBP__AMBP	5.5216	4.1249	2.8804	5.6693	0	4.4106	0.30004	0.55576	3.6561	3.1994	0.31932	0.72738	0	0	0.34272	0	1.0688	2.9627	1.5467	6.1453	3.7678	0	9.687	5.2492	1.5675	0	0	0	3.1016	0	3.3531	0	9.4107	3.6158	2.5328
RS_G17302__KRT16__KRT16	5.7658	3.1764	2.3818	5.6129	0.28859	6.0805	10.7235	6.7007	1.2431	1.4693	6.9239	6.7744	12.4501	9.9669	2.3008	10.6566	3.9295	6.0096	1.6805	3.2104	10.8382	0.72684	3.0384	2.1965	7.2352	1.5744	1.8388	11.3122	12.7978	9.5632	12.3241	3.8277	0.69855	3.2686	3.0416
RS_G7638__FGFBP1__FGFBP1	3.164	0.32048	0	0.64706	0	0	7.6669	1.0801	0	0	1.0119	9.4925	9.0146	8.2218	0.34645	8.4893	0.71108	1.9018	0	0.37027	6.1485	0.84613	1.2575	2.2024	5.5301	0	0.60805	9.1328	8.0219	6.5232	4.3913	4.5377	0.45881	0	0
RS_G22683__RP13-238F13.2__RP13-238F13.2	0.41194	0	0	0.26619	0	0	5.0298	0	0	0	3.4183	4.0214	4.4978	4.8181	0	1.9117	0	0	0	0	3.6513	0	0.25739	0	4.8722	2.1859	0	0	2.9233	3.198	0.54298	2.9385	0	0	0
RS_G12319__C15orf48__C15orf48	2.1146	1.6974	0	3.7823	2.2301	0.70837	5.6117	0	3.5244	1.1154	7.4558	0.74656	4.7277	7.2539	2.7038	6.9069	0	1.7123	1.816	3.8954	1.6049	0	0.25971	0	8.8399	2.9274	4.4591	4.7801	0	4.7663	0	3.5026	4.6825	3.9788	3.1076
RS_G4968__GDA__GDA	0.10563	0.60521	0	0.089202	0.08965	0.04757	6.0545	0.10286	0.047751	0.23587	0	5.0147	3.2095	5.0122	0	2.4387	3.1359	0	0	0.048047	2.3507	0.38708	0.044528	0	2.2833	0	0.084976	5.2678	0.79784	2.3435	0.050969	0	0.091997	0.066214	0
RS_G12262__NNMT__NNMT	8.5516	2.0132	0.48442	0	9.4448	0	1.147	7.6778	0	0	1.6205	1.4637	5.9883	5.9076	6.1323	8.4278	6.7404	1.7656	0	0.46256	3.0779	0.7415	0.55533	0.52928	6.6938	0	9.0646	10.6571	6.6568	6.8006	9.2782	0	1.7073	0.22668	0
RS_G12225__A2ML1__A2ML1	0.55235	3.015	2.3348	1.6963	0.051186	0.20298	5.7466	0.4159	1.5662	4.2978	0.67252	2.6485	4.0087	1.1693	0.099944	5.3202	0.059283	1.3786	1.1201	0.84535	0.083725	0.049173	1.9963	0.48814	5.6281	5.0462	0	3.9701	3.2228	0.36821	4.9828	0.50916	1.8703	1.3113	0.21477
RS_G17301__KRT17__KRT17	5.3276	2.3353	2.1138	5.2677	2.8894	1.9821	13.2654	2.0369	0.62214	1.7849	4.7247	11.1935	13.0163	13.8349	0	9.2183	4.3464	7.482	1.5306	0.60515	13.2263	1.9	4.2829	5.4408	11.7876	0.99742	3.7136	13.3069	9.6792	13.2998	0.35345	3.8105	3.5577	2.8037	1.9077
RS_G28763__AC004510.1__AC004510.1	4.18	3.003	2.4121	1.6074	0	0.35542	3.6551	0.20787	4.8439	0.65083	1.3738	8.3064	10.732	2.8922	0.17524	8.3564	0.54728	1.6529	0.49128	1.3465	7.7787	3.2587	3.0726	0.58147	2.5961	1.8833	0.59034	8.2401	1.6626	9.2063	1.1354	2.6933	4.6852	0	0.48286
RS_G1549__CXCL2__CXCL2	1.752	0.18961	0	0	4.0403	0	5.83	1.9456	0	0	4.4953	4.3472	4.7998	3.6235	6.7278	6.0653	3.0576	0.81868	0	0	0.32441	4.3547	0.28933	0	7.8132	0	7.1501	8.0091	2.5623	2.3165	0	0.92949	0	0	0
RS_G12350__NKX3-1__NKX3-1	4.0111	3.0421	4.5967	3.2193	5.9168	0.20679	3.4163	2.8754	8.2383	2.2197	2.5014	4.5082	5.0436	2.108	3.6481	2.9619	4.6247	2.6249	2.2666	4.0113	4.4838	5.0431	1.9725	0.74777	5.608	3.6696	4.5496	2.7666	2.43	4.7663	3.8792	4.0238	4.3938	2.1251	2.5927
RS_G7392__SCEL__SCEL	7.4589	0.19101	0.23274	0.90402	0	0	1.0418	0.11996	0.22106	0	0	2.4506	4.643	4.4201	0	2.1167	0	0	0	0.21956	0.52832	3.143	0.15304	0.65658	0.74379	1.2372	0	2.3295	5.9209	4.6049	0.43201	0.24223	1.9148	0	0
RS_G10718__TFF3__TFF3	9.803	7.179	11.1887	12.8489	0	6.3298	0.97441	0.986	13.1896	11.0513	1.8337	0	0.53575	2.2698	0	0	1.8517	9.9781	8.776	7.7139	12.8413	5.8853	12.3423	6.3096	0	5.0467	0	0	6.5283	0	0.69196	8.9041	15.7551	12.4151	11.5272
RS_G16902__KRT6B__KRT6B	1.2631	0.29312	0.45573	1.0087	0	0	12.8673	8.4677	0	0.30435	3.7711	4.255	6.035	6.3173	0.86115	9.8119	0.25307	0.93721	0.22481	0	10.8721	0	0.78126	1.425	9.9481	0	0.95256	9.1282	6.9081	6.0318	5.5408	0	0.1545	0	0.31691
RS_G1562__PKP1__PKP1	0.15156	0.83599	6.0682	6.0765	0.18638	0.40659	9.1236	0.52118	0.42248	0.19294	6.8236	8.7046	7.6667	1.0626	1.1375	8.3043	0	7.5597	4.8379	0	4.5401	0.41271	5.5674	1.1903	7.4545	3.8358	1.2462	8.7949	6.8734	1.8114	0.9191	0.68334	5.1307	0.77356	0
RS_G11434__CXCL1__CXCL1	1.0875	1.8352	0	0	5.3309	0	8.0658	0.61499	0	0	4.5999	5.3273	7.1028	0	6.9455	7.0971	0.62898	1.7424	0	0	1.549	4.7342	0	2.9947	11.9816	0	7.5646	12.5421	1.0586	4.2032	0	0.63488	0	0	0
RS_G17087__KRT5__KRT5	0	2.3682	3.2544	0.87342	2.2491	1.3894	13.5262	9.5837	1.8734	1.1887	4.0154	14.3688	13.5652	10.3691	4.1397	12.707	1.2187	4.3174	1.3229	0.60193	13.9607	0.83413	2.4598	5.6981	5.6289	3.0627	2.8132	13.5919	11.225	14.182	8.7706	0.4696	1.6355	0.16138	1.5571
RS_G7879__HERC5__HERC5	2.3699	0	1.1018	4.8412	0.14696	1.4218	4.5886	2.5298	0.90345	1.1983	8.0916	2.7091	5.6631	2.964	4.5001	7.8085	0.083816	0.81141	0.62941	3.1466	1.6248	5.3756	0.78169	0	4.53	0	3.9803	3.3359	4.2521	3.2928	2.1255	1.4633	1.096	0.70351	0.21229
RS_G3919__LIN7A__LIN7A	3.7677	0.35537	7.4724	5.0956	3.1116	2.128	0	0	3.2538	8.0213	0	1.175	0	0	2.764	0	0.77667	5.0665	7.3978	6.8717	1.8961	2.4763	5.1648	5.2908	5.8529	0	2.3303	0	0	0.58074	0	0	5.0376	5.7957	0.54285
RS_G7696__CASP1__CASP1	4.6632	1.1639	0	0	0.62808	0	0.76601	2.0008	0	0	4.2846	7.1678	5.4234	5.507	4.2762	9.1677	3.4113	0	0.35455	0.18699	0	2.6086	0	0.59149	4.4984	3.2346	0	4.6947	5.266	4.4669	3.8963	4.3306	0	0	0
RS_G3823__CCND1__CCND1	11.467	10.2873	9.7956	11.0955	7.5774	10.8624	12.4704	7.9377	9.8988	10.1898	6.9323	10.1513	11.3166	7.8671	9.0157	9.3554	10.1335	11.149	10.4301	15.2047	9.4841	10.5959	11.1601	10.8596	5.726	8.7887	8.7105	7.5246	10.0655	9.6036	9.6678	8.5391	10.1398	11.3211	11.0084
RS_G922__CHI3L2__CHI3L2	3.2198	0.51024	0	0.56368	5.798	0.56836	0.66931	5.9387	0.46306	1.1011	8.7973	0	4.899	5.7246	5.4771	8.3731	1.2346	0	0	0.16809	3.2906	0	0.15241	0	9.8113	1.528	1.3437	1.671	4.1672	1.328	3.3623	0.96833	1.5601	0	0
RS_G6735__POPDC3__POPDC3	0.57665	0.54819	0	1.155	5.5701	0	5.6997	0	1.7365	1.6638	9.4619	5.2097	3.2583	5.0981	5.9485	5.433	2.9252	0	1.0232	0.71731	3.294	5.9295	0.20004	0	4.2033	2.4234	4.7089	4.6043	3.7261	3.2768	6.8346	0.44169	0.34616	0	1.6355
RS_G17716__IGFL1__IGFL1	0.51855	5.2215	1.994	2.7983	2.2231	3.3051	6.3222	1.5139	0.66238	0	0	4.3337	5.2263	8.5702	0	3.1231	0	4.8811	0	0	9.7328	0	0	0	7.358	2.1947	1.5873	4.1314	0	6.8497	0	0	5.5371	0.83279	2.5156
RS_G22653__SERPINB5__SERPINB5	5.5773	0.48724	1.0519	0.8082	0.37229	0.20657	9.0874	5.7456	0.71494	0.39411	6.5654	9.9021	7.8999	8.4593	3.95	8.3206	0	0.66939	0.37159	3.6119	2.6496	0.27736	1.948	1.6061	9.2741	0	0	7.6307	5.8722	8.0227	7.3521	1.3471	0.13854	1.1275	1.3386
RS_G13229__KRT6C__KRT6C	0.2586	0	0.24559	0	0	0.42636	8.32	4.2096	0.23185	0	0.54005	2.5804	5.8341	1.0175	0	0.74665	0	0.2218	0	0.23174	4.0766	0	1.2634	0.68429	6.1073	0	0	5.1643	4.719	9.633	9.2454	0	0	0	0
RS_G18988__AKR1B10__AKR1B10	6.0862	6.4031	3.4204	4.4495	3.4368	1.0699	3.6936	13.2877	6.9807	1.5061	1.9267	6.7916	5.592	6.367	3.9192	8.1433	2.5406	4.3702	1.7214	2.4865	6.1488	1.9461	3.7713	0.52788	4.5675	3.873	1.0774	4.063	8.6727	9.6947	2.5692	0.50493	2.3659	1.4491	1.9367
RS_G5811__C3__C3	7.1207	1.6685	0.69203	2.2919	1.3461	1.109	9.5755	2.9582	0.52857	1.3027	11.5641	5.0096	9.6169	8.5745	3.1161	10.7546	3.071	1.0739	0.71163	3.2606	5.4593	1.766	0.54314	1.4735	11.9762	0.3753	3.3306	13.2011	3.4851	7.8954	3.5917	3.7685	3.7365	3.2756	2.3797
RS_G3568__KRT23__KRT23	9.9798	4.0091	1.9457	8.0301	0.60861	1.1911	6.0621	0.49245	1.7194	2.2382	9.2509	1.7172	8.506	8.0106	1.2587	8.7022	0.26738	1.4502	0.77332	3.261	9.1077	0.74167	4.1622	3.8232	10.2533	5.989	0	4.1409	6.7984	8.2329	7.9631	10.5322	5.2594	5.121	0.93588
RS_G22179__AC104692.1__AC104692.1	0	1.0213	6.1553	5.323	4.6508	0	0	1.8859	5.2296	1.4075	5.5417	2.2715	0	7.6104	0	4.8789	0	0	0	0	7.8349	5.5001	0.65229	0	6.8873	0	6.7274	5.1084	7.147	0	0	0	0.84432	0	0
RS_G16526__ALDH1A3__ALDH1A3	6.9869	6.6244	3.4412	2.4634	1.2073	2.8938	11.2405	5.3582	10.9346	1.4376	5.1885	8.2874	10.8421	10.846	3.2546	8.3779	5.4292	5.6338	1.6124	1.2527	9.3386	4.3207	2.1737	1.7792	7.1079	7.9504	1.5677	6.6021	7.6667	9.1305	3.6909	6.7618	5.3565	5.1568	3.5552
RS_G12878__KLK7__KLK7	0.43855	0	0.13593	1.9992	0.11677	0.12675	2.968	0	0.25641	2.2202	1.3488	2.5039	6.8763	5.4814	0	2.4911	0.14189	0.2323	0.1255	0	5.034	0.22201	0.12111	0.41216	1.7347	0.30901	0.22455	0.24511	8.0034	11.1557	3.7048	0.50406	0.37498	2.2158	0.33096
RS_G12982__SPRR1B__SPRR1B	2.2988	0.63608	0	3.8097	1.4994	0	7.092	1.2683	0	0	0.64046	4.8334	7.6626	0	0	4.001	0	0.69033	0	0	5.8907	0	1.214	1.092	5.9655	2.0942	1.1062	1.5367	5.0083	7.3536	0	2.1888	3.3389	0	1.2275
RS_G16898__AC073468.9__AC073468.9	2.771	6.104	3.2477	2.9543	0	0	2.1311	2.1588	0.48723	0	3.5396	2.6112	3.5696	4.6909	0	4.557	0	3.053	1.4065	1.2126	4.682	0	2.3478	0.5494	3.0729	4.3933	0.55787	1.3527	4.7935	2.3273	7.8208	1.3018	2.9242	2.9131	0.94339
RS_G7555__CTSL2__CTSL2	6.6635	6.2586	5.6688	5.1485	6.7847	5.8017	11.2857	5.654	7.0295	4.9705	6.5726	7.1559	7.1125	7.9326	7.0231	7.0512	0.64634	5.9428	6.6346	6.2477	5.3029	3.8935	4.8953	3.6966	6.2073	5.8886	3.3803	4.4155	6.5763	7.4402	5.8106	7.3226	5.8826	7.0084	6.0221
RS_G7676__MMP7__MMP7	0.47687	0.94026	0	0.42652	0.74274	0	11.7365	5.5087	0.45203	0	4.8989	1.9117	1.6535	7.6055	7.0237	11.0385	0	0.22602	0.2289	0.4265	6.6786	0	0	0	11.8133	0	0	7.3366	0	2.6851	0	2.303	4.0563	0	0
RS_G3267__ITGB8__ITGB8	5.1564	0.27889	2.0303	3.4893	0.14738	0.36513	4.6975	2.6815	3.0352	2.3442	8.4305	4.611	4.1636	5.2617	1.3995	6.1267	1.6822	0.35153	0.93842	0.36975	4.8645	0.53386	0.59803	0.30829	5.5021	0.15176	0.8868	5.8392	3.6533	5.3211	1.0727	1.298	2.2218	0.45843	0.59579
RS_G5561__PI3__PI3	3.0706	3.6429	3.0152	0	2.5138	0.73253	5.0806	3.2166	0.42835	0.53604	11.0888	3.8493	12.335	5.0919	5.1559	10.2125	0.7907	1.1857	0	0	10.7066	0	0.39099	0	7.2484	7.5841	0.66256	11.976	8.1079	9.9971	2.5749	0	1.8475	0	0
RS_G8168__RHCG__RHCG	0	0.76408	0	1.7502	0	0	1.4873	0.74178	0.50384	0.96672	3.6706	3.1828	3.8711	2.7996	1.6309	4.9588	0.29197	3.3408	2.7627	1.0135	2.2705	0	1.7348	0	3.5912	1.8421	5.4309	2.1324	3.9305	4.4168	0	2.9171	0	1.7677	0
RS_G4942__RARRES1__RARRES1	2.0377	1.842	3.7414	0.17186	2.4435	1.546	4.0497	3.1042	0.9588	3.4138	6.5431	0.26784	9.1775	8.5922	2.0236	13.9745	0.3647	0	0.1718	0.17735	7.1024	1.2788	2.8091	1.7188	6.9558	2.3179	0	8.5285	4.3853	2.5811	0.63747	1.368	1.8166	0	0
RS_G14203__IL20RB__IL20RB	2.3285	2.3977	1.9633	2.6694	2.9313	3.6584	3.7298	3.6464	2.6596	2.0501	4.4568	7.3998	6.0774	3.8537	4.2693	3.4924	3.1903	2.3034	3.4285	1.2384	2.9665	2.316	2.3458	2.0891	2.8672	1.235	3.8664	6.4871	3.0164	8.9032	4.6157	2.8394	2.9918	2.5497	2.8662
RS_G6482__C1orf38__C1orf38	3.3974	4.2439	0.54942	4.0843	2.7127	1.5549	3.9616	3.7584	0.4539	1.7862	8.1282	2.2046	2.9444	3.0815	3.6422	7.8373	2.5597	3.6222	1.6665	3.1808	0.97908	3.1583	0.26791	1.2635	7.0556	2.3138	5.525	5.0194	4.5227	5.1718	0.38634	0.78702	3.7809	0	0.26986
RS_G13234__AC135457.2__AC135457.2	4.438	5.5184	2.9816	4.176	0	4.1144	0.57084	0.81969	8.4437	3.1298	0.76268	0	0.3818	0.58332	0	0	0.90435	1.9106	3.1711	4.0342	2.8411	0.1258	6.1146	7.5507	0	4.8409	0.23253	0	4.1265	0	0.80114	3.9769	3.6333	6.1201	5.5207
RS_G11315__FSTL1__FSTL1	6.1696	3.6176	6.5735	5.6716	12.563	0.96659	3.0155	9.048	1.7602	5.437	5.1741	7.2908	9.4235	10.3975	9.8128	7.9845	10.7719	0.77713	0.82926	0.93212	7.4038	8.5847	1.4346	1.2163	8.1641	3.6582	5.9561	8.1278	5.414	5.686	1.736	7.4048	1.7816	0.67477	0.38166
RS_G10552__CDA__CDA	0	1.6466	0.52859	0	0	0.49703	6.438	1.2407	0.51588	1.0834	0	6.746	7.4997	1.2901	0	7.0228	2.4749	1.9161	0	1.0277	4.0069	4.9695	1.8659	0	0	0	2.2379	9.57	4.4328	10.6457	4.0751	1.987	2.0333	1.9565	0
RS_G13967__SAA1__SAA1	5.8686	2.466	0.66682	0	0.60947	0	5.8748	1.1505	0	0	7.8222	2.818	8.6219	8.7643	1.3519	8.9175	0	0	0	0.35353	0.28384	2.3174	0	2.2873	14.6642	2.3878	0.9773	9.2618	0	9.6673	1.97	0	0	2.2783	0
RS_G3022__DHDH__DHDH	2.4187	2.2579	0	2.616	0.76248	0.93381	3.6498	0	0.9645	2.8425	5.3073	3.5907	4.9283	2.7314	0.60282	5.2884	0.84227	3.6193	2.6151	4.4139	1.6583	1.1133	1.3322	1.9645	5.9895	0	4.6054	2.7517	4.3504	4.0578	3.0985	3.2846	4.2986	3.1819	1.8332
RS_G13225__KRT75__KRT75	0.1001	0.48837	0.13704	2.6322	0	0.24517	5.1256	5.5198	0	0	2.0876	2.7652	3.4922	8.326	0	2.9312	1.6538	1.0494	0	0.44826	7.6739	0	0	0	3.081	1.8503	2.1211	0.93863	2.1169	3.1433	0.25517	0.87163	3.2242	0	0
RS_G10592__HOXB13__HOXB13	0.13852	0.41729	7.3933	4.8456	3.0727	0.090791	3.2697	0.58562	4.225	0	4.5096	4.0837	3.6472	0.82986	4.5798	0	2.4854	0.90775	0.86504	0	4.3853	0	1.7184	0	4.5655	0	2.9856	0	5.5425	3.0351	5.4196	0	6.077	0	0
RS_G4197__TBX18__TBX18	0	2.9032	0	0	6.7911	0	0	2.4184	0	0	5.9388	5.1825	0	5.3067	0	4.4794	0	0	0	0	0.32925	0	0	0	4.5783	1.4806	6.5899	5.9947	0	4.2898	0	0	0	0	0
RS_G17946__SBSN__SBSN	1.9388	3.1448	0.52859	1.4897	2.4916	0.49703	2.2271	6.162	0.70795	2.5177	0.92766	0	4.1818	2.7617	5.2222	2.5925	7.2725	4.2779	0.48448	1.4125	5.2712	0	1.0301	0.79145	8.658	0	2.6291	2.7459	2.1709	5.4825	0.5273	1.5102	0.73069	0	0.37031
RS_G18160__AC110754.4__AC110754.4	3.9514	0.83267	6.4627	8.8805	0.22701	6.9764	1.6741	1.5048	2.9835	9.6862	2.0801	1.2005	1.0817	1.6006	1.8395	0.67116	1.6999	9.1222	7.6365	6.6115	1.3	1.7317	8.7503	0.67996	0.23067	0.52524	1.0029	1.9295	1.1951	2.3357	2.9101	7.4037	8.649	8.6863	4.9591
RS_G21773__GPRIN2__GPRIN2	4.0001	8.3744	0	1.3437	0	0	5.3082	0	0	0	0.23152	4.3886	5.4473	5.982	5.0614	3.6002	0.40095	0.65392	0	0	6.6664	0	0.065818	0	4.1445	7.0097	0	6.2273	3.7935	4.7073	0.27671	4.0222	0.54066	0	0.18814
RS_G6246__SOX15__SOX15	3.4901	2.1503	6.5709	1.7357	3.2643	2.2208	6.5765	2.3815	2.2611	2.3751	1.84	9.8631	6.3973	5.6528	1.9218	2.6222	3.9876	3.721	3.1797	5.1665	5.5771	3.065	5.971	3.1706	4.3072	3.8824	3.8058	6.0787	4.1406	7.8524	7.5597	3.2225	2.4758	1.8228	1.6718
RS_G14379__SCUBE2__SCUBE2	3.7581	0.4963	3.3351	10.5351	1.9673	0.99746	0	0.85629	3.3606	10.4571	0.40431	0.41231	0.91397	0.27683	1.1985	0.064969	0.99204	3.0784	6.7906	7.358	5.7668	0.068117	5.2172	0	0.28661	0.5589	0.25173	0.14379	0.65985	0.21735	0.15444	8.5777	7.7732	6.1636	2.3288
RS_G16320__PCBP3__PCBP3	0	1.233	2.8412	5.1319	4.7329	0	1.8135	7.1215	2.717	1.4734	6.7411	1.1414	3.7919	3.7909	4.1238	5.8191	0.75128	4.5505	4.5556	4.431	2.5031	3.5964	0.47491	0	1.0568	0	3.3797	3.9459	5.3921	1.2824	5.3456	0	0	0	0
RS_G12983__SPRR1A__SPRR1A	2.6766	0	1.2073	4.6224	0	0	4.4152	0	0	1.1468	1.0479	0.96978	5.1369	0	0	4.4045	0	0.3708	0	0	6.2122	0	0.35494	0	2.7869	0	0	1.1341	2.8241	2.8212	1.2049	4.8655	3.6111	2.3955	2.8989
RS_G3379__MEST__MEST	0.28456	7.7409	7.8393	7.4767	7.0437	7.6778	7.4615	1.4366	1.0201	7.6848	0.16774	8.4186	6.9275	1.1371	11.3032	0.69041	4.0757	7.3671	8.1143	6.6208	7.5349	6.2993	7.2189	7.299	0.25759	9.0774	0.325	0	6.652	7.5819	0	1.0173	5.9816	6.7253	7.8146
RS_G22701__ATP10A__ATP10A	7.5074	0.25087	0	2.7124	0	0	4.4453	2.6536	0	0.069701	4.892	0.22617	4.9408	4.6253	0.75404	4.7523	3.1988	1.6168	0	0.049383	0	3.3339	0.08933	0.17543	6.8059	0	6.5671	0.10086	3.9696	4.7707	6.3999	5.6339	5.6284	3.9525	1.7496
RS_G21531__RAET1G__RAET1G	2.8144	2.9198	0.47879	0.54993	1.5764	0.57314	2.3707	3.0707	2.3424	1.2131	1.9137	2.2095	4.5472	1.926	1.1822	3.9902	1.8867	2.2481	1.3469	1.073	3.1325	3.5775	1.9008	0.51649	2.0151	3.4867	1.5783	5.3644	2.4284	7.7615	3.7997	4.5337	4.51	1.2429	1.1426
RS_G22652__SERPINB3__SERPINB3	0	0.25379	0	0	0	0	0	0.57895	0	0	0.82008	1.9225	3.3203	0.7401	0	9.5735	0	0	0	0	1.0359	0	0	0	6.7965	0	0	5.6438	0	4.325	0	0	0	0	0
RS_G7110__DSG3__DSG3	0.31416	0	0.29743	0.3494	0.85312	0.3551	8.2211	0.47605	0.28915	0.51326	0.64092	4.8091	5.1836	3.7617	3.7258	7.3705	0.30549	0.045416	0.092333	0.43276	0.50162	0.17663	0.17781	0.8118	8.8755	0.78938	0.65087	5.9837	3.3214	5.9508	0.20438	0.25707	0.21656	0.42995	0.32003
RS_G1917__LEPREL1__LEPREL1	1.6812	1.213	1.016	0.15032	9.6328	0	8.6274	7.5555	0	0.20528	2.3881	6.6588	10.0755	6.0855	6.9596	8.8539	6.6718	0.14834	0	0.54021	4.5962	7.6461	0.14506	0	5.0402	1.8994	2.7188	5.8777	1.6577	6.3893	3.8936	2.3297	1.1214	2.3917	0
RS_G1492__DUSP13__DUSP13	1.1639	3.9306	0	3.4195	0	0.39666	0.7545	0	4.3288	4.8779	0.46004	0	0	0	0.26614	0	0.56268	4.1128	4.8187	2.0092	0.887	1.9107	4.6054	0	0	3.3152	0	0.88679	0	1.9153	1.3829	2.1176	7.1145	2.0528	2.255
RS_G2464__PLTP__PLTP	0.11482	10.0545	0.75517	1.2357	10.9319	1.1199	0.90633	4.5863	1.0814	0	0.24629	9.5327	6.1663	0	7.9012	8.082	6.5859	4.17	1.6206	0.80808	4.8815	3.1098	0.52736	0	3.5639	7.9049	3.0229	6.1828	3.6044	10.4891	2.8626	3.5352	0.76102	0	0
RS_G10048__NCAM2__NCAM2	0.90591	0.059094	5.8956	5.5119	4.3315	7.6151	0.16098	0.37026	4.9363	5.8073	0.17185	2.3537	0.24293	0.80572	0	0.22422	0.99046	4.4702	5.91	4.3296	0.62114	0.23448	3.8161	5.5146	0	0.48347	0	0.25252	0.18146	0.1996	0	7.7429	2.5721	3.7889	2.5183
RS_G4220__LOX__LOX	0	0.68991	0.90169	0.66555	10.7791	0.13865	4.9709	5.7714	0.79742	0.96733	5.2774	4.4823	2.895	5.5501	7.6689	5.766	10.1643	0.90667	0.75454	0.48913	3.2735	6.0679	0.45546	0.44199	4.3449	0	11.6434	8.3827	2.7516	9.2551	0.4056	2.3981	0.6104	1.3457	0
RS_G8293__SLC39A6__SLC39A6	8.8456	6.3258	9.5638	10.7022	7.7275	8.8921	7.7677	9.1522	8.336	7.6195	7.5903	7.0645	5.996	7.5728	9.5847	8.0305	7.5875	8.7525	12.8675	9.3944	5.8965	7.7396	8.3482	7.0986	7.8108	7.6205	5.2143	7.2234	6.1811	6.7035	7.7701	7.9828	8.4218	10.7897	13.4745
