Cell lines	600MPE	AU565	BT20	BT474	BT483	BT549	CAMA1	HCC1143	HCC1187	HCC1395	HCC1419	HCC1428	HCC1569	HCC1806	HCC1937	HCC1954	HCC2185	HCC3153	HCC38	HCC70	HS578T	LY2	MCF7	MDAMB134VI	MDAMB157	MDAMB175VII	MDAMB231	MDAMB361	MDAMB415	MDAMB453	SKBR3	SUM1315MO2	SUM149PT	SUM159PT	SUM185PE	SUM225CWN	SUM52PE	T47D	UACC812	ZR751	ZR75B
Response	-1	1	-1	1	1	-1	1	-1	-1	-1	1	-1	1	-1	-1	1	1	1	-1	1	-1	1	-1	-1	1	1	-1	1	1	1	-1	1	1	1	-1	1	-1	1	-1	-1	1
EA_G__P2RX5	6.5442	5.6535	5.9787	4.8513	5.2032	7.7908	4.405	7.3498	6.238	6.0583	4.9714	4.9715	7.6052	8.3032	6.583	4.7167	4.8552	4.6299	7.2043	4.7547	5.8678	4.9903	5.4081	6.8051	5.4568	5.6807	7.9649	4.5572	4.2916	5.3502	5.708	4.4613	7.9986	7.2148	4.7202	5.1506	7.4141	5.1753	7.0021	5.3453	6.1291
EA_G__ERBB2	9.7997	12.3532	8.5748	12.3566	10.2935	7.7806	9.1247	7.7491	8.9829	7.1261	12.6526	8.5876	11.3467	7.4832	7.6512	12.3708	10.2349	8.7512	8.1322	8.6875	7.0841	8.5271	8.7417	8.307	7.9542	9.8661	7.3805	11.4924	9.0715	10.6304	12.0992	8.1194	7.4859	7.6326	8.7176	12.6826	8.6454	9.1608	12.2493	10.0611	9.751
EA_G__PLCH1	5.2438	7.5273	3.3755	6.9586	6.0596	3.9486	8.0482	4.651	7.1018	3.9777	7.7608	6.6251	5.4736	4.7252	4.4941	4.4556	8.1232	5.2036	3.6959	6.6154	3.6139	6.6504	6.832	4.0158	4.9347	7.0744	5.7583	7.2641	9.4761	6.8481	7.196	4.228	4.6713	4.1757	5.7348	6.445	6.0627	7.4294	5.562	8.1434	7.3769
EA_G__ST6GAL1	7.1627	7.7394	5.4994	6.0727	5.7592	4.9826	5.8866	5.2929	4.8651	4.3675	7.1704	4.4732	6.6134	4.3999	5.6027	6.9928	6.3251	5.7577	4.7896	6.3255	4.7526	5.2073	4.6559	4.3331	4.6197	6.3901	4.8325	5.7496	8.8885	5.4107	6.5704	5.1495	6.8937	4.9485	5.7285	7.4109	6.9642	6.9889	6.987	7.0116	5.2249
EA_G__NR4A1	7.0106	8.5142	6.4987	7.7492	7.3327	6.1782	6.5968	6.4658	5.8281	6.2776	7.4587	6.4468	6.6935	6.3044	6.1826	6.3809	7.2553	6.2234	5.8215	6.1123	6.041	7.225	7.2685	6.542	5.7641	7.5251	5.9098	7.1353	6.7565	6.7356	7.0525	6.0845	7.8922	6.6425	6.9256	7.2672	7.5309	6.7901	6.6764	6.9464	8.454
EA_G__GRB7	8.5454	10.9211	8.0083	11.1297	8.1717	6.2075	7.1224	7.4261	7.5684	6.3606	11.6802	7.283	9.436	7.1132	6.9786	11.7721	8.4244	7.8473	5.9178	8.1182	6.2106	7.3692	7.4325	7.641	5.5442	8.1737	6.1796	9.8138	7.8417	8.799	10.5391	7.3985	7.0859	6.2713	7.9055	12.3691	8.1468	7.4714	10.6486	7.7878	8.0155
EA_G__AZGP1	11.8674	10.2938	5.2477	6.3166	7.9619	5.1861	7.8483	10.5743	5.8672	4.8475	9.8598	5.393	10.1989	5.1734	7.6159	8.1158	9.9126	7.6711	4.5263	11.0381	4.8353	5.798	5.7386	6.463	4.8156	8.6593	4.9316	8.3578	10.6706	10.6377	8.0518	5.702	6.1725	5.9591	6.4786	11.3448	7.3664	9.6307	9.8486	10.4682	8.0104
EA_G__SLC40A1	6.8502	8.0701	4.2189	8.1892	8.6575	3.7959	8.0269	4.4506	4.0922	4.2159	7.8833	10.106	6.5779	5.4936	4.2927	5.1166	8.1015	4.3603	6.1059	5.223	4.0297	4.289	4.0528	4.0146	5.7339	8.6986	4.346	9.6424	8.3737	9.2989	7.1985	4.2552	4.3975	4.2056	8.3935	7.4368	7.0743	10.0715	6.5471	8.6955	7.2722
EA_G__PERLD1	7.9981	10.4494	7.2334	11.5309	8.5186	7.0395	8.0143	6.7798	7.5363	7.5751	11.7835	7.7075	6.0197	6.9121	6.5128	11.3772	8.5531	7.9337	8.1056	7.9547	6.9567	7.2717	7.3187	7.6108	6.8706	8.1096	6.7476	10.1259	7.7315	8.2906	10.1853	7.6784	7.1932	6.6914	7.5985	12.8771	7.0808	7.6174	10.9271	8.078	7.8159
EA_G__RSF1	8.2695	6.8876	7.4696	6.7511	7.3761	7.3592	6.6293	7.4456	8.1546	6.7546	6.7614	7.4565	7.3609	7.493	7.0289	7.4314	6.3856	6.8976	7.4501	6.6409	6.8412	7.153	7.3079	10.765	6.8448	8.171	7.0497	6.8583	6.5569	7.0809	6.4572	6.7893	7.3786	6.7311	6.3921	6.9874	9.0142	7.0643	7.4008	6.8878	6.9062
EA_G__USP18	6.4502	7.6312	5.9496	8.1228	8.707	5.4966	7.592	7.7863	6.7528	5.3511	7.15	7.4145	6.6359	6.7563	7.453	6.9205	7.4281	7.1989	7.1833	9.0351	6.2376	6.6512	6.2841	7.3545	4.9911	7.97	6.2885	7.7328	7.5471	7.9046	6.6632	5.592	6.0274	5.9321	6.1311	8.9507	6.5481	6.5261	5.8324	7.3981	7.0068
EA_G__C17orf37	10.2627	12.1616	9.4327	12.5067	10.0183	9.6297	9.9884	9.7393	8.7276	9.4784	13.0107	9.7623	12.9521	9.5497	8.8984	13.0916	9.1605	10.6536	10.2348	9.8217	9.1925	9.7035	9.7398	10.1657	9.7471	9.5811	9.5775	12.0721	10.1387	10.4964	12.051	9.5708	9.2545	9.6907	9.4564	13.376	9.9787	10.4971	12.8045	10.2002	10.228
EA_G__B3GNT7	6.2751	7.5374	6.0602	6.7436	6.267	5.7607	6.5316	6.3431	6.4402	6.1988	7.5508	6.2912	7.1107	6.4109	6.4297	6.2245	6.4744	6.9285	5.8342	6.733	6.1441	6.1903	6.1625	6.8031	5.6769	6.7375	6.1534	6.9004	6.918	6.7859	6.6348	6.1207	6.16	6.5741	7.3935	6.4373	6.5725	6.2738	6.3192	6.1435	6.4794
EA_G__PWCR1	8.9888	5.3227	2.5284	10.4187	8.1334	3.0837	9.3336	8.4868	2.947	3.1295	3.0359	2.8125	2.8025	8.2323	8.2084	3.26	10.2307	8.6462	9.3808	3.2082	6.4405	2.8341	3.1931	7.4359	9.7707	8.8283	2.8326	9.0792	9.374	8.6979	4.3452	10.521	8.6516	8.8029	3.2803	7.2789	3.4601	7.9272	8.077	6.948	8.2631
EA_G__ANKH	4.7353	6.1321	8.0863	5.4319	5.8632	7.5366	6.1278	8.4813	9.0894	8.5155	4.6888	6.49	7.8379	8.1721	8.2302	6.7129	5.1636	6.8831	6.3625	8.2345	8.8695	6.0957	5.1663	7.006	7.9234	5.9965	7.4819	6.675	4.8461	5.6252	6.0369	7.6275	6.1743	8.3735	7.4034	7.0396	7.2997	4.911	7.1822	5.0068	4.9094
EA_G__MIPEP	7.2902	6.7835	7.1329	8.3486	7.9182	7.9982	7.4577	7.0585	6.8196	6.9337	9.1829	6.9938	7.2814	6.5371	6.9973	6.836	7.4639	7.5026	7.2798	6.5412	6.6633	6.846	7.1347	6.5897	6.2694	7.3512	6.953	9.0417	7.2708	7.9343	7.1788	7.671	8.1321	7.2004	6.8241	7.5816	6.9328	7.2435	7.6996	7.7388	10.207
EA_G__DDAH1	8.2975	8.0848	8.152	6.8764	7.1266	8.5481	6.7475	7.913	5.1987	6.4624	7.6645	7.6054	7.5138	6.8342	8.2456	7.3184	7.9016	7.528	8.1061	7.6799	9.8182	6.4586	7.2951	8.4799	7.6619	7.2348	10.0483	7.3886	8.5508	7.5272	8.303	7.6419	6.6042	8.2063	8.1604	7.7275	8.0472	7.3595	7.8989	7.4722	7.056
EA_G__TH	6.264	8.0515	7.2544	6.6092	6.609	6.1427	6.0421	6.294	6.2948	6.33	10.9318	6.2102	6.3139	6.5998	6.2511	6.5761	6.8407	6.2144	6.1623	6.4761	6.1416	7.0274	6.8291	6.5394	6.3737	6.4649	6.3252	7.2187	7.6232	7.2658	8.1688	6.4326	6.603	6.6092	6.5796	6.6657	6.9925	6.6708	6.4227	6.4724	6.5847
EA_G__EGLN3	9.6396	6.9307	6.1991	8.7512	5.8483	5.7209	6.5142	6.0676	8.2756	5.2768	7.4828	5.5658	6.7511	6.0238	6.7681	6.7039	7.5117	7.7207	6.8667	7.0952	5.0792	6.8512	6.4171	6.7118	5.6622	8.6848	6.3147	7.4412	10.0177	10.9055	6.4517	5.0021	6.8147	7.7616	6.601	6.959	7.8513	6.7657	6.275	6.523	5.4591
EA_G__TMPRSS3	9.8081	6.2517	4.6731	6.3099	7.8022	4.3753	6.8658	4.1635	5.2231	4.4602	5.3789	6.8408	4.6199	4.668	6.3221	5.0635	6.0278	6.1435	4.2958	7.1903	3.9978	5.25	4.758	4.0896	4.7685	7.5031	4.1056	7.4917	9.4186	4.7655	5.2652	4.5343	9.1125	4.5138	7.2599	7.5815	7.0602	5.4646	7.505	4.7394	4.7502
EA_G__HGD	6.292	6.1701	3.7824	7.6492	5.5405	3.7536	7.1472	3.8709	3.8208	3.6315	8.002	8.7179	8.6658	3.8689	3.4665	4.1149	8.0684	3.8546	3.7892	4.0083	3.6706	4.0437	5.1745	8.727	3.4955	4.5873	3.8207	9.1095	8.8747	5.3693	4.2486	3.9795	3.876	3.8261	5.1101	8.751	4.4323	4.1422	5.0669	8.3076	8.2304
EA_G__INTS4	9.0693	7.569	7.2264	6.9865	7.4736	7.7803	6.8325	6.7986	7.6222	7.6034	6.7463	7.5097	7.4777	8.5471	7.7013	7.8553	7.0777	7.3271	7.6682	6.7944	7.8397	7.558	7.3147	9.7659	6.8751	7.6445	7.8706	6.2978	7.1597	7.0961	6.984	7.2186	7.2886	7.2815	7.1437	7.6474	8.7687	8.1203	7.4996	6.5338	6.8937
EA_G__ACSL1	8.4285	9.3878	8.6513	9.8595	7.938	7.0775	9.3158	7.6291	6.6026	8.2128	9.6152	8.8888	7.4057	6.6016	8.5239	8.7204	8.4505	6.5524	6.2068	9.8073	6.9813	7.6201	5.1828	7.7769	7.2449	9.0405	7.5045	8.814	8.3192	9.1933	8.0645	6.585	9.5051	8.4462	8.6173	9.4908	10.3861	8.6547	8.5527	7.1048	6.8911
EA_G__VTCN1	8.5548	8.4065	4.2161	7.5452	6.2201	3.5205	8.5954	6.5572	6.2389	3.9224	8.7124	8.4635	8.9774	3.9249	6.5605	7.6681	8.5877	7.1076	3.96	9.0505	3.5167	5.94	6.4774	5.1673	3.6512	7.8442	3.599	7.2457	8.9107	5.6222	9.5899	4.0347	5.0407	3.5754	7.0528	7.8339	4.6838	7.9421	4.3324	8.6651	8.5439
EA_G__SGCB	6.7863	3.9197	3.4677	4.8878	5.9552	7.0929	3.3793	6.6802	6.2512	7.1509	3.04	5.2005	6.2462	5.4632	4.7161	5.1028	3.212	6.5926	6.4121	3.5149	6.8	4.5618	4.753	7.5645	7.3587	5.2387	7.1684	4.7077	3.4655	3.4017	4.3251	7.1462	5.8862	6.8411	4.8611	3.9321	5.3476	4.7311	6.1989	3.9669	4.9488
EA_G__EDG7	3.5288	4.4323	3.7776	4.833	3.6421	4.0994	4.4359	8.0901	4.7853	4.2587	7.5858	4.5372	8.7229	8.8385	6.2848	7.9491	7.1886	5.8772	8.0065	6.7514	4.7734	4.8484	4.6227	3.7346	7.5279	4.6986	4.394	7.0688	7.3179	5.3051	4.66	7.3759	8.3309	7.7085	4.3828	8.0393	3.5566	4.0586	4.1638	5.9133	5.8987
EA_G__MRC2	9.5108	6.3393	6.5107	6.1911	6.1822	8.4666	6.2529	6.9342	7.854	7.6383	6.094	6.172	6.5812	6.4211	6.1795	6.195	6.1677	6.3087	9.0085	6.3022	8.5076	6.5354	6.5896	6.3506	9.5693	6.3342	7.1079	6.09	6.0684	7.1592	6.5291	9.3857	7.3701	7.4802	6.2204	6.5062	6.9931	6.3224	7.244	6.3834	6.5285
EA_G__CREB3L4	8.1311	8.1722	6.239	8.8266	8.2267	5.1526	8.4914	5.7882	5.6323	6.0428	8.1729	6.4823	6.4278	5.55	5.5635	6.0272	7.1548	5.7115	5.4265	6.6527	5.4111	6.6146	7.3017	6.9522	5.3083	7.8557	5.5882	7.768	7.4532	8.0278	7.7082	5.6583	5.9138	5.4051	7.0025	7.9691	7.4838	8.0176	7.745	8.8611	8.2783
EA_G__C4orf34	8.8336	7.5189	6.7831	9.2875	9.0579	5.2272	9.1582	4.721	5.3837	8.1851	9.7532	7.4229	7.588	5.1128	6.5668	7.6648	9.1999	5.4193	6.848	8.0783	6.629	8.3072	8.1002	9.1603	6.5726	8.8801	5.1194	9.9662	9.103	8.0987	7.3907	8.1597	7.0955	5.3506	8.451	9.2518	9.4196	8.058	8.6313	9.0896	8.1182
EA_G__C9orf150	6.3988	7.1869	6.5076	7.0707	10.7652	8.6927	9.877	7.1481	7.4135	7.6684	8.5063	8.2506	5.0014	5.7357	6.51	8.3959	8.0107	6.6126	6.4634	9.9622	6.4075	7.596	7.9432	9.3978	7.9167	8.0685	5.8597	8.115	9.0118	6.6495	6.7351	7.0564	6.7245	7.6222	6.9489	8.5812	7.2989	10.3317	7.9699	7.1346	6.9196
EA_G__CLIP4	4.6326	5.4348	7.1886	3.9666	6.1252	5.3323	3.6155	6.7272	5.6531	7.4556	4.1053	6.8579	7.2274	7.6415	7.976	6.2944	4.9373	6.0636	6.882	7.8551	6.975	5.2735	5.445	7.1688	6.483	7.1818	7.6554	3.9358	5.7053	4.4094	6.6691	5.6713	7.6162	6.4013	4.7101	6.4518	7.3609	4.3718	5.6381	3.7996	3.7706
EA_G__DLX3	5.9564	7.4632	6.5922	8.3925	7.6265	5.6094	5.938	5.6328	5.5027	4.8388	7.9765	5.8754	6.3403	5.8666	5.3924	5.3154	6.1978	6.2199	5.0285	5.6926	4.7268	6.4653	7.0473	6.8724	5.288	6.4617	4.7899	7.0145	5.9772	6.8321	7.7375	5.3032	7.0645	5.2161	6.9139	6.6169	6.2	7.7697	6.3741	5.8481	6.3974
EA_G__CEACAM6	11.9576	9.4552	4.9219	10.4191	6.7394	4.4249	4.3434	4.5225	3.7734	4.2987	10.2871	4.6155	4.2125	5.4873	5.8584	7.5965	10.3529	4.6112	3.9866	7.9509	4.1852	8.4815	7.3165	4.5002	3.6986	8.7179	4.1634	10.9123	10.8417	4.9382	6.4947	4.7785	4.201	4.5135	7.5353	10.2088	7.5093	6.1862	8.1197	6.9771	9.7418
EA_G__TMEM63A	10.3392	9.9042	8.8139	9.2252	9.8321	7.9009	8.9321	8.0876	8.6713	7.8552	9.8166	7.6708	8.6227	8.3271	8.8127	8.4558	9.0724	8.6764	7.9149	9.794	7.6274	8.0926	8.3874	8.1943	8.1384	10.2093	7.9491	9.2452	9.2999	9.5319	9.8231	7.2609	9.6586	7.7197	9.4813	9.5874	9.3064	8.91	8.3396	8.9229	8.1762
EA_G__UNC13B	5.793	6.5007	6.0376	9.2627	6.7893	6.8557	7.5027	6.1135	6.5985	4.7743	8.1912	6.3839	5.7764	5.9227	5.9355	5.9763	10.2206	6.573	5.9399	4.9792	6.2561	6.4183	7.4598	7.4711	5.3058	6.8949	6.3107	6.8314	6.8136	7.1209	6.1782	7.1852	5.2062	6.6155	6.2335	6.8873	6.5187	6.9894	6.8792	6.4913	7.3279
EA_G__SLC2A10	9.6698	7.9608	7.5783	10.7486	9.8002	6.8356	10.1507	6.4242	5.8402	6.8335	11.2291	7.9253	8.8672	6.5273	6.8478	6.7776	10.3875	5.8592	8.0537	7.7648	6.767	8.3111	8.0817	7.3966	8.4211	10.4721	6.001	10.875	10.7141	9.5163	8.1679	8.2501	6.9448	5.9196	11.5189	10.4028	9.9163	7.1665	9.4465	10.4236	9.4271
EA_G__FAM59A	7.1098	7.7905	6.5341	7.2024	7.3453	4.8712	6.68	5.9347	5.9744	5.6379	7.3743	6.2539	5.5819	5.5316	4.9289	7.2641	5.9312	5.9031	4.8528	7.5857	5.9462	6.6224	6.0759	7.2006	4.0473	6.5938	5.419	7.0464	6.7735	6.2219	7.0846	5.2325	6.4577	5.2007	6.2579	7.22	6.1833	5.4105	6.3264	6.358	6.649
EA_G__FGFR4	6.212	7.4027	6.3774	9.4947	8.6522	6.7252	11.1104	6.9616	6.8446	6.9437	9.9702	7.7334	8.649	7.4069	6.9704	9.0064	7.8246	7.3383	7.6825	6.2891	5.6839	7.6865	8.3879	8.0356	8.0349	7.9172	6.6169	9.9462	9.8037	11.4544	6.6971	6.6719	6.5764	5.6794	8.3049	9.0287	8.2707	6.8843	8.8386	10.7427	9.4229
EA_G__OSBP2	6.3933	5.4149	6.1665	7.0103	6.1887	6.0775	6.588	6.6328	6.0387	5.9605	6.7175	5.3871	5.9563	6.3132	5.8966	6.2768	6.9864	6.1351	5.8975	6.8151	5.4788	6.0308	6.6413	6.5594	5.5347	6.9036	5.593	6.7878	6.2614	6.3643	6.039	5.8646	8.203	5.9551	5.9665	6.6892	6.033	6.2767	6.1252	6.5893	6.6163
EA_G__CUL4B	6.6142	7.0274	8.4121	6.2287	6.8128	9.3472	7.0256	8.1315	7.2752	7.686	7.6102	7.6919	7.0614	6.7863	6.5816	7.5829	7.2735	7.3667	10.0552	7.1003	7.8513	6.5622	7.0789	7.0753	8.6142	6.8373	7.2966	6.404	7.2378	6.5199	6.8767	7.1544	6.4288	6.9163	6.5287	6.3816	6.6166	6.3577	7.0476	7.0727	6.9907
EA_G__C1orf115	7.068	6.9015	6.0423	7.6415	6.4767	5.93	7.3311	6.0274	7.5634	5.7279	6.9938	5.9561	7.2573	6.5801	6.1443	6.048	7.5419	6.6758	6.316	5.8911	5.5091	6.5475	6.5878	6.3762	5.729	7.606	5.8222	7.7466	8.6046	7.8599	7.1421	5.9752	6.5733	6.2333	6.3785	7.8187	7.7581	6.8106	6.258	9.1222	7.12
EA_G__SAT1	9.6344	7.1856	7.0784	8.5647	5.7801	6.2256	5.0978	6.9633	5.0015	5.936	8.7038	5.3289	6.1538	6.7125	6.9544	7.7947	8.9141	9.673	7.1432	8.4228	5.6257	5.6731	6.2945	7.3281	6.9265	8.3603	7.0655	8.3079	7.4734	4.8276	6.5373	7.3396	8.7211	5.0473	5.2257	7.5962	9.3788	7.7302	6.4651	4.7563	7.7445
EA_G__HEG1	6.8455	6.2128	9.9633	4.3598	7.1837	8.3098	6.562	6.4836	5.2993	6.9825	6.2301	7.5078	5.2928	5.9003	6.8884	7.6971	6.2066	6.0265	7.9313	7.4061	10.095	4.7841	4.9313	6.2316	9.1828	5.3043	8.3031	4.2267	6.6247	5.3676	7.0547	6.655	6.1362	8.4389	7.818	5.8099	7.466	8.0922	7.6151	4.0331	4.3623
EA_G__HOXC10	4.74	6.9683	8.1828	7.8332	9.4461	6.9178	5.1939	6.9379	5.1428	7.1737	8.5486	5.3777	8.2195	7.3622	7.208	7.7071	7.6059	7.2768	6.7651	7.9149	6.8844	6.6844	5.3594	4.7996	6.5243	8.4752	4.9652	8.4344	8.7743	8.7311	6.6801	6.7435	7.9778	7.779	9.1746	7.9355	8.816	8.9938	8.9917	9.3653	8.1466
EA_G__LHFP	6.1614	5.3139	5.5954	5.4274	5.774	8.7766	5.1859	7.2268	5.5358	7.5145	5.1002	7.5025	6.0825	7.0349	6.7126	5.8718	5.3806	6.8659	7.1626	5.8128	7.4787	5.8162	5.6178	4.9328	7.6395	5.7058	7.2848	5.1617	5.2191	6.2937	6.4466	7.4815	5.9507	7.0226	7.117	5.2327	5.7135	6.1764	5.4187	5.6329	5.9481
EA_G__ANKRD43	6.611	6.8985	6.8855	7.2732	7.891	6.5285	9.5979	6.4434	6.8133	6.7494	6.9246	7.5739	7.0532	6.8187	6.6032	6.7646	7.0515	6.7147	6.3477	7.0361	6.6071	6.8687	6.9376	7.4046	6.6548	6.5654	6.5435	7.2164	7.2604	7.2567	6.8754	6.8865	7.0308	6.9637	6.5943	6.7568	7.1226	8.5722	8.3917	7.0905	6.8103
EA_G__REPS2	6.5275	6.2241	6.9314	7.1806	7.7358	4.5458	8.1946	6.6843	6.0354	4.9365	8.4365	8.1252	6.6802	5.4402	5.4823	7.2127	7.2935	8.2511	4.7054	7.2418	5.2193	6.3946	6.8378	8.1829	4.8785	6.7219	5.5902	7.2359	9.1659	6.6638	6.8168	5.0851	6.4284	5.6297	5.5005	6.558	7.4447	7.3572	8.9063	6.1953	7.4236
EA_G__CA5B	6.9369	6.4488	6.1867	9.8853	7.5831	6.9713	7.9319	6.4217	6.3814	6.7546	9.6441	7.5718	6.1838	6.1346	6.8366	6.9423	8.8326	6.433	6.1952	6.711	7.0975	6.8575	7.7441	6.8363	7.3049	8.2804	6.0855	9.1757	9.2258	6.4901	6.0825	6.6733	6.6921	6.9056	6.6601	6.6108	9.1303	7.0359	6.9926	6.5561	6.3884
EA_G__MPP2	6.1691	6.2134	6.0063	5.3463	8.2711	6.776	6.3588	6.5849	5.6217	6.5627	4.9561	8.105	6.8007	6.2796	6.0538	5.9262	5.5303	5.8452	7.423	6.4743	6.5471	6.62	6.5894	8.2721	6.6649	6.0583	6.5197	5.5904	5.3955	6.0175	5.7428	5.9556	5.4923	5.7716	5.8514	5.6234	7.7935	6.9553	7.2392	5.8677	6.9831
EA_G__CADPS2	7.5792	7.7456	4.908	7.4979	5.9192	4.0964	6.4627	4.4223	5.6493	4.16	7.0315	4.4205	4.0071	4.8258	4.1246	5.3083	6.7121	3.9804	3.6804	6.6876	4.1893	5.843	6.0549	4.6595	4.342	7.6282	5.1269	5.4529	8.4842	6.1528	6.7688	4.2951	6.5761	6.4273	7.7822	6.6469	5.8467	5.8717	6.468	6.224	5.6319
EA_G__PDLIM4	6.3468	6.5293	6.2511	7.1997	6.0704	6.2219	6.1313	7.301	7.815	6.5161	6.2182	5.9288	6.1434	7.481	7.1811	6.1103	6.187	6.2728	7.7514	7.6157	7.0196	6.4254	6.4202	6.2574	5.8866	6.2572	7.9411	5.9933	8.7632	7.0234	6.5909	6.332	6.5471	8.3351	6.3504	6.1832	6.7261	6.1563	6.9223	6.2421	6.277
EA_G__SYDE1	6.3871	6.1369	6.3992	6.3616	5.8841	8.4653	5.4574	8.3258	6.6153	7.9902	5.8161	5.3023	6.2033	6.9579	7.0087	6.4074	6.1217	6.9318	8.2904	7.7112	8.9081	6.0991	6.2731	5.5612	8.7207	6.3382	8.9894	5.7382	5.0994	6.1707	6.551	8.0444	7.0048	8.2118	6.1916	5.8197	5.9689	6.0967	6.1051	6.3412	6.0907
EA_G__STAC	4.6901	5.967	6.944	4.4744	4.4739	8.7517	4.4143	8.7019	5.2245	6.8093	4.2275	4.1802	4.3895	5.9041	6.5323	7.7776	4.569	6.183	6.74	6.7671	7.8582	4.503	4.5206	4.5124	6.7276	4.6546	7.5021	4.3421	4.3729	4.7293	6.4295	4.531	5.9112	7.5436	4.6565	4.8691	4.9889	4.5177	4.371	4.5517	4.6534
EA_G__MFAP2	5.7826	6.4032	5.8835	5.9616	7.052	7.9288	5.6943	6.8463	8.2588	6.953	5.4328	7.2136	5.8401	8.0022	6.7847	5.8888	7.0134	5.9638	7.7595	6.3354	8.4242	6.1778	6.2912	7.792	7.3194	6.6679	5.8938	5.7406	5.6681	7.0369	7.0438	8.2636	6.6736	6.0061	8.6836	5.9257	6.235	6.3832	5.7762	5.8864	6.4897
EA_G__TESK1	7.8959	8.3032	8.1661	8.4928	8.928	7.993	8.7249	8.4959	8.4588	7.8626	8.4984	8.442	8.6059	8.527	8.1811	8.2056	11.6165	8.5538	7.971	8.7505	8.1073	8.3541	8.3853	8.6143	8.4285	8.7537	7.8268	9.5718	8.7004	9.3688	8.2201	7.8973	7.1274	7.8586	9.2457	8.4639	8.6664	8.1986	8.1951	9.1038	8.8505
EA_G__FLVCR2	5.4626	7.5535	5.8178	6.0793	5.5116	5.4953	5.8176	5.7567	5.4905	4.6849	6.7961	5.7686	6.7249	5.3441	5.2273	6.0838	6.3586	5.1808	6.5591	5.3062	5.2765	7.8993	7.8073	5.1212	6.1356	6.6858	5.195	6.0687	5.9393	5.4928	6.996	5.1607	5.8194	8.6946	6.6511	6.7542	5.458	6.6322	6.6091	5.2316	5.2693
EA_G__GPD1L	7.1581	8.4613	5.3985	8.9161	7.7328	6.4188	7.7827	6.2488	5.9624	6.2165	8.38	7.4073	6.0314	6.2961	6.7928	7.0246	9.6036	7.1174	6.939	6.6889	6.1596	8.6801	8.5606	7.1846	6.3214	7.8672	6.7807	8.9259	7.8841	8.5556	8.1451	6.377	7.0466	7.118	8.1813	7.3485	8.142	7.77	7.872	8.385	7.5835
EA_G__C10orf38	6.2483	5.0201	5.3839	5.3107	5.1599	8.0693	5.1925	7.2034	9.0347	6.0324	4.802	4.8767	7.5243	7.2618	6.0726	5.855	5.238	6.5257	7.1925	5.3892	7.1998	5.5845	5.4859	4.9971	8.3927	5.5611	7.5852	5.2761	4.6143	5.828	5.3883	5.3581	5.9375	7.9592	5.5203	5.343	5.5036	5.4112	5.5978	5.3111	5.3004
EA_G__RHOBTB3	6.8543	6.5474	7.4704	5.4411	6.1739	7.0789	7.5618	4.4781	5.2445	7.2688	6.5487	9.8641	7.4908	7.6615	7.8144	7.5197	6.9526	6.6402	6.8244	6.9868	7.0553	7.2886	7.6878	7.5053	6.8792	4.5866	8.0385	6.1834	8.5237	3.908	6.9359	7.1391	7.2233	7.0365	7.012	6.6676	7.2343	5.2581	7.6606	5.5109	4.7252
EA_G__C9orf152	8.4683	7.9416	3.1106	9.015	6.242	3.3253	7.5362	3.2593	3.6704	3.8201	9.6854	6.8934	3.2606	2.5096	4.7044	6.1075	7.8747	4.4017	2.9521	5.0464	3.4125	4.5846	5.7573	3.74	3.1833	7.9758	2.9212	9.606	7.4371	6.4351	7.1601	2.7658	3.7666	3.421	8.6164	7.4871	7.795	7.8891	6.4831	9.313	9.0216
EA_G__MAP7D3	5.3052	6.181	7.0881	3.7726	5.4351	8.0335	4.1145	8.2134	6.6816	7.4399	3.8649	5.2828	6.9662	6.369	7.7975	7.3791	3.9768	7.9146	7.4129	6.0423	7.4841	5.9373	6.1096	3.8188	6.9765	4.3266	8.4972	3.8711	3.6075	4.4657	5.4472	6.6247	7.5826	7.2635	4.9255	4.3312	5.013	4.094	6.2554	3.8949	6.3251
EA_G__CDC6	9.4548	11.7624	9.4197	9.1494	8.3376	8.6381	9.1355	9.6576	8.672	8.5859	8.0943	8.5798	9.0842	9.8443	9.6001	9.5457	8.6502	10.1088	9.3928	8.3432	9.6955	8.2415	8.1085	9.4974	9.7228	8.4562	10.5212	8.4294	7.7918	7.9247	11.0337	8.1653	8.0585	9.7824	8.8207	7.71	8.302	9.1214	11.7864	8.2424	8.8834
EA_G__MUC1	10.7485	9.3354	8.5583	9.6525	11.0311	8.4104	10.0109	8.1385	7.6877	7.2345	9.5962	9.4833	6.9752	6.7513	6.8465	9.0466	9.1369	6.9437	6.835	10.7156	7.125	8.9106	9.84	6.573	7.0024	11.0353	6.32	9.2355	10.806	7.2765	7.6032	7.3348	9.1411	7.2021	8.4137	9.6284	9.3378	11.5556	11.9165	10.8592	11.0123
EA_G__CACNG4	8.4308	7.5358	5.5674	8.1032	9.2906	6.8087	9.2541	5.6569	5.5719	5.8529	8.0835	9.0764	5.7716	5.8549	6.1478	7.1012	7.839	6.7572	5.5176	6.431	5.6094	9.1382	8.0995	8.3302	7.8307	8.431	5.7591	9.7756	8.0782	7.9557	7.3151	5.791	5.8689	5.7018	8.4194	7.8612	7.2037	8.0248	8.5048	5.6487	6.6438
EA_G__PSCA	8.6778	6.808	7.7485	7.4204	6.1323	6.2269	6.1241	5.9762	6.1713	6.0065	8.8023	6.0835	6.1892	6.0919	5.9439	6.6586	7.1563	6.4572	6.2267	6.4924	6.9031	6.978	6.2197	6.1779	6.272	8.5062	6.3328	9.3354	7.9842	6.881	7.2737	6.4886	6.825	6.8352	8.2749	6.7703	7.561	6.4259	6.1518	5.9503	6.0552
EA_G__NCAM2	3.816	4.1347	3.568	8.0462	8.1654	9.1486	9.8166	3.7322	3.5577	3.8641	7.8067	8.7152	4.455	5.3325	3.6916	4.4058	5.2566	3.904	3.5774	3.8887	4.4973	8.406	8.0627	7.0585	7.1285	6.3664	3.9935	8.4651	9.355	7.8803	5.3409	3.8289	3.9723	6.5092	4.9516	4.2984	5.7731	9.9927	6.3459	7.5498	5.8347
EA_G__CACNA1H	6.0676	6.82	6.0921	7.2696	9.4583	6.1214	6.1458	5.7582	6.1617	6.0673	6.1627	6.4997	7.3923	6.3318	5.8868	5.9737	6.1446	6.0735	5.927	6.2132	5.9137	8.2955	7.6072	8.1588	7.4458	8.0116	6.0461	7.8382	5.8969	6.8471	6.4679	6.0852	6.2573	6.1246	6.197	6.8889	6.8091	7.2879	8.0756	6.2936	7.955
EA_G__PPP1R1B	8.4134	6.6594	5.3146	6.1717	5.4383	5.6037	5.3093	5.3516	5.2893	5.3186	7.6849	5.235	11.3025	5.5556	5.7625	6.0975	8.6293	6.3286	5.0789	6.2257	5.3275	5.5126	5.6913	6.3638	5.0928	7.4844	5.2927	6.0823	7.2346	6.3522	6.1086	5.3644	5.6562	5.7473	6.7821	7.0415	7.6266	5.7833	7.1704	5.5376	5.6609
EA_G__C10orf81	7.8748	5.3409	5.2558	5.6113	4.628	4.0538	3.9496	7.5635	3.7336	4.3526	6.0266	3.4333	7.7894	3.8032	3.4228	6.5488	8.3648	3.7591	3.5276	7.4515	3.4179	5.9282	4.5851	3.7878	3.682	8.4565	3.6134	7.7164	10.4563	6.5682	4.3299	3.9756	4.2253	4.1294	7.9355	5.0619	10.2673	5.8601	5.5208	7.6777	5.2539
EA_G__PEG10	7.5938	8.4237	4.9697	9.4047	10.8894	9.8295	5.0635	4.9456	6.4695	8.2184	10.4563	9.4316	10.9411	8.0184	8.226	8.4791	10.7977	9.6944	8.2742	7.3161	8.5317	5.0826	4.9175	9.4605	10.6777	9.8791	8.8654	9.049	5.9308	12.1461	8.6123	8.2909	10.2006	9.5417	9.8494	5.6315	7.8759	9.1193	9.7808	6.7363	7.7367
EA_G__SLFN5	6.3551	4.5627	3.6113	7.9279	3.3937	4.6782	3.8517	6.4659	5.4428	6.1726	3.1811	3.7721	5.7445	5.5597	6.1661	8.0224	7.6382	6.6715	5.8769	5.0148	6.1858	3.8609	3.6344	3.7697	5.5046	6.4506	5.5264	7.019	6.8036	5.2233	5.1094	6.6307	6.8766	6.7561	6.619	7.6172	5.8034	6.9799	3.166	3.9379	3.9261
EA_G__ASRGL1	7.1149	7.0425	6.5196	5.6356	6.5771	6.3831	5.0036	7.3281	7.1895	6.3351	4.5902	7.1005	5.729	6.1189	6.368	5.3845	7.2684	7.2256	6.573	4.9263	5.1455	6.733	6.0474	7.7749	6.0371	6.2716	5.6172	7.5256	9.2882	6.0556	7.2998	5.8367	5.5255	5.1819	6.353	5.1111	7.3248	6.848	8.3195	5.795	5.7236
EA_G__SLC39A14	7.2392	7.0695	8.413	6.7073	6.6778	9.7325	7.094	7.6136	9.8801	8.189	7.4083	7.1434	8.5716	7.6742	7.7243	6.9608	6.898	7.8345	8.1108	6.6582	9.4612	7.1446	6.7092	6.6707	7.542	7.0018	8.3485	5.9451	7.0796	6.3629	7.3537	10.7989	7.488	8.4903	7.7988	5.7332	6.6494	7.0208	7.5143	6.2866	7.8622
EA_G__AXL	5.6804	5.1611	5.4463	5.4209	5.1827	10.2739	5.2109	9.8631	5.2949	9.4468	5.1746	4.9087	5.3032	6.6145	8.9208	6.9786	5.6583	8.6491	9.9664	5.4233	11.2512	5.5361	5.534	6.7552	9.689	6.5073	11.0247	5.0726	5.1294	6.1472	5.743	9.8877	7.8036	9.9992	5.5417	5.5984	5.7637	5.5023	5.4593	5.4104	5.3293
EA_G__LIF	8.4753	5.5574	9.0906	4.1308	5.6326	7.9653	4.2594	7.0714	6.2875	5.4033	4.3282	4.7354	5.1654	5.7753	6.312	7.6076	5.0649	8.8301	8.1927	5.7529	7.6527	5.5646	5.0286	4.1323	4.527	6.9474	8.8432	4.5779	4.9192	4.8537	5.3688	5.5197	6.3948	4.6722	4.8785	6.0052	4.5813	4.5721	6.6062	4.9532	5.9404
EA_G__LARGE	7.5776	7.6411	6.3724	8.2811	8.8172	6.4327	9.2071	5.23	7.0295	7.4912	8.5957	8.6586	7.3338	5.688	5.8935	6.4137	9.0514	5.108	4.9343	7.5548	5.6162	8.0168	8.493	8.7988	6.9842	8.3543	5.0348	9.7924	7.8886	8.0502	7.5051	6.4651	5.3077	5.0334	7.6831	7.6621	6.5147	7.7088	8.4373	8.51	9.0378
EA_G__ATP2C2	7.3612	7.1301	6.3762	8.2179	7.788	5.3497	7.7028	5.9351	5.1224	5.0997	8.4417	7.4719	5.2602	7.0346	7.169	5.8961	8.3016	6.6985	4.6332	6.8254	4.8393	8.5253	8.1187	6.7656	4.7757	7.7212	5.1175	7.5495	8.7963	7.9613	7.5787	5.4452	6.4738	5.2595	8.2752	8.3637	6.7796	7.0768	7.274	7.6677	6.6969
EA_G__ZNF512	7.3129	6.7068	6.5863	5.5243	5.8936	8.1995	7.635	5.4786	7.3626	8.0255	6.0017	6.718	3.9479	8.0701	7.3707	3.597	4.7242	7.7137	6.9084	6.3021	7.5193	6.5412	6.2445	8.0595	4.3519	6.7414	8.0706	4.2979	7.1686	6.4379	6.7135	7.693	6.7716	7.5241	3.7381	5.8198	3.9734	6.6712	7.1651	3.7222	3.8395
EA_G__ZNF584	7.2638	7.2229	7.5904	7.17	7.5318	7.5234	8.223	7.558	7.9181	7.1892	7.2934	7.8765	6.7868	10.1631	7.7928	7.8227	7.1198	7.7432	7.4669	7.2983	7.8451	7.3141	7.6332	7.5738	6.8794	7.3734	8.1254	7.5538	7.5559	7.6517	7.4018	7.4411	7.2864	8.1679	7.2347	7.1702	7.2589	6.9203	7.4051	7.362	7.5289
EA_G__NUPR1	7.623	6.8844	7.3888	8.3409	5.8831	7.217	8.2699	6.308	6.205	7.7097	7.5236	6.4053	6.3374	5.9057	6.0186	6.5507	7.4957	6.1895	7.3003	8.2083	6.6856	7.4375	6.152	5.6338	5.9458	6.6051	5.727	7.9059	8.8506	8.5515	6.9661	8.2408	6.7378	5.8168	5.8454	9.4081	7.3405	8.6668	7.5702	8.0146	5.9202
EA_G__MB	5.5817	7.1763	6.3524	7.2958	5.4405	5.2965	6.4939	4.99	4.7298	4.5217	6.6331	5.3755	4.4841	4.3542	5.2556	5.9544	8.1329	5.7617	4.0266	5.7767	4.4095	5.9646	5.6589	5.4337	3.8807	7.0531	4.2898	7.3515	7.1651	5.9651	7.5111	4.3969	4.8076	3.9391	5.781	6.2852	6.3506	5.5164	6.4085	7.0086	6.8752
EA_G__PELI1	5.9647	6.6992	7.8396	5.8345	5.9866	5.4567	4.6227	8.9332	8.9104	7.3857	6.6035	8.0533	8.0148	7.0929	7.9337	7.2112	6.9788	7.5129	7.2449	8.2749	6.8893	6.478	5.1032	8.3341	8.8709	5.3363	7.2298	6.4351	6.7005	4.5744	6.6792	5.746	6.9879	5.8423	7.0353	6.5437	5.4903	6.1422	7.253	5.8788	5.7152
EA_G__CRIP1	8.4336	5.31	5.3267	9.7731	11.423	5.334	5.4641	5.3474	8.9387	4.8935	11.7544	5.561	8.2598	7.0206	5.2656	5.5827	5.8054	5.3255	5.4495	8.2606	5.0561	5.5382	5.4859	9.0144	5.3967	8.9139	4.9174	9.2424	6.8474	7.5698	5.9588	5.2163	8.9972	5.2167	5.7411	6.8932	5.2574	9.2766	9.2825	9.7626	10.5449
EA_G__WWTR1	8.5062	8.2368	8.9816	6.8254	6.4282	9.2967	6.3017	9.5252	6.9849	10.1663	7.4681	8.7618	8.6822	9.1395	10.0926	8.6425	9.9261	9.4158	10.9385	9.7446	9.7977	7.4116	7.6245	5.7242	8.8946	7.0799	9.0873	7.4909	7.9722	7.2931	7.9894	10.0168	8.4116	7.8581	5.6614	7.8051	9.2749	8.2689	8.4534	7.9319	6.0988
EA_G__IFITM2	5.3739	8.1147	8.6662	4.5415	6.3829	5.6913	9.7787	6.9494	6.8828	6.0732	7.5634	4.3513	5.6822	6.9007	5.7363	8.7488	8.5305	6.9633	6.0781	6.7589	8.3159	7.8884	7.9178	7.9177	7.2315	7.7071	8.1399	4.9329	7.5251	7.3216	8.6769	8.4727	9.0183	8.8473	4.1599	6.8976	3.989	8.3218	5.5089	6.9544	7.8599
EA_G__AR	6.9661	7.0617	5.1747	8.3549	6.7735	7.5162	9.0105	5.0413	7.5879	5.2557	8.4454	7.9054	5.3141	5.6306	5.044	7.7099	7.6659	5.4751	5.0709	5.6657	6.2381	7.3953	8.2357	6.7372	6.0964	7.7378	5.2134	8.7813	9.1804	9.5757	6.2873	7.595	5.6012	6.2466	9.2337	6.7197	5.6023	7.7766	6.883	9.3152	6.1824
EA_G__XPO7	8.5499	8.1521	9.1879	8.441	8.0038	9.1217	8.3196	8.2448	9.2044	8.3067	8.6677	8.1523	8.4557	7.6985	8.194	8.0059	8.5117	8.7745	8.3272	7.316	9.0734	8.2715	7.7554	10.9542	7.5707	8.2995	8.812	7.6431	7.8666	7.8212	8.0921	7.8502	8.291	8.4653	8.4306	7.0594	7.6009	8.1521	8.2975	8.6333	8.9366
EA_G__ZDBF2	6.4609	4.0093	7.191	4.3795	5.2227	4.1504	5.6366	7.521	6.6376	4.0996	3.6749	4.0049	7.2764	7.507	7.4754	5.2557	4.0831	6.3681	5.7993	4.5643	5.6345	5.0182	4.1935	6.764	7.8693	5.6254	6.6516	5.4922	4.0637	4.618	4.239	4.0801	7.2589	6.2425	6.5261	4.0978	7.2216	4.976	5.4728	5.4875	6.1062
EA_G__HIG2	7.7193	10.3182	7.6916	9.7982	8.3094	7.1806	8.8925	6.8114	9.2443	7.6533	8.9429	8.8777	8.7612	7.0476	7.034	6.886	9.728	7.6702	6.7164	7.1713	7.7054	9.4173	8.7386	7.9982	7.3557	9.539	7.2633	9.5566	8.4201	8.6189	9.6608	7.134	7.2611	7.6784	8.9239	8.0475	8.4674	9.1108	7.9012	8.5845	8.2687
EA_G__IL1RAP	6.0265	6.1281	5.6928	5.4285	5.2318	8.5605	4.6479	6.7741	4.9606	7.2732	3.5927	7.4711	5.7043	6.6493	8.9711	7.6073	4.5118	7.8827	6.5759	7.4222	7.2679	5.1662	5.7594	7.1111	7.1611	5.4991	5.5669	5.644	6.3766	5.4108	6.8384	5.0218	7.8395	7.5739	5.2868	5.9127	6.7854	6.5759	6.5869	5.6948	5.1088
EA_G__PRSS8	9.6655	9.4021	8.6396	9.1182	9.8896	5.839	8.563	7.0852	9.3449	5.6234	9.9989	8.7449	9.0331	7.2019	7.5485	8.8439	9.5767	7.8573	5.7101	9.9771	5.7054	9.0099	8.9593	8.5698	5.822	9.4326	5.9163	9.2733	8.5573	8.7847	9.0995	6.067	7.8782	5.7102	9.9436	9.4381	6.9483	8.2088	9.2864	8.4567	7.7295
EA_G__ALDH4A1	6.6137	7.563	7.3057	9.6464	7.5347	6.4231	8.4263	6.2446	7.1993	6.1997	8.3781	7.28	7.0017	6.8621	7.236	7.2316	8.1332	6.577	6.5174	8.276	6.5183	7.8706	7.9981	7.9767	6.5559	8.9964	6.44	8.6197	7.9773	10.1902	8.6634	6.6103	6.757	6.4059	8.2904	6.8675	7.3929	8.1326	7.6348	9.4543	7.8978
EA_G__PRODH	7.1166	8.5848	5.3758	9.6968	6.5807	5.2856	9.8394	7.3753	6.3146	5.293	9.9249	7.0011	5.3203	5.7339	6.3419	5.347	9.6035	5.5817	5.3378	5.6238	5.3479	6.1188	5.8214	6.8612	5.7096	10.3624	5.3603	10.5759	10.8014	10.6464	6.5433	5.7008	5.7056	5.2411	7.8362	10.5858	9.7075	7.7263	6.2829	10.3923	9.6963
EA_G__COBL	6.9315	7.3722	5.5295	7.4904	7.3429	4.9504	7.2341	7.084	5.6151	5.0062	7.6344	6.6659	6.0049	5.1724	6.0185	6.5425	6.9815	5.7516	4.7727	5.2075	4.9245	6.4901	6.7704	6.272	4.8492	6.4282	5.0952	8.0264	8.5046	6.01	6.9633	4.8804	6.3035	5.1492	7.1308	7.9556	6.8173	6.8655	7.2664	7.0127	7.0229
EA_G__LTBP2	6.4939	5.7345	6.5526	5.8484	5.7214	5.8612	5.9966	7.2573	9.4343	6.9893	5.5716	5.7214	6.0676	6.8141	6.828	6.5184	6.3254	6.36	8.5798	6.1362	8.6763	6.3948	6.1604	6.2484	8.5092	6.593	6.5464	5.7252	5.5235	6.3771	6.142	7.3028	6.7043	6.306	6.5798	6.8782	6.3072	6.3083	5.977	6.2503	6.0799
EA_G__CTNND2	5.4629	8.1316	5.8497	7.5316	6.6776	5.4046	7.6145	5.578	5.923	5.2439	7.9285	5.2685	7.2004	5.5369	5.2641	5.4163	7.6463	5.6685	5.1254	5.7386	8.1424	7.963	7.877	7.7465	5.4372	7.0886	5.2979	8.3406	8.2045	7.5643	7.5688	5.3627	5.7529	5.5902	6.5579	5.7347	5.943	5.4129	7.3165	6.9607	6.3814
EA_G__AGPS	8.9363	4.5517	9.653	7.2311	5.8532	8.6021	7.7053	9.7677	7.5441	8.9797	8.0721	7.7352	8.2133	10.1761	9.4607	8.6283	8.5532	9.0848	9.1475	8.4572	9.3307	3.0191	3.3336	8.3692	9.0361	7.3817	9.4937	5.9847	8.784	6.8236	5.0358	9.7549	8.9906	9.4369	8.3386	7.3149	7.8151	3.4863	7.9964	4.0977	5.1068
EA_G__COL4A2	6.36	6.061	6.9582	5.9927	5.6818	9.1358	5.6938	8.5657	5.8659	8.1435	5.706	5.736	8.5431	8.8082	7.6081	6.3498	6.3447	9.6397	9.1724	6.1702	9.4784	6.189	6.2593	5.9015	11.3453	6.2475	7.8284	5.8093	5.7943	6.9666	6.5292	6.5386	8.0359	6.3432	6.0159	6.3401	6.3543	6.1933	5.9988	6.2438	5.8257
EA_G__MFGE8	7.6741	6.2973	7.9092	5.5622	6.729	7.8529	5.5358	8.7195	9.3836	9.1562	5.2872	6.4602	8.088	6.5464	6.5045	7.0548	5.6676	7.9345	7.665	8.5882	8.5229	6.1542	6.729	6.9641	9.626	6.8217	8.7395	6.6203	6.5256	6.2627	6.3128	7.3457	8.2244	8.164	5.8954	6.711	7.0257	6.2964	8.3133	5.7129	6.0856
