Cell lines	AU565	BT474	BT549	CAMA1	HCC1143	HCC1187	HCC1428	HCC1569	HCC1806	HCC1937	HCC1954	HCC2185	HCC3153	HCC38	HCC70	HS578T	LY2	MCF7	MDAMB134VI	MDAMB157	MDAMB175VII	MDAMB361	MDAMB415	MDAMB453	SKBR3	SUM1315MO2	SUM149PT	SUM159PT	SUM185PE	SUM225CWN	SUM52PE	T47D	UACC812	ZR751	ZR75B
Response	-1	1	-1	1	1	1	1	1	1	-1	-1	1	1	1	-1	-1	-1	-1	-1	-1	-1	-1	-1	1	-1	1	1	1	1	-1	1	1	-1	1	1
U133A__FAM46A	7.9312	6.4989	10.377	6.3097	7.2304	7.6133	5.9835	7.5642	6.5371	6.9581	7.4695	6.0447	7.5333	7.0531	7.658	7.6747	7.1067	7.8607	9.2415	8.8317	7.2835	7.8299	6.9538	7.1539	6.7306	7.5647	6.494	6.2832	6.2753	7.3458	5.9477	6.1602	7.6666	7.0118	6.554
U133A__CTSL1	7.8217	6.5576	9.757	7.4496	7.0288	6.4798	6.048	6.8949	7.4235	7.4542	8.3773	6.2641	7.0943	8.2269	7.8047	8.3916	7.4346	7.6	8.0089	8.9738	6.7347	7.8617	7.5577	5.7749	7.5965	10.5886	7.5244	7.4769	6.9951	6.5554	7.7098	6.1703	7.8203	6.2306	6.448
U133A__IFI6	6.1205	5.4451	5.5759	5.5314	7.4325	7.2127	6.6375	9.9393	6.0926	8.479	8.4356	5.4425	5.726	6.5632	8.5826	6.9663	5.9167	7.0966	7.5224	9.0873	6.7666	6.2391	6.5746	5.8892	5.4492	6.297	5.3162	5.104	5.1714	8.6501	5.6316	5.4146	6.5746	5.244	4.6725
U133A__LGALS3BP	10.7587	6.8374	5.5015	5.9501	6.8983	9.4753	6.0083	8.5182	9.7275	9.2218	9.6623	6.1882	8.7212	6.2656	8.7227	7.8311	6.3716	8.3363	9.0032	8.0311	9.2918	9.1628	8.5284	5.3794	10.3399	6.2185	6.111	8.9061	8.3914	9.4645	6.7879	6.6375	7.1967	6.2108	5.9943
U133A__PPP1R3C	5.3831	6.9823	7.049	7.3675	5.4099	5.1707	6.4353	5.3367	5.5783	6.4418	5.2825	5.6056	5.5377	6.2115	6.2363	5.8868	6.9161	7.2075	5.7518	6.3184	8.2775	6.6878	8.1684	5.5832	5.8696	5.6742	5.4275	5.9204	6.3529	7.8932	5.4165	5.5653	8.3111	6.3951	5.2313
U133A__PHLDA2	8.2473	4.3806	3.5057	6.7397	5.2006	4.2696	5.6983	5.0851	7.219	6.1805	8.3388	5.2793	7.7485	7.1033	8.0232	8.1311	8.3743	6.4542	8.5457	8.4178	8.7775	6.4911	7.7236	7.0746	6.4241	2.9468	8.0806	7.9463	6.2623	7.5742	6.0942	4.5074	7.5556	5.036	8.6972
U133A__SLC22A18	9.8466	6.9283	6.2391	7.5694	7.2846	6.1165	7.0052	7.1159	6.0673	7.2986	7.5464	7.0656	6.8706	7.6326	7.6014	6.6027	7.2144	7.285	8.8137	8.6316	8.4775	7.087	8.9262	8.4863	8.4106	6.5985	7.3737	6.3947	6.8661	8.755	6.9685	7.2273	7.5805	7.9351	8.1929
U133A__IRF9	7.2426	6.4215	7.6644	6.1171	8.3291	8.6936	7.7642	7.5971	6.2636	9.3201	8.0265	6.8795	7.5318	7.4596	9.766	6.7956	6.2872	7.9939	8.6157	7.9128	7.9232	7.5838	7.5909	6.9253	6.1693	6.8573	6.9026	6.0417	6.8427	10.2102	6.3509	6.8277	7.4402	6.3875	6.0362
U133A__QPRT	9.4457	7.4417	5.6007	6.3278	5.4435	5.1401	7.275	7.3774	5.6756	5.5612	6.3718	8.0511	8.7061	7.02	9.2734	5.9733	7.4239	8.1142	6.9332	8.6614	7.115	9.1192	8.4536	6.314	8.5981	5.9379	5.4969	5.6873	7.2077	9.2223	6.3381	7.7665	8.9526	8.0018	5.6556
U133A__CTSD	9.5957	7.1763	6.9866	6.4872	8.2899	6.7151	7.5811	7.2047	7.275	8.3106	8.6724	8.1006	7.8089	7.6112	7.4579	8.1864	6.5121	10.1375	8.6215	7.6491	9.6629	8.6821	8.955	7.1412	9.2908	7.8084	7.3249	7.2014	8.1671	9.185	8.7805	8.9881	10.763	7.1248	10.2609
U133A__PLOD2	7.3206	4.5369	9.2988	4.8502	6.7221	4.8014	5.6396	6.5382	6.0955	7.4393	8.281	4.2286	6.6365	8.4281	8.6329	8.0595	6.0565	7.9788	4.0323	7.7046	4.7658	6.5491	6.0127	5.6189	6.3062	5.0164	7.6348	5.9357	4.2051	7.5965	4.8868	7.4106	8.3946	5.5846	6.5638
U133A__PSMD6	8.6993	8.3642	9.7455	8.3163	8.2829	8.6801	8.2862	8.5112	8.5596	9.2404	9.5267	8.3989	8.7111	8.5784	8.739	9.7554	11.9775	12.0073	9.7716	8.8803	8.9574	9.3167	7.7253	9.076	8.5109	8.6482	9.3608	9.6836	8.4333	8.8076	8.7697	8.7334	9.082	9.3153	9.1403
U133A__CAMK2N1	9.1459	8.3458	5.1483	8.6556	6.3505	6.2577	8.6715	6.6419	7.179	7.922	9.9631	8.3152	6.6618	7.3195	10.0484	8.0878	9.553	7.2483	11.0058	7.6561	10.238	9.2583	9.8342	9.6245	9.5868	5.7111	9.1636	7.9183	9.6719	9.5142	9.8937	8.0816	9.4807	8.5041	6.3299
U133A__HSPB1	11.9878	11.1392	10.9092	12.4619	9.7586	9.4377	11.9863	10.4327	9.9008	11.9422	9.7152	7.6241	10.821	9.9102	10.7294	10.9497	11.5674	12.3547	11.3351	10.3616	12.8993	11.75	11.1248	7.7425	11.0928	10.9232	10.4221	10.3461	8.3736	11.3463	7.4763	12.0345	11.6336	10.7593	11.8178
U133A__DENND2D	7.4556	5.7265	4.6513	8.6196	5.5103	5.2798	7.1097	6.1298	6.2403	6.9926	5.5069	4.5585	4.9996	6.5644	7.7754	5.2324	7.2123	6.653	7.6433	4.7386	6.6939	7.1371	7.3444	6.518	7.5157	5.1945	4.5415	4.1664	5.338	7.6249	7.0955	6.6906	6.9624	6.7653	6.5483
U133A__GPX3	9.0183	5.5135	4.9768	5.1272	5.336	5.1537	5.6824	5.2059	10.7091	9.8148	5.1904	5.1354	4.915	8.2448	5.1519	5.5082	6.7269	8.0376	7.1621	6.4045	5.4796	7.9306	6.3995	5.279	6.6626	5.822	5.4196	5.2433	5.3233	8.3076	5.3369	8.1058	8.2524	5.1073	5.1281
U133A__CARD10	6.6189	6.0074	7.1832	6.9806	5.8013	5.447	5.0291	6.8955	7.94	6.4404	6.6995	5.3041	6.1251	5.6387	6.8007	8.2432	6.0254	5.8035	6.6709	6.9111	6.3909	6.2227	6.8504	5.0682	5.6466	5.2563	6.1299	5.5845	8.1902	6.3387	5.6863	5.8941	5.8825	5.1234	6.1903
U133A__STAT1	8.0289	7.5388	8.2815	6.9856	7.9112	8.6978	8.049	8.3459	9.0902	10.2397	9.0231	6.7996	7.7738	8.9201	9.7459	7.9713	8.0961	8.2953	8.929	8.9037	6.852	8.2216	7.4767	7.903	7.4653	8.244	7.9746	7.4368	7.4307	9.7004	7.3811	7.3093	7.9471	7.2797	7.4195
U133A__SEC61G	9.9714	9.9555	9.7191	9.3436	9.2891	9.1685	9.0797	9.307	9.1404	9.384	10.4118	9.5545	9.391	9.2193	9.7252	9.9294	8.6226	9.2965	9.3635	10.5693	9.6316	9.2158	9.4255	8.1628	9.8319	9.3159	9.8102	9.4178	9.1856	9.6672	9.4634	9.3168	9.9133	9.4621	9.7422
U133A__RARRES3	9.4968	5.5572	5.0381	5.4944	5.277	9.0935	6.0281	5.4879	6.1373	9.54	7.6356	7.8721	5.3288	7.4354	9.2101	6.0114	5.3198	5.0877	8.4487	8.6168	6.2465	5.3185	8.767	4.7062	6.5872	5.4085	5.0522	5.5527	5.5433	9.1235	7.481	6.2309	9.4509	5.626	4.9116
U133A__DEPDC6	5.651	7.3238	5.3355	6.1073	6.4586	5.8382	6.8016	5.4454	5.018	5.9569	5.7007	7.0469	5.6039	5.2684	6.8221	7.3107	5.2826	7.2091	6.8144	6.7692	6.3997	8.2562	7.3802	6.37	6.1324	5.3696	5.477	5.4188	5.853	8.0495	5.8502	6.5351	7.6139	5.8068	5.7792
U133A__GNE	5.3076	5.2581	6.5008	5.4021	5.967	4.4695	4.7172	5.5494	5.0627	6.9256	5.3405	8.1098	5.192	6.4608	8.5545	5.9888	4.7223	4.7803	5.7832	7.899	6.9789	6.856	6.3987	5.8493	4.9721	5.7542	5.3722	5.1636	3.8687	7.4947	5.399	4.9661	6.9006	6.238	5.4946
U133A__SLC29A1	6.4061	6.9671	6.072	8.2586	7.3036	6.0298	7.3864	7.595	6.5218	5.9948	6.6417	6.6939	6.8846	5.7294	5.6648	6.0583	5.899	6.6256	7.2738	5.1861	6.2051	6.5509	7.0954	6.9551	5.7701	7.0758	6.8399	7.6483	5.4986	6.1302	6.2922	6.6821	7.5611	7.1754	7.0177
U133A__LPCAT1	8.9611	9.6749	7.2521	7.0423	7.74	6.6152	6.6098	6.6442	7.3353	6.5708	10.0197	7.112	7.373	6.9475	7.7542	7.1383	7.6529	8.2705	7.4954	7.1965	7.3813	8.3462	6.6051	6.3507	8.3357	7.0926	5.9251	7.5598	7.3431	6.6121	7.2444	7.0242	8.9573	6.3502	6.8462
U133A__G6PD	10.257	7.6085	8.511	8.3055	7.1968	6.9496	9.2814	8.0679	9.3686	7.6264	10.5808	7.7827	8.1939	8.8272	8.4124	9.0366	10.2266	10.4884	8.2878	7.8584	9.4783	10.8347	8.9439	11.0569	9.6004	7.0779	9.3761	8.2127	10.0446	10.6344	8.6083	7.5745	8.9033	8.575	9.736
U133A__FAM174B	7.039	7.2556	5.5542	6.0659	5.9859	5.9155	6.0452	5.895	5.4407	6.3246	6.3647	7.2938	5.6754	5.7021	6.1376	6.1391	6.7886	7.0665	6.8153	5.7914	7.8239	7.5637	7.1023	6.5758	6.7257	6.0008	5.608	5.8132	8.5023	7.6422	6.56	6.7379	8.822	6.8445	6.1006
U133A__DHRS2	11.0353	9.9415	5.6319	3.4445	3.8597	3.4835	8.886	3.8089	4.3762	6.9515	3.9461	5.3919	4.6408	6.2546	3.3749	9.8464	9.1799	6.4362	3.6246	3.8142	9.5706	10.9648	4.9896	3.8658	11.0403	3.5322	5.7199	3.7635	4.1461	7.0288	3.9059	4.3709	4.7984	6.5961	4.5859
U133A__PAPSS2	5.8816	5.3602	6.6711	3.8394	4.8937	4.6984	3.9281	5.1435	5.5366	3.971	6.3733	4.9065	3.897	5.6995	8.2559	6.008	6.3637	6.5578	3.9412	7.408	6.6677	6.8324	5.2034	4.2712	5.4182	4.7146	5.0383	4.0733	11.0443	7.0197	7.4545	6.4273	9.8404	8.3648	5.2131
U133A__CEACAM6	9.4214	10.8388	4.9611	5.2365	5.2078	4.8552	4.8702	5.0137	6.169	7.6943	7.9434	9.7564	6.0992	4.9348	7.757	5.6867	7.1518	7.4223	4.6502	4.7137	7.7183	10.5666	10.2236	4.9072	5.7482	4.7969	5.0174	4.96	9.9143	11.0544	6.1476	5.309	10.9951	6.6025	5.6763
U133A__SLC12A2	7.0721	8.1968	6.6955	7.2458	6.6463	6.6633	6.7385	7.2896	7.4138	8.0077	7.9024	7.6004	7.1788	6.4072	6.7053	7.944	8.54	8.2854	7.0651	6.5537	8.7772	10.0865	9.2415	7.9819	6.782	6.9139	7.3307	6.6781	7.7796	9.7845	6.9059	6.7363	7.6067	6.5298	7.0343
U133A__LY6E	9.5357	9.4498	7.4881	8.6046	9.6208	8.1823	7.094	10.4748	8.1025	10.8174	9.4792	9.1314	8.5848	7.4401	9.2918	8.6573	8.4491	8.9779	8.4527	9.2958	11.0628	9.5073	8.8492	8.8044	8.6974	6.3992	8.3921	7.15	9.6714	10.6976	10.3601	8.581	10.4302	7.4261	8.5009
U133A__GAL	5.0145	5.1247	4.3321	5.1451	5.9986	7.9881	4.8284	8.7914	9.0261	6.4929	5.9047	5.3813	8.2046	6.7009	4.1139	4.7831	6.4596	6.1713	4.3119	4.8966	4.9348	5.308	4.7313	4.5764	4.8875	4.9972	7.4613	5.5538	4.7111	4.4203	4.6807	4.7853	4.9327	4.9922	8.7476
U133A__MRPS28	9.9042	7.5316	7.9969	7.3016	6.5708	6.7955	7.8601	7.7391	7.601	7.6137	8.4394	7.0749	7.9765	7.4404	7.147	8.4855	7.6176	7.205	7.5394	8.3022	7.1794	7.6379	6.1268	7.3831	9.5315	7.0449	7.5931	7.2521	7.0073	8.2577	7.2485	7.3465	7.3301	7.2016	7.5669
U133A__COL1A1	4.5017	6.7347	11.3634	4.9378	5.8092	4.8212	5.5465	4.0655	4.7173	4.1605	3.5882	4.5906	7.139	10.8683	4.5265	10.6014	3.8974	5.0738	5.193	10.155	4.7577	5.968	4.0965	6.6127	3.9594	11.1959	5.4949	8.7142	5.5253	4.1782	4.3818	5.6643	3.9736	5.6976	5.9443
U133A__TMEM97	7.4968	8.0862	8.169	8.1593	6.9567	8.4639	6.6066	8.3934	7.6408	6.7473	7.9736	7.4076	7.1745	7.9142	7.8347	7.7135	8.5816	8.5359	9.5737	7.8827	8.5164	7.8895	7.5503	8.4304	7.6014	6.1747	7.2433	7.5153	7.243	10.8166	6.1129	8.4702	9.4899	6.622	8.3972
U133A__DERA	5.9419	6.1925	6.0295	5.272	6.1059	6.7801	6.0139	6.0557	7.4637	8.1627	5.6616	7.1835	7.0636	6.7477	7.7884	5.9393	5.0626	5.592	6.2087	5.1167	5.362	7.2845	4.8626	5.9168	5.1172	5.9513	8.5474	6.6315	5.7685	7.1535	6.6148	8.9576	5.3098	7.4364	7.1865
U133A__GOLM1	6.9699	6.1436	7.6162	6.9619	6.097	6.8168	4.7724	7.2941	6.293	7.9946	8.2171	10.0582	6.9203	7.2777	7.3807	6.7465	6.279	5.3774	8.0129	7.4232	8.809	5.4568	9.5048	5.0972	8.7597	7.0625	7.1676	7.1221	8.1662	8.2527	8.4265	7.2974	10.2189	5.9218	5.7551
U133A__MREG	7.4837	7.3162	4.1264	6.9158	4.9852	4.4452	7.6384	6.6941	7.6708	6.2989	5.9287	7.3828	6.2187	6.2332	6.664	4.6508	8.3801	8.8786	8.0033	5.5713	7.5852	8.2337	7.7519	7.482	6.9532	4.3075	6.558	4.6489	4.8388	7.7298	7.2458	7.0424	8.2713	6.0785	6.4466
U133A__UGDH	6.7529	6.8611	6.321	6.038	5.7267	5.769	5.2899	5.8534	7.6982	5.3336	7.1465	7.0645	5.7286	7.0553	6.1708	8.5648	8.4522	8.6115	7.238	6.6717	6.9367	7.7434	7.2057	6.0354	5.8508	6.5282	5.6305	6.2732	8.5917	6.1272	7.3335	5.1217	7.0978	5.2124	6.2117
U133A__OBSL1	8.9967	7.8813	7.8676	6.4196	6.992	7.3861	7.9661	7.1877	6.5112	6.835	7.0874	9.4103	5.8645	7.4016	7.6103	5.0045	8.8911	7.6113	6.4547	7.3043	7.8238	8.0171	7.5013	8.824	7.9762	6.5707	7.5554	5.2249	7.6849	9.4082	7.1551	5.7054	8.0534	6.569	5.8275
U133A__PRSS23	5.4853	8.4008	9.9102	5.5107	7.4397	5.5115	5.7252	5.5945	7.232	6.9689	9.8261	5.7029	7.9914	8.8022	6.7675	9.852	6.9924	10.2697	8.1702	8.9105	7.1933	8.6069	9.4771	7.3663	5.7526	7.4374	7.5463	6.9637	5.8492	7.1078	9.4805	5.6639	7.6318	5.4985	5.4614
U133A__NMU	4.1757	4.3252	4.1752	4.6813	8.636	7.3185	5.2777	6.318	7.1706	9.1284	4.9977	4.242	7.6872	6.8751	4.3367	4.0377	4.0093	4.3863	4.6474	5.4827	5.9742	6.7082	4.4051	6.521	3.9427	4.1099	7.0073	4.7095	4.1234	7.0702	6.565	6.9468	5.598	7.6505	8.6929
U133A__BAG3	8.6391	6.253	8.3813	9.003	7.9982	7.4648	11.0007	7.1423	9.6167	8.4159	8.6065	7.5275	8.5037	7.9374	8.6106	8.5739	9.9299	9.2509	8.7854	8.1334	8.0965	9.1869	9.7985	8.0433	8.1213	9.3118	8.3239	8.7457	7.9336	8.2314	8.2817	7.725	8.5901	8.0945	8.6739
U133A__GSTP1	5.9505	6.0305	9.0029	6.4265	9.802	10.165	6.0055	9.9335	10.5334	5.7453	6.4435	9.7716	9.4364	8.9042	6.7726	8.5415	6.0689	6.0078	6.0434	8.826	6.3304	5.9938	9.6938	6.2589	7.3166	9.2902	9.987	9.2485	10.4558	5.822	5.7574	6.2469	5.6179	5.9376	5.7957
U133A__ABCC3	6.3802	8.3655	6.1449	5.6793	6.2483	5.9088	6.1385	7.0839	6.7611	6.6307	6.1827	7.0465	6.1176	8.2582	6.1346	6.2558	7.3609	6.4042	6.7686	6.7769	9.4899	8.1698	8.4291	6.7496	6.5224	6.1021	6.8492	6.7801	6.0395	8.2946	7.6244	6.1232	7.6603	6.0687	5.6685
U133A__SDC2	4.4758	5.471	4.5404	5.3484	10.2929	6.6377	9.2915	8.7747	4.4879	4.6024	4.7327	9.7014	7.0364	7.5149	4.7632	8.8181	4.7019	6.728	7.8196	9.0147	5.4896	4.4419	4.9399	5.0457	4.8889	6.2214	4.7253	5.4138	6.0161	4.8645	4.9022	6.7886	5.683	4.8569	6.2833
U133A__CLU	9.6574	8.3959	8.5782	9.8983	5.8172	5.9712	9.1287	6.7046	7.4377	7.591	6.1048	10.3969	8.8984	8.0404	5.3966	7.3871	9.4302	9.0676	9.8273	8.1812	9.9721	9.5532	10.0333	8.4353	10.2838	7.7568	5.1932	6.4965	7.0545	9.8177	8.4618	11.489	9.9508	8.2621	5.8636
U133A__SLC16A2	6.5875	6.6207	8.4154	6.3737	6.3528	5.8648	6.3431	6.1795	5.906	6.0403	7.6963	8.9505	6.0496	6.2589	6.7398	7.4172	5.6067	6.407	6.8717	6.5314	5.6734	6.4926	8.2316	7.1655	7.2201	6.0533	5.9928	6.126	5.6637	6.4509	6.8085	6.0254	6.5951	6.8485	5.9475
U133A__ZNF217	7.5835	7.8014	6.3906	7.2507	6.639	6.8205	7.0884	6.5128	5.7742	6.7022	5.9938	6.8491	6.55	6.4752	7.1567	5.4451	7.5959	8.0458	7.2063	6.4752	8.3299	7.3471	6.1379	5.9462	7.1079	5.8327	5.9423	5.1742	6.4352	7.3122	5.7603	6.5379	9.0439	7.9256	7.0191
U133A__CAPG	6.09	5.3709	8.3836	5.7225	7.9746	5.6088	5.5312	7.3005	6.7155	9.1021	6.3692	7.1039	6.072	8.3187	9.6081	9.0181	6.5195	6.2756	5.7657	9.0276	6.0225	6.1538	8.8725	7.2494	7.4471	10.9442	8.9883	6.6338	5.9754	7.3477	5.5005	7.4246	7.8751	6.1978	5.8745
U133A__VOPP1	8.9	8.5874	9.115	6.7288	7.8547	8.4462	8.1704	8.7079	8.1822	8.5	9.3412	8.1654	8.6527	8.625	9.6986	9.4578	8.491	7.8327	5.7953	8.7511	8.4591	8.6993	8.6485	6.2355	8.0525	8.391	9.1371	8.7429	8.9762	8.858	7.9485	8.3646	9.5798	7.1938	8.6987
U133A__GSTM3	9.9259	9.4319	8.1387	11.2723	7.3368	5.4105	9.6692	8.0063	8.8447	9.2218	7.8898	6.2024	9.0328	10.1601	8.6205	6.615	8.9141	10.139	11.697	9.2361	9.8598	10.802	10.9899	4.8628	10.3404	9.0037	7.5544	5.2365	5.819	10.9552	11.8676	11.191	6.6298	5.4191	4.9216
U133A__TPD52L1	7.9725	7.606	4.9533	6.9205	7.7398	7.015	9.1963	6.7747	6.7627	9.2769	7.7655	7.331	7.9275	6.0534	8.7119	4.9874	8.7672	9.101	8.1636	4.4448	7.2668	8.9955	10.0234	6.5342	8.4437	4.5276	7.166	5.6365	8.1106	8.9222	9.7928	8.0223	8.0755	7.4465	7.8597
U133A__DERL1	8.3416	5.9092	6.0889	5.9957	5.7088	5.9916	7.7607	5.6934	6.8211	6.503	7.2959	8.4643	6.2926	5.7426	6.9287	6.1283	6.7508	6.2364	6.6886	6.4555	5.8625	5.9146	5.5712	5.5019	8.4292	6.1425	5.7119	5.7651	6.4365	6.9492	7.6148	6.2023	6.4948	5.956	6.161
U133A__SHB	6.8733	6.1711	7.2606	6.1796	6.4954	6.4016	6.8149	6.1061	7.1242	6.5164	7.1248	9.4468	6.3557	7.5118	8.0176	6.6858	6.4005	6.5346	6.4142	6.7529	6.5025	6.3874	6.546	7.5095	6.2702	5.2957	5.9911	6.1421	7.0421	7.0962	6.027	6.3154	6.456	5.9912	5.9384
U133A__SDF2	7.8829	7.8306	7.654	7.6603	7.7701	7.4071	6.8821	7.8707	7.3082	7.6121	8.0018	7.3506	7.6774	8.1304	7.2951	7.6302	7.522	7.5795	7.8303	7.9851	7.4936	7.9517	7.635	7.3677	8.152	7.4198	7.2358	7.2845	7.5697	8.1691	7.5493	8.2573	8.6775	7.5268	7.6639
U133A__IL6ST	7.0793	5.4211	8.125	7.0206	5.2974	6.534	6.7419	6.7623	7.3269	7.0733	6.731	6.9801	7.0261	7.9029	7.3889	8.7535	5.2886	5.2522	9.4937	7.2806	7.1899	7.6621	8.1222	3.4946	6.5663	6.341	6.8491	8.4642	6.1815	7.4497	7.8678	7.8973	8.0668	6.8129	6.5801
U133A__WSB1	8.2551	7.3675	6.8786	5.492	5.8212	7.4104	5.3262	5.914	6.7034	5.8728	6.6474	6.0542	6.0579	7.2149	6.6716	5.7828	5.4442	7.4005	6.4023	7.1279	6.0259	6.9722	6.3978	6.2506	6.6178	5.9927	5.4897	5.5857	7.1261	8.1811	5.8337	6.0556	8.813	6.2851	6.3934
U133A__TSC22D2	6.555	6.2358	7.2597	6.4885	5.8246	6.053	6.8661	5.6752	7.1136	6.8426	6.7639	6.0701	5.5327	8.1915	7.3849	5.2765	6.721	7.2701	5.9181	6.4636	6.4781	6.5618	6.7302	5.7727	5.0045	5.4239	5.5303	5.0904	5.8154	7.1069	6.3707	5.3398	7.9903	6.0871	9.7676
U133A__TPBG	9.3082	10.0326	9.0389	8.1457	8.6684	8.0417	9.4877	7.0253	9.8269	9.1174	9.7268	8.3264	9.6879	7.878	9.2793	10.0826	8.4052	10.3529	11.3764	9.4309	9.3753	11.2864	9.3918	8.2486	8.6674	6.8472	9.796	9.0604	8.4863	9.5087	7.8683	10.1331	10.3387	9.525	9.7759
U133A__ATP1B1	10.6555	9.0894	7.953	10.5124	10.7765	9.4161	5.5723	7.0005	8.0635	9.8683	9.024	8.4916	8.8909	8.4836	11.1555	5.7904	10.2571	8.5593	9.4818	4.4435	10.2751	9.7824	9.7554	9.9854	9.7093	7.8881	8.672	7.3406	8.7469	10.6697	8.8248	8.5279	8.5607	9.3935	8.2913
U133A__ASH2L	7.106	7.6494	8.5314	9.22	7.5736	8.1569	8.175	8.2125	7.7153	7.5994	7.691	8.0986	7.5654	8.62	7.1897	8.0532	7.6117	7.6926	11.06	8.0895	7.7328	8.1322	7.3696	8.1864	7.1923	7.7714	7.6423	7.6905	7.7051	7.6894	9.0066	7.6147	7.9134	8.7789	8.7874
U133A__ASPH	6.8366	6.5254	6.8716	5.3035	6.5755	6.2036	6.0212	7.3679	7.8645	7.2219	8.1345	5.177	5.7293	8.8405	7.2005	8.9386	6.6102	5.3359	6.6341	7.0177	8.5437	7.8154	6.9904	8.6886	6.7725	7.7094	6.3051	7.5512	6.0606	8.0946	8.6961	5.212	8.2391	5.9685	5.6668
U133A__ADM	8.0616	6.529	7.8679	5.4283	7.2131	7.8738	6.5466	6.1613	7.8844	8.3814	8.7626	6.6973	6.3123	7.5305	5.4869	10.3763	6.8255	6.2425	7.0655	8.2545	7.1649	6.2133	6.6996	5.353	6.5454	8.4176	7.0588	7.011	5.4331	7.1671	6.3307	7.7379	7.1417	6.1264	5.0025
U133A__TBC1D9	7.496	6.0691	4.8144	7.0148	4.3359	5.6622	8.2883	5.4965	3.5309	5.9846	5.0743	7.5382	5.0659	6.6908	7.3101	6.1223	6.8606	8.7386	8.2356	5.9894	7.447	8.4877	7.2127	5.1711	6.5539	5.0828	4.6908	6.4141	8.6955	7.7167	6.6034	5.0197	7.5227	6.7933	7.8456
U133A__IFITM3	10.0146	6.7167	10.6016	9.229	11.5006	11.4092	5.8711	11.2889	9.9326	10.9547	11.2264	10.0473	10.7809	9.3056	11.5373	10.4908	8.4582	9.9587	8.9131	11.2401	10.3228	8.0254	9.296	7.2387	8.8782	8.5192	10.2196	10.8664	5.7721	10.4517	5.3276	7.5005	10.6263	6.3289	7.5159
U133A__SORD	7.5338	7.4334	7.6924	10.2448	6.5448	6.994	6.3619	8.3127	8.8706	6.6022	6.8983	5.5765	7.2783	6.9989	6.9431	5.7191	6.3213	7.0173	8.0913	6.2285	7.1018	8.0685	7.9099	9.6373	6.7424	6.6238	7.842	8.0155	7.3665	5.8317	7.1819	7.3664	7.0094	8.6978	9.2856
U133A__GOLGA7	7.1818	7.3188	8.597	9.1869	7.8963	8.1613	8.3657	7.9391	7.8112	8.6586	8.9611	7.9552	8.1564	8.4016	6.6522	7.8128	6.9887	6.9504	7.3033	8.6761	8.0589	8.218	6.831	7.5845	6.547	6.8417	8.3803	7.5855	8.834	7.4587	10.2354	8.4365	8.9759	9.4111	9.0354
U133A__CTSH	7.8723	7.1516	7.6416	5.9081	8.2239	6.6067	7.394	8.0708	7.8029	9.1521	8.9282	7.4304	8.2436	7.9671	9.1895	6.2436	7.3984	9.0816	6.3329	6.9505	8.1891	6.8663	7.6441	6.3931	7.6669	7.427	8.1701	6.6331	5.5263	8.3996	7.2394	7.1167	9.3313	7.7488	7.101
U133A__GOLGA8A	5.624	7.8406	7.9159	5.1443	6.1268	6.5558	3.9995	6.2642	7.0239	4.5668	5.7512	6.4569	5.5296	6.6093	6.9683	4.5496	4.7798	5.7913	4.5748	6.1873	5.6399	4.7992	4.7586	6.2041	5.4125	5.9638	7.2451	4.9087	7.7159	7.0286	8.1643	5.205	7.8459	8.5237	7.3475
U133A__DECR1	9.0064	7.3199	7.0909	7.5545	7.8356	5.9952	7.8875	7.8221	5.3596	7.6481	6.4086	7.8985	7.6777	8.2614	7.4609	6.9361	6.6044	7.7078	7.3777	7.9482	8.3211	6.9448	6.9046	7.1159	9.7578	7.3422	5.6397	6.2275	3.9487	8.2313	3.9781	7.355	7.5332	6.7474	6.8056
U133A__TRPS1	7.3827	7.0458	6.9494	8.2062	8.634	5.392	8.5305	7.8165	3.8643	6.1183	4.2236	8.4291	7.4467	7.9026	6.7044	5.5976	7.4086	7.1694	8.6372	5.0367	7.8186	6.8585	7.5954	8.5243	8.38	7.5346	3.3148	4.1508	10.0281	7.8115	9.272	9.1202	8.4461	8.5384	8.6575
U133A__BRD3	7.0552	8.8741	8.1861	7.469	8.1703	8.9881	7.7792	6.9922	6.8743	8.1244	6.8308	8.0223	8.4947	8.351	7.6168	6.5313	7.3688	7.6875	7.6713	7.2378	8.1662	8.1786	6.8757	7.9636	6.8199	7.1282	7.3145	6.6386	10.3884	7.1802	7.558	7.3309	7.0895	7.6949	7.5907
U133A__GDPD3	10.0153	6.1503	5.7463	7.4532	6.4548	5.9638	6.4119	6.4377	5.6627	7.0271	6.539	7.2005	6.6596	6.229	6.574	5.8339	8.0906	6.7648	6.1995	6	7.6927	6.4612	7.043	5.897	8.9869	6.01	6.9427	6.2605	7.4305	6.4492	6.1856	6.1103	6.7211	6.0486	6.5637
U133A__SLC39A14	6.3508	5.7462	9.7025	6.6078	6.3584	10.0436	5.8834	7.972	7.7405	6.3612	6.229	6.6312	7.0261	7.3375	6.1078	8.8219	6.2226	6.0328	6.4296	7.3106	6.5998	5.6425	6.5311	5.5457	6.6012	10.1244	7.5401	8.3297	7.8884	5.1832	6.6665	6.7652	7.3475	5.9987	8.1011
U133A__SNAP29	6.8847	6.6089	7.0706	7.4019	6.5554	7.2833	6.8021	7.1487	7.2073	7.9185	8.4478	6.7032	7.5518	7.013	7.1292	7.5478	6.7251	7.0938	7.2318	7.2566	7.0695	7.2875	7.2888	7.6468	6.3874	7.2314	7.0364	7.2486	6.6066	7.674	6.8386	7.0725	7.5151	7.0041	6.7427
