Cell lines	600MPE	AU565	BT20	BT474	BT483	BT549	CAMA1	HCC1143	HCC1187	HCC1395	HCC1419	HCC1428	HCC1569	HCC1806	HCC1937	HCC1954	HCC202	HCC2185	HCC3153	HCC38	HCC70	HS578T	LY2	MCF7	MDAMB157	MDAMB175VII	MDAMB231	MDAMB361	MDAMB415	MDAMB453	SKBR3	SUM1315MO2	SUM149PT	SUM159PT	SUM185PE	SUM52PE	T47D	UACC812	ZR751	ZR7530	ZR75B
Response	-1	1	1	1	-1	1	1	-1	-1	1	-1	-1	-1	1	-1	1	1	-1	1	1	1	1	1	1	1	1	1	1	1	1	1	-1	1	1	1	1	-1	-1	1	1	1
EA_G__SGK3	5.7648	5.5345	5.8073	7.7462	7.3721	5.8386	6.7755	6.8608	6.8632	3.7862	7.6689	8.075	6.2488	6.7499	6.9819	6.0813	4.8688	8.1469	6.143	5.6877	6.0123	6.4531	5.643	7.2611	5.2273	6.546	6.6847	8.3658	5.6821	4.6227	6.2563	6.8148	5.3602	6.0481	6.2606	6.007	7.5886	6.1775	5.8094	6.023	5.8588
EA_G__GAB2	6.5488	5.6516	5.0685	5.7538	7.2887	5.0992	5.4774	7.1803	9.1254	5.1476	5.5236	6.3058	5.4088	6.5113	7.2939	6.6694	6.0487	6.5785	6.3099	5.6834	5.2341	5.3595	6.1036	7.2553	4.9912	7.2688	6.1639	6.0832	6.4576	5.9063	6.2963	6.8582	6.0527	5.5268	6.534	6.4724	6.8633	7.2001	5.135	6.0764	5.4669
EA_G__ADAMTS2	6.1291	6.4219	6.3072	6.2602	6.0553	7.6736	6.1679	6.1605	6.2747	7.8228	5.8276	6.0975	6.1593	6.3934	5.9939	6.1867	6.1105	6.3238	6.2655	7.1276	6.3853	9.24	6.3816	6.4391	10.5608	6.2993	6.1669	6.0913	5.8184	6.9592	6.5254	6.4858	6.4164	7.2845	6.2169	6.6946	6.26	6.1651	6.1176	6.6823	6.2255
EA_G__COL5A3	6.0189	6.2887	6.196	6.2862	6.0945	6.236	6.0593	5.9246	6.2869	7.0594	5.9013	6.1306	6.2508	6.5466	5.9113	6.243	6.436	6.4478	6.239	6.8404	6.6119	7.2675	6.6925	6.5985	9.8415	6.5755	6.4051	6.0249	6.0573	7.2296	6.6544	6.3384	6.7666	6.3787	6.3571	6.7902	6.5178	6.4617	6.5096	7.1105	6.4026
EA_G__COL5A1	5.9662	5.8088	7.0409	5.9598	6.6038	8.5103	7.1445	5.9127	5.7567	8.008	5.5389	5.7337	5.8423	6.4536	6.5693	7.2131	6.1585	6.946	6.8077	7.729	6.061	7.9768	6.4916	6.3881	9.3623	6.6367	6.5929	5.7747	6.1722	6.8474	6.4904	6.3898	6.7325	7.8069	5.9543	6.4945	6.1985	5.9712	6.0887	6.6405	6.061
EA_G__B4GALNT3	7.1092	6.9649	5.6312	6.0981	8.3395	5.8707	5.7563	6.8101	7.5583	6.3181	7.2793	9.0251	6.5173	7.1681	7.1566	7.3057	6.2612	6.8762	7.7833	5.8952	8.2248	5.6841	5.8718	6.0511	6.0185	5.9964	6.8599	6.3605	6.1138	6.6364	6.1034	5.842	7.6391	5.9322	5.8952	6.2917	6.4298	7.3841	6.1195	6.8541	6.4727
EA_G__HLA-DMA	7.7846	6.1096	7.2135	5.4969	7.1099	5.3203	5.607	6.4711	6.846	7.1845	7.7241	6.4108	5.909	6.3016	6.3518	6.7919	5.8885	7.7145	6.1954	5.1876	9.0448	5.6239	5.6223	6.1193	5.948	7.0516	5.2159	6.1346	10.3753	6.3527	6.7923	6.9763	6.6222	5.739	6.4534	7.3171	9.0091	6.8822	6.2863	7.6365	5.5486
EA_G__ITGB8	7.0563	4.3345	6.4719	5.1465	5.9577	4.0873	4.1401	7.5286	5.774	5.2072	5.7826	5.2163	8.4625	7.1158	7.234	7.3067	5.7032	4.659	6.9491	5.0819	7.6877	5.151	4.2771	4.6015	5.1207	5.038	4.0543	4.6954	4.9463	4.3102	4.6555	5.4208	9.0265	5.8961	5.499	4.6554	4.8433	7.1037	4.1332	4.4163	4.4104
EA_G__PLCE1	6.8135	7.8735	6.768	4.6044	7.1905	6.6847	4.7285	7.5819	5.1961	4.3522	5.7793	6.6242	7.5885	5.8775	5.937	6.8419	5.684	7.8865	4.2232	5.6112	6.4026	7.1553	4.5175	4.2639	6.0015	5.5053	7.128	6.2214	4.2294	4.6147	7.5813	8.8057	7.5622	7.4058	6.1404	5.3495	7.3688	7.8188	4.2622	9.1919	4.9077
EA_G__ELF5	4.2981	5.8202	4.2489	7.3218	7.309	4.3044	4.9445	5.2392	9.8355	4.3338	6.7358	7.7811	4.6943	4.4652	6.239	4.271	7.1992	7.4263	5.3967	4.094	4.411	4.0815	6.4913	6.7385	4.0654	7.7369	4.2349	6.8165	4.3561	4.6392	6.1555	4.6482	4.6594	4.1047	8.7989	5.8785	8.5803	7.339	5.3151	4.6994	6.8873
EA_G__DSG3	3.9769	4.2565	4.1109	4.0172	3.8182	4.3784	3.7453	10.2052	4.0526	4.2027	3.8609	3.9505	4.0253	6.6527	7.0484	4.0715	4.0935	3.9924	5.6586	6.5914	6.9884	4.0794	4.3263	4.1693	3.9849	4.5763	4.1668	3.8874	4.0615	4.9081	4.4028	4.0574	8.3498	4.287	4.2971	4.4071	3.93	3.9234	4.1173	4.6487	4.3099
EA_G__ABCC2	3.6331	7.4715	8.1193	7.9082	6.3848	4.4975	4.8232	4.6653	3.5896	5.1058	5.6607	4.9603	4.4145	7.1229	5.2968	7.8134	6.4581	4.0107	7.3457	4.0064	3.6374	4.3962	4.1648	4.3731	4.6094	4.8797	4.9463	10.1734	7.0615	4.2	6.1408	4.0775	4.7021	7.8903	5.0043	5.3143	4.486	4.224	8.8068	8.6748	4.9605
EA_G__FBN1	4.0325	4.4696	3.7873	4.3114	3.7441	9.1291	4.5158	3.9745	4.8806	9.1111	3.8068	3.7206	3.7491	5.0767	5.1934	3.7998	4.1794	3.9682	4.7343	7.9714	4.2928	10.7199	4.1196	4.204	8.9657	5.9105	7.4142	3.7385	3.8478	4.9919	5.3032	8.5241	4.622	7.1987	4.0836	4.4269	4.0175	4.0932	4.4051	4.7631	4.1226
EA_G__ACSS1	6.8642	6.1932	5.7212	8.944	8.8433	6.6751	5.9356	7.0809	7.7073	5.7282	9.4283	9.4403	8.2659	7.664	6.1994	5.7524	6.7834	7.5795	5.797	6.8739	6.0574	5.482	6.9186	7.9288	7.7545	8.3134	5.5491	7.1266	9.0184	6.6254	7.4327	5.8531	6.3413	6.4753	9.333	7.336	7.6276	9.2122	6.1762	7.5751	5.8835
EA_G__KRT23	9.6844	6.71	4.0332	4.1386	8.425	3.63	3.6053	6.9669	3.8549	3.5091	3.9312	4.4876	9.4953	4.3026	8.6489	8.5774	4.8774	7.5157	6.7166	3.6214	9.4504	3.4724	4.0244	4.2074	3.2977	6.7056	3.5147	3.6071	4.4773	5.3331	5.8319	3.6117	5.6051	3.61	8.5478	7.5049	9.525	7.3896	3.9554	7.952	3.8349
EA_G__MYBL1	5.8525	4.2313	5.521	5.6442	7.2943	9.599	8.4287	8.7062	6.412	6.9517	6.3759	8.4057	7.0269	4.2053	6.6137	6.8389	5.3628	6.3831	6.4803	7.1391	5.5498	8.5326	6.1823	5.7995	8.52	6.2249	7.7867	6.4744	6.2884	4.6821	4.4419	9.8179	5.213	6.6995	6.7654	6.0249	7.5015	8.2648	6.4453	5.9507	5.6821
EA_G__COX6C	8.4251	8.7722	8.4294	9.3046	10.7821	8.8445	9.8554	8.8231	8.5697	8.6473	11.0978	10.6795	9.4782	8.5041	9.477	9.1648	9.118	10.0254	7.9185	9.4142	7.3975	8.1813	9.3532	11.4426	9.1365	8.8961	8.3708	8.6786	8.346	7.8627	8.7901	9.2058	8.5356	8.4797	8.2679	8.8519	8.3672	9.887	8.7243	8.9434	9.307
EA_G__SERPINE1	5.4251	5.8986	5.9074	5.4065	5.5036	5.6132	5.2081	6.988	5.5114	5.7937	5.0759	5.1916	5.1886	7.6995	7.0332	7.2798	5.9422	5.2755	7.7287	5.7854	5.5744	11.9346	5.8429	5.6226	6.3332	8.3971	10.2428	5.0146	6.1282	5.9937	7.8398	8.1438	5.5569	11.8792	5.5559	6.5275	5.4098	5.4253	5.331	5.9709	5.4464
EA_G__STAC	4.6901	5.967	6.944	4.4744	4.4739	8.7517	4.4143	8.7019	5.2245	6.8093	4.2275	4.1802	4.3895	5.9041	6.5323	7.7776	4.7595	4.569	6.183	6.74	6.7671	7.8582	4.503	4.5206	6.7276	4.6546	7.5021	4.3421	4.3729	4.7293	6.4295	4.531	5.9112	7.5436	4.6565	4.9889	4.5177	4.371	4.5517	5.0755	4.6534
EA_G__WDR32	6.688	7.0005	6.9373	6.8804	10.0989	7.6017	8.0546	7.7223	7.6852	6.7785	8.2107	8.427	7.466	6.4857	7.6113	7.4965	7.8452	9.7947	6.7844	8.4793	8.3966	6.8673	7.0156	7.1314	7.2606	7.121	7.136	7.3108	8.0252	7.2598	7.0917	7.6321	5.6922	6.8736	8.3833	7.345	7.1693	7.718	7.6429	7.3593	8.1755
EA_G__CRABP2	7.4296	6.1829	7.8329	8.2111	10.912	4.4698	7.9616	8.6534	10.6063	6.122	10.0004	9.994	6.1523	5.359	9.2933	9.5237	10.1591	10.1017	7.2807	7.095	10.0598	5.7308	10.0904	10.2988	5.4326	9.6052	6.2093	6.9694	9.4935	9.9741	8.4814	6.0872	6.2944	6.0848	9.0317	8.6722	10.4906	11.0984	7.8585	8.2352	8.5211
EA_G__KRT15	6.6447	7.3006	7.2444	7.5904	10.0685	4.6526	4.7242	8.7603	5.3217	4.7074	11.2798	6.6491	8.6675	6.5006	10.2787	11.5355	5.2958	6.6294	9.1835	4.323	7.0635	4.5703	5.6076	5.4125	4.2498	8.0252	4.9823	5.8626	6.1464	4.569	6.5217	4.726	6.2376	4.6378	7.824	5.7526	6.9139	5.7426	4.8536	5.2182	7.2027
EA_G__TMEM46	6.4423	5.1015	6.5192	9.6024	10.4639	7.1859	8.6029	8.1859	7.4466	5.3487	5.5054	6.7608	5.4892	5.6572	7.7384	6.4836	10.3618	7.437	6.7356	6.8301	5.4494	4.996	6.5258	6.9716	7.2249	5.5967	4.9056	6.131	6.2753	6.8332	5.4534	5.8093	5.7947	5.4807	7.3774	5.7481	7.7154	7.5406	5.2959	6.1142	5.084
EA_G__CTSH	9.1657	7.8295	9.6938	8.0322	8.7116	8.5869	5.5315	8.4511	8.0863	6.4945	9.7603	8.0625	9.3242	8.5953	8.9432	9.5252	8.6171	8.341	8.4416	7.2664	9.9204	5.6387	8.4003	8.9769	7.5765	8.5307	7.2789	6.8818	8.5445	6.6818	8.1243	8.5227	8.5039	5.5465	5.5571	8.151	8.5519	8.9272	8.1753	9.1838	7.6677
EA_G__MGP	11.2964	4.238	8.9075	9.8437	11.4992	5.5557	7.4113	8.2394	10.0203	9.4448	4.7994	10.4816	8.0997	3.7353	8.254	8.9644	8.6556	7.4121	9.4808	4.7946	10.8249	7.0295	3.8019	6.1517	7.0606	7.3407	2.9411	10.3529	10.2746	7.4205	3.9642	7.0814	9.7347	4.951	4.8602	5.0293	10.8577	8.221	7.0551	8.6123	5.7521
EA_G__CD70	5.751	6.095	6.0585	5.9264	5.9891	9.2873	5.8165	5.635	6.0109	6.1717	5.5472	5.7894	5.9084	6.3698	7.5095	5.9854	6.4595	6.0164	6.57	7.3889	6.1514	7.0363	6.5176	6.2921	7.9037	6.093	5.8775	5.838	5.6141	6.8988	6.4766	8.247	7.4493	6.1209	6.271	6.5134	5.7678	6.0505	6.2478	6.5313	6.0144
EA_G__FAM46A	6.489	7.5335	6.8155	6.6911	6.2397	9.9255	6.0797	6.9214	6.2153	7.7379	7.2561	6.0175	6.8131	6.6039	6.8473	7.7524	6.2736	5.7554	6.9915	6.2605	7.1306	8.0787	7.1563	8.2218	7.9682	7.4488	6.2809	8.1532	8.3767	7.0009	6.7548	6.6522	8.0643	6.6113	6.5898	6.1075	6.2258	6.7534	6.8276	6.1578	6.3614
EA_G__KYNU	2.7545	6.5637	4.9045	3.0571	3.6287	6.7003	7.2841	3.1125	3.0818	8.9225	3.4824	5.5531	3.5652	7.1163	5.6721	7.6008	5.2911	5.9862	6.4004	3.1709	3.8684	3.1535	8.359	9.0514	4.3618	6.111	5.1898	5.3358	5.035	3.9986	6.7976	3.1385	10.0464	6.0116	3.8755	5.0804	7.6599	3.5664	5.468	4.0346	3.4697
EA_G__LOC89944	9.5309	8.1245	5.3483	5.7328	7.9913	5.1728	6.3567	6.7604	7.7169	6.6277	5.2785	8.556	8.0674	9.0918	8.6779	5.3934	5.356	8.3861	7.4216	5.908	5.8739	4.9956	7.2981	6.844	5.59	7.8318	5.5176	6.336	8.0634	6.3137	7.5949	5.8909	5.4548	7.1899	9.1575	8.6427	8.3475	8.8721	5.9566	6.4662	8.4921
EA_G__KCNAB2	6.4385	6.9684	6.4144	6.0389	6.5181	7.0723	5.8128	6.0837	6.1133	6.8849	5.9883	6.2011	6.5699	7.005	6.2776	6.574	5.4957	5.8221	6.6062	6.2523	7.7148	6.2041	7.063	6.9145	6.0917	6.832	8.0451	6.3589	6.5327	7.0228	6.1342	6.0931	7.7142	8.571	6.3799	6.7238	6.3138	7.1485	6.6954	6.1875	7.0463
EA_G__ID3	8.6637	8.7567	8.2871	5.7685	7.4438	9.4338	9.0323	7.5827	7.4201	8.5902	9.1811	7.0131	6.3124	9.0101	9.1004	7.5789	9.1814	8.559	8.2351	10.2381	8.8913	8.7089	7.9608	8.4088	8.292	8.8033	8.4871	8.0057	10.8247	8.3927	9.5854	6.7457	10.0836	9.5694	7.3623	8.1312	7.3736	7.889	7.0466	8.1442	8.4828
EA_G__PLTP	5.0073	8.5711	5.2753	5.2791	5.2349	10.3023	5.2284	4.7825	8.4926	6.2465	5.1712	4.9001	5.0077	9.6842	6.7248	4.9769	5.2512	5.1362	5.2193	8.4584	7.8778	7.0504	5.3973	5.4912	5.7376	5.922	5.4134	5.2568	5.2596	6.0475	9.1856	5.2902	6.5947	5.3555	5.1643	5.5689	5.832	5.2921	5.1842	5.5016	5.1372
EA_G__PRSS23	5.5882	4.6783	7.2342	6.673	6.2032	7.4863	4.7843	7.1082	4.4011	7.4556	5.5755	4.58	4.9244	6.1456	6.2282	7.2194	4.9161	4.7084	7.308	7.7035	5.6167	7.7645	5.6894	5.8347	7.9445	6.6193	7.4331	6.501	8.2965	6.1393	4.7616	6.3804	5.4088	5.1328	5.1999	7.8341	4.7269	6.3533	4.7555	8.4555	4.7505
EA_G__ACTA2	4.7704	4.7343	4.8299	5.179	5.1186	8.8391	7.0704	4.5403	5.2403	8.7471	4.6012	4.8198	5.9522	5.3828	5.4826	5.3615	5.5693	4.5712	10.5055	10.8038	5.1507	8.4182	6.4569	5.7346	10.5645	8.2127	5.3782	4.7436	6.4395	5.4543	6.1766	9.7694	5.9366	6.3338	4.8318	5.8629	6.5181	5.4468	5.3637	5.9519	6.1411
EA_G__SNX16	6.2308	5.2474	5.9227	6.1254	7.0153	7.3142	6.4906	6.6196	6.5556	5.5785	10.3722	7.4631	6.0851	5.131	5.2323	6.5044	6.7598	6.4397	5.8645	7.391	5.8858	6.9635	5.7581	6.551	6.0499	6.5244	6.273	6.6847	5.5974	6.0402	4.9804	7.5552	5.9413	5.6479	6.7614	6.0385	6.3755	6.4454	6.699	4.998	5.9629
EA_G__KCNK5	7.1892	7.6768	5.9717	6.3405	9.3414	4.9843	8.6618	7.4348	7.2036	5.7724	4.9976	9.8878	9.3335	7.2929	8.1296	6.3744	5.5838	8.5578	6.7799	6.0831	7.8641	4.7487	6.6911	6.548	5.8044	5.9266	6.3282	6.2406	10.3354	5.7042	7.4838	5.9933	6.7772	5.3122	5.9738	5.8335	5.4823	9.2462	5.0166	5.6404	6.0554
EA_G__ZNF347	6.744	3.2601	7.9983	6.8123	7.1576	6.9482	7.3369	3.6126	6.883	5.5524	6.8129	7.6246	5.808	5.6324	6.2985	3.4753	7.7358	7.6774	6.086	7.001	5.5263	5.4522	4.6805	4.3068	6.2848	5.661	5.7978	6.9962	5.6901	3.8907	4.8608	6.6027	3.5206	3.9914	5.5334	7.6882	5.7325	6.8772	3.963	6.0229	3.6701
EA_G__MPP7	8.0834	7.201	6.8077	7.6254	7.7941	3.5809	7.1178	6.0094	6.4583	3.9626	7.6765	8.069	7.0109	4.702	6.5822	6.5066	7.1208	8.1318	6.4942	4.974	6.8515	4.1343	6.835	7.312	3.4258	7.7846	4.8621	7.4319	7.8872	4.7048	6.7447	3.9781	5.7979	4.8244	7.7533	5.708	8.7197	7.3438	7.4885	7.7896	6.8702
EA_G__FBXL7	5.6889	7.1078	5.9539	7.1618	5.7541	6.953	6.1775	5.85	6.9024	5.5651	5.5591	5.8101	5.8503	6.0181	5.6489	6.0972	6.5572	6.3102	6.167	5.6399	5.9591	8.1938	6.3315	6.2905	9.9245	6.1323	5.7764	5.8079	5.5949	6.5908	7.1184	7.4256	6.0929	6.5172	6.8325	6.1773	5.9925	5.8822	5.9842	6.6664	7.0652
EA_G__DUSP1	6.7081	8.0166	8.7541	9.3348	8.459	7.2925	9.0656	7.3238	6.6657	8.0423	9.5048	6.9838	7.1623	8.282	8.3039	7.8498	8.0179	7.9162	8.8359	9.3531	6.9694	10.1142	7.9912	8.7357	8.1004	8.444	9.8729	8.9419	8.5681	6.8317	8.36	8.8249	9.1238	11.0049	9.0505	8.5162	7.5901	8.1607	7.9979	8.3163	7.8889
EA_G__SYCP2	7.275	5.8983	4.4894	6.4484	7.8828	2.9936	6.9637	8.0918	3.8402	6.6285	9.2616	7.9569	7.1003	2.8373	5.943	6.7598	7.9079	3.9092	3.2976	7.3214	7.2432	2.5679	6.2527	6.8523	5.076	6.5548	2.5324	5.136	7.891	7.1419	4.9946	6.3317	4.3206	2.547	8.7546	7.9788	7.4247	9.02	5.1181	7.2298	4.4648
EA_G__PRKAR2B	3.6639	4.751	7.6397	6.673	7.3892	4.2612	5.5339	6.1629	5.6519	5.6035	7.3352	8.2984	6.7023	3.924	7.0818	5.0653	4.5253	7.3375	6.4084	5.38	8.6228	5.2452	7.008	6.7479	6.3269	7.4685	5.5951	6.3291	4.8747	4.7273	5.1911	6.4866	4.6942	3.6612	6.1377	5.7235	5.3886	6.9424	6.823	7.0404	6.4128
EA_G__MT1JP	6.7292	6.6321	8.2896	6.2727	6.3985	6.9116	6.6686	6.6193	5.8113	6.6685	6.5757	6.7785	5.8586	7.179	7.6138	7.8824	5.8863	6.3952	7.5047	6.5983	7.2695	7.4192	6.4199	6.6983	6.5937	6.2681	8.0383	6.3704	7.7117	6.9775	7.1574	8.626	8.2754	8.4374	6.9914	8.0625	5.7723	6.1877	6.591	7.9063	5.6863
EA_G__CALB2	8.0751	4.3682	9.4484	4.991	7.6983	4.5283	4.2529	6.6151	6.014	5.4987	4.9633	6.5905	9.8532	6.3751	6.9999	9.7141	4.72	6.0323	9.3111	5.3211	9.8956	4.8503	4.3033	4.8289	4.5107	8.4755	5.5838	4.4435	4.3592	5.5252	5.0455	5.3978	5.355	4.3414	6.2369	4.9478	4.5061	5.5055	4.6117	6.0282	4.5077
EA_G__FGFR2	7.7392	7.3787	5.5113	4.3905	6.6451	4.9796	4.4323	7.4629	5.9231	6.4663	4.0039	7.5098	8.9675	6.1736	7.0465	4.5214	4.3106	9.1325	6.0005	5.084	5.195	4.1274	5.979	6.4101	4.1797	5.0481	4.0741	5.4025	8.4966	4.8135	7.4323	4.5797	5.3091	4.0944	5.499	11.9795	7.5927	5.2593	5.514	7.2252	6.6464
EA_G__MT1E	6.014	6.498	9.4849	5.7194	5.5482	6.1414	5.6322	5.9253	5.6252	5.6259	5.0449	9.072	6.4325	9.0663	6.7775	6.3027	5.5441	5.4068	8.7321	9.3249	6.5579	8.9377	6.4327	6.6632	6.7555	6.4863	10.0077	5.5815	8.8289	6.81	6.8455	10.2417	9.6111	10.0519	5.9579	9.6603	5.9662	5.5717	6.9037	8.7011	5.5157
EA_G__LCN2	11.1069	9.4212	9.6885	5.0838	5.3105	4.7924	5.0798	9.5496	6.8063	5.2212	4.8198	5.4298	10.0545	6.8843	10.5098	10.0013	6.0153	10.2444	8.3252	4.7344	10.5674	4.6386	5.3169	4.7414	4.9918	5.7186	5.2315	4.9709	5.004	5.7744	8.4306	5.3692	8.9403	5.1636	4.9776	4.9411	6.0385	5.2134	5.2409	5.5154	5.8001
EA_G__B3GALNT1	6.1488	4.8247	4.0581	7.7167	7.4481	4.2293	7.5074	5.454	5.5644	4.7191	7.6901	7.8454	7.4987	6.5447	6.5885	5.2193	7.6185	6.9654	3.7969	6.9197	6.6681	5.229	7.4146	6.9288	6.7603	5.3114	7.6341	7.4663	6.6235	7.1675	5.7178	6.2119	5.2284	5.5004	5.8687	6.557	6.9052	7.1476	4.4337	5.6158	4.388
EA_G__CDCP1	8.534	6.3089	8.9565	8.0251	7.65	4.5396	7.6241	9.0594	7.5934	5.7738	6.733	7.5561	6.2779	9.0341	9.1124	8.9327	5.5502	8.5008	9.5947	6.558	8.4237	4.6847	5.0267	5.1655	4.6864	7.5262	8.0631	7.9998	6.7411	8.0166	6.3926	10.3823	8.3255	9.0246	5.3489	7.2998	7.685	8.3503	7.7927	7.0658	7.2571
EA_G__ZNF552	7.4897	6.2846	5.0135	6.6113	8.7231	5.7557	7.2646	5.9294	6.3298	5.1079	7.3401	8.9754	5.1354	5.9876	6.8188	6.4273	8.1867	6.7368	5.6621	6.2769	5.7796	5.5615	5.8853	5.7611	4.8218	5.5589	5.4258	7.2799	7.4622	5.5762	6.7348	5.4915	6.2575	5.7401	8.0396	6.4069	7.702	7.8214	5.5955	7.5649	6.8744
EA_G__NPAL2	6.9008	5.9027	6.8153	6.3489	6.9902	4.937	4.6577	5.4937	6.2101	3.9815	8.9241	8.0853	6.4543	4.0973	7.2119	6.8325	7.3829	7.1773	6.7199	5.7675	6.141	6.516	7.0963	6.8102	6.6986	7.2536	6.4927	6.9277	6.313	5.4176	5.8846	5.0348	6.7427	5.276	5.5001	6.5493	6.7587	7.214	6.7578	7.0783	6.4154
EA_G__BARX2	6.797	8.389	5.7126	6.9133	7.188	6.252	7.5117	8.4559	11.1211	5.6323	7.5418	7.0128	5.4977	7.0286	8.5708	5.4116	7.0626	9.9251	7.6073	5.0948	8.4973	5.3841	6.5464	6.6153	5.2814	6.9235	5.2849	5.4921	7.3107	6.1523	8.1563	6.0178	5.6598	5.5147	7.4181	7.1511	7.0297	6.4968	6.1154	7.3865	6.7537
EA_G__DKK3	5.3981	5.5437	5.662	5.7281	5.4745	8.5109	5.6116	5.7278	6.3657	8.1004	5.4808	5.5502	5.6327	6.9404	5.5621	5.7794	5.8143	5.638	6.2634	8.5884	5.6952	7.4382	6.0512	5.7428	10.7195	5.8877	6.0222	5.2727	5.3942	6.4128	6.08	7.8756	5.8818	9.2136	5.5876	6.1618	5.9572	6.0086	5.8007	6.298	5.6656
EA_G__PRKCA	5.1123	6.9849	6.7965	6.093	4.4173	8.7689	4.7539	7.1254	3.9318	7.493	4.0132	4.0291	5.6109	6.9189	6.4077	7.722	4.558	6.2455	7.0923	8.9502	4.7269	8.3028	6.6467	5.9656	9.6278	6.3184	8.5886	5.5478	7.1467	5.4288	7.173	9.0008	4.8225	8.6544	5.553	5.7431	5.6894	6.2828	5.5399	5.8302	5.837
EA_G__HERC6	7.7642	6.4269	5.9877	6.1914	7.9639	3.7649	6.226	7.1791	6.4063	4.4647	4.5819	5.5284	7.0567	6.7139	9.0294	8.7262	5.0289	6.737	5.4638	6.0253	8.8103	4.0118	5.8325	5.072	6.1159	6.8087	7.4062	6.2798	7.4982	4.6428	4.9571	5.942	7.0172	5.9907	4.5939	7.0511	7.1889	6.347	4.7814	6.0186	5.8791
EA_G__ABCC4	4.0162	7.9015	4.1881	5.887	4.057	7.9337	4.8344	7.9145	4.1608	6.591	4.2718	3.7883	7.984	6.0505	5.8245	6.6924	4.4895	4.194	6.9176	7.1819	4.3603	7.2826	6.884	5.8639	8.2748	5.4801	6.8775	5.2767	6.6107	4.9413	5.1307	6.5936	6.4059	7.3103	6.1696	4.3086	4.4926	5.0538	4.9592	4.6909	6.3257
EA_G__CTSB	9.501	7.4211	6.8283	7.6199	8.1219	9.3317	7.7767	9.3496	7.1958	8.9493	8.4326	8.7649	8.2129	8.6363	8.7268	8.1096	7.0963	8.3457	9.1987	9.0396	8.0125	9.6332	7.609	7.9978	8.5369	8.5159	7.744	7.6151	8.7761	7.5629	7.8522	11.2144	7.9953	8.4264	8.5036	7.2367	8.0939	8.6439	7.7091	7.584	8.3084
EA_G__C8orf38	5.6885	5.2961	6.0933	7.4005	6.7728	6.36	6.5944	5.9578	5.9875	5.4229	9.7617	7.3404	6.8741	5.5815	7.5749	6.428	6.7847	7.2665	6.1555	5.9237	6.2838	7.1253	6.3628	6.663	6.2003	6.087	6.4429	6.5667	6.5273	6.1991	5.3366	5.7822	6.0141	5.8823	5.7278	5.6055	6.2685	6.7931	6.1164	5.5767	6.5177
EA_G__CCL28	6.3841	4.5541	6.9258	4.4882	5.5135	3.9286	3.9476	6.9018	5.03	3.7831	6.3095	9.8222	4.2333	6.598	6.3216	7.205	7.008	7.8981	4.3006	3.8536	8.3271	3.7685	4.202	5.9563	3.8438	4.8442	5.0595	3.9539	6.7971	6.9669	4.5795	3.7521	4.022	3.8049	4.1642	5.9627	6.8893	7.1737	4.6225	5.4959	4.278
EA_G__ZNF738	6.4199	4.2	7.8286	7.0941	6.7008	8.1237	3.3839	3.7679	8.2316	8.3649	7.4396	7.9623	7.594	5.9306	7.2096	5.8127	6.8361	7.6064	6.9004	6.9812	6.5093	5.8654	6.2447	6.2862	8.006	6.143	6.4364	7.0276	6.6833	6.3408	4.2731	6.615	6.4667	5.976	7.0602	4.5332	6.6024	6.8515	5.7957	4.5194	5.798
EA_G__HSD17B1	6.8648	6.1767	10.2182	6.6528	7.1656	6.3509	6.9166	6.3769	6.191	5.998	8.3289	8.4302	6.6546	6.5512	6.0547	6.1149	6.611	8.9288	6.5383	6.5624	6.1392	6.4509	6.8158	6.6654	6.2816	8.226	6.295	7.1552	6.637	6.7763	7.1995	7.0966	6.2754	7.0723	6.0497	7.9879	8.6434	9.263	6.549	6.3908	6.2183
EA_G__MME	3.7488	4.2193	3.9441	5.8745	3.8299	5.8503	3.7392	4.4121	4.1589	5.4356	3.8361	3.8756	4.0762	4.4176	7.8495	4.8749	5.7301	3.9929	4.2718	10.0839	9.1142	5.8842	4.1751	5.6371	10.2583	5.1333	4.1547	3.6984	3.8362	6.2662	4.2118	10.1735	8.6152	7.2612	4.1969	4.223	3.8639	3.7725	3.6667	4.2834	4.0496
EA_G__GSTM1	12.3907	7.3875	6.4235	5.9395	5.8015	5.6636	7.3839	5.0503	5.5683	4.8515	4.5177	5.4674	6.3215	5.9299	6.0055	5.3355	6.6074	5.2029	6.2608	6.4643	6.6106	9.7387	6.5492	6.8102	5.6328	5.7427	7.707	5.7975	12.6051	6.8594	6.9397	6.0778	6.7558	8.118	5.4311	7.3365	6.3787	5.9674	6.2534	5.3963	5.4186
EA_G__LY6K	4.7598	4.7912	5.9445	5.0371	4.4493	6.2608	4.5636	7.6438	5.4813	7.4329	5.0743	4.619	4.7229	6.0532	5.3105	6.539	4.8457	4.6299	5.1488	6.6308	5.6369	8.7196	5.0864	5.319	6.7941	5.142	6.5263	4.8837	5.1368	5.6165	5.3571	6.0195	6.9862	7.0719	4.7227	5.2135	5.0951	5.0453	4.7443	5.5048	4.7605
EA_G__TRIM2	7.2597	7.137	9.7699	4.7722	6.2387	6.1651	4.1329	6.8984	4.7266	4.0395	7.2581	7.8881	10.0237	5.7033	7.2513	7.1482	5.4603	7.8224	6.3703	8.1367	7.9034	5.5586	5.3959	4.7806	5.1671	5.8051	6.2862	5.6734	4.4196	4.8522	7.0445	5.4075	6.4668	5.7009	6.3436	6.7716	6.2338	5.5356	4.0568	6.7016	4.1308
EA_G__FAM132A	6.6035	7.0726	6.7356	6.7905	6.7412	6.6927	6.7581	6.5001	7.0008	6.7711	6.4586	6.6316	6.6128	7.0575	6.5886	6.8081	6.8346	6.5194	6.706	6.4491	7.0554	6.5887	7.0058	6.9314	6.5831	6.9293	6.6004	6.6262	6.5639	7.1606	7.0314	6.8575	6.9061	6.9675	6.5985	7.3771	6.8498	6.9846	6.7779	7.5615	7.1615
EA_G__EHD2	7.3175	7.175	6.3216	6.3603	5.9076	9.1305	7.8483	8.6393	6.4028	8.256	6.0272	6.5969	6.0329	8.7643	7.588	8.5066	7.2154	7.8595	7.7524	9.2252	8.1121	9.9391	6.6247	6.7547	8.9681	7.5343	7.6772	6.0786	8.2494	7.1402	7.063	8.4964	8.0041	9.1996	6.4192	9.2335	7.4684	6.7046	6.9207	7.7155	6.7111
EA_G__DAPK1	8.9532	4.6543	4.198	4.9839	5.432	4.4592	4.2831	8.6502	8.8307	5.3304	7.8309	4.8701	4.8078	5.0352	9.0553	7.5061	4.3889	5.5257	6.0966	7.5478	8.9386	4.2903	4.5903	4.4422	7.3737	7.8863	4.1997	4.5624	8.8908	5.1879	6.1992	5.0654	8.4505	4.3745	6.9328	6.2194	4.7905	5.8225	4.6603	5.3017	5.1694
EA_G__GSTM4	8.2541	9.2193	7.7478	7.2466	6.9328	6.5927	10.8002	5.678	6.5877	4.242	3.5677	7.2362	8.4413	6.9254	7.1325	6.4676	8.5167	5.027	7.533	9.0766	8.503	7.6661	7.6546	8.4741	7.101	6.6195	7.745	6.4508	9.2306	7.55	8.9083	7.2178	7.9672	6.3135	4.8217	8.9759	7.2579	6.4543	7.2686	5.5203	6.5675
EA_G__DKK1	6.3322	5.3981	6.6777	6.0519	6.16	7.7939	4.1451	3.4618	3.5752	3.6346	7.6556	6.4638	3.6686	10.2165	8.561	9.8595	4.7335	3.9677	7.3681	4.7974	3.6086	8.1142	9.1968	8.3569	8.3832	5.3881	10.271	5.8994	9.2886	4.1716	4.797	5.4454	8.9574	10.0878	5.7984	8.5933	5.2531	3.5882	3.7119	8.4063	3.5181
EA_G__RAB11FIP1	7.7489	7.29	6.7556	7.2374	10.9487	6.0996	8.0487	7.7821	6.9453	5.8301	8.3145	8.4506	7.1372	6.5495	6.7129	6.7962	7.4883	8.1631	6.6448	7.058	7.0896	5.8517	6.8206	6.8315	7.2036	7.6101	6.2077	7.9194	6.8136	6.9053	7.6757	6.0579	6.4956	6.959	7.013	8.072	7.7446	7.0056	8.1997	7.2421	8.3727
EA_G__FSTL3	6.2606	6.7712	7.4701	6.6243	7.9925	8.29	6.6981	7.3862	6.3513	6.9988	6.7904	6.481	7.0656	7.7062	6.8675	6.8262	7.524	6.3215	7.57	7.4797	6.2131	8.9828	7.7468	7.4046	9.5208	6.8041	7.4653	6.6931	5.9216	7.1502	7.1409	7.4427	8.0244	8.7911	6.6813	6.5094	6.7341	6.7612	6.8778	7.2698	7.3586
EA_G__CROP	8.2018	7.6794	7.1056	9.5442	8.051	7.4537	7.8689	8.4957	7.9071	7.1415	7.6063	8.8638	7.582	7.279	7.535	7.1366	8.7753	7.3724	7.7864	8.2097	6.8236	7.3167	7.1462	7.5035	7.5749	7.0848	7.917	8.6685	7.5685	7.8229	7.1268	7.4569	7.1952	7.7688	6.7249	6.9692	7.8227	7.4175	7.8985	7.3452	8.1484
EA_G__TGFBR2	6.9434	7.122	8.3904	6.5636	4.7044	7.6681	4.6862	8.3695	6.7089	8.3645	4.4748	5.3047	5.4067	7.9499	7.6715	8.5874	5.241	4.773	7.6865	7.6328	7.8443	8.9298	5.7233	6.4778	7.1766	5.8674	8.7346	5.9185	7.2226	5.4298	6.893	8.0594	8.1697	9.4684	5.389	5.8513	5.002	5.1139	4.6654	5.3412	4.2384
EA_G__IL17RB	8.2164	4.8068	6.1735	7.7176	6.163	4.8811	7.9169	7.6651	7.2527	6.0732	4.3759	10.5956	8.2299	5.2855	6.8549	5.1317	7.7709	6.0263	6.4415	5.6218	7.2592	4.4307	7.1498	5.9822	4.4381	7.6382	4.1731	9.1388	8.6897	7.4301	4.4972	6.2121	5.7334	4.63	5.5023	4.6039	7.6294	7.6466	8.0236	5.5912	7.7553
EA_G__LRIG1	9.1612	8.4644	7.5392	8.7042	8.5962	7.0764	8.4047	7.6769	8.3325	7.3526	9.3453	9.2857	7.6133	6.3691	7.9605	7.5204	8.2662	9.2238	7.7319	6.9662	7.6377	8.0083	7.897	7.9151	6.6753	9.1526	7.0332	9.4991	6.4779	9.8144	7.5698	6.9521	7.7575	7.6009	7.4641	8.3308	9.4649	8.0402	8.882	9.4253	9.1154
EA_G__ZNF649	6.3709	5.7303	7.1386	7.6582	6.8691	6.3895	6.2774	5.297	7.2554	5.962	7.0301	7.482	6.0581	6.8143	6.0947	5.2195	8.6292	8.197	5.5291	7.1498	6.0276	5.5455	3.833	4.7577	3.8241	6.7017	3.8653	7.6469	6.985	6.6308	5.9335	6.1333	5.7362	6.0239	6.0245	5.7814	5.9513	6.5329	5.3778	5.76	5.1546
EA_G__SLC16A7	4.8493	3.4592	3.3893	3.2731	3.0772	3.4045	4.2548	3.1533	4.7534	2.9543	3.046	5.2479	3.4038	6.6219	6.679	4.0281	4.7234	3.5918	4.3754	6.7221	8.1752	8.4444	6.2381	7.3267	6.4977	4.9457	7.5411	5.0845	6.1068	3.7976	4.6549	4.9479	7.8198	8.772	3.2801	4.0122	3.4756	3.5634	3.8513	4.3056	3.6912
EA_G__CXorf6	4.6909	4.703	6.0288	5.4679	5.1907	8.3684	4.5585	5.4825	6.7759	5.7365	4.5194	4.6782	6.0019	5.1329	5.4703	7.0092	7.11	4.9661	6.908	5.1928	6.5742	7.0185	5.8373	5.9203	7.3823	5.2577	7.3093	5.8459	4.8433	6.0344	4.9336	6.8324	6.1706	6.6113	5.2559	5.3975	4.9226	5.3042	4.7027	6.1532	5.0711
EA_G__RAPGEFL1	8.115	7.7646	6.1236	6.1232	8.7161	5.978	6.5795	4.9558	6.0299	5.6241	5.6552	10.077	6.4717	5.3366	7.5171	5.0197	5.3495	5.3794	5.4444	6.4008	6.1792	5.1847	7.0274	6.1289	5.5754	7.4461	5.9926	5.5345	5.1585	5.0997	7.8168	5.8965	7.0462	5.6465	4.9533	7.3086	7.7411	12.0503	6.1056	5.6449	7.5132
EA_G__AKR1B1	4.6938	6.0548	11.1521	4.8622	4.4778	8.2157	4.4619	4.565	6.3662	10.5992	4.6497	6.9879	7.0157	8.1308	9.1844	5.175	5.4781	4.7671	8.4129	9.049	9.0045	9.0431	5.1215	5.0227	8.4728	6.866	8.1635	4.946	6.5897	5.4319	5.2901	8.4605	9.627	10.232	4.7564	5.1681	5.0863	4.8373	4.9029	5.9037	5.9326
EA_G__WNT5A	4.2203	5.7588	8.2415	4.3574	4.0287	4.6156	3.8004	4.9342	4.0127	7.1312	3.588	3.8275	4.9674	4.6742	6.1426	5.2261	4.0126	8.387	5.6833	8.2455	5.7529	9.2519	4.0882	4.4068	6.9374	6.4325	5.785	4.2147	5.1055	4.6322	7.5613	6.4118	6.8442	7.2737	5.3906	4.6946	4.6565	3.9395	5.703	5.4694	4.3353
EA_G__GABRE	4.7424	8.6461	7.7588	5.6551	5.0391	4.3938	4.6382	4.1758	4.9124	8.2618	4.3276	5.3118	4.7007	5.8278	7.9141	9.1162	8.1704	8.7248	8.8724	7.7033	8.6508	7.3543	4.7152	4.3835	7.3917	8.2525	7.6055	4.2923	5.0037	5.1805	7.3929	4.7613	8.6802	7.5516	7.0601	5.0646	4.7438	6.7075	4.5927	5.1608	4.6551
EA_G__ST14	9.3704	10.0699	9.5095	9.4025	9.5064	5.3989	8.4103	9.1952	10.6256	5.1965	8.8454	9.6956	8.111	9.7844	9.82	10.1543	9.6138	10.002	9.6359	5.0132	9.7185	5.5207	9.0798	8.8239	5.3651	8.6958	5.8956	9.328	8.803	9.6571	10.0178	5.6156	9.5955	5.7331	8.6079	8.7602	11.0696	10.1267	9.1367	8.8607	9.6422
EA_G__FCGRT	8.0984	6.3375	6.171	6.3255	6.9019	7.5422	6.1345	7.4991	6.7804	7.4801	9.5356	7.3195	6.4734	6.8704	6.4856	6.2959	7.0946	7.0073	6.2378	8.0161	6.4038	6.3573	6.6541	6.9661	7.9189	7.9785	6.235	6.8045	6.6482	7.5823	6.5542	6.3355	6.6267	6.4737	6.2798	6.4266	7.6764	7.0002	8.1798	7.588	6.101
EA_G__ASRGL1	7.1149	7.0425	6.5196	5.6356	6.5771	6.3831	5.0036	7.3281	7.1895	6.3351	4.5902	7.1005	5.729	6.1189	6.368	5.3845	5.4255	7.2684	7.2256	6.573	4.9263	5.1455	6.733	6.0474	6.0371	6.2716	5.6172	7.5256	9.2882	6.0556	7.2998	5.8367	5.5255	5.1819	6.353	7.3248	6.848	8.3195	5.795	5.8741	5.7236
EA_G__EPHX2	6.1146	5.9783	4.3284	4.6869	6.4448	5.5327	7.2029	5.4098	5.6681	6.4895	3.753	6.9547	7.7145	5.036	6.478	4.5806	4.621	7.0225	6.3232	5.5165	6.1153	4.383	6.3471	6.169	5.5139	7.1491	4.4157	4.1791	7.5581	6.5342	6.7237	6.1296	5.6184	5.3204	5.8224	6.4973	7.5414	7.2345	4.4795	7.6813	4.3773
EA_G__ZNF570	6.2209	3.8371	6.9507	7.0008	6.7236	6.3329	6.9575	5.7485	6.7809	6.9308	7.3444	7.4409	6.1684	4.5992	5.8194	5.9081	8.6266	6.7966	6.4487	7.2405	5.5653	4.738	5.9587	5.7712	7.7853	6.7452	3.8864	6.2436	6.9029	6.1162	4.4403	6.4307	5.2091	5.6027	5.2619	5.153	6.428	6.5562	3.7192	5.6966	4.5389
EA_G__APOBEC3C	4.9575	4.3796	8.4404	5.0079	4.3185	4.6432	3.9746	6.252	7.5233	7.2601	4.2715	4.3922	4.4322	7.6314	8.0586	6.1462	4.3766	4.9659	6.7292	8.0813	6.5526	7.1948	4.5514	4.7951	7.4161	4.4358	7.5841	7.6699	8.5436	4.8073	4.7309	4.6374	7.9769	7.4662	5.0818	8.9395	4.9317	4.2818	4.5283	4.8494	4.3357
EA_G__NPNT	9.7175	4.796	4.7201	6.5012	7.8917	4.441	10.7625	8.1607	5.8982	4.3833	7.3872	11.8091	11.6626	5.0469	8.443	5.5542	10.1728	8.6324	7.036	4.1383	8.539	4.1836	8.3548	8.2778	9.2354	8.4311	4.3101	6.7171	10.0655	8.3994	6.4436	3.8952	5.0532	4.2828	7.6355	5.7851	6.7138	8.0511	6.9318	8.2562	6.0306
EA_G__ACOT4	7.9904	7.5193	7.0833	8.1776	7.8059	5.4917	7.1285	6.0694	5.512	4.9214	7.8169	7.2952	5.7055	6.1858	6.3676	5.3287	5.4342	6.8359	5.1841	5.8504	6.5305	5.4131	6.8139	7.1462	6.7919	5.8255	4.9953	6.0179	7.6577	7.627	7.675	5.6212	6.388	5.26	5.4872	6.8487	8.7934	8.7735	6.8973	6.4895	6.3898
EA_G__PELI1	5.9647	6.6992	7.8396	5.8345	5.9866	5.4567	4.6227	8.9332	8.9104	7.3857	6.6035	8.0533	8.0148	7.0929	7.9337	7.2112	6.8029	6.9788	7.5129	7.2449	8.2749	6.8893	6.478	5.1032	8.8709	5.3363	7.2298	6.4351	6.7005	4.5744	6.6792	5.746	6.9879	5.8423	7.0353	5.4903	6.1422	7.253	5.8788	4.77	5.7152
EA_G__BNC1	4.4225	4.6525	4.6375	4.5391	4.5794	4.9046	4.5271	4.5858	4.6519	5.013	4.2098	4.5758	5.4908	8.9293	5.375	4.532	4.5223	4.7651	7.5959	5.5354	6.9696	4.4421	5.2848	4.9453	6.2613	4.7857	4.8329	4.6672	4.1558	5.0196	4.7998	4.616	8.4732	8.6029	4.718	5.0088	4.6339	4.9844	4.6371	5.3258	5.0175
EA_G__RBMS3	3.6966	3.9791	3.4284	3.7614	3.2958	6.9879	3.583	6.8575	3.6609	6.9888	3.541	3.5718	3.7914	3.8414	5.8881	4.5971	3.8785	3.7264	5.8152	7.3861	5.6311	8.01	3.8227	3.7421	8.1422	4.3691	7.5577	3.5926	4.3143	4.0302	3.8835	7.0336	4.6486	7.2745	3.4165	3.8293	3.865	3.5954	3.6699	4.3854	3.4762
EA_G__IL27RA	6.0024	5.1022	6.3254	5.0221	5.7103	7.1938	6.6624	8.022	7.9466	6.8401	5.94	5.6764	7.2059	6.6802	7.4566	5.1144	5.553	6.2494	6.6266	6.157	7.1711	5.3261	5.8236	6.248	6.2951	5.0143	6.6472	5.6912	5.1369	6.1566	5.3116	5.9985	7.3052	5.8023	5.2485	5.5587	6.4946	5.6416	6.8361	5.4282	6.5847
EA_G__UCHL1	6.4525	5.7946	4.931	5.3146	6.3368	9.9801	5.0259	6.5753	10.4462	10.1736	6.9799	4.8118	8.9111	10.7585	8.1848	5.0429	7.099	5.8865	4.7882	10.5443	8.079	4.6751	5.0645	5.2248	7.8491	5.0463	4.9923	4.9464	6.5207	6.0308	5.5858	5.0615	5.8771	5.3554	5.4628	5.1078	6.2853	5.9129	4.8978	5.9537	4.7617
EA_G__EFS	5.6312	5.8379	7.5074	6.6899	7.0576	5.2477	6.1714	6.8069	7.6687	5.6171	7.7741	6.2187	6.8659	5.846	5.8344	5.5482	5.8984	8.1291	5.4385	7.0219	6.6711	5.7584	5.7557	5.8945	5.2271	6.3876	5.5316	8.757	5.6034	7.8905	6.128	5.5567	5.6693	5.8229	8.2628	6.116	7.2822	5.9159	7.2416	6.0757	6.0806
EA_G__HRASLS3	9.185	8.0331	6.5569	8.1253	7.5427	4.1865	7.5257	8.7531	5.8257	4.4764	10.9411	8.9191	6.2077	8.2086	6.8859	6.0896	8.851	9.1961	4.0059	5.4627	7.8999	5.8393	7.8119	7.915	8.1888	8.6077	8.9259	4.7191	10.1749	5.162	8.5295	5.9163	8.0912	8.1084	6.789	10.1249	10.2764	8.7814	5.1191	8.9738	5.6799
EA_G__LOC728378	6.1287	8.7704	8.7553	8.5358	6.2047	5.9336	6.1367	5.9899	8.331	7.4195	7.4328	8.6495	6.0693	7.4731	5.5957	7.4847	6.2001	6.5281	8.253	8.4828	6.4756	8.2818	8.5001	8.1333	5.9416	5.657	6.353	8.5718	7.9767	6.404	8.0674	7.4921	7.0628	6.3735	5.9872	7.4684	6.0233	5.811	6.9625	5.7302	8.4742
EA_G__EDG3	7.4502	6.934	8.1139	10.4128	9.7139	6.3952	9.5367	8.0358	6.8443	8.9643	9.1369	8.9153	7.8993	5.3846	7.8087	9.1444	9.3102	7.1815	7.2726	8.8852	8.5981	8.5947	8.383	8.9758	9.7428	8.7596	7.7877	9.4427	8.5052	8.8173	8.0215	7.9986	8.4006	7.2288	9.8528	8.3141	6.9779	7.5722	8.9381	8.5797	8.2089
EA_G__C11orf67	8.9671	6.4358	6.2551	6.6165	6.9265	7.8002	7.1582	7.0121	7.2905	7.3736	7.6036	7.4099	7.7595	6.0061	6.9289	7.4268	7.7561	6.9882	6.6724	7.5452	7.2255	6.7801	6.6588	7.1051	7.5744	8.6319	6.8711	6.5002	6.4034	7.0962	7.1861	7.1546	6.5903	7.0257	5.6563	9.0393	7.0586	7.7459	7.4125	6.3142	6.9565
EA_G__RAP1GAP	7.8799	8.4973	7.9103	8.1113	6.5433	5.7543	6.6874	6.2945	5.5823	6.8339	8.8874	6.4177	6.6467	6.6522	6.1962	6.8892	7.3406	6.8436	6.2461	6.0267	7.3026	5.7874	7.563	7.4447	6.0472	6.9761	5.9038	8.0141	9.6091	8.3862	7.8449	5.9335	6.747	5.6571	8.1292	8.3811	5.8442	6.5819	6.6144	8.2441	6.5221
EA_G__EVI1	5.6366	5.0811	6.0671	4.0497	4.4005	3.903	4.6795	4.5918	3.9043	4.6136	4.1728	3.8124	3.7477	6.6586	6.375	6.937	6.7405	7.217	5.6055	3.7139	7.5972	6.3319	5.4193	5.4397	4.2674	7.1328	7.6012	5.1023	5.962	4.6646	5.7564	3.979	4.8133	7.3787	4.8373	6.4312	6.407	5.5098	5.844	6.1673	4.9089
EA_G__LOC349196	8.0785	5.8941	7.1981	6.0111	6.4224	5.6908	6.2716	6.8299	7.6618	6.563	6.8093	6.4141	6.9354	6.3984	6.0345	6.728	5.7727	6.0867	5.8519	8.2137	5.7968	5.9554	7.1532	6.387	6.5907	9.0873	6.6802	6.4903	6.2809	6.5531	6.1947	8.5725	5.9682	5.9493	6.1833	7.1536	6.0121	8.2888	7.5392	6.642	7.1371
EA_G__DNMBP	6.264	5.6061	5.9029	7.4671	4.629	7.5821	6.0355	6.771	5.1335	6.3707	6.1806	6.5786	5.9325	7.7479	5.3193	6.346	4.4996	6.2645	6.8332	6.0247	5.8245	7.7047	5.5747	6.2957	6.7426	6.1111	9.5674	7.7793	7.3264	6.7295	5.3964	7.8646	5.9863	7.7632	6.7723	6.519	5.1557	5.326	6.8578	5.6168	4.9304
EA_G__IL1R1	5.2433	6.2627	5.8067	6.4215	5.9244	6.9492	7.1119	4.9937	5.9677	7.8353	3.6556	3.6594	6.2725	4.2437	4.4349	5.2934	6.9309	8.6186	5.4512	6.8552	6.9971	6.0492	5.4991	5.0264	6.6671	6.0735	4.3427	7.0316	7.5953	9.5627	5.5494	6.534	5.8414	5.9406	5.4326	5.9686	5.867	5.7212	6.7576	8.4675	4.3297
EA_G__KIAA1754	5.6979	6.2297	6.5357	5.8518	5.2852	6.9463	5.4686	6.2887	5.9089	7.0913	6.134	4.8143	5.9613	7.0933	6.3267	6.952	5.9693	5.6172	6.357	5.9586	6.7698	8.4302	6.1948	5.7878	6.2668	5.807	7.5315	5.084	5.6017	5.8272	6.0504	8.4361	6.3043	7.7256	7.0121	5.8607	5.6484	5.4141	5.5	5.9996	5.3359
EA_G__ELN	6.4868	6.6845	6.5721	6.6019	6.4528	6.4104	6.4611	6.5707	10.8157	6.4814	6.2034	6.3682	6.4975	6.7654	6.4598	6.5872	6.6762	6.6687	7.244	7.0337	6.7653	6.3472	6.7831	6.6773	6.3791	6.7574	6.5574	6.296	6.2615	7.1516	6.7202	6.5708	6.8303	6.5289	6.4699	6.7858	6.5157	6.6545	6.5571	7.1778	6.5757
EA_G__GPC4	5.1104	3.5621	5.2864	6.2868	5.1995	3.7073	3.8111	8.8753	5.5451	7.9676	6.8208	3.8903	5.23	3.9947	5.3175	5.8796	4.2999	5.083	7.0786	4.5048	6.9533	4.8186	4.7221	6.6727	3.5094	6.5707	3.6208	4.4385	4.4442	5.4234	3.7719	6.4853	4.2966	3.9069	7.6735	5.5025	4.9544	6.9826	4.2425	7.119	4.573
EA_G__IGFBP2	8.5819	7.265	8.5701	9.2045	10.6598	5.7406	9.0647	7.9946	7.7249	6.7037	9.6491	9.7208	8.1824	6.5365	7.6499	7.3055	7.1166	7.7549	8.2099	5.7756	6.114	6.1845	8.9304	9.2132	7.7601	7.9848	5.934	10.1046	8.3743	9.0101	6.3136	5.7437	6.0489	6.0078	8.2235	8.6306	8.9587	9.4836	8.4837	7.9908	9.1231
EA_G__CALCOCO2	8.4692	6.6383	7.7069	9.6562	8.6952	7.8574	8.6576	8.2623	7.6502	7.7392	10.6594	9.3799	8.0394	7.4656	7.6139	7.5792	10.6111	7.8504	7.8448	8.7402	7.8462	7.8244	7.7946	8.405	7.8819	7.6837	7.8642	9.6198	8.5167	8.2891	6.2432	8.685	7.1097	7.8718	7.3404	8.7228	9.0431	9.6396	9.2757	9.8843	8.839
EA_G__CNKSR3	5.06	4.3108	5.5452	5.9153	5.1754	6.9733	4.262	7.7174	7.0384	6.7579	7.093	6.4602	7.8627	5.9133	5.4103	6.6012	4.065	6.5838	5.3453	5.8715	6.3588	7.1489	5.4549	6.0796	6.9354	5.1829	6.2601	6.0659	4.2492	4.7517	4.5474	6.9434	4.9648	5.893	5.3603	5.3887	3.7367	5.9269	4.9541	5.8103	5.8512
EA_G__NNT	8.9594	4.498	6.2656	8.1961	7.7612	9.1154	7.1893	7.8733	8.3974	9.0731	7.9295	8.0816	8.3827	8.8736	8.8486	4.1845	7.867	9.8433	8.4993	8.7518	8.5517	8.91	8.0412	8.4446	10.364	8.2588	8.8528	8.1478	7.5189	5.9494	5.547	9.6096	7.8752	9.5736	4.8242	4.7976	9.6352	8.1122	6.3612	7.4801	7.0369
EA_G__PTPRM	6.1723	5.206	6.3564	5.8235	4.0196	4.3371	5.1707	6.9291	4.1798	6.622	4.0832	3.8877	6.3608	4.1431	5.9112	5.6496	4.2566	3.9882	6.5661	8.2248	6.089	7.8979	4.417	4.1385	7.2107	6.9261	8.0141	5.921	4.5732	5.0201	4.3981	6.7359	8.1968	7.0189	5.2382	5.3613	4.3122	5.5276	7.1118	4.8458	5.9902
EA_G__IFI16	4.0877	3.3135	4.3335	3.0329	2.8529	3.211	3.0887	3.0011	4.1357	7.8109	2.953	3.1713	6.782	7.3153	6.8005	7.608	3.2238	3.3307	3.4206	7.3667	8.5168	6.9341	3.2072	3.5063	7.0177	3.9298	6.146	2.9532	3.8313	3.6445	3.521	3.32	6.6117	7.8237	3.212	3.8013	3.6526	3.1544	3.128	3.5191	3.2743
EA_G__MOCOS	6.3435	6.217	5.8673	6.3988	5.7591	6.0636	6.2536	6.0695	8.1695	5.8245	5.7636	5.178	6.2517	6.3625	5.9401	8.0116	7.2424	5.835	7.0253	8.2061	8.3419	4.2747	6.5318	6.7043	4.9152	6.2279	8.5545	5.9406	5.3174	5.7299	6.0836	5.0475	9.579	6.7561	5.8692	4.8174	6.2956	4.8126	6.9694	5.1227	7.8283
EA_G__SRPX2	4.1973	4.7095	7.9005	4.3877	4.2742	4.2844	4.0862	5.4767	4.4034	6.441	4.0076	4.3344	4.1716	5.7482	7.5426	8.5976	4.5518	5.2662	6.331	6.7143	9.6519	7.1681	4.5453	4.3283	4.4019	6.2141	5.4315	4.1632	5.0324	4.908	4.8403	6.884	6.2682	6.3809	4.7994	4.7459	4.5637	4.38	4.4076	6.9111	4.1805
EA_G__TMEM16A	5.2908	7.2916	6.4055	9.4332	8.3635	4.9702	5.3162	9.8919	8.7183	5.2833	9.0278	8.6188	6.5456	7.9563	8.5709	7.4917	7.0008	7.5129	6.7371	4.7918	5.8483	5.1414	5.324	5.5073	5.098	7.6208	4.7971	8.0768	11.1144	7.8885	8.0278	5.0673	5.1832	5.1206	5.3765	5.3902	7.2997	5.773	10.4323	7.5198	8.705
EA_G__PGF	5.602	5.8381	6.0041	5.772	5.406	6.2008	5.697	6.0163	5.8025	5.8768	5.3008	5.5795	7.2205	6.9579	5.8713	5.7716	5.9125	6.156	6.2143	6.1993	6.1518	7.7203	5.8004	6.2033	8.116	5.7095	8.2255	5.7111	5.3044	6.7778	6.159	5.5805	6.3683	5.8387	7.055	5.8603	6.2237	5.9724	5.9649	6.3362	5.7674
EA_G__ZNF813	6.2326	5.728	7.226	6.7361	7.2282	6.8674	7.2507	4.1479	6.621	6.2869	6.5393	7.3003	6.3642	6.6557	6.7048	4.6271	6.7368	7.3694	5.5668	6.7917	5.8578	5.268	5.8046	5.9842	4.9736	5.7928	4.4584	6.4775	7.8527	5.3276	5.7723	6.4753	4.5741	4.5841	5.4974	8.2917	5.8546	6.2948	5.0226	5.4382	5.1622
EA_G__EPHA2	9.1154	8.5414	9.6508	7.3461	6.8444	9.4567	7.1665	8.6973	7.4528	7.6542	8.0337	6.4815	6.9884	9.9389	10.0314	10.1517	7.8157	8.3948	9.354	9.0916	8.7865	9.6476	7.7947	7.5449	9.4881	8.1785	10.4042	6.9463	7.1418	7.4838	8.3671	8.6969	9.6151	9.4186	8.7254	7.5725	7.0417	7.2961	6.8289	7.8989	7.5115
EA_G__IGFBP4	10.3518	5.4835	5.6076	8.5982	10.1793	6.7461	8.4923	7.6433	7.6194	5.4232	7.9051	8.8256	8.8224	8.3868	8.038	5.3601	5.9597	6.1742	6.4913	10.0868	8.7161	9.4826	9.0429	8.2276	8.7773	6.9441	10.1979	8.8733	8.2304	6.8784	5.6807	5.9001	7.3242	9.528	7.2975	5.8527	9.1837	9.7395	6.4263	7.1553	7.4335
EA_G__TMEM98	9.4954	4.9119	5.2437	5.4122	6.7786	4.9445	4.5186	5.6463	8.2765	4.8284	4.5504	4.9327	8.7098	7.1575	5.6695	5.0564	5.4408	5.3875	6.7775	7.7384	5.1637	4.8143	5.1628	4.9113	5.3969	7.713	4.8877	6.9486	4.5807	5.6826	4.784	5.0266	5.1448	7.6775	5.2243	5.6284	8.1567	5.5775	5.4691	6.7161	7.1559
EA_G__LRRC3	7.2809	6.7232	6.8439	7.1599	7.518	7.7761	7.5554	8.5148	6.6376	7.6159	6.5069	8.0904	8.6436	7.2912	6.8583	7.6733	5.978	6.5203	8.0376	7.3998	6.5337	5.8985	7.3548	7.4232	9.5961	6.8546	5.6835	6.1708	6.2347	7.2202	6.4558	7.9527	6.8185	6.3277	6.5213	6.9724	6.9385	7.3138	6.7603	6.5621	6.6171
EA_G__DHRS2	4.826	12.6045	11.3429	10.9225	6.4126	4.7951	4.9841	5.0026	4.1419	5.2133	9.4922	7.8911	4.6987	5.8971	6.6305	6.1002	6.0863	6.6271	7.6348	4.3533	4.9997	9.4494	9.5675	9.8142	4.3182	9.6429	5.2669	11.2132	5.0481	5.6525	12.2474	4.5827	5.307	5.0884	5.0364	5.5243	4.9878	5.1772	8.1213	5.7624	5.7559
EA_G__PLXND1	8.4841	7.676	7.6166	6.7531	8.4025	6.1691	7.3083	6.6701	8.3487	7.0234	7.7191	8.7714	7.9056	7.1263	6.8018	6.2004	6.6459	8.554	6.3407	7.9336	8.1718	7.47	8.4443	7.9899	8.8234	9.7495	7.071	7.553	7.083	7.9119	6.8313	6.881	7.4619	6.1199	9.7749	7.7438	7.6225	8.5472	6.6854	7.3386	7.1503
EA_G__REEP1	5.5033	5.2776	4.9751	7.7187	8.1646	4.2074	7.4432	5.0386	5.2532	6.9734	8.0607	5.8655	6.3005	4.2921	4.878	4.814	4.2225	7.0192	5.5482	5.1596	4.3844	4.5623	5.2159	5.6446	7.4545	5.2399	4.8001	7.4304	4.2083	6.0434	4.6308	4.3189	4.6422	4.2838	7.0726	4.6808	6.3316	5.9632	6.1664	6.3869	5.9645
EA_G__DSP	8.4184	8.5174	8.3555	9.7781	9.9137	4.438	8.3945	8.8684	9.8838	4.326	9.484	6.301	8.4854	9.2614	9.8513	8.9699	9.1173	10.249	9.2227	6.8289	9.9116	6.0849	9.2346	9.4662	6.8075	8.9583	6.9698	9.1769	8.8104	5.5198	8.8651	4.3964	9.6506	5.7489	8.7123	9.3918	9.3757	9.3323	9.2241	9.2094	8.0323
EA_G__FAM77C	5.5986	5.2746	5.141	5.8177	9.2404	6.2285	6.2276	5.3808	8.9727	5.7255	5.6698	8.9535	6.7136	5.356	5.6356	5.4778	6.8957	5.3006	5.5056	5.3072	5.7193	5.0108	6.0272	7.3493	7.2011	5.5719	5.2503	6.1178	5.1351	6.0575	5.6643	5.5834	5.2124	5.4421	6.2118	6.0491	6.0703	7.1372	5.5503	8.1041	5.5351
EA_G__IRF6	9.1696	8.0282	7.5604	8.1633	10.1843	3.8128	9.1797	10.0554	6.7037	4.5638	8.2055	9.4594	8.5462	9.872	9.6737	8.8168	8.5601	8.441	8.7425	4.26	8.7031	4.1966	7.1606	7.4177	4.2715	8.9155	4.6084	8.7099	9.4025	8.2687	8.274	4.6999	8.2688	5.0442	8.089	9.079	8.3038	7.8424	9.1979	8.1744	8.3068
EA_G__AZGP1	11.8674	10.2938	5.2477	6.3166	7.9619	5.1861	7.8483	10.5743	5.8672	4.8475	9.8598	5.393	10.1989	5.1734	7.6159	8.1158	8.9454	9.9126	7.6711	4.5263	11.0381	4.8353	5.798	5.7386	4.8156	8.6593	4.9316	8.3578	10.6706	10.6377	8.0518	5.702	6.1725	5.9591	6.4786	7.3664	9.6307	9.8486	10.4682	10.3801	8.0104
EA_G__SEPT5	6.3649	5.8218	5.4888	6.8545	9.2149	6.9917	7.0728	6.888	8.1918	5.9548	4.9238	7.691	9.195	6.8196	5.8255	4.974	5.7689	5.4952	6.6148	8.3416	5.4054	7.6431	5.8702	5.9275	8.0557	7.0142	5.3191	6.0274	6.0086	7.2841	5.941	7.763	5.3691	6.201	5.9793	6.6086	6.8084	7.9207	6.5206	6.4916	8.1474
EA_G__CASP4	6.3019	7.5155	6.7396	5.3109	5.4746	5.9578	3.3988	6.0738	7.8177	6.3475	4.2606	5.0249	4.6603	8.3937	7.5857	8.3653	5.5842	6.3506	7.6006	6.7481	7.609	7.1811	3.0831	4.2468	6.8069	5.7767	7.2394	7.347	6.6588	5.7453	6.5478	4.3336	7.0875	7.6942	7.0168	5.509	6.2177	3.4534	6.0266	5.9055	3.7952
EA_G__KRT13	6.9552	7.2847	6.701	6.1001	10.33	5.8539	5.749	6.2374	5.8131	5.8504	5.8338	8.2877	5.8424	10.3909	10.2844	6.4656	5.9006	5.958	5.8992	5.5661	5.9554	5.8534	6.201	6.0885	5.3836	6.2938	5.7852	5.6344	5.7481	6.6622	7.0171	5.947	6.2364	5.6979	5.7858	6.0699	7.0802	6.0486	5.977	6.1463	5.6948
EA_G__RHOD	9.4383	6.3205	9.3367	8.4884	9.4652	5.5742	9.5478	5.9601	8.9794	7.7977	9.6713	9.1259	8.1197	9.1846	9.0276	9.3317	8.4561	8.733	8.065	7.6813	8.0761	6.3719	8.9545	8.7762	6.3457	8.7998	7.5	8.5256	10.589	8.8677	6.6228	6.1711	8.7664	6.7042	8.4099	9.6388	9.4683	9.594	8.2317	8.1995	8.4584
EA_G__COL1A1	6.5423	6.2925	6.2508	7.0552	6.4358	11.619	6.3917	6.4123	6.3335	8.8737	6.885	6.5766	6.1846	6.4506	5.9671	6.0936	7.5176	6.3913	7.8403	11.224	6.3257	11.5916	6.6991	6.6985	11.2898	6.7111	6.1738	7.2627	6.1977	7.9956	6.3813	11.2379	6.9361	10.7507	6.9765	6.7742	7.2366	6.2342	7.0746	6.9359	6.3556
EA_G__CHMP4C	6.9565	7.0253	7.3947	7.5918	7.4754	4.8844	7.1787	7.8679	6.6028	4.4485	10.317	7.7176	6.0677	6.7877	7.5568	7.223	7.8252	7.8167	7.6065	7.0129	7.5536	4.1153	7.291	7.4487	4.752	7.1539	6.6016	6.743	7.0289	7.3943	6.9426	4.4597	7.4901	5.7615	7.3185	7.1496	7.4523	7.0903	7.0563	6.9539	7.0406
EA_G__NRG1	5.5213	5.8063	5.5273	5.5086	5.5075	9.3613	5.4881	5.8931	5.5782	5.8635	5.3613	5.8129	5.5653	8.4982	7.2946	5.5829	5.5363	5.6927	6.4332	7.1422	5.7786	8.0543	5.844	5.69	5.7692	7.2949	7.4453	5.3365	6.091	6.1522	5.9324	7.7485	6.1338	8.335	5.5868	5.9021	5.725	5.6826	5.5522	6.1684	5.7501
EA_G__TRPS1	9.0576	8.6929	5.2817	7.9637	9.9113	7.941	9.6003	8.2676	6.2971	8.2542	9.3574	9.0344	9.6289	4.8732	6.8942	6.1011	9.6131	9.2005	6.9033	8.6796	7.3462	6.7309	8.3805	8.2701	6.9377	9.267	5.6309	8.4217	9.3101	8.6854	8.8784	8.6992	8.1937	5.6307	10.0786	10.1946	9.9131	9.5757	9.4528	9.7587	9.8853
EA_G__CYP2J2	7.5609	6.4435	5.1334	6.7259	6.0601	4.78	5.8339	6.1137	5.5908	4.6398	7.7706	6.8903	5.9356	4.8007	5.9878	5.8329	6.8396	7.4097	4.6187	4.4382	6.0827	4.8923	6.3696	7.0868	4.2793	4.9988	5.9153	7.5381	8.3749	5.4937	7.2803	4.893	5.2515	5.3152	6.042	5.895	5.9996	6.2447	7.9614	5.8812	6.8202
EA_G__NRAS	8.8555	8.6798	10.3366	8.779	8.7419	10.1321	9.294	8.8577	7.8488	8.7858	5.968	8.8714	5.4055	9.1916	9.9501	8.9914	9.1434	5.3664	9.5788	10.417	8.7148	9.4073	10.6152	11.0763	8.9749	7.9395	10.0815	8.4322	7.5223	8.2559	8.7267	9.918	9.3361	9.5803	5.4178	8.1186	8.3406	5.1291	5.3785	7.8512	4.6904
EA_G__IFI6	8.0205	8.8049	6.9188	7.9177	11.3769	8.1399	6.2723	9.5254	8.5864	8.7518	7.8325	8.8305	9.6611	7.6102	10.0389	9.4937	10.3343	7.7947	7.5965	7.6075	12.4696	7.8243	8.8915	9.206	9.0368	8.9342	7.4426	9.8659	11.0616	7.5724	7.6435	8.5163	10.2681	7.7294	6.7292	8.3479	9.3106	7.8069	7.9529	6.8287	6.4615
EA_G__PDCD4	8.7451	7.2221	4.9274	9.1525	9.6114	6.9065	9.7468	6.4642	9.1019	7.7495	8.5973	10.2921	6.4907	5.6176	6.6294	5.985	8.6672	8.9419	5.47	6.8651	7.9542	5.877	8.1806	7.8868	6.0254	8.0429	8.695	9.6332	10.4832	8.1844	6.4457	7.2904	6.741	5.8866	7.7702	7.9408	8.9593	9.1703	10.8018	8.0638	10.2493
EA_G__ISYNA1	8.5632	7.4039	9.325	7.168	8.9459	7.9119	7.6617	8.5353	10.784	7.6681	7.5998	9.1415	8.7706	8.3458	7.5468	7.4392	7.8465	7.1114	7.4558	7.5032	9.5082	5.3602	8.0299	8.9072	9.305	9.2692	6.1151	8.4386	7.7421	9.8901	8.0141	9.7709	7.7433	5.7352	9.1475	6.0251	9.0135	8.5699	8.7946	6.1953	9.0171
EA_G__PSCA	8.6778	6.808	7.7485	7.4204	6.1323	6.2269	6.1241	5.9762	6.1713	6.0065	8.8023	6.0835	6.1892	6.0919	5.9439	6.6586	7.7548	7.1563	6.4572	6.2267	6.4924	6.9031	6.978	6.2197	6.272	8.5062	6.3328	9.3354	7.9842	6.881	7.2737	6.4886	6.825	6.8352	8.2749	7.561	6.4259	6.1518	5.9503	8.3378	6.0552
EA_G__CDK5RAP3	8.0769	7.0657	7.0022	7.5364	7.9107	7.8547	7.8394	8.6243	7.1116	7.3997	10.176	7.8988	7.9888	6.9633	7.5531	7.1028	7.4433	7.9227	7.4204	7.2929	7.5687	6.8329	7.8635	8.8183	7.1384	7.2617	8.1751	8.666	8.6379	8.04	6.512	6.8064	7.0335	6.9849	7.0939	8.3218	8.1078	7.7401	8.6391	7.2076	8.6733
EA_G__TBX3	6.3342	6.092	6.2181	8.6399	6.2426	7.027	8.7359	7.1348	5.1111	7.2137	7.3479	5.1585	6.2092	6.3868	5.5323	6.2461	6.1845	6.0269	5.4694	5.8435	5.5028	7.3544	5.8119	6.1107	6.8349	8.2722	5.145	8.0095	9.7012	7.8023	6.2349	5.5515	5.9477	7.3091	6.9391	9.1197	6.3951	7.5382	7.1479	9.2362	6.2149
EA_G__LIPG	5.1381	5.163	7.1426	4.9295	4.8718	4.6897	4.6188	7.0169	10.9807	4.7925	4.1621	4.592	4.6623	6.8091	5.6252	9.1776	5.1501	5.0515	5.1382	7.1466	7.0825	6.1352	4.986	4.9245	5.151	5.8977	6.6887	4.5965	5.4637	6.2382	5.6447	4.9432	7.1057	5.1428	6.8457	5.4611	5.2502	4.7586	4.8716	5.4705	4.5788
EA_G__TM4SF1	10.5837	9.103	8.6444	7.0223	10.4072	10.5797	6.7515	10.7816	9.0133	9.5101	4.7912	8.7278	11.0193	8.0929	10.0698	9.8907	7.6939	10.7058	8.5726	9.7746	11.0964	10.8372	6.659	6.9126	8.5816	5.4335	10.4572	4.2343	10.6986	10.1197	8.2184	11.0903	9.3613	9.8035	4.5973	8.9507	6.8106	7.9421	9.8794	9.0782	5.3992
EA_G__GALNT10	9.3812	9.4138	7.1051	8.6302	7.9105	9.1786	9.3732	6.602	6.3646	8.1789	8.3228	7.334	7.2598	6.5998	7.951	7.4715	9.2138	8.4982	6.9708	7.2458	5.0836	9.4439	7.8167	7.7543	8.2044	8.7906	9.4934	8.736	10.3413	9.3986	9.9127	6.9021	7.1762	8.2465	8.7201	9.1419	8.6398	9.3244	8.5702	9.7996	7.8168
EA_G__TGFA	6.3629	5.5145	7.6284	6.1973	5.791	5.3757	5.4324	8.1416	6.3221	4.9146	6.4146	7.4134	5.2882	8.9068	8.1292	7.6788	5.1958	7.2032	7.1936	5.1957	7.2558	5.0225	5.8052	5.81	5.1393	6.0162	6.7124	6.3208	5.4841	5.7603	5.7866	5.3489	6.6355	5.6539	6.6669	6.6719	6.4806	6.862	6.463	5.8827	6.1656
EA_G__RANBP6	6.6269	7.2074	8.1489	6.783	8.1933	7.8091	8.3597	7.9058	8.2699	8.9775	7.2594	6.7298	7.6135	7.3862	8.1739	10.2783	8.5774	5.8212	8.8739	9.8342	8.111	8.6086	7.0049	7.0682	8.1927	7.1919	7.9168	6.69	7.5771	6.6933	6.9985	6.4378	7.8482	8.4859	8.4586	7.0878	7.7893	7.204	7.4285	7.9796	7.6502
EA_G__AKR1C2	5.5514	6.5139	7.0241	3.7745	4.2156	5.3748	3.603	5.3031	9.7278	8.9379	4.5177	4.0514	3.9807	7.9473	6.4415	6.994	4.0958	4.7043	7.7951	5.8854	7.1098	4.6004	5.4571	5.7248	4.2198	6.2272	3.9389	4.2995	7.853	4.0772	4.7216	5.2509	6.8252	5.6429	6.7441	4.9808	4.2148	3.6287	4.5024	4.9998	5.7839
EA_G__C1orf51	6.6892	4.8521	4.8533	4.9008	6.909	7.1082	4.9776	7.7554	7.7689	4.9594	7.0964	5.4581	6.7232	5.4821	6.4007	5.0352	7.3209	6.4645	4.9892	6.6596	6.2282	7.0323	7.0637	7.2549	5.384	6.9351	4.8587	4.496	6.1472	6.3592	5.1384	4.8005	5.5825	5.0308	6.8162	5.4397	7.092	5.4408	7.2047	8.3737	6.9766
EA_G__MTSS1	5.8587	5.6912	4.5068	6.8843	7.0331	6.4919	5.8012	5.3065	7.1918	6.2432	8.5811	7.0421	7.0883	7.5023	7.0308	5.9383	5.6926	4.9353	5.3388	5.1834	4.8634	5.7994	5.7517	6.2886	5.0317	6.4292	4.561	6.0564	8.121	5.6778	5.9113	5.2908	4.9113	5.8955	5.5815	7.5958	6.1442	7.246	7.146	6.9464	6.6464
EA_G__CRIP1	8.4336	5.31	5.3267	9.7731	11.423	5.334	5.4641	5.3474	8.9387	4.8935	11.7544	5.561	8.2598	7.0206	5.2656	5.5827	7.7479	5.8054	5.3255	5.4495	8.2606	5.0561	5.5382	5.4859	5.3967	8.9139	4.9174	9.2424	6.8474	7.5698	5.9588	5.2163	8.9972	5.2167	5.7411	5.2574	9.2766	9.2825	9.7626	7.8381	10.5449
EA_G__CYP4F11	6.5465	4.4267	8.1906	4.5012	5.0326	4.4176	3.9772	4.3603	4.1826	6.0847	3.9742	4.1638	4.2245	8.9217	7.7992	9.165	4.4511	4.4332	5.7223	4.0207	6.4864	4.3339	6.1457	7.5164	4.0023	5.4125	4.052	5.1644	7.3661	5.346	4.4157	4.6322	7.2486	4.9357	5.8616	6.7277	4.4454	5.2705	4.9629	5.3133	4.7675
EA_G__PRMT6	5.4947	6.6852	6.893	6.6478	6.5168	5.2716	7.5566	5.0996	4.8878	5.3945	6.8564	6.661	5.3206	6.0211	6.4814	6.1415	6.2295	6.0214	6.8696	6.8387	6.1845	6.6066	8.6243	8.6068	5.4532	5.8688	7.2715	5.4975	5.9887	6.2854	6.7294	6.1922	6.5385	6.412	6.2392	6.1271	6.3901	5.6391	5.9249	4.0331	6.7265
EA_G__REEP6	7.2756	7.3124	7.8296	8.0118	9.1556	6.6815	8.2179	7.8251	7.3053	7.6152	10.3249	9.2159	7.4347	7.4881	7.4719	7.15	9.761	8.9474	7.5053	6.5065	6.8337	6.7464	8.4331	8.6279	7.2691	8.1977	7.1275	9.1377	6.3806	10.0931	7.8307	7.1074	7.1343	6.4064	7.4075	7.6949	9.7124	9.2173	9.9128	8.8939	8.8387
EA_G__INHBA	4.4157	5.1581	8.1871	4.5395	5.5901	8.8598	4.8232	7.3236	6.0828	7.322	4.2724	4.7245	4.8786	6.9908	6.3432	8.1192	4.7776	4.7682	7.6801	5.3617	6.0516	8.9587	5.1789	4.9393	8.3441	5.2086	5.4346	4.3707	4.4921	5.5462	5.3421	4.2383	8.171	4.7614	4.6445	5.0919	5.2185	4.3351	4.6254	5.177	4.2807
EA_G__VEGFC	5.959	6.1045	5.2768	6.4836	6.1927	8.5363	6.3565	4.9781	6.5901	8.1276	7.4515	5.8244	5.2067	8.6976	8.2692	8.3195	6.3146	6.0912	6.7928	5.6619	6.1002	8.8704	6.4998	6.1745	7.8407	7.1515	8.2774	6.7377	5.8924	7.7121	6.4205	10.0856	8.5307	7.9418	6.2836	5.223	6.4057	5.6382	7.4676	6.0722	6.3411
EA_G__PCSK6	7.1586	4.6948	5.6532	5.5289	5.7538	4.8491	6.2989	7.61	7.1067	5.7957	5.1029	6.1242	8.5599	6.6614	6.6498	5.2313	4.925	5.7878	7.2933	5.2077	5.5007	4.5885	6.6723	7.1479	4.7337	5.7664	6.5565	5.7258	7.1817	6.0447	5.1569	4.9026	6.0826	6.3855	5.3919	5.2944	5.4918	6.0321	5.5935	5.5082	6.2738
EA_G__SDC2	7.2099	5.2774	5.2874	6.6995	6.1249	5.2366	6.1891	9.0296	6.5592	8.762	6.3787	10.0049	7.7125	5.2973	5.1487	4.9227	6.7622	8.355	7.8557	10.219	6.1073	9.8266	5.5128	5.6541	11.0232	7.0777	8.134	5.3263	6.5136	6.5579	5.3587	6.1784	6.1023	5.6438	7.483	5.2344	7.3972	7.2475	5.6634	6.3877	6.5775
EA_G__EEF1A2	8.724	10.195	10.7909	10.1908	10.7744	7.0377	10.2507	7.8491	6.0991	6.8516	8.2655	9.0378	6.769	8.7147	8.2178	9.52	9.0043	6.3966	6.868	8.5526	7.5921	8.032	10.8297	10.7881	9.2038	9.8723	8.1047	10.1051	7.9425	9.8692	7.5646	6.6486	9.7901	7.7531	8.5854	7.4054	10.1629	9.1895	11.0605	7.8332	11.6464
EA_G__KREMEN1	6.5585	6.9751	6.0424	8.046	7.4854	6.2366	6.3047	7.6357	6.6143	7.7238	9.2185	7.0632	7.6468	7.082	6.9969	6.8058	7.631	7.5835	6.7676	6.5842	5.4202	6.1612	7.2185	6.9237	7.088	8.303	6.2457	9.67	7.3885	7.2974	6.9629	6.9396	6.5568	6.1826	7.9062	7.3377	8.1413	8.4315	8.2097	8.027	7.8019
EA_G__THBS1	10.1181	8.8537	10.1535	6.8427	9.5472	11.7756	9.5093	12.1592	9.5535	9.3881	6.4172	6.256	5.7423	10.1946	9.8642	11.2382	7.5699	6.3827	11.5562	10.0309	8.1139	11.2999	8.4058	9.8527	9.8837	9.7727	10.2805	7.7776	10.0528	10.1956	8.4328	5.1794	11.4742	11.5545	7.7318	8.0413	8.8181	8.8273	5.1516	9.1584	5.3147
EA_G__FAS	5.2964	4.3814	4.7546	5.5666	4.5598	6.8075	4.351	3.9808	4.755	7.461	3.7128	4.5233	5.2159	7.0657	6.6827	6.6267	4.4217	3.9523	6.3324	7.5096	6.4286	6.8271	5.7738	5.2312	6.2432	5.2975	5.7043	5.0033	4.0033	4.6971	4.0116	7.1214	6.6558	6.8109	4.5431	6.22	7.0896	4.4007	6.1656	5.1448	6.8306
EA_G__EHF	8.9418	7.9677	7.8953	8.8702	8.3787	3.4608	7.0353	8.5755	9.3891	3.7674	8.0012	6.4301	4.3068	9.4851	8.5171	8.2355	8.9472	9.4367	7.3563	3.5329	8.1561	3.837	7.2835	4.963	3.0694	8.5866	3.5169	8.217	8.8245	9.2446	7.1737	4.1825	7.2807	3.8479	8.8579	8.1504	9.8011	8.7526	8.8216	8.5067	9.3806
EA_G__GSTT1	7.6347	4.6299	4.8137	8.0168	7.052	7.6019	8.4776	4.7123	4.377	4.5363	8.8024	4.5306	4.5116	4.9129	4.2115	7.0852	4.9573	7.3671	7.6961	7.5309	4.753	6.9702	6.5317	7.7158	6.9876	7.636	4.0882	8.3665	7.6046	8.6851	6.5673	5.1682	7.0605	6.4598	7.5391	4.7409	4.6702	7.7072	9.7679	5.2139	8.4166
EA_G__PLCB4	3.8114	7.2219	4.9135	7.2122	6.9576	6.4849	7.2256	5.1595	5.7291	7.0526	6.9605	4.3452	6.8313	3.6026	4.8546	4.3483	6.8757	5.5328	5.9106	7.6242	5.1795	5.827	5.8226	5.5676	7.3322	6.4344	3.056	6.9792	7.8846	6.7501	6.7967	5.6015	4.4626	3.7341	7.4422	7.2915	6.971	5.9617	6.9672	7.3414	6.4142
EA_G__HERPUD1	8.6285	10.4478	9.2085	10.5562	10.0457	9.4448	10.349	8.6294	9.3023	9.4727	9.8717	10.0827	8.4007	9.3534	9.6033	8.7193	9.3618	9.3689	9.1327	10.4734	9.8305	9.1198	9.0948	9.0238	9.246	9.8406	9.1072	10.4887	10.6213	8.9895	10.5573	10.2198	9.2076	10.4204	10.2215	10.1602	8.8683	9.8176	10.4281	10.6328	9.3348
EA_G__GUCY1A2	5.7098	4.963	4.9914	7.2933	5.6663	8.0067	5.5977	7.1214	5.5123	5.6862	5.5092	6.5882	4.573	5.0211	4.6681	5.724	6.5869	5.2856	4.7826	5.6527	4.8206	6.387	4.8811	5.8751	8.5172	7.7385	6.0496	7.5229	6.8476	8.7731	5.3486	5.5519	6.9357	5.4272	7.7352	8.5911	5.6237	5.605	5.1451	8.6745	4.8936
EA_G__RNF19A	7.5806	6.8449	7.213	8.3854	8.0815	7.4887	7.3422	7.2186	7.9854	6.5758	9.8883	7.8509	7.0373	6.7801	7.3909	7.7348	8.0034	8.5087	7.3712	7.2933	7.1165	7.2386	7.3685	7.2872	7.2107	7.9831	6.8442	7.493	6.5911	8.0239	6.734	7.7721	7.3392	6.609	7.3567	7.7411	6.5622	7.081	7.206	8.8223	6.3504
EA_G__GPX1	10.2914	6.6074	10.2418	10.0255	6.4332	9.521	9.8669	9.3434	6.2869	10.2073	9.7081	8.4087	6.2304	9.3709	10.6769	10.1513	10.0008	6.2999	10.699	9.8613	10.1105	9.8717	6.0935	6.4483	7.1531	6.2273	10.1702	10.003	8.6833	10.1856	6.5478	9.3792	10.175	10.1287	6.4856	6.3658	6.0835	6.0718	6.1269	6.5552	6.5288
EA_G__ENO2	6.1569	4.6093	6.2833	6.329	8.4766	7.602	5.2129	7.6663	6.8034	7.0428	6.2294	6.2752	4.7836	7.0512	6.3899	5.0838	5.6172	5.5641	7.2008	7.0543	7.0234	6.9214	6.5056	7.73	6.8553	7.0927	7.9842	7.5544	6.368	7.8388	5.2907	5.1423	7.2355	7.2512	7.5599	5.974	6.3828	6.4867	7.4347	6.5021	7.2273
EA_G__NCOA3	8.1052	9.2571	9.592	10.8214	9.0906	8.4774	8.7035	8.4412	7.5889	8.6077	9.7062	7.983	7.965	8.448	8.4315	9.4085	8.0727	7.9253	7.81	8.1464	7.7562	7.9493	10.8399	11.1574	8.1327	8.578	7.2583	8.1256	8.9069	7.9599	9.2201	7.7563	7.9861	7.9172	7.8126	8.8724	8.4034	7.8476	8.766	8.6426	8.1996
EA_G__DPYD	5.7967	5.64	5.7553	4.3788	4.2825	8.3159	4.2017	7.8062	4.2855	8.8549	3.9347	4.0726	5.0063	6.1143	9.4525	6.9179	5.538	4.5943	4.9597	9.4643	8.6987	8.286	4.1438	5.5058	7.1156	4.7003	8.739	4.3333	7.724	5.5622	5.8884	7.8689	7.0905	7.6585	4.0732	6.7683	4.2669	4.0758	4.0451	6.4362	4.3467
EA_G__SLC7A11	5.1809	5.1817	7.4396	4.1599	5.0311	6.5597	4.2618	5.8494	3.5826	8.4557	4.9675	5.0098	5.4931	7.8307	6.4145	6.5624	5.4258	3.8433	5.6015	6.7087	5.6799	7.1183	5.8004	5.4594	5.2728	4.449	8.0821	4.96	5.0106	4.2806	4.9229	7.2331	5.2141	7.3597	6.9123	4.0292	4.5781	4.0326	4.6664	5.8671	4.9372
EA_G__FAM92A1	5.5302	3.478	6.5384	5.8483	6.4144	8.4157	5.1613	8.0287	5.1954	6.5926	9.1744	4.5411	7.7132	7.0833	7.3376	4.797	4.9067	5.1531	7.1769	8.6012	5.3043	7.7639	6.4938	5.9786	8.9483	5.4059	7.7509	5.8867	5.4835	4.3822	3.5541	8.8524	6.8195	8.0827	6.5139	3.813	6.5597	7.8706	5.3464	3.8296	5.5177
EA_G__LCP1	5.146	6.839	10.9294	5.6893	5.4391	4.4055	5.8053	6.1497	4.4387	9.0783	6.6189	7.492	5.1398	10.7988	10.4284	5.2753	5.1781	4.6537	11.0631	7.0851	6.6132	4.7714	7.4452	7.2867	4.1299	9.1857	7.7379	7.1143	11.3924	5.5718	9.4017	5.9028	4.9689	9.937	4.7529	4.8614	5.0352	5.244	6.6673	5.4817	5.3981
EA_G__A4GALT	5.7224	5.8089	6.1913	5.7502	7.6522	6.7222	5.4072	8.7285	5.9331	7.7788	6.5144	9.8981	6.3584	6.7694	6.1284	5.7258	6.0471	6.3435	5.7712	5.9156	6.088	6.0808	6.8302	7.4518	6.4745	6.4087	6.5983	7.1119	6.1523	6.0566	5.8012	6.3533	6.6638	7.4512	5.9948	6.8593	6.5861	7.9469	5.4932	6.6558	6.1123
EA_G__TFAP2B	8.0274	4.8111	4.091	4.1293	3.9244	4.1931	4.2074	3.9424	4.4717	4.0272	4.0813	4.006	4.1887	4.5853	3.9807	4.2193	10.1895	10.6765	4.307	3.9181	4.5139	4.147	4.5441	4.4439	3.9839	9.4045	4.2918	10.0043	8.8956	9.6539	4.9563	4.7782	4.521	4.3189	4.2268	7.865	5.0072	4.0677	10.6626	8.6161	4.7639
EA_G__SPARC	4.5171	4.8293	4.2373	4.5504	4.2699	11.8832	4.6628	6.7226	5.1153	9.4855	4.3425	4.5079	9.4465	4.4679	6.789	4.6287	4.7111	4.3059	10.9051	11.0077	4.8481	12.1508	4.9966	4.6314	12.8203	6.4311	7.2862	4.4453	12.4428	5.2404	4.8983	8.4651	5.4089	10.5706	4.7633	4.8747	4.5219	4.6737	4.7502	5.2492	4.5409
EA_G__KLHL2	8.3587	6.0843	6.2619	5.8795	4.8245	5.5681	4.4533	4.8289	5.2569	6.2357	7.2477	5.2499	5.7442	5.9133	7.0091	6.8963	5.9809	5.3661	6.0851	5.5678	6.1052	6.2443	5.8969	5.594	6.1928	5.1338	7.3609	6.058	6.831	5.1092	5.3609	5.8007	6.5952	6.0257	6.0448	7.3673	5.3257	4.8985	5.6249	8.1869	5.2991
EA_G__NAV1	7.4175	8.9354	6.7217	5.4838	5.7925	7.8052	5.1032	5.0575	7.9118	7.629	4.8157	4.8473	5.8443	6.4689	7.4442	6.9431	5.6569	7.9222	7.0711	8.0474	8.2228	8.6572	5.6577	5.8182	8.6836	6.9589	6.4817	6.5266	6.955	6.2838	8.7193	8.8574	7.5636	8.4718	6.3187	6.2935	5.239	5.7713	5.7746	6.5006	5.8825
EA_G__IRF9	6.9987	5.7972	6.5448	6.4872	9.006	7.0059	5.6445	7.1758	7.357	7.505	6.2185	6.9788	7.1472	5.6094	7.7845	7.583	7.7266	7.061	6.5593	6.0724	9.0531	6.4571	7.1904	6.8928	6.572	6.9745	6.2395	7.5352	8.6384	6.0192	6.1231	6.3522	7.2759	5.5514	5.9676	5.5177	6.4678	5.6357	5.2085	6.201	5.0718
EA_G__FKBP10	9.0546	9.6293	8.302	5.334	7.7281	9.2253	7.1871	8.358	5.4329	8.8414	5.871	5.2026	8.8307	7.781	7.7694	5.4977	5.6494	5.8272	8.2079	9.792	8.7845	9.9719	8.8278	7.4578	5.739	8.1887	8.5766	5.3066	8.4515	7.6708	9.5271	8.3804	8.5628	9.2679	6.4518	8.0723	6.9652	5.8348	6.6115	6.1956	8.8754
EA_G__SMARCA1	7.4394	3.9785	3.9806	4.3453	4.6092	7.8209	3.9852	5.791	5.1393	7.4987	5.0317	5.7294	6.5143	7.6732	3.8942	3.7441	3.7553	7.7518	7.5734	9.7943	5.6246	6.9026	4.8096	3.8965	8.9942	4.0232	6.5914	4.1317	6.9492	4.2943	4.6962	8.5624	6.3198	4.9378	3.5649	6.9832	7.6421	7.9042	4.1518	7.2691	3.9839
EA_G__KLK6	7.0631	5.1518	10.5243	4.8512	5.8665	5.2192	4.6448	8.8704	8.905	5.1136	4.7495	4.8798	5.6861	5.5909	9.742	11.2708	5.1366	5.6391	7.5474	5.0016	6.7784	5.0055	5.3676	5.2398	4.568	5.7877	4.9383	4.943	5.4919	5.7632	5.2367	4.7431	5.2022	4.9939	5.2092	8.0331	5.256	6.6689	5.0143	5.3949	4.7424
EA_G__NDUFC2	8.7886	7.1598	6.9092	7.0491	7.2122	6.7073	7.0567	7.1155	7.3385	6.5542	7.7604	7.8768	6.8795	7.5385	6.8346	7.0451	7.0788	7.1313	6.8631	6.9094	5.9698	6.6917	6.7885	7.0025	7.0241	7.6793	6.8544	6.7382	7.1858	6.9756	7.2295	6.3078	6.7869	6.9348	6.7793	8.5793	6.7674	7.3175	7.2422	6.4205	6.8924
EA_G__MAN1A1	5.1933	5.6682	6.039	6.5615	6.3424	8.5509	7.6635	5.2928	8.3076	7.6139	8.535	9.7214	7.5221	4.7155	4.5267	6.8801	4.9287	8.6002	4.5257	5.6164	7.228	6.7995	6.4615	6.6205	7.209	6.8648	6.0979	8.8384	7.1735	5.7849	5.4352	8.2483	5.8443	5.9607	5.7911	5.0156	6.4983	7.1912	5.5742	5.295	5.4073
EA_G__MX1	6.7692	4.7426	5.3908	4.6858	9.9373	4.5484	4.9095	4.1892	9.6165	5.0623	4.3829	6.8304	9.198	7.6388	8.4811	4.8605	8.1899	6.5906	4.1496	6.4851	10.4663	4.1959	5.0645	5.0942	7.1075	6.892	5.0751	4.657	8.2662	5.3425	4.8804	4.7268	8.276	4.5754	5.3837	6.0441	7.4259	5.3872	4.8218	5.1751	4.6197
EA_G__RAB34	9.3179	5.4145	7.7069	5.3779	6.2092	8.2862	5.2527	7.8298	5.8086	7.0027	8.1715	5.2251	8.0878	8.2376	7.1519	5.3486	5.5521	7.3082	5.1948	8.7784	6.9035	8.527	6.3726	5.3114	8.5876	7.1655	8.7138	5.5485	6.5644	6.2956	5.7314	8.5871	8.1814	8.8448	5.3935	5.8463	7.3655	8.7954	7.0463	7.5304	5.2141
EA_G__RARRES3	9.1096	7.7687	6.4281	5.3993	6.6058	4.2899	5.8098	5.1693	9.1422	6.0391	7.3182	7.167	5.2026	6.1213	8.343	9.3154	8.1094	8.1406	4.145	5.9253	9.5802	4.9869	5.4719	4.715	7.9014	6.5677	4.9322	5.1257	10.0138	5.6183	7.653	4.6534	5.8286	4.4097	6.1348	8.6296	8.112	7.2365	5.1083	7.578	5.337
EA_G__RSF1	8.2695	6.8876	7.4696	6.7511	7.3761	7.3592	6.6293	7.4456	8.1546	6.7546	6.7614	7.4565	7.3609	7.493	7.0289	7.4314	7.0089	6.3856	6.8976	7.4501	6.6409	6.8412	7.153	7.3079	6.8448	8.171	7.0497	6.8583	6.5569	7.0809	6.4572	6.7893	7.3786	6.7311	6.3921	9.0142	7.0643	7.4008	6.8878	6.0395	6.9062
EA_G__PRSS8	9.6655	9.4021	8.6396	9.1182	9.8896	5.839	8.563	7.0852	9.3449	5.6234	9.9989	8.7449	9.0331	7.2019	7.5485	8.8439	10.563	9.5767	7.8573	5.7101	9.9771	5.7054	9.0099	8.9593	5.822	9.4326	5.9163	9.2733	8.5573	8.7847	9.0995	6.067	7.8782	5.7102	9.9436	6.9483	8.2088	9.2864	8.4567	9.0033	7.7295
EA_G__ACSL4	3.8905	3.2437	6.8678	3.2175	3.0199	8.1981	3.93	5.8474	4.9921	7.8339	3.2795	4.7223	6.0223	5.4391	5.9242	7.1514	3.1844	3.2448	6.4566	7.5506	6.3064	7.7862	4.3467	3.4318	6.5727	4.394	8.0383	3.8174	6.3426	4.0514	3.2697	7.359	6.9283	7.5937	6.0038	5.8348	4.7256	3.5077	3.3705	3.9672	5.1109
EA_G__OPTN	7.221	5.4882	6.3773	5.3369	6.9311	8.3122	6.5453	7.5186	9.5381	6.0328	4.7322	6.9897	6.7986	6.2956	7.0622	7.4692	7.4404	6.6243	7.2997	8.3212	8.8409	7.0253	5.3053	5.7791	8.1823	5.8963	6.7992	4.892	6.3711	5.1838	6.2416	7.8105	7.3452	6.5014	6.3757	5.7857	7.2587	5.688	4.9217	5.2481	6.1182
EA_G__NBL1	5.6874	6.1693	6.0302	6.5123	7.91	7.2287	8.8627	7.4446	6.4894	6.4088	7.8477	8.9876	7.7277	7.8409	7.989	6.262	6.2874	7.4926	6.8964	7.0244	9.3898	7.4014	6.5167	6.2728	7.7704	5.8527	7.2223	7.4465	9.3873	8.9764	6.4183	6.2493	7.4905	7.3304	6.0452	6.3728	7.4907	7.1949	6.2454	6.51	6.7302
EA_G__WFDC2	6.9681	5.2688	5.4415	5.5722	5.2118	5.3905	5.363	6.7043	9.1838	5.3831	5.3354	5.1327	10.0782	6.3223	7.2912	5.391	5.5071	7.6399	5.3695	5.069	8.9905	5.2452	5.5888	6.3186	5.2299	5.9083	5.5049	5.9426	7.2708	6.2465	5.7173	5.5595	11.11	5.4067	5.5308	5.662	5.7749	5.8931	5.6221	6.1	5.4393
EA_G__EGR1	7.2232	8.7098	8.5662	6.3103	8.1336	7.8221	6.1358	6.6678	6.5339	6.5598	6.3202	6.1111	6.802	7.8476	7.4299	7.0737	7.3802	6.53	7.0966	8.2822	7.5578	7.8292	7.87	7.7604	6.6488	7.4059	8.9551	6.8846	6.5683	6.7538	7.0109	8.5028	8.2034	6.8387	6.121	6.7924	6.1829	7.0234	5.9809	8.3936	6.9012
EA_G__C4orf19	8.0286	6.5288	6.1466	4.9878	6.3467	4.1448	4.8124	4.6326	4.7271	4.2693	6.6724	7.2498	4.6081	4.8004	6.5168	6.2142	6.5536	9.0779	4.6013	4.0473	6.2509	4.3065	4.9555	4.6187	4.1932	6.5942	5.269	7.0548	8.0548	6.4595	6.9425	4.5201	4.0911	4.4877	8.2994	6.5223	8.511	6.0154	4.8186	6.6592	5.6633
EA_G__KIF13B	8.0514	6.6768	5.72	8.2173	7.0495	5.9885	5.3774	5.5277	6.7391	5.8701	9.4643	6.3293	6.1442	5.5216	6.1503	6.5938	6.9649	7.6732	5.9173	6.9154	6.0326	6.0897	6.5786	6.8171	6.5239	8.4875	6.3783	6.9655	7.7678	5.9139	6.7406	7.8265	6.2576	5.5322	8.7327	6.6436	7.1801	7.4504	7.2131	7.1678	7.2438
EA_G__EFHD1	9.6927	10.4897	6.7838	10.8877	11.0855	6.4363	11.3552	8.4531	10.9246	7.5588	10.9769	10.5969	8.0806	6.5687	7.1335	7.0749	11.1351	10.7681	8.1233	6.512	6.812	6.1904	7.6784	9.8691	6.8011	10.6784	7.1188	10.1568	10.3331	10.1827	10.9819	6.6063	7.3525	6.5382	10.5168	10.2061	10.8369	10.3846	11.0058	10.2031	9.4912
EA_G__SLC19A2	7.8428	7.7834	6.555	8.6972	9.2989	5.8688	8.05	5.9865	7.3949	6.009	8.1815	10.1415	8.0242	6.2908	7.3019	7.0936	7.4043	7.6557	7.2335	6.9579	6.8503	6.6471	7.8194	8.4896	3.9396	8.397	7.9704	7.8213	8.2376	7.1089	7.2999	6.8343	7.3796	7.4287	7.7499	6.9377	7.6287	8.3672	8.0226	7.4034	7.9977
EA_G__NPR3	5.053	6.2791	4.3066	8.8301	6.5755	7.1153	7.7103	6.7764	7.8595	9.2488	4.0526	4.1831	4.8551	4.542	3.9992	4.2357	7.6376	8.6244	6.8258	8.5735	8.2467	7.9171	4.6729	4.8031	8.9189	5.6197	4.4893	5.0461	4.2088	5.8023	6.4772	4.3789	4.7253	6.205	5.898	4.9976	4.9285	4.4669	5.0264	4.9998	4.4551
EA_G__CPAMD8	7.0478	6.0825	7.2596	7.2388	6.7996	5.6587	6.0427	5.6522	7.7413	5.7791	6.8633	6.049	6.0436	5.9711	6.7098	6.1118	7.7258	8.4635	5.9444	5.3842	6.5933	5.5284	6.2974	6.322	6.7371	8.6424	5.4769	7.4537	5.9555	7.027	6.3632	5.7861	6.2587	5.9367	6.3406	6.9385	8.6235	8.1872	6.9222	6.7197	6.1828
EA_G__MFSD2	7.2966	7.7164	6.0506	8.6138	6.477	6.0257	6.2412	6.2149	8.0212	5.8516	6.1562	5.419	6.3786	7.6426	6.6083	6.4054	7.5623	7.0198	6.887	7.071	7.4308	6.0344	5.6524	5.7796	6.7033	7.2184	7.8895	5.9641	8.505	8.7674	8.0289	6.471	8.3094	7.1014	10.8495	7.2966	6.0039	7.0495	5.3309	6.7105	6.8767
EA_G__KLK8	5.603	5.4796	7.03	5.5998	5.8405	5.5788	5.5953	6.4393	7.535	5.6125	5.5485	5.4818	5.7206	6.9128	7.8264	8.2141	5.8213	6.7011	5.7217	5.5303	5.979	5.4428	5.856	5.6216	5.4527	5.6829	5.5983	5.2973	5.6231	6.3025	6.042	5.828	5.8264	5.921	5.6875	6.9526	6.0285	7.1964	5.9249	6.2284	5.5943
EA_G__THBS3	6.7324	6.0947	5.8859	6.298	7.4232	8.4717	7.3067	8.3699	6.6406	6.5718	6.4197	6.241	6.4915	5.3902	6.1364	5.9713	6.8999	7.4373	6.2119	9.5412	7.2421	6.3508	6.8698	6.6416	7.1837	7.1819	5.7001	6.4028	6.6595	6.9651	6.0215	8.3054	6.3199	5.7751	8.7179	6.4831	7.1969	7.7554	7.41	6.8019	7.1428
EA_G__MIPEP	7.2902	6.7835	7.1329	8.3486	7.9182	7.9982	7.4577	7.0585	6.8196	6.9337	9.1829	6.9938	7.2814	6.5371	6.9973	6.836	6.8542	7.4639	7.5026	7.2798	6.5412	6.6633	6.846	7.1347	6.2694	7.3512	6.953	9.0417	7.2708	7.9343	7.1788	7.671	8.1321	7.2004	6.8241	6.9328	7.2435	7.6996	7.7388	6.692	10.207
EA_G__HIST1H3J	8.6515	9.0732	7.0677	4.8538	7.1076	8.9322	7.9819	4.1117	8.3825	9.0427	5.1653	5.3216	9.1621	5.2914	9.125	8.6605	5.4782	7.9351	9.3944	8.833	9.2544	5.1059	8.3425	8.4561	8.6272	7.8093	9.2246	9.3873	9.0946	8.8519	8.5229	4.984	5.5873	8.9926	5.5638	8.7625	9.0177	7.4142	9.6139	7.3771	9.1797
EA_G__PROSC	8.4071	6.9543	8.2249	7.7791	9.4024	8.2912	9.0613	7.4837	7.3607	7.3428	8.2497	8.1848	8.5838	8.105	7.1638	7.2847	8.1915	8.4134	7.7126	8.3445	6.9349	7.8458	8.0721	7.6868	7.8446	7.8482	7.7727	8.3526	8.0222	7.7677	7.2703	8.1236	7.7901	7.9593	7.9341	9.7352	8.1248	8.1056	9.0744	6.9998	8.8766
EA_G__CLCA2	3.7227	5.4736	3.9769	9.3552	3.0331	7.4614	6.097	3.0589	6.5649	3.8866	3.2461	9.319	3.2042	6.093	7.2526	4.7088	4.5663	7.1879	5.0093	3.2672	3.3105	3.8089	3.6486	3.4346	3.1401	7.5734	3.3498	10.4045	11.2438	10.9482	4.7001	4.2562	4.0675	3.7224	4.6584	10.2878	3.5201	4.2438	8.0633	6.1352	4.1802
EA_G__PLOD2	6.1911	8.3419	8.1358	7.0175	6.9131	10.2933	6.8168	7.2038	5.3942	8.7914	7.1322	7.4866	8.0339	6.5989	8.2857	9.3417	7.8623	4.782	8.6845	9.2717	8.4052	9.1792	7.4818	7.5432	9.0537	5.9173	8.1487	7.3068	7.3589	6.2115	7.2225	7.589	9.2253	8.3727	7.0657	7.2993	8.5125	7.6262	6.8806	4.7021	7.1493
EA_G__FZD7	5.6238	4.9595	7.5193	5.0229	6.7963	5.7581	5.4522	9.4585	5.8364	7.2116	5.7953	7.0174	7.2477	5.2591	6.6431	5.8451	4.2904	4.8257	5.7462	6.7231	7.1561	8.2216	6.4394	4.9982	7.5659	5.5336	6.8319	5.2781	4.3631	5.6368	4.8198	6.1794	4.7808	6.6816	5.9467	6.1188	5.3736	5.83	4.6495	5.4353	5.1116
EA_G__GAL	5.663	5.1076	6.8834	5.6671	6.8518	5.351	5.6496	6.9161	7.531	5.9946	5.0022	6.2855	9.8244	9.3584	8.1175	5.8454	5.2346	6.1611	8.1456	7.1952	5.5051	4.9659	6.3427	6.921	4.8406	5.4769	4.6978	6.0197	5.0283	5.7312	5.6401	5.2223	6.4893	5.6417	6.0155	5.5239	5.4186	5.8586	5.6344	5.679	7.9118
EA_G__GABRA3	6.3378	7.195	7.4992	3.5926	6.5108	4.0153	3.9212	3.5361	3.5182	3.6624	3.0698	7.5554	3.5344	5.5103	3.5005	6.405	5.5881	6.679	7.4329	3.515	4.5329	6.819	3.8283	3.9856	5.4322	9.5611	7.2023	3.9977	5.971	4.458	6.5951	7.6812	3.8109	6.4307	10.7726	7.363	4.8882	3.7147	5.777	3.8355	6.1744
