Cell lines	600MPE	AU565	BT20	BT474	BT483	BT549	CAMA1	HCC1143	HCC1187	HCC1395	HCC1419	HCC1428	HCC1569	HCC1806	HCC1937	HCC1954	HCC2185	HCC3153	HCC38	HCC70	HS578T	LY2	MCF7	MDAMB134VI	MDAMB157	MDAMB175VII	MDAMB231	MDAMB361	MDAMB415	MDAMB453	SKBR3	SUM1315MO2	SUM149PT	SUM159PT	SUM185PE	SUM225CWN	SUM52PE	T47D	UACC812	ZR751	ZR75B
Response	-1	1	-1	1	1	-1	1	1	1	-1	-1	1	-1	1	-1	-1	1	-1	1	1	-1	-1	-1	1	1	-1	-1	1	1	1	-1	-1	1	1	1	1	1	1	-1	-1	1
EA_G__PSMD6	7.9501	7.7603	8.6325	7.5752	7.5897	8.1262	7.502	7.4861	7.8203	7.6362	9.278	7.638	7.8165	7.4017	8.5692	8.0698	7.4448	8.0692	7.7174	7.6386	8.4171	10.3431	10.7381	8.6986	7.6745	7.9224	8.4514	8.2692	7.0524	7.6056	7.5832	7.9681	8.0584	8.5595	7.9224	7.5789	7.6847	8.1159	8.3103	7.9965	7.9197
EA_G__GBE1	6.8244	7.5239	8.155	6.3966	6.5794	8.5971	6.6869	7.4889	4.9943	8.6312	7.5394	6.471	7.5278	7.1057	7.6762	7.967	5.8657	7.6057	8.2961	6.5153	9.4952	6.8885	7.5212	7.8519	7.2937	6.8441	8.7027	6.8781	5.6533	7.102	7.1436	8.6559	8.4116	9.5431	6.0081	6.5628	6.1145	7.2027	7.5811	7.0531	6.4247
EA_G__LIF	8.4753	5.5574	9.0906	4.1308	5.6326	7.9653	4.2594	7.0714	6.2875	5.4033	4.3282	4.7354	5.1654	5.7753	6.312	7.6076	5.0649	8.8301	8.1927	5.7529	7.6527	5.5646	5.0286	4.1323	4.527	6.9474	8.8432	4.5779	4.9192	4.8537	5.3688	5.5197	6.3948	4.6722	4.8785	6.0052	4.5813	4.5721	6.6062	4.9532	5.9404
EA_G__RAB11FIP1	7.7489	7.29	6.7556	7.2374	10.9487	6.0996	8.0487	7.7821	6.9453	5.8301	8.3145	8.4506	7.1372	6.5495	6.7129	6.7962	8.1631	6.6448	7.058	7.0896	5.8517	6.8206	6.8315	9.8938	7.2036	7.6101	6.2077	7.9194	6.8136	6.9053	7.6757	6.0579	6.4956	6.959	7.013	10.2659	8.072	7.7446	7.0056	8.1997	8.3727
EA_G__ADD3	6.6458	6.7936	5.9838	6.1357	6.08	3.6675	7.3762	6.6549	7.1568	6.6177	4.7737	7.6154	6.6105	7.5674	6.5917	6.7963	6.6152	4.7335	7.1144	7.6169	7.7425	6.0556	5.1911	5.7301	7.2875	4.417	5.7074	8.3368	10.0224	4.4241	6.2413	7.1567	7.9093	4.0687	5.2859	7.9608	8.622	6.3595	5.9504	5.6145	7.1749
EA_G__KIF1A	5.441	5.8699	5.6009	9.6423	8.2468	5.5019	5.5673	8.863	9.3245	5.5078	5.1426	6.0836	5.5474	6.3807	5.3728	5.6188	5.6387	6.2192	5.5329	5.7274	5.357	6.2477	6.7221	6.5349	6.5204	5.709	5.5465	8.3424	5.3544	6.1882	5.839	6.2375	5.9585	5.7378	9.1116	6.7563	5.7625	5.6265	5.5712	6.7046	7.7672
EA_G__RNF38	6.9148	7.2954	7.5098	7.1471	7.7674	7.0463	7.9632	8.3826	7.965	7.1016	6.9801	7.7336	7.6545	7.4289	7.1738	7.2114	10.3338	7.5205	7.1693	8.0718	6.9495	6.8272	7.2114	7.4734	7.2771	7.1678	7.3289	8.5698	7.3942	7.1435	7.1538	6.9445	6.2471	7.2272	9.2181	7.6777	7.5218	6.8799	6.8963	7.6115	7.2292
EA_G__NBL1	5.6874	6.1693	6.0302	6.5123	7.91	7.2287	8.8627	7.4446	6.4894	6.4088	7.8477	8.9876	7.7277	7.8409	7.989	6.262	7.4926	6.8964	7.0244	9.3898	7.4014	6.5167	6.2728	8.6259	7.7704	5.8527	7.2223	7.4465	9.3873	8.9764	6.4183	6.2493	7.4905	7.3304	6.0452	7.0402	6.3728	7.4907	7.1949	6.2454	6.7302
EA_G__UNC5B	6.5753	7.0232	6.5577	6.8685	6.5582	6.2771	6.5899	6.6071	8.8068	7.1329	6.5515	6.58	6.441	7.6947	6.8806	6.5015	6.7795	6.7281	6.6108	6.6756	6.5481	6.8162	6.8258	6.9634	7.994	7.028	6.2731	6.7714	8.7105	8.2232	6.883	6.7858	6.9938	6.8899	8.958	9.5806	7.9586	6.9592	7.1746	7.125	7.263
EA_G__METTL7A	6.6212	6.9604	6.7362	7.0326	6.869	4.438	7.0951	4.6015	6.7344	4.7987	6.5581	7.3135	5.4968	4.9351	6.486	5.4707	7.305	6.3376	5.6256	7.1115	4.6054	5.9996	5.7336	7.5801	4.9239	7.1558	4.5007	8.7566	8.0203	6.7689	7.6197	4.517	6.9958	6.3483	5.7368	6.5321	8.0299	7.8142	6.044	7.2418	6.1952
EA_G__BRF2	6.6475	6.2276	6.4428	7.0071	9.4145	7.2164	7.8488	7.1488	6.7196	6.3591	8.1825	7.3209	8.0953	7.5814	6.3615	6.3304	7.0131	6.7187	8.2402	6.0198	6.7729	6.6952	6.6157	9.5028	7.437	6.6202	6.5626	8.153	6.7856	6.8661	6.5485	6.3313	5.8399	6.6518	7.0016	8.8859	8.022	7.1646	6.5129	7.7892	8.2845
EA_G__SLC40A1	6.8502	8.0701	4.2189	8.1892	8.6575	3.7959	8.0269	4.4506	4.0922	4.2159	7.8833	10.106	6.5779	5.4936	4.2927	5.1166	8.1015	4.3603	6.1059	5.223	4.0297	4.289	4.0528	4.0146	5.7339	8.6986	4.346	9.6424	8.3737	9.2989	7.1985	4.2552	4.3975	4.2056	8.3935	7.4368	7.0743	10.0715	6.5471	8.6955	7.2722
EA_G__PRODH	7.1166	8.5848	5.3758	9.6968	6.5807	5.2856	9.8394	7.3753	6.3146	5.293	9.9249	7.0011	5.3203	5.7339	6.3419	5.347	9.6035	5.5817	5.3378	5.6238	5.3479	6.1188	5.8214	6.8612	5.7096	10.3624	5.3603	10.5759	10.8014	10.6464	6.5433	5.7008	5.7056	5.2411	7.8362	10.5858	9.7075	7.7263	6.2829	10.3923	9.6963
EA_G__USP18	6.4502	7.6312	5.9496	8.1228	8.707	5.4966	7.592	7.7863	6.7528	5.3511	7.15	7.4145	6.6359	6.7563	7.453	6.9205	7.4281	7.1989	7.1833	9.0351	6.2376	6.6512	6.2841	7.3545	4.9911	7.97	6.2885	7.7328	7.5471	7.9046	6.6632	5.592	6.0274	5.9321	6.1311	8.9507	6.5481	6.5261	5.8324	7.3981	7.0068
EA_G__THRA	7.6633	8.9597	6.4384	8.027	7.7901	7.1068	8.7645	6.8579	8.0306	7.0542	6.2938	7.2483	7.7367	6.9753	6.3581	6.7029	7.0508	7.1104	7.967	8.2489	6.9226	7.4362	7.3108	8.392	7.9166	7.2986	6.6786	7.2192	7.9817	7.2929	8.3527	6.7823	7.784	7.8335	7.1	7.7586	7.5549	7.6964	9.9698	8.0602	8.0673
EA_G__TTC19	8.6527	8.2419	9.1502	8.8749	8.2278	8.7502	8.0066	8.9872	8.1973	8.8045	11.2654	7.9345	8.8368	8.701	8.9498	8.4536	8.3788	8.8937	8.1428	7.8048	8.3982	8.0098	8.7224	8.0369	8.7694	7.8061	8.8368	8.2474	8.4269	8.5385	8.4692	8.3053	8.2343	7.9473	8.2896	8.1058	8.6106	8.0567	8.1428	8.3585	8.3437
EA_G__RERG	6.304	5.7883	5.1813	7.0617	8.9341	6.9909	7.1023	5.2465	9.1777	6.389	7.4429	6.875	3.3728	3.7	7.0141	4.2244	8.5667	3.7031	3.7498	8.8424	4.2458	5.4949	7.6464	9.2628	4.9248	6.5258	3.7492	8.2545	7.997	5.7481	4.6398	3.8895	7.7126	3.8277	7.7315	6.8926	4.3393	7.2201	6.6304	6.0999	6.942
EA_G__TGM2	8.291	6.0616	7.0423	5.7179	5.6685	5.8302	5.5872	5.6804	6.1347	6.0938	5.4613	5.7582	5.7239	6.3815	8.1771	9.5003	6.2242	7.0675	6.8345	6.4743	7.0627	6.2897	5.9839	5.9406	5.63	6.9053	7.5554	5.7424	5.7822	6.6473	6.1463	6.5515	7.7965	7.8061	5.8887	5.8529	6.5328	5.9166	9.2223	5.812	5.7594
EA_G__TESK1	7.8959	8.3032	8.1661	8.4928	8.928	7.993	8.7249	8.4959	8.4588	7.8626	8.4984	8.442	8.6059	8.527	8.1811	8.2056	11.6165	8.5538	7.971	8.7505	8.1073	8.3541	8.3853	8.6143	8.4285	8.7537	7.8268	9.5718	8.7004	9.3688	8.2201	7.8973	7.1274	7.8586	9.2457	8.4639	8.6664	8.1986	8.1951	9.1038	8.8505
EA_G__DCBLD2	8.5471	4.4849	10.0473	7.708	6.5121	9.4737	3.6511	8.2451	7.0105	8.7746	8.1518	3.6162	7.8489	10.0058	9.1965	9.857	8.0481	9.6844	9.6487	8.7991	10.7754	7.3132	6.7617	6.081	10.5443	7.7964	9.4729	7.8692	3.5968	6.9997	6.6151	9.3028	7.7366	9.0471	7.064	7.7637	7.4904	8.1841	8.5023	7.8199	7.5897
EA_G__PPARG	4.6215	6.5305	7.934	4.6426	4.1049	6.3852	4.0556	4.1574	6.1708	6.2069	6.668	4.9985	6.4105	6.7801	7.6333	6.6165	4.4049	4.647	4.4036	5.7946	5.4278	6.021	4.7007	4.4181	6.6332	7.7312	7.4767	4.882	4.7691	5.0838	6.0922	6.8835	6.719	7.2242	4.5426	5.4842	5.4998	4.629	4.8316	4.8671	5.0955
EA_G__NRARP	6.2112	6.8668	7.4791	7.5116	8.0783	5.7388	8.8482	9.6105	8.0133	6.816	7.1517	7.5848	6.127	7.5263	7.3856	6.555	7.9415	7.3128	8.7656	9.0996	5.8181	7.9483	8.0612	6.8949	7.7913	7.5107	6.6337	7.59	6.1351	8.1237	6.9068	6.3695	6.8421	6.4552	6.6508	5.4912	7.0922	7.4726	6.2086	7.9159	8.21
EA_G__GLT8D4	5.4162	4.7151	6.1753	4.6364	5.56	8.5909	4.5511	6.4599	6.9925	7.8917	5.3506	5.6089	8.3612	4.909	5.3307	6.439	4.642	6.4971	7.7787	4.8082	7.0644	6.5883	5.5457	5.5823	6.3558	5.8193	6.3478	4.9884	4.4178	5.2385	5.3691	7.1987	7.6105	7.5528	5.0621	4.7053	5.652	5.7258	6.6445	4.8007	5.769
EA_G__CTSH	9.1657	7.8295	9.6938	8.0322	8.7116	8.5869	5.5315	8.4511	8.0863	6.4945	9.7603	8.0625	9.3242	8.5953	8.9432	9.5252	8.341	8.4416	7.2664	9.9204	5.6387	8.4003	8.9769	7.4055	7.5765	8.5307	7.2789	6.8818	8.5445	6.6818	8.1243	8.5227	8.5039	5.5465	5.5571	7.9805	8.151	8.5519	8.9272	8.1753	7.6677
EA_G__SLC7A8	8.5421	7.6746	4.869	8.8236	8.1028	5.042	10.6962	5.0441	6.3737	6.0296	9.5636	7.2944	4.7488	8.4816	5.2606	5.1604	8.1148	4.7435	5.7111	5.5632	5.0076	5.3353	5.3922	10.8003	4.7921	10.2389	4.9899	10.2853	9.6818	8.7371	6.5396	4.8894	6.1091	4.9765	7.0086	8.4994	8.5397	9.0232	10.533	6.8407	5.1734
EA_G__OBFC2A	8.663	7.6101	9.2122	5.7752	5.5617	8.0921	4.5264	8.1177	5.6774	8.5995	6.3325	5.6037	7.6901	9.0276	8.7656	8.7563	6.3893	8.8214	9.7788	7.8827	9.2412	6.4123	6.7442	5.6996	8.2834	6.6746	9.4543	5.5142	6.1973	6.3699	6.996	8.5565	8.4307	9.0169	7.7607	7.9834	6.1808	5.7689	6.4453	5.6546	6.4721
EA_G__FNBP1L	8.5219	8.5289	7.6478	8.4539	8.351	7.0591	9.6076	6.7787	8.6686	8.0961	8.2637	8.7931	7.2188	5.7429	7.8353	7.8897	8.3303	8.2916	8.1014	7.8392	6.9948	7.4318	6.9272	9.038	7.6996	5.3207	7.3964	7.8818	8.683	7.6256	8.5993	7.5481	7.6881	4.6379	8.162	8.6585	8.0922	7.9175	7.273	7.8445	8.0693
EA_G__PRLR	4.5995	7.9719	3.7946	9.1863	9.9247	4.9871	9.5426	6.8392	7.9902	5.3778	9.5253	9.6628	4.8155	3.4702	5.1603	5.2633	8.3946	6.1661	3.8892	6.4743	3.5713	6.7331	8.7018	9.5475	6.0702	7.3558	3.9288	10.1469	8.5814	7.4217	7.8099	3.7377	4.6704	4.4364	9.0648	6.4511	8.0691	11.1837	7.9121	8.9712	5.9926
EA_G__TNFSF10	7.2591	5.7198	3.5621	6.1808	6.6762	3.9131	4.191	3.5048	7.7882	3.4474	7.5689	6.5684	3.5722	4.645	6.3477	6.4558	8.1757	5.2783	3.5772	9.709	3.725	3.7304	4.1417	6.1581	6.8426	5.5207	4.6852	7.0454	8.5212	6.1688	4.2662	3.6572	4.2944	3.437	7.5867	9.1214	7.7597	6.7804	6.5223	5.9878	4.0143
EA_G__CXADR	8.1242	8.319	6.2655	8.1395	7.1178	7.7775	6.8156	8.8884	8.8088	4.5049	9.7127	4.296	6.9281	7.6426	7.2309	9.0671	8.571	7.8728	7.7685	9.1079	5.8523	5.5015	4.419	8.243	5.97	7.772	5.7844	8.1596	8.4086	8.1508	7.4478	6.0175	7.8805	6.1286	8.7646	8.0084	8.2033	7.7026	6.4509	6.9211	7.1124
EA_G__KIAA0258	7.5539	8.1496	8.0279	7.9098	8.3539	7.7622	8.6785	8.1152	8.2046	7.4495	7.9908	8.078	8.3061	8.3243	8.2706	7.7579	10.9617	8.2897	7.981	9.1788	8.1073	7.6603	8.0685	8.4831	7.5373	7.5261	8.0547	8.7406	8.2172	8.7381	7.8566	7.6932	7.4298	7.7927	8.3623	8.023	7.8995	7.6542	7.6521	7.9678	7.9041
EA_G__RBP1	4.8403	5.9552	5.457	6.6656	6.0731	5.2736	5.9034	9.2259	7.7798	5.7334	5.6325	8.3341	5.4096	6.5517	8.8984	7.9803	5.797	6.2743	7.3786	7.6065	5.3195	5.4454	6.0751	10.828	7.1653	6.181	5.6685	5.5169	8.7108	5.8746	5.5847	5.6237	8.4724	5.6264	5.294	10.3371	5.7197	5.646	7.4831	5.5608	5.3198
EA_G__EFS	5.6312	5.8379	7.5074	6.6899	7.0576	5.2477	6.1714	6.8069	7.6687	5.6171	7.7741	6.2187	6.8659	5.846	5.8344	5.5482	8.1291	5.4385	7.0219	6.6711	5.7584	5.7557	5.8945	5.6491	5.2271	6.3876	5.5316	8.757	5.6034	7.8905	6.128	5.5567	5.6693	5.8229	8.2628	7.5521	6.116	7.2822	5.9159	7.2416	6.0806
EA_G__ETV5	6.2865	4.3272	9.1423	7.3578	5.0088	6.9009	4.2365	5.8917	6.4816	7.5422	7.6289	4.0637	6.2938	6.6339	8.6748	8.1477	4.5278	8.0022	8.106	6.3993	8.4113	5.8307	5.215	4.6177	7.0525	6.8419	7.8838	4.0658	6.391	5.5641	4.6071	8.3688	6.1142	7.3205	7.1489	8.6807	7.6779	4.437	7.0861	4.0131	3.8071
EA_G__BCAS2	6.2279	6.7805	7.8709	6.1467	6.0379	6.8632	6.5338	6.1219	5.7785	6.0715	7.0184	6.4264	6.8239	6.7915	7.7819	6.0808	6.0397	7.0405	7.6989	6.5601	6.6001	8.5313	9.044	6.7778	6.5099	5.9668	7.5764	5.8857	6.3185	6.3712	6.487	6.8064	6.7067	6.5679	5.8583	6.4755	6.0276	6.5575	5.9642	6.1783	5.9334
EA_G__PWCR1	8.9888	5.3227	2.5284	10.4187	8.1334	3.0837	9.3336	8.4868	2.947	3.1295	3.0359	2.8125	2.8025	8.2323	8.2084	3.26	10.2307	8.6462	9.3808	3.2082	6.4405	2.8341	3.1931	7.4359	9.7707	8.8283	2.8326	9.0792	9.374	8.6979	4.3452	10.521	8.6516	8.8029	3.2803	7.2789	3.4601	7.9272	8.077	6.948	8.2631
EA_G__ANKRD43	6.611	6.8985	6.8855	7.2732	7.891	6.5285	9.5979	6.4434	6.8133	6.7494	6.9246	7.5739	7.0532	6.8187	6.6032	6.7646	7.0515	6.7147	6.3477	7.0361	6.6071	6.8687	6.9376	7.4046	6.6548	6.5654	6.5435	7.2164	7.2604	7.2567	6.8754	6.8865	7.0308	6.9637	6.5943	6.7568	7.1226	8.5722	8.3917	7.0905	6.8103
EA_G__MAFB	5.7342	5.3906	6.6703	7.3827	6.9851	5.7129	7.8404	6.6004	6.6936	7.097	5.5364	6.4347	5.5098	5.5565	6.3613	6.3785	6.7016	5.7772	8.3503	6.5847	6.896	6.0837	6.9178	7.459	5.8583	6.7448	5.1738	6.3921	6.1406	7.377	5.9378	5.7124	8.595	5.6891	7.012	7.3939	7.0224	5.7475	6.1	5.865	5.9192
EA_G__NT5E	5.9068	7.0846	5.1501	3.9196	3.2264	9.0413	3.3792	7.2634	3.8917	3.5081	3.4181	3.341	3.6388	6.864	8.5101	8.8687	3.5929	6.896	5.2742	5.9823	10.1163	3.8698	5.5831	3.7838	8.137	4.099	10.8683	3.268	4.7321	4.3347	7.0175	10.6481	5.3531	8.4554	3.5999	3.747	3.7861	3.4798	3.9113	3.6276	3.2018
EA_G__GHR	3.6065	3.4555	3.1078	7.0331	4.4249	3.2946	8.2991	3.6146	7.3657	3.4598	6.2015	6.8667	4.7513	3.453	3.1757	3.2235	4.0767	2.9606	3.0266	4.2527	5.2987	4.6304	7.0062	5.5601	7.6029	6.6707	3.0519	5.8397	7.612	7.7942	3.5592	3.7344	3.2773	3.4318	6.1368	3.7827	5.217	7.7204	4.3278	5.4494	4.6905
EA_G__FOS	5.509	6.0591	6.0949	5.4464	5.5712	5.2216	5.1465	5.4398	5.2783	6.6916	6.3583	5.3261	6.21	6.067	6.0873	5.7134	5.531	5.8097	5.9899	6.8436	5.9948	6.7556	7.1229	5.7307	5.0806	5.8505	6.436	5.0131	4.9592	5.291	5.6176	5.4484	6.6349	5.0261	5.4311	6.9402	6.1498	4.7933	5.3253	5.2214	5.1603
EA_G__COL4A2	6.36	6.061	6.9582	5.9927	5.6818	9.1358	5.6938	8.5657	5.8659	8.1435	5.706	5.736	8.5431	8.8082	7.6081	6.3498	6.3447	9.6397	9.1724	6.1702	9.4784	6.189	6.2593	5.9015	11.3453	6.2475	7.8284	5.8093	5.7943	6.9666	6.5292	6.5386	8.0359	6.3432	6.0159	6.3401	6.3543	6.1933	5.9988	6.2438	5.8257
EA_G__C10orf116	8.5275	7.8628	6.5106	9.234	8.6953	6.0445	8.8934	8.0972	6.6043	6.3444	10.0804	8.4497	6.3077	9.3566	5.5352	6.2731	8.2283	6.4519	6.6204	6.9088	6.4827	7.4401	6.8984	8.7283	6.5491	10.0568	6.4931	9.9144	9.1916	6.8429	8.3492	6.279	7.7809	6.2948	6.332	7.8405	9.3617	7.999	8.5228	8.537	9.5151
EA_G__CKB	6.7564	8.415	7.1876	6.7638	7.8151	8.6024	8.9011	9.0014	7.0709	7.8112	8.0904	8.7487	6.6814	9.422	8.2067	7.4356	8.1285	6.9951	7.7235	8.1848	6.6182	7.6509	7.745	9.1138	9.5121	7.14	6.9366	8.7548	8.6406	10.6523	7.7758	10.0349	7.2008	6.8383	9.4566	8.4882	7.3678	7.6543	7.9767	9.4666	10.1107
EA_G__ZNF552	7.4897	6.2846	5.0135	6.6113	8.7231	5.7557	7.2646	5.9294	6.3298	5.1079	7.3401	8.9754	5.1354	5.9876	6.8188	6.4273	6.7368	5.6621	6.2769	5.7796	5.5615	5.8853	5.7611	6.1936	4.8218	5.5589	5.4258	7.2799	7.4622	5.5762	6.7348	5.4915	6.2575	5.7401	8.0396	6.6779	6.4069	7.702	7.8214	5.5955	6.8744
EA_G__NLRP2	8.1576	8.9785	3.5682	8.9691	7.9713	3.6741	3.5258	3.3124	7.512	7.108	9.2522	8.966	3.49	9.3799	3.4433	7.4231	9.2504	3.5501	7.8246	7.7908	4.7481	3.3894	3.8341	8.0258	7.8593	8.1266	3.6189	7.8887	5.3161	3.7842	6.6445	3.5206	6.8015	3.8452	3.7499	3.8335	7.528	8.4914	7.8778	3.8702	3.7279
EA_G__MAP7D3	5.3052	6.181	7.0881	3.7726	5.4351	8.0335	4.1145	8.2134	6.6816	7.4399	3.8649	5.2828	6.9662	6.369	7.7975	7.3791	3.9768	7.9146	7.4129	6.0423	7.4841	5.9373	6.1096	3.8188	6.9765	4.3266	8.4972	3.8711	3.6075	4.4657	5.4472	6.6247	7.5826	7.2635	4.9255	4.3312	5.013	4.094	6.2554	3.8949	6.3251
EA_G__PIP	5.4517	6.0194	4.2726	9.8248	5.6362	4.5378	4.3694	4.1597	6.2646	4.891	7.1082	5.4811	4.2352	4.3455	3.9187	5.0015	5.4016	3.98	4.2767	4.7902	4.8801	4.254	4.5241	5.7092	3.9924	9.9719	3.8229	6.6374	5.211	8.0533	5.4421	3.9923	5.1924	4.433	11.7168	8.0814	5.4705	12.3875	5.4503	9.2289	5.9032
EA_G__CYR61	8.1331	7.5718	8.3996	6.2582	7.0497	10.1687	6.6562	8.8232	5.6125	7.8517	6.3522	6.707	7.4924	7.1965	9.2169	9.0015	7.3317	9.6694	10.232	7.091	10.623	6.3553	5.982	5.9694	8.6434	7.9536	11.0584	6.8937	6.6652	6.7454	8.1061	10.084	8.4031	9.4395	6.6971	7.8889	6.4717	6.9073	7.0874	6.1877	6.0361
EA_G__SHOC2	8.4247	7.5361	7.0481	8.3611	9.0828	8.0747	9.4246	8.3684	8.4544	7.8349	8.5793	9.6302	7.3436	8.4098	7.4352	7.9943	8.2786	7.8499	8.031	7.7147	7.5005	8.4802	8.306	8.5889	8.5354	8.5244	8.1462	9.1841	9.5098	9.3504	7.3695	8.7432	7.6348	8.4581	8.9097	8.3973	7.9375	9.0894	9.1101	11.7756	10.8059
EA_G__SEPP1	5.8056	5.9218	3.3766	6.3037	4.7371	3.5677	6.3167	3.2726	4.6837	3.6948	7.4843	6.7786	5.6468	3.6065	4.0479	3.7188	7.1792	3.7197	3.9899	3.8702	4.1466	3.8268	4.8399	7.5823	3.5405	4.9	3.4066	9.2661	9.3975	6.8488	4.9906	3.4597	3.7391	4.0567	6.7115	7.3823	5.9143	7.0828	4.9858	9.1555	5.4501
EA_G__SLC39A14	7.2392	7.0695	8.413	6.7073	6.6778	9.7325	7.094	7.6136	9.8801	8.189	7.4083	7.1434	8.5716	7.6742	7.7243	6.9608	6.898	7.8345	8.1108	6.6582	9.4612	7.1446	6.7092	6.6707	7.542	7.0018	8.3485	5.9451	7.0796	6.3629	7.3537	10.7989	7.488	8.4903	7.7988	5.7332	6.6494	7.0208	7.5143	6.2866	7.8622
EA_G__LIX1L	7.0503	6.1563	6.3021	6.3732	6.1186	8.7243	6.1524	6.3183	7.1465	9.297	6.3577	6.1008	8.1997	7.2702	6.291	7.1682	5.8085	7.3612	8.4933	7.499	8.3386	6.4769	6.4167	5.9297	8.6126	6.3139	8.6972	6.1507	5.6465	7.0801	6.2616	8.5432	6.7169	8.4945	6.0937	6.5185	6.4799	6.6102	7.8906	7.1669	6.7312
EA_G__PLEKHA2	7.1913	6.803	7.5548	6.5699	6.9505	7.0212	8.056	6.1693	6.8387	6.144	5.8322	5.3397	6.7633	8.1319	6.7739	6.2636	7.5654	6.2065	9.2582	6.7399	6.4447	6.4472	5.9849	8.7015	8.2691	7.2099	6.2644	7.1486	6.7822	6.1039	6.6202	8.0243	8.0466	8.578	6.8361	6.786	8.7067	6.925	6.6464	6.2896	5.8709
EA_G__ELK3	6.214	5.7875	6.4343	5.0173	5.7208	6.3793	6.0668	6.2242	5.6844	6.4943	6.0164	6.0869	6.0582	6.9747	5.8821	6.9185	4.5117	6.5217	6.7734	6.2157	7.2924	6.2209	5.6102	5.2898	6.1929	5.6212	8.1946	5.6704	5.4659	5.4923	6.0903	8.2677	6.319	8.0026	5.7072	5.567	5.9615	5.5961	5.5168	5.4524	5.4035
EA_G__MFSD2	7.2966	7.7164	6.0506	8.6138	6.477	6.0257	6.2412	6.2149	8.0212	5.8516	6.1562	5.419	6.3786	7.6426	6.6083	6.4054	7.0198	6.887	7.071	7.4308	6.0344	5.6524	5.7796	6.8238	6.7033	7.2184	7.8895	5.9641	8.505	8.7674	8.0289	6.471	8.3094	7.1014	10.8495	6.757	7.2966	6.0039	7.0495	5.3309	6.8767
EA_G__ZNF772	3.4741	5.9614	5.8263	6.1535	7.5782	6.4878	6.043	6.5578	6.4763	5.906	5.4749	7.9019	5.5932	6.931	7.2329	4.4548	5.6856	6.1812	7.0567	5.7735	5.8018	6.387	5.848	6.6473	5.9141	6.188	5.6669	6.9224	7.2034	6.3847	5.7905	6.5167	5.7084	5.6054	6.7026	6.4004	5.5536	6.5342	5.1591	6.1564	5.6997
EA_G__KIAA0644	6.6204	7.8892	5.8869	7.22	7.5292	5.0429	7.1733	4.6612	6.9032	4.7288	6.0241	7.1183	5.0476	5.3085	5.1206	6.1557	7.1336	5.2546	5.1951	6.8486	4.7598	5.9194	5.6884	7.036	4.7568	6.3434	4.8293	6.4892	6.3319	6.5456	7.9545	4.9716	5.2662	5.3064	7.3471	7.7024	6.1171	6.8002	7.5086	6.8457	5.1298
EA_G__CX3CL1	4.8992	7.5203	5.2355	8.1937	8.0604	5.3572	4.9287	7.6396	8.1076	8.1127	5.2753	8.3565	6.5916	5.3695	5.828	6.712	8.6337	6.9305	7.4107	9.3933	4.8522	5.3672	5.3974	6.5175	5.562	8.1013	5.068	5.56	6.1645	5.6093	8.2584	5.6996	5.5162	5.4522	5.5328	9.1033	5.7656	5.5337	5.1705	5.342	5.4813
EA_G__MEST	3.7821	8.4329	7.4442	8.1036	7.8282	5.1585	8.0538	7.5372	8.5749	4.1282	3.9542	8.2015	4.1632	7.7767	7.7725	6.9852	7.9736	4.1779	10.2616	3.9201	5.9893	8.2535	8.0721	7.2051	8.4844	7.5944	7.003	7.3438	6.4017	7.9458	9.0529	5.6433	4.3579	7.0465	7.9342	7.6883	4.2239	4.1949	7.1188	7.7275	8.3201
EA_G__EHF	8.9418	7.9677	7.8953	8.8702	8.3787	3.4608	7.0353	8.5755	9.3891	3.7674	8.0012	6.4301	4.3068	9.4851	8.5171	8.2355	9.4367	7.3563	3.5329	8.1561	3.837	7.2835	4.963	5.5786	3.0694	8.5866	3.5169	8.217	8.8245	9.2446	7.1737	4.1825	7.2807	3.8479	8.8579	9.2408	8.1504	9.8011	8.7526	8.8216	9.3806
EA_G__ATP6V1B1	8.431	8.806	5.902	7.3183	6.9918	5.9325	5.7772	6.4595	6.2043	6.3031	6.1353	9.5806	6.3115	6.287	6.7994	6.0559	9.4686	6.157	6.0111	9.3752	5.722	6.8148	6.4098	8.1139	5.9892	6.9745	5.9529	7.875	9.1033	6.5552	8.2919	6.0271	7.2476	6.1054	7.2345	8.1543	6.8779	6.3264	7.0163	6.1973	6.1065
EA_G__MAPK13	8.8569	5.7396	8.8783	8.9074	8.7232	5.4127	8.4843	7.2281	6.6557	5.5989	8.9054	7.3132	5.6793	9.2513	7.9948	7.8879	7.9473	5.5743	5.7215	9.0168	5.3583	8.6374	7.9377	9.0236	5.4413	8.6852	8.6457	9.7135	9.2189	8.8961	6.4072	5.5621	8.1762	5.5973	9.1242	8.9669	8.3048	8.7898	7.7641	8.6697	8.3449
EA_G__SCUBE2	4.7629	5.0546	4.9929	5.8206	11.4402	4.9679	4.8344	4.6654	7.3754	4.8634	5.6711	11.3873	5.0011	5.0155	4.8528	5.0303	7.8015	4.8511	4.9676	5.1207	5.0834	6.1512	7.9257	8.4991	6.3243	9.6401	4.9595	7.4764	5.106	5.7841	5.3968	4.9885	5.3571	5.0823	5.1082	5.4785	5.2741	9.74	8.5451	4.9859	5.4146
EA_G__CYFIP2	6.9195	7.6336	5.8455	9.0937	8.0094	4.9558	9.1605	7.1359	6.1258	4.9594	6.3421	7.6514	6.2954	5.2496	4.8951	5.2998	8.4513	6.591	5.0957	5.0147	4.9933	7.4391	7.4575	7.5014	5.4852	8.3475	5.7216	7.2038	9.1192	6.5537	7.9774	5.9874	5.4906	6.214	9.1159	5.4779	9.0647	8.058	8.4102	5.4775	8.5427
EA_G__PDK2	8.2428	7.0593	7.3418	8.6813	8.1326	7.0869	8.0833	7.6765	7.668	7.2951	9.5634	8.5473	7.3267	6.8853	7.5144	5.2004	7.6	7.5001	8.071	7.2623	6.6124	7.5269	7.8726	8.1051	7.353	8.0214	6.89	9.2013	7.7035	8.4327	6.8599	5.42	7.5932	6.1561	7.9233	6.9924	7.5973	8.3188	5.2635	8.3825	8.3118
EA_G__SH3KBP1	6.9181	6.3485	7.4737	6.2274	6.2885	8.1333	6.2943	7.8321	5.0438	7.9499	5.0309	5.2233	8.041	6.9922	7.6968	8.5194	5.9744	7.0511	7.4211	7.9876	7.6714	7.6042	7.027	6.3902	8.4773	6.7531	7.8992	6.2095	5.0461	6.2935	5.9915	9.2351	7.3744	8.3209	6.2036	7.3834	6.9534	5.4421	7.2851	5.7527	7.1467
EA_G__EIF5A2	5.0671	6.2951	7.8413	5.3636	5.4876	7.0288	3.9816	6.5229	4.6112	6.4989	4.0049	6.0151	6.4365	8.0195	8.5671	6.6962	4.1127	7.1292	7.9963	5.1445	8.1412	6.4023	6.2623	4.3311	7.3762	6.1378	6.8793	3.7667	4.1613	4.6846	5.9985	6.7265	6.2262	7.4626	5.477	4.3927	4.1756	6.6644	4.8266	4.4717	5.0973
EA_G__PRKCA	5.1123	6.9849	6.7965	6.093	4.4173	8.7689	4.7539	7.1254	3.9318	7.493	4.0132	4.0291	5.6109	6.9189	6.4077	7.722	6.2455	7.0923	8.9502	4.7269	8.3028	6.6467	5.9656	4.7651	9.6278	6.3184	8.5886	5.5478	7.1467	5.4288	7.173	9.0008	4.8225	8.6544	5.553	5.3847	5.7431	5.6894	6.2828	5.5399	5.837
EA_G__PPAPDC1B	6.7988	6.7719	6.5795	7.4609	7.6138	8.1184	8.4847	5.9723	7.2835	6.7645	8.4434	7.5461	7.6034	6.7695	6.515	6.2917	7.1062	6.6868	7.8694	5.7329	6.6646	6.65	6.7462	9.7689	7.3495	7.3445	6.6301	8.1141	7.7679	7.2382	6.6002	6.8594	6.7839	6.4509	8.5883	9.0955	9.4031	8.0144	7.6513	8.7271	8.6681
EA_G__ZNF649	6.3709	5.7303	7.1386	7.6582	6.8691	6.3895	6.2774	5.297	7.2554	5.962	7.0301	7.482	6.0581	6.8143	6.0947	5.2195	8.197	5.5291	7.1498	6.0276	5.5455	3.833	4.7577	7.4516	3.8241	6.7017	3.8653	7.6469	6.985	6.6308	5.9335	6.1333	5.7362	6.0239	6.0245	6.572	5.7814	5.9513	6.5329	5.3778	5.1546
EA_G__SYDE1	6.3871	6.1369	6.3992	6.3616	5.8841	8.4653	5.4574	8.3258	6.6153	7.9902	5.8161	5.3023	6.2033	6.9579	7.0087	6.4074	6.1217	6.9318	8.2904	7.7112	8.9081	6.0991	6.2731	5.5612	8.7207	6.3382	8.9894	5.7382	5.0994	6.1707	6.551	8.0444	7.0048	8.2118	6.1916	5.8197	5.9689	6.0967	6.1051	6.3412	6.0907
EA_G__PMP22	6.0959	5.1224	5.429	5.4594	4.9924	7.9781	6.3995	8.848	5.1563	7.6262	5.2112	4.8395	8.7645	5.8123	5.4972	5.4895	5.8946	7.2789	6.5533	5.0787	8.0606	7.1631	8.4061	6.657	8.6806	9.0748	7.5881	7.8117	8.2058	5.4837	5.0125	7.6065	6.1094	7.5676	5.526	4.8133	6.7722	5.0781	6.394	6.6771	6.0156
EA_G__TIMP2	8.0733	8.3458	7.5595	5.3944	8.578	8.7678	6.3471	8.206	6.7557	9.266	6.5326	6.6301	7.4328	7.5212	7.6423	8.8436	6.5074	8.6701	9.1357	7.1354	8.2937	6.9135	6.629	7.6709	9.9272	7.2971	7.5771	5.6731	6.6532	4.7218	8.7064	9.815	7.1412	8.3924	5.6884	6.8307	6.477	7.3707	8.4241	4.9285	7.046
EA_G__C9orf150	6.3988	7.1869	6.5076	7.0707	10.7652	8.6927	9.877	7.1481	7.4135	7.6684	8.5063	8.2506	5.0014	5.7357	6.51	8.3959	8.0107	6.6126	6.4634	9.9622	6.4075	7.596	7.9432	9.3978	7.9167	8.0685	5.8597	8.115	9.0118	6.6495	6.7351	7.0564	6.7245	7.6222	6.9489	8.5812	7.2989	10.3317	7.9699	7.1346	6.9196
EA_G__WHSC1L1	8.2211	7.3636	8.0191	7.5646	8.6371	8.6315	9.4188	7.6437	8.5728	7.8112	8.2073	8.4367	8.4292	7.9034	7.5394	7.3496	7.92	7.4006	9.3632	6.8412	7.8864	7.3858	7.3099	10.8072	8.5908	7.6626	7.543	8.563	7.8817	7.3956	7.3029	7.3875	7.5827	7.7311	8.1722	8.6743	9.7484	7.8569	8.2919	9.1075	8.918
EA_G__CTSL1	7.6904	7.1446	5.9869	5.883	6.5277	9.1712	6.6027	6.0323	5.851	7.413	5.9477	5.9626	6.4435	7.0527	6.8364	7.614	5.1383	6.8249	7.5579	6.3704	7.4269	6.6451	6.6534	7.3371	7.4699	6.4934	6.91	5.9933	7.3942	4.9259	7.1257	10.0666	7.3463	6.5746	5.5826	6.8836	6.2702	5.4304	6.6445	5.5102	5.704
EA_G__ACSL1	8.4285	9.3878	8.6513	9.8595	7.938	7.0775	9.3158	7.6291	6.6026	8.2128	9.6152	8.8888	7.4057	6.6016	8.5239	8.7204	8.4505	6.5524	6.2068	9.8073	6.9813	7.6201	5.1828	7.7769	7.2449	9.0405	7.5045	8.814	8.3192	9.1933	8.0645	6.585	9.5051	8.4462	8.6173	9.4908	10.3861	8.6547	8.5527	7.1048	6.8911
EA_G__TGFB3	7.1774	8.6881	4.6236	8.3173	7.5047	5.5213	7.607	5.4247	6.0167	7.2469	8.7177	7.0531	5.7405	5.0309	4.787	4.6977	8.3291	5.2017	9.4529	6.474	5.1135	6.187	6.6684	7.2071	8.1792	8.396	4.6681	7.9033	8.6527	8.8772	8.7065	7.2984	5.3984	5.4579	8.0666	7.2829	8.7559	8.4583	8.7206	7.4674	6.7545
EA_G__XPO7	8.5499	8.1521	9.1879	8.441	8.0038	9.1217	8.3196	8.2448	9.2044	8.3067	8.6677	8.1523	8.4557	7.6985	8.194	8.0059	8.5117	8.7745	8.3272	7.316	9.0734	8.2715	7.7554	10.9542	7.5707	8.2995	8.812	7.6431	7.8666	7.8212	8.0921	7.8502	8.291	8.4653	8.4306	7.0594	7.6009	8.1521	8.2975	8.6333	8.9366
EA_G__ZNF703	8.9258	7.2036	7.6985	8.3321	10.7497	6.7294	8.7856	7.5604	6.8715	7.1891	8.9055	8.3589	6.7036	6.9888	6.8515	6.7668	9.5952	6.8245	6.9589	7.3393	7.3347	8.401	8.7959	10.5647	7.4865	8.389	6.8422	9.4783	7.1382	8.1575	7.1893	6.8779	6.9616	7.2656	8.5025	8.7906	8.6151	8.0155	7.6965	7.8571	8.3007
EA_G__GBA2	7.0611	7.9182	7.2585	7.1177	7.7517	7.7342	8.9204	7.3434	7.9632	7.1583	7.0217	7.9961	8.1298	6.9633	7.4439	6.7869	10.8175	7.7709	7.9028	8.3792	7.6672	7.5137	7.7553	7.7022	7.8072	7.5787	7.9523	7.9938	8.3174	8.0147	7.6414	6.5285	6.4815	7.3485	8.6403	7.3107	8.0718	7.2136	7.4953	7.6339	7.5122
EA_G__HERPUD1	8.6285	10.4478	9.2085	10.5562	10.0457	9.4448	10.349	8.6294	9.3023	9.4727	9.8717	10.0827	8.4007	9.3534	9.6033	8.7193	9.3689	9.1327	10.4734	9.8305	9.1198	9.0948	9.0238	9.215	9.246	9.8406	9.1072	10.4887	10.6213	8.9895	10.5573	10.2198	9.2076	10.4204	10.2215	12.2288	10.1602	8.8683	9.8176	10.4281	9.3348
EA_G__ARL4C	6.9231	6.4043	8.6446	7.8979	6.524	8.6542	6.5207	8.5419	6.249	9.5728	7.2395	5.713	6.9818	7.8644	7.5521	7.3938	8.1788	8.3581	8.8294	7.832	8.4905	6.8551	6.4925	7.0841	9.064	7.1587	7.769	6.7918	5.7117	6.6629	7.184	10.1983	7.1131	6.0957	7.0154	6.579	7.5063	5.9402	6.3704	6.6452	6.0953
EA_G__RAB38	4.748	5.0076	5.0068	5.2149	5.7753	4.5026	4.7627	4.9551	6.2294	5.0822	5.1297	7.9437	4.4994	9.1861	7.0946	5.3936	5.3835	4.7469	6.2689	6.6002	5.1511	4.7386	5.6053	4.7175	6.3813	5.8205	5.136	7.9365	7.8406	5.0837	5.1862	4.9365	8.6056	4.9034	4.7152	7.3497	4.9047	6.8348	5.4012	5.1026	4.7659
EA_G__KRT81	13.077	12.3655	6.8929	5.3565	8.1666	6.0874	6.0053	8.444	6.0401	11.3208	7.6037	5.7804	11.6511	6.2567	10.487	12.3724	11.3863	12.6179	5.5355	6.3242	5.8424	11.574	8.8585	6.1968	5.7452	12.8947	8.4799	9.2935	11.4858	6.8186	11.3289	7.5435	12.9338	7.1368	7.4014	12.694	12.2377	5.9518	10.3869	6.01	6.5865
EA_G__BICC1	5.5056	3.3395	3.1232	3.186	3.0672	9.2576	3.2192	7.1799	9.4832	8.4845	3.3896	3.2324	4.44	3.5713	4.5865	7.9741	3.4973	8.2072	8.5706	5.0546	8.9907	3.8347	3.6597	3.4591	8.841	4.1768	7.1383	3.1319	3.288	4.176	4.6651	8.5162	8.1251	4.0463	3.5392	3.8033	3.624	3.4661	3.342	3.6601	4.9147
EA_G__RARRES3	9.1096	7.7687	6.4281	5.3993	6.6058	4.2899	5.8098	5.1693	9.1422	6.0391	7.3182	7.167	5.2026	6.1213	8.343	9.3154	8.1406	4.145	5.9253	9.5802	4.9869	5.4719	4.715	9.3606	7.9014	6.5677	4.9322	5.1257	10.0138	5.6183	7.653	4.6534	5.8286	4.4097	6.1348	8.4344	8.6296	8.112	7.2365	5.1083	5.337
EA_G__OAS3	8.2237	7.6448	7.0677	6.1127	9.0316	5.7509	7.3295	7.4997	8.5851	5.8028	5.1451	7.1703	8.434	8.6271	7.967	8.7854	6.2695	6.0357	6.9072	9.6007	4.9176	7.4661	7.1695	6.8934	5.763	7.5414	7.3515	7.8704	8.5413	7.2501	6.2291	6.6144	7.8217	6.3745	7.7032	9.1884	7.9386	8.3148	6.03	7.1356	6.5609
EA_G__ST6GALNAC2	10.2973	5.0291	5.516	10.3685	9.1426	4.5595	8.7228	6.5984	7.353	4.8036	9.9648	6.5371	4.6823	5.9709	5.9589	4.8008	8.1178	5.1009	5.8811	7.4136	4.6967	6.3217	8.8799	9.8266	5.7877	9.9075	4.6438	11.3695	9.1258	9.9534	5.1063	4.954	6.391	4.6258	9.9215	6.6702	10.1722	9.3112	10.0639	10.5198	10.1631
EA_G__FAM92A1	5.5302	3.478	6.5384	5.8483	6.4144	8.4157	5.1613	8.0287	5.1954	6.5926	9.1744	4.5411	7.7132	7.0833	7.3376	4.797	5.1531	7.1769	8.6012	5.3043	7.7639	6.4938	5.9786	4.0925	8.9483	5.4059	7.7509	5.8867	5.4835	4.3822	3.5541	8.8524	6.8195	8.0827	6.5139	5.3158	3.813	6.5597	7.8706	5.3464	5.5177
