Cell lines	600MPE	BT20	BT474	BT483	BT549	CAMA1	HCC1143	HCC1395	HCC1419	HCC1428	HCC1569	HCC1806	HCC1937	HCC1954	HCC2185	HCC38	HCC70	LY2	MDAMB134VI	MDAMB157	MDAMB175VII	MDAMB231	MDAMB361	MDAMB415	MDAMB453	SKBR3	SUM1315MO2	SUM149PT	SUM159PT	SUM185PE	SUM225CWN	SUM52PE	UACC812	ZR751	ZR75B
Response	-1	-1	1	-1	-1	-1	-1	-1	1	-1	1	-1	-1	1	-1	-1	-1	-1	-1	-1	1	-1	1	-1	1	1	1	1	-1	-1	1	-1	1	-1	-1
EA_G__GRB7	8.5454	8.0083	11.1297	8.1717	6.2075	7.1224	7.4261	6.3606	11.6802	7.283	9.436	7.1132	6.9786	11.7721	8.4244	5.9178	8.1182	7.3692	7.641	5.5442	8.1737	6.1796	9.8138	7.8417	8.799	10.5391	7.3985	7.0859	6.2713	7.9055	12.3691	8.1468	10.6486	7.7878	8.0155
EA_G__ERBB2	9.7997	8.5748	12.3566	10.2935	7.7806	9.1247	7.7491	7.1261	12.6526	8.5876	11.3467	7.4832	7.6512	12.3708	10.2349	8.1322	8.6875	8.5271	8.307	7.9542	9.8661	7.3805	11.4924	9.0715	10.6304	12.0992	8.1194	7.4859	7.6326	8.7176	12.6826	8.6454	12.2493	10.0611	9.751
EA_G__PERLD1	7.9981	7.2334	11.5309	8.5186	7.0395	8.0143	6.7798	7.5751	11.7835	7.7075	6.0197	6.9121	6.5128	11.3772	8.5531	8.1056	7.9547	7.2717	7.6108	6.8706	8.1096	6.7476	10.1259	7.7315	8.2906	10.1853	7.6784	7.1932	6.6914	7.5985	12.8771	7.0808	10.9271	8.078	7.8159
EA_G__MIPEP	7.2902	7.1329	8.3486	7.9182	7.9982	7.4577	7.0585	6.9337	9.1829	6.9938	7.2814	6.5371	6.9973	6.836	7.4639	7.2798	6.5412	6.846	6.5897	6.2694	7.3512	6.953	9.0417	7.2708	7.9343	7.1788	7.671	8.1321	7.2004	6.8241	7.5816	6.9328	7.6996	7.7388	10.207
EA_G__DLX3	5.9564	6.5922	8.3925	7.6265	5.6094	5.938	5.6328	4.8388	7.9765	5.8754	6.3403	5.8666	5.3924	5.3154	6.1978	5.0285	5.6926	6.4653	6.8724	5.288	6.4617	4.7899	7.0145	5.9772	6.8321	7.7375	5.3032	7.0645	5.2161	6.9139	6.6169	6.2	6.3741	5.8481	6.3974
EA_G__ST6GAL1	7.1627	5.4994	6.0727	5.7592	4.9826	5.8866	5.2929	4.3675	7.1704	4.4732	6.6134	4.3999	5.6027	6.9928	6.3251	4.7896	6.3255	5.2073	4.3331	4.6197	6.3901	4.8325	5.7496	8.8885	5.4107	6.5704	5.1495	6.8937	4.9485	5.7285	7.4109	6.9642	6.987	7.0116	5.2249
EA_G__C17orf37	10.2627	9.4327	12.5067	10.0183	9.6297	9.9884	9.7393	9.4784	13.0107	9.7623	12.9521	9.5497	8.8984	13.0916	9.1605	10.2348	9.8217	9.7035	10.1657	9.7471	9.5811	9.5775	12.0721	10.1387	10.4964	12.051	9.5708	9.2545	9.6907	9.4564	13.376	9.9787	12.8045	10.2002	10.228
EA_G__ZNF704	8.1814	6.5403	8.2384	7.2142	4.6263	7.3683	6.9108	5.1148	7.714	7.8754	6.5857	6.0118	7.4215	7.6123	7.4168	5.3602	5.9619	6.1707	7.581	6.3429	7.9101	6.0438	7.7515	7.6132	7.9124	9.7141	6.9534	6.0965	4.8082	7.1864	8.0799	7.8858	6.9613	6.6039	6.1979
EA_G__GTF2H2	5.0168	6.1545	5.4935	6.4197	7.134	7.0588	5.2525	5.9034	6.7451	6.7485	5.7983	5.7171	6.458	5.5018	6.5077	6.4542	5.9592	6.3577	5.6664	6.2029	5.0151	7.1046	4.5368	7.9252	4.7259	6.7036	5.6078	5.7591	8.0914	6.4786	5.2863	6.4758	6.3934	6.5748	6.2038
EA_G__FLJ33790	6.6866	7.3971	7.557	7.2318	6.5064	8.2235	6.9082	7.3245	6.6492	7.3755	9.4994	6.7278	7.2245	6.7675	7.2427	6.6399	7.2212	6.5074	6.5877	6.9103	7.6832	5.9928	6.5489	6.2324	9.313	7.5911	6.9989	8.1377	6.4363	6.4097	8.3494	7.2226	8.5104	7.5982	7.5542
EA_G__FBXO32	6.4224	8.1937	7.0116	6.2259	4.8769	6.54	7.873	8.6203	8.3564	6.1378	8.2483	4.2313	6.6466	7.1545	8.4864	7.3539	5.7434	4.9185	5.8681	5.6122	6.6177	4.7735	5.5186	6.6536	7.4219	8.3307	9.0189	9.1506	7.231	7.0251	8.3507	8.4703	7.6307	6.7079	5.3246
EA_G__MPP2	6.1691	6.0063	5.3463	8.2711	6.776	6.3588	6.5849	6.5627	4.9561	8.105	6.8007	6.2796	6.0538	5.9262	5.5303	7.423	6.4743	6.62	8.2721	6.6649	6.0583	6.5197	5.5904	5.3955	6.0175	5.7428	5.9556	5.4923	5.7716	5.8514	5.6234	7.7935	7.2392	5.8677	6.9831
EA_G__PPP1R1B	8.4134	5.3146	6.1717	5.4383	5.6037	5.3093	5.3516	5.3186	7.6849	5.235	11.3025	5.5556	5.7625	6.0975	8.6293	5.0789	6.2257	5.5126	6.3638	5.0928	7.4844	5.2927	6.0823	7.2346	6.3522	6.1086	5.3644	5.6562	5.7473	6.7821	7.0415	7.6266	7.1704	5.5376	5.6609
EA_G__ACY3	6.0483	5.6212	7.6306	5.5797	5.803	5.5489	5.4666	5.4231	5.5887	5.4113	9.3883	6.0372	5.7476	5.8489	7.3446	5.7872	6.2175	5.8756	5.9756	6.0016	6.6586	5.5435	5.5918	6.6392	6.646	6.6996	5.9474	6.1859	5.769	5.9326	7.6507	7.0914	6.292	6.3002	5.8483
EA_G__RANBP6	6.6269	8.1489	6.783	8.1933	7.8091	8.3597	7.9058	8.9775	7.2594	6.7298	7.6135	7.3862	8.1739	10.2783	5.8212	9.8342	8.111	7.0049	8.1898	8.1927	7.1919	7.9168	6.69	7.5771	6.6933	6.9985	6.4378	7.8482	8.4859	8.4586	6.8172	7.0878	7.204	7.4285	7.6502
EA_G__SFMBT2	5.7736	5.5336	6.7114	6.4577	4.8839	6.5872	6.749	4.2661	6.8517	5.1791	7.94	4.6656	4.5785	5.8074	4.9758	4.3916	4.5173	6.4391	7.7311	4.7588	6.4946	4.4062	6.7069	5.3539	7.8092	4.6462	5.1842	4.6369	4.4407	7.1333	6.7831	6.6726	6.7932	5.6499	5.9899
EA_G__MUCL1	9.7015	5.4032	11.9418	10.2431	4.8957	8.9223	4.5051	4.9442	8.2638	6.8099	4.7529	4.7936	4.5822	5.1223	8.4609	4.6962	4.8549	6.192	7.538	4.9978	10.2647	4.8186	11.1491	8.2536	10.2257	5.8615	6.5654	5.2871	4.4087	5.4239	12.5835	9.5991	11.7143	10.7729	5.1542
EA_G__STARD3	8.6038	7.6703	11.6755	8.3238	7.704	8.3756	7.7797	8.0941	11.6862	7.7375	7.0771	8.264	7.7935	12.1044	7.9649	8.6671	8.2598	7.8381	8.5094	7.7795	8.2495	8.4776	10.5954	8.2645	9.3549	10.7309	8.1765	7.3145	7.8384	8.3666	12.3685	7.7257	11.2988	8.1594	8.1242
EA_G__HEG1	6.8455	9.9633	4.3598	7.1837	8.3098	6.562	6.4836	6.9825	6.2301	7.5078	5.2928	5.9003	6.8884	7.6971	6.2066	7.9313	7.4061	4.7841	6.2316	9.1828	5.3043	8.3031	4.2267	6.6247	5.3676	7.0547	6.655	6.1362	8.4389	7.818	5.8099	7.466	7.6151	4.0331	4.3623
EA_G__CRIP1	8.4336	5.3267	9.7731	11.423	5.334	5.4641	5.3474	4.8935	11.7544	5.561	8.2598	7.0206	5.2656	5.5827	5.8054	5.4495	8.2606	5.5382	9.0144	5.3967	8.9139	4.9174	9.2424	6.8474	7.5698	5.9588	5.2163	8.9972	5.2167	5.7411	6.8932	5.2574	9.2825	9.7626	10.5449
EA_G__FLVCR2	5.4626	5.8178	6.0793	5.5116	5.4953	5.8176	5.7567	4.6849	6.7961	5.7686	6.7249	5.3441	5.2273	6.0838	6.3586	6.5591	5.3062	7.8993	5.1212	6.1356	6.6858	5.195	6.0687	5.9393	5.4928	6.996	5.1607	5.8194	8.6946	6.6511	6.7542	5.458	6.6091	5.2316	5.2693
EA_G__SLC16A5	9.2595	7.4326	9.3137	6.9577	6.1808	6.3707	7.347	7.7125	7.2475	6.4992	6.5404	7.2632	7.5154	6.9739	6.7975	7.6139	7.6161	6.4911	6.443	7.6373	7.4515	7.4891	10.1736	7.7746	8.6039	7.5951	6.5105	8.7826	6.3837	7.6586	8.3755	6.9641	8.5638	6.2784	6.2619
EA_G__RASD1	7.1388	6.394	6.5453	6.5162	6.0506	6.3027	6.267	6.1959	10.0301	6.0734	6.4639	6.9674	6.2454	6.3766	6.7778	6.2943	6.5352	7.3434	6.6702	6.4789	8.4693	6.8716	6.6444	6.5733	7.3102	6.9225	6.3977	6.5661	6.4334	6.3495	7.9752	6.8529	6.6657	6.5584	6.284
EA_G__CPAMD8	7.0478	7.2596	7.2388	6.7996	5.6587	6.0427	5.6522	5.7791	6.8633	6.049	6.0436	5.9711	6.7098	6.1118	8.4635	5.3842	6.5933	6.2974	5.9579	6.7371	8.6424	5.4769	7.4537	5.9555	7.027	6.3632	5.7861	6.2587	5.9367	6.3406	7.1091	6.9385	8.1872	6.9222	6.1828
EA_G__ST3GAL2	5.1245	6.5232	5.461	5.7091	7.5988	6.4466	6.0393	7.2036	5.7459	7.7065	6.7122	6.5264	6.1728	6.5381	5.6583	7.54	6.4734	5.7205	6.6306	8.9673	5.7831	7.274	5.3718	6.8043	6.2369	5.6945	7.4105	6.2584	7.0882	6.2638	5.539	6.4992	6.0176	6.7239	6.2097
EA_G__YIPF1	8.1538	7.1149	8.3387	7.4043	7.2018	7.6327	6.9169	7.0897	8.6056	7.8128	7.3801	6.5796	6.9075	7.2824	7.7843	6.9285	7.6619	7.168	7.5846	7.1724	7.4127	7.3375	8.7118	8.8558	7.7027	8.1777	7.4907	7.4336	7.036	8.3011	8.8785	7.9406	8.0957	8.5275	8.1699
EA_G__PRSS8	9.6655	8.6396	9.1182	9.8896	5.839	8.563	7.0852	5.6234	9.9989	8.7449	9.0331	7.2019	7.5485	8.8439	9.5767	5.7101	9.9771	9.0099	8.5698	5.822	9.4326	5.9163	9.2733	8.5573	8.7847	9.0995	6.067	7.8782	5.7102	9.9436	9.4381	6.9483	9.2864	8.4567	7.7295
EA_G__GRAMD2	6.7449	8.8006	8.0119	6.578	4.9204	4.9565	6.129	5.124	7.5184	7.0826	5.0351	5.7863	6.8372	8.0838	7.0011	4.6843	6.2288	6.0796	5.023	4.8118	5.774	5.2106	5.5525	5.2362	6.784	8.6722	5.4089	7.3875	4.8997	7.5718	6.4928	6.5344	7.2598	5.4708	5.0695
EA_G__MLKL	5.3631	6.7699	4.5781	5.1028	4.5183	6.2781	7.0054	5.5547	5.3495	6.0079	6.5081	8.1323	7.592	5.4048	6.8008	5.6666	6.4925	6.5436	4.4505	5.1663	4.7333	8.6718	5.1648	6.1423	5.9452	5.8479	5.0639	6.5892	6.6097	5.678	5.191	5.9092	4.6377	6.4913	6.3111
EA_G__DTX4	10.0037	8.1956	7.6009	6.9354	5.9571	6.573	7.0537	6.3483	7.3775	6.7969	8.8522	7.4853	8.7511	9.5893	10.2251	5.8389	8.5995	6.8731	6.2433	6.9709	9.3066	5.8262	7.3856	8.5159	7.2944	8.2357	6.4031	8.3291	6.1319	6.8272	7.6505	9.2681	8.5524	6.424	7.0198
EA_G__XYLT1	5.2317	7.1485	5.7365	6.6981	5.0699	4.8446	4.7954	6.8135	4.9647	4.9793	6.7744	5.4631	6.0867	6.7221	8.1534	4.8526	6.1864	5.5817	6.4594	4.9722	6.7751	4.6559	5.9876	6.7302	5.8468	7.241	9.0893	6.4884	6.0094	5.3108	5.6381	5.653	6.3338	4.979	5.3589
EA_G__PEG10	7.5938	4.9697	9.4047	10.8894	9.8295	5.0635	4.9456	8.2184	10.4563	9.4316	10.9411	8.0184	8.226	8.4791	10.7977	8.2742	7.3161	5.0826	9.4605	10.6777	9.8791	8.8654	9.049	5.9308	12.1461	8.6123	8.2909	10.2006	9.5417	9.8494	5.6315	7.8759	9.7808	6.7363	7.7367
EA_G__CAPS	10.7823	6.5813	7.9658	9.4653	5.8603	7.0129	6.1536	5.8143	10.8287	7.3341	10.5962	5.7871	6.0836	6.8688	6.3952	6.3341	6.1385	6.4196	7.0841	6.3328	9.9621	5.8726	8.5837	6.55	7.1682	9.0415	6.2687	6.1294	6.116	11.1088	6.1606	7.0327	7.9726	6.3301	6.3652
EA_G__IL27RA	6.0024	6.3254	5.0221	5.7103	7.1938	6.6624	8.022	6.8401	5.94	5.6764	7.2059	6.6802	7.4566	5.1144	6.2494	6.157	7.1711	5.8236	6.0306	6.2951	5.0143	6.6472	5.6912	5.1369	6.1566	5.3116	5.9985	7.3052	5.8023	5.2485	4.9757	5.5587	5.6416	6.8361	6.5847
EA_G__ALDH3B2	7.8751	7.5805	11.3608	8.8077	5.8866	9.7334	6.4255	6.1384	9.5823	7.6199	7.7955	6.3071	6.4469	7.0901	10.2674	6.047	6.1466	8.5602	10.4301	5.6515	9.014	5.9874	10.8628	9.2617	9.5867	8.9624	6.0873	8.4091	5.947	8.3315	10.3339	9.1412	9.2081	9.9559	8.9847
EA_G__ACSL1	8.4285	8.6513	9.8595	7.938	7.0775	9.3158	7.6291	8.2128	9.6152	8.8888	7.4057	6.6016	8.5239	8.7204	8.4505	6.2068	9.8073	7.6201	7.7769	7.2449	9.0405	7.5045	8.814	8.3192	9.1933	8.0645	6.585	9.5051	8.4462	8.6173	9.4908	10.3861	8.5527	7.1048	6.8911
EA_G__ENC1	7.2387	7.4225	6.0781	6.6075	6.1923	6.5607	7.7214	6.9302	5.3001	6.4784	5.3858	6.397	7.205	7.3056	7.5081	7.9648	7.3349	5.7503	5.8872	7.5025	7.3985	7.1588	6.3733	7.7425	5.4647	6.6838	5.7562	5.5983	6.3036	7.1623	6.8877	5.973	5.7431	6.3593	5.0867
EA_G__CUL4B	6.6142	8.4121	6.2287	6.8128	9.3472	7.0256	8.1315	7.686	7.6102	7.6919	7.0614	6.7863	6.5816	7.5829	7.2735	10.0552	7.1003	6.5622	7.0753	8.6142	6.8373	7.2966	6.404	7.2378	6.5199	6.8767	7.1544	6.4288	6.9163	6.5287	6.3816	6.6166	7.0476	7.0727	6.9907
EA_G__PSCA	8.6778	7.7485	7.4204	6.1323	6.2269	6.1241	5.9762	6.0065	8.8023	6.0835	6.1892	6.0919	5.9439	6.6586	7.1563	6.2267	6.4924	6.978	6.1779	6.272	8.5062	6.3328	9.3354	7.9842	6.881	7.2737	6.4886	6.825	6.8352	8.2749	6.7703	7.561	6.1518	5.9503	6.0552
EA_G__TMEPAI	9.0313	9.859	9.54	8.6064	6.2846	7.0365	9.0017	8.1741	8.9912	5.7617	5.8511	7.0375	8.3055	9.528	7.3319	7.7737	7.5938	7.2926	7.431	8.911	8.2193	5.7113	7.5478	8.244	8.6251	9.7532	8.1357	8.1942	6.3423	8.011	8.9255	7.8324	8.2315	7.8687	6.9058
EA_G__DEPDC6	7.4503	5.2717	9.1632	7.448	4.9752	7.5121	6.4015	7.052	8.3884	8.0948	6.8441	4.7516	5.8902	5.8436	8.5968	6.0457	7.4547	6.8396	8.225	7.3615	8.3302	5.541	9.0918	9.6198	7.432	8.03	6.4449	6.1382	5.6161	7.127	9.8221	6.946	8.5831	6.7683	7.0533
EA_G__SYT8	6.8303	7.5678	6.44	6.5346	6.4279	6.1642	6.2781	6.1181	6.3438	6.6819	6.2913	6.6771	6.3662	7.5477	6.5741	6.0903	6.5336	6.6102	6.319	6.0314	9.1213	6.273	6.4885	5.9924	7.0635	8.2657	6.3503	6.5691	6.5606	6.3762	7.982	7.136	7.0497	6.2935	6.5223
EA_G__SLC16A1	4.1518	8.7535	4.621	5.0518	8.3945	6.9479	8.2121	8.0753	4.1803	6.0711	8.1756	8.6169	9.6833	7.5445	4.3803	9.301	7.8102	6.6982	6.7496	8.5674	5.5971	4.2042	4.7554	9.2031	5.243	5.3943	8.0807	8.4519	8.8065	6.2744	5.3618	6.7559	3.8845	5.3972	7.3424
EA_G__SCGB2A2	12.6118	3.5533	8.7434	4.9163	4.5575	4.7525	3.9114	4.2876	8.0848	9.2045	4.3656	4.1009	3.8167	4.6634	4.8143	3.2776	3.7315	3.9797	4.2224	3.7128	11.0566	3.8864	11.9379	13.4059	4.4485	8.9496	8.726	3.6321	4.6471	4.4829	13.3917	12.4996	10.5325	5.6038	6.2511
EA_G__TPD52	5.9209	5.7277	7.0653	6.6962	5.3719	6.8489	6.829	5.1704	7.2799	6.5672	7.0081	5.6315	6.5702	6.5929	6.491	5.8681	5.9646	6.3341	6.5048	4.2657	5.5925	5.3093	6.894	6.7619	6.1522	8.3772	5.8053	5.8745	5.9066	6.8577	7.4252	6.5493	7.5175	7.2785	6.8565
EA_G__C2orf54	8.3218	6.6126	6.6129	6.4191	5.3623	6.4403	6.3795	5.2559	7.0081	6.0254	5.6238	5.8691	6.2319	6.7258	7.7521	5.1584	7.085	6.7537	5.7166	5.3858	8.0504	5.5605	7.7213	5.2486	7.7989	9.4912	5.4913	5.8188	5.4747	5.8124	8.1237	8.5672	8.1165	8.5209	5.6076
EA_G__NUPR1	7.623	7.3888	8.3409	5.8831	7.217	8.2699	6.308	7.7097	7.5236	6.4053	6.3374	5.9057	6.0186	6.5507	7.4957	7.3003	8.2083	7.4375	5.6338	5.9458	6.6051	5.727	7.9059	8.8506	8.5515	6.9661	8.2408	6.7378	5.8168	5.8454	9.4081	7.3405	7.5702	8.0146	5.9202
EA_G__KREMEN1	6.5585	6.0424	8.046	7.4854	6.2366	6.3047	7.6357	7.7238	9.2185	7.0632	7.6468	7.082	6.9969	6.8058	7.5835	6.5842	5.4202	7.2185	7.4166	7.088	8.303	6.2457	9.67	7.3885	7.2974	6.9629	6.9396	6.5568	6.1826	7.9062	7.6804	7.3377	8.4315	8.2097	7.8019
EA_G__FOXP4	7.8848	7.8757	8.8731	8.1974	7.175	8.4056	7.4526	7.2738	8.346	7.6693	7.8345	7.7831	8.3282	7.7829	7.7087	7.0315	8.0498	8.1031	8.0666	7.6763	8.2271	7.6686	8.8877	8.4425	8.3203	7.9428	7.3333	7.9073	7.5409	8.8581	8.3212	7.5171	8.0961	8.1019	7.3865
EA_G__HIST1H3H	8.0395	9.9021	7.9551	8.3334	7.9503	9.9355	7.9839	8.6948	8.1968	9.514	5.0676	8.5702	8.9289	8.4732	10.4743	9.1569	8.4908	9.1932	8.7539	7.6105	4.8362	7.5247	10.4119	8.6725	8.9047	8.3972	8.2755	7.9758	8.375	8.8441	6.6582	4.9978	6.5902	8.2874	8.3204
EA_G__CHST11	5.5933	7.6473	6.3925	5.3695	5.6775	4.7302	6.1573	7.1552	5.6205	5.3228	8.1747	8.4076	8.4095	7.4488	8.8412	6.4102	5.7773	6.2274	5.2161	7.4221	7.3829	7.2048	8.3594	5.2322	7.6196	8.0307	9.1393	6.8942	7.0447	7.6509	6.9587	5.4991	5.7816	6.1174	5.905
EA_G__RPS6KA2	7.2247	6.4795	6.7426	6.0129	4.9791	5.3537	6.4925	6.2883	6.2732	4.9725	5.8669	6.45	6.4346	7.5155	5.9798	5.2436	6.5689	6.5766	6.9687	5.1484	7.0255	6.8695	6.9008	4.9655	5.6143	7.5479	5.5176	7.4256	7.175	7.7108	8.3379	6.5329	6.7964	5.4018	6.1544
EA_G__FRMD6	6.6327	6.7991	5.8569	6.512	8.4921	7.1865	7.9292	7.5991	5.8319	5.2792	4.6289	7.4696	7.3778	7.3328	5.7482	8.1602	5.44	6.187	6.3911	8.9032	6.3751	8.4847	5.2365	6.2746	5.5398	4.9049	7.829	6.5761	8.0209	6.1144	6.2193	5.4363	5.7171	5.2584	5.2336
EA_G__GGT1	7.5575	6.9163	7.1065	7.2693	5.3711	7.6542	5.7143	5.8255	8.3686	6.7667	5.8302	6.2027	5.5974	6.1793	7.0078	5.6441	6.8205	6.2737	7.403	6.0052	7.7936	6.8593	9.9959	6.1859	7.8444	7.6843	6.2313	5.996	6.5788	5.9141	7.6846	7.3051	6.8846	9.633	5.9641
EA_G__CRAT	8.1572	5.9711	11.4567	7.6715	8.287	6.6246	5.8871	7.7008	10.7227	8.3935	8.5281	5.4788	5.4039	5.5109	8.2258	8.3749	5.6272	6.9141	7.6091	8.2104	9.2806	6.5668	8.7434	8.0047	10.9341	7.2747	8.4932	7.7102	5.9546	10.1112	6.9725	9.0664	9.4003	10.8252	9.5145
EA_G__ATP7B	6.2045	5.7373	8.4859	7.6758	5.5861	8.0376	6.1909	5.3359	7.9776	9.3079	6.3782	5.2183	4.7565	5.8059	5.7551	5.888	5.2875	6.5883	5.873	6.1273	7.1474	5.1534	9.4854	8.2401	5.8082	6.645	6.3643	5.7143	5.6434	6.7281	6.2771	6.1749	9.3683	7.6427	6.5602
EA_G__NR4A1	7.0106	6.4987	7.7492	7.3327	6.1782	6.5968	6.4658	6.2776	7.4587	6.4468	6.6935	6.3044	6.1826	6.3809	7.2553	5.8215	6.1123	7.225	6.542	5.7641	7.5251	5.9098	7.1353	6.7565	6.7356	7.0525	6.0845	7.8922	6.6425	6.9256	7.2672	7.5309	6.6764	6.9464	8.454
EA_G__TMEM63A	10.3392	8.8139	9.2252	9.8321	7.9009	8.9321	8.0876	7.8552	9.8166	7.6708	8.6227	8.3271	8.8127	8.4558	9.0724	7.9149	9.794	8.0926	8.1943	8.1384	10.2093	7.9491	9.2452	9.2999	9.5319	9.8231	7.2609	9.6586	7.7197	9.4813	9.5874	9.3064	8.3396	8.9229	8.1762
EA_G__SRD5A1	8.0855	8.399	7.6275	6.6327	7.4336	7.1454	8.3436	8.1358	7.0578	6.9902	7.0641	7.5414	9.0122	7.6676	7.9855	7.2715	10.5835	7.3295	7.2558	8.68	6.9041	7.457	8.0689	7.8639	6.0999	7.4931	7.124	5.9887	7.6524	7.1851	7.4128	7.5333	6.8793	6.9635	6.1703
EA_G__CD58	6.8277	9.2583	5.6632	6.0538	7.2021	6.9656	6.9285	5.8761	6.1121	6.4586	6.5012	6.6152	7.7048	6.6519	5.819	7.9261	7.5297	6.6201	6.3345	6.9016	5.5527	7.6471	5.6213	6.7996	4.9268	6.6071	7.1219	7.1185	7.2653	6.5758	7.1223	6.201	6.1303	6.1112	6.1329
EA_G__CPE	8.6965	4.0052	7.2374	7.1476	5.447	8.0609	5.0502	4.1555	10.5244	4.3901	9.6381	3.877	5.3587	5.2796	4.5581	5.9491	7.3628	5.401	6.8504	6.9886	7.7079	6.5889	7.6605	9.2716	5.5786	7.2783	5.1539	7.8673	4.9719	6.8651	10.2284	9.751	8.6851	9.2257	7.9683
EA_G__BMP4	6.759	5.0114	6.0309	6.098	6.0715	7.1783	6.7259	6.2272	4.4739	6.9521	5.1107	6.0793	7.2095	5.0103	7.2881	6.2001	5.1243	6.6692	6.3408	6.9458	4.7369	8.0266	6.0005	4.8624	7.5144	4.8065	4.6613	8.2492	6.0626	8.2262	6.6187	5.3941	5.8698	5.6496	5.4777
EA_G__CALML5	10.8123	5.673	7.936	8.1066	5.7628	5.8521	6.8941	6.0323	6.7642	5.9267	6.292	8.6287	6.8028	6.0826	6.4955	5.7171	9.1295	7.1617	5.9926	5.746	6.9447	6.0562	9.8545	6.022	9.1781	6.2895	6.4144	6.637	6.3803	10.5225	9.2435	6.8067	7.1076	5.9905	5.969
EA_G__ABCC11	4.9799	4.4868	8.9135	5.5246	4.3409	6.068	4.3488	4.3945	9.0536	6.4968	4.3846	4.531	5.3781	4.6172	5.5215	4.2837	4.7067	4.5406	5.9853	4.152	8.7674	4.4954	7.3019	6.4495	9.0235	6.726	4.427	4.9806	4.4854	9.756	7.5508	8.4576	8.0366	9.5692	4.8818
EA_G__EDG7	3.5288	3.7776	4.833	3.6421	4.0994	4.4359	8.0901	4.2587	7.5858	4.5372	8.7229	8.8385	6.2848	7.9491	7.1886	8.0065	6.7514	4.8484	3.7346	7.5279	4.6986	4.394	7.0688	7.3179	5.3051	4.66	7.3759	8.3309	7.7085	4.3828	8.0393	3.5566	4.1638	5.9133	5.8987
EA_G__PIGS	7.5697	6.8888	7.5384	7.3005	7.0996	7.4286	6.3865	6.7768	8.2206	7.0898	6.9207	6.921	7.0373	7.7928	6.9324	7.1571	7.0957	7.1866	7.3205	6.4457	7.3331	7.1863	7.4162	6.9111	7.4132	8.3361	6.8413	7.2873	7.503	8.072	7.9713	7.4937	9.3036	8.1412	7.9504
