Cell lines	600MPE	BT20	BT474	BT483	BT549	HCC1143	HCC1187	HCC1428	HCC1569	HCC1806	HCC1937	HCC1954	HCC2185	HCC3153	HCC38	HCC70	HS578T	LY2	MCF7	MDAMB134VI	MDAMB157	MDAMB175VII	MDAMB361	MDAMB415	SKBR3	SUM1315MO2	SUM149PT	SUM185PE	SUM225CWN	SUM52PE	T47D	UACC812	ZR751	ZR75B
Response	-1	1	1	1	1	-1	1	-1	-1	-1	1	1	1	-1	-1	1	-1	1	-1	1	-1	-1	1	1	1	1	-1	-1	-1	1	-1	1	-1	1
U133A__COL6A1	6.9732	6.0991	6.3956	6.2876	7.7987	8.9878	5.7568	6.6083	8.0962	7.3804	6.3507	5.6124	5.8936	6.4987	9.1927	5.4538	10.8531	6.5479	6.2493	5.8409	11.2448	6.8487	6.4207	5.7732	5.7873	9.5167	7.8725	6.018	7.0157	6.5026	6.3931	7.0413	5.7191	5.9583
U133A__IGFBP7	2.9865	2.8263	2.8187	2.8488	2.9678	8.1639	2.9617	3.057	9.0694	7.7424	4.9465	2.8659	2.8328	7.664	6.8087	5.298	9.287	2.953	2.8392	2.8773	8.7334	2.9882	2.8618	4.331	3.7421	3.4559	3.1532	2.9303	8.2563	2.8623	3.2633	3.1601	2.8804	2.8224
U133A__AHNAK	5.281	6.4729	5.9388	5.7781	5.2206	6.1827	6.0559	6.224	5.2952	5.0968	6.7373	7.6819	6.8806	5.6812	5.9843	7.446	5.8018	5.7293	4.9851	8.2307	5.331	5.487	7.506	6.7486	6.1605	5.0432	4.7147	5.7549	8.1404	7.3006	5.636	5.4948	6.6421	7.5269
U133A__FANCG	5.7529	6.2545	7.6	6.4537	7.0761	6.4867	7.2667	6.451	6.1187	6.9206	6.517	6.4031	9.5935	6.5269	6.0361	7.6104	6.1079	6.78	6.4459	6.9052	6.4125	6.4774	6.9184	6.8003	6.1179	6.1296	6.6838	5.5828	5.7232	5.3223	6.4065	6.3229	5.9315	7.0228
U133A__IRS2	8.2646	6.3871	6.1831	6.7845	6.2723	9.8849	5.6423	6.4241	5.833	9.3915	7.7954	6.0032	5.453	8.6129	6.621	5.3606	5.4758	5.921	6.2504	6.3569	6.8503	5.6481	7.1192	5.6215	5.6329	6.3412	7.299	7.3676	6.7356	5.7346	6.0545	5.8869	5.9846	6.0265
U133A__STOML2	7.2213	8.5185	9.9156	8.2398	9.103	8.2134	8.6867	8.261	8.9344	8.3241	8.5246	8.7663	11.5332	9.1862	8.097	9.4651	8.2944	8.4101	8.3866	8.7367	8.6208	7.9967	8.4125	8.6614	8.3608	8.7891	8.6857	8.089	7.7287	8.0294	8.042	7.9046	8.4869	8.9244
U133A__MELK	7.4057	9.206	7.7049	8.1506	9.2766	8.3064	8.9809	8.3003	8.785	8.8851	9.0786	8.8704	11.0903	8.9656	8.5623	9.9242	8.7947	8.6129	8.3998	9.4282	8.8347	7.7825	8.938	9.0018	8.7079	8.3682	8.1645	7.3721	8.1871	6.5906	7.9253	7.6879	7.8002	9.065
U133A__MYL9	4.7297	8.5122	4.3871	5.1373	9.1832	8.4341	4.0346	5.7648	9.6218	6.0583	4.625	4.5724	4.813	9.5538	8.1157	4.8778	9.6227	4.8854	4.7024	4.6027	8.4701	5.1536	4.6393	6.8697	4.5311	8.308	6.9483	4.4915	5.1012	4.7852	7.4332	7.2213	4.811	4.1039
U133A__SH3BP5	4.5669	7.6365	6.3726	7.6208	5.3896	5.7432	8.4108	7.7287	6.5201	5.893	6.0643	6.2105	6.5372	4.3785	6.5156	7.5147	5.231	8.6417	8.4431	6.9531	6.5498	6.6958	7.3821	6.1776	6.571	7.6624	5.2193	6.9699	5.8436	6.8418	6.3893	7.6927	5.6068	6.8504
U133A__BMI1	5.2627	6.8977	5.6401	9.3719	6.6391	5.3895	6.8203	7.5417	5.7456	5.0391	5.5369	5.7849	6.4265	5.3789	5.998	6.2942	5.6207	6.3277	6.0755	7.9302	5.5347	5.2115	7.0147	5.6888	5.6715	6.5148	6.4517	7.106	6.8552	5.8714	5.5429	7.4405	6.1095	6.7911
U133A__MXRA7	7.3883	5.2513	6.1786	7.3459	8.8708	7.994	7.5735	8.5232	8.4778	9.4836	7.0129	5.6822	5.2279	10.1797	9.496	8.2414	9.2301	5.9779	6.369	8.1878	10.6844	7.7324	6.698	5.4442	5.147	8.9371	8.2772	5.5672	5.5043	5.2859	7.7395	8.9281	5.6894	7.6177
U133A__CTGF	7.1473	3.7722	4.1421	3.9205	8.5961	9.9978	4.0779	4.3177	9.4636	4.2303	4.7664	5.4268	6.0839	8.247	7.842	4.0585	9.9469	3.8967	4.0791	3.933	5.2649	5.107	4.0025	4.9953	7.9564	9.3229	4.4806	4.498	6.5857	7.0046	4.3973	4.0011	4.4522	3.768
U133A__FNBP1L	5.7282	5.7353	6.3034	7.1137	5.7258	4.9683	6.9366	5.9928	5.0314	4.7531	5.4856	5.0975	6.6526	6.1696	6.4593	6.5269	4.7117	4.8914	4.3192	7.5094	4.6485	3.3218	6.0796	6.3206	5.9159	4.2674	4.7058	6.4658	6.9367	6.033	5.5292	7.0101	5.9501	6.1131
U133A__SDC2	7.6839	4.5208	5.471	5.8173	4.5404	10.2929	6.6377	9.2915	8.7747	4.4879	4.6024	4.7327	9.7014	7.0364	7.5149	4.7632	8.8181	4.7019	6.728	7.8196	9.0147	5.4896	4.4419	4.9399	4.8889	6.2214	4.7253	6.0161	4.8645	4.9022	6.7886	5.683	4.8569	6.2833
U133A__TUSC3	7.7061	7.844	5.277	4.5591	4.9647	7.6665	6.4646	6.2996	8.2575	8.0232	7.9762	4.8685	5.4514	8.2811	9.4858	4.5276	8.1364	7.6041	6.2045	7.4159	7.479	8.6055	7.6463	7.7091	7.1896	6.8362	7.6602	8.4792	7.744	7.8483	8.204	9.4333	5.5605	8.3897
U133A__IGFBP6	5.6731	5.4442	5.5177	5.4819	5.8921	6.4634	6.072	5.3744	6.0119	8.7753	8.4806	5.5659	5.5465	5.6679	9.4268	6.2516	8.8554	6.6417	6.2663	5.9126	7.9486	6.1228	5.5454	5.6252	6.0209	5.8285	8.1014	5.7392	5.2594	5.5176	6.0702	5.4302	5.9415	5.281
U133A__COL4A2	6.4635	6.2726	4.9197	4.4398	9.5328	6.7139	4.8079	4.9894	7.5194	8.2333	5.6191	5.1904	5.0157	9.3085	8.3007	4.2182	8.3461	4.7889	4.7039	4.7941	9.7331	5.177	4.8098	5.2981	5.4106	6.024	9.0196	4.61	4.6647	4.8703	4.9757	4.6655	5.105	4.6821
U133A__RWDD1	7.4205	8.7215	7.1539	6.7113	7.8573	6.7122	7.0839	7.2993	7.7228	7.3589	8.2412	8.0047	11.1379	8.4297	7.6919	7.4456	7.9971	8.4697	7.1268	8.3973	8.1803	7.8542	7.9228	8.0948	7.8762	8.1894	7.0984	7.2492	7.9832	8.9298	7.2329	7.6671	5.5182	7.5395
U133A__SEC63	7.0828	8.4478	7.5172	7.0148	7.1944	6.5026	7.5784	6.1044	7.1861	7.5493	7.6693	7.0448	10.6458	7.9112	7.1481	7.537	6.8794	6.5015	6.7805	7.7143	7.4356	6.523	8.5514	7.4856	7.5031	6.5847	6.9394	7.7981	8.2003	8.3403	6.9386	8.245	7.4579	7.6101
U133A__C9orf3	7.366	7.7201	6.6357	7.8892	6.6726	8.9507	5.7797	7.6312	7.4943	6.3704	7.4047	5.8919	6.1052	8.818	8.935	5.2379	8.0265	6.0234	6.2445	6.3347	8.4646	5.741	7.1312	5.9799	6.7186	5.992	7.3108	5.6671	6.0223	6.4093	7.8139	5.9673	5.5812	5.5698
U133A__MYB	7.1063	5.5605	7.1427	8.3619	5.2382	5.4142	6.3239	6.4602	5.2946	4.9253	6.2981	5.4064	7.3429	5.4122	4.8759	5.6105	5.5049	6.3934	7.2538	7.4732	4.4327	7.1898	8.3463	6.7762	6.5134	5.2487	5.4891	5.5343	6.6125	6.4074	6.262	6.73	6.2372	7.4982
U133A__MAP1B	5.2828	6.4849	4.9262	4.8618	7.9119	6.6054	8.1982	4.5955	5.1547	5.4784	4.3322	4.8752	4.6449	6.1241	8.077	7.8322	9.7287	4.2933	5.1401	5.3466	8.6245	5.0681	4.7169	4.9647	4.5124	7.7301	5.7202	10.7187	6.9184	4.8221	4.5797	4.5998	4.8576	4.5338
U133A__CTSB	8.9033	7.4127	7.895	9.4448	10.3253	9.8386	7.1998	8.7026	8.7987	10.4713	8.9155	8.2071	8.7264	9.6347	10.3193	8.6727	10.1243	7.6852	8.2081	8.7671	9.7003	8.8804	8.1404	8.1867	7.0968	12.1734	8.6588	10.4251	6.6465	7.1327	8.8929	9.6935	8.6247	8.6464
U133A__TNFRSF21	6.9434	9.0393	6.2411	5.8168	7.6132	9.4794	6.2643	6.3644	8.9963	8.8483	7.9123	8.4644	8.9154	9.1783	7.7884	7.9115	10.028	7.0946	6.9593	7.6411	8.7664	8.4893	7.3706	7.6864	6.6581	6.831	9.0621	7.9016	9.2553	6.9565	7.1457	7.9318	5.8725	6.4674
U133A__AKR1C3	4.5755	7.9694	3.4576	3.4923	3.5327	5.9661	4.4479	3.8913	4.2299	11.0316	6.9613	6.4956	3.6174	8.1922	8.1221	9.9288	7.8707	3.9479	4.7752	5.2109	8.5158	5.1772	5.6304	9.5174	3.5267	3.8637	5.972	9.2411	10.0536	4.8461	3.8538	3.7663	3.6274	3.8302
U133A__CASC3	8.0662	7.1666	7.896	7.8331	7.3214	7.4055	8.0717	6.9048	7.4362	7.247	7.6934	7.357	7.24	7.5153	7.5471	7.7717	7.1902	7.2305	7.0158	7.7874	6.8132	7.0879	6.8153	7.1054	9.5638	7.2235	6.6186	6.8808	7.2259	7.7518	8.0652	10.4373	7.5613	7.8892
U133A__C3	8.0106	6.2607	6.0817	5.8311	5.7648	9.0395	6.3784	5.6617	10.1816	7.4163	8.7858	5.9001	6.5894	8.5375	6.2009	9.4553	6.0739	5.9398	5.8497	6.0495	6.9302	7.2708	5.7467	6.1981	5.7035	5.7721	10.6532	7.3317	7.4113	5.9459	5.7433	6.22	5.8786	5.5469
U133A__EFEMP1	7.4576	3.9936	4.9476	7.2537	9.8537	11.5931	3.9406	9.5939	4.5082	9.0406	7.8452	6.2124	9.5684	8.5328	11.2032	9.9411	5.6562	6.8707	6.1881	4.3448	9.1576	7.5869	5.3781	9.5557	8.7332	3.8355	9.2272	10.0329	9.0876	4.2679	10.1096	7.0931	6.9504	7.616
U133A__PCK2	6.284	6.7969	7.826	7.0049	6.9382	6.6359	6.756	6.5554	5.8093	6.4794	7.416	6.5607	6.4475	6.7694	6.1271	8.2428	6.1926	7.1246	7.2563	7.2173	6.0304	7.2309	7.0416	6.961	6.43	7.0357	6.5541	9.2728	8.7286	8.2243	6.6431	6.8268	6.8368	7.7107
U133A__AKR1C1	7.1431	9.7287	6.9009	6.8428	6.9592	8.8214	9.5937	6.993	6.9124	13.1661	9.4036	9.5204	6.7947	9.3672	10.5533	8.2823	10.5717	6.8776	7.8026	10.3287	9.2501	8.2671	7.7902	8.1125	6.9583	7.1779	9.3422	9.812	11.7895	7.2018	7.2829	6.5776	6.7722	6.5749
U133A__SORBS2	8.936	5.4941	6.4401	5.4424	5.5175	8.6285	5.6054	6.2198	6.3474	6.0802	6.9047	5.4611	6.2066	6.4919	6.1776	7.7611	6.6186	5.7661	5.5938	5.7209	6.9767	6.1543	6.5877	6.2867	5.5737	8.6789	5.8552	7.5596	7.7492	6.8821	5.923	5.5824	6.4692	5.6689
U133A__AHNAK2	4.3732	4.6633	3.7668	4.2833	7.8526	9.299	3.5509	4.9391	3.8991	6.3896	4.45	6.0159	4.1841	7.2624	6.7199	6.3673	5.4933	3.9157	4.2351	4.6591	8.267	4.9602	4.0095	4.1542	3.8567	9.5019	5.603	8.3787	4.9678	4.0909	4.2427	4.4986	3.8844	4.6233
U133A__HDAC2	7.3362	8.606	7.6767	6.867	7.551	7.0874	8.1325	6.5409	7.9756	7.3507	7.9535	8.3325	10.9012	7.9686	7.3425	7.7932	7.6404	7.0908	6.704	8.7541	7.7129	7.1234	7.7281	7.5994	6.9991	6.7312	7.6319	7.5854	7.5802	7.4804	6.7918	7.5777	5.8817	7.6247
U133A__C6orf211	4.7061	5.6679	7.0185	8.9986	4.6285	4.5967	4.1924	8.487	5.0896	6.0769	4.6395	5.7836	6.7831	4.2786	4.0272	5.9741	4.6184	6.7797	7.9113	8.0697	4.908	6.42	8.5915	6.0873	5.1504	4.4327	4.8395	4.7754	6.2025	7.0532	6.7713	6.982	4.5541	9.4202
U133A__SNX3	7.4822	8.9435	8.0462	7.0702	8.3886	7.4899	7.8493	7.3454	8.4501	8.0451	8.4314	7.936	11.1678	8.4686	7.962	8.1692	7.7878	7.7229	7.6676	8.7653	8.4924	8.0632	8.4013	8.1024	7.9791	8.03	7.2657	8.0363	7.9844	8.681	7.3744	8.4575	7.824	7.949
U133A__SQSTM1	6.1244	6.1499	5.8091	5.7716	7.0833	5.9361	5.7784	5.8264	7.07	6.1	6.0029	6.0765	5.8535	6.5977	6.8556	5.5987	7.8553	6.1988	6.3496	5.823	8.1934	5.9877	6.465	5.698	6.2993	8.7397	5.8603	6.3011	7.6314	6.4299	6.2441	5.9149	5.7718	5.8185
U133A__TSPYL1	7.1208	8.2478	6.8499	7.5148	6.8558	6.3823	6.2805	7.2393	6.7611	6.3812	7.6203	7.1452	9.9714	7.4672	6.6912	6.8775	6.14	6.7769	7.2514	7.9883	6.4733	7.0354	8.3367	7.0077	6.3896	6.688	6.094	7.2503	7.8804	7.8928	7.6083	8.0874	5.4603	7.6037
U133A__FAM129A	5.0158	4.7228	4.3398	5.5046	7.9531	4.8097	5.2083	5.9292	4.647	8.5176	6.8051	3.6708	5.0773	6.7572	5.0536	8.9458	4.8652	3.935	3.6517	4.1287	6.924	6.5025	6.0223	3.8873	3.8009	6.1988	6.8953	7.0005	8.3979	4.7178	5.0793	3.9912	6.4028	4.0884
U133A__SLC16A2	6.3648	6.9674	6.6207	6.1898	8.4154	6.3528	5.8648	6.3431	6.1795	5.906	6.0403	7.6963	8.9505	6.0496	6.2589	6.7398	7.4172	5.6067	6.407	6.8717	6.5314	5.6734	6.4926	8.2316	7.2201	6.0533	5.9928	5.6637	6.4509	6.8085	6.0254	6.5951	6.8485	5.9475
U133A__NETO2	4.1866	8.556	5.5229	7.0904	8.3314	4.9915	7.0426	7.6731	6.7208	7.6539	7.7076	8.3348	6.592	6.4802	7.0906	8.0553	7.0052	6.605	6.4807	8.0547	5.8595	3.8496	7.2842	7.0955	5.1442	7.8191	7.5577	8.5558	7.8592	7.8868	4.4382	6.024	6.2995	7.593
U133A__CRABP2	7.7927	7.6984	7.1272	11.2478	7.1984	10.2575	11.042	10.4868	7.9145	5.679	11.2348	9.6855	10.9394	9.1947	9.329	11.2675	6.4565	10.9021	10.0104	10.3883	6.0832	10.5335	7.7354	10.3027	9.5601	7.2299	6.7276	9.2587	8.4121	9.1007	10.4822	11.9965	9.367	8.6028
U133A__C3orf14	9.0139	7.5754	9.212	9.6473	8.5361	4.2159	7.5311	8.7627	7.2165	6.6989	8.1664	4.05	8.792	7.421	6.3008	7.4875	8.1547	10.6072	10.2344	10.5387	6.6381	8.2917	9.1404	7.4683	8.9235	7.4175	8.1998	7.2508	8.5412	9.1302	7.7943	9.0827	9.2989	8.6747
U133A__PCTP	6.8289	6.6213	8.1664	6.5612	5.1232	9.315	5.6513	6.7262	7.3226	6.3297	6.1024	7.302	5.2925	6.4219	7.3253	7.702	5.4234	6.3381	6.567	6.1451	7.3843	7.1665	6.5636	6.578	5.4077	6.0721	6.2962	6.199	7.0656	6.584	6.8001	6.5245	6.6801	6.402
U133A__RUNX1	8.1168	6.7016	7.2102	7.6375	7.0667	9.4792	5.2955	6.473	6.4426	6.3102	6.968	7.4652	6.8471	6.2546	5.7046	7.1706	6.6078	7.3539	7.0636	7.7735	6.0855	7.126	6.7931	6.9141	6.3567	6.6728	6.5636	6.3903	6.8718	7.5332	6.8964	7.9102	6.91	6.9437
U133A__MT1E	7.8851	10.9472	7.1994	7.283	8.052	8.2554	6.7525	10.3763	8.6888	9.325	7.7407	8.1952	7.1704	8.6778	10.2166	7.6766	10.4822	6.9449	7.3634	7.9805	8.8841	8.1675	7.7895	10.3548	7.853	10.6588	10.8935	7.4854	7.5278	9.3421	7.187	7.2065	8.0755	6.722
U133A__UBAP2	5.4385	7.7345	6.0293	7.8019	7.284	6.5709	7.7504	7.1467	6.9458	6.9148	6.8468	6.2426	9.8684	6.9149	6.3077	7.8567	6.7469	6.2089	5.9218	7.247	6.867	6.6527	8.1591	7.0411	6.5173	6.3175	6.6482	6.8332	6.0548	6.2607	6.3922	6.805	6.7369	7.6546
U133A__COL1A1	4.8595	4.3453	6.7347	4.1388	11.3634	5.8092	4.8212	5.5465	4.0655	4.7173	4.1605	3.5882	4.5906	7.139	10.8683	4.5265	10.6014	3.8974	5.0738	5.193	10.155	4.7577	5.968	4.0965	3.9594	11.1959	5.4949	5.5253	4.1782	4.3818	5.6643	3.9736	5.6976	5.9443
U133A__GSTP1	10.2691	6.2737	6.0305	6.0116	9.0029	9.802	10.165	6.0055	9.9335	10.5334	5.7453	6.4435	9.7716	9.4364	8.9042	6.7726	8.5415	6.0689	6.0078	6.0434	8.826	6.3304	5.9938	9.6938	7.3166	9.2902	9.987	10.4558	5.822	5.7574	6.2469	5.6179	5.9376	5.7957
U133A__HK2	7.7927	6.0513	9.3905	8.5865	7.1092	6.3978	6.9276	5.9444	7.0521	6.4244	7.008	7.3448	7.8368	6.4973	5.5445	7.3185	6.4854	8.2568	7.2834	7.5312	7.3908	7.8934	8.0615	7.0305	8.5453	6.3299	6.9952	8.6042	6.437	7.3711	5.651	8.9271	9.8284	7.313
U133A__NMU	7.7687	5.3381	4.3252	6.8641	4.1752	8.636	7.3185	5.2777	6.318	7.1706	9.1284	4.9977	4.242	7.6872	6.8751	4.3367	4.0377	4.0093	4.3863	4.6474	5.4827	5.9742	6.7082	4.4051	3.9427	4.1099	7.0073	4.1234	7.0702	6.565	6.9468	5.598	7.6505	8.6929
