Cell lines	600MPE	AU565	BT474	BT483	BT549	CAMA1	HBL100	HCC1143	HCC1187	HCC1395	HCC1419	HCC1428	HCC1569	HCC1806	HCC1937	HCC1954	HCC202	HCC2185	HCC3153	HCC38	HCC70	HS578T	LY2	MCF7	MDAMB134VI	MDAMB157	MDAMB175VII	MDAMB231	MDAMB361	MDAMB415	MDAMB436	MDAMB453	SKBR3	SUM102PT	SUM1315MO2	SUM149PT	SUM159PT	SUM185PE	SUM52PE	T47D	UACC812	UACC893	ZR751	ZR7530	ZR75B
Response	-1	-1	1	-1	1	-1	-1	1	-1	1	1	-1	-1	-1	1	1	1	-1	1	1	1	1	-1	-1	-1	-1	-1	1	-1	1	-1	1	-1	1	-1	1	1	-1	1	1	-1	-1	-1	-1	-1
EA_G__CACNA1H	6.0676	6.82	7.2696	9.4583	6.1214	6.1458	7.018	5.7582	6.1617	6.0673	6.1627	6.4997	7.3923	6.3318	5.8868	5.9737	6.2978	6.1446	6.0735	5.927	6.2132	5.9137	8.2955	7.6072	8.1588	7.4458	8.0116	6.0461	7.8382	5.8969	6.3647	6.8471	6.4679	6.1379	6.0852	6.2573	6.1246	6.197	6.8091	7.2879	8.0756	6.4027	6.2936	7.9896	7.955
EA_G__PLOD2	6.1911	8.3419	7.0175	6.9131	10.2933	6.8168	7.9873	7.2038	5.3942	8.7914	7.1322	7.4866	8.0339	6.5989	8.2857	9.3417	7.8623	4.782	8.6845	9.2717	8.4052	9.1792	7.4818	7.5432	4.2248	9.0537	5.9173	8.1487	7.3068	7.3589	5.8456	6.2115	7.2225	8.2196	7.589	9.2253	8.3727	7.0657	7.2993	8.5125	7.6262	5.7386	6.8806	4.7021	7.1493
EA_G__GNG12	7.9257	8.0554	6.9215	6.2823	9.5214	5.0723	8.5558	8.6155	6.8475	8.645	7.8236	7.2029	8.1673	7.6447	8.9862	8.8599	7.5179	7.3246	8.9495	9.2848	9.2523	10.1455	5.2669	6.6554	6.6615	8.7552	6.672	9.0735	6.6523	8.8439	9.0434	7.2152	7.7602	9.2004	9.7441	7.9395	9.8269	7.4973	7.8464	7.0967	6.8414	7.6178	6.0561	8.1789	6.6101
EA_G__LEPREL1	5.7216	5.3689	4.9851	4.4724	10.3012	4.557	8.5513	8.9252	6.2886	8.0287	4.8272	4.6886	7.0575	7.3377	10.557	8.7823	4.979	4.9267	6.6553	7.275	10.0194	7.8041	5.1104	5.2716	4.6323	7.7667	5.025	8.5047	4.5016	8.1409	6.0743	5.3213	5.515	6.6211	5.8187	7.5245	8.0967	4.9053	5.3778	5.2092	5.118	4.8146	4.9238	5.2286	4.7824
EA_G__PLSCR1	6.007	4.9531	5.2434	5.7498	6.2815	4.905	5.7817	7.562	6.3723	6.1836	6.0387	5.7123	6.5254	6.119	8.0815	7.654	5.7333	5.5683	7.0136	5.5771	8.2668	6.0881	5.757	5.0735	5.4781	5.158	5.696	6.174	6.115	6.533	5.0341	5.08	5.103	7.8156	5.5	7.6768	6.8309	4.4089	5.4504	5.5249	5.2	5.6048	4.3885	3.9431	5.0149
EA_G__KIAA0953	5.8011	7.1466	6.4823	6.4155	5.2019	5.9649	5.5206	5.0737	5.2215	5.2114	7.1887	6.4801	6.417	5.2006	4.9367	5.1337	7.245	6.7991	5.5015	4.9454	5.1521	4.9522	6.5841	7.1799	7.1045	6.3501	6.4431	5.3853	6.697	5.4274	6.6405	6.3729	7.3694	5.2325	5.9187	5.1845	5.2015	7.2702	6.2853	5.4857	7.35	6.6109	6.0943	6.0649	5.5729
EA_G__ARHGAP18	5.5988	5.631	6.5887	4.7252	7.2885	5.2074	6.2727	6.6089	4.9579	5.6958	6.7369	5.1862	6.6774	6.4351	7.3713	6.3501	5.8168	6.7022	7.2933	7.8405	7.9695	7.5814	5.5177	6.6724	4.2449	6.1321	5.6656	6.8698	6.285	7.6441	6.3723	5.6892	5.7823	6.2946	5.9652	6.9738	9.2011	6.1521	5.8856	6.5006	5.9544	5.9172	4.8022	6.6651	6.3868
EA_G__KIAA0195	9.2317	8.1195	8.4064	8.8743	7.8452	8.7581	8.4206	7.6728	8.2281	8.5923	7.9728	8.9658	8.4402	7.6967	7.5845	7.5539	8.2679	8.6972	8.2867	8.4437	8.0899	7.5258	9.0136	9.5723	8.7357	7.8019	8.1276	7.7026	10.6093	7.8048	7.7409	9.2293	8.7163	7.4929	8.6271	7.8546	7.5508	7.9325	8.1096	8.3298	9.5459	11.3668	9.2109	8.2144	9.2433
EA_G__ITGA6	6.7446	3.5983	6.6671	6.3461	7.6542	5.1661	6.8924	9.2656	5.7846	8.5126	7.5573	5.6742	7.6857	10.5288	10.3204	8.9874	5.8986	3.6557	8.6883	6.2079	7.0879	7.2968	4.2723	3.9472	7.6904	6.793	5.9178	8.1442	6.6046	8.5089	7.6112	7.7496	4.1794	10.7535	7.3789	8.221	8.2275	6.6701	7.5001	6.7193	7.6797	8.0979	6.882	6.6226	4.358
EA_G__LARGE	7.5776	7.6411	8.2811	8.8172	6.4327	9.2071	5.4424	5.23	7.0295	7.4912	8.5957	8.6586	7.3338	5.688	5.8935	6.4137	7.4822	9.0514	5.108	4.9343	7.5548	5.6162	8.0168	8.493	8.7988	6.9842	8.3543	5.0348	9.7924	7.8886	6.1636	8.0502	7.5051	5.987	6.4651	5.3077	5.0334	7.6831	6.5147	7.7088	8.4373	7.478	8.51	8.1776	9.0378
EA_G__RBMS3	3.6966	3.9791	3.7614	3.2958	6.9879	3.583	7.138	6.8575	3.6609	6.9888	3.541	3.5718	3.7914	3.8414	5.8881	4.5971	3.8785	3.7264	5.8152	7.3861	5.6311	8.01	3.8227	3.7421	3.3788	8.1422	4.3691	7.5577	3.5926	4.3143	4.2558	4.0302	3.8835	6.3855	7.0336	4.6486	7.2745	3.4165	3.8293	3.865	3.5954	3.9363	3.6699	4.3854	3.4762
EA_G__PTRF	6.1378	5.9441	5.9461	5.7085	9.47	6.0342	9.4316	7.9379	6.2178	8.1509	5.8965	5.563	7.0871	8.0149	8.4522	8.1467	6.1849	6.696	6.8672	9.1449	6.8679	9.7016	6.208	6.3008	5.6737	8.7173	5.9941	8.8381	5.6244	6.5879	8.0608	6.7201	6.1917	7.7801	8.0202	8.0864	8.6629	5.8363	6.5439	6.4796	5.9012	6.0214	5.9419	6.4636	5.7248
EA_G__TFF1	11.84	6.7837	11.4404	12.9215	5.4971	7.8702	5.5529	4.3741	5.1241	5.0018	11.8255	12.4366	5.5277	5.3954	4.6693	5.167	7.8188	8.9703	4.6936	4.9862	5.1043	4.7645	11.9278	12.3462	9.3139	4.4746	11.1606	5.7316	11.3324	5.6288	5.0357	8.5496	6.452	5.1672	5.3551	4.8953	4.847	10.6487	5.7562	7.7064	12.854	9.7638	6.1027	6.5283	12.0692
EA_G__GYG2	7.8871	7.1576	6.2027	6.4853	5.2693	5.7758	5.2588	5.0278	5.4435	5.294	6.8818	5.6047	7.0613	5.6904	6.3938	5.9091	5.2829	6.7178	4.9633	6.8701	5.4592	4.9197	6.1102	6.7559	5.4648	8.9014	7.8392	5.5224	7.9013	5.0136	6.56	6.0633	5.6047	5.3933	5.4549	5.4488	5.136	5.1981	5.6961	5.9374	7.7537	6.5619	7.8063	6.3302	7.0443
EA_G__ST6GALNAC5	5.9522	5.516	5.5457	5.3218	7.7685	5.2248	6.2072	8.5429	5.7012	5.7852	7.0975	5.2275	8.0197	5.6697	8.2565	6.8828	5.5193	6.238	9.2436	9.2887	9.1363	6.0635	5.6634	5.8365	6.786	5.8298	5.8212	6.8403	5.3974	7.3398	5.7432	6.0806	5.9393	6.108	5.5472	7.7935	6.4576	5.5097	5.7869	4.7809	5.1216	5.3471	5.1008	6.0866	5.7477
EA_G__LY6K	4.7598	4.7912	5.0371	4.4493	6.2608	4.5636	7.0356	7.6438	5.4813	7.4329	5.0743	4.619	4.7229	6.0532	5.3105	6.539	4.8457	4.6299	5.1488	6.6308	5.6369	8.7196	5.0864	5.319	4.4846	6.7941	5.142	6.5263	4.8837	5.1368	6.1866	5.6165	5.3571	6.4995	6.0195	6.9862	7.0719	4.7227	5.2135	5.0951	5.0453	5.3156	4.7443	5.5048	4.7605
EA_G__NEO1	8.3678	8.1311	8.4096	7.9551	4.4578	8.5612	7.2634	4.7627	8.6836	7.8939	7.5711	7.2029	7.98	4.5447	5.3175	7.4789	6.1497	7.0483	6.3222	5.2707	4.2867	6.1454	8.0342	7.8392	8.7581	5.6569	7.7871	5.2894	8.4418	5.9796	6.1552	5.3117	7.2067	7.5441	7.8876	6.2855	4.4395	7.8903	8.2012	7.4667	9.0972	6.3005	8.4778	8.2715	7.2
EA_G__DPYD	5.7967	5.64	4.3788	4.2825	8.3159	4.2017	7.8964	7.8062	4.2855	8.8549	3.9347	4.0726	5.0063	6.1143	9.4525	6.9179	5.538	4.5943	4.9597	9.4643	8.6987	8.286	4.1438	5.5058	6.1088	7.1156	4.7003	8.739	4.3333	7.724	7.2207	5.5622	5.8884	6.865	7.8689	7.0905	7.6585	4.0732	6.7683	4.2669	4.0758	4.686	4.0451	6.4362	4.3467
EA_G__TGFBR2	6.9434	7.122	6.5636	4.7044	7.6681	4.6862	7.6677	8.3695	6.7089	8.3645	4.4748	5.3047	5.4067	7.9499	7.6715	8.5874	5.241	4.773	7.6865	7.6328	7.8443	8.9298	5.7233	6.4778	5.1441	7.1766	5.8674	8.7346	5.9185	7.2226	7.7136	5.4298	6.893	9.6555	8.0594	8.1697	9.4684	5.389	5.8513	5.002	5.1139	7.3592	4.6654	5.3412	4.2384
EA_G__ETV5	6.2865	4.3272	7.3578	5.0088	6.9009	4.2365	6.8068	5.8917	6.4816	7.5422	7.6289	4.0637	6.2938	6.6339	8.6748	8.1477	3.9975	4.5278	8.0022	8.106	6.3993	8.4113	5.8307	5.215	4.6177	7.0525	6.8419	7.8838	4.0658	6.391	7.77	5.5641	4.6071	8.0403	8.3688	6.1142	7.3205	7.1489	7.6779	4.437	7.0861	6.3613	4.0131	5.1081	3.8071
EA_G__CNN3	8.4208	5.6037	7.712	6.7753	9.0177	9.2162	9.186	8.9063	8.3886	8.6155	9.2855	7.7128	8.5625	7.7239	9.4372	9.1471	8.8511	7.7323	9.3889	9.7847	9.7946	9.0441	4.2049	3.5971	9.1817	9.392	8.0108	9.5909	8.2272	9.1239	8.1729	9.3042	7.601	7.1549	9.0462	8.283	8.3459	8.3036	8.6341	8.8297	7.4936	6.5196	8.3843	8.5096	4.7103
EA_G__ARSJ	6.7046	4.1618	7.2598	4.4582	8.8682	4.1374	7.4675	6.9042	4.5932	7.8876	5.794	4.076	6.2482	7.0085	6.1297	6.2761	4.735	5.422	6.2652	6.6957	5.9446	7.9663	4.401	4.4831	3.7109	8.3193	6.0887	7.9827	5.8497	5.4783	6.0087	5.9855	4.3994	7.0765	6.8218	6.515	7.9454	4.071	5.9841	6.0991	4.5306	7.1248	4.5496	6.0924	3.8537
EA_G__PFTK1	6.4434	4.6955	6.7976	6.166	4.3015	6.6181	6.5578	7.0255	7.2514	8.1983	5.1313	5.2688	5.6752	6.2696	7.1337	4.869	6.7346	4.3274	7.3448	6.6948	6.5962	7.6551	4.7366	4.6529	6.7084	5.6797	5.2948	7.034	5.2519	7.2384	6.406	5.4197	4.6521	6.5448	6.6485	7.9803	6.9505	6.8473	8.2703	5.5371	5.1284	5.3826	5.3968	5.1786	5.376
EA_G__MUC5B	9.6932	6.4361	6.9314	7.7404	5.8684	6.7346	6.1071	7.1014	5.912	5.8945	5.7874	6.5453	7.6719	6.1315	5.7623	5.913	6.744	6.0889	5.8992	5.7273	6.1171	5.8392	6.768	6.814	6.4839	5.7219	7.028	6.0495	7.1666	5.8982	5.9088	6.7563	6.287	5.9891	6.0671	6.2929	6.0471	5.946	6.3067	6.072	9.8801	7.9384	6.2141	6.5898	7.8827
EA_G__SLC39A11	8.0039	7.6914	7.5502	7.8772	6.5108	9.2791	6.7062	6.8888	6.8928	7.3307	7.5156	8.6527	7.168	6.3672	7.0764	7.36	8.9869	8.1172	7.0266	7.0961	7.8446	6.3549	7.9397	7.9691	7.1896	7.3801	8.435	6.5379	7.9556	9.0344	5.9575	6.4632	8.3686	5.9832	7.2705	6.1905	6.1289	7.8538	6.7183	7.9721	9.1536	8.162	9.6432	9.0248	8.6471
EA_G__GPX1	10.2914	6.6074	10.0255	6.4332	9.521	9.8669	10.5247	9.3434	6.2869	10.2073	9.7081	8.4087	6.2304	9.3709	10.6769	10.1513	10.0008	6.2999	10.699	9.8613	10.1105	9.8717	6.0935	6.4483	9.9092	7.1531	6.2273	10.1702	10.003	8.6833	10.9678	10.1856	6.5478	10.8948	9.3792	10.175	10.1287	6.4856	6.3658	6.0835	6.0718	9.7448	6.1269	6.5552	6.5288
EA_G__SEMA4C	7.2719	7.5273	8.26	8.6249	7.0002	8.0346	7.2498	6.9744	7.4205	8.0985	6.9877	9.8344	8.6208	6.4917	6.9693	7.1234	7.4942	6.9843	7.2017	7.7054	7.3261	7.1737	8.8988	9.6211	8.403	7.4376	7.8696	7.3859	9.169	6.8374	7.702	6.8478	7.8752	6.1011	6.9353	7.2155	6.8307	8.7622	6.6063	6.5848	7.4099	7.8145	7.6439	6.7406	7.2913
EA_G__TMEM45A	3.4262	5.435	3.6833	3.8514	7.4132	3.5319	5.1699	7.2249	4.0808	6.8617	7.5313	3.9416	3.8688	6.2257	8.9489	7.9683	3.4496	6.9746	6.5289	6.6702	7.6299	7.5793	2.931	3.9082	4.449	8.7799	5.8345	6.7967	3.7988	7.9835	5.7699	4.2971	5.4476	9.6355	8.3158	10.5267	8.06	7.0406	8.6417	3.2231	4.2422	6.9773	2.72	4.7678	3.9655
EA_G__TBC1D9	7.4411	8.3535	7.6125	9.4084	6.2048	8.2922	6.5655	5.6316	6.1005	6.2244	8.751	9.4283	6.6935	4.8845	6.4304	6.9985	7.2152	7.8677	6.602	6.7832	7.9176	7.5388	8.4629	10.3338	8.8604	7.3339	8.5367	7.0702	9.0012	8.2913	7.3994	6.6536	7.897	7.2012	7.062	6.6687	7.2625	9.282	7.818	7.18	7.4421	8.7903	7.7944	7.915	8.5484
EA_G__ANXA1	9.3451	3.6072	4.0476	6.3945	10.2017	3.5434	9.8127	10.6675	5.6443	9.7178	5.7747	3.241	9.4661	10.3797	10.7509	10.8582	5.3532	5.1369	10.5083	10.031	11.0436	10.0326	3.448	3.7029	7.6301	10.0666	7.3355	9.9841	4.7581	8.4359	10.6138	3.764	5.1137	11.4555	11.0653	10.5969	9.902	8.9069	8.2487	5.7561	3.9458	7.7779	3.0291	6.6238	3.6732
EA_G__GPR137B	7.3173	7.3696	7.4089	8.1599	7.0778	7.3259	6.5502	6.2259	6.8084	6.4613	8.107	8.2884	6.8585	6.7126	6.9986	6.5121	8.0507	7.6793	6.8539	6.108	3.5024	4.7996	6.656	7.7104	7.9816	7.3236	7.799	6.6327	7.212	5.9258	7.5814	6.6425	7.1303	7.1856	6.8735	6.4763	5.6081	7.6708	7.3033	7.8159	7.0711	7.502	8.8563	9.3997	7.0471
EA_G__ZBTB38	6.445	5.7599	5.9454	5.7582	6.691	6.0673	7.4144	5.7725	4.6195	6.0146	5.3294	6.516	5.4122	6.1625	6.9446	7.5036	6.5009	5.9031	7.1504	7.0423	6.7134	8.622	5.4905	5.4519	5.5256	6.4745	6.2141	6.3602	6.5626	6.7874	7.1138	4.8442	5.7475	7.7817	7.3034	7.7935	7.6197	5.8735	6.2525	7.1268	4.9842	6.1116	5.6218	6.3429	4.7997
EA_G__CTSC	5.4952	6.9314	4.9649	5.3028	7.7911	5.4136	5.8839	8.0983	5.7933	7.5281	4.0374	6.0004	6.9612	7.7773	7.2324	8.405	6.5359	6.6336	7.2167	8.6748	7.5384	7.787	4.8884	5.0084	4.6775	7.2029	5.0392	7.1921	5.7985	6.5951	7.1907	5.359	6.8275	8.8811	5.9194	8.5472	8.368	4.9625	5.1935	5.7068	5.3761	7.0951	5.9173	4.8	5.5737
EA_G__THBS1	10.1181	8.8537	6.8427	9.5472	11.7756	9.5093	9.0216	12.1592	9.5535	9.3881	6.4172	6.256	5.7423	10.1946	9.8642	11.2382	7.5699	6.3827	11.5562	10.0309	8.1139	11.2999	8.4058	9.8527	9.6869	9.8837	9.7727	10.2805	7.7776	10.0528	7.0435	10.1956	8.4328	10.4335	5.1794	11.4742	11.5545	7.7318	8.0413	8.8181	8.8273	9.3218	5.1516	9.1584	5.3147
EA_G__PDGFC	6.2406	5.2252	4.5988	4.6285	6.9602	4.254	6.294	6.6341	6.9329	6.5961	5.683	4.128	4.3127	5.9231	5.6638	7.0851	5.5828	6.1259	5.5105	6.0058	6.6886	6.8017	4.0501	4.408	3.7897	6.6632	4.9434	8.0265	5.6458	4.57	5.7232	5.3536	4.9157	6.8627	8.2663	6.9944	7.0339	3.9536	5.2456	6.1582	3.8801	5.8732	5.4219	4.398	5.5455
EA_G__PLXND1	8.4841	7.676	6.7531	8.4025	6.1691	7.3083	7.7008	6.6701	8.3487	7.0234	7.7191	8.7714	7.9056	7.1263	6.8018	6.2004	6.6459	8.554	6.3407	7.9336	8.1718	7.47	8.4443	7.9899	6.9441	8.8234	9.7495	7.071	7.553	7.083	6.9248	7.9119	6.8313	5.9076	6.881	7.4619	6.1199	9.7749	7.7438	7.6225	8.5472	7.057	6.6854	7.3386	7.1503
EA_G__CASKIN2	7.6011	7.3359	7.5427	8.1321	7.0714	7.8006	7.4197	7.509	7.4029	7.4591	7.2616	8.3236	7.3482	7.4533	6.8615	7.0004	8.2032	7.2135	7.2855	7.1834	7.3138	6.7536	8.5084	8.6303	7.0034	7.2135	7.6133	7.2308	8.7965	7.2082	7.0008	8.7073	7.608	7.035	7.3409	7.3259	7.1055	7.4963	7.4028	7.4153	7.9668	11.2389	7.9551	7.3629	7.8924
EA_G__ISYNA1	8.5632	7.4039	7.168	8.9459	7.9119	7.6617	7.4435	8.5353	10.784	7.6681	7.5998	9.1415	8.7706	8.3458	7.5468	7.4392	7.8465	7.1114	7.4558	7.5032	9.5082	5.3602	8.0299	8.9072	9.6594	9.305	9.2692	6.1151	8.4386	7.7421	8.523	9.8901	8.0141	6.0846	9.7709	7.7433	5.7352	9.1475	6.0251	9.0135	8.5699	8.2395	8.7946	6.1953	9.0171
EA_G__STAC	4.6901	5.967	4.4744	4.4739	8.7517	4.4143	7.3387	8.7019	5.2245	6.8093	4.2275	4.1802	4.3895	5.9041	6.5323	7.7776	4.7595	4.569	6.183	6.74	6.7671	7.8582	4.503	4.5206	4.5124	6.7276	4.6546	7.5021	4.3421	4.3729	6.1613	4.7293	6.4295	4.6968	4.531	5.9112	7.5436	4.6565	4.9889	4.5177	4.371	4.436	4.5517	5.0755	4.6534
EA_G__SLC39A8	7.5069	5.2339	7.0481	5.9744	7.7922	5.9074	6.4987	7.5774	5.9204	7.8345	8.7128	6.1333	7.0918	7.38	7.9149	7.5197	7.1205	7.5713	8.1024	6.6158	9.0195	7.128	7.881	7.1336	4.6784	7.0412	7.0472	8.3751	8.6047	7.8042	7.8398	7.489	5.4089	7.3364	7.1187	10.3383	8.1133	8.1534	7.8607	8.4558	7.6448	6.1838	8.2974	6.6249	7.7944
EA_G__CACNG4	8.4308	7.5358	8.1032	9.2906	6.8087	9.2541	7.2291	5.6569	5.5719	5.8529	8.0835	9.0764	5.7716	5.8549	6.1478	7.1012	6.3777	7.839	6.7572	5.5176	6.431	5.6094	9.1382	8.0995	8.3302	7.8307	8.431	5.7591	9.7756	8.0782	6.093	7.9557	7.3151	5.6334	5.791	5.8689	5.7018	8.4194	7.2037	8.0248	8.5048	9.0385	5.6487	9.841	6.6438
EA_G__COTL1	5.9198	7.0348	6.6603	7.9471	8.8765	6.1352	9.0772	8.5549	7.4247	8.4905	6.565	7.2202	7.2821	9.2408	9.7896	9.7695	6.152	6.8316	9.2709	9.1656	9.3668	8.8264	7.2009	7.0144	6.3387	7.8644	6.9472	8.3797	6.4174	5.9237	8.5829	7.2764	7.4072	8.3079	7.7958	7.976	9.0746	6.9195	7.2679	7.4007	7.0112	5.7906	6.5166	6.3072	6.9788
EA_G__ATP7B	6.2045	5.8567	8.4859	7.6758	5.5861	8.0376	5.5475	6.1909	6.562	5.3359	7.9776	9.3079	6.3782	5.2183	4.7565	5.8059	7.0642	5.7551	5.9086	5.888	5.2875	4.8425	6.5883	6.4678	5.873	6.1273	7.1474	5.1534	9.4854	8.2401	6.3691	5.8082	6.645	5.7426	6.3643	5.7143	5.6434	6.7281	6.1749	6.2514	9.3683	6.8373	7.6427	6.5641	6.5602
EA_G__FAM77C	5.5986	5.2746	5.8177	9.2404	6.2285	6.2276	6.5124	5.3808	8.9727	5.7255	5.6698	8.9535	6.7136	5.356	5.6356	5.4778	6.8957	5.3006	5.5056	5.3072	5.7193	5.0108	6.0272	7.3493	10.7015	7.2011	5.5719	5.2503	6.1178	5.1351	5.8361	6.0575	5.6643	5.1419	5.5834	5.2124	5.4421	6.2118	6.0491	6.0703	7.1372	8.2077	5.5503	8.1041	5.5351
EA_G__HGD	6.292	6.1701	7.6492	5.5405	3.7536	7.1472	3.9809	3.8709	3.8208	3.6315	8.002	8.7179	8.6658	3.8689	3.4665	4.1149	5.727	8.0684	3.8546	3.7892	4.0083	3.6706	4.0437	5.1745	8.727	3.4955	4.5873	3.8207	9.1095	8.8747	3.9482	5.3693	4.2486	3.5747	3.9795	3.876	3.8261	5.1101	4.4323	4.1422	5.0669	6.8034	8.3076	8.7802	8.2304
EA_G__ITGA3	10.2433	7.1625	9.4809	8.6867	9.988	7.9646	10.5504	10.8488	6.3057	9.4156	8.263	9.152	5.7255	10.145	10.5788	10.1378	8.7805	6.9766	10.3045	10.4508	9.1873	9.405	8.6618	8.6604	8.2649	10.2717	8.3754	10.0401	9.1213	8.7804	10.2193	9.1269	7.8483	10.9838	8.8705	9.4272	9.9778	7.6624	8.3121	7.9009	7.8484	10.1927	7.2278	8.7712	7.4981
EA_G__SRPX2	4.1973	4.7095	4.3877	4.2742	4.2844	4.0862	5.6395	5.4767	4.4034	6.441	4.0076	4.3344	4.1716	5.7482	7.5426	8.5976	4.5518	5.2662	6.331	6.7143	9.6519	7.1681	4.5453	4.3283	4.2355	4.4019	6.2141	5.4315	4.1632	5.0324	6.2722	4.908	4.8403	7.9095	6.884	6.2682	6.3809	4.7994	4.7459	4.5637	4.38	5.2552	4.4076	6.9111	4.1805
EA_G__EHD2	7.3175	7.175	6.3603	5.9076	9.1305	7.8483	9.2984	8.6393	6.4028	8.256	6.0272	6.5969	6.0329	8.7643	7.588	8.5066	7.2154	7.8595	7.7524	9.2252	8.1121	9.9391	6.6247	6.7547	7.943	8.9681	7.5343	7.6772	6.0786	8.2494	6.2251	7.1402	7.063	8.5541	8.4964	8.0041	9.1996	6.4192	9.2335	7.4684	6.7046	6.3061	6.9207	7.7155	6.7111
EA_G__ACSL4	3.8905	3.2437	3.2175	3.0199	8.1981	3.93	7.1792	5.8474	4.9921	7.8339	3.2795	4.7223	6.0223	5.4391	5.9242	7.1514	3.1844	3.2448	6.4566	7.5506	6.3064	7.7862	4.3467	3.4318	4.0505	6.5727	4.394	8.0383	3.8174	6.3426	7.9804	4.0514	3.2697	7.2759	7.359	6.9283	7.5937	6.0038	5.8348	4.7256	3.5077	5.4632	3.3705	3.9672	5.1109
EA_G__OSMR	7.3804	4.082	5.802	6.8804	9.497	7.2103	8.186	7.7341	7.646	9.3854	7.0832	7.2204	9.4997	8.1243	8.2112	9.4281	4.1859	3.9004	8.415	7.5476	9.8494	9.3473	5.7608	5.667	3.9652	9.6437	5.9028	8.3514	6.6129	4.4232	9.265	5.7495	3.6578	8.974	7.5476	8.4167	9.3045	6.6755	7.2652	7.6885	7.1203	3.7886	6.7778	4.0986	4.7162
EA_G__SLFN5	6.3551	4.5627	7.9279	3.3937	4.6782	3.8517	5.0884	6.4659	5.4428	6.1726	3.1811	3.7721	5.7445	5.5597	6.1661	8.0224	5.4493	7.6382	6.6715	5.8769	5.0148	6.1858	3.8609	3.6344	3.7697	5.5046	6.4506	5.5264	7.019	6.8036	5.8362	5.2233	5.1094	9.6881	6.6307	6.8766	6.7561	6.619	5.8034	6.9799	3.166	4.2701	3.9379	5.457	3.9261
EA_G__EMP1	7.3819	6.3911	5.8153	5.7756	6.8032	4.0355	5.0923	9.1487	4.3234	7.6364	4.3292	3.8499	4.3325	8.4222	8.4295	6.9615	4.8464	7.2113	6.964	5.7053	8.5989	7.4242	4.1604	3.8749	4.0779	5.7537	6.0598	7.2059	4.2582	6.4765	7.5572	4.4231	5.8757	8.3004	7.6785	7.6572	7.8355	4.3011	6.9305	4.6827	4.4767	7.3558	4.816	7.1438	3.5023
EA_G__IL1RAP	6.0265	6.1281	5.4285	5.2318	8.5605	4.6479	7.0412	6.7741	4.9606	7.2732	3.5927	7.4711	5.7043	6.6493	8.9711	7.6073	3.7917	4.5118	7.8827	6.5759	7.4222	7.2679	5.1662	5.7594	7.1111	7.1611	5.4991	5.5669	5.644	6.3766	6.4677	5.4108	6.8384	7.6262	5.0218	7.8395	7.5739	5.2868	6.7854	6.5759	6.5869	6.1343	5.6948	4.7547	5.1088
EA_G__MSL-1	8.3143	9.5621	8.0684	8.5439	7.6181	8.671	7.5789	7.5438	8.1079	7.5239	7.0892	7.678	7.9667	7.5503	7.291	7.2022	7.4844	7.4556	7.6121	8.1564	7.084	7.2103	7.5327	7.4885	8.1408	7.7784	8.0182	7.5154	7.0039	7.2696	7.288	7.5585	9.1093	6.914	7.3865	6.9794	7.651	7.6485	6.9326	7.8802	10.7038	11.3219	7.957	6.7075	7.6873
EA_G__PLS3	8.5024	8.5034	5.8148	7.2577	10.2417	6.775	9.5683	10.178	8.0677	8.6415	8.9161	8.5303	8.6841	9.4534	9.3802	9.6655	3.6126	9.0918	10.7811	10.4548	9.9395	9.3095	7.2571	2.9423	2.9913	8.6509	6.9315	9.6195	7.9502	9.2696	9.0541	7.3506	8.6755	10.095	9.637	8.4954	9.0071	6.3094	8.0676	7.7958	3.0837	5.4175	7.5616	8.7272	8.325
EA_G__TSEN54	8.1719	8.2347	7.9326	8.2435	7.3471	8.602	7.9961	8.0255	7.8688	7.7773	7.9281	8.6685	8.0825	8.1462	7.6475	7.6268	8.5393	7.7482	8.202	7.3186	7.7329	7.1781	9.233	9.0618	7.7048	7.5306	7.8915	7.7392	8.7507	7.4928	7.4268	9.2291	8.6467	7.2748	7.5815	7.3676	7.6907	7.6974	7.7498	8.2297	8.3159	11.2902	8.2921	7.5444	8.5669
EA_G__ROR1	5.1251	5.3372	5.2175	4.9534	6.5973	5.439	6.7696	7.28	10.4317	8.9012	4.743	5.6664	5.7236	6.7942	8.3774	7.9003	5.2403	4.7319	7.7308	6.1285	7.9918	9.5253	5.5238	5.0728	7.0798	7.725	5.7081	9.3852	4.8051	6.7134	6.9942	5.6738	5.391	7.1617	5.9191	7.2763	8.7107	5.8718	6.0622	5.2006	5.3266	6.4913	4.955	5.8288	5.4154
EA_G__ANTXR1	5.3638	5.021	6.2803	4.3643	8.3203	6.4484	7.697	7.9829	6.8212	6.5266	4.5447	5.1114	6.4815	6.0603	7.8974	7.4695	4.5918	6.41	7.5128	8.3548	8.5385	8.4815	6.8244	5.5532	4.8534	9.1346	5.6954	7.7099	4.9336	5.5327	8.2659	5.7268	5.1019	6.795	7.686	8.0006	8.3681	6.3598	6.7588	6.3156	5.2435	4.7063	4.9089	5.2067	5.114
EA_G__APOBEC3C	4.9575	4.3796	5.0079	4.3185	4.6432	3.9746	8.5489	6.252	7.5233	7.2601	4.2715	4.3922	4.4322	7.6314	8.0586	6.1462	4.3766	4.9659	6.7292	8.0813	6.5526	7.1948	4.5514	4.7951	5.3873	7.4161	4.4358	7.5841	7.6699	8.5436	6.6585	4.8073	4.7309	9.1981	4.6374	7.9769	7.4662	5.0818	8.9395	4.9317	4.2818	4.981	4.5283	4.8494	4.3357
EA_G__BEX4	8.9361	5.6188	6.1791	8.0725	4.2978	5.6652	5.3066	4.8114	7.3642	5.1709	6.8946	5.837	4.4937	5.8369	5.2212	6.516	6.1857	5.2613	6.1891	8.0966	4.6612	4.7209	7.2116	6.2217	8.6899	6.7259	8.1452	4.8113	8.149	8.1283	5.9711	5.8092	5.6201	5.417	7.0737	5.2215	4.8546	6.8738	7.9242	6.2657	8.1437	7.0682	8.1866	8.1282	6.8652
EA_G__PREX1	7.9747	10.1507	9.9138	10.6924	5.4353	7.9321	7.6176	6.5773	5.3663	7.5136	7.7622	8.9501	7.3264	7.5541	6.2879	6.5214	6.2959	8.8888	5.6941	6.1752	5.4909	7.4025	11.1024	10.0746	8.4321	7.209	8.8094	5.6266	9.2822	8.1605	7.7654	6.6959	10.2442	5.6497	5.5217	5.7424	8.1249	6.3237	8.9225	9.8773	8.7623	9.0802	7.3444	10.0143	7.4778
EA_G__C14orf132	6.4609	5.5705	8.4638	8.6792	5.3165	8.0379	6.797	5.3487	4.9919	6.7504	5.1462	8.7482	5.8088	5.8244	5.8882	5.3831	5.7346	6.3701	5.2943	5.7783	5.1583	6.8672	7.7373	7.8371	8.3405	7.3807	8.2325	5.0814	7.7743	7.4253	6.5511	6.6213	6.3315	5.4117	6.2419	5.8516	7.0244	6.8051	6.305	6.8849	8.9104	7.6033	5.8417	8.0493	5.7646
EA_G__CDK6	7.6087	5.6752	5.5281	6.6409	6.9192	3.5988	6.7525	8.8538	6.6364	7.2937	6.125	4.3767	6.4356	7.7804	7.8837	6.7871	6.4649	6.8198	7.98	7.6771	7.5952	8.5033	5.7383	5.2545	4.2023	8.4198	6.2835	7.8416	5.6047	6.5876	6.1665	4.1059	6.5554	7.7945	8.4041	6.9278	7.5734	6.8846	7.8478	4.3604	4.162	6.3636	3.7064	5.6158	4.1368
EA_G__ELL2	6.8523	5.9738	5.4848	6.3876	9.0239	5.5223	7.9779	7.8213	6.2642	7.1177	7.3842	5.1636	5.7827	7.7042	7.7394	8.4219	6.5212	7.63	8.1983	8.1004	6.8832	8.7843	4.8266	5.4662	7.4627	7.4624	6.6419	7.7774	5.8231	9.4469	8.0832	6.9037	5.7191	8.9563	7.9853	7.358	9.1605	9.5203	6.8344	5.428	6.024	7.8429	5.6388	6.764	5.8718
EA_G__LOC89944	9.5309	8.1245	5.7328	7.9913	5.1728	6.3567	6.9182	6.7604	7.7169	6.6277	5.2785	8.556	8.0674	9.0918	8.6779	5.3934	5.356	8.3861	7.4216	5.908	5.8739	4.9956	7.2981	6.844	7.6157	5.59	7.8318	5.5176	6.336	8.0634	6.7937	6.3137	7.5949	6.4561	5.8909	5.4548	7.1899	9.1575	8.6427	8.3475	8.8721	7.9322	5.9566	6.4662	8.4921
EA_G__DST	5.7695	5.6314	5.8496	6.8365	6.522	5.4187	7.2984	7.8516	4.2306	7.0187	7.1174	7.453	5.4133	6.8962	7.5451	7.2884	7.3602	6.3799	7.9233	6.8408	6.4526	8.5037	5.407	5.7353	5.4619	7.1812	6.4687	7.7141	7.1402	8.3095	6.7303	5.1303	5.9384	7.8887	9.1508	6.632	8.1101	5.6277	6.6125	6.5333	5.4791	6.1783	6.8436	7.8944	5.1731
EA_G__IMPA1	6.2638	5.64	6.7796	7.4844	8.5002	7.0914	6.9401	8.1413	6.4712	8.0437	10.1349	7.6023	7.4605	7.4336	7.2358	7.1067	6.8733	6.3577	7.343	9.2356	6.7086	8.7102	6.2201	6.475	7.7587	8.1433	6.6791	8.6678	6.847	6.3373	7.476	6.3375	5.9252	7.8892	7.897	7.4781	8.082	6.392	7.6818	7.4752	6.9355	6.6468	7.3998	5.4152	7.6444
EA_G__SLC4A8	6.1742	5.1797	5.3497	7.4196	5.5149	7.0729	6.2833	4.7902	4.6576	4.9181	7.7206	6.37	4.0643	4.2266	4.0046	4.6154	4.2819	6.0253	4.535	5.4474	4.6531	5.2518	6.505	6.7182	8.218	5.5374	7.7695	3.9907	5.7194	7.9154	4.9126	6.8865	5.8841	3.9941	5.7113	4.5121	4.2936	7.778	8.222	6.0153	9.3627	7.4555	6.9785	7.3203	6.2058
EA_G__PSMB9	6.9429	6.3563	5.3201	7.5091	7.2465	6.3855	7.0012	5.8205	7.8684	9.4407	4.9445	7.0672	6.7022	8.0447	8.7527	9.6395	7.5638	5.8946	6.8749	8.4528	10.2444	6.664	6.645	4.9041	6.606	8.7138	5.6229	7.5196	5.8368	7.0753	6.0337	5.6665	6.2453	8.0425	6.8692	7.5742	8.1866	6.6373	7.3004	8.0178	5.5168	7.021	6.066	5.5524	4.8427
EA_G__SLC2A10	9.6698	7.9608	10.7486	9.8002	6.8356	10.1507	8.164	6.4242	5.8402	6.8335	11.2291	7.9253	8.8672	6.5273	6.8478	6.7776	6.6976	10.3875	5.8592	8.0537	7.7648	6.767	8.3111	8.0817	7.3966	8.4211	10.4721	6.001	10.875	10.7141	7.1378	9.5163	8.1679	5.5527	8.2501	6.9448	5.9196	11.5189	9.9163	7.1665	9.4465	10.1347	10.4236	11.0404	9.4271
