Cell lines	600MPE	AU565	BT474	BT483	BT549	CAMA1	HBL100	HCC1143	HCC1187	HCC1395	HCC1419	HCC1428	HCC1569	HCC1806	HCC1937	HCC1954	HCC202	HCC2185	HCC3153	HCC38	HCC70	HS578T	LY2	MCF7	MDAMB134VI	MDAMB175VII	MDAMB231	MDAMB361	MDAMB415	MDAMB436	MDAMB453	MDAMB468	SKBR3	SUM1315MO2	SUM149PT	SUM159PT	SUM185PE	SUM44PE	SUM52PE	T47D	UACC812	UACC893	ZR751	ZR75B
Response	-1	1	-1	-1	1	-1	-1	-1	-1	-1	1	1	-1	1	-1	1	1	-1	-1	1	-1	-1	-1	-1	1	1	-1	1	1	-1	1	-1	1	1	-1	1	1	1	1	-1	1	1	-1	1
EA_G__IL27RA	6.0024	5.1022	5.0221	5.7103	7.1938	6.6624	6.6978	8.022	7.9466	6.8401	5.94	5.6764	7.2059	6.6802	7.4566	5.1144	5.553	6.2494	6.6266	6.157	7.1711	5.3261	5.8236	6.248	6.0306	5.0143	6.6472	5.6912	5.1369	6.6607	6.1566	8.514	5.3116	5.9985	7.3052	5.8023	5.2485	4.6204	5.5587	6.4946	5.6416	5.9907	6.8361	6.5847
EA_G__SCGB2A2	12.6118	9.8772	8.7434	4.9163	4.5575	4.7525	3.3581	3.9114	3.6815	4.2876	8.0848	9.2045	4.3656	4.1009	3.8167	4.6634	4.8316	4.8143	4.7045	3.2776	3.7315	3.2395	3.9797	4.1868	4.2224	11.0566	3.8864	11.9379	13.4059	4.3471	4.4485	4.792	8.9496	8.726	3.6321	4.6471	4.4829	11.275	12.4996	3.4075	10.5325	7.0412	5.6038	6.2511
EA_G__NUCB2	8.3375	8.7157	8.4499	8.8637	8.9026	8.6827	8.154	7.1967	8.1436	7.9698	10.6382	8.5007	7.5709	8.2088	6.6121	7.5803	7.6532	7.554	7.7445	9.0064	6.7309	7.8589	8.1065	9.1274	9.5115	8.1295	7.082	9.2346	9.7391	7.1966	6.2866	7.2563	7.7278	8.9057	6.1318	7.6199	8.7289	10.644	8.6014	8.2067	9.3802	8.8152	8.3263	8.1127
EA_G__SSBP2	8.3969	7.8904	7.7099	8.8606	8.9385	9.1352	7.952	5.8563	7.4923	4.8792	9.0532	9.2008	5.6999	5.7499	6.6821	6.6132	8.7875	8.1612	6.3327	9.0123	8.1559	6.9695	8.1809	8.3771	9.2692	9.2683	6.0354	9.053	10.8126	6.1611	7.7207	8.1091	8.5794	7.5941	6.8185	8.8049	9.8563	9.3494	8.7077	9.181	9.4	7.4341	8.6779	8.1298
EA_G__XRRA1	5.7765	7.1913	6.8953	7.0019	6.751	9.0243	6.8098	6.2267	6.1716	6.0347	6.7577	7.4104	6.3959	6.8068	6.1913	6.7148	6.9976	6.6006	6.1169	6.3403	5.6784	6.9339	6.3593	6.4787	8.9478	7.292	5.8769	6.7333	6.2248	6.0701	6.2942	6.2106	6.7648	6.319	6.0596	7.3182	6.4957	8.6852	7.0542	6.8012	6.902	7.1678	6.1429	6.3133
EA_G__HMGCS2	4.5544	5.8913	10.0884	4.2474	4.296	4.3704	4.3929	4.3897	4.5313	4.5194	7.4041	4.6301	4.2111	4.6196	4.2624	4.3031	5.2777	4.8674	4.6161	4.3498	4.6828	4.1835	4.5064	4.7543	5.1079	7.9965	4.5988	9.1804	10.6013	4.1646	4.9517	4.0877	5.0354	4.5088	4.4993	4.4967	8.0871	7.1196	6.6758	5.8813	7.594	5.2846	7.4631	4.9667
EA_G__TFF3	9.2227	5.933	10.0034	10.7125	5.7698	6.0317	5.2183	5.2869	5.5149	5.2225	11.1718	9.6618	5.4121	5.8319	5.6036	5.5634	8.4004	6.5691	5.6123	5.5181	5.8234	5.3069	7.253	7.5253	7.3798	11.3167	5.6698	10.8538	8.3961	5.329	6.3143	5.1787	6.2639	5.6818	5.5285	5.7962	10.7256	9.6442	7.1122	7.4428	11.8709	8.9864	7.4014	9.3846
EA_G__PCSK6	7.1586	4.6948	5.5289	5.7538	4.8491	6.2989	6.0206	7.61	7.1067	5.7957	5.1029	6.1242	8.5599	6.6614	6.6498	5.2313	4.925	5.7878	7.2933	5.2077	5.5007	4.5885	6.6723	7.1479	4.8654	5.7664	6.5565	5.7258	7.1817	6.3074	6.0447	6.3876	5.1569	4.9026	6.0826	6.3855	5.3919	5.1635	5.2944	5.4918	6.0321	5.1572	5.5935	6.2738
EA_G__C8orf70	6.3122	8.2221	7.3	7.2787	6.3892	7.3927	5.0567	5.1872	4.6854	5.8793	6.3406	6.6928	6.4459	4.6041	4.8404	6.2984	6.6454	6.0818	3.9604	6.8544	3.6945	7.2507	5.4824	5.9799	9.1624	7.4489	5.818	6.9457	5.686	5.5804	5.02	3.7103	8.1596	6.8189	6.3265	6.361	6.7806	6.2953	6.4562	5.4987	7.5006	6.9235	5.0697	6.3193
EA_G__TMEM63C	7.9641	8.592	8.7886	7.8238	4.5419	8.2991	5.1121	4.5942	6.0379	5.3185	8.5746	8.1623	7.3653	4.9035	4.698	7.1967	8.3326	7.5247	6.3223	7.603	7.3911	4.2781	5.8289	6.3846	8.1346	8.2487	4.4405	7.4794	8.0082	4.2713	9.2885	4.4969	7.5344	4.2336	4.6113	4.8724	8.902	8.8578	7.7339	5.4872	9.4194	7.9501	7.6357	6.3547
EA_G__C20orf23	6.6434	7.0294	8.5777	7.7217	6.111	6.1433	5.0456	6.0096	5.5281	5.8938	7.6529	7.4873	6.7683	5.7552	5.4711	5.6375	6.6432	6.4804	5.8272	6.818	6.417	5.6887	6.2267	6.8451	7.7531	7.0432	5.4199	8.0795	8.5849	5.5292	5.696	5.9288	7.2235	6.1562	5.674	5.9679	6.9491	8.3955	7.4319	6.3719	7.427	6.4546	6.6283	6.1755
EA_G__HERPUD1	8.6285	10.4478	10.5562	10.0457	9.4448	10.349	8.7374	8.6294	9.3023	9.4727	9.8717	10.0827	8.4007	9.3534	9.6033	8.7193	9.3618	9.3689	9.1327	10.4734	9.8305	9.1198	9.0948	9.0238	9.215	9.8406	9.1072	10.4887	10.6213	8.5564	8.9895	9.9165	10.5573	10.2198	9.2076	10.4204	10.2215	9.8356	10.1602	8.8683	9.8176	11.1517	10.4281	9.3348
EA_G__CMTM7	7.8658	5.9188	7.1049	5.3678	7.6197	5.935	8.3251	8.8032	7.0911	8.1796	5.1804	5.5291	8.2411	8.1877	7.9604	5.5399	5.3654	5.849	8.9538	7.5776	8.2734	7.6982	6.3971	5.7649	5.2491	6.7889	8.3036	5.4139	6.5478	7.7845	6.1254	8.0959	6.2854	8.5469	7.8743	7.6306	7.0904	5.6719	6.2845	7.1193	7.5985	5.9114	5.557	5.7201
EA_G__CMBL	7.624	6.338	9.1109	8.546	6.8474	9.2152	7.7202	4.834	4.6645	8.4506	8.7606	9.0487	8.3741	8.3704	5.8067	5.4072	8.3263	7.0077	4.5286	8.5597	4.5799	4.8784	5.3033	8.8598	9.7006	7.0049	7.7211	10.0716	10.0458	6.9269	8.9201	4.1451	6.1403	8.2328	4.3995	8.0143	8.3546	10.7614	9.2449	7.8362	8.4592	9.5418	9.1821	7.9908
EA_G__ZNF486	4.5816	7.0878	7.1927	5.793	6.8734	4.4232	3.3021	3.6427	4.2603	3.7728	7.781	6.35	6.4402	5.1709	5.4276	4.1531	7.3461	4.5009	3.6526	6.5268	4.5546	5.5434	6.4414	4.1299	6.1025	5.19	4.159	7.2738	6.9093	4.1851	4.6083	7.2476	6.9688	4.5652	5.4232	4.2516	8.1507	6.1999	4.0817	5.6763	8.2316	5.9927	3.6857	4.9399
EA_G__TGFB3	7.1774	8.6881	8.3173	7.5047	5.5213	7.607	5.4798	5.4247	6.0167	7.2469	8.7177	7.0531	5.7405	5.0309	4.787	4.6977	7.879	8.3291	5.2017	9.4529	6.474	5.1135	6.187	6.6684	7.2071	8.396	4.6681	7.9033	8.6527	5.2024	8.8772	6.1634	8.7065	7.2984	5.3984	5.4579	8.0666	7.244	8.7559	8.4583	8.7206	7.1575	7.4674	6.7545
EA_G__CREB3L1	9.8394	5.7003	8.1597	6.4411	7.9758	6.5769	7.7733	5.0554	5.3369	5.3828	9.6733	6.7566	5.3707	5.4155	5.177	5.3977	7.2904	8.1821	5.1207	7.0109	5.3815	7.4772	5.7465	6.3243	5.6174	8.099	5.9731	7.5816	9.0088	7.0945	6.794	5.1558	6.1524	7.5719	5.7424	7.9441	9.9034	8.1475	8.3592	5.4368	8.1701	9.2216	7.3627	7.0549
EA_G__MLKL	5.3631	6.1258	4.5781	5.1028	4.5183	6.2781	5.8163	7.0054	6.323	5.5547	5.3495	6.0079	6.5081	8.1323	7.592	5.4048	5.0049	6.8008	5.6708	5.6666	6.4925	5.3979	6.5436	5.8378	4.4505	4.7333	8.6718	5.1648	6.1423	5.5543	5.9452	6.99	5.8479	5.0639	6.5892	6.6097	5.678	4.1789	5.9092	6.181	4.6377	4.7265	6.4913	6.3111
EA_G__KIAA1244	8.6271	9.1807	7.9794	7.8373	4.7103	7.731	5.3675	6.7773	5.926	4.9291	9.7452	7.5222	5.2587	7.0398	6.8008	7.5007	8.4461	9.4749	6.767	4.6396	7.3284	5.1369	8.4806	8.5158	8.9598	9.0587	6.9271	9.3135	10.3382	6.9759	9.7247	7.5624	8.5838	6.5364	5.8571	5.421	9.2156	9.9446	10.1233	8.0033	9.1089	9.2651	8.061	7.4642
EA_G__CPD	9.3747	8.7616	8.591	7.9697	7.4279	6.8474	8.0933	6.9443	6.197	7.6405	8.5175	7.8527	7.1831	7.399	7.9085	8.1861	10.4439	8.1158	7.7507	8.3135	7.4291	7.6176	7.0061	6.5808	8.3172	8.0914	7.639	9.4888	7.614	6.8774	6.9496	7.991	8.7706	7.5042	6.6126	8.0174	8.8798	8.1072	8.0774	8.4328	9.356	8.5244	8.5785	7.9506
EA_G__PPAPDC1B	6.7988	6.7719	7.4609	7.6138	8.1184	8.4847	7.2943	5.9723	7.2835	6.7645	8.4434	7.5461	7.6034	6.7695	6.515	6.2917	7.9819	7.1062	6.6868	7.8694	5.7329	6.6646	6.65	6.7462	9.7689	7.3445	6.6301	8.1141	7.7679	6.6082	7.2382	6.573	6.6002	6.8594	6.7839	6.4509	8.5883	10.484	9.4031	8.0144	7.6513	7.6044	8.7271	8.6681
EA_G__LOX	4.0749	4.3528	4.4889	3.8604	11.8002	3.914	6.3952	6.6246	6.7898	7.5504	3.5531	4.0064	8.533	6.0924	5.0426	3.8545	4.5193	6.5508	7.0379	9.1134	6.2016	11.1703	4.2671	4.1135	3.8759	4.1215	7.2851	4.4892	3.6242	7.0178	4.1681	5.7811	3.9021	11.4184	9.062	6.3026	3.8599	3.6901	4.396	3.8898	4.255	3.6751	5.2499	3.5707
EA_G__INHBA	4.4157	5.1581	4.5395	5.5901	8.8598	4.8232	5.4281	7.3236	6.0828	7.322	4.2724	4.7245	4.8786	6.9908	6.3432	8.1192	4.7776	4.7682	7.6801	5.3617	6.0516	8.9587	5.1789	4.9393	4.6262	5.2086	5.4346	4.3707	4.4921	5.635	5.5462	5.8324	5.3421	4.2383	8.171	4.7614	4.6445	4.5172	5.0919	5.2185	4.3351	5.1494	4.6254	4.2807
EA_G__ANTXR1	5.3638	5.021	6.2803	4.3643	8.3203	6.4484	7.697	7.9829	6.8212	6.5266	4.5447	5.1114	6.4815	6.0603	7.8974	7.4695	4.5918	6.41	7.5128	8.3548	8.5385	8.4815	6.8244	5.5532	4.8534	5.6954	7.7099	4.9336	5.5327	8.2659	5.7268	7.7026	5.1019	7.686	8.0006	8.3681	6.3598	4.5749	6.7588	6.3156	5.2435	4.7063	4.9089	5.114
EA_G__EGFR	7.0647	8.2975	7.0644	5.2572	8.4673	4.4568	7.2387	8.684	8.52	7.7874	4.1842	5.2693	6.4645	8.6796	8.6335	8.7636	6.7396	8.5062	8.3438	6.3164	8.6417	8.6737	5.6004	4.6993	4.237	6.3225	9.1647	6.6811	4.4528	8.5708	5.0546	10.3181	8.2905	7.1305	9.1228	7.7843	5.1254	4.1823	4.8298	6.2005	4.4951	8.1127	6.3168	5.4392
EA_G__CNTNAP3	4.7443	4.1172	4.142	4.2774	4.4703	4.015	6.7561	8.0846	5.1941	6.7583	5.2287	4.0007	5.202	8.2941	7.786	6.8538	4.3365	6.649	8.3716	6.6659	5.9434	8.7955	4.3218	4.2363	4.0633	5.1048	6.3487	4.1745	3.787	6.4861	5.552	6.3839	4.4674	4.3541	4.5422	4.9346	4.1382	3.7988	4.7668	4.6038	4.1425	4.1888	5.8202	6.4722
EA_G__NFE2L3	7.216	7.1859	5.0087	5.7393	6.0546	6.7734	6.0134	8.0525	7.5903	5.6889	4.3799	5.0312	7.7891	7.5392	8.5166	6.7764	5.1494	4.2388	6.5821	6.1267	7.1423	5.8479	5.9113	6.1872	5.3371	4.211	7.4235	4.9752	5.0225	6.1414	4.8484	7.2364	5.4498	5.8102	5.9805	5.5091	5.0457	8.6241	4.4628	5.0203	4.308	5.5749	6.3431	6.4551
EA_G__PIP	5.4517	6.0194	9.8248	5.6362	4.5378	4.3694	4.476	4.1597	6.2646	4.891	7.1082	5.4811	4.2352	4.3455	3.9187	5.0015	11.128	5.4016	3.98	4.2767	4.7902	4.8801	4.254	4.5241	5.7092	9.9719	3.8229	6.6374	5.211	3.9171	8.0533	4.1759	5.4421	3.9923	5.1924	4.433	11.7168	8.7305	5.4705	12.3875	5.4503	10.4573	9.2289	5.9032
EA_G__OSMR	7.3804	4.082	5.802	6.8804	9.497	7.2103	8.186	7.7341	7.646	9.3854	7.0832	7.2204	9.4997	8.1243	8.2112	9.4281	4.1859	3.9004	8.415	7.5476	9.8494	9.3473	5.7608	5.667	3.9652	5.9028	8.3514	6.6129	4.4232	9.265	5.7495	7.8094	3.6578	7.5476	8.4167	9.3045	6.6755	6.6078	7.2652	7.6885	7.1203	3.7886	6.7778	4.7162
EA_G__CAPS	10.7823	9.0478	7.9658	9.4653	5.8603	7.0129	6.1867	6.1536	6.1463	5.8143	10.8287	7.3341	10.5962	5.7871	6.0836	6.8688	6.898	6.3952	7.0283	6.3341	6.1385	5.7156	6.4196	5.9889	7.0841	9.9621	5.8726	8.5837	6.55	5.9006	7.1682	6.7698	9.0415	6.2687	6.1294	6.116	11.1088	10.3972	7.0327	6.4839	7.9726	9.0677	6.3301	6.3652
EA_G__CAPN13	7.1311	7.5018	6.7239	6.7757	4.5748	5.9724	4.5361	4.4929	4.5142	4.4092	7.9041	4.5065	4.7075	4.6089	5.0453	6.041	7.7834	6.0129	5.6988	4.2756	5.5895	4.4542	5.7773	6.2634	8.6299	6.1777	4.5847	7.3388	6.8161	4.6376	7.333	5.7689	7.547	4.4298	4.957	4.3726	8.1653	8.478	8.5483	6.0565	6.693	6.843	5.6346	5.9757
EA_G__CKB	6.7564	8.415	6.7638	7.8151	8.6024	8.9011	8.134	9.0014	7.0709	7.8112	8.0904	8.7487	6.6814	9.422	8.2067	7.4356	7.9725	8.1285	6.9951	7.7235	8.1848	6.6182	7.6509	7.745	9.1138	7.14	6.9366	8.7548	8.6406	8.0653	10.6523	6.7514	7.7758	10.0349	7.2008	6.8383	9.4566	7.6593	7.3678	7.6543	7.9767	8.6011	9.4666	10.1107
EA_G__ARHGAP23	7.2203	6.0053	5.8044	6.1833	7.0529	5.4752	8.4962	6.3843	6.9114	6.3489	5.4214	5.2812	6.1932	8.4672	9.3409	6.2881	6.0159	6.4165	6.8485	7.6738	6.8463	7.8115	5.9048	5.7858	5.5407	5.8461	8.653	5.7958	5.8236	7.8177	6.2527	7.0282	5.9964	6.9923	6.3647	8.3173	6.3409	5.4257	5.9923	7.0707	6.1537	5.774	5.8307	5.6982
EA_G__SEMA7A	6.2963	8.3666	5.7907	6.5482	5.8219	6.0436	7.7846	7.3533	6.5658	7.173	5.6658	6.0293	8.1782	7.1818	6.6589	7.7286	6.3072	6.8635	7.6351	5.9206	6.5143	9.3112	6.5639	6.4613	5.7353	6.832	8.0864	5.6306	5.9599	7.1879	6.5245	7.025	7.749	6.3807	6.7222	7.8098	5.9889	5.4805	6.3139	6.3939	6.262	5.1769	5.8251	6.1912
EA_G__AKT3	5.4271	3.2222	3.773	3.8132	7.5447	3.1311	7.2564	7.6527	3.2315	5.8267	3.0579	2.8806	7.8016	3.9619	7.2247	3.3549	3.173	5.0257	6.1725	4.2506	3.4701	7.9436	3.0857	3.5124	3.3863	4.1188	7.2533	4.1802	3.0785	7.1819	3.6666	7.2924	3.7047	3.2738	7.3988	4.088	4.44	3.498	3.81	3.4691	5.0022	3.3841	3.0935	3.3592
EA_G__AR	6.9661	7.0617	8.3549	6.7735	7.5162	9.0105	5.372	5.0413	7.5879	5.2557	8.4454	7.9054	5.3141	5.6306	5.044	7.7099	10.3843	7.6659	5.4751	5.0709	5.6657	6.2381	7.3953	8.2357	6.7372	7.7378	5.2134	8.7813	9.1804	5.1866	9.5757	4.7697	6.2873	7.595	5.6012	6.2466	9.2337	9.0024	5.6023	7.7766	6.883	8.3022	9.3152	6.1824
EA_G__ICAM1	7.3401	6.2048	5.3744	5.9472	4.8541	6.0604	7.4023	5.8973	7.0879	5.0097	4.8706	5.7197	10.0691	6.3699	8.2194	8.5107	6.2785	6.5658	5.2401	5.5383	7.9088	4.9631	6.2597	6.3373	4.8813	5.5911	5.9262	5.0206	5.2262	9.0975	6.5777	8.701	5.7838	4.7708	8.2644	6.6475	5.3186	5.5432	5.2557	5.3001	5.5817	6.4316	5.5436	5.2096
EA_G__ZNF704	8.1814	9.3051	8.2384	7.2142	4.6263	7.3683	4.374	6.9108	5.7166	5.1148	7.714	7.8754	6.5857	6.0118	7.4215	7.6123	7.917	7.4168	6.6064	5.3602	5.9619	7.0056	6.1707	6.1659	7.581	7.9101	6.0438	7.7515	7.6132	5.5638	7.9124	7.1844	9.7141	6.9534	6.0965	4.8082	7.1864	7.7066	7.8858	6.9934	6.9613	7.8849	6.6039	6.1979
EA_G__TSKU	12.5261	10.4098	10.0709	10.5018	8.0717	8.4689	8.2246	7.1433	10.1	8.2356	10.138	9.9115	8.9901	9.4814	8.8597	10.2607	7.4604	9.0707	9.5202	8.8872	7.3872	7.2081	10.0431	9.9799	10.943	11.0263	7.442	10.6057	9.2151	7.5427	10.5632	9.2023	9.4929	6.7049	9.298	8.0439	10.2988	13.0918	11.6453	7.6531	9.7677	11.163	5.5515	7.3182
EA_G__TSPAN13	8.9952	9.6423	10.1182	9.6628	5.2331	8.9285	6.2071	7.1263	8.3643	6.2564	10.0071	9.488	7.0469	8.4981	8.9186	8.9	10.0359	9.8295	7.9678	6.1771	9.4757	4.5718	8.6216	9.4154	9.1455	9.4324	5.7384	9.4215	9.7858	5.3493	9.0558	8.7315	9.2686	9.1487	6.0293	5.9884	10.2356	10.2359	9.965	9.7869	9.9264	10.5075	9.7648	9.4508
EA_G__C3	11.1381	4.8038	4.907	4.8165	5.0298	4.8716	6.9961	10.3847	6.4352	5.328	4.6601	4.7003	11.1099	6.3911	9.6805	5.2872	5.1273	8.1162	8.8543	5.0106	10.7164	5.3388	4.993	5.0779	5.4296	6.1123	4.8816	4.7966	5.3727	8.5146	5.5679	7.9587	5.181	5.009	12.2114	8.5831	5.4673	4.6612	5.676	6.1862	5.3649	5.9325	4.9409	5.0681
EA_G__HINT2	8.0052	8.1953	8.3493	8.5204	8.0287	8.444	8.6631	8.6324	8.2309	8.3192	7.9605	8.1995	7.829	7.835	8.4917	8.1694	8.1664	11.004	8.228	7.9399	9.7754	7.7405	8.2384	8.5383	8.2892	7.7491	8.1583	8.8464	8.33	8.9384	8.9275	8.2797	8.1775	7.4303	7.5048	7.462	7.8726	7.9341	7.5324	8.6064	8.5092	8.488	8.5007	8.2774
EA_G__AGR2	10.388	9.9764	10.5253	10.8674	3.1745	6.0439	3.7576	3.5567	3.1734	3.3399	10.6695	6.7701	3.4557	6.1162	5.8644	7.6477	9.677	10.1249	3.6198	3.3258	5.9674	3.3756	6.4972	9.3306	6.4599	10.5625	5.2088	9.6312	11.0565	2.9069	8.4022	4.5304	8.7004	3.9941	5.3017	3.7281	11.9063	9.0858	10.4962	10.2239	11.303	11.3903	8.8069	8.6101
EA_G__PERLD1	7.9981	10.4494	11.5309	8.5186	7.0395	8.0143	6.6178	6.7798	7.5363	7.5751	11.7835	7.7075	6.0197	6.9121	6.5128	11.3772	10.5844	8.5531	7.9337	8.1056	7.9547	6.9567	7.2717	7.3187	7.6108	8.1096	6.7476	10.1259	7.7315	6.367	8.2906	7.1858	10.1853	7.6784	7.1932	6.6914	7.5985	7.3002	7.0808	7.6174	10.9271	11.1617	8.078	7.8159
EA_G__ODZ3	4.234	4.3482	5.603	6.5156	4.0758	5.3891	6.9273	5.4523	4.1921	7.4215	4.6892	3.7737	5.7791	4.3178	4.2382	4.1231	4.3381	4.4677	5.69	3.8892	4.1913	8.8434	6.5159	5.9185	4.1687	5.4665	5.9835	4.7806	4.255	6.7964	5.0095	3.9869	4.8536	4.2289	7.3147	7.9192	4.868	6.6847	4.3779	8.3658	4.369	4.273	4.244	5.8649
EA_G__ITPR1	5.5693	6.5539	5.9702	6.7208	6.4133	7.1312	5.063	5.1424	5.974	6.9446	6.8848	6.3318	5.5224	4.9485	5.1459	5.3102	7.3683	5.4647	5.254	6.0742	6.9066	5.4432	5.9592	6.3776	6.8182	7.0966	5.8567	4.8467	6.4784	6.5589	8.3669	5.7265	5.9042	8.3759	6.7977	6.3473	7.6329	8.1653	6.006	6.2861	6.7557	6.8801	6.3068	6.0991
EA_G__TOX3	7.6904	5.974	8.5875	6.9683	4.4321	6.5337	4.4303	5.4214	4.4642	4.415	7.6402	4.4988	4.116	4.7216	4.182	4.4003	6.3388	7.3639	4.4069	3.9878	4.5242	4.2514	4.6907	4.7136	5.1155	7.0533	4.2706	8.4109	9.1685	4.361	7.8902	3.9098	5.2199	4.6364	4.374	4.3532	7.696	5.8557	7.5964	4.397	6.9844	7.3971	8.4415	9.4465
EA_G__NFIX	7.1758	5.5329	6.0836	6.8403	9.1099	8.5231	8.1068	7.7107	10.5935	9.6998	6.5113	6.5271	9.2449	7.5411	8.5494	6.5304	8.4093	5.8963	8.0823	8.7721	8.8788	8.5073	6.4453	5.9801	5.5137	6.0419	6.7032	6.3604	6.035	8.3125	8.0658	8.9932	5.4422	9.232	8.0289	8.0901	5.7422	8.2477	6.2555	6.8363	6.7816	6.4356	8.1124	7.0626
EA_G__SPRY4	9.0195	6.6202	6.6733	6.5233	5.3949	4.3592	5.1087	5.8668	5.2156	4.8916	8.3628	4.455	5.675	6.5175	5.971	6.6496	7.3777	5.3601	6.1623	5.7014	4.8896	7.4247	5.4056	4.9412	7.1763	8.7436	8.7764	4.8798	6.9874	6.6369	7.335	5.9385	6.0836	7.291	5.7511	7.4834	7.3463	7.16	7.3526	4.5094	6.2514	7.2178	4.3416	4.5361
EA_G__IFITM3	8.0008	8.4676	6.6997	5.8557	10.1761	5.4392	9.4416	10.0522	9.5921	9.2931	7.5379	5.3662	9.9815	8.3001	8.9395	10.0223	5.392	8.1386	9.0546	8.0493	10.3647	10.1724	8.0075	8.4578	8.4911	8.0382	8.788	7.3043	6.7504	8.8399	5.8982	9.3757	8.2512	6.167	9.3358	9.857	4.7248	7.9851	5.4554	6.7052	8.6924	7.4873	5.6085	5.6528
EA_G__ACY1L2	4.4885	6.3544	5.2636	5.2117	7.1705	4.3953	6.9473	7.4794	6.8949	5.8679	4.2893	4.5942	7.0163	6.9582	7.6089	7.0387	4.4362	6.7671	7.8102	5.7572	6.2657	5.5172	6.373	6.3109	4.5518	5.1085	7.7561	6.9709	4.501	7.2062	4.6458	8.2808	6.8882	5.3066	6.6272	7.5867	5.6536	4.3923	4.8928	4.6226	4.7204	4.3433	4.5761	4.4612
EA_G__CYBA	8.6625	7.7799	8.3706	9.8861	6.4721	9.4842	8.8435	6.0497	9.8984	9.7419	9.5066	7.7059	9.6825	9.1328	10.0917	5.9867	6.5907	9.4314	5.8755	9.5932	6.2478	5.9861	10.2372	9.9769	8.6067	8.9937	9.0457	5.9595	6.8741	9.4322	9.5533	9.6955	8.482	6.6512	10.1354	8.1075	6.3268	6.1289	7.0429	6.4701	8.2417	7.8154	9.8042	9.5474
EA_G__ARNTL2	6.1217	3.8101	4.8596	6.2176	6.4819	3.8273	6.7977	7.7471	6.2038	6.5566	4.5198	3.7394	5.7917	9.3976	8.4682	6.7304	4.2247	5.9108	7.6544	6.7791	6.4344	6.9847	5.4205	5.5538	4.4456	4.6794	7.737	5.8374	4.5655	7.6837	4.671	6.0942	4.5466	8.1851	7.4415	7.0224	6.74	3.8659	5.8324	5.2486	4.1156	3.9983	5.0043	5.9745
EA_G__KRT16	6.4819	6.2502	6.2564	6.5397	5.9624	6.8931	6.6362	10.0834	7.5327	7.5744	5.6049	5.8852	6.2645	7.9418	10.9205	7.8769	6.2983	6.6671	9.2256	5.8457	11.3685	6.8225	6.6504	6.4479	6.0967	7.3288	6.0919	6.1947	6.6879	6.3046	6.686	9.3301	6.6472	6.5071	9.4578	6.1099	7.0204	5.9872	6.8104	6.2684	6.1316	7.059	5.897	6.0403
EA_G__ETS1	3.8667	4.805	3.8221	3.5321	9.1987	3.7611	7.9136	9.7835	5.4674	8.8179	3.5174	3.7092	9.0214	8.4312	8.6336	7.6481	4.1411	4.2609	8.9186	6.6496	6.1098	7.8626	4.2242	4.1251	3.6311	3.7782	8.8462	3.44	3.778	8.6385	4.6855	7.7448	4.7509	7.741	7.9709	8.314	4.3718	3.6491	4.288	4.0329	3.9583	3.7085	4.1234	3.7159
EA_G__PODXL	6.5338	7.0465	7.3009	7.4771	5.7421	7.7433	7.2504	7.7858	7.9623	6.375	5.9186	6.1199	7.3042	7.5714	8.7707	6.8597	6.2644	6.5362	7.7635	6.0348	8.0322	7.3219	7.3969	7.7025	8.049	7.3334	8.0699	7.5153	7.0734	9.0189	6.5859	6.9099	6.8237	7.3762	7.5898	6.6797	7.3501	8.9623	6.8752	6.2957	6.3991	5.78	6.2155	6.9749
EA_G__LYN	6.7091	5.0314	4.8348	5.1853	5.1028	5.0591	6.9144	6.6688	6.1794	6.2336	4.7252	4.705	8.3103	7.6061	8.3886	8.7529	4.7194	5.1541	7.3798	6.2885	9.3436	5.5146	5.3756	5.2372	4.5418	5.1404	7.6488	4.7925	6.2007	6.9986	5.3564	7.1565	5.3096	7.3032	7.3173	7.4683	5.287	4.6819	6.0271	6.1764	5.6508	5.1164	5.0276	5.7183
EA_G__KIAA1324L	7.0722	7.9291	6.1594	7.5937	3.7969	6.0241	3.8663	3.5405	6.1971	3.7839	6.1411	9.4615	3.8884	6.493	3.4786	5.0165	3.9549	3.8362	3.8949	7.1067	4.0078	4.4434	8.796	7.1592	7.6555	6.5206	7.1017	6.1845	7.6323	5.7491	4.5317	3.5683	7.5651	4.068	3.9375	7.2221	6.7877	6.9774	6.0238	7.1134	6.9685	5.4477	6.0639	6.3478
EA_G__DUSP4	9.9932	7.125	9.0568	7.6584	5.1766	4.955	5.6128	5.4292	5.0907	6.0878	10.2274	5.8229	5.2952	6.8068	5.9002	7.3766	7.5605	8.2583	6.3878	7.1002	5.4547	6.2007	6.8997	7.8034	8.0731	9.6518	7.5039	7.8407	7.3006	7.0633	7.5279	6.9196	6.9859	5.3203	6.7879	5.8581	9.2588	7.8626	8.1669	6.9486	8.3026	7.8666	7.7341	8.3719
EA_G__PIGS	7.5697	8.5192	7.5384	7.3005	7.0996	7.4286	6.7605	6.3865	6.7787	6.7768	8.2206	7.0898	6.9207	6.921	7.0373	7.7928	8.8838	6.9324	6.8199	7.1571	7.0957	6.2242	7.1866	7.6895	7.3205	7.3331	7.1863	7.4162	6.9111	6.5395	7.4132	6.4615	8.3361	6.8413	7.2873	7.503	8.072	6.2116	7.4937	8.455	9.3036	7.445	8.1412	7.9504
EA_G__C21orf63	7.3258	5.7103	5.2612	5.2604	4.9491	5.5532	5.4778	7.3771	7.8351	4.9149	7.3169	4.4919	7.3015	4.8158	6.3262	7.1669	6.5267	6.609	5.6132	5.4436	6.9256	6.3665	4.842	5.5903	4.732	5.3627	6.429	4.8902	4.2435	5.2942	4.4116	5.4456	5.6244	4.458	8.4875	6.1941	6.347	5.6502	4.4131	5.6467	4.3879	5.7319	6.0314	6.1272
EA_G__TH	6.264	8.0515	6.6092	6.609	6.1427	6.0421	6.448	6.294	6.2948	6.33	10.9318	6.2102	6.3139	6.5998	6.2511	6.5761	6.5354	6.8407	6.2144	6.1623	6.4761	6.1416	7.0274	6.8291	6.5394	6.4649	6.3252	7.2187	7.6232	6.2474	7.2658	6.0621	8.1688	6.4326	6.603	6.6092	6.5796	6.4016	6.9925	6.6708	6.4227	6.821	6.4724	6.5847
EA_G__P2RY6	5.8658	8.7646	6.6875	7.0986	5.3199	6.1138	6.0507	5.4422	6.5098	5.6812	8.2888	7.7752	5.6175	6.0433	5.9451	8.1152	7.4019	8.6796	8.0907	5.2767	7.7315	5.7837	7.7124	7.6371	7.2822	7.1436	5.8952	8.1293	8.0841	6.0033	8.0435	6.4152	9.1671	5.4074	6.0452	5.7602	8.617	8.7124	7.8561	8.0817	6.8568	8.6095	6.9486	6.7097
EA_G__GPX2	6.9093	8.9357	5.6689	5.0334	4.0395	3.727	4.581	6.7554	4.8049	4.2832	6.3298	5.7511	4.2277	9.9643	6.6701	9.5887	4.8756	7.7366	5.6015	3.9423	4.2268	4.3312	5.2706	5.462	6.3312	9.3185	4.4185	9.9389	7.6946	4.4255	4.6661	3.9761	7.2433	4.2492	4.9195	4.1064	9.5051	10.0657	9.4966	4.9059	4.7975	5.3958	6.788	5.2186
EA_G__RND1	7.3143	8.2366	5.5848	8.1345	5.2959	7.5678	5.2664	4.9253	6.6945	4.833	6.5432	5.3653	4.8394	5.688	5.355	5.6049	8.3402	6.4109	5.1296	5.0251	5.5654	4.655	7.389	6.8855	7.5082	9.0383	5.229	6.9107	7.667	4.8228	7.8736	5.2342	8.9453	5.08	5.2271	5.1002	6.2484	7.4987	5.9817	7.1618	8.9243	6.8513	7.8627	6.9375
EA_G__TMEM62	7.949	8.9841	8.7357	7.7995	6.6914	8.7591	6.2638	6.6112	6.9449	5.0083	9.6191	7.04	6.0806	7.8635	6.9773	6.5984	7.8723	6.7557	7.3482	5.8364	7.4666	6.7297	6.3817	6.9338	7.9144	7.9144	7.0368	8.9357	9.5611	7.4416	8.2279	7.3198	7.9178	5.5354	6.7559	7.2789	7.9863	10.1231	7.5937	7.7068	7.1573	8.7727	9.6225	8.3443
EA_G__MFI2	7.0499	6.5409	6.0195	6.6105	6.3816	6.3021	8.3283	7.3809	6.4432	6.6874	5.9597	6.1615	7.0176	6.8945	7.951	6.4751	6.2595	6.3599	7.6941	7.5084	8.2785	6.4218	7.2199	6.535	6.8241	6.7914	7.2458	6.2385	6.836	6.2722	6.8586	6.8011	6.774	6.2475	7.0638	6.2745	6.1146	5.8325	6.6	6.5608	6.5612	6.278	6.3968	6.7945
EA_G__SYDE1	6.3871	6.1369	6.3616	5.8841	8.4653	5.4574	8.481	8.3258	6.6153	7.9902	5.8161	5.3023	6.2033	6.9579	7.0087	6.4074	6.6718	6.1217	6.9318	8.2904	7.7112	8.9081	6.0991	6.2731	5.5612	6.3382	8.9894	5.7382	5.0994	9.4121	6.1707	6.8988	6.551	8.0444	7.0048	8.2118	6.1916	5.1353	5.9689	6.0967	6.1051	6.1729	6.3412	6.0907
EA_G__SLC7A8	8.5421	7.6746	8.8236	8.1028	5.042	10.6962	5.4009	5.0441	6.3737	6.0296	9.5636	7.2944	4.7488	8.4816	5.2606	5.1604	8.3362	8.1148	4.7435	5.7111	5.5632	5.0076	5.3353	5.3922	10.8003	10.2389	4.9899	10.2853	9.6818	5.117	8.7371	4.9509	6.5396	4.8894	6.1091	4.9765	7.0086	11.0027	8.5397	9.0232	10.533	5.8295	6.8407	5.1734
EA_G__JARID1C	8.4727	8.759	8.4412	8.5789	8.0786	8.2359	7.4754	7.1037	9.3003	7.333	8.403	9.2775	8.0249	7.5312	7.6876	8.43	10.9831	8.0617	8.201	7.6305	7.498	7.1084	8.2853	8.0884	8.5646	8.4773	7.0705	9.1277	8.7115	8.5756	8.6377	8.3564	8.4706	7.9191	8.0947	8.334	7.5517	8.3945	8.1892	8.0437	8.4209	8.1096	8.2214	8.1412
EA_G__ABCC11	4.9799	5.0771	8.9135	5.5246	4.3409	6.068	4.4537	4.3488	4.5022	4.3945	9.0536	6.4968	4.3846	4.531	5.3781	4.6172	7.1058	5.5215	4.3978	4.2837	4.7067	4.5984	4.5406	4.9815	5.9853	8.7674	4.4954	7.3019	6.4495	4.468	9.0235	4.202	6.726	4.427	4.9806	4.4854	9.756	9.8253	8.4576	9.3681	8.0366	7.2449	9.5692	4.8818
EA_G__RARA	7.7415	8.0728	7.3062	8.5953	6.4986	8.1003	6.705	6.2955	6.8057	6.9795	6.9268	7.7523	6.3667	6.836	6.2488	6.8869	6.999	6.6594	7.1295	7.0633	6.867	6.4577	7.8228	7.5889	7.6497	7.4975	6.4896	7.2241	7.3317	6.4385	7.1561	6.7182	8.2712	6.7798	6.8118	6.954	7.0002	7.2185	7.1679	7.721	10.1923	7.2428	6.8625	8.0987
EA_G__FGFR4	6.212	7.4027	9.4947	8.6522	6.7252	11.1104	6.4953	6.9616	6.8446	6.9437	9.9702	7.7334	8.649	7.4069	6.9704	9.0064	9.4306	7.8246	7.3383	7.6825	6.2891	5.6839	7.6865	8.3879	8.0356	7.9172	6.6169	9.9462	9.8037	7.0445	11.4544	6.3279	6.6971	6.6719	6.5764	5.6794	8.3049	10.846	8.2707	6.8843	8.8386	7.7795	10.7427	9.4229
EA_G__RAP1GAP	7.8799	8.4973	8.1113	6.5433	5.7543	6.6874	6.2196	6.2945	5.5823	6.8339	8.8874	6.4177	6.6467	6.6522	6.1962	6.8892	7.3406	6.8436	6.2461	6.0267	7.3026	5.7874	7.563	7.4447	7.3535	6.9761	5.9038	8.0141	9.6091	6.3212	8.3862	6.4026	7.8449	5.9335	6.747	5.6571	8.1292	6.8291	8.3811	5.8442	6.5819	8.3674	6.6144	6.5221
EA_G__PHCA	9.4805	7.0124	6.733	6.9934	6.8958	6.8838	6.0324	6.4098	7.1016	5.9372	6.1021	7.9612	6.1233	7.4588	6.4816	7.4683	5.7149	6.4559	6.918	6.6104	4.7823	6.5791	6.287	6.3702	9.8663	7.2654	7.1283	6.1298	6.2601	5.8494	6.7278	6.8088	6.7396	6.2054	6.767	6.9983	7.2969	9.9303	9.8195	6.9235	8.7412	8.5009	4.3451	5.3949
EA_G__ZNF649	6.3709	5.7303	7.6582	6.8691	6.3895	6.2774	4.7512	5.297	7.2554	5.962	7.0301	7.482	6.0581	6.8143	6.0947	5.2195	8.6292	8.197	5.5291	7.1498	6.0276	5.5455	3.833	4.7577	7.4516	6.7017	3.8653	7.6469	6.985	6.2257	6.6308	6.2296	5.9335	6.1333	5.7362	6.0239	6.0245	6.7515	5.7814	5.9513	6.5329	6.8429	5.3778	5.1546
EA_G__BEX4	8.9361	5.6188	6.1791	8.0725	4.2978	5.6652	5.3066	4.8114	7.3642	5.1709	6.8946	5.837	4.4937	5.8369	5.2212	6.516	6.1857	5.2613	6.1891	8.0966	4.6612	4.7209	7.2116	6.2217	8.6899	8.1452	4.8113	8.149	8.1283	5.9711	5.8092	3.8227	5.6201	7.0737	5.2215	4.8546	6.8738	5.2708	7.9242	6.2657	8.1437	7.0682	8.1866	6.8652
EA_G__TGFB2	8.6086	7.8164	3.7069	9.2193	8.588	6.9572	7.9395	10.7977	7.555	9.4652	4.3705	3.9796	5.5356	6.4676	8.377	10.1452	8.5107	9.3163	9.5593	10.3503	8.9543	9.47	6.2555	6.1774	3.7395	7.0037	10.0626	5.2703	6.8137	8.0111	4.9299	9.6945	7.8379	7.1376	11.2373	8.4518	5.0337	3.6116	6.8578	6.7752	5.3196	9.358	4.1757	4.3058
EA_G__KCNS3	7.8232	7.3982	6.6148	6.2972	5.3846	7.0761	5.2592	7.0195	6.4153	5.0912	8.208	5.9488	4.9442	5.1645	7.7079	8.2604	6.7285	7.0898	5.6055	5.807	7.5989	6.53	5.285	6.4881	6.8143	7.24	6.1298	7.387	7.7146	6.512	6.9706	4.6424	6.5381	5.0119	6.6703	7.0494	7.602	10.3409	7.4014	5.9702	8.4243	6.7797	7.2799	7.6228
EA_G__C9orf19	4.855	6.829	5.2876	5.7361	6.026	5.1261	7.0392	6.4771	6.7151	6.7726	5.3678	4.8164	7.5139	5.4878	6.4374	5.5258	5.006	7.9401	7.2436	7.8618	7.5982	6.9045	5.9074	5.816	6.7327	5.6739	6.2212	6.3068	4.5292	6.6111	5.5009	5.9091	5.9774	6.2198	6.1858	5.8776	6.0657	5.3132	5.4415	6.019	5.3041	5.0796	5.1365	5.374
EA_G__PPFIBP2	7.8433	6.5176	8.685	6.6337	5.3909	6.8131	4.6677	5.2124	6.2853	5.3868	7.7925	5.6154	5.8536	4.9366	5.4374	5.497	7.8702	7.7047	5.6356	5.98	5.7397	4.7978	6.5585	6.3397	6.9949	8.1624	5.0389	7.4755	8.9514	5.6215	7.7945	6.1771	6.9673	5.7632	5.0592	4.8184	8.3164	7.8271	7.3962	6.0261	6.8366	7.3742	6.9521	5.8403
EA_G__SLC1A3	5.9579	6.6111	4.1502	3.9597	5.561	4.1358	5.0044	7.4102	5.9275	7.3403	4.0183	4.0396	5.7351	5.5781	8.6946	9.2695	4.9448	4.5557	6.6053	4.058	6.8828	5.3296	4.5643	4.2625	4.0624	4.4019	4.9309	3.99	3.5104	6.1848	5.37	9.919	5.4099	6.7133	5.7299	8.3903	4.1191	4.0522	4.6502	4.7893	4.0327	4.6589	4.5597	4.0849
EA_G__PRR15	8.5828	8.4609	9.4281	8.7477	5.9517	8.5116	6.1301	6.3331	6.8835	5.4556	8.8302	7.6556	5.6097	6.8916	7.1865	8.0894	9.1388	8.3428	6.3757	5.5522	6.7254	5.7507	7.5276	8.6434	9.1665	9.2711	5.5891	9.0365	8.5096	6.0376	8.2513	7.9905	8.5682	5.5335	7.784	5.8528	9.2642	9.6082	8.6535	7.2126	8.8522	9.4679	9.174	8.0916
EA_G__SLC4A8	6.1742	5.1797	5.3497	7.4196	5.5149	7.0729	6.2833	4.7902	4.6576	4.9181	7.7206	6.37	4.0643	4.2266	4.0046	4.6154	4.2819	6.0253	4.535	5.4474	4.6531	5.2518	6.505	6.7182	8.218	7.7695	3.9907	5.7194	7.9154	4.9126	6.8865	4.6592	5.8841	5.7113	4.5121	4.2936	7.778	5.0014	8.222	6.0153	9.3627	7.4555	6.9785	6.2058
EA_G__CA12	10.374	7.2275	8.3578	10.6613	4.4665	10.0681	4.9745	3.8395	4.2274	6.9445	8.9946	11.4745	4.5173	5.784	5.8456	4.7064	9.3657	5.8182	4.881	5.4007	5.0197	7.2481	9.8496	8.5533	10.4266	10.2303	6.35	8.8736	9.9468	7.6024	9.5013	4.1332	9.0564	7.9017	6.3439	8.7456	9.0545	10.4929	9.4214	10.2797	9.0996	6.9472	8.3877	8.6511
EA_G__PRSS12	4.3777	4.7632	4.706	4.5602	6.369	4.6807	6.2222	6.9948	5.4788	5.4348	4.3786	4.8573	9.1774	6.4117	6.7058	4.9165	4.915	5.8521	9.6837	6.4128	6.596	7.4233	4.8768	4.8229	4.9016	4.9399	7.096	4.5567	4.3978	6.8038	5.5074	5.8907	5.0102	6.0849	8.1192	7.4649	5.1428	4.5536	5.2435	4.672	4.4986	4.4105	5.5805	5.0513
EA_G__FSTL1	6.3208	6.1624	7.111	6.4291	11.8037	4.1138	8.0435	4.7382	6.2309	9.2198	4.3438	6.6183	6.5907	7.6625	10.1327	8.6742	4.1313	8.2704	9.5531	9.8665	8.6378	11.1061	4.3358	4.4994	4.4241	6.2928	8.265	4.5749	4.7229	10.6526	4.7707	8.5027	6.2699	8.5073	9.2021	9.4467	3.6254	4.2296	5.1479	7.162	4.0235	4.0057	4.5517	4.4062
EA_G__CLCA2	3.7227	5.4736	9.3552	3.0331	7.4614	6.097	3.5649	3.0589	6.5649	3.8866	3.2461	9.319	3.2042	6.093	7.2526	4.7088	4.5663	7.1879	5.0093	3.2672	3.3105	3.8089	3.6486	3.4346	3.2976	7.5734	3.3498	10.4045	11.2438	3.8499	10.9482	4.68	4.7001	4.2562	4.0675	3.7224	4.6584	6.8137	10.2878	3.5201	4.2438	8.7488	8.0633	4.1802
EA_G__PTRF	6.1378	5.9441	5.9461	5.7085	9.47	6.0342	9.4316	7.9379	6.2178	8.1509	5.8965	5.563	7.0871	8.0149	8.4522	8.1467	6.1849	6.696	6.8672	9.1449	6.8679	9.7016	6.208	6.3008	5.6737	5.9941	8.8381	5.6244	6.5879	8.0608	6.7201	7.0293	6.1917	8.0202	8.0864	8.6629	5.8363	5.4175	6.5439	6.4796	5.9012	6.0214	5.9419	5.7248
EA_G__GAL	5.663	5.1076	5.6671	6.8518	5.351	5.6496	5.3981	6.9161	7.531	5.9946	5.0022	6.2855	9.8244	9.3584	8.1175	5.8454	5.2346	6.1611	8.1456	7.1952	5.5051	4.9659	6.3427	6.921	5.262	5.4769	4.6978	6.0197	5.0283	8.9826	5.7312	6.6721	5.6401	5.2223	6.4893	5.6417	6.0155	4.7193	5.5239	5.4186	5.8586	5.3666	5.6344	7.9118
EA_G__KIAA0953	5.8011	7.1466	6.4823	6.4155	5.2019	5.9649	5.5206	5.0737	5.2215	5.2114	7.1887	6.4801	6.417	5.2006	4.9367	5.1337	7.245	6.7991	5.5015	4.9454	5.1521	4.9522	6.5841	7.1799	7.1045	6.4431	5.3853	6.697	5.4274	6.6405	6.3729	5.455	7.3694	5.9187	5.1845	5.2015	7.2702	9.1022	6.2853	5.4857	7.35	6.6109	6.0943	5.5729
EA_G__GALNT7	9.6749	7.791	8.5231	7.2484	7.1488	7.5272	7.9402	7.5228	6.4385	6.8623	10.4321	6.6273	7.0021	6.6653	8.244	8.7332	8.7577	8.5352	6.033	6.1371	8.4471	7.1081	7.7906	7.5339	8.0239	8.0309	7.7804	8.9969	9.1677	5.9588	8.3252	7.4612	7.6935	7.7995	7.7606	7.4331	9.9007	8.3426	9.738	7.0766	7.5746	9.8726	8.5319	8.2358
EA_G__MAP7D3	5.3052	6.181	3.7726	5.4351	8.0335	4.1145	6.7975	8.2134	6.6816	7.4399	3.8649	5.2828	6.9662	6.369	7.7975	7.3791	3.9067	3.9768	7.9146	7.4129	6.0423	7.4841	5.9373	6.1096	3.8188	4.3266	8.4972	3.8711	3.6075	7.271	4.4657	7.3858	5.4472	6.6247	7.5826	7.2635	4.9255	3.596	5.013	4.094	6.2554	5.2725	3.8949	6.3251
EA_G__RARRES1	6.9524	4.9938	5.4808	4.6972	5.1318	4.9996	4.9017	5.5363	7.9107	5.1588	4.5294	5.4825	6.4837	4.5616	9.337	9.7619	5.3507	9.473	7.1774	4.7131	11.4794	5.0363	4.7482	4.9179	4.6705	6.991	4.6488	4.7304	6.6189	5.8514	5.6596	10.3274	5.7265	4.9607	7.808	5.0319	4.7158	4.582	5.1869	5.1753	5.3781	4.846	4.7181	4.6711
EA_G__CLU	7.2352	8.8649	8.9068	8.992	8.9576	9.6033	8.0374	6.8112	8.1157	7.4522	8.8358	9.7927	5.9431	7.7097	6.4074	6.824	8.1629	9.5115	8.6745	7.7043	7.3793	7.2732	8.8706	8.885	9.1728	9.6338	6.7991	9.3254	10.2466	6.1144	8.8604	7.6067	9.8643	7.6939	5.8874	7.0941	7.9162	10.6695	8.2237	10.2223	8.7504	9.3567	8.0166	6.5865
EA_G__TMEM164	7.0979	7.7662	7.6781	8.5025	8.6222	7.5074	6.9499	6.4544	7.9946	7.5203	7.2907	10.3866	7.6298	6.9435	6.7799	7.3942	7.1179	7.5043	6.098	6.9625	8.2039	6.4079	7.2698	7.5322	8.1896	7.2051	7.0206	7.6833	8.395	6.8609	7.0973	7.6553	8.247	6.3434	7.049	6.8636	7.9599	7.8145	8.2506	6.4222	8.5694	8.3348	7.892	7.3908
EA_G__DLG5	8.5367	8.2051	7.6054	7.9137	7.4257	7.389	7.4203	7.1702	8.661	7.0411	7.5975	8.4243	6.8348	8.0736	7.2262	7.4377	7.6469	7.5578	7.6163	7.1961	7.3677	6.5017	8.0798	8.3969	7.8307	8.2111	7.1437	8.1074	8.0102	7.7008	7.7634	8.2485	8.54	7.7252	8.865	8.3913	8.8652	8.5995	8.1331	8.281	7.9264	8.4149	7.9025	10.8081
EA_G__IFITM1	4.955	6.0176	4.2124	8.3903	5.9383	5.4824	7.8038	9.0056	6.7403	8.4714	4.0937	4.8646	9.3887	6.6329	8.5115	8.9598	4.9523	7.7922	6.3744	5.4517	10.7138	7.2294	5.7593	7.4095	8.3769	6.8074	4.4739	4.9995	7.2448	3.8909	4.7663	8.6092	6.3415	7.0263	9.678	8.2737	6.4552	4.234	4.3998	7.0862	4.4135	4.484	4.1749	4.3142
EA_G__CCDC125	6.7241	6.9231	8.2014	7.8942	6.5806	7.5742	4.7052	5.6801	6.3658	6.0105	8.1674	7.8031	6.378	5.856	5.009	6.1254	7.7857	7.0037	6.4699	5.9728	6.3171	5.7122	6.9265	7.4992	7.8276	7.4091	6.4407	7.3733	8.7571	5.8635	6.9123	6.5052	7.071	5.6281	5.3484	6.4832	8.3702	8.3114	6.4973	8.0046	8.2983	6.692	8.289	7.827
EA_G__RNF152	7.4839	6.6624	7.0206	5.8025	2.8881	5.6834	3.9897	4.6579	5.0095	4.0383	6.5905	5.7642	4.0942	4.144	3.8961	4.7975	6.3558	6.3286	4.8239	3.7735	5.4662	5.6279	6.2533	6.3096	6.874	6.4137	4.3942	7.0318	7.0813	2.5353	7.0719	6.3133	6.9863	4.2134	3.9706	4.5148	7.6012	6.5447	6.7821	6.4101	5.7235	7.1371	7.0441	6.8405
EA_G__C17orf37	10.2627	12.1616	12.5067	10.0183	9.6297	9.9884	9.7241	9.7393	8.7276	9.4784	13.0107	9.7623	12.9521	9.5497	8.8984	13.0916	12.5341	9.1605	10.6536	10.2348	9.8217	9.1925	9.7035	9.7398	10.1657	9.5811	9.5775	12.0721	10.1387	9.3255	10.4964	9.7942	12.051	9.5708	9.2545	9.6907	9.4564	9.6917	9.9787	10.4971	12.8045	13.0424	10.2002	10.228
EA_G__MCAM	5.2407	5.7795	5.1883	5.2259	5.6003	5.1722	5.398	9.3743	7.982	7.1729	5.052	4.9842	9.6692	7.1972	5.6044	5.2324	6.005	6.1156	8.2544	7.2642	6.6063	6.1967	5.3892	5.3243	5.0364	5.3038	7.8638	5.0728	5.3592	5.5956	5.9372	5.9742	5.5648	6.5817	8.8252	6.4371	5.4652	4.8633	5.5898	5.4962	5.4539	5.4297	5.5286	5.1903
EA_G__LTBP2	6.4939	5.7345	5.8484	5.7214	5.8612	5.9966	6.7725	7.2573	9.4343	6.9893	5.5716	5.7214	6.0676	6.8141	6.828	6.5184	5.9301	6.3254	6.36	8.5798	6.1362	8.6763	6.3948	6.1604	6.2484	6.593	6.5464	5.7252	5.5235	6.4348	6.3771	6.076	6.142	7.3028	6.7043	6.306	6.5798	5.5191	6.3072	6.3083	5.977	5.9336	6.2503	6.0799
EA_G__RHOB	9.2793	9.3585	9.8896	9.3985	7.6395	10.3938	8.4008	7.6986	6.9264	7.1127	10.2289	10.0866	7.0769	7.524	6.9368	7.9047	9.6821	8.7278	7.261	6.7834	7.1452	8.2823	9.565	9.2465	9.8531	9.4573	7.5833	10.0124	8.9442	8.7425	9.8377	8.1129	10.0424	7.0709	7.9873	8.8352	8.6291	11.0616	9.0331	8.5103	9.1206	8.9406	9.1928	9.4859
EA_G__MAGED2	10.2764	8.1489	11.2059	9.1679	9.9061	9.181	9.0799	7.7178	8.9631	8.9439	10.8694	9.4801	8.287	7.1551	7.058	7.963	10.5076	9.874	7.8358	9.0836	7.9886	7.5896	8.8158	9.5837	11.1899	10.1298	7.5636	10.5231	10.9442	8.6867	9.3951	8.7111	8.0807	9.7287	8.416	7.7228	8.4196	10.7353	9.5787	10.1646	11.2238	10.0944	9.4135	8.8541
EA_G__GM2A	9.8004	10.2563	7.6431	8.2909	8.2948	8.4185	7.8437	8.1669	7.9006	8.703	8.8818	8.7994	9.0123	7.9275	8.7665	8.6642	8.443	9.624	7.9624	8.297	7.686	8.1518	8.3121	8.3783	8.9486	7.8479	7.4001	8.5323	10.764	8.5553	8.9791	9.1681	10.255	8.5844	8.7281	7.7697	8.7543	8.8742	9.9034	8.4702	9.1027	9.3699	8.3441	8.1889
EA_G__RET	5.1584	5.1814	8.6461	6.5209	4.9343	6.3232	5.3164	4.9258	5.2813	5.2108	8.4854	9.0567	5.1701	5.3684	5.0761	5.0234	5.2437	5.0703	5.0608	5.1166	5.135	4.9039	7.3403	7.6896	8.2195	7.4408	4.85	7.4975	7.579	5.479	6.8528	5.3912	5.1818	5.2849	5.3792	5.1132	6.894	9.336	6.6096	5.5486	8.0875	8.9737	5.3716	5.2921
EA_G__MSLN	6.0846	5.8443	6.0148	5.4905	5.777	5.7733	6.7361	6.005	5.7689	5.9122	5.6141	5.7351	6.0888	8.8011	6.3286	5.922	6.0949	6.2611	5.9409	5.4457	6.7022	5.9309	6.2498	6.2434	5.8649	6.258	6.1385	5.9786	5.8138	9.6431	6.7157	7.8122	6.403	5.9303	10.3918	6.0667	6.1104	5.7158	6.2533	6.092	5.9321	5.981	6.1848	5.7938
EA_G__PSCA	8.6778	6.808	7.4204	6.1323	6.2269	6.1241	6.4901	5.9762	6.1713	6.0065	8.8023	6.0835	6.1892	6.0919	5.9439	6.6586	7.7548	7.1563	6.4572	6.2267	6.4924	6.9031	6.978	6.2197	6.1779	8.5062	6.3328	9.3354	7.9842	6.2528	6.881	6.4338	7.2737	6.4886	6.825	6.8352	8.2749	6.3654	7.561	6.4259	6.1518	9.9306	5.9503	6.0552
EA_G__TMEM45B	7.6067	6.9318	8.2607	5.8827	4.0544	6.8897	4.4105	4.1082	4.5358	4.32	8.2657	6.8742	4.5363	7.0629	6.5802	5.6247	8.1369	8.1123	4.5414	4.0417	4.9594	3.8961	6.4895	5.7187	4.3127	7.7764	4.7821	6.3274	8.0271	4.735	8.7181	5.6974	6.6217	4.7421	4.5365	4.1764	8.6359	7.206	8.3886	8.0495	8.7831	8.5334	5.7404	4.9571
EA_G__NNT	8.9594	4.498	8.1961	7.7612	9.1154	7.1893	8.7763	7.8733	8.3974	9.0731	7.9295	8.0816	8.3827	8.8736	8.8486	4.1845	7.867	9.8433	8.4993	8.7518	8.5517	8.91	8.0412	8.4446	9.1262	8.2588	8.8528	8.1478	7.5189	9.0644	5.9494	8.0836	5.547	9.6096	7.8752	9.5736	4.8242	6.9971	4.7976	9.6352	8.1122	6.6735	6.3612	7.0369
EA_G__FSCN1	6.8308	6.9952	7.1701	7.1692	8.8985	6.7299	9.336	9.8533	9.8245	9.7445	6.454	7.0825	8.4576	11.4143	9.3293	9.3009	7.014	7.0833	8.7193	9.1685	9.4212	9.8571	7.5215	7.7422	6.5522	6.8572	8.4388	6.817	7.4765	10.2521	7.24	7.8643	7.0958	7.3337	9.286	10.5846	7.0571	6.9337	7.1431	7.0679	6.8991	7.9477	6.8126	8.0465
EA_G__BCAS1	7.6511	9.0168	10.5313	7.3913	4.4087	6.403	4.8708	4.3423	4.4869	4.5984	10.3867	6.7622	4.1964	4.6724	4.3328	5.14	7.4981	9.0372	4.5142	4.3656	4.3987	4.438	7.9077	7.2716	6.6171	7.9229	4.8844	7.3564	9.719	4.4918	5.6839	4.3173	9.8324	4.4616	5.0177	4.8637	7.8706	6.6977	7.9093	7.3722	7.4533	8.4832	8.0127	8.1104
EA_G__KIAA1370	8.0117	7.6169	7.3101	7.5285	5.8151	7.928	5.2997	5.5305	5.6156	5.1632	8.5057	8.3103	5.6178	4.1441	5.8594	6.7071	7.1959	7.7436	5.6434	6.0605	7.0426	5.3786	8.0435	7.6508	7.4509	7.9116	5.8793	7.546	8.121	5.4905	7.6939	5.5586	6.9794	5.6558	5.3833	4.6569	8.0614	7.8648	9.0775	8.1025	7.7791	8.588	8.678	8.4904
EA_G__SORL1	7.1139	9.3353	6.7621	7.7115	4.5057	6.8507	5.6516	7.8864	8.4908	5.0055	7.9672	9.1644	5.9951	6.6988	6.0576	7.7653	8.0121	8.3313	6.9777	4.0598	6.614	4.1406	7.2452	6.3815	7.5525	8.0603	4.6697	8.58	8.478	4.5705	7.6842	8.1485	9.0539	5.7856	5.9687	4.944	7.5012	7.2171	9.1107	9.1541	8.2153	7.8309	7.1949	6.5556
