Cell lines	600MPE	AU565	BT20	BT474	BT483	BT549	CAMA1	HCC1143	HCC1187	HCC1395	HCC1419	HCC1428	HCC1569	HCC1937	HCC1954	HCC2185	HCC3153	HCC38	HCC70	HS578T	MCF7	MDAMB134VI	MDAMB157	MDAMB175VII	MDAMB361	MDAMB415	MDAMB453	SKBR3	SUM1315MO2	SUM149PT	SUM159PT	SUM185PE	SUM225CWN	SUM52PE	T47D	UACC812	ZR751	ZR75B
Response	1	1	1	1	1	-1	-1	1	1	1	1	1	-1	-1	1	-1	1	-1	1	1	1	-1	-1	1	1	-1	-1	-1	1	1	1	-1	1	1	1	1	1	1
EA_G__GBA2	7.0611	7.9182	7.2585	7.1177	7.7517	7.7342	8.9204	7.3434	7.9632	7.1583	7.0217	7.9961	8.1298	7.4439	6.7869	10.8175	7.7709	7.9028	8.3792	7.6672	7.7553	7.7022	7.8072	7.5787	7.9938	8.3174	8.0147	7.6414	6.5285	6.4815	7.3485	8.6403	7.3107	8.0718	7.2136	7.4953	7.6339	7.5122
EA_G__KRT86	13.3379	10.3848	8.5794	8.4565	8.7735	8.3179	8.0746	7.4759	8.0969	8.9404	8.3171	8.7657	8.2766	8.6907	8.3822	8.3819	8.363	8.1089	8.5233	7.9741	10.0862	8.2085	7.6371	13.9235	9.2948	13.1366	8.3402	8.4784	9.2708	9.5647	8.9904	8.0865	13.6157	13.318	8.5214	9.642	8.7488	8.6665
EA_G__MUC1	10.7485	9.3354	8.5583	9.6525	11.0311	8.4104	10.0109	8.1385	7.6877	7.2345	9.5962	9.4833	6.9752	6.8465	9.0466	9.1369	6.9437	6.835	10.7156	7.125	9.84	6.573	7.0024	11.0353	9.2355	10.806	7.2765	7.6032	7.3348	9.1411	7.2021	8.4137	9.6284	9.3378	11.5556	11.9165	10.8592	11.0123
EA_G__C5orf13	5.5414	4.3653	4.1747	4.5417	5.3873	7.5209	7.8357	5.1632	8.383	7.2215	4.5145	4.5834	6.7748	5.0358	6.5435	6.0565	4.6739	6.0911	5.2714	8.5295	5.1223	7.5981	8.7321	5.6175	6.0678	8.1582	5.921	4.7948	5.9629	5.2228	9.0534	7.5218	5.122	5.3452	4.7828	5.8596	5.3181	5.0496
EA_G__STEAP4	8.7208	8.8261	8.2268	3.6065	3.9258	3.5677	3.5754	4.1022	7.0677	3.6997	6.8604	5.1387	3.3645	8.0281	9.744	3.9855	4.4083	3.3684	9.233	3.3895	4.5633	3.5896	3.4877	7.5717	3.6823	8.3019	4.0973	6.8116	4.0102	10.6528	4.3021	3.5768	9.1109	3.8375	5.9035	4.1422	4.1833	4.1754
EA_G__IL1R1	5.2433	6.2627	5.8067	6.4215	5.9244	6.9492	7.1119	4.9937	5.9677	7.8353	3.6556	3.6594	6.2725	4.4349	5.2934	8.6186	5.4512	6.8552	6.9971	6.0492	5.0264	7.5645	6.6671	6.0735	7.0316	7.5953	9.5627	5.5494	6.534	5.8414	5.9406	5.4326	4.8437	5.9686	5.867	5.7212	6.7576	4.3297
EA_G__FAM132A	6.6035	7.0726	6.7356	6.7905	6.7412	6.6927	6.7581	6.5001	7.0008	6.7711	6.4586	6.6316	6.6128	6.5886	6.8081	6.5194	6.706	6.4491	7.0554	6.5887	6.9314	6.6823	6.5831	6.9293	6.6262	6.5639	7.1606	7.0314	6.8575	6.9061	6.9675	6.5985	10.2581	7.3771	6.8498	6.9846	6.7779	7.1615
EA_G__CDH1	9.4474	3.8156	9.8271	10.2402	10.823	4.1816	8.2155	9.3623	7.7169	4.0645	9.8984	10.4438	8.4461	9.4381	9.6232	4.383	8.3525	4.2405	9.6597	4.2637	10.2763	6.5768	4.0202	10.0856	11.1983	10.3286	7.0185	4.1026	4.9675	8.714	4.0229	9.5589	10.3671	9.2285	9.8379	9.9968	10.6397	10.3255
EA_G__DDAH1	8.2975	8.0848	8.152	6.8764	7.1266	8.5481	6.7475	7.913	5.1987	6.4624	7.6645	7.6054	7.5138	8.2456	7.3184	7.9016	7.528	8.1061	7.6799	9.8182	7.2951	8.4799	7.6619	7.2348	7.3886	8.5508	7.5272	8.303	7.6419	6.6042	8.2063	8.1604	7.7275	8.0472	7.3595	7.8989	7.4722	7.056
EA_G__CDKN1A	7.6223	5.6813	6.1515	6.4516	8.1183	5.5956	5.843	7.4914	7.5622	5.7902	6.163	6.0874	5.8016	7.1044	6.6212	5.4977	7.7513	5.5767	6.2617	6.6892	7.4505	7.7351	6.1198	7.588	7.3511	5.8232	6.166	5.8865	6.8653	5.5836	6.0481	6.6928	7.0882	5.8646	6.8521	6.7727	7.4713	7.7466
EA_G__NBL1	5.6874	6.1693	6.0302	6.5123	7.91	7.2287	8.8627	7.4446	6.4894	6.4088	7.8477	8.9876	7.7277	7.989	6.262	7.4926	6.8964	7.0244	9.3898	7.4014	6.2728	8.6259	7.7704	5.8527	7.4465	9.3873	8.9764	6.4183	6.2493	7.4905	7.3304	6.0452	7.0402	6.3728	7.4907	7.1949	6.2454	6.7302
EA_G__UNC13D	7.2054	8.5678	8.403	6.589	8	5.9315	6.46	7.585	6.7512	6.1501	6.4098	7.9107	6.1484	6.5748	8.1147	6.6524	6.8474	5.9809	7.1011	5.9956	7.1245	6.1055	6.002	7.0397	7.4076	6.6057	6.9214	9.2958	6.2236	7.8169	6.2601	6.8333	6.4987	7.0049	7.8597	7.6537	6.2393	6.4333
EA_G__EFNB2	6.2732	4.2123	5.8805	7.449	6.8216	7.8088	7.6087	9.4634	5.9782	6.3978	7.6795	6.1879	5.0019	7.8717	7.0661	8.5742	6.675	7.7842	6.9406	7.8725	6.2913	6.4386	8.3838	6.3951	7.4016	6.648	7.1692	5.7584	4.591	7.7342	7.1411	7.4194	5.9107	4.8588	4.9203	4.3397	5.2883	5.3353
EA_G__WDR32	6.688	7.0005	6.9373	6.8804	10.0989	7.6017	8.0546	7.7223	7.6852	6.7785	8.2107	8.427	7.466	7.6113	7.4965	9.7947	6.7844	8.4793	8.3966	6.8673	7.1314	10.1064	7.2606	7.121	7.3108	8.0252	7.2598	7.0917	7.6321	5.6922	6.8736	8.3833	7.1692	7.345	7.1693	7.718	7.6429	8.1755
EA_G__STK17A	5.9146	6.3042	7.6759	6.7496	6.2505	6.8388	6.5173	7.0289	6.6728	8.0695	6.6336	6.8904	5.9002	7.6215	8.3165	5.6394	7.3603	7.5898	8.0327	7.2169	5.9265	5.4037	8.0381	6.2079	7.2486	5.5554	6.1393	6.0406	8.8014	8.1987	7.3813	5.9857	8.9739	6.1883	6.8924	6.6018	6.6526	6.332
EA_G__ZNF93	6.147	4.375	7.194	6.5279	5.7665	6.9342	6.3574	3.4943	7.5111	5.2389	7.2837	6.2869	6.2543	5.0808	3.6879	6.6652	4.4768	6.4007	5.336	5.0037	6.0368	6.6539	7.814	6.1453	6.68	5.6051	6.1785	4.4487	6.1894	5.6231	4.2672	7.0443	5.3449	4.1129	5.5432	5.9714	4.8962	4.0352
EA_G__SEPT3	6.9903	5.635	6.6031	6.7384	7.6211	7.1111	8.259	7.2777	8.3934	8.2094	6.1608	7.8876	8.5761	6.2407	6.9621	7.1455	7.637	7.8916	8.5005	5.7086	6.7981	8.7827	8.0446	6.7842	6.2873	7.0206	7.3441	6.1114	5.7419	6.6475	5.6368	8.9265	7.2357	5.9289	6.4781	6.64	7.4648	8.101
EA_G__NPAL2	6.9008	5.9027	6.8153	6.3489	6.9902	4.937	4.6577	5.4937	6.2101	3.9815	8.9241	8.0853	6.4543	7.2119	6.8325	7.1773	6.7199	5.7675	6.141	6.516	6.8102	4.6957	6.6986	7.2536	6.9277	6.313	5.4176	5.8846	5.0348	6.7427	5.276	5.5001	8.6295	6.5493	6.7587	7.214	6.7578	6.4154
EA_G__NEDD9	6.0988	7.0541	8.0254	6.369	5.6202	4.3702	6.2842	6.296	8.1089	4.4978	7.6662	5.8265	4.8435	7.3277	7.9067	6.6483	8.7324	4.4449	5.8518	6.7673	6.171	5.5023	5.6725	7.695	7.1416	6.0837	5.3281	7.4896	4.4785	5.6738	7.5467	4.6345	6.6369	6.7999	6.6815	5.1042	5.6103	4.8497
EA_G__SYT8	6.8303	7.6929	7.5678	6.44	6.5346	6.4279	6.1642	6.2781	6.3613	6.1181	6.3438	6.6819	6.2913	6.3662	7.5477	6.5741	7.6114	6.0903	6.5336	6.3085	6.4505	6.319	6.0314	9.1213	6.4885	5.9924	7.0635	8.2657	6.3503	6.5691	6.5606	6.3762	7.982	7.136	7.9103	7.0497	6.2935	6.5223
EA_G__SLC4A11	9.1921	8.9866	7.2203	7.3209	7.4539	7.8472	8.5303	8.5641	7.396	6.2965	6.7692	5.3264	8.7725	8.2222	7.3366	8.4046	6.696	6.4225	8.0129	6.177	6.5257	7.1012	7.4302	8.6239	6.3392	8.1333	8.0368	8.0777	6.0485	7.5147	6.4748	8.0641	9.8761	6.6098	7.2113	6.6258	6.5596	7.397
EA_G__ETNK2	7.0246	7.5221	6.2958	9.7857	10.3826	7.9061	9.9112	6.888	8.279	6.8342	7.9484	10.7975	8.3972	7.3287	6.047	6.9475	7.6305	7.4034	5.0177	6.0105	7.2977	10.6718	8.5517	8.6151	8.6961	8.7361	8.9902	8.1005	5.4341	6.619	4.237	7.1677	6.6387	8.0919	7.2943	10.09	6.6311	6.3521
EA_G__ECM1	6.7716	6.1191	6.1854	6.9577	6.2551	5.786	5.6779	7.9959	5.9024	7.5814	10.8279	5.7397	5.5639	6.195	5.9834	5.4321	6.074	6.0819	6.0952	8.5332	6.2035	5.638	5.8615	6.8823	6.684	6.2559	6.4748	6.2118	7.9966	6.6804	6.4288	6.1959	5.4744	6.0158	5.79	6.0164	5.7783	5.5644
EA_G__PGF	5.602	5.8381	6.0041	5.772	5.406	6.2008	5.697	6.0163	5.8025	5.8768	5.3008	5.5795	7.2205	5.8713	5.7716	6.156	6.2143	6.1993	6.1518	7.7203	6.2033	7.841	8.116	5.7095	5.7111	5.3044	6.7778	6.159	5.5805	6.3683	5.8387	7.055	6.285	5.8603	6.2237	5.9724	5.9649	5.7674
EA_G__KIAA0258	7.5539	8.1496	8.0279	7.9098	8.3539	7.7622	8.6785	8.1152	8.2046	7.4495	7.9908	8.078	8.3061	8.2706	7.7579	10.9617	8.2897	7.981	9.1788	8.1073	8.0685	8.4831	7.5373	7.5261	8.7406	8.2172	8.7381	7.8566	7.6932	7.4298	7.7927	8.3623	8.023	7.8995	7.6542	7.6521	7.9678	7.9041
EA_G__UCHL1	6.4525	5.7946	4.931	5.3146	6.3368	9.9801	5.0259	6.5753	10.4462	10.1736	6.9799	4.8118	8.9111	8.1848	5.0429	5.8865	4.7882	10.5443	8.079	4.6751	5.2248	5.4795	7.8491	5.0463	4.9464	6.5207	6.0308	5.5858	5.0615	5.8771	5.3554	5.4628	7.5819	5.1078	6.2853	5.9129	4.8978	4.7617
EA_G__CNN3	8.4208	5.6037	8.51	7.712	6.7753	9.0177	9.2162	8.9063	8.3886	8.6155	9.2855	7.7128	8.5625	9.4372	9.1471	7.7323	9.3889	9.7847	9.7946	9.0441	3.5971	9.1817	9.392	8.0108	8.2272	9.1239	9.3042	7.601	9.0462	8.283	8.3459	8.3036	8.8179	8.6341	8.8297	7.4936	8.3843	4.7103
EA_G__CDKN2A	7.3231	7.3827	6.0767	6.6305	6.9325	9.7428	7.7762	7.2902	8.585	5.7667	6.8184	7.5164	8.8826	9.0146	8.4218	7.0357	9.0947	5.6978	10.0086	5.9713	5.742	7.8898	8.856	6.9963	6.9057	7.6006	7.6794	8.0816	5.8326	6.005	5.5676	7.1071	7.7702	8.0533	7.8227	6.1777	7.3088	7.2229
EA_G__SPARC	4.5171	4.8293	4.2373	4.5504	4.2699	11.8832	4.6628	6.7226	5.1153	9.4855	4.3425	4.5079	9.4465	6.789	4.6287	4.3059	10.9051	11.0077	4.8481	12.1508	4.6314	6.3594	12.8203	6.4311	4.4453	12.4428	5.2404	4.8983	8.4651	5.4089	10.5706	4.7633	4.774	4.8747	4.5219	4.6737	4.7502	4.5409
EA_G__EPHX2	6.1146	5.9783	4.3284	4.6869	6.4448	5.5327	7.2029	5.4098	5.6681	6.4895	3.753	6.9547	7.7145	6.478	4.5806	7.0225	6.3232	5.5165	6.1153	4.383	6.169	5.8078	5.5139	7.1491	4.1791	7.5581	6.5342	6.7237	6.1296	5.6184	5.3204	5.8224	6.0375	6.4973	7.5414	7.2345	4.4795	4.3773
EA_G__GM2A	9.8004	10.2563	8.8221	7.6431	8.2909	8.2948	8.4185	8.1669	7.9006	8.703	8.8818	8.7994	9.0123	8.7665	8.6642	9.624	7.9624	8.297	7.686	8.1518	8.3783	8.9486	8.7562	7.8479	8.5323	10.764	8.9791	10.255	8.5844	8.7281	7.7697	8.7543	9.672	9.9034	8.4702	9.1027	8.3441	8.1889
EA_G__MGP	11.2964	4.238	8.9075	9.8437	11.4992	5.5557	7.4113	8.2394	10.0203	9.4448	4.7994	10.4816	8.0997	8.254	8.9644	7.4121	9.4808	4.7946	10.8249	7.0295	6.1517	6.6894	7.0606	7.3407	10.3529	10.2746	7.4205	3.9642	7.0814	9.7347	4.951	4.8602	9.7691	5.0293	10.8577	8.221	7.0551	5.7521
EA_G__LOC728378	6.1287	8.7704	8.7553	8.5358	6.2047	5.9336	6.1367	5.9899	8.331	7.4195	7.4328	8.6495	6.0693	5.5957	7.4847	6.5281	8.253	8.4828	6.4756	8.2818	8.1333	6.9463	5.9416	5.657	8.5718	7.9767	6.404	8.0674	7.4921	7.0628	6.3735	5.9872	7.9214	7.4684	6.0233	5.811	6.9625	8.4742
EA_G__MPP1	4.6323	4.6149	5.5659	4.1933	4.53	7.3661	5.2864	5.9491	6.1238	6.5432	4.0628	4.851	6.9422	5.376	4.4365	5.2199	6.7918	7.3067	4.5936	7.6194	4.6134	6.1798	8.3037	5.8638	4.1565	6.2867	6.0077	4.7191	7.4905	6.8069	8.2609	5.4014	4.4879	6.8111	6.0661	4.9223	4.6406	4.793
EA_G__TMEM46	6.4423	5.1015	6.5192	9.6024	10.4639	7.1859	8.6029	8.1859	7.4466	5.3487	5.5054	6.7608	5.4892	7.7384	6.4836	7.437	6.7356	6.8301	5.4494	4.996	6.9716	9.7908	7.2249	5.5967	6.131	6.2753	6.8332	5.4534	5.8093	5.7947	5.4807	7.3774	6.2216	5.7481	7.7154	7.5406	5.2959	5.084
EA_G__ABCA12	4.3109	7.364	7.1095	6.8238	7.0373	3.3572	3.9202	3.4709	3.3851	3.4184	8.1267	8.8693	3.3669	6.1363	6.2983	6.998	4.6112	3.2091	5.7931	3.2291	9.5323	4.7044	3.1101	6.8836	10.1166	5.9646	7.5299	8.0032	3.6763	5.1243	3.733	6.1352	9.0577	7.3809	7.9179	9.511	9.895	8.4165
EA_G__GDF15	8.7068	7.1724	5.6526	5.962	9.4267	8.161	5.4139	4.8212	5.2088	5.2556	9.4947	5.5548	5.304	5.3912	8.6846	5.6073	6.0021	4.7668	5.3299	5.2659	9.0769	6.3475	4.9128	10.0786	6.8564	5.8438	6.2679	5.9322	5.7552	5.5337	5.7553	6.3737	9.3912	6.9215	6.5323	8.1624	6.3288	8.3241
EA_G__NPNT	9.7175	4.796	4.7201	6.5012	7.8917	4.441	10.7625	8.1607	5.8982	4.3833	7.3872	11.8091	11.6626	8.443	5.5542	8.6324	7.036	4.1383	8.539	4.1836	8.2778	7.9445	9.2354	8.4311	6.7171	10.0655	8.3994	6.4436	3.8952	5.0532	4.2828	7.6355	5.4506	5.7851	6.7138	8.0511	6.9318	6.0306
EA_G__MXRA8	6.1191	6.7694	6.3297	6.4558	7.8818	6.2704	6.2502	6.2307	7.7057	6.2399	6.453	6.3686	6.0808	6.0093	6.3004	6.2512	6.2578	6.0688	6.3549	10.1672	6.3027	7.0311	9.7514	7.2899	10.5625	6.2986	7.1936	6.8869	10.9536	6.3515	6.4133	6.5797	6.6828	6.5608	7.7171	8.3042	7.5477	8.1395
EA_G__ST6GALNAC5	5.9522	5.516	5.6332	5.5457	5.3218	7.7685	5.2248	8.5429	5.7012	5.7852	7.0975	5.2275	8.0197	8.2565	6.8828	6.238	9.2436	9.2887	9.1363	6.0635	5.8365	6.786	5.8298	5.8212	5.3974	7.3398	6.0806	5.9393	5.5472	7.7935	6.4576	5.5097	5.4934	5.7869	4.7809	5.1216	5.1008	5.7477
EA_G__SH3RF2	7.3729	6.0867	7.37	6.2286	5.9256	5.639	5.3667	7.43	6.1878	6.4714	6.1167	6.2721	5.2171	8.7813	6.9138	6.4435	6.5822	6.3956	7.0495	7.113	5.8152	6.4949	5.7632	6.5689	6.5312	6.7045	6.1989	5.8138	8.4877	6.646	6.2157	6.4112	8.1102	6.9071	7.2445	5.9877	6.7448	5.5621
EA_G__ME1	9.7735	9.4078	9.3851	6.5083	7.0281	8.4237	3.1365	7.2797	7.9076	8.9929	9.6001	8.2709	7.1567	9.1385	9.5668	7.792	8.4014	8.2729	8.3429	7.9079	8.3896	4.7532	7.6543	6.0116	8.1212	9.6163	3.9624	7.8627	8.7987	8.0325	8.8776	3.5062	10.1389	9.3132	3.3946	6.8196	9.1478	8.6228
EA_G__BMP4	6.759	4.9334	5.0114	6.0309	6.098	6.0715	7.1783	6.7259	4.6689	6.2272	4.4739	6.9521	5.1107	7.2095	5.0103	7.2881	5.2657	6.2001	5.1243	5.8727	6.7862	6.3408	6.9458	4.7369	6.0005	4.8624	7.5144	4.8065	4.6613	8.2492	6.0626	8.2262	6.6187	5.3941	6.9863	5.8698	5.6496	5.4777
EA_G__FLJ22662	5.6135	4.4291	8.2246	4.8535	5.1402	9.39	6.2443	4.5283	6.6027	4.1952	7.4806	6.352	6.5432	8.182	3.7977	7.7989	7.6519	8.1594	8.5424	4.4533	7.1795	4.684	7.6238	6.103	6.0894	10.6537	5.3317	6.9531	7.0047	6.9269	3.6518	4.3403	4.5238	7.1608	6.0079	6.3239	6.4946	5.1384
EA_G__SLC39A8	7.5069	5.2339	7.9614	7.0481	5.9744	7.7922	5.9074	7.5774	5.9204	7.8345	8.7128	6.1333	7.0918	7.9149	7.5197	7.5713	8.1024	6.6158	9.0195	7.128	7.1336	4.6784	7.0412	7.0472	8.6047	7.8042	7.489	5.4089	7.1187	10.3383	8.1133	8.1534	8.8371	7.8607	8.4558	7.6448	8.2974	7.7944
EA_G__RPS6KA2	7.2247	7.2512	6.4795	6.7426	6.0129	4.9791	5.3537	6.4925	6.9078	6.2883	6.2732	4.9725	5.8669	6.4346	7.5155	5.9798	6.8663	5.2436	6.5689	9.0315	6.8342	6.9687	5.1484	7.0255	6.9008	4.9655	5.6143	7.5479	5.5176	7.4256	7.175	7.7108	8.3379	6.5329	5.2178	6.7964	5.4018	6.1544
EA_G__FAM59A	7.1098	7.7905	6.5341	7.2024	7.3453	4.8712	6.68	5.9347	5.9744	5.6379	7.3743	6.2539	5.5819	4.9289	7.2641	5.9312	5.9031	4.8528	7.5857	5.9462	6.0759	7.2006	4.0473	6.5938	7.0464	6.7735	6.2219	7.0846	5.2325	6.4577	5.2007	6.2579	7.22	6.1833	5.4105	6.3264	6.358	6.649
EA_G__CKB	6.7564	8.415	7.1876	6.7638	7.8151	8.6024	8.9011	9.0014	7.0709	7.8112	8.0904	8.7487	6.6814	8.2067	7.4356	8.1285	6.9951	7.7235	8.1848	6.6182	7.745	9.1138	9.5121	7.14	8.7548	8.6406	10.6523	7.7758	10.0349	7.2008	6.8383	9.4566	8.4882	7.3678	7.6543	7.9767	9.4666	10.1107
EA_G__7A5	10.3607	8.9896	8.1824	8.3314	9.0219	3.2606	7.2942	7.6597	5.6095	3.7134	9.2592	6.5231	3.7622	8.3687	9.8414	8.9054	8.2759	4.0236	9.6757	3.4441	7.4974	5.2953	3.1486	9.6105	7.6718	8.5499	7.1	8.7273	3.9994	6.9247	3.9668	7.1495	9.2352	7.0569	8.1383	9.6843	7.3096	9.2036
EA_G__PLK2	7.5236	7.8727	8.5494	8.8925	8.5242	10.5128	8.5205	8.6085	7.4595	7.9545	10.1316	8.5336	7.8623	9.9297	9.543	9.8103	8.7463	8.8406	9.5894	8.67	10.4749	9.3449	9.7563	9.7828	8.7253	10.3724	9.3284	6.7134	7.406	8.4268	8.0216	9.6279	7.9646	8.9164	9.9098	7.2602	7.4777	7.7337
EA_G__AREG	6.2041	5.7836	6.7673	5.8584	10.9135	5.1731	6.7787	6.5017	4.8797	4.9522	6.8361	6.199	4.9694	7.338	7.7748	5.5203	5.7802	4.7099	5.6865	4.9715	5.9791	6.5608	4.6884	5.5337	6.7826	5.4017	5.6694	5.462	5.2824	10.2272	6.2371	5.898	6.5822	5.7593	6.9511	6.4223	6.0466	5.9556
EA_G__RAD51C	6.8606	4.935	6.7649	8.5637	5.8431	5.7975	7.0133	6.7198	6.1266	6.765	6.9505	7.073	6.4052	6.7	6.7522	6.4426	6.4353	6.9924	6.4504	6.032	8.8987	6.8283	7.2504	5.918	8.1751	5.6679	5.7756	4.7278	7.4921	6.206	7.2721	6.2036	6.6002	6.2317	7.1679	7.1046	7.3229	8.0509
EA_G__RORC	7.6294	7.8594	5.6786	7.0519	7.5726	5.514	5.6777	5.6198	6.0853	5.5107	7.422	7.2508	5.5734	5.5921	6.1229	6.9352	5.5364	5.4595	8.2631	5.482	7.2834	6.8486	5.1718	7.0259	5.6745	5.7574	6.3865	6.4728	5.2525	6.2949	5.6901	7.2421	6.84	6.987	6.9613	8.9875	7.1181	6.3763
EA_G__ITGB8	7.0563	4.3345	6.4719	5.1465	5.9577	4.0873	4.1401	7.5286	5.774	5.2072	5.7826	5.2163	8.4625	7.234	7.3067	4.659	6.9491	5.0819	7.6877	5.151	4.6015	4.2081	5.1207	5.038	4.6954	4.9463	4.3102	4.6555	5.4208	9.0265	5.8961	5.499	7.0729	4.6554	4.8433	7.1037	4.1332	4.4104
EA_G__SYK	6.4062	5.9849	7.3582	7.3327	7.0955	4.7423	5.0707	5.0835	6.2633	4.4833	4.4849	6.8967	4.6334	7.6245	8.463	6.9189	8.076	4.409	4.8371	4.7997	6.8805	4.6771	4.5247	7.3438	6.3931	4.4987	5.1463	7.264	4.8881	4.8966	4.8173	5.6372	7.2579	7.2591	6.9358	5.5448	6.3764	5.6168
EA_G__DHRS2	4.826	12.6045	11.3429	10.9225	6.4126	4.7951	4.9841	5.0026	4.1419	5.2133	9.4922	7.8911	4.6987	6.6305	6.1002	6.6271	7.6348	4.3533	4.9997	9.4494	9.8142	5.6673	4.3182	9.6429	11.2132	5.0481	5.6525	12.2474	4.5827	5.307	5.0884	5.0364	5.5179	5.5243	4.9878	5.1772	8.1213	5.7559
EA_G__GOLM1	10.6542	9.0879	7.7912	5.8713	8.7354	8.8955	8.0444	7.6119	8.1742	7.5186	7.9766	6.1707	9.1269	8.6299	9.1326	10.6549	8.1552	9.0695	8.5263	7.877	6.2692	7.8674	8.7262	8.8045	5.7222	10.3887	5.4803	9.2732	8.3602	8.2085	8.6668	9.3781	9.3115	9.4594	8.5029	10.2388	4.8432	7.7427
EA_G__FMOD	9.9266	4.7456	4.3891	8.6309	4.5524	4.8797	4.254	4.4157	4.5959	4.4647	4.5711	4.2652	4.1456	4.33	4.4191	5.0278	4.4373	4.4526	5.1068	4.315	4.6832	4.2507	4.333	8.337	10.2266	9.4424	7.4642	4.7254	4.4797	4.8205	4.5904	4.1968	6.8222	9.5573	5.179	7.001	9.7217	5.579
EA_G__EDG2	4.8556	3.3359	3.6404	4.2557	4.4188	6.8165	6.3432	4.4746	6.534	7.7048	3.9111	3.8116	6.6588	8.5967	7.2909	4.6426	5.8024	6.667	4.1839	9.6511	4.5068	9.2968	10.0297	7.5476	6.2733	8.3355	5.6309	4.0072	7.897	5.2177	8.6128	5.2046	3.9829	9.2136	8.0528	4.9111	4.7246	4.3526
EA_G__B4GALNT3	7.1092	6.9649	5.6312	6.0981	8.3395	5.8707	5.7563	6.8101	7.5583	6.3181	7.2793	9.0251	6.5173	7.1566	7.3057	6.8762	7.7833	5.8952	8.2248	5.6841	6.0511	6.8191	6.0185	5.9964	6.3605	6.1138	6.6364	6.1034	5.842	7.6391	5.9322	5.8952	8.1763	6.2917	6.4298	7.3841	6.1195	6.4727
EA_G__MEST	3.7821	8.4329	7.4442	8.1036	7.8282	5.1585	8.0538	7.5372	8.5749	4.1282	3.9542	8.2015	4.1632	7.7725	6.9852	7.9736	4.1779	10.2616	3.9201	5.9893	8.0721	7.2051	8.4844	7.5944	7.3438	6.4017	7.9458	9.0529	5.6433	4.3579	7.0465	7.9342	7.6883	4.2239	4.1949	7.1188	7.7275	8.3201
EA_G__HIST1H3H	8.0395	8.3123	9.9021	7.9551	8.3334	7.9503	9.9355	7.9839	7.7339	8.6948	8.1968	9.514	5.0676	8.9289	8.4732	10.4743	8.0081	9.1569	8.4908	8.4286	9.1026	8.7539	7.6105	4.8362	10.4119	8.6725	8.9047	8.3972	8.2755	7.9758	8.375	8.8441	6.6582	4.9978	8.2214	6.5902	8.2874	8.3204
EA_G__ANXA6	9.5403	10.2549	5.6115	10.0897	10.6573	9.9198	10.6076	7.0747	8.8667	7.8835	10.4968	9.9311	9.8341	7.8549	5.8418	9.4955	6.6228	9.4176	7.7474	10.0034	8.9748	10.8691	10.874	9.8292	10.4059	10.9428	9.4529	9.9122	9.292	5.3617	8.9789	9.9186	8.2366	8.1745	10.4672	10.3688	10.1016	9.5833
EA_G__TPCN2	8.8521	7.9813	7.1748	7.711	7.6641	7.3829	8.7998	7.9965	7.8396	8.0192	7.5535	7.3698	8.9345	7.7012	7.3245	7.6544	7.51	8.149	7.223	7.2046	7.7043	9.9994	7.5842	9.0437	7.5978	10.3492	8.0264	8.0715	7.3931	8.0012	7.5193	7.3771	7.2979	7.8551	7.7114	8.1412	7.9299	8.8507
EA_G__UQCRFS1	8.4247	9.1541	8.7092	8.5241	8.3157	8.7372	8.8842	8.9143	8.9694	9.1175	8.8497	9.5548	11.7388	8.8995	8.4862	9.1597	8.7605	9.0682	8.6658	8.3043	8.6453	8.4456	10.4053	8.1237	8.2716	9.1169	8.2159	9.2396	8.8439	9.1414	8.7448	8.1971	8.3031	7.7902	7.99	8.4949	8.2694	8.709
EA_G__USP32	7.6271	6.0252	7.2596	8.7771	7.7142	6.9611	7.6102	7.0164	7.1632	6.6805	8.0627	7.6703	6.8973	6.6448	7.1184	6.7748	7.5601	7.8839	6.9035	7.2817	10.0265	7.6124	7.3508	6.6289	8.3495	6.5092	6.749	5.4122	8.3866	7.227	7.2609	6.4349	6.3523	6.7105	7.0182	7.4956	7.1167	7.3782
EA_G__ELP2	7.877	7.5061	6.8101	8.7136	8.8476	8.2687	7.9951	8.4039	8.566	8.8814	7.7643	7.8636	7.8812	6.6707	7.9701	6.9536	7.7596	9.7688	7.5378	8.4416	10.712	8.777	7.4294	7.2157	8.0415	7.1405	7.0794	7.4437	7.4657	8.5672	8.5041	6.8259	7.26	7.1466	7.8111	8.1716	8.7043	11.8522
EA_G__ZNF486	4.5816	7.0878	7.2297	7.1927	5.793	6.8734	4.4232	3.6427	4.2603	3.7728	7.781	6.35	6.4402	5.4276	4.1531	4.5009	3.6526	6.5268	4.5546	5.5434	4.1299	6.1025	8.033	5.19	7.2738	6.9093	4.6083	6.9688	4.5652	5.4232	4.2516	8.1507	5.6854	4.0817	5.6763	8.2316	3.6857	4.9399
EA_G__EPN3	8.6199	8.2278	8.0466	9.6436	8.7561	6.3758	8.069	7.4293	7.116	6.3802	8.672	8.7373	8.1351	6.843	7.7746	7.7472	7.1172	6.3093	7.9575	6.3471	8.446	7.6968	6.1877	8.7465	9.6115	8.2606	8.6589	8.2641	6.6755	7.3269	6.6283	8.2206	7.2364	8.4764	8.7652	8.4147	8.8978	8.7596
EA_G__ST3GAL2	5.1245	5.2182	6.5232	5.461	5.7091	7.5988	6.4466	6.0393	6.1556	7.2036	5.7459	7.7065	6.7122	6.1728	6.5381	5.6583	5.9653	7.54	6.4734	7.1447	5.275	6.6306	8.9673	5.7831	5.3718	6.8043	6.2369	5.6945	7.4105	6.2584	7.0882	6.2638	5.539	6.4992	5.8892	6.0176	6.7239	6.2097
EA_G__SIX2	7.931	7.2178	6.954	6.9673	6.5052	8.0431	7.5682	7.0606	6.9707	7.7824	7.6922	6.8737	7.9259	7.721	6.7955	6.7978	6.7602	8.166	7.5262	6.7806	7.493	7.41	8.2643	8.3103	7.8173	6.5321	10.4488	7.1668	7.4712	7.8359	6.8693	8.2884	7.586	8.6373	6.9871	7.7322	6.8724	6.6557
EA_G__DGKA	7.433	4.4751	6.2646	5.3974	7.4241	6.2792	4.3122	6.5983	4.6969	6.6392	5.6883	5.5778	5.0049	7.7338	4.6749	4.6922	6.892	6.0061	7.839	7.1502	5.6762	5.7356	6.4423	7.7294	7.3961	7.82	5.9852	5.4855	6.732	7.4715	7.0566	5.9385	7.5065	8.9425	7.8377	6.8881	6.7272	6.9672
EA_G__CASKIN2	7.6011	7.3359	7.6148	7.5427	8.1321	7.0714	7.8006	7.509	7.4029	7.4591	7.2616	8.3236	7.3482	6.8615	7.0004	7.2135	7.2855	7.1834	7.3138	6.7536	8.6303	7.0034	7.2135	7.6133	8.7965	7.2082	8.7073	7.608	7.3409	7.3259	7.1055	7.4963	7.711	7.4028	7.4153	7.9668	7.9551	7.8924
EA_G__A4GALT	5.7224	5.8089	6.1913	5.7502	7.6522	6.7222	5.4072	8.7285	5.9331	7.7788	6.5144	9.8981	6.3584	6.1284	5.7258	6.3435	5.7712	5.9156	6.088	6.0808	7.4518	5.9053	6.4745	6.4087	7.1119	6.1523	6.0566	5.8012	6.3533	6.6638	7.4512	5.9948	6.5881	6.8593	6.5861	7.9469	5.4932	6.1123
EA_G__ID3	8.6637	8.7567	8.2871	5.7685	7.4438	9.4338	9.0323	7.5827	7.4201	8.5902	9.1811	7.0131	6.3124	9.1004	7.5789	8.559	8.2351	10.2381	8.8913	8.7089	8.4088	8.5196	8.292	8.8033	8.0057	10.8247	8.3927	9.5854	6.7457	10.0836	9.5694	7.3623	8.5996	8.1312	7.3736	7.889	7.0466	8.4828
EA_G__SECTM1	9.308	7.7626	6.1433	6.4991	7.1372	5.4408	6.695	7.2996	6.0516	7.0802	5.3865	5.8299	8.1885	5.8766	7.277	5.659	5.7359	5.6122	8.0082	7.2774	5.984	5.3917	6.2122	6.2113	5.6221	5.5241	7.2426	7.7067	5.7317	8.1738	7.4491	5.898	6.9697	6.3637	6.674	6.3723	6.4831	8.8253
EA_G__SERPINA3	7.1642	6.2177	6.0548	6.1217	10.7679	4.5974	4.6526	7.2069	5.2839	5.7238	4.8075	7.73	8.916	6.2128	7.2437	4.5667	10.8451	7.5614	11.2599	4.8088	9.7436	8.8367	5.4273	5.3343	6.8694	4.8506	5.4777	5.6327	5.7561	7.2209	4.8189	6.2909	8.8691	7.9501	7.1982	10.398	4.7585	6.6997
EA_G__PDGFC	6.2406	5.2252	5.8828	4.5988	4.6285	6.9602	4.254	6.6341	6.9329	6.5961	5.683	4.128	4.3127	5.6638	7.0851	6.1259	5.5105	6.0058	6.6886	6.8017	4.408	3.7897	6.6632	4.9434	5.6458	4.57	5.3536	4.9157	8.2663	6.9944	7.0339	3.9536	7.7297	5.2456	6.1582	3.8801	5.4219	5.5455
EA_G__KRT13	6.9552	7.2847	6.701	6.1001	10.33	5.8539	5.749	6.2374	5.8131	5.8504	5.8338	8.2877	5.8424	10.2844	6.4656	5.958	5.8992	5.5661	5.9554	5.8534	6.0885	5.618	5.3836	6.2938	5.6344	5.7481	6.6622	7.0171	5.947	6.2364	5.6979	5.7858	5.9224	6.0699	7.0802	6.0486	5.977	5.6948
EA_G__TRIB2	6.3251	7.4633	7.6453	6.9795	7.3305	7.0461	6.2604	8.149	7.1774	8.8205	6.4106	4.9665	8.0469	7.8377	7.5341	8.184	7.7129	8.4184	8.9656	8.5709	6.1722	7.1005	8.9665	7.2008	6.833	8.5039	7.8125	6.8634	7.1566	6.2633	6.061	7.5797	7.083	6.4467	5.2126	6.9588	7.4249	7.903
EA_G__PLEKHA2	7.1913	6.803	7.5548	6.5699	6.9505	7.0212	8.056	6.1693	6.8387	6.144	5.8322	5.3397	6.7633	6.7739	6.2636	7.5654	6.2065	9.2582	6.7399	6.4447	5.9849	8.7015	8.2691	7.2099	7.1486	6.7822	6.1039	6.6202	8.0243	8.0466	8.578	6.8361	6.786	8.7067	6.925	6.6464	6.2896	5.8709
EA_G__TGFB1I1	6.881	6.4663	6.6397	6.8029	6.5888	9.4417	6.5277	7.127	6.666	7.3622	6.6124	6.4412	8.1362	7.1815	6.5382	7.2284	6.5412	8.601	7.4834	9.5542	7.0097	7.226	9.2389	7.6378	6.4864	6.5355	7.5049	6.8377	6.8156	8.2448	8.4756	7.0859	6.9208	7.4535	6.8739	7.1977	6.8266	6.8368
EA_G__KRT6B	5.9665	6.0994	5.8116	5.5577	5.8059	5.3078	5.5672	11.9954	5.9931	8.7915	5.7222	5.9716	5.6386	7.1274	6.4871	5.8183	8.5156	6.2271	9.2072	5.3215	6.0416	5.4281	5.4047	5.7401	5.5949	5.1991	5.8816	5.703	5.219	9.6538	5.5815	6.1517	7.4943	5.6991	6.0661	6.0697	5.5985	5.8874
EA_G__ABCD3	8.0706	8.5544	8.1513	7.6145	8.5018	7.8171	8.6562	7.2693	7.5809	8.6903	8.75	8.8656	8.5035	8.9051	8.1507	7.9655	8.0947	8.2058	8.9356	8.0793	7.1561	9.1548	7.6698	7.2648	7.6617	9.0646	7.2414	7.932	7.7466	8.6189	7.6636	8.5949	8.3414	8.0512	7.576	7.7226	7.1523	7.1825
EA_G__LRIG1	9.1612	8.4644	7.5392	8.7042	8.5962	7.0764	8.4047	7.6769	8.3325	7.3526	9.3453	9.2857	7.6133	7.9605	7.5204	9.2238	7.7319	6.9662	7.6377	8.0083	7.9151	8.2763	6.6753	9.1526	9.4991	6.4779	9.8144	7.5698	6.9521	7.7575	7.6009	7.4641	8.9085	8.3308	9.4649	8.0402	8.882	9.1154
EA_G__ABCC2	3.6331	7.4715	8.1193	7.9082	6.3848	4.4975	4.8232	4.6653	3.5896	5.1058	5.6607	4.9603	4.4145	5.2968	7.8134	4.0107	7.3457	4.0064	3.6374	4.3962	4.3731	3.849	4.6094	4.8797	10.1734	7.0615	4.2	6.1408	4.0775	4.7021	7.8903	5.0043	8.7158	5.3143	4.486	4.224	8.8068	4.9605
EA_G__HIST1H4F	9.3096	10.1766	6.6891	6.5893	6.1192	6.0342	6.9893	6.2196	6.8731	6.789	6.1668	6.2814	6.5782	6.2046	6.3489	6.7268	8.9075	9.4822	6.246	5.4877	8.3599	6.3555	9.5996	8.6101	6.5338	9.9472	7.8608	9.833	6.1433	5.8144	6.5602	6.362	5.685	6.2002	8.1842	5.9407	6.568	6.1126
EA_G__DNAJC15	6.9118	6.9937	2.6658	7.7077	7.0135	8.308	7.1935	6.3444	5.2438	6.7721	7.1606	6.1003	6.7324	7.1365	7.1778	7.2713	2.617	7.7351	6.837	7.2589	7.2035	3.5344	7.4094	5.5272	3.6009	9.1076	6.7994	7.3359	8.0468	7.6206	7.172	5.3105	7.1944	5.8382	6.0935	7.0449	5.3177	2.431
EA_G__GFRA1	4.3521	4.1412	4.1306	5.4443	10.8364	10.5529	7.342	4.1267	9.2337	4.7233	4.2298	5.6427	4.5953	5.9682	4.5526	4.3998	7.365	7.0256	4.3539	4.3863	10.8982	6.6614	5.6593	5.4338	9.6117	7.3103	5.0388	4.5726	4.6636	4.5616	4.5873	4.644	4.4514	4.9426	4.8111	4.3584	4.6337	5.7545
EA_G__SERPINA1	8.4084	6.0914	5.1733	6.926	8.1427	4.8651	4.5021	5.2038	4.6022	5.1433	4.7795	6.7707	5.5588	5.508	4.7926	5.0654	5.4058	4.9145	5.1516	4.6727	5.3772	4.9932	4.8065	5.1902	8.3465	5.8342	5.5057	5.5763	4.8264	5.8225	5.1528	5.5648	6.2194	6.9738	8.3627	7.8604	7.3305	5.8752
EA_G__ASH2L	8.3695	7.5032	8.8317	8.7541	11.3249	9.0738	9.9881	7.9064	8.8671	8.6079	8.9691	8.9276	9.3402	8.3893	7.9697	8.6524	8.3482	9.6057	7.7414	8.9074	8.1755	11.392	9.0545	8.5777	9.2976	8.2044	8.7109	7.7592	7.9237	8.0788	8.1687	9.0115	8.2323	9.8576	8.6394	8.8618	9.9775	9.9512
EA_G__MET	5.2919	8.4888	9.8576	6.907	6.8321	8.3625	3.2377	9.2522	5.3249	7.5857	3.2698	6.3495	6.1792	9.18	9.5533	6.3674	8.9764	6.0304	8.9068	9.9443	7.1523	4.6219	7.3588	5.4183	7.5613	6.2826	3.9662	7.0874	9.5923	8.4591	9.0204	5.2276	7.3053	6.7738	4.1065	3.6661	5.8882	4.1216
EA_G__MEX3A	6.9085	6.1795	5.701	6.7054	8.166	6.6277	7.1697	5.6068	8.748	6.6212	4.9417	5.7638	7.7913	5.7301	5.8253	6.9167	6.2928	7.4725	6.6572	5.8291	6.7018	6.6933	6.635	6.7528	5.7599	5.5121	6.199	6.6456	5.51	5.887	5.9952	6.5633	5.9186	5.6607	6.2936	6.2476	5.9397	6.663
EA_G__RHOBTB3	6.8543	6.5474	7.4704	5.4411	6.1739	7.0789	7.5618	4.4781	5.2445	7.2688	6.5487	9.8641	7.4908	7.8144	7.5197	6.9526	6.6402	6.8244	6.9868	7.0553	7.6878	7.5053	6.8792	4.5866	6.1834	8.5237	3.908	6.9359	7.1391	7.2233	7.0365	7.012	6.6676	7.2343	5.2581	7.6606	5.5109	4.7252
EA_G__TP53	5.7292	8.0697	9.7741	9.491	8.7114	11.1255	9.1072	10.6802	10.468	10.2335	7.4818	9.4006	6.1339	6.3833	9.6285	9.4924	6.6471	9.2941	9.5478	8.7205	9.6663	8.1214	6.0538	7.9739	6.9703	8.6801	7.4081	8.8461	9.8908	10.5753	8.4554	6.6962	9.7631	6.4265	9.2768	9.1729	8.2932	9.1528
EA_G__FAM83A	6.2667	9.2665	6.9613	6.4079	5.4584	5.1123	5.3789	5.0616	9.4749	5.205	6.0218	6.385	5.005	7.37	6.5828	7.5888	5.9004	5.0462	6.8265	5.0033	5.9803	5.2402	4.9435	5.8912	5.7117	4.9014	6.4144	6.7959	5.5079	6.2875	5.5004	5.4083	5.8496	5.8332	5.7875	5.6898	5.2744	5.1521
EA_G__PEG10	7.5938	8.4237	4.9697	9.4047	10.8894	9.8295	5.0635	4.9456	6.4695	8.2184	10.4563	9.4316	10.9411	8.226	8.4791	10.7977	9.6944	8.2742	7.3161	8.5317	4.9175	9.4605	10.6777	9.8791	9.049	5.9308	12.1461	8.6123	8.2909	10.2006	9.5417	9.8494	5.6315	7.8759	9.1193	9.7808	6.7363	7.7367
EA_G__TSPAN12	8.1459	4.8065	5.8963	7.7101	6.1921	4.3818	4.2948	4.7016	6.0141	4.4727	8.3821	5.7973	5.0621	4.4833	5.7382	8.3077	6.0146	4.17	5.5669	4.8314	5.8543	4.838	4.91	10.0466	8.0057	8.1337	5.1424	5.347	5.4176	6.1065	4.1776	9.0237	6.801	6.3377	6.1741	6.5665	5.9616	6.0829
EA_G__GTF2H2	5.0168	6.2007	6.1545	5.4935	6.4197	7.134	7.0588	5.2525	6.1047	5.9034	6.7451	6.7485	5.7983	6.458	5.5018	6.5077	6.2479	6.4542	5.9592	7.1931	6.3349	5.6664	6.2029	5.0151	4.5368	7.9252	4.7259	6.7036	5.6078	5.7591	8.0914	6.4786	5.2863	6.4758	6.9225	6.3934	6.5748	6.2038
EA_G__PKP2	6.7495	7.5495	8.6533	7.7015	6.9657	4.7456	7.4996	8.2026	6.6322	5.3578	6.7218	7.065	6.41	8.1324	7.2123	7.5238	8.6177	4.7553	7.1983	4.4923	6.4169	6.5739	4.4958	6.8716	7.5323	6.088	5.4561	7.1349	5.0147	7.1472	5.3546	6.9558	8.4247	7.5975	7.0049	7.4082	6.4209	6.8372
EA_G__DST	5.7695	5.6314	6.6489	5.8496	6.8365	6.522	5.4187	7.8516	4.2306	7.0187	7.1174	7.453	5.4133	7.5451	7.2884	6.3799	7.9233	6.8408	6.4526	8.5037	5.7353	5.4619	7.1812	6.4687	7.1402	8.3095	5.1303	5.9384	9.1508	6.632	8.1101	5.6277	8.0696	6.6125	6.5333	5.4791	6.8436	5.1731
EA_G__SAT1	9.6344	7.1856	7.0784	8.5647	5.7801	6.2256	5.0978	6.9633	5.0015	5.936	8.7038	5.3289	6.1538	6.9544	7.7947	8.9141	9.673	7.1432	8.4228	5.6257	6.2945	7.3281	6.9265	8.3603	8.3079	7.4734	4.8276	6.5373	7.3396	8.7211	5.0473	5.2257	7.5962	9.3788	7.7302	6.4651	4.7563	7.7445
EA_G__PLCB1	6.4221	5.2373	4.0511	6.0303	7.481	6.0417	3.957	6.6046	6.021	6.8197	4.0873	6.3016	6.6798	4.0717	5.9303	4.4982	4.7203	8.1615	7.4687	8.739	7.8823	4.3357	4.3	6.0516	4.7943	4.8304	5.7997	5.8301	5.7799	5.2577	4.1843	6.0416	6.7266	6.5736	7.0923	7.5776	4.5869	5.4937
EA_G__FAM83B	6.3988	4.2489	8.0882	7.5482	6.1591	7.1767	8.1613	8.9338	7.3558	6.2679	8.1672	9.0873	5.885	9.7395	9.0246	4.7067	9.3121	4.5395	8.5196	4.3005	9.9937	5.4213	5.593	7.5611	10.6464	7.693	6.9275	5.2107	4.5717	8.9613	4.6842	8.0655	8.6428	7.971	7.8105	4.9443	9.305	8.0142
EA_G__CRABP1	4.8226	5.1661	4.8173	4.9957	7.7027	4.9595	10.7418	4.8742	4.8406	4.564	5.0847	4.6772	8.4409	6.756	5.0858	5.3617	5.5451	4.3649	5.7906	4.9128	8.0664	9.4595	6.9542	9.1514	7.22	6.4765	5.9732	5.6534	4.863	5.1217	4.772	5.0576	5.023	5.3886	5.7072	9.7499	7.0687	5.8284
EA_G__CLDN7	10.3636	9.85	9.5351	9.1398	9.5023	4.9542	8.5019	9.5597	7.8989	5.1904	8.7904	8.7569	5.6529	8.8823	9.2868	9.5516	5.3683	4.8213	10.2479	4.9616	9.6298	8.4191	5.1725	9.2856	8.4469	8.9547	8.636	9.9421	5.3195	9.7626	5.5576	9.5302	9.8079	9.8201	9.0307	8.823	9.1229	9.5994
EA_G__EFEMP1	8.9932	7.9469	4.1539	5.1865	7.8477	9.5279	9.8558	10.6762	4.3132	6.7744	5.8441	8.2369	4.4974	8.8237	7.8833	9.5514	9.4495	10.4554	9.7036	7.9544	7.2431	4.2682	10.2084	7.8036	6.0749	8.1426	4.4023	9.074	4.0759	10.5316	9.6474	10.1493	7.0303	4.5549	9.4677	7.1217	7.8647	5.6764
EA_G__ELL2	6.8523	5.9738	8.4801	5.4848	6.3876	9.0239	5.5223	7.8213	6.2642	7.1177	7.3842	5.1636	5.7827	7.7394	8.4219	7.63	8.1983	8.1004	6.8832	8.7843	5.4662	7.4627	7.4624	6.6419	5.8231	9.4469	6.9037	5.7191	7.9853	7.358	9.1605	9.5203	7.4441	6.8344	5.428	6.024	5.6388	5.8718
EA_G__DLG5	8.5367	8.2051	7.6128	7.6054	7.9137	7.4257	7.389	7.1702	8.661	7.0411	7.5975	8.4243	6.8348	7.2262	7.4377	7.5578	7.6163	7.1961	7.3677	6.5017	8.3969	7.8307	7.1467	8.2111	8.1074	8.0102	7.7634	8.54	7.7252	8.865	8.3913	8.8652	7.819	8.1331	8.281	7.9264	7.9025	10.8081
EA_G__GRAMD2	6.7449	9.1627	8.8006	8.0119	6.578	4.9204	4.9565	6.129	5.2142	5.124	7.5184	7.0826	5.0351	6.8372	8.0838	7.0011	5.7249	4.6843	6.2288	5.1823	5.56	5.023	4.8118	5.774	5.5525	5.2362	6.784	8.6722	5.4089	7.3875	4.8997	7.5718	6.4928	6.5344	5.6594	7.2598	5.4708	5.0695
EA_G__CDCP1	8.534	6.3089	8.9565	8.0251	7.65	4.5396	7.6241	9.0594	7.5934	5.7738	6.733	7.5561	6.2779	9.1124	8.9327	8.5008	9.5947	6.558	8.4237	4.6847	5.1655	8.1914	4.6864	7.5262	7.9998	6.7411	8.0166	6.3926	10.3823	8.3255	9.0246	5.3489	7.6336	7.2998	7.685	8.3503	7.7927	7.2571
EA_G__C1orf181	6.0922	6.8042	6.9163	6.2983	6.4502	7.5148	6.2355	7.2417	6.3709	8.0289	6.8713	6.4078	7.3561	8.3549	7.1615	6.9633	7.1618	9.3678	7.1704	8.0049	5.9378	7.2237	6.9216	6.434	6.4776	7.2327	5.7429	7.3017	8.0185	7.5216	7.3962	6.9983	7.1642	6.34	6.8331	6.3512	6.2779	6.1141
EA_G__GGT1	7.5575	8.3568	6.9163	7.1065	7.2693	5.3711	7.6542	5.7143	6.1119	5.8255	8.3686	6.7667	5.8302	5.5974	6.1793	7.0078	6.4158	5.6441	6.8205	6.8466	6.3007	7.403	6.0052	7.7936	9.9959	6.1859	7.8444	7.6843	6.2313	5.996	6.5788	5.9141	7.6846	7.3051	6.8609	6.8846	9.633	5.9641
EA_G__ITGA2	6.9104	6.4964	8.3037	5.442	7.7695	3.3115	6.1343	6.6983	6.1472	3.8311	3.3803	8.3774	5.3914	9.2308	9.3599	4.8736	8.8171	3.6941	8.1488	8.2478	7.4398	5.4654	3.6223	7.8104	6.8769	8.4765	5.9977	6.6612	4.2884	7.1048	7.1423	8.9924	7.7279	6.7438	7.0402	6.9343	6.9968	7.1523
EA_G__ATAD4	8.9675	6.5076	5.3802	8.0263	8.0542	4.5523	7.5399	8.0394	5.9508	4.8296	10.7967	7.4212	4.1336	4.7596	5.2565	8.0676	5.5651	4.2357	7.043	4.1056	7.5689	6.5886	3.7982	8.0822	9.0888	8.2291	7.5073	7.1289	4.5322	5.1374	4.3119	7.2446	7.4827	9.1193	7.2602	7.8865	8.9783	8.279
EA_G__ZNF772	3.4741	5.9614	5.8263	6.1535	7.5782	6.4878	6.043	6.5578	6.4763	5.906	5.4749	7.9019	5.5932	7.2329	4.4548	5.6856	6.1812	7.0567	5.7735	5.8018	5.848	6.6473	5.9141	6.188	6.9224	7.2034	6.3847	5.7905	6.5167	5.7084	5.6054	6.7026	6.4004	5.5536	6.5342	5.1591	6.1564	5.6997
EA_G__IDH2	9.4084	9.0203	8.5981	10.3873	10.7588	8.0667	9.7965	8.2773	9.6941	9.8823	9.9588	7.8733	9.0831	8.6125	8.1028	9.1842	8.4942	8.9461	10.4002	6.776	9.9548	9.1699	8.3399	10.0707	10.4101	8.7147	7.8956	9.5364	8.6078	8.1004	7.7049	8.7028	9.0819	9.8275	10.3343	9.4696	10.5446	9.3732
EA_G__RDH10	9.1517	9.0883	7.5021	6.843	6.2959	8.3037	6.7244	6.7136	5.8555	7.8794	7.7617	6.713	8.219	7.7211	7.5158	8.3832	6.2322	6.3912	9.4819	7.3706	6.2381	6.2231	6.5457	7.55	6.8019	7.9099	7.6223	7.884	6.3739	5.7911	5.6833	7.5739	5.9952	7.5585	6.6152	7.9319	6.5493	6.467
EA_G__KRT14	6.3758	6.115	6.4382	6.0843	6.0342	6.0893	6.3292	11.4044	6.5649	10.3214	5.9201	6.1737	6.0123	9.4913	6.748	6.2606	9.212	5.8156	8.4846	10.1044	6.5085	6.2081	5.8259	6.5852	5.9269	6.4945	6.7564	6.5147	6.3258	7.595	6.0282	6.0932	7.3502	6.5879	6.4192	6.4347	6.3393	6.1049
EA_G__LMO7	7.6731	6.5284	5.8834	5.5825	6.1239	6.081	4.106	6.1256	4.5288	5.9374	7.3607	4.6904	4.8826	7.0428	6.5727	6.1652	6.0387	5.387	6.0907	8.0948	4.666	4.7513	6.0843	7.3314	6.8938	4.2532	4.6378	5.6083	4.7084	6.4778	5.7408	7.5781	6.9107	4.877	5.8103	6.4448	5.9205	5.7893
EA_G__TRAM2	7.4919	7.4497	7.1947	7.7429	7.2405	8.3778	8.3583	8.7676	5.9855	7.3391	8.2415	7.5937	7.8997	7.4105	7.6465	7.4326	8.3299	7.2095	6.8508	10.1703	7.4153	7.3019	8.4506	7.2469	7.9978	8.0145	7.3065	7.4146	8.1999	6.9641	7.2903	7.6341	6.5949	6.9516	7.3451	7.2498	6.8629	6.4375
EA_G__MFAP2	5.7826	6.4032	5.8835	5.9616	7.052	7.9288	5.6943	6.8463	8.2588	6.953	5.4328	7.2136	5.8401	6.7847	5.8888	7.0134	5.9638	7.7595	6.3354	8.4242	6.2912	7.792	7.3194	6.6679	5.7406	5.6681	7.0369	7.0438	8.2636	6.6736	6.0061	8.6836	5.9257	6.235	6.3832	5.7762	5.8864	6.4897
EA_G__NR4A1	7.0106	8.5142	6.4987	7.7492	7.3327	6.1782	6.5968	6.4658	5.8281	6.2776	7.4587	6.4468	6.6935	6.1826	6.3809	7.2553	6.2234	5.8215	6.1123	6.041	7.2685	6.542	5.7641	7.5251	7.1353	6.7565	6.7356	7.0525	6.0845	7.8922	6.6425	6.9256	7.2672	7.5309	6.7901	6.6764	6.9464	8.454
EA_G__INTS2	7.2151	6.7012	6.7113	7.2601	7.4253	6.4691	7.3178	7.4116	6.4775	7.149	7.3245	8.1638	7.1226	6.9457	7.2394	6.5345	7.4087	7.8691	6.0655	7.1747	8.9319	6.9755	7.7431	6.6139	8.5325	6.2997	7.3884	6.2112	7.546	7.0627	7.3497	7.3037	6.3364	7.8161	7.6856	7.5579	7.8745	7.6142
EA_G__GREB1	7.7266	5.1994	4.9872	8.065	9.9004	4.9192	8.3065	5.0069	4.9788	5.0048	5.6605	10.3094	5.0213	4.7545	5.1244	4.9551	5.1207	5.0989	5.1942	4.9357	8.8045	7.495	4.9269	5.5524	10.088	5.7659	5.3925	5.4098	4.7723	5.3523	4.9276	4.9994	4.9946	7.1014	8.7221	8.5094	5.2315	6.7104
EA_G__FJX1	8.3967	5.5806	6.0986	4.9649	6.9083	9.0274	6.719	9.9085	6.8217	6.0156	5.9123	6.1875	9.0239	7.8271	8.5625	7.6401	8.2594	7.1323	6.3296	8.4796	5.7965	7.8509	8.9907	7.6792	6.5637	7.2206	7.9145	6.3355	8.3063	8.4438	8.6121	7.8131	7.6374	7.4963	7.972	7.0963	6.8239	7.4267
EA_G__FAS	5.2964	4.3814	4.7546	5.5666	4.5598	6.8075	4.351	3.9808	4.755	7.461	3.7128	4.5233	5.2159	6.6827	6.6267	3.9523	6.3324	7.5096	6.4286	6.8271	5.2312	4.1912	6.2432	5.2975	5.0033	4.0033	4.6971	4.0116	7.1214	6.6558	6.8109	4.5431	6.5784	6.22	7.0896	4.4007	6.1656	6.8306
EA_G__MFSD2	7.2966	7.7164	6.0506	8.6138	6.477	6.0257	6.2412	6.2149	8.0212	5.8516	6.1562	5.419	6.3786	6.6083	6.4054	7.0198	6.887	7.071	7.4308	6.0344	5.7796	6.8238	6.7033	7.2184	5.9641	8.505	8.7674	8.0289	6.471	8.3094	7.1014	10.8495	6.757	7.2966	6.0039	7.0495	5.3309	6.8767
EA_G__HIST1H4L	11.1691	7.4853	8.4087	7.8753	7.3127	8.2892	9.1924	7.3384	11.8558	10.7578	10.7429	7.5552	7.6374	11.4434	7.9264	8.0713	11.5034	11.3114	10.6971	7.7063	7.6204	7.1825	11.3095	6.8386	7.5211	10.2608	9.6633	7.8799	7.5176	10.7647	7.906	9.8602	6.3437	7.606	8.0197	10.552	7.5638	8.3576
EA_G__TGFA	6.3629	5.5145	7.6284	6.1973	5.791	5.3757	5.4324	8.1416	6.3221	4.9146	6.4146	7.4134	5.2882	8.1292	7.6788	7.2032	7.1936	5.1957	7.2558	5.0225	5.81	6.5098	5.1393	6.0162	6.3208	5.4841	5.7603	5.7866	5.3489	6.6355	5.6539	6.6669	6.7139	6.6719	6.4806	6.862	6.463	6.1656
EA_G__SSFA2	7.9	8.0602	9.7001	7.5702	8.2629	7.7693	7.2627	9.1545	6.9718	8.4744	9.7091	7.8514	7.9485	9.3286	9.1135	7.8362	8.564	8.0507	8.5076	8.5876	8.2823	7.4516	8.5337	7.8215	8.2148	8.6012	7.4493	7.7685	8.9618	8.325	8.4449	8.3265	8.6295	7.735	7.4827	7.6748	7.8001	10.9545
EA_G__DDIT4	8.6783	7.2884	6.2069	7.442	6.1432	8.8269	7.2363	7.4689	9.2215	9.3694	7.2896	7.6924	8.8701	7.8393	7.7573	6.1376	8.5399	6.4766	7.6216	6.9436	8.9867	7.4689	7.2699	8.1477	7.9672	8.1268	8.6736	8.4196	10.2708	9.6827	9.0705	7.7182	9.1796	9.4159	6.8985	8.066	9.315	9.0621
EA_G__SLC16A1	4.1518	4.5175	8.7535	4.621	5.0518	8.3945	6.9479	8.2121	6.7131	8.0753	4.1803	6.0711	8.1756	9.6833	7.5445	4.3803	8.5633	9.301	7.8102	8.2915	6.3272	6.7496	8.5674	5.5971	4.7554	9.2031	5.243	5.3943	8.0807	8.4519	8.8065	6.2744	5.3618	6.7559	5.7245	3.8845	5.3972	7.3424
EA_G__BRF2	6.6475	6.2276	6.4428	7.0071	9.4145	7.2164	7.8488	7.1488	6.7196	6.3591	8.1825	7.3209	8.0953	6.3615	6.3304	7.0131	6.7187	8.2402	6.0198	6.7729	6.6157	9.5028	7.437	6.6202	8.153	6.7856	6.8661	6.5485	6.3313	5.8399	6.6518	7.0016	8.8859	8.022	7.1646	6.5129	7.7892	8.2845
EA_G__HEATR6	7.3025	6.2164	6.0827	9.2689	7.3956	7.1301	6.6588	6.9035	6.5789	6.843	8.5608	8.4039	6.8859	6.5932	6.5852	6.704	7.6907	7.7526	6.1136	7.0739	10.439	7.1498	8.2846	6.6177	8.5679	6.7043	7.0077	5.8606	8.1886	7.1329	7.5206	6.0586	6.6064	6.5455	7.4842	7.2993	7.4352	8.0134
EA_G__ST14	9.3704	10.0699	9.5095	9.4025	9.5064	5.3989	8.4103	9.1952	10.6256	5.1965	8.8454	9.6956	8.111	9.82	10.1543	10.002	9.6359	5.0132	9.7185	5.5207	8.8239	7.8911	5.3651	8.6958	9.328	8.803	9.6571	10.0178	5.6156	9.5955	5.7331	8.6079	9.2113	8.7602	11.0696	10.1267	9.1367	9.6422
EA_G__PNPO	8.7882	8.1562	8.3341	8.2753	8.9159	7.7222	9.2247	10.6234	7.8616	7.9387	11.3371	8.8667	8.2731	8.6054	8.5096	8.3666	5.1365	8.9765	8.508	8.3284	9.8038	8.6813	7.5153	8.7336	9.8215	8.2369	9.3371	8.0346	8.2333	8.4208	8.7819	7.4562	8.8604	9.2944	9.1859	8.9543	9.8133	10.073
EA_G__GPR126	6.8478	8.0341	7.8439	6.6201	6.7439	7.9196	6.9405	8.109	5.7541	3.8332	6.7778	6.4435	8.8443	7.4616	7.5043	9.3007	6.4323	8.5359	7.2764	4.4042	7.8803	5.5127	5.7475	7.123	7.1496	6.6251	5.4252	7.7016	4.9384	6.4364	6.2928	9.739	7.1248	7.3974	7.062	8.2171	7.2827	6.9298
EA_G__MUC5B	9.6932	6.4361	5.9022	6.9314	7.7404	5.8684	6.7346	7.1014	5.912	5.8945	5.7874	6.5453	7.6719	5.7623	5.913	6.0889	5.8992	5.7273	6.1171	5.8392	6.814	6.4839	5.7219	7.028	7.1666	5.8982	6.7563	6.287	6.0671	6.2929	6.0471	5.946	6.0624	6.3067	6.072	9.8801	6.2141	7.8827
EA_G__CDH3	8.0101	5.1951	10.147	6.9549	7.6188	5.4942	7.4115	9.5192	6.1488	5.5321	7.326	5.9178	8.1394	9.7129	9.9722	4.9294	9.4837	8.6547	10.7202	4.9418	7.8053	6.9777	4.5188	8.8797	9.6948	7.3427	6.572	5.1669	10.1362	9.5189	5.0787	9.3377	8.7663	8.4046	7.9019	6.3193	9.3828	8.6835
EA_G__KRT15	6.6447	7.3006	7.2444	7.5904	10.0685	4.6526	4.7242	8.7603	5.3217	4.7074	11.2798	6.6491	8.6675	10.2787	11.5355	6.6294	9.1835	4.323	7.0635	4.5703	5.4125	5.1034	4.2498	8.0252	5.8626	6.1464	4.569	6.5217	4.726	6.2376	4.6378	7.824	5.3929	5.7526	6.9139	5.7426	4.8536	7.2027
EA_G__EREG	5.0532	5.3759	8.6708	4.9849	5.4965	4.8684	5.0703	5.0926	4.8013	5.086	5.5058	4.9011	4.9719	7.1948	6.1416	5.2788	5.0953	4.7106	5.6875	4.8778	5.2925	5.2729	4.8486	4.9866	5.1887	5.172	5.8093	5.3422	5.1829	8.3569	8.3058	4.819	6.7746	5.42	5.1217	5.3123	4.9333	5.0928
EA_G__APOL6	6.746	5.8515	7.0023	3.9178	4.4778	6.5102	4.1502	6.6456	7.3032	6.392	4.4163	4.5239	7.0243	7.3936	7.636	6.3608	5.1484	6.5327	8.7211	6.4086	4.1977	5.0472	7.0424	5.3689	4.2165	7.3372	4.81	6.0351	4.9995	5.9265	6.0161	6.6903	8.6586	5.8541	4.7923	4.605	4.0734	3.9093
EA_G__ATP8B1	8.6732	8.5976	7.7002	9.9985	8.2739	8.1961	7.7017	7.7836	5.5933	5.1758	8.4255	8.1595	6.8932	6.3885	8.6495	7.2505	6.7173	4.7127	8.2731	9.4149	7.2851	8.0837	5.7108	8.0812	8.7586	8.124	7.6608	8.2479	7.0711	6.0493	8.112	8.9855	7.876	7.3947	7.0884	7.7625	9.0062	10.1866
