Cell lines	600MPE	AU565	BT20	BT474	BT483	BT549	CAMA1	HCC1143	HCC1187	HCC1395	HCC1419	HCC1428	HCC1569	HCC1806	HCC1937	HCC1954	HCC202	HCC2185	HCC3153	HCC38	HCC70	HS578T	LY2	MCF7	MDAMB134VI	MDAMB157	MDAMB175VII	MDAMB231	MDAMB361	MDAMB415	MDAMB453	SKBR3	SUM1315MO2	SUM149PT	SUM159PT	SUM185PE	SUM225CWN	SUM52PE	T47D	UACC812	ZR751	ZR75B
Response	1	1	-1	-1	-1	1	1	-1	1	-1	-1	1	-1	-1	-1	-1	1	-1	-1	1	-1	-1	-1	1	1	-1	1	1	1	-1	1	1	-1	1	1	-1	-1	1	1	-1	-1	1
EA_G__PPM2C	6.8303	5.9722	7.7697	7.6728	7.438	8.6017	8.5499	9.1553	6.737	7.8162	10.0805	6.7368	7.5476	7.6749	8.7905	9.442	7.8981	7.33	8.7959	6.844	8.9514	8.7395	7.4152	7.2127	7.1936	8.1894	7.0653	7.5908	7.1395	7.3435	7.4793	5.8525	8.2374	7.4353	7.6362	7.6471	8.0402	5.724	6.4073	7.4892	7.2866	7.1381
EA_G__MYO1B	6.8615	5.8133	10.7501	8.945	8.9788	8.7951	8.0103	8.3575	8.0004	9.5503	8.8665	7.959	7.7712	10.269	10.4487	10.9518	7.59	9.8555	8.4377	8.6697	8.274	9.5011	9.0457	9.1488	9.2139	9.7362	8.7937	8.4929	7.8878	9.3267	4.9158	6.4471	10.0282	7.5577	9.3042	8.7633	8.6803	7.6236	7.0142	7.2785	5.7675	4.6242
EA_G__TRIB1	6.0654	7.6744	7.3583	8.1414	7.6478	7.1402	7.0466	7.7068	5.744	7.5091	10.0096	6.0943	7.3652	8.6332	8.1202	8.4305	7.2159	7.5348	7.1922	6.9458	7.9489	7.2746	7.6339	7.6185	6.8488	7.7643	7.2685	6.0405	7.469	6.0243	6.9417	7.5015	6.9704	7.4809	7.0816	7.3701	8.6768	7.0623	6.3992	7.1432	7.0288	7.134
EA_G__GPRC5B	4.9745	6.388	8.1964	6.1617	6.2748	6.497	5.2667	6.0606	6.7039	6.2604	7.0809	4.8034	7.9743	6.8597	7.5867	8.3264	7.0387	7.6177	6.3867	5.3386	7.5323	7.0233	5.9088	5.3699	4.439	7.6679	6.8634	4.6996	6.5032	6.9632	5.7648	6.2546	5.117	5.209	6.388	6.478	6.2985	5.6048	5.5162	5.5363	6.325	6.1032
EA_G__TRIB2	6.3251	7.4633	7.6453	6.9795	7.3305	7.0461	6.2604	8.149	7.1774	8.8205	6.4106	4.9665	8.0469	7.146	7.8377	7.5341	5.341	8.184	7.7129	8.4184	8.9656	8.5709	5.2595	6.1722	7.1005	8.9665	7.2008	8.0863	6.833	8.5039	7.8125	6.8634	7.1566	6.2633	6.061	7.5797	7.083	6.4467	5.2126	6.9588	7.4249	7.903
EA_G__ITGB8	7.0563	4.3345	6.4719	5.1465	5.9577	4.0873	4.1401	7.5286	5.774	5.2072	5.7826	5.2163	8.4625	7.1158	7.234	7.3067	5.7032	4.659	6.9491	5.0819	7.6877	5.151	4.2771	4.6015	4.2081	5.1207	5.038	4.0543	4.6954	4.9463	4.3102	4.6555	5.4208	9.0265	5.8961	5.499	7.0729	4.6554	4.8433	7.1037	4.1332	4.4104
EA_G__SSFA2	7.9	8.0602	9.7001	7.5702	8.2629	7.7693	7.2627	9.1545	6.9718	8.4744	9.7091	7.8514	7.9485	9.9051	9.3286	9.1135	7.2166	7.8362	8.564	8.0507	8.5076	8.5876	7.3669	8.2823	7.4516	8.5337	7.8215	8.7472	8.2148	8.6012	7.4493	7.7685	8.9618	8.325	8.4449	8.3265	8.6295	7.735	7.4827	7.6748	7.8001	10.9545
EA_G__EXT1	6.9002	7.2851	8.0007	7.2317	7.4158	9.4078	6.2099	9.0509	8.0849	9.5899	7.5442	7.2337	7.5812	8.4481	9.2912	10.1238	7.8283	9.2087	8.4022	7.6371	8.1848	10.0477	6.7194	6.7105	5.5645	9.9259	7.4582	9.0962	7.2525	7.5283	7.3022	6.8852	8.3403	7.8279	8.393	7.9956	8.4691	6.9261	7.0398	7.4408	6.3569	6.7935
EA_G__ETV5	6.2865	4.3272	9.1423	7.3578	5.0088	6.9009	4.2365	5.8917	6.4816	7.5422	7.6289	4.0637	6.2938	6.6339	8.6748	8.1477	3.9975	4.5278	8.0022	8.106	6.3993	8.4113	5.8307	5.215	4.6177	7.0525	6.8419	7.8838	4.0658	6.391	5.5641	4.6071	8.3688	6.1142	7.3205	7.1489	8.6807	7.6779	4.437	7.0861	4.0131	3.8071
EA_G__DLG5	8.5367	8.2051	7.6128	7.6054	7.9137	7.4257	7.389	7.1702	8.661	7.0411	7.5975	8.4243	6.8348	8.0736	7.2262	7.4377	7.6469	7.5578	7.6163	7.1961	7.3677	6.5017	8.0798	8.3969	7.8307	7.1467	8.2111	7.1437	8.1074	8.0102	7.7634	8.54	7.7252	8.865	8.3913	8.8652	7.819	8.1331	8.281	7.9264	7.9025	10.8081
EA_G__KLK5	8.8612	5.7268	10.7442	6.0015	6.5371	5.7592	5.6518	9.3419	10.3177	5.8366	5.3934	5.4802	5.8684	9.1285	11.5373	11.1011	5.8646	7.6912	9.4852	5.6833	10.4309	5.7396	6.3454	5.8009	5.6215	5.6034	6.2514	5.7069	5.5741	7.0938	6.284	5.6274	6.8851	5.9581	5.7464	5.8626	11.8009	9.7617	5.9085	7.268	6.058	5.8419
EA_G__C1orf59	4.0462	5.9214	8.1364	6.4526	6.5184	6.7074	5.058	6.5967	5.0443	5.9141	7.5373	6.9685	7.3582	6.1121	7.7627	5.9695	3.919	6.7108	7.0974	7.7783	7.4766	6.0476	7.3421	8.0059	4.5237	6.7943	4.9224	4.0653	4.851	5.4037	4.7035	5.8239	7.009	7.441	4.2542	6.674	6.6878	4.8193	3.7379	7.1683	3.7184	4.4076
EA_G__CD44	5.0643	6.221	10.4901	5.8402	7.147	9.4203	5.0229	11.129	6.7431	8.6542	5.9841	8.2408	10.1261	11.6066	10.3665	10.8891	4.2923	6.5189	10.2825	8.6214	8.932	10.7718	5.0212	5.5111	8.1534	9.6122	6.1197	8.8998	8.3912	8.3341	5.0009	5.3355	9.4761	9.5375	9.1489	4.4169	9.289	4.2538	7.4487	7.7525	7.9545	4.4431
EA_G__TMEPAI	9.0313	7.6306	9.859	9.54	8.6064	6.2846	7.0365	9.0017	5.6839	8.1741	8.9912	5.7617	5.8511	7.0375	8.3055	9.528	7.79	7.3319	9.8654	7.7737	7.5938	7.1114	7.2926	7.102	7.431	8.911	8.2193	5.7113	7.5478	8.244	8.6251	9.7532	8.1357	8.1942	6.3423	8.011	8.9255	7.8324	7.4014	8.2315	7.8687	6.9058
EA_G__ITGA6	6.7446	3.5983	8.8761	6.6671	6.3461	7.6542	5.1661	9.2656	5.7846	8.5126	7.5573	5.6742	7.6857	10.5288	10.3204	8.9874	5.8986	3.6557	8.6883	6.2079	7.0879	7.2968	4.2723	3.9472	7.6904	6.793	5.9178	8.1442	6.6046	8.5089	7.7496	4.1794	7.3789	8.221	8.2275	6.6701	9.4133	7.5001	6.7193	7.6797	6.882	4.358
EA_G__RIPK4	6.871	7.9736	8.8248	6.8823	6.6219	5.4194	6.2606	10.003	8.1762	7.5466	7.2891	6.9524	7.4303	8.3576	8.4394	8.7878	7.6712	9.9231	7.5356	6.5099	9.3756	7.0701	7.7119	6.9846	6.5311	8.9101	7.3793	5.9776	6.4471	7.8051	6.7761	7.9128	8.2782	7.9023	7.0163	7.7812	7.66	8.2183	7.8609	6.3054	6.0498	6.4884
EA_G__RAPGEFL1	8.115	7.7646	6.1236	6.1232	8.7161	5.978	6.5795	4.9558	6.0299	5.6241	5.6552	10.077	6.4717	5.3366	7.5171	5.0197	5.3495	5.3794	5.4444	6.4008	6.1792	5.1847	7.0274	6.1289	8.0831	5.5754	7.4461	5.9926	5.5345	5.1585	5.0997	7.8168	5.8965	7.0462	5.6465	4.9533	5.2732	7.3086	7.7411	12.0503	6.1056	7.5132
EA_G__ARL4C	6.9231	6.4043	8.6446	7.8979	6.524	8.6542	6.5207	8.5419	6.249	9.5728	7.2395	5.713	6.9818	7.8644	7.5521	7.3938	5.5924	8.1788	8.3581	8.8294	7.832	8.4905	6.8551	6.4925	7.0841	9.064	7.1587	7.769	6.7918	5.7117	6.6629	7.184	10.1983	7.1131	6.0957	7.0154	6.579	7.5063	5.9402	6.3704	6.6452	6.0953
EA_G__GLS	7.4277	7.4228	9.005	6.9834	6.7626	8.2057	6.6295	9.1094	7.2106	8.9736	8.0475	7.609	9.5461	8.4018	8.6477	8.1178	5.0412	7.4503	8.7597	8.412	7.7883	8.4596	6.8403	6.6922	7.5002	8.8394	6.5709	8.5453	6.2814	7.2594	4.5529	7.0692	10.0833	8.7098	8.438	6.5093	7.0957	6.6458	6.6057	6.9638	6.5527	6.4748
EA_G__CALB2	8.0751	4.3682	9.4484	4.991	7.6983	4.5283	4.2529	6.6151	6.014	5.4987	4.9633	6.5905	9.8532	6.3751	6.9999	9.7141	4.72	6.0323	9.3111	5.3211	9.8956	4.8503	4.3033	4.8289	4.4451	4.5107	8.4755	5.5838	4.4435	4.3592	5.5252	5.0455	5.3978	5.355	4.3414	6.2369	9.2125	4.9478	4.5061	5.5055	4.6117	4.5077
EA_G__MLLT11	8.007	6.2008	6.3829	5.7109	6.3736	8.5988	6.3349	5.8992	6.8591	6.23	6.483	6.4591	6.2006	8.6925	5.9117	5.5161	7.3871	5.3775	5.7241	9.0878	6.1603	7.701	6.562	7.0744	8.2785	9.0157	6.1221	6.7845	8.4846	7.7671	7.8246	5.9092	7.6861	6.9994	8.4946	5.9528	5.1953	6.7688	7.357	6.6726	6.1401	5.5694
EA_G__GPC4	5.1104	3.5621	5.2864	6.2868	5.1995	3.7073	3.8111	8.8753	5.5451	7.9676	6.8208	3.8903	5.23	3.9947	5.3175	5.8796	4.2999	5.083	7.0786	4.5048	6.9533	4.8186	4.7221	6.6727	8.2116	3.5094	6.5707	3.6208	4.4385	4.4442	5.4234	3.7719	6.4853	4.2966	3.9069	7.6735	4.597	5.5025	4.9544	6.9826	4.2425	4.573
EA_G__RARA	7.7415	8.0728	6.8824	7.3062	8.5953	6.4986	8.1003	6.2955	6.8057	6.9795	6.9268	7.7523	6.3667	6.836	6.2488	6.8869	6.999	6.6594	7.1295	7.0633	6.867	6.4577	7.8228	7.5889	7.6497	6.7765	7.4975	6.4896	7.2241	7.3317	7.1561	8.2712	6.7798	6.8118	6.954	7.0002	6.822	7.1679	7.721	10.1923	6.8625	8.0987
EA_G__CA12	10.374	7.2275	4.013	8.3578	10.6613	4.4665	10.0681	3.8395	4.2274	6.9445	8.9946	11.4745	4.5173	5.784	5.8456	4.7064	9.3657	5.8182	4.881	5.4007	5.0197	7.2481	9.8496	8.5533	10.4266	4.9112	10.2303	6.35	8.8736	9.9468	9.5013	9.0564	7.9017	6.3439	8.7456	9.0545	4.6293	9.4214	10.2797	9.0996	8.3877	8.6511
EA_G__GSTM1	12.3907	7.3875	6.4235	5.9395	5.8015	5.6636	7.3839	5.0503	5.5683	4.8515	4.5177	5.4674	6.3215	5.9299	6.0055	5.3355	6.6074	5.2029	6.2608	6.4643	6.6106	9.7387	6.5492	6.8102	12.1719	5.6328	5.7427	7.707	5.7975	12.6051	6.8594	6.9397	6.0778	6.7558	8.118	5.4311	5.7086	7.3365	6.3787	5.9674	6.2534	5.4186
EA_G__CNKSR3	5.06	4.3108	5.5452	5.9153	5.1754	6.9733	4.262	7.7174	7.0384	6.7579	7.093	6.4602	7.8627	5.9133	5.4103	6.6012	4.065	6.5838	5.3453	5.8715	6.3588	7.1489	5.4549	6.0796	5.2304	6.9354	5.1829	6.2601	6.0659	4.2492	4.7517	4.5474	6.9434	4.9648	5.893	5.3603	5.9813	5.3887	3.7367	5.9269	4.9541	5.8512
EA_G__UCP2	10.2363	10.285	8.2709	11.4812	10.2832	9.2588	8.3161	9.0922	5.1597	5.635	8.7629	10.0147	8.4267	7.8566	5.8229	7.7685	10.2138	9.058	6.9909	9.0221	9.2994	4.0908	9.4679	10.1566	11.764	7.163	10.8198	8.852	10.0792	8.5645	9.8026	10.5439	6.8558	5.8204	5.2237	8.8212	8.3847	9.2589	9.7636	9.1878	9.807	9.3827
EA_G__SIM2	5.2337	5.5452	6.9366	7.3477	6.9961	5.594	6.0096	5.6802	5.4929	5.3808	5.6474	5.2043	6.7808	6.439	6.2371	6.2507	5.4209	5.5993	6.9258	6.0989	5.501	5.8066	6.6483	6.3292	5.8406	6.5449	5.6329	6.005	5.4195	5.7142	5.8448	5.5549	5.6659	6.4098	7.1111	9.2575	5.9567	5.5037	6.0602	7.299	5.5475	5.7124
EA_G__JARID1C	8.4727	8.759	7.6171	8.4412	8.5789	8.0786	8.2359	7.1037	9.3003	7.333	8.403	9.2775	8.0249	7.5312	7.6876	8.43	10.9831	8.0617	8.201	7.6305	7.498	7.1084	8.2853	8.0884	8.5646	8.7036	8.4773	7.0705	9.1277	8.7115	8.6377	8.4706	7.9191	8.0947	8.334	7.5517	7.4062	8.1892	8.0437	8.4209	8.2214	8.1412
EA_G__PERP	9.4157	8.4916	8.6392	8.7471	7.7395	5.253	6.4862	9.2823	9.4251	7.3117	9.712	5.6477	8.3126	9.9513	10.3279	8.8971	8.0849	10.1481	9.065	8.0827	9.5271	8.8947	8.6297	8.6221	6.9133	7.6294	8.8772	7.7237	10.1124	9.074	7.7316	8.5246	7.2959	8.2908	7.08	8.7225	10.1088	9.184	8.6028	8.5551	8.3092	8.8196
EA_G__SPHK1	6.2019	6.0133	7.6409	5.9695	6.5782	6.2615	5.9157	7.4702	6.4925	7.1143	7.9651	7.2006	9.3553	8.1467	6.9812	6.7649	6.272	6.4838	6.6512	7.3523	7.4162	8.1227	7.3185	6.866	5.859	8.3629	5.9905	6.9481	8.2196	5.8854	8.3769	6.237	9.9607	6.5234	7.504	6.9928	6.6624	5.9641	6.5613	6.5599	7.6237	7.4661
EA_G__ALDH1A3	8.1307	7.1477	9.9419	5.5462	5.1046	5.1706	5.5215	10.5997	7.9756	6.3243	10.1103	5.3869	5.9514	8.1333	9.9057	10.7197	6.5167	8.2221	9.5832	5.4772	8.5415	6.7888	6.6298	5.1017	4.9374	6.9108	7.7315	6.1897	5.2779	6.2757	5.6755	8.4467	5.2612	7.2848	6.2392	5.4542	7.7908	5.849	7.0659	5.5996	7.2203	5.9235
EA_G__SULF2	5.3616	5.4193	8.725	7.0811	8.8036	5.4425	5.5604	9.4019	5.0992	9.8476	7.1048	7.5228	5.8056	6.1078	8.5899	8.4503	5.319	6.7196	7.1836	8.0557	8.8791	4.9672	10.108	9.9574	8.4334	9.2032	8.2053	5.1993	6.8745	6.811	5.8584	5.4766	5.0596	6.4834	5.3034	7.4592	6.6309	6.1569	5.4137	8.8395	5.2181	6.5123
EA_G__ANXA1	9.3451	3.6072	8.2376	4.0476	6.3945	10.2017	3.5434	10.6675	5.6443	9.7178	5.7747	3.241	9.4661	10.3797	10.7509	10.8582	5.3532	5.1369	10.5083	10.031	11.0436	10.0326	3.448	3.7029	7.6301	10.0666	7.3355	9.9841	4.7581	8.4359	3.764	5.1137	11.0653	10.5969	9.902	8.9069	10.2567	8.2487	5.7561	3.9458	3.0291	3.6732
EA_G__PRKAR2B	3.6639	4.751	7.6397	6.673	7.3892	4.2612	5.5339	6.1629	5.6519	5.6035	7.3352	8.2984	6.7023	3.924	7.0818	5.0653	4.5253	7.3375	6.4084	5.38	8.6228	5.2452	7.008	6.7479	8.6709	6.3269	7.4685	5.5951	6.3291	4.8747	4.7273	5.1911	6.4866	4.6942	3.6612	6.1377	6.4419	5.7235	5.3886	6.9424	6.823	6.4128
EA_G__F2RL1	7.5229	7.0777	7.9743	5.6143	7.2969	4.8537	6.6298	8.6187	5.9766	5.6359	5.5217	6.1085	6.6712	7.492	7.5467	9.0517	7.0372	7.198	7.7225	5.8382	7.2931	7.3569	6.9353	6.8548	6.2075	8.8065	6.6745	9.1391	6.4667	8.1978	5.5016	7.1023	8.367	7.1334	6.0605	5.9872	7.295	5.7391	6.7029	6.6517	5.978	6.7769
EA_G__KLF5	8.5255	7.652	8.2589	7.684	6.6646	6.3332	6.431	8.9231	5.9599	7.4141	7.6071	6.457	6.4916	9.4332	9.3723	8.6798	6.786	9.0117	7.6384	5.8379	8.4817	6.7928	7.0684	7.0685	7.0022	6.5565	8.4969	7.2973	7.8222	7.8355	6.6541	7.7837	6.5118	8.0507	7.7208	7.6409	8.6968	6.7986	6.6995	8.0027	7.0105	7.3024
EA_G__PXMP4	8.0834	8.9046	7.882	5.2497	7.8843	7.8873	8.6164	7.7706	6.0246	7.3667	9.3589	8.5329	7.1034	7.101	7.44	6.2103	8.5107	5.7135	7.4931	7.5792	5.2531	7.1659	8.1338	8.2939	8.034	7.0092	9.098	6.47	8.0163	8.7127	8.6084	8.904	7.1319	7.7288	6.6909	8.0563	8.6365	8.1254	9.6272	4.7825	9.4987	7.5512
EA_G__CNTNAP3	4.7443	4.1172	7.4826	4.142	4.2774	4.4703	4.015	8.0846	5.1941	6.7583	5.2287	4.0007	5.202	8.2941	7.786	6.8538	4.3365	6.649	8.3716	6.6659	5.9434	8.7955	4.3218	4.2363	4.0633	4.9848	5.1048	6.3487	4.1745	3.787	5.552	4.4674	4.3541	4.5422	4.9346	4.1382	5.3206	4.7668	4.6038	4.1425	5.8202	6.4722
EA_G__KRT16	6.4819	6.2502	7.9911	6.2564	6.5397	5.9624	6.8931	10.0834	7.5327	7.5744	5.6049	5.8852	6.2645	7.9418	10.9205	7.8769	6.2983	6.6671	9.2256	5.8457	11.3685	6.8225	6.6504	6.4479	6.0967	5.8917	7.3288	6.0919	6.1947	6.6879	6.686	6.6472	6.5071	9.4578	6.1099	7.0204	10.5835	6.8104	6.2684	6.1316	5.897	6.0403
EA_G__KIAA1754	5.6979	6.2297	6.5357	5.8518	5.2852	6.9463	5.4686	6.2887	5.9089	7.0913	6.134	4.8143	5.9613	7.0933	6.3267	6.952	5.9693	5.6172	6.357	5.9586	6.7698	8.4302	6.1948	5.7878	5.2799	6.2668	5.807	7.5315	5.084	5.6017	5.8272	6.0504	8.4361	6.3043	7.7256	7.0121	6.5976	5.8607	5.6484	5.4141	5.5	5.3359
EA_G__TTC19	8.6527	8.2419	9.1502	8.8749	8.2278	8.7502	8.0066	8.9872	8.1973	8.8045	11.2654	7.9345	8.8368	8.701	8.9498	8.4536	8.1676	8.3788	8.8937	8.1428	7.8048	8.3982	8.0098	8.7224	8.0369	8.7694	7.8061	8.8368	8.2474	8.4269	8.5385	8.4692	8.3053	8.2343	7.9473	8.2896	8.1058	8.6106	8.0567	8.1428	8.3585	8.3437
EA_G__FAM114A1	8.5697	4.6273	7.2249	7.0132	7.2669	8.3277	6.7241	6.9198	6.2194	9.2098	8.5856	4.9727	7.0553	6.6427	7.0419	7.348	6.3856	7.5489	7.448	8.6982	8.5022	7.9607	6.6272	6.5231	6.5674	7.9671	6.9999	7.0661	7.7345	8.8432	4.6979	4.2656	9.1323	7.0262	7.5342	7.3642	8.5755	8.3261	7.029	6.7925	8.3748	8.3916
EA_G__DCBLD2	8.5471	4.4849	10.0473	7.708	6.5121	9.4737	3.6511	8.2451	7.0105	8.7746	8.1518	3.6162	7.8489	10.0058	9.1965	9.857	7.8921	8.0481	9.6844	9.6487	8.7991	10.7754	7.3132	6.7617	6.081	10.5443	7.7964	9.4729	7.8692	3.5968	6.9997	6.6151	9.3028	7.7366	9.0471	7.064	7.7637	7.4904	8.1841	8.5023	7.8199	7.5897
EA_G__C6orf145	5.4036	8.3998	8.4855	5.2388	7.33	9.3274	4.84	7.6627	6.9175	7.2514	7.2355	6.1149	7.5599	8.4464	7.8633	9.6262	6.116	8.7077	9.2521	7.4843	8.2029	8.7651	5.8759	5.2908	5.5396	9.2975	6.9192	7.5824	7.0897	5.7131	5.997	8.6844	8.3425	8.6219	8.6442	8.5776	9.1234	6.0272	7.1796	7.373	6.837	5.4988
EA_G__APOBEC3B	7.2748	2.4381	7.9352	8.3055	7.3443	8.2441	6.6623	10.1427	6.7805	8.8728	6.3942	6.455	8.3806	6.6707	8.7842	9.2429	8.9128	7.323	6.5672	4.221	5.4002	8.6776	5.881	7.475	7.3582	7.6135	6.9365	8.0777	7.5166	8.3532	7.8404	4.393	7.6028	6.2948	8.2245	7.9759	8.6403	4.4436	8.2439	7.2063	8.0971	6.7079
EA_G__RHOB	9.2793	9.3585	7.394	9.8896	9.3985	7.6395	10.3938	7.6986	6.9264	7.1127	10.2289	10.0866	7.0769	7.524	6.9368	7.9047	9.6821	8.7278	7.261	6.7834	7.1452	8.2823	9.565	9.2465	9.8531	8.3788	9.4573	7.5833	10.0124	8.9442	9.8377	10.0424	7.0709	7.9873	8.8352	8.6291	8.0375	9.0331	8.5103	9.1206	9.1928	9.4859
EA_G__FAM92A1	5.5302	3.478	6.5384	5.8483	6.4144	8.4157	5.1613	8.0287	5.1954	6.5926	9.1744	4.5411	7.7132	7.0833	7.3376	4.797	4.9067	5.1531	7.1769	8.6012	5.3043	7.7639	6.4938	5.9786	4.0925	8.9483	5.4059	7.7509	5.8867	5.4835	4.3822	3.5541	8.8524	6.8195	8.0827	6.5139	5.3158	3.813	6.5597	7.8706	5.3464	5.5177
EA_G__EMP1	7.3819	6.3911	7.2295	5.8153	5.7756	6.8032	4.0355	9.1487	4.3234	7.6364	4.3292	3.8499	4.3325	8.4222	8.4295	6.9615	4.8464	7.2113	6.964	5.7053	8.5989	7.4242	4.1604	3.8749	4.0779	5.7537	6.0598	7.2059	4.2582	6.4765	4.4231	5.8757	7.6785	7.6572	7.8355	4.3011	7.1448	6.9305	4.6827	4.4767	4.816	3.5023
EA_G__EDG7	3.5288	4.4323	3.7776	4.833	3.6421	4.0994	4.4359	8.0901	4.7853	4.2587	7.5858	4.5372	8.7229	8.8385	6.2848	7.9491	4.8138	7.1886	5.8772	8.0065	6.7514	4.7734	4.8484	4.6227	3.7346	7.5279	4.6986	4.394	7.0688	7.3179	5.3051	4.66	7.3759	8.3309	7.7085	4.3828	8.0393	3.5566	4.0586	4.1638	5.9133	5.8987
EA_G__ELOVL2	4.4509	4.6151	4.3309	5.704	9.5104	6.7806	10.4794	5.3619	7.6891	5.4073	4.5827	8.883	4.305	4.3237	5.0745	4.4337	4.4856	4.1933	5.8873	7.049	4.4812	5.4261	5.5976	7.0984	9.7788	7.7464	7.391	4.2232	9.6627	4.1122	4.6696	4.8449	4.488	4.8972	4.6371	4.6223	5.2547	5.3316	8.008	4.9692	5.4117	6.5635
EA_G__HS6ST2	4.5053	4.7789	6.3417	6.5333	4.4085	4.3813	4.4658	7.6866	4.3082	4.9848	4.5337	4.3372	7.6457	6.9806	7.1144	5.4027	6.1053	6.0676	5.8003	4.0594	6.11	5.2356	6.2487	5.6123	5.7669	4.1316	4.9413	4.2679	5.5731	4.3376	7.2249	4.5967	4.6303	6.0968	4.5167	6.9789	6.0189	5.8069	4.6388	4.5623	4.7357	6.0594
