Cell lines	600MPE	AU565	BT474	BT483	BT549	CAMA1	HCC1143	HCC1428	HCC1569	HCC1937	HCC1954	HCC3153	HCC38	HCC70	HS578T	LY2	MCF7	MDAMB134VI	MDAMB175VII	MDAMB231	MDAMB361	MDAMB453	SUM1315MO2	SUM149PT	SUM225CWN	SUM52PE	T47D	UACC812	ZR751	ZR75B
Response	-1	1	-1	-1	1	1	-1	1	-1	-1	1	1	1	1	1	1	1	1	-1	1	1	1	1	1	-1	1	-1	1	1	1
Meth__cg02537838__C20orf151	0.054806	0.058138	0.053443	0.051723	0.84168	0.063223	0.043171	0.071374	0.05415	0.058861	0.079328	0.074077	0.87468	0.088135	0.3752	0.0485	0.058087	0.058253	0.056401	0.74088	0.065833	0.11716	0.84203	0.067186	0.056453	0.071691	0.044814	0.068524	0.053769	0.055417
RS_G22683__RP13-238F13.2__RP13-238F13.2	0.41194	0	0	0.26619	0	0	5.0298	0	3.4183	4.4978	0.96075	4.8181	0	1.9117	0	0	0	0	3.6513	0	0.25739	0	0	0	2.9233	0.54298	2.9385	0	0	0
RS_G12983__SPRR1A__SPRR1A	2.6766	0	1.2073	4.6224	0	0	4.4152	1.1468	1.0479	5.1369	4.8631	0	0	4.4045	0	0.3708	0	0	6.2122	0	0.35494	0	0	1.1341	2.8241	1.2049	4.8655	3.6111	2.3955	2.8989
Meth__cg04589904__ADRB1	0.047455	0.93216	0.068982	0.49876	0.35488	0.43703	0.043949	0.43806	0.059447	0.060245	0.67706	0.9377	0.69009	0.22478	0.069116	0.57448	0.54736	0.62066	0.065403	0.11979	0.055497	0.9044	0.075616	0.88029	0.11626	0.85841	0.080198	0.0695	0.17425	0.64277
RS_G3568__KRT23__KRT23	9.9798	4.0091	1.9457	8.0301	0.60861	1.1911	6.0621	2.2382	9.2509	8.506	8.955	8.0106	1.2587	8.7022	0.26738	1.4502	0.77332	3.261	9.1077	0.74167	4.1622	3.8232	0	4.1409	6.7984	7.9631	10.5322	5.2594	5.121	0.93588
RS_G15926__RGMA__RGMA	6.6212	0.66506	2.3204	1.4114	3.8693	0	2.3197	1.3678	8.8727	5.0712	0.52872	3.1229	0.60114	5.4599	0.17933	3.2546	0.92041	0.51386	6.0556	0	1.6905	0	3.5632	3.6555	4.1386	0.33244	4.1545	1.8524	1.9628	1.7706
Meth__cg19570545__PKP1	0.62836	0.83203	0.03889	0.032925	0.93881	0.9171	0.024195	0.62136	0.13447	0.059089	0.90623	0.9335	0.36394	0.20327	0.41051	0.45421	0.48315	0.91286	0.024221	0.8308	0.049496	0.17898	0.1912	0.028645	0.067467	0.94893	0.082968	0.49617	0.55034	0.94347
RS_G9902__PLEKHG4B__PLEKHG4B	6.3025	1.1634	6.0986	2.2017	4.8105	1.1858	2.7352	0.79057	0.80203	3.1902	0.29089	0.15565	6.0216	0.17461	2.09	1.2126	0.3254	3.4452	2.5655	0.64973	0.83209	0.45843	0.52445	0.43644	4.1108	1.1431	7.1028	2.3368	0.7708	0.83625
Meth__cg26228569__CRSP8	0.062223	0.066248	0.059065	0.052375	0.059493	0.46511	0.062836	0.075424	0.068792	0.0425	0.11092	0.081354	0.060074	0.091204	0.069652	0.057574	0.061714	0.063348	0.053575	0.16616	0.062709	0.14518	0.070236	0.068191	0.05736	0.062592	0.057268	0.069687	0.069693	0.060329
Meth__cg17027046__ITPA	0.13265	0.13604	0.13155	0.09837	0.099947	0.15497	0.11298	0.38693	0.11572	0.075461	0.15534	0.15823	0.10651	0.19297	0.18887	0.16271	0.17405	0.15904	0.099443	0.14937	0.17021	0.25484	0.10974	0.13318	0.10581	0.131	0.16249	0.18342	0.20188	0.1652
Meth__cg10074409__IRF6	0.033129	0.03282	0.059639	0.029252	0.89611	0.0504	0.030858	0.078396	0.031666	0.04589	0.087006	0.051672	0.26974	0.073176	0.48595	0.05087	0.096257	0.056954	0.030935	0.87168	0.046636	0.07026	0.047795	0.036539	0.046621	0.043674	0.039957	0.052577	0.0451	0.044557
RS_G7691__FXYD6__FXYD6	5.7685	2.1274	2.1789	3.8716	0	0.3027	5.739	6.4826	6.0859	4.7351	0.27962	4.212	1.002	0.38471	0.17696	4.1257	3.1482	4.0237	4.4754	0	2.9596	0	1.1793	0.55351	2.1815	0	5.0247	3.1366	2.8838	1.5806
Meth__cg20555507__TRPM3	0.3123	0.057425	0.5755	0.11361	0.09597	0.24156	0.90883	0.071641	0.33544	0.24684	0.12987	0.089307	0.080128	0.075572	0.073314	0.091964	0.078435	0.13803	0.57994	0.16434	0.088767	0.51356	0.080493	0.23866	0.081546	0.081314	0.20378	0.068939	0.083586	0.068346
Meth__cg07747299__C21orf56	0.084507	0.31549	0.71294	0.96262	0.05009	0.065814	0.88681	0.064172	0.95434	0.12996	0.063709	0.06471	0.57839	0.055038	0.049668	0.034311	0.040825	0.072721	0.75952	0.094576	0.75573	0.66373	0.024424	0.032239	0.31257	0.47087	0.093917	0.05866	0.12528	0.094995
Meth__cg04740359__NTF3	0.67843	0.38991	0.8808	0.76061	0.11359	0.61325	0.82815	0.12563	0.82837	0.88698	0.19111	0.47189	0.36413	0.068614	0.034691	0.5113	0.55215	0.14016	0.7022	0.18697	0.75567	0.1662	0.34877	0.059185	0.30848	0.27146	0.12815	0.2039	0.19684	0.31254
Meth__cg25687894__ACLY	0.039677	0.18905	0.059105	0.055697	0.086215	0.075374	0.054265	0.20165	0.061056	0.075339	0.40515	0.048151	0.18887	0.11718	0.11429	0.31244	0.084932	0.23828	0.051431	0.10175	0.067483	0.11306	0.40117	0.04673	0.05763	0.068683	0.068385	0.05567	0.071239	0.06853
Meth__cg17178888__FLJ14166	0.037024	0.036153	0.041336	0.032211	0.96278	0.90582	0.032903	0.038652	0.042942	0.025061	0.12781	0.040603	0.043327	0.062198	0.61216	0.038137	0.04295	0.54887	0.038531	0.0553	0.040034	0.90166	0.054822	0.038252	0.028591	0.74384	0.060062	0.038496	0.12007	0.1259
RS_G6274__KLK10__KLK10	0.71878	0.20625	1.3396	1.2238	0	0.62219	9.15	2.0282	2.7793	10.9516	1.8961	6.979	0.22273	3.3567	0.33246	2.017	0.95155	0.44609	7.4633	0.22033	1.1275	0.28013	0.27978	1.6485	7.2578	0	4.1029	4.0939	1.8135	0.42331
RS_G178__GAS7__GAS7	0.23393	0.79868	3.7512	0.60208	0.060325	0.26435	0.4579	0.58061	7.4591	3.7882	3.5067	2.8269	0.42668	0.02884	0.46526	0.091648	0.1238	0.83713	5.9946	0.059891	0.18529	0.057997	0.11579	0.34439	5.4391	3.5497	2.8263	4.9676	0.13361	0.17756
Meth__cg20935106__TAPBPL	0.077072	0.20905	0.079943	0.077808	0.8081	0.20802	0.12218	0.1115	0.083575	0.077529	0.33653	0.50585	0.066217	0.12103	0.067009	0.47766	0.097426	0.12281	0.06997	0.13294	0.13163	0.11558	0.096406	0.40479	0.064817	0.38464	0.14483	0.084577	0.34523	0.7481
Meth__cg01667702__TRAPPC1	0.056086	0.093665	0.23535	0.12356	0.041146	0.096364	0.099384	0.076868	0.14167	0.76621	0.082978	0.12527	0.053302	0.088277	0.05771	0.068763	0.049359	0.10977	0.12843	0.051052	0.075316	0.15968	0.070067	0.11255	0.098483	0.060585	0.20306	0.094997	0.082504	0.063562
Meth__cg12970724__CRLF1	0.18414	0.1995	0.2333	0.15144	0.14997	0.26664	0.11832	0.22066	0.1635	0.21525	0.91856	0.77523	0.16088	0.18223	0.24064	0.97925	0.96566	0.74539	0.1744	0.57247	0.16081	0.96139	0.2138	0.19945	0.15515	0.91115	0.11842	0.96535	0.16404	0.17979
Meth__cg11221265__SDHC	0.026522	0.020402	0.032742	0.022857	0.024752	0.034476	0.023156	0.036087	0.032121	0.02016	0.04643	0.027934	0.026692	0.064613	0.028136	0.02864	0.047406	0.038643	0.023267	0.26647	0.051612	0.039031	0.023546	0.035436	0.017798	0.028829	0.026788	0.035793	0.02559	0.030988
Meth__cg13316191__CDCA7L	0.036725	0.03728	0.046312	0.052245	0.21728	0.043425	0.028665	0.050382	0.03762	0.020126	0.14756	0.4137	0.057773	0.0481	0.045381	0.050108	0.072289	0.17402	0.023778	0.11664	0.041512	0.051616	0.86333	0.036727	0.025335	0.029641	0.026715	0.047918	0.031644	0.03672
RS_G13448__KRT15__KRT15	5.6084	7.3499	6.7924	10.1044	1.6019	2.1401	8.8359	6.5404	9.0315	10.5476	12.5316	9.7623	1.8575	5.6722	2.3194	4.8297	3.9225	3.523	9.0893	2.5715	3.421	2.6323	2.157	5.7716	4.1064	5.9218	8.0833	5.988	5.8624	6.6787
Meth__cg01095590__KIAA0040	0.028452	0.026931	0.02563	0.022823	0.92582	0.030997	0.031168	0.030684	0.030579	0.022806	0.045503	0.039101	0.22651	0.090518	0.502	0.030534	0.034044	0.036538	0.02312	0.11642	0.032536	0.04714	0.066512	0.02897	0.021514	0.023304	0.070516	0.037211	0.027863	0.029322
RS_G12982__SPRR1B__SPRR1B	2.2988	0.63608	0	3.8097	1.4994	0	7.092	0	0.64046	7.6626	4.7816	0	0	4.001	0	0.69033	0	0	5.8907	0	1.214	1.092	1.1062	1.5367	5.0083	0	2.1888	3.3389	0	1.2275
Meth__cg12376406__FAM12B	0.24613	0.24563	0.22391	0.051872	0.032421	0.086803	0.92419	0.065627	0.41231	0.7754	0.45369	0.14298	0.075259	0.68987	0.0317	0.15275	0.0472	0.057054	0.34233	0.046628	0.063189	0.070482	0.046184	0.071768	0.22601	0.077638	0.1577	0.0877	0.097845	0.10616
RS_G3267__ITGB8__ITGB8	5.1564	0.27889	2.0303	3.4893	0.14738	0.36513	4.6975	2.3442	8.4305	4.1636	5.4276	5.2617	1.3995	6.1267	1.6822	0.35153	0.93842	0.36975	4.8645	0.53386	0.59803	0.30829	0.8868	5.8392	3.6533	1.0727	1.298	2.2218	0.45843	0.59579
Meth__cg18487515__ZNF342	0.031791	0.039582	0.028261	0.035825	0.64466	0.040621	0.025668	0.035974	0.035771	0.027136	0.13036	0.93579	0.027747	0.056545	0.75966	0.021764	0.042049	0.048196	0.021812	0.076582	0.037155	0.050013	0.038096	0.03139	0.020099	0.02961	0.056975	0.038914	0.034459	0.038648
Meth__cg22155248__TAPBPL	0.073721	0.77379	0.076622	0.075858	0.85085	0.42446	0.12346	0.12219	0.083322	0.078253	0.76807	0.7318	0.086836	0.16227	0.075643	0.56588	0.12621	0.062661	0.074634	0.14823	0.06617	0.17348	0.35593	0.28339	0.092512	0.67116	0.19446	0.12456	0.32294	0.67451
Meth__cg10245048__TNFRSF10A	0.05495	0.061891	0.057781	0.039848	0.44423	0.071079	0.033004	0.058477	0.050554	0.047024	0.11681	0.61982	0.048464	0.13701	0.071875	0.049466	0.059873	0.81596	0.036565	0.093719	0.061353	0.090141	0.055459	0.040233	0.055091	0.050737	0.059535	0.057366	0.044814	0.045251
Meth__cg00718513__	0.28091	0.04774	0.12325	0.38122	0.046487	0.06697	0.11187	0.12091	0.13058	0.11412	0.085273	0.075766	0.044891	0.059576	0.092951	0.066601	0.064197	0.054758	0.21622	0.10417	0.12465	0.10309	0.041052	0.062521	0.034645	0.060901	0.18206	0.17159	0.11628	0.099275
Meth__cg07014174__KRTAP11-1	0.80108	0.066227	0.61858	0.40092	0.083158	0.59849	0.86289	0.075982	0.69621	0.56912	0.16808	0.42553	0.2621	0.16827	0.086181	0.047993	0.10855	0.4179	0.79426	0.17119	0.092457	0.25505	0.065658	0.41576	0.066228	0.094361	0.11243	0.06405	0.26889	0.3176
Meth__cg20324165__KRT8	0.052009	0.078052	0.064954	0.058629	0.72407	0.060394	0.045852	0.069492	0.05195	0.09432	0.095683	0.075521	0.52148	0.11467	0.70307	0.066078	0.06201	0.27729	0.042997	0.33612	0.049232	0.13349	0.80571	0.066133	0.12206	0.14932	0.051965	0.066881	0.061191	0.063274
Meth__cg02764897__KRTAP13-1	0.77202	0.099792	0.73457	0.37666	0.069961	0.628	0.87395	0.12011	0.56667	0.44359	0.23984	0.50193	0.061673	0.19529	0.1469	0.07763	0.14631	0.099328	0.15364	0.099395	0.17239	0.15216	0.059292	0.28005	0.093163	0.13952	0.18671	0.087845	0.20924	0.27829
Meth__cg01438829__TMEM97	0.04727	0.052098	0.039409	0.032446	0.04136	0.049993	0.025034	0.05343	0.040757	0.031876	0.063936	0.046412	0.038441	0.067579	0.03929	0.041543	0.040099	0.047138	0.041876	0.06512	0.35487	0.11708	0.079501	0.043068	0.047833	0.034686	0.036808	0.047175	0.045212	0.044973
Meth__cg18236079__HS3ST3A1	0.94843	0.073629	0.90971	0.82601	0.84876	0.19731	0.96818	0.08753	0.95732	0.4757	0.84987	0.61015	0.059594	0.073691	0.031005	0.054587	0.37981	0.16461	0.91083	0.74306	0.061645	0.52272	0.61643	0.055402	0.065678	0.30225	0.6918	0.070319	0.68931	0.93073
Meth__cg08700651__IL28RA	0.14158	0.85916	0.41057	0.080806	0.87757	0.65784	0.14156	0.095179	0.073829	0.28835	0.86666	0.086583	0.49599	0.37763	0.40924	0.63533	0.59873	0.48586	0.43427	0.55716	0.27176	0.18042	0.62852	0.37593	0.16577	0.92037	0.06393	0.14553	0.13935	0.19756
Meth__cg24006361__EPN3	0.024376	0.03443	0.019226	0.025888	0.25121	0.051429	0.025289	0.025812	0.027719	0.04486	0.058472	0.029285	0.19383	0.082523	0.028608	0.035349	0.029326	0.035904	0.026316	0.10564	0.027013	0.042565	0.048005	0.026226	0.026975	0.023396	0.030478	0.035104	0.031071	0.028844
Meth__cg11245384__PDYN	0.86312	0.066053	0.89532	0.88465	0.094195	0.26345	0.76342	0.066185	0.77291	0.90333	0.85056	0.46021	0.80444	0.054863	0.030367	0.63045	0.72225	0.7801	0.90877	0.062818	0.65494	0.65352	0.49019	0.052625	0.15212	0.4575	0.11088	0.77727	0.40554	0.67478
Meth__cg22136753__CSRP2BP	0.064948	0.16367	0.065169	0.05074	0.85064	0.057402	0.13655	0.063526	0.054964	0.073171	0.48746	0.2502	0.23228	0.11372	0.0396	0.059929	0.061021	0.52522	0.043016	0.78357	0.10287	0.083261	0.052823	0.46246	0.044148	0.13478	0.032714	0.065922	0.08038	0.3179
Meth__cg10708793__LGP2	0.042488	0.36863	0.04641	0.036354	0.50574	0.031193	0.066507	0.37997	0.38723	0.030818	0.43719	0.87251	0.038136	0.2201	0.04127	0.87859	0.87556	0.044707	0.039625	0.35133	0.35544	0.28787	0.034011	0.037654	0.024352	0.54054	0.032598	0.06946	0.43211	0.86165
Meth__cg01806808__PTK2	0.025869	0.027772	0.024423	0.022732	0.025009	0.027848	0.01834	0.027575	0.024411	0.010935	0.088707	0.027586	0.03321	0.18296	0.019497	0.021524	0.028069	0.027686	0.021828	0.056161	0.024905	0.065576	0.028937	0.031671	0.027576	0.026929	0.069284	0.029535	0.028943	0.033506
RS_G12862__LGALS9__LGALS9	6.1513	3.8085	2.4838	4.3619	1.2065	0.16906	1.1498	0.81283	3.6725	4.5519	8.239	3.5171	1.8164	8.8117	1.1612	0.30805	0	2.0891	3.6262	1.098	1.1014	0	0.74292	5.2937	7.885	2.1547	2.1856	2.0067	1.8861	0.97357
Meth__cg11435943__SERPINB12	0.77236	0.24573	0.78713	0.23176	0.16466	0.38161	0.90562	0.069951	0.71287	0.59789	0.80716	0.79753	0.56648	0.78634	0.061008	0.064836	0.0921	0.077073	0.89067	0.089528	0.13956	0.085134	0.064237	0.85702	0.53471	0.059529	0.1136	0.062909	0.36422	0.21775
Meth__cg07109287__LHX2	0.021445	0.022548	0.026067	0.032725	0.021371	0.025305	0.020163	0.030027	0.036565	0.020039	0.055599	0.04196	0.023459	0.058578	0.55353	0.022621	0.03061	0.70081	0.019775	0.95109	0.6901	0.079351	0.031559	0.04651	0.021529	0.03067	0.06077	0.65842	0.15704	0.28818
Meth__cg24012925__SRXN1	0.050023	0.0451	0.17578	0.052594	0.052255	0.07719	0.13862	0.063853	0.055148	0.092252	0.057688	0.038842	0.050779	0.074825	0.038497	0.032214	0.054045	0.045237	0.052727	0.068253	0.050267	0.062277	0.05543	0.045392	0.078629	0.030097	0.076538	0.04704	0.041267	0.044257
Meth__cg17877656__PCGF6	0.02639	0.02221	0.023597	0.025627	0.02221	0.028707	0.34069	0.0216	0.036064	0.048577	0.04997	0.018749	0.014617	0.097586	0.016677	0.016209	0.019904	0.028363	0.03741	0.022856	0.022075	0.03757	0.019656	0.017181	0.02226	0.011443	0.043332	0.026119	0.025361	0.025321
Meth__cg19841506__ZMYND15	0.035162	0.83335	0.858	0.11714	0.98488	0.20926	0.034124	0.090386	0.034916	0.040243	0.20213	0.9533	0.098532	0.081003	0.20772	0.97517	0.44933	0.5414	0.17631	0.95448	0.39702	0.070012	0.47775	0.026658	0.033598	0.93533	0.075872	0.23403	0.052951	0.53049
Meth__cg06518779__KDELC1	0.021109	0.025181	0.029996	0.030772	0.030631	0.038538	0.023591	0.063349	0.050777	0.020943	0.05619	0.034704	0.025434	0.054013	0.037327	0.029609	0.044635	0.059367	0.020107	0.052128	0.037447	0.098837	0.031818	0.021564	0.019208	0.95778	0.05227	0.070605	0.043806	0.039493
Meth__cg14450605__NCOA4	0.088623	0.080627	0.070506	0.051857	0.05133	0.096679	0.031966	0.071217	0.060436	0.032932	0.16815	0.052843	0.057856	0.20699	0.081241	0.064277	0.068956	0.058281	0.047185	0.10696	0.068262	0.084721	0.079543	0.062723	0.055462	0.075565	0.076487	0.74135	0.20595	0.10821
Meth__cg14121103__ABHD5	0.034707	0.034528	0.034476	0.026123	0.39797	0.042893	0.024902	0.035998	0.037645	0.035703	0.10238	0.033978	0.029695	0.088493	0.34699	0.038793	0.037005	0.036085	0.031714	0.089527	0.037904	0.064463	0.052827	0.032538	0.034565	0.043043	0.047186	0.041141	0.035261	0.035456
RS_G7943__ERP27__ERP27	7.6388	1.2801	6.1285	5.5273	0	3.4983	3.2757	0.7548	4.0817	3.8164	4.7452	7.2268	0	8.7732	0	0.79097	2.1126	2.4821	5.1998	2.4509	5.4332	2.3241	0	5.1827	4.9496	1.2358	3.9084	3.4227	6.7415	1.574
Meth__cg13757640__ARHGAP8	0.019627	0.018656	0.019309	0.028167	0.95373	0.022511	0.011898	0.022705	0.017072	0.0177	0.049273	0.01995	0.085307	0.034516	0.34852	0.022994	0.029716	0.021817	0.02389	0.76033	0.04247	0.038812	0.30019	0.021524	0.016915	0.019506	0.047453	0.021278	0.028678	0.027353
Meth__cg18241160__CDC2L2	0.051236	0.028507	0.049259	0.046995	0.017644	0.11881	0.27936	0.029282	0.051181	0.13383	0.091107	0.031114	0.070343	0.057386	0.036971	0.042847	0.046387	0.05457	0.056546	0.76748	0.032341	0.056392	0.045054	0.031048	0.2295	0.025651	0.070074	0.031464	0.043225	0.04156
Meth__cg07525077__RNASE3	0.25831	0.071873	0.82477	0.49857	0.12416	0.19661	0.82432	0.23729	0.53235	0.34012	0.27284	0.17081	0.14559	0.13533	0.14781	0.37266	0.1418	0.54208	0.7838	0.11444	0.29505	0.26944	0.1002	0.10842	0.075937	0.07377	0.20824	0.09771	0.37215	0.1718
Meth__cg15315630__ZMYM6	0.028525	0.02953	0.02518	0.022083	0.025166	0.028205	0.018513	0.030227	0.026817	0.014765	0.050468	0.018488	0.027732	0.07032	0.029632	0.03182	0.028405	0.031043	0.023978	0.072721	0.028186	0.19473	0.028002	0.027025	0.025124	0.022531	0.044509	0.028114	0.0317	0.026894
Meth__cg11015241__ATP10A	0.8912	0.094203	0.50186	0.88716	0.25921	0.68524	0.9275	0.077586	0.84655	0.93807	0.17355	0.88458	0.89032	0.19666	0.26751	0.65833	0.52665	0.78165	0.93221	0.8623	0.33277	0.22716	0.93265	0.038654	0.83696	0.94716	0.67263	0.87414	0.21598	0.31637
RS_G12785__SLC16A4__SLC16A4	3.8688	2.8627	1.8764	3.793	1.5098	3.7081	2.5332	2.9457	7.7481	2.8096	1.1751	4.7571	3.7372	3.9577	2.4846	2.1431	1.9558	3.4505	2.5055	1.342	2.4408	1.6133	0.97355	2.3942	3.3716	1.7544	3.9175	0.53288	1.1295	1.52
Meth__cg04959837__PLSCR4	0.053988	0.10105	0.043754	0.034595	0.042965	0.0701	0.022672	0.072838	0.038181	0.036874	0.10551	0.031963	0.031686	0.061508	0.048516	0.061609	0.054616	0.17665	0.034715	0.17037	0.066302	0.12703	0.040168	0.030482	0.034769	0.35348	0.091049	0.05383	0.060155	0.056641
RS_G10006__UCHL1__UCHL1	4.6916	3.5306	3.1025	4.9635	9.437	0.31416	6.613	1.423	10.1083	7.0574	1.8004	0	10.0435	7.4474	0.34712	4.7028	1.6596	3.1489	1.9776	0	5.6516	3.5837	2.1949	3.649	7.993	0	5.6993	4.2934	4.5807	0.41637
Meth__cg09522147__KRT7	0.071048	0.069625	0.062644	0.048602	0.94306	0.17369	0.055719	0.93289	0.22515	0.042965	0.099001	0.055828	0.22209	0.12625	0.9048	0.93719	0.94583	0.70398	0.057251	0.098049	0.072433	0.10569	0.60017	0.050924	0.054514	0.047205	0.68789	0.064975	0.928	0.91954
Meth__cg06776256__GPRC5A	0.06568	0.074574	0.063896	0.062626	0.29139	0.075699	0.050217	0.086817	0.085077	0.089929	0.10942	0.43728	0.060285	0.12743	0.20024	0.099037	0.076254	0.10767	0.071626	0.08313	0.072625	0.10875	0.14364	0.069428	0.075381	0.066563	0.068457	0.085082	0.063787	0.078433
Meth__cg03473294__TASP1	0.029399	0.027847	0.029496	0.026338	0.029936	0.040013	0.022289	0.03798	0.036389	0.024867	0.078889	0.032513	0.029901	0.078256	0.039292	0.032476	0.033551	0.032673	0.02873	0.081692	0.03686	0.05626	0.032777	0.025064	0.030519	0.031132	0.071466	0.041849	0.033843	0.039254
Meth__cg03942436__ZNF688	0.02953	0.023844	0.03394	0.025114	0.029546	0.039971	0.026018	0.036925	0.024666	0.035872	0.07485	0.026731	0.041655	0.036301	0.025555	0.025764	0.027739	0.025617	0.02675	0.044155	0.029837	0.058107	0.030121	0.042781	0.020252	0.03582	0.026418	0.040632	0.031821	0.037807
Meth__cg09413557__S100A6	0.030585	0.53436	0.033124	0.14395	0.59541	0.039195	0.034683	0.57648	0.16096	0.017639	0.63744	0.10997	0.026498	0.058238	0.034959	0.66241	0.52445	0.22084	0.023695	0.053248	0.033652	0.47544	0.029632	0.026279	0.02607	0.028008	0.031213	0.1551	0.27423	0.15056
Meth__cg25778479__ANKMY2	0.13868	0.059934	0.17621	0.40256	0.073638	0.094149	0.1289	0.19328	0.08907	0.36464	0.063223	0.12768	0.058815	0.10553	0.080937	0.13785	0.087484	0.44547	0.08313	0.12266	0.10698	0.081333	0.081179	0.079984	0.17023	0.050818	0.28035	0.52473	0.074087	0.061239
Meth__cg04515986__FTHL17	0.22471	0.074083	0.7539	0.29543	0.12107	0.476	0.66732	0.070288	0.46355	0.33985	0.34989	0.58162	0.21457	0.12565	0.076205	0.078639	0.27108	0.11253	0.30842	0.13478	0.10375	0.21778	0.071716	0.73861	0.14371	0.21998	0.14742	0.0627	0.24675	0.22589
Meth__cg11594415__BAT2D1	0.030023	0.028097	0.029226	0.023819	0.032363	0.036016	0.020256	0.037479	0.029121	0.014671	0.067555	0.032986	0.024482	0.13	0.02915	0.024064	0.033062	0.026646	0.023144	0.055446	0.043531	0.064133	0.030948	0.033442	0.022668	0.023215	0.19023	0.040433	0.032972	0.030221
Meth__cg08319991__UCHL1	0.18203	0.18583	0.32746	0.25947	0.40383	0.9099	0.13856	0.90655	0.4593	0.067999	0.87175	0.9119	0.044034	0.10094	0.073253	0.88841	0.88925	0.55358	0.43194	0.79509	0.85093	0.62477	0.077381	0.25693	0.036574	0.89806	0.1066	0.43867	0.45635	0.79802
RS_G10592__HOXB13__HOXB13	0.13852	0.41729	7.3933	4.8456	3.0727	0.090791	3.2697	0	4.5096	3.6472	0	0.82986	4.5798	0	2.4854	0.90775	0.86504	0	4.3853	0	1.7184	0	2.9856	0	5.5425	5.4196	0	6.077	0	0
Meth__cg22130834__TTC22	0.078146	0.1155	0.834	0.6642	0.73052	0.7379	0.028127	0.81486	0.031796	0.029854	0.7401	0.7826	0.032337	0.050958	0.25154	0.89352	0.84627	0.68984	0.024977	0.84952	0.52678	0.87539	0.076664	0.026437	0.024707	0.51795	0.071643	0.035208	0.08483	0.84881
Meth__cg18056600__ZMYND15	0.034968	0.78702	0.8171	0.13152	0.97023	0.26807	0.044132	0.10166	0.074294	0.054043	0.23717	0.90923	0.16912	0.060016	0.1937	0.9427	0.4272	0.49966	0.26714	0.93798	0.44228	0.098863	0.4894	0.026201	0.035599	0.8874	0.078109	0.18742	0.075264	0.49803
Meth__cg03167883__FLJ46365	0.78458	0.066197	0.77302	0.85591	0.057775	0.71062	0.83098	0.37563	0.78852	0.35561	0.53666	0.62875	0.07173	0.54714	0.039449	0.75058	0.68991	0.13063	0.84019	0.15672	0.27013	0.5683	0.05162	0.062952	0.18302	0.76068	0.11388	0.59709	0.42627	0.45067
RS_G17302__KRT16__KRT16	5.7658	3.1764	2.3818	5.6129	0.28859	6.0805	10.7235	1.4693	6.9239	12.4501	7.6521	9.9669	2.3008	10.6566	3.9295	6.0096	1.6805	3.2104	10.8382	0.72684	3.0384	2.1965	1.8388	11.3122	12.7978	12.3241	3.8277	0.69855	3.2686	3.0416
Meth__cg14135551__DAAM2	0.052536	0.039751	0.082405	0.049354	0.49706	0.45053	0.076489	0.070137	0.043104	0.035065	0.73193	0.047531	0.051099	0.17561	0.038733	0.076628	0.077343	0.43051	0.049732	0.19501	0.090958	0.11807	0.057974	0.043204	0.036166	0.459	0.054771	0.067023	0.075515	0.26118
Meth__cg23179168__FAM84B	0.045961	0.04251	0.044558	0.034309	0.3948	0.056449	0.044218	0.046786	0.041767	0.034587	0.11587	0.040546	0.086241	0.096045	0.5008	0.041813	0.045894	0.047791	0.036965	0.11135	0.047187	0.063822	0.052871	0.036899	0.033691	0.036983	0.074685	0.041521	0.044617	0.045206
Meth__cg09954385__ARHGAP8	0.03109	0.039965	0.051209	0.043854	0.9561	0.038548	0.023385	0.054908	0.035858	0.02178	0.11495	0.03697	0.085249	0.052367	0.36927	0.045303	0.065968	0.034366	0.036857	0.85666	0.049664	0.097719	0.34896	0.035681	0.025487	0.032121	0.18021	0.03763	0.051959	0.041044
Meth__cg26036443__EHD2	0.056504	0.04708	0.90683	0.82286	0.045626	0.052403	0.1139	0.18485	0.90394	0.30208	0.10675	0.068838	0.048639	0.28776	0.046894	0.045916	0.14278	0.17826	0.48062	0.14294	0.69298	0.087145	0.051464	0.036489	0.094591	0.17823	0.11551	0.11252	0.060969	0.071972
Meth__cg20244073__MID1	0.048176	0.036857	0.039321	0.040884	0.87075	0.066826	0.11397	0.068375	0.15293	0.023893	0.61336	0.041457	0.04714	0.11693	0.47342	0.072487	0.080313	0.61396	0.033963	0.68402	0.080978	0.42207	0.54725	0.069043	0.043231	0.50482	0.056861	0.040923	0.045118	0.15208
RS_G3462__DDX58__DDX58	4.6464	1.2425	3.6748	6.6044	3.2513	4.3522	5.5147	3.8092	9.1085	6.7743	4.4267	5.7537	3.6558	8.7787	3.3188	2.216	4.2702	5.2057	2.4644	5.7884	3.5604	3.4966	1.8856	4.3942	5.3403	2.8206	4.5015	1.9092	3.7722	3.2852
Meth__cg15195412__CX3CL1	0.25341	0.2407	0.062495	0.17382	0.57399	0.64158	0.046389	0.063138	0.050863	0.5492	0.2807	0.20001	0.047481	0.14462	0.086161	0.55808	0.81488	0.42256	0.34177	0.34843	0.69681	0.84531	0.14912	0.77789	0.055085	0.71326	0.51044	0.74356	0.73392	0.5944
RS_G12878__KLK7__KLK7	0.43855	0	0.13593	1.9992	0.11677	0.12675	2.968	2.2202	1.3488	6.8763	5.6672	5.4814	0	2.4911	0.14189	0.2323	0.1255	0	5.034	0.22201	0.12111	0.41216	0.22455	0.24511	8.0034	3.7048	0.50406	0.37498	2.2158	0.33096
Meth__cg02254649__ENAH	0.031341	0.029002	0.037546	0.033182	0.038513	0.03733	0.023571	0.046372	0.029262	0.032928	0.073296	0.034641	0.031781	0.062539	0.039039	0.034842	0.035313	0.040311	0.029388	0.099987	0.035424	0.33036	0.046517	0.026717	0.032915	0.034385	0.061919	0.042938	0.034346	0.035765
RS_G802__LAMC2__LAMC2	7.8004	1.3479	2.8528	5.2033	1.2503	0	9.9091	1.8877	2.4189	10.1862	2.1806	9.101	4.8812	8.625	4.9635	4.5273	2.5351	2.5013	7.2518	6.7557	4.1532	3.7465	1.5224	8.3867	6.5568	0.69749	5.7706	5.35	3.5768	2.2536
Meth__cg18943383__HIST1H3H	0.12718	0.0914	0.11387	0.62476	0.079365	0.11715	0.16906	0.13173	0.93084	0.25327	0.17105	0.084561	0.11464	0.17059	0.082599	0.13001	0.13027	0.1229	0.95006	0.47925	0.14978	0.14887	0.037566	0.087295	0.67021	0.9567	0.26464	0.1347	0.18533	0.18274
Meth__cg14598387__OR1N1	0.37592	0.043395	0.68965	0.1336	0.030203	0.19357	0.60861	0.034598	0.21752	0.19306	0.14921	0.072892	0.077477	0.041537	0.039569	0.043319	0.060324	0.61344	0.18665	0.044871	0.12951	0.21081	0.034736	0.048804	0.030711	0.064887	0.10691	0.090808	0.071598	0.10447
RS_G7879__HERC5__HERC5	2.3699	0	1.1018	4.8412	0.14696	1.4218	4.5886	1.1983	8.0916	5.6631	4.4059	2.964	4.5001	7.8085	0.083816	0.81141	0.62941	3.1466	1.6248	5.3756	0.78169	0	3.9803	3.3359	4.2521	2.1255	1.4633	1.096	0.70351	0.21229
Meth__cg17665193__GAD2	0.071861	0.026383	0.69791	0.92351	0.087782	0.12247	0.17209	0.037637	0.40791	0.24193	0.13045	0.29381	0.13089	0.025253	0.021925	0.098021	0.11009	0.062576	0.45551	0.083913	0.46901	0.079766	0.028264	0.17379	0.040145	0.034806	0.074791	0.034062	0.037087	0.071497
Meth__cg09896445__GPC5	0.052953	0.07502	0.062014	0.042911	0.66027	0.59354	0.050423	0.089186	0.11321	0.072314	0.71434	0.074205	0.083188	0.10063	0.2443	0.09706	0.079939	0.085559	0.043438	0.11976	0.09701	0.80108	0.055796	0.077021	0.038416	0.12872	0.12806	0.034884	0.07458	0.059226
Meth__cg21134096__RHEB	0.0591	0.80409	0.25685	0.050213	0.38983	0.59127	0.045855	0.099249	0.04698	0.095693	0.56663	0.092021	0.055991	0.092595	0.062429	0.63158	0.63018	0.23865	0.057073	0.090781	0.87607	0.084052	0.043105	0.059249	0.042279	0.13086	0.16298	0.087719	0.059569	0.50062
Meth__cg07753583__LRRC61	0.061933	0.24376	0.076771	0.045369	0.86105	0.063376	0.058662	0.069167	0.071677	0.033169	0.5032	0.53293	0.063067	0.14303	0.44343	0.048157	0.062882	0.060432	0.042142	0.39909	0.069845	0.14899	0.4939	0.50786	0.042795	0.050322	0.088547	0.050179	0.051941	0.056229
Meth__cg25169784__UGCGL2	0.024749	0.026528	0.038976	0.039471	0.24422	0.08753	0.025847	0.05286	0.059283	0.01576	0.0699	0.025728	0.030752	0.050531	0.026184	0.042483	0.061417	0.053751	0.0283	0.090623	0.038228	0.14064	0.028363	0.028502	0.022568	0.067982	0.038715	0.061668	0.039259	0.039962
RS_G7225__ELF5__ELF5	0.37677	4.5885	6.4031	6.512	0	1.9674	2.4337	7.078	1.1045	4.7027	0	4.5554	0	0.48747	0.22762	4.5813	5.0972	0	4.8163	0	4.3672	0	0.35445	0	6.0937	3.5985	7.932	5.3364	0.5172	4.9835
RS_G6638__PPP1R1B__PPP1R1B	9.1888	7.6126	4.4299	3.4995	0.23954	0.35988	1.8579	0.7143	13.4847	4.3668	6.14	6.6736	0.53447	6.17	0.79314	2.1675	0	6.2008	7.1262	0	5.8269	0	0.59718	2.5011	7.2683	2.5734	1.9065	6.5712	1.0367	0
RS_G10182__RAET1L__RAET1L	1.0118	0	0	0	0	1.1137	6.6474	0	4.4844	4.3745	3.1156	2.746	0.18758	2.7756	0	3.3395	0.36247	0	4.021	0.84948	0.5551	0	0	0	5.2648	3.3268	3.0632	0	0	0.50194
RS_G2255__SLC5A1__SLC5A1	7.3639	0.18874	0	0	0	0	7.3973	0	3.7281	3.9327	4.9666	2.8481	0	6.8247	0	0	0	0.79107	3.7325	0	0.37256	0	0	0	6.317	0	0.23941	0.14429	0	0.29703
Meth__cg01425670__NEGR1	0.028258	0.02896	0.021501	0.023608	0.026244	0.032371	0.017337	0.033206	0.028958	0.041256	0.28317	0.029169	0.024043	0.1671	0.018482	0.17069	0.11758	0.040155	0.019177	0.067799	0.032148	0.30398	0.022931	0.02275	0.020233	0.34749	0.05221	0.032255	0.029873	0.033632
Meth__cg07113600__KLF12	0.043766	0.042694	0.03907	0.033096	0.033438	0.038407	0.03042	0.053299	0.057156	0.046677	0.073524	0.049115	0.060873	0.096342	0.063065	0.068184	0.052799	0.04778	0.032323	0.11875	0.054296	0.094291	0.043689	0.033169	0.037589	0.10059	0.075202	0.038605	0.51734	0.72377
RS_G10280__RAB11FIP1__RAB11FIP1	7.6887	6.2778	7.0128	12.2859	4.5822	8.1106	7.2796	8.7856	8.1977	6.2577	5.6096	5.7509	6.7727	5.928	3.3836	5.4681	6.386	10.7433	6.6273	5.9329	7.033	5.945	2.8408	4.7669	11.4127	7.8875	7.9949	6.493	9.2453	8.7531
RS_G10396__MX1__MX1	5.0317	2.1882	2.341	9.7474	1.2107	2.9127	0.58267	6.108	12.6076	8.2993	1.5829	0.13769	5.2771	11.1388	0.88359	4.0943	2.2	2.5585	4.8037	2.0846	2.1457	2.1832	2.5812	8.0306	10.2882	3.8153	7.6903	4.3967	2.718	0.84851
RS_G15368__ALOX15B__ALOX15B	6.267	0.76521	8.3802	0.43858	0	0.1018	0	0	0.53507	3.3004	0	1.1668	0	0	0.40577	0.57653	0.51444	0	2.0532	0	9.3899	0.32731	0	0.36847	9.9516	1.0126	0.85647	1.2809	1.6533	0.39036
Meth__cg11719157__PITPNA	0.089367	0.080186	0.08956	0.074867	0.70041	0.52573	0.17793	0.096133	0.060399	0.29248	0.39681	0.69398	0.2571	0.098322	0.47428	0.34439	0.42686	0.63727	0.19315	0.60882	0.68938	0.13393	0.24373	0.070171	0.073203	0.57863	0.53847	0.12652	0.14663	0.43009
RS_G11943__C10orf10__C10orf10	6.4294	2.4145	3.8936	2.0915	3.4013	0.56101	6.3853	1.5633	7.4403	5.9323	4.8405	5.9809	4.172	7.2064	3.6636	0.63589	2.0915	3.3694	6.6362	2.4972	2.1318	2.6079	6.2562	1.5369	5.9749	1.1558	2.2516	3.1047	1.3846	2.7746
RS_G7642__TLR2__TLR2	2.5793	0.14593	0.67119	2.3389	0	0.88694	1.7219	0.22213	6.8794	3.5507	0.63858	0	0.71287	4.8139	0	0.30188	1.4172	0	0.25529	0	0.83802	0.28381	0	4.1149	3.9822	0	0	0.99692	1.6521	0
Meth__cg00485296__NME3	0.049901	0.021139	0.027983	0.023955	0.020004	0.026268	0.031399	0.026307	0.050277	0.50462	0.060398	0.029874	0.63479	0.076013	0.017384	0.024165	0.027314	0.021774	0.031271	0.040776	0.027311	0.12001	0.022422	0.020482	0.2416	0.018656	0.059821	0.028451	0.022692	0.029606
Meth__cg18635110__C20orf116	0.068293	0.064308	0.057546	0.046624	0.044366	0.070425	0.036992	0.46486	0.047904	0.041511	0.071131	0.075788	0.040466	0.078092	0.055481	0.059754	0.076833	0.06892	0.042235	0.07065	0.06644	0.12055	0.054306	0.065625	0.053476	0.049937	0.092281	0.070743	0.077949	0.071939
Meth__cg10844844__KCNK5	0.045353	0.046784	0.1082	0.051501	0.93447	0.045847	0.078723	0.049055	0.048573	0.088788	0.14181	0.071303	0.064668	0.16101	0.20365	0.085412	0.061903	0.14163	0.04549	0.30666	0.17251	0.89048	0.0512	0.29755	0.036102	0.070856	0.068318	0.056492	0.088064	0.099977
RS_G17301__KRT17__KRT17	5.3276	2.3353	2.1138	5.2677	2.8894	1.9821	13.2654	1.7849	4.7247	13.0163	9.171	13.8349	0	9.2183	4.3464	7.482	1.5306	0.60515	13.2263	1.9	4.2829	5.4408	3.7136	13.3069	9.6792	0.35345	3.8105	3.5577	2.8037	1.9077
Meth__cg24623271__ZIC2	0.39781	0.07379	0.547	0.4038	0.038425	0.060793	0.073735	0.051221	0.48218	0.067866	0.055265	0.065779	0.064729	0.21311	0.034763	0.031868	0.10147	0.85147	0.76292	0.074662	0.067899	0.47668	0.060592	0.054176	0.26455	0.039312	0.085036	0.05833	0.72698	0.69912
Meth__cg22392708__KRT23	0.024786	0.038491	0.17123	0.023522	0.45849	0.081562	0.045942	0.036546	0.023584	0.020674	0.051049	0.025693	0.20847	0.043478	0.37792	0.052018	0.12336	0.027832	0.01986	0.61525	0.042807	0.07181	0.10829	0.026421	0.031114	0.02314	0.041389	0.033175	0.077757	0.037554
RS_G12055__IFI27__IFI27	4.0922	4.7513	0.72205	6.7926	1.0972	0	3.8876	2.8312	8.1137	10.0905	12.0844	3.6058	0.89527	13.3216	2.2262	7.8184	2.6569	2.6229	6.5223	0.62258	1.4227	1.8776	3.5761	10.5207	14.2497	1.7041	6.718	0.48054	1.8182	1.1944
Meth__cg03528946__SHB	0.045812	0.041634	0.041615	0.048671	0.64143	0.05322	0.029929	0.049549	0.046175	0.040004	0.081974	0.18148	0.047577	0.077284	0.30588	0.034016	0.04204	0.055164	0.042101	0.067198	0.046093	0.075432	0.062166	0.039586	0.045844	0.035047	0.049865	0.047459	0.050473	0.04848
RS_G7670__DDX60__DDX60	3.8387	0.32032	2.7237	6.0772	1.8134	2.4436	2.2916	2.325	7.7036	6.1506	3.5657	1.0877	3.1529	7.8636	1.6225	1.3036	1.3175	5.3043	0.698	3.1707	0.73398	0.62401	0.73295	3.8316	5.4245	2.1658	1.8779	1.3425	1.1743	0.43139
RS_G402__CD74__CD74	4.4509	2.0172	0.18629	6.0079	0	2.2892	5.7658	3.7089	3.9676	9.1643	2.2907	0	2.0276	10.3163	0.89633	2.7804	0.59187	9.3373	4.2963	0.96601	0.79006	0.54729	3.046	4.6483	3.806	0.35449	6.7285	8.8965	0.93132	0
Meth__cg07826255__SGCA	0.12084	0.13586	0.37489	0.133	0.32957	0.1215	0.43688	0.11288	0.22782	0.43508	0.18446	0.14602	0.096187	0.19176	0.087977	0.18765	0.11497	0.70799	0.54626	0.093098	0.12479	0.23299	0.044899	0.08299	0.14792	0.15485	0.12377	0.10367	0.080553	0.062261
Meth__cg23662675__PRKCBP1	0.036656	0.032102	0.025951	0.025864	0.030463	0.041555	0.022514	0.036959	0.043287	0.028458	0.086982	0.035076	0.043522	0.097782	0.046993	0.58805	0.70246	0.033048	0.022281	0.058661	0.040142	0.095249	0.039613	0.039297	0.028992	0.02048	0.054315	0.035398	0.030444	0.032799
RS_G2763__MSLN__MSLN	1.9172	1.1072	0.26865	1.2587	0	0.65029	3.3609	0.46614	3.6581	4.948	1.1454	3.8141	0	4.6543	1.4248	1.3942	0.55045	0.8186	8.216	1.9546	0.64745	0.59172	1.0139	12.2802	3.7565	1.1483	1.5429	1.1955	1.4456	0.34563
Meth__cg12297221__ART5	0.042027	0.025634	0.039511	0.030813	0.61185	0.039409	0.46169	0.12014	0.038707	0.094664	0.60618	0.92983	0.076585	0.11923	0.041161	0.037151	0.048903	0.46912	0.025485	0.67314	0.27011	0.63397	0.10051	0.096813	0.025972	0.32842	0.079403	0.043279	0.050552	0.041117
Meth__cg14106308__VEPH1	0.061824	0.065457	0.058663	0.04718	0.74006	0.072702	0.056818	0.061267	0.043381	0.054619	0.11765	0.047875	0.05251	0.19318	0.91641	0.048847	0.045283	0.91523	0.049184	0.10675	0.063835	0.11284	0.32904	0.049154	0.052735	0.070133	0.1633	0.07505	0.064521	0.059159
RS_G9301__LCN2__LCN2	7.9862	7.5065	0.2591	2.5214	1.0548	0	8.9465	3.2659	14.4056	10.9978	11.4171	8.3978	0	12.1109	0	1.1701	0.24297	0.80642	9.3061	0.75668	1.4008	2.8619	2.3419	9.8541	9.6157	0.26478	4.6674	0.88603	6.7469	2.4633
RS_G16982__IFIT1__IFIT1	4.0272	0.24404	1.6038	8.4349	2.6931	1.5317	3.5077	5.2973	9.1722	6.5673	6.0911	1.8643	3.3544	10.3925	2.1393	3.6083	3.6486	6.109	2.752	6.2823	1.4311	1.9978	1.8031	5.7124	8.5429	3.048	5.5259	0.1874	1.7547	0.9293
Meth__cg16080552__TACSTD2	0.081532	0.063337	0.16135	0.057061	0.89737	0.17764	0.061114	0.12645	0.86069	0.057481	0.13114	0.86655	0.34635	0.17581	0.68714	0.17831	0.075019	0.85669	0.14745	0.11497	0.08963	0.16571	0.376	0.068312	0.059489	0.87634	0.087156	0.090214	0.10215	0.4387
RS_G16393__AC011443.6__AC011443.6	0.78149	0	0	2.0242	0.98271	0	2.6501	0.15815	5.8548	5.1701	0.82457	0	0	0	1.7873	3.5388	0.57774	2.4709	5.1725	0	0.39217	0	0.38765	4.7857	2.489	0	1.979	6.2604	2.0745	0.97076
Meth__cg21918500__ZNF124	0.015757	0.076112	0.017303	0.015232	0.021963	0.12719	0.49424	0.026922	0.01869	0.021167	0.45404	0.49806	0.017909	0.031135	0.28791	0.15979	0.32314	0.023455	0.021494	0.065582	0.022681	0.034516	0.019941	0.053532	0.018904	0.018087	0.042003	0.025624	0.023926	0.02311
Meth__cg27397287__CD97	0.038682	0.1521	0.53807	0.17712	0.71549	0.3268	0.2378	0.44367	0.076265	0.13512	0.18131	0.18914	0.045371	0.058388	0.13711	0.24453	0.41251	0.66639	0.083103	0.28986	0.52169	0.64288	0.60458	0.033987	0.050264	0.4837	0.112	0.44715	0.42564	0.44799
Meth__cg06226384__CACNG5	0.082869	0.025691	0.36747	0.09534	0.056227	0.11916	0.25292	0.033985	0.097543	0.080853	0.092099	0.040031	0.029412	0.083991	0.043695	0.094988	0.10897	0.085191	0.65839	0.078658	0.024166	0.035377	0.018715	0.049072	0.0229	0.048468	0.055541	0.05024	0.038335	0.03692
Meth__cg11243196__ADAMTS3	0.041602	0.73797	0.051454	0.035428	0.81891	0.094095	0.031351	0.052018	0.043188	0.064076	0.27732	0.044755	0.041269	0.096864	0.037661	0.64545	0.53302	0.088006	0.027285	0.61432	0.0498	0.28105	0.029329	0.030627	0.026553	0.85182	0.12124	0.053884	0.040935	0.042112
Meth__cg01952458__ATP6V1B2	0.038435	0.026395	0.045603	0.031212	0.095782	0.064643	0.032258	0.039679	0.032992	0.043816	0.30601	0.086647	0.10588	0.19456	0.031139	0.043176	0.060499	0.10496	0.025517	0.33849	0.064317	0.088571	0.021745	0.016592	0.047659	0.067746	0.034506	0.032694	0.063793	0.063991
Meth__cg02854288__FHIT	0.072634	0.061897	0.06852	0.056135	0.16638	0.055975	0.059663	0.057463	0.053334	0.03789	0.17927	0.047255	0.12118	0.095371	0.079046	0.20832	0.064975	0.080901	0.072132	0.11123	0.068869	0.079872	0.061742	0.067774	0.057739	0.073696	0.068494	0.073866	0.060924	0.06024
Meth__cg20391984__CAMK2D	0.31612	0.028408	0.030098	0.020729	0.024807	0.034464	0.021948	0.032705	0.029536	0.019297	0.43931	0.89283	0.035156	0.073202	0.03037	0.046631	0.032361	0.47952	0.026035	0.04983	0.028915	0.097034	0.030402	0.027256	0.026195	0.03442	0.057846	0.031789	0.033384	0.41549
Meth__cg21301148__MYH6	0.25285	0.067911	0.66915	0.5794	0.097872	0.1594	0.42115	0.10687	0.1401	0.47904	0.17801	0.12395	0.12595	0.14001	0.05153	0.45672	0.42952	0.59962	0.88404	0.1189	0.22132	0.15657	0.091789	0.075246	0.09646	0.10355	0.3033	0.61074	0.14644	0.14626
Meth__cg03691812__CORO1A	0.043263	0.047566	0.046825	0.040054	0.098639	0.076073	0.067152	0.046158	0.045748	0.095977	0.24867	0.073498	0.041581	0.097391	0.19917	0.050139	0.049022	0.086099	0.042693	0.1108	0.05319	0.2185	0.032781	0.033893	0.029901	0.14639	0.063231	0.08075	0.0493	0.063577
Meth__cg10962407__ALS2CR15	0.019657	0.046352	0.16992	0.31492	0.023006	0.24167	0.50954	0.048647	0.6358	0.098133	0.43346	0.022736	0.0097492	0.052266	0.016934	0.026344	0.017486	0.017573	0.032198	0.033424	0.022227	0.55508	0.01678	0.019639	0.10864	0.15813	0.046429	0.027042	0.1062	0.025806
Meth__cg24352499__AQP6	0.099744	0.08695	0.76035	0.36763	0.11918	0.21541	0.12564	0.11146	0.36541	0.48834	0.37149	0.13886	0.12045	0.21066	0.062169	0.11842	0.1205	0.18898	0.35407	0.19291	0.39872	0.25358	0.068952	0.076583	0.35762	0.24337	0.26097	0.68865	0.10786	0.12097
Meth__cg19536127__CALM2	0.044138	0.37518	0.18825	0.11535	0.57727	0.33155	0.043256	0.26655	0.043634	0.13318	0.27583	0.047747	0.061477	0.14342	0.071564	0.5396	0.21994	0.63503	0.18503	0.11426	0.40692	0.11696	0.045451	0.048362	0.069521	0.19923	0.13169	0.084024	0.26771	0.51663
Meth__cg11009736__MARCO	0.7946	0.15517	0.86937	0.814	0.099822	0.37041	0.84742	0.27409	0.26577	0.78835	0.65143	0.80658	0.4041	0.55806	0.1399	0.16317	0.32106	0.10693	0.85223	0.092022	0.15352	0.17827	0.099169	0.21964	0.12164	0.21133	0.17632	0.81256	0.39554	0.26786
Meth__cg18484189__NALP10	0.53223	0.047513	0.58826	0.43926	0.77646	0.31242	0.833	0.74433	0.26471	0.83267	0.43718	0.2525	0.52498	0.14613	0.1305	0.23996	0.1836	0.046879	0.81371	0.24109	0.11409	0.11547	0.10457	0.1402	0.068544	0.21084	0.29418	0.71928	0.22414	0.2936
Meth__cg14399078__ADPRH	0.021306	0.019376	0.15591	0.049031	0.89388	0.14486	0.017928	0.022476	0.027276	0.013191	0.37649	0.356	0.015162	0.042003	0.21519	0.019403	0.019857	0.51874	0.015235	0.514	0.087649	0.75879	0.16697	0.019144	0.039743	0.47287	0.031775	0.030264	0.12705	0.64927
RS_G12489__TTYH1__TTYH1	1.4517	4.1679	2.3853	3.6837	0.82544	2.1058	6.3974	3.3387	8.0912	4.06	2.4374	1.5351	1.2435	7.9391	1.7661	1.8495	1.3163	1.9614	3.5957	0.92956	1.4193	2.7172	1.7052	1.1684	2.7498	5.2256	5.7806	4.13	4.2378	2.2327
Meth__cg06256735__MFAP5	0.36047	0.054363	0.83534	0.47908	0.054447	0.40666	0.75335	0.52194	0.69524	0.39655	0.63729	0.28157	0.83392	0.12696	0.090909	0.23179	0.1657	0.8784	0.84331	0.065745	0.21824	0.19701	0.058668	0.20204	0.058917	0.29616	0.29286	0.1269	0.34018	0.17583
Meth__cg24884084__SPRR1B	0.26002	0.042383	0.35597	0.18739	0.051433	0.090595	0.72339	0.080472	0.062671	0.48203	0.47324	0.071565	0.062283	0.12855	0.059441	0.12311	0.14245	0.071857	0.64201	0.095248	0.090493	0.078917	0.051745	0.27461	0.061209	0.055212	0.13448	0.3535	0.080445	0.080071
Meth__cg19111262__IGSF9	0.039211	0.051878	0.051877	0.032709	0.87894	0.049199	0.040137	0.055298	0.074081	0.053224	0.083688	0.051816	0.22488	0.08207	0.87074	0.069502	0.050441	0.048899	0.034731	0.80738	0.066364	0.062521	0.71583	0.066415	0.038395	0.043157	0.075828	0.059041	0.046012	0.039604
RS_G12129__GABRB3__GABRB3	6.1029	0.22135	3.7179	0	0	0	0.38963	0	4.6902	0.31319	0	0.32792	0	0	0	0	0	6.0912	1.1978	1.4035	0	0	0.29687	0	0	0	4.2047	0.54281	0	2.6963
Meth__cg23266266__DCUN1D4	0.038011	0.047464	0.046901	0.033422	0.038246	0.054745	0.033036	0.048696	0.04063	0.044149	0.087767	0.048091	0.044223	0.14527	0.038371	0.06056	0.045711	0.046903	0.032574	0.065032	0.037631	0.063164	0.036547	0.045548	0.039819	0.046786	0.096349	0.047586	0.044635	0.052851
Meth__cg16330965__SNAPC5	0.24942	0.080318	0.23486	0.39785	0.07524	0.092328	0.55567	0.1189	0.79012	0.6688	0.36718	0.18202	0.20372	0.19814	0.53266	0.41749	0.40002	0.87764	0.8453	0.14978	0.18121	0.28856	0.25539	0.076956	0.2679	0.049528	0.14331	0.17374	0.43671	0.12769
Meth__cg06220958__MYH2	0.23574	0.037092	0.13544	0.27725	0.035966	0.097533	0.096126	0.13782	0.23326	0.14682	0.15288	0.07415	0.077239	0.10347	0.068061	0.097058	0.077442	0.21619	0.11753	0.083922	0.079345	0.32157	0.061541	0.051586	0.076432	0.11432	0.35734	0.12778	0.13862	0.15214
RS_G22235__AC087350.3__AC087350.3	6.7584	3.3757	0	4.1748	0	2.4007	8.6826	5.3739	9.9573	6.5159	4.2809	8.6943	4.2513	7.319	0.31621	0	5.0434	3.5025	6.3716	3.8004	0.80904	1.6475	4.6914	10.1015	7.7291	3.0354	5.2584	3.9664	3.1179	0.82242
Meth__cg09044743__PANK4	0.05407	0.046202	0.69989	0.70409	0.085507	0.064025	0.12681	0.069729	0.16758	0.14104	0.14295	0.078209	0.07428	0.15611	0.047663	0.14571	0.30804	0.046167	0.14578	0.073667	0.62169	0.36285	0.053698	0.042783	0.27602	0.043757	0.097832	0.095741	0.25782	0.087561
Meth__cg11726593__IMPA1	0.43298	0.03894	0.82356	0.50668	0.33685	0.042209	0.7904	0.50204	0.56189	0.45207	0.2373	0.14347	0.11205	0.25258	0.37837	0.52689	0.31829	0.51882	0.55706	0.12149	0.39156	0.75873	0.043647	0.049511	0.72797	0.40705	0.036789	0.31585	0.84287	0.3216
Meth__cg16762195__LGP2	0.029625	0.076357	0.043369	0.024755	0.14529	0.037691	0.033215	0.067469	0.1291	0.031151	0.15563	0.33017	0.029089	0.060087	0.037444	0.41257	0.43414	0.030873	0.034823	0.16766	0.13311	0.12418	0.029743	0.028521	0.0308	0.10755	0.077834	0.034659	0.1682	0.3161
RS_G3758__SOD3__SOD3	7.5192	4.4952	4.6305	5.0809	0	0.33068	0	0.9042	6.7181	3.1972	0	6.5962	1.8315	1.4813	0.36301	0.31984	0	0.60126	0	4.7235	5.6337	0	0.3023	0	8.0244	0	9.7077	0.80941	0	0.23985
Meth__cg09297361__SNX22	0.088315	0.074757	0.083927	0.07085	0.80501	0.108	0.049962	0.073798	0.095671	0.078274	0.36926	0.8564	0.07315	0.095148	0.060985	0.11906	0.27048	0.092793	0.061242	0.43491	0.20989	0.19689	0.070192	0.05567	0.065249	0.5308	0.13907	0.080336	0.3604	0.5555
Meth__cg00303548__HS6ST3	0.031044	0.015658	0.028269	0.018552	0.3425	0.041356	0.028235	0.036309	0.037953	0.020909	0.084408	0.038908	0.030124	0.037391	0.035288	0.032418	0.049931	0.027975	0.019417	0.070198	0.050559	0.05774	0.022965	0.02732	0.018698	0.037547	0.067436	0.057953	0.03398	0.038228
Meth__cg12891678__SPRR2D	0.65597	0.064647	0.80788	0.76616	0.065692	0.48435	0.8479	0.23086	0.10097	0.69092	0.71983	0.082306	0.37615	0.2323	0.045983	0.12304	0.15548	0.066439	0.81388	0.096209	0.23465	0.22566	0.059724	0.065415	0.07916	0.31478	0.087678	0.54661	0.51812	0.56668
RS_G17782__NCCRP1__NCCRP1	1.9723	8.6754	1.5981	1.8852	0.54713	1.1785	1.3837	2.3662	2.0152	6.4577	2.5357	0	0.72975	7.6867	0.73063	1.3422	0.12719	1.2547	9.0527	0	1.4329	0.61219	0.23329	0.67322	9.318	5.0823	2.535	6.5272	6.7479	0.97934
Meth__cg08397758__C10orf33	0.047195	0.060419	0.046762	0.039605	0.88177	0.074009	0.04076	0.051551	0.037272	0.12041	0.11133	0.050358	0.12013	0.071095	0.042098	0.058421	0.045577	0.054977	0.0406	0.053249	0.057831	0.099132	0.8114	0.037196	0.029896	0.043253	0.059265	0.049966	0.050382	0.04376
Meth__cg26292864__ITM2C	0.032456	0.04	0.040057	0.030292	0.036757	0.046994	0.029602	0.052263	0.032321	0.036959	0.10165	0.038588	0.037562	0.066553	0.03566	0.023963	0.046368	0.62352	0.036716	0.10999	0.05268	0.10227	0.031379	0.039526	0.027452	0.035952	0.14206	0.05245	0.047418	0.066555
Meth__cg24355048__CTSG	0.74582	0.043631	0.57493	0.20997	0.068882	0.16942	0.2244	0.04173	0.2287	0.19752	0.17992	0.082565	0.24948	0.1699	0.062479	0.087189	0.15361	0.93082	0.73607	0.055578	0.074664	0.15727	0.058787	0.058862	0.030174	0.055267	0.098952	0.040309	0.19996	0.11128
Meth__cg05523085__MYO5A	0.037195	0.037682	0.048347	0.04138	0.5795	0.39371	0.07913	0.031284	0.085078	0.048622	0.74325	0.098435	0.053528	0.093015	0.062918	0.088469	0.033305	0.22294	0.050609	0.60108	0.22719	0.17868	0.16878	0.036228	0.031483	0.26213	0.14492	0.044942	0.086631	0.32246
Meth__cg00446235__F11R	0.034941	0.24744	0.039138	0.019974	0.29038	0.041805	0.025367	0.047406	0.2971	0.036541	0.077023	0.038689	0.026911	0.096095	0.94695	0.031219	0.043146	0.035773	0.034276	0.80302	0.041656	0.13572	0.40574	0.039574	0.034358	0.033855	0.062693	0.048893	0.048342	0.044797
Meth__cg06994747__ADAMTS10	0.10111	0.23837	0.14425	0.097217	0.080007	0.44607	0.074357	0.083046	0.089396	0.073868	0.28615	0.10217	0.12019	0.13141	0.13437	0.18516	0.12418	0.092044	0.071314	0.88686	0.5385	0.46039	0.077263	0.087157	0.071883	0.76258	0.15024	0.088105	0.083813	0.10429
Meth__cg15931943__FHIT	0.029246	0.024592	0.029412	0.019725	0.058098	0.028772	0.019822	0.023602	0.020781	0.01692	0.083538	0.031973	0.047561	0.032311	0.02937	0.15922	0.028475	0.028231	0.021427	0.15215	0.026649	0.032479	0.019408	0.027162	0.023808	0.030796	0.044487	0.028769	0.026906	0.026815
RS_G14453__NR2F1__NR2F1	0	0.62002	0.26207	0	8.065	0	1.6759	3.4171	0.14742	4.981	4.7643	4.1435	1.2267	4.8295	7.9087	2.6308	0.72901	1.9212	1.1957	8.0721	9.375	10.4319	6.7984	3.8738	4.7493	1.7813	4.5034	1.195	4.6681	8.2892
Meth__cg19384697__UPK3B	0.077999	0.07585	0.34731	0.0963	0.46246	0.15257	0.10996	0.10479	0.096249	0.063856	0.25621	0.15206	0.32762	0.097802	0.11949	0.069637	0.084561	0.45866	0.066121	0.76983	0.11446	0.14927	0.10636	0.37344	0.092723	0.078963	0.084227	0.069977	0.13846	0.37555
RS_G13657__SNTB1__SNTB1	5.3832	8.4768	2.0145	4.4193	0.46368	0	4.8195	3.4038	1.0708	3.8555	1.6321	3.1292	1.0472	4.6096	7.4302	0.58832	1.0654	0.79422	6.1443	4.9661	0.91013	0	4.5946	3.3807	8.5304	0.43164	3.1699	0.94195	3.7784	3.5099
Meth__cg21656748__SCARB2	0.031107	0.095541	0.028895	0.034106	0.51956	0.030315	0.024849	0.043724	0.025575	0.070104	0.13929	0.036236	0.023733	0.040582	0.029758	0.22914	0.065732	0.1199	0.02	0.08554	0.031255	0.09981	0.021396	0.026959	0.016455	0.035158	0.041299	0.032578	0.033102	0.034309
Meth__cg10714284__HLA-DMB	0.054847	0.03031	0.076455	0.046909	0.042629	0.038486	0.17332	0.045129	0.07533	0.11855	0.041495	0.038625	0.027887	0.10148	0.034527	0.041441	0.02611	0.03803	0.043452	0.071139	0.060074	0.071615	0.022947	0.036943	0.027579	0.045921	0.079195	0.045304	0.060998	0.050892
Meth__cg09226684__KLK10	0.57287	0.087975	0.2924	0.10584	0.38722	0.10052	0.17463	0.10219	0.86567	0.72887	0.12721	0.12659	0.27874	0.10526	0.2206	0.095399	0.12513	0.63634	0.36703	0.29566	0.11556	0.56308	0.11019	0.11508	0.11836	0.11587	0.11765	0.088704	0.1027	0.086381
Meth__cg14681055__PITX3	0.96442	0.045994	0.96446	0.97266	0.67592	0.93539	0.60438	0.047637	0.88187	0.082909	0.72562	0.064399	0.034826	0.064283	0.35747	0.24377	0.069844	0.5819	0.95324	0.88011	0.96491	0.89578	0.041508	0.44164	0.10359	0.4961	0.94738	0.14847	0.94282	0.9321
Meth__cg05840031__PAX6	0.064235	0.25073	0.16263	0.098279	0.073639	0.6062	0.039474	0.62385	0.17546	0.035845	0.57785	0.029669	0.034314	0.054499	0.043144	0.60186	0.60499	0.48527	0.1914	0.88497	0.58773	0.73826	0.071245	0.11396	0.036055	0.62303	0.073864	0.050418	0.43749	0.3996
Meth__cg12022621__LAX1	0.55507	0.053922	0.72904	0.68955	0.21567	0.23262	0.85927	0.060584	0.44002	0.87858	0.24957	0.37301	0.43306	0.17233	0.045094	0.45105	0.66091	0.71212	0.87221	0.15431	0.34435	0.15989	0.040784	0.058088	0.051656	0.12454	0.13661	0.75167	0.39242	0.17796
Meth__cg04736140__GPR161	0.035733	0.11043	0.15549	0.066657	0.059729	0.47096	0.05763	0.036992	0.054499	0.030244	0.2861	0.29259	0.033184	0.077444	0.032714	0.84707	0.76869	0.24261	0.27	0.41122	0.055859	0.084649	0.23925	0.032429	0.030893	0.53413	0.04532	0.16297	0.12729	0.14229
Meth__cg01837574__TRAPPC1	0.080761	0.18882	0.6365	0.097139	0.086736	0.12488	0.29758	0.13013	0.46717	0.89892	0.1465	0.28955	0.082558	0.18424	0.043939	0.086368	0.064281	0.089265	0.14929	0.087433	0.063197	0.14047	0.06167	0.35351	0.10346	0.06718	0.10099	0.11205	0.0655	0.072278
RS_G2982__NCALD__NCALD	4.3153	2.4446	5.2968	3.4999	4.5153	0.51725	2.7335	1.4971	0.20432	1.7263	0.10957	0.51904	0.31846	3.4817	0.25333	1.5508	2.1677	4.1108	3.4312	0.39818	2.874	0.75631	0.21028	0.42403	4.7842	1.5149	3.0914	3.3798	3.9235	1.34
RS_G2016__COL9A3__COL9A3	1.4993	4.0111	0.88215	3.5012	1.2322	0.70713	6.8804	1.1249	5.9643	2.6759	0	0.21295	2.7092	0.925	0.61144	3.7968	1.6879	3.6563	4.4015	0.36722	3.2525	4.299	0.35941	9.2432	5.9379	2.9855	4.585	7.0235	1.077	0.53092
Meth__cg18669381__ARHGEF19	0.069456	0.054734	0.066552	0.057513	0.34519	0.059887	0.050163	0.060015	0.058052	0.054098	0.093711	0.069911	0.25933	0.09417	0.16583	0.051857	0.064602	0.054115	0.052454	0.28585	0.057193	0.093656	0.10506	0.084705	0.060102	0.051879	0.046164	0.075579	0.052313	0.061117
RS_G41__TFPI__TFPI	1.8179	0.2174	0.72568	0.79129	8.5146	4.5244	0	3.8782	0	3.7167	5.6665	2.9865	5.668	6.5509	6.9449	4.0401	7.4224	4.2219	2.2633	7.667	0.35548	0	3.6419	0	0.60216	4.1591	0	0.79281	0	0
Meth__cg11521325__FLJ32926	0.28701	0.051987	0.5736	0.37893	0.16098	0.18985	0.79586	0.24987	0.31047	0.60519	0.20071	0.18714	0.57895	0.10666	0.082371	0.40238	0.40775	0.66196	0.80626	0.11307	0.145	0.14745	0.062955	0.1	0.044765	0.080756	0.44286	0.75243	0.18562	0.11095
Meth__cg00746083__CHD8	0.047919	0.046485	0.040164	0.035523	0.041837	0.050546	0.042345	0.04367	0.042765	0.030797	0.088698	0.033588	0.046863	0.097249	0.036376	0.039234	0.044381	0.046551	0.033462	0.10109	0.041627	0.06234	0.049105	0.049147	0.032043	0.043708	0.16164	0.057309	0.049414	0.04643
RS_G15260__HES7__HES7	0	0.74429	0	0	4.4729	0	2.4728	0.87896	0	1.1211	0.63934	0	0	2.2176	2.0907	0	0.67844	0	0.44243	3.469	1.3203	1.06	5.7877	8.4374	0	0	0	0.77514	4.6814	5.2286
Meth__cg03751799__SRPRB	0.070363	0.049246	0.10586	0.025767	0.055498	0.099713	0.042254	0.073961	0.040834	0.029842	0.097832	0.072583	0.034396	0.075538	0.063462	0.035133	0.083026	0.082957	0.035199	0.16208	0.067206	0.11249	0.040728	0.062845	0.049543	0.041112	0.054777	0.053707	0.097764	0.08709
RS_G4477__IFIH1__IFIH1	5.5519	5.0104	4.6702	6.8435	0.57761	6.2807	4.7528	5.0304	10.0636	6.0943	6.2488	4.7248	3.5667	8.2669	1.4788	4.3502	3.9352	6.35	4.2171	3.4482	3.4814	4.6777	3.3564	5.3174	6.8807	5.1924	4.8213	3.2622	5.4048	4.3929
Meth__cg04057858__UNQ9391	0.52954	0.063359	0.081237	0.067658	0.058364	0.084049	0.69903	0.066551	0.21483	0.40487	0.096306	0.12681	0.56305	0.12076	0.057171	0.16738	0.21623	0.062387	0.70593	0.19246	0.066868	0.15455	0.055169	0.054401	0.068049	0.069307	0.19634	0.26696	0.082934	0.15108
Meth__cg22882178__PITX3	0.93999	0.039592	0.93756	0.94541	0.6381	0.93518	0.36045	0.041114	0.9171	0.12286	0.60512	0.12069	0.024645	0.16614	0.065977	0.39538	0.05482	0.5138	0.93862	0.82543	0.93211	0.86115	0.041776	0.49913	0.082571	0.43038	0.92746	0.12057	0.91867	0.89754
Meth__cg07960846__STK11	0.051447	0.075498	0.057634	0.045735	0.049351	0.055713	0.046644	0.052191	0.044602	0.040121	0.10296	0.067326	0.052771	0.080995	0.047119	0.042043	0.050489	0.059792	0.038091	0.099441	0.055775	0.0611	0.04645	0.50509	0.035686	0.040517	0.1134	0.050345	0.055931	0.04898
Meth__cg08250444__EFNA1	0.034524	0.031093	0.031325	0.024754	0.033912	0.032918	0.024741	0.041749	0.027633	0.033106	0.07748	0.03366	0.030028	0.091665	0.28558	0.024771	0.034869	0.039355	0.023801	0.14234	0.040606	0.063635	0.034472	0.025688	0.026018	0.024207	0.055129	0.03628	0.028882	0.03124
Meth__cg16812893__KRTAP15-1	0.84791	0.045859	0.8271	0.50706	0.17016	0.83603	0.9097	0.055101	0.67342	0.34156	0.19177	0.59952	0.094978	0.056857	0.06038	0.082529	0.12679	0.48397	0.75945	0.075929	0.20093	0.18055	0.12588	0.10819	0.048715	0.13562	0.095746	0.05561	0.43157	0.62722
Meth__cg07031996__MTF1	0.73507	0.039499	0.44024	0.10082	0.047448	0.2619	0.23157	0.18537	0.14455	0.157	0.097303	0.062423	0.023207	0.085354	0.10585	0.084842	0.056903	0.12121	0.90034	0.37892	0.15474	0.29812	0.02577	0.0232	0.11106	0.1262	0.056683	0.050524	0.15297	0.067504
Meth__cg04739570__PODXL2	0.066825	0.058281	0.069193	0.044006	0.67678	0.67613	0.052799	0.084987	0.055498	0.61847	0.79551	0.11182	0.55203	0.18264	0.32317	0.71109	0.28045	0.060963	0.097177	0.84827	0.73387	0.89681	0.062706	0.36705	0.071464	0.070805	0.12386	0.068793	0.058443	0.05713
Meth__cg16639637__TUBGCP5	0.04286	0.039586	0.035071	0.046577	0.035063	0.044047	0.02732	0.062338	0.038117	0.036237	0.17603	0.041598	0.040433	0.68123	0.041463	0.040452	0.045575	0.5727	0.034813	0.099684	0.05961	0.14413	0.048131	0.037276	0.032986	0.047895	0.13231	0.046024	0.044059	0.034574
Meth__cg27472032__VPS39	0.025183	0.021424	0.037702	0.024718	0.03784	0.027272	0.026846	0.043169	0.027156	0.026503	0.082591	0.028022	0.52184	0.048482	0.024641	0.030018	0.034733	0.058287	0.024295	0.090047	0.032019	0.064794	0.028325	0.038794	0.023978	0.020829	0.048186	0.035818	0.032209	0.034404
Meth__cg05655556__PSMD2	0.035216	0.020781	0.02286	0.040361	0.67511	0.066694	0.015707	0.026307	0.028017	0.026397	0.068919	0.027331	0.034055	0.046803	0.23696	0.018182	0.027427	0.053099	0.040163	0.044703	0.035487	0.055383	0.027349	0.028213	0.024643	0.12958	0.02911	0.032508	0.044776	0.098772
Meth__cg26755715__FEZ2	0.06208	0.034596	0.052396	0.046453	0.051064	0.054469	0.095547	0.054825	0.054416	0.066775	0.10611	0.036295	0.048653	0.050138	0.040746	0.03118	0.03874	0.053507	0.044417	0.10179	0.041611	0.086685	0.043376	0.044459	0.15479	0.048422	0.21458	0.039123	0.066841	0.035122
Meth__cg12559031__DLX4	0.063804	0.047144	0.073393	0.029821	0.47001	0.062107	0.046201	0.048759	0.10037	0.028062	0.051139	0.041007	0.23701	0.094423	0.10007	0.033401	0.069077	0.057592	0.035906	0.089583	0.047465	0.40484	0.088846	0.30669	0.035619	0.36688	0.026596	0.039656	0.039526	0.042181
Meth__cg06101324__SPRR1A	0.91014	0.035554	0.90436	0.88729	0.048965	0.25398	0.70221	0.089253	0.058025	0.67343	0.75938	0.057645	0.059044	0.14949	0.048081	0.20055	0.18535	0.065073	0.79591	0.086043	0.071453	0.071162	0.046092	0.073252	0.049046	0.080777	0.10818	0.81094	0.36761	0.5226
RS_G7114__DSC3__DSC3	0.49573	0.39677	0.62504	0.63213	0.2795	0.3894	7.5985	0.84273	0.60086	7.081	1.5077	0.39204	7.2272	8.0574	1.0849	0.31427	0.28104	0.81509	3.5073	0.35268	0.20643	0.58525	0.32785	5.5162	1.6246	0.20067	0.45929	0.40609	0.80168	0.44014
RS_G3962__OAS2__OAS2	4.3877	1.8619	0.23744	7.0052	0.056976	0.1167	0	3.2922	9.1157	5.8469	5.639	0.22552	2.2623	9.5512	0.30327	2.3693	1.4216	0.27765	3.6094	0.76221	0.49092	0	0.20349	2.0593	8.8459	4.2907	6.5074	0.28765	1.9355	0.55898
Meth__cg15042080__TMEM74	0.055874	0.019964	0.54222	0.025011	0.14988	0.96617	0.21573	0.036118	0.030738	0.044597	0.51547	0.025106	0.040891	0.19869	0.10478	0.77336	0.92443	0.42915	0.023478	0.60025	0.42789	0.95757	0.035729	0.026023	0.020107	0.96661	0.066939	0.69568	0.068177	0.39499
Meth__cg13158571__CYP4X1	0.04061	0.22216	0.043895	0.028983	0.71473	0.76414	0.03723	0.30967	0.65769	0.76576	0.94681	0.24715	0.049216	0.068625	0.022797	0.84663	0.89114	0.92693	0.12825	0.54104	0.8731	0.75053	0.257	0.024996	0.033404	0.045871	0.2217	0.062353	0.43288	0.88393
Meth__cg16249454__CXCL2	0.023875	0.22987	0.025954	0.021103	0.089794	0.078958	0.028059	0.091278	0.029988	0.020634	0.039564	0.71471	0.02023	0.041026	0.018585	0.044244	0.028175	0.079515	0.01936	0.056035	0.024332	0.086578	0.025069	0.014448	0.015745	0.75764	0.19378	0.026162	0.033448	0.359
Meth__cg05719902__LOC136306	0.62022	0.081224	0.096723	0.23394	0.94658	0.56036	0.12775	0.073537	0.072677	0.19613	0.23689	0.16505	0.20656	0.14385	0.71836	0.086918	0.63461	0.86187	0.069788	0.9039	0.087311	0.73474	0.51398	0.15094	0.062488	0.59251	0.14194	0.080448	0.51157	0.5288
RS_G16297__RKHD3__RKHD3	2.0171	3.6158	4.1849	3.1703	4.7893	3.3281	2.4169	2.8749	2.0513	1.5107	1.3909	2.9799	2.7803	1.3012	3.7739	4.1477	3.8481	4.4873	1.1298	1.8239	3.3296	4.0966	7.5653	0.42356	0.56559	0.75073	0.4064	4.3197	3.3748	2.4971
Meth__cg00419564__S100A6	0.04492	0.5113	0.080963	0.20871	0.58613	0.066202	0.071459	0.65521	0.17574	0.064917	0.58331	0.12709	0.048364	0.17592	0.049893	0.74888	0.54231	0.40383	0.03668	0.082412	0.053672	0.39203	0.069532	0.059571	0.037158	0.041721	0.060747	0.30684	0.14581	0.14331
Meth__cg07007400__KRT7	0.055763	0.046739	0.055848	0.053989	0.86183	0.087797	0.049454	0.85972	0.10655	0.053436	0.075979	0.054914	0.078192	0.099266	0.84862	0.877	0.86467	0.54035	0.040393	0.14013	0.059741	0.102	0.10632	0.046383	0.048268	0.045592	0.51199	0.051887	0.83956	0.82992
Meth__cg16689634__CYP4X1	0.070387	0.34942	0.088826	0.050963	0.85139	0.67648	0.13259	0.046244	0.33599	0.41945	0.86428	0.49694	0.38524	0.12218	0.052548	0.8637	0.89911	0.9004	0.14872	0.7006	0.87605	0.79832	0.06817	0.049273	0.039131	0.0523	0.13342	0.12545	0.58011	0.87703
Meth__cg17864730__ITGB8	0.048052	0.65607	0.12863	0.037607	0.21752	0.33071	0.057494	0.21529	0.0512	0.02898	0.14006	0.038309	0.029318	0.10732	0.025367	0.36216	0.075311	0.47696	0.12816	0.4036	0.04875	0.14054	0.052867	0.027042	0.026173	0.8504	0.068925	0.039135	0.14096	0.47354
RS_G22491__AC008734.7__AC008734.7	2.8709	6.4765	0.59515	2.5045	0	0	6.2257	0.078348	0.813	5.8028	0.55869	3.0198	0	3.8887	0	0.17013	1.8018	0.11947	5.4715	0	0.13791	0.54559	0	3.4623	2.5347	0	0	1.7923	1.6888	0.84556
RS_G12106__FBN1__FBN1	1.2014	1.8895	2.1102	0.65511	7.5586	2.1463	1.108	0.18388	0.66708	4.1752	1.0146	4.3982	6.9848	4.5742	9.8221	0.29333	1.5016	1.6413	0.80989	5.7106	1.3307	3.0962	5.4877	1.9859	0.49329	1.2437	0.29429	1.1637	1.0261	0.5397
RS_G13225__KRT75__KRT75	0.1001	0.48837	0.13704	2.6322	0	0.24517	5.1256	0	2.0876	3.4922	6.9589	8.326	0	2.9312	1.6538	1.0494	0	0.44826	7.6739	0	0	0	2.1211	0.93863	2.1169	0.25517	0.87163	3.2242	0	0
RS_G16526__ALDH1A3__ALDH1A3	6.9869	6.6244	3.4412	2.4634	1.2073	2.8938	11.2405	1.4376	5.1885	10.8421	12.6084	10.846	3.2546	8.3779	5.4292	5.6338	1.6124	1.2527	9.3386	4.3207	2.1737	1.7792	1.5677	6.6021	7.6667	3.6909	6.7618	5.3565	5.1568	3.5552
Meth__cg00047050__CUL5	0.092269	0.057714	0.44268	0.25242	0.068272	0.10797	0.19343	0.078839	0.049287	0.17286	0.087833	0.075434	0.05739	0.16017	0.032915	0.066264	0.080443	0.18814	0.088729	0.14348	0.061065	0.09455	0.033899	0.049064	0.10214	0.068864	0.062553	0.068174	0.07166	0.087823
RS_G1562__PKP1__PKP1	0.15156	0.83599	6.0682	6.0765	0.18638	0.40659	9.1236	0.19294	6.8236	7.6667	0	1.0626	1.1375	8.3043	0	7.5597	4.8379	0	4.5401	0.41271	5.5674	1.1903	1.2462	8.7949	6.8734	0.9191	0.68334	5.1307	0.77356	0
Meth__cg20345446__OSBPL5	0.3735	0.30513	0.39977	0.1196	0.45432	0.15928	0.487	0.065904	0.23599	0.79346	0.117	0.079407	0.046067	0.074235	0.051726	0.40541	0.30336	0.41197	0.3587	0.15437	0.29511	0.2807	0.57384	0.035188	0.18995	0.053581	0.17594	0.056968	0.10933	0.053195
Meth__cg19391527__PNOC	0.14887	0.048461	0.73781	0.35488	0.035851	0.19948	0.89399	0.443	0.1034	0.45685	0.56831	0.22403	0.11284	0.19048	0.033827	0.26792	0.19855	0.60304	0.88826	0.11577	0.16356	0.11121	0.045763	0.049613	0.11617	0.10822	0.1407	0.16497	0.07463	0.065023
RS_G3786__CRYAB__CRYAB	7.266	8.3291	0	2.3366	1.0408	1.6832	8.482	5.1028	5.354	7.128	0.31225	9.9378	4.6023	7.0517	3.9155	1.2213	1.0565	0.87791	7.1533	0	1.715	0.98245	4.779	4.9852	10.0216	5.8363	4.1438	2.0266	0	1.7462
RS_G12622__ENTPD3__ENTPD3	4.2057	1.6276	2.4329	2.2836	0.094504	1.3137	2.4286	0.25413	0.3192	0.97482	2.9286	0.36104	0	5.8247	0	3.3313	1.5158	0.18811	0.28822	1.9706	0.86462	0.46191	0.17393	0.98866	4.5946	0.10292	2.4856	4.1525	0	0
Meth__cg09146695__LEF1	0.070533	0.055806	0.062928	0.054207	0.81078	0.063236	0.057627	0.05299	0.050982	0.038734	0.16538	0.059044	0.057906	0.19928	0.05163	0.057019	0.10165	0.044202	0.047051	0.20767	0.075889	0.15056	0.043407	0.054221	0.052103	0.06466	0.068826	0.097543	0.072622	0.073252
Meth__cg05656364__VAMP8	0.032756	0.02462	0.03436	0.032309	0.87737	0.037741	0.020632	0.027438	0.029886	0.021282	0.056348	0.030676	0.25358	0.10565	0.75789	0.037273	0.030579	0.034231	0.021661	0.16361	0.026642	0.16447	0.83174	0.02615	0.02433	0.02251	0.07315	0.03584	0.028255	0.03151
Meth__cg04726446__MGC16372	0.5166	0.20065	0.83452	0.88331	0.89356	0.276	0.89099	0.055629	0.61343	0.78049	0.87379	0.48014	0.050844	0.091344	0.04128	0.15478	0.056118	0.075857	0.07828	0.85818	0.66336	0.85139	0.063295	0.036951	0.81636	0.64857	0.83956	0.04065	0.67102	0.84202
Meth__cg00401678__EMR3	0.35557	0.054999	0.30157	0.16115	0.11757	0.25427	0.7799	0.13043	0.49099	0.36387	0.22148	0.33759	0.58399	0.087834	0.074921	0.16299	0.17368	0.22916	0.35587	0.1069	0.13081	0.2459	0.10537	0.086848	0.072296	0.26707	0.21059	0.16778	0.20758	0.24382
Meth__cg09076077__FLJ33860	0.9135	0.095383	0.88458	0.64237	0.20871	0.74994	0.9471	0.6525	0.89522	0.80475	0.78764	0.58229	0.62779	0.19752	0.044325	0.28591	0.67228	0.89346	0.94333	0.17611	0.71059	0.91126	0.049679	0.040029	0.48567	0.84222	0.073372	0.93637	0.086513	0.0558
RS_G16898__AC073468.9__AC073468.9	2.771	6.104	3.2477	2.9543	0	0	2.1311	0	3.5396	3.5696	3.464	4.6909	0	4.557	0	3.053	1.4065	1.2126	4.682	0	2.3478	0.5494	0.55787	1.3527	4.7935	7.8208	1.3018	2.9242	2.9131	0.94339
Meth__cg26415633__KLK1	0.30214	0.032941	0.84452	0.56845	0.13461	0.20517	0.86227	0.32002	0.31383	0.79195	0.64356	0.43373	0.3614	0.051494	0.027902	0.55449	0.57178	0.15106	0.83319	0.1106	0.2306	0.20637	0.37238	0.049292	0.093793	0.54378	0.23353	0.68988	0.13359	0.2081
Meth__cg24937126__LAMB1	0.019127	0.017906	0.018387	0.018274	0.30594	0.021141	0.020592	0.02508	0.023046	0.018714	0.054947	0.14695	0.019502	0.050662	0.011857	0.022838	0.093632	0.027441	0.025467	0.88393	0.02993	0.071217	0.020822	0.020147	0.021919	0.023186	0.04724	0.3028	0.02217	0.05279
Meth__cg23001457__MRGPRX1	0.56745	0.025138	0.49503	0.22909	0.093443	0.12523	0.57016	0.040234	0.3621	0.72664	0.56755	0.087781	0.32956	0.10127	0.041804	0.072944	0.12366	0.36173	0.40613	0.0726	0.077363	0.18964	0.058205	0.54903	0.040831	0.24099	0.13333	0.54483	0.15924	0.341
Meth__cg11214889__CLUL1	0.041391	0.027944	0.038262	0.032343	0.29705	0.041673	0.023525	0.045957	0.045534	0.029415	0.059021	0.023269	0.051412	0.054623	0.88483	0.033151	0.041597	0.051926	0.033226	0.70005	0.034581	0.14515	0.049096	0.036057	0.028149	0.044546	0.079935	0.041253	0.066431	0.035939
Meth__cg00948524__RNF135	0.025061	0.064434	0.028212	0.02418	0.46966	0.040306	0.047157	0.10567	0.02759	0.079675	0.061829	0.032299	0.025079	0.054474	0.030952	0.032944	0.054691	0.13623	0.038333	0.26302	0.035023	0.10438	0.03711	0.030841	0.028373	0.027511	0.041164	0.036888	0.037101	0.48106
Meth__cg23478284__PTPN13	0.033331	0.032125	0.046718	0.03367	0.43815	0.046293	0.031672	0.045013	0.034556	0.034514	0.18796	0.11928	0.039739	0.10485	0.036535	0.023906	0.040796	0.0357	0.035962	0.12309	0.041769	0.076353	0.032498	0.042067	0.031046	0.040041	0.066781	0.046243	0.041304	0.038859
Meth__cg22473973__BNIP3	0.12549	0.20176	0.1853	0.10752	0.1145	0.15135	0.2115	0.15059	0.1984	0.70193	0.29365	0.12415	0.10587	0.16978	0.046742	0.10075	0.1081	0.14297	0.18735	0.16151	0.16259	0.13824	0.12015	0.25523	0.26876	0.1282	0.32983	0.11758	0.14227	0.17623
Meth__cg19219437__PCOLCE2	0.045632	0.080233	0.068911	0.039252	0.043332	0.19982	0.052396	0.060096	0.042415	0.038982	0.14378	0.49152	0.036364	0.11058	0.046212	0.049233	0.071252	0.49104	0.065428	0.096569	0.046201	0.51785	0.049985	0.048987	0.044371	0.32646	0.072796	0.050737	0.051113	0.057616
Meth__cg07330329__TRIM48	0.39161	0.065597	0.39617	0.12532	0.062487	0.41774	0.1816	0.080043	0.44044	0.25934	0.07149	0.077626	0.054476	0.19588	0.12098	0.125	0.15743	0.13627	0.3495	0.10679	0.18739	0.10526	0.086803	0.10317	0.036696	0.091285	0.10824	0.048917	0.21578	0.2038
Meth__cg06632528__NUDT22	0.034071	0.044609	0.033897	0.037728	0.061054	0.043034	0.027891	0.047588	0.039411	0.056631	0.08134	0.051908	0.044121	0.066222	0.033329	0.031397	0.043207	0.039208	0.033608	0.11671	0.044485	0.078657	0.03327	0.32361	0.029186	0.034271	0.054745	0.042403	0.044248	0.036726
Meth__cg16101572__ZNF219	0.044153	0.033845	0.036402	0.028014	0.039517	0.052649	0.02105	0.04451	0.038095	0.039769	0.083344	0.034722	0.036424	0.14091	0.46347	0.032222	0.041626	0.039117	0.030346	0.10375	0.044257	0.062895	0.03648	0.030063	0.026999	0.040154	0.11052	0.038721	0.047941	0.044472
RS_G3761__TRIM2__TRIM2	6.299	5.3394	2.5021	4.8596	4.3894	0	5.2157	6.6038	9.3226	5.3512	6.6069	5.0518	5.6753	6.4392	2.976	3.4948	2.0666	3.9849	4.6512	4.5953	2.8767	1.6906	2.6874	4.5541	6.3819	6.1299	4.6767	2.2026	0.11351	0.11376
Meth__cg22268164__TRHR	0.57429	0.048519	0.80406	0.60388	0.040804	0.58111	0.82198	0.041128	0.27461	0.17896	0.19433	0.10983	0.8143	0.086848	0.11223	0.024761	0.15936	0.21447	0.89483	0.55575	0.26702	0.43692	0.53143	0.27608	0.099409	0.046432	0.17304	0.038253	0.33626	0.21672
Meth__cg24130043__ZNF197	0.037681	0.043548	0.53424	0.057586	0.031716	0.050139	0.92907	0.055191	0.41337	0.078235	0.61931	0.04246	0.039985	0.098345	0.027779	0.165	0.14452	0.038566	0.19011	0.060887	0.046864	0.089291	0.036033	0.038844	0.28905	0.03514	0.14978	0.038902	0.42765	0.54838
Meth__cg20699736__VAX2	0.10919	0.22933	0.10454	0.14927	0.31776	0.43366	0.043405	0.14534	0.070087	0.059149	0.76703	0.28666	0.062309	0.069824	0.3766	0.20507	0.24149	0.079207	0.16609	0.5656	0.29541	0.72788	0.058948	0.029255	0.092611	0.79616	0.065822	0.063298	0.091466	0.40188
RS_G133__CX3CL1__CX3CL1	0.24547	6.7838	7.0627	7.822	0	0	6.7812	8.2104	6.6072	4.6676	7.3727	6.6963	6.137	9.7259	0.67937	0.15441	0.30007	5.6642	7.8818	0.075576	2.585	0.27955	0	0	9.7126	0.59899	0.094372	0.69842	0	0.22386
RS_G13648__CALB2__CALB2	7.6915	2.1737	1.662	6.2908	0	0	5.2036	5.3998	10.1444	6.1106	8.6075	8.2301	3.0522	9.9809	0.80746	0.82851	2.3077	1.4654	6.4264	2.8203	1.4489	0.55944	0.79094	2.0732	8.9452	7.127	0.38243	3.7476	2.8904	0.46928
Meth__cg17454897__ADAMTS10	0.029887	0.45737	0.11828	0.040538	0.02667	0.49444	0.020703	0.037208	0.029329	0.032059	0.32859	0.031558	0.019796	0.072041	0.057575	0.50204	0.050125	0.024989	0.025906	0.87464	0.43385	0.26283	0.036425	0.053644	0.029154	0.89445	0.055115	0.040541	0.031016	0.037564
Meth__cg11563860__CNTN4	0.83424	0.057111	0.71136	0.47753	0.61884	0.8342	0.62559	0.07344	0.82098	0.51049	0.17296	0.53723	0.35958	0.19589	0.055602	0.1294	0.3207	0.51431	0.80234	0.23269	0.063268	0.79616	0.075088	0.42325	0.080107	0.17316	0.25623	0.079894	0.80379	0.65853
Meth__cg00119079__LAMP3	0.28744	0.5045	0.13135	0.56389	0.90101	0.88932	0.10649	0.15789	0.4055	0.089097	0.19984	0.073881	0.20483	0.12892	0.31969	0.89854	0.55412	0.79131	0.27633	0.58431	0.099018	0.73079	0.085762	0.32391	0.050751	0.79494	0.060795	0.10261	0.43625	0.6593
Meth__cg25499099__TNK1	0.032652	0.027856	0.037242	0.035071	0.76598	0.049258	0.05389	0.044526	0.031275	0.0359	0.077447	0.040279	0.038973	0.13487	0.040545	0.045809	0.033799	0.052589	0.030299	0.31613	0.03894	0.082882	0.14134	0.02446	0.030605	0.02888	0.043149	0.043687	0.037916	0.045772
Meth__cg06233503__KCNQ1	0.50235	0.040818	0.91735	0.78747	0.22437	0.44312	0.87218	0.078643	0.22938	0.41458	0.30963	0.1798	0.64766	0.10217	0.047645	0.72299	0.74497	0.34008	0.81495	0.14087	0.57032	0.41648	0.053277	0.062636	0.07619	0.068347	0.2955	0.94357	0.25968	0.21335
Meth__cg19478743__CXCL16	0.057203	0.91745	0.075086	0.041705	0.56923	0.070862	0.05286	0.042442	0.08427	0.065224	0.11272	0.94058	0.076221	0.10403	0.12385	0.085743	0.075012	0.065236	0.085477	0.7835	0.056325	0.15292	0.060698	0.043761	0.035789	0.50073	0.055945	0.047076	0.047644	0.082939
Meth__cg00042156__MGC16291	0.57086	0.041955	0.84318	0.92626	0.78103	0.61532	0.86331	0.93317	0.88142	0.83943	0.1543	0.84039	0.29624	0.073244	0.72791	0.57128	0.56745	0.11916	0.9494	0.049534	0.31504	0.32168	0.7485	0.036559	0.063568	0.088962	0.72405	0.18328	0.89812	0.94495
RS_G3964__MGP__MGP	12.7444	2.1266	10.3876	13.053	10.6511	7.0869	8.0389	10.7774	3.9569	8.6133	12.1311	10.4834	4.1418	13.2784	6.112	3.7236	6.4925	6.6738	9.692	3.8402	8.314	6.6113	1.0938	9.938	8.0841	3.1152	12.988	6.25	8.1643	5.2927
Meth__cg19486271__DDB2	0.057199	0.070845	0.1925	0.085676	0.053422	0.085334	0.092194	0.077941	0.061612	0.1879	0.13882	0.059419	0.051003	0.12165	0.049285	0.052621	0.049946	0.076663	0.36682	0.084093	0.074288	0.11145	0.049324	0.046609	0.069305	0.058057	0.093632	0.061842	0.063596	0.089835
RS_G11040__RBP7__RBP7	2.5571	1.1604	2.4051	2.7369	1.2423	2.0812	5.8017	6.599	0.70929	5.6841	1.4072	1.491	3.2908	1.3599	1.9102	1.3471	3.4292	2.3221	2.4849	0.5881	2.2494	1.3534	1.8559	2.5046	1.9795	1.5544	6.9952	4.2168	2.0234	1.3543
Meth__cg23704082__TRIM59	0.03677	0.034606	0.033956	0.034924	0.95368	0.047414	0.023019	0.032057	0.93783	0.028124	0.064982	0.030287	0.083179	0.056632	0.44469	0.042553	0.041526	0.10599	0.034745	0.56121	0.030175	0.07499	0.036943	0.033502	0.029225	0.037115	0.037455	0.042049	0.042709	0.044124
Meth__cg26610808__BLOC1S2	0.075949	0.16341	0.3262	0.33286	0.031414	0.10168	0.18329	0.10606	0.30333	0.37798	0.22702	0.1964	0.054664	0.11887	0.052059	0.19107	0.1057	0.36965	0.12938	0.056588	0.095566	0.072553	0.048763	0.065914	0.07836	0.23713	0.23515	0.074576	0.11678	0.34643
Meth__cg19937039__SERPINA10	0.64774	0.042989	0.78556	0.46636	0.098803	0.4085	0.93283	0.14964	0.53551	0.44723	0.56938	0.36016	0.87777	0.12491	0.15	0.22955	0.20259	0.92133	0.73609	0.11139	0.21542	0.10148	0.72054	0.066276	0.06967	0.33286	0.53932	0.67268	0.21574	0.14878
Meth__cg13992856__FLOT2	0.076711	0.22971	0.068871	0.095868	0.076309	0.094447	0.057821	0.16745	0.081507	0.060367	0.095422	0.12958	0.069415	0.10693	0.11466	0.068538	0.076298	0.14083	0.084581	0.18793	0.092432	0.11184	0.11874	0.071524	0.066481	0.12477	0.14507	0.12557	0.074069	0.079591
Meth__cg11483915__SLC40A1	0.04591	0.034868	0.0403	0.043431	0.931	0.052955	0.10827	0.046828	0.043951	0.40902	0.26562	0.91051	0.0467	0.066902	0.39573	0.92625	0.94573	0.68904	0.047566	0.41606	0.043303	0.078853	0.31153	0.19438	0.031211	0.41378	0.13875	0.050207	0.048421	0.039854
Meth__cg22771603__HSPA4	0.041849	0.050578	0.051348	0.035355	0.038096	0.04977	0.031408	0.57907	0.037076	0.040534	0.067674	0.055078	0.034189	0.079976	0.03499	0.3617	0.36322	0.061308	0.028207	0.10491	0.051225	0.07604	0.036121	0.036928	0.031237	0.03207	0.083027	0.30731	0.043583	0.03855
Meth__cg24467291__RSN	0.057535	0.60524	0.06003	0.22187	0.054211	0.24308	0.037533	0.13278	0.046619	0.028747	0.15056	0.059624	0.058277	0.1053	0.051146	0.051923	0.68203	0.8225	0.10884	0.10811	0.58186	0.095461	0.050421	0.094331	0.047469	0.056171	0.089281	0.14668	0.073323	0.3569
Meth__cg21912567__GADD45G	0.046526	0.055281	0.04759	0.052642	0.87335	0.055904	0.052709	0.041176	0.045158	0.038445	0.083601	0.45331	0.064269	0.091856	0.084758	0.036602	0.049243	0.046455	0.043304	0.35421	0.050838	0.087449	0.048335	0.049884	0.041598	0.053386	0.073784	0.046532	0.04809	0.05092
Meth__cg00297600__UNC5D	0.72702	0.060237	0.57631	0.11579	0.050434	0.22151	0.14484	0.1738	0.72172	0.29756	0.30926	0.43668	0.1033	0.44154	0.074699	0.093264	0.15118	0.86948	0.73269	0.16797	0.082288	0.59551	0.12311	0.54848	0.55537	0.65194	0.57143	0.15661	0.26251	0.29273
RS_G3858__SLC15A3__SLC15A3	0.89932	5.5094	2.8801	2.931	0	0.79011	0.38408	1.8214	7.3716	5.7384	1.474	0.94978	4.2055	4.9413	2.0345	1.8448	1.3939	1.5233	5.5805	1.4814	2.9525	1.4075	0	1.9831	7.2615	1.3756	6.484	4.3499	2.4676	1.1282
Meth__cg03109316__ZNF80	0.79014	0.032029	0.81772	0.3884	0.37761	0.63533	0.94863	0.33488	0.89647	0.8656	0.098093	0.74926	0.93805	0.078491	0.22611	0.16289	0.14337	0.91522	0.93575	0.33508	0.057851	0.16853	0.31333	0.56294	0.040553	0.036595	0.10319	0.045468	0.2955	0.23653
RS_G1852__OAS1__OAS1	5.873	7.3675	0.87272	8.3026	0.27817	0	2.6877	4.9797	8.7283	7.0589	5.6182	1.7419	1.3085	9.4755	0.57917	5.8054	4.6882	5.5888	4.7801	4.2812	3.7085	0.67147	0.85197	5.9702	10.0225	7.0538	5.5675	1.3235	5.011	2.773
Meth__cg25662535__ART5	0.05864	0.053529	0.20637	0.053323	0.56284	0.15088	0.54651	0.052202	0.18371	0.065794	0.63093	0.87493	0.57293	0.072796	0.45843	0.47961	0.080116	0.66194	0.04792	0.6435	0.73927	0.85587	0.11665	0.15571	0.038725	0.5589	0.12231	0.047501	0.15265	0.16022
Meth__cg03277051__COL8A1	0.051294	0.045501	0.086788	0.046856	0.28585	0.4673	0.047012	0.059576	0.042051	0.060623	0.35484	0.045468	0.046125	0.10847	0.043983	0.16751	0.073211	0.63824	0.066384	0.081586	0.055097	0.78417	0.051908	0.045714	0.040781	0.53584	0.10521	0.066806	0.107	0.11808
Meth__cg01858173__ROM1	0.031186	0.030626	0.083324	0.042185	0.035132	0.049994	0.67883	0.035478	0.068087	0.075491	0.05139	0.03772	0.029743	0.076653	0.023636	0.042346	0.049291	0.029096	0.062155	0.044965	0.051594	0.051071	0.034326	0.020265	0.030366	0.031268	0.1128	0.045038	0.053596	0.041572
Meth__cg27619475__SLC16A5	0.04498	0.54512	0.035086	0.79958	0.96879	0.96659	0.048135	0.97941	0.96652	0.047559	0.95251	0.97014	0.031656	0.052387	0.83844	0.9781	0.97262	0.97699	0.64393	0.051282	0.037066	0.53988	0.3765	0.026898	0.022221	0.97257	0.049278	0.035969	0.96891	0.95592
Meth__cg04384208__FCGR3A	0.27601	0.036336	0.42684	0.59134	0.067887	0.12286	0.82673	0.10369	0.56283	0.61132	0.40708	0.30093	0.61151	0.10917	0.028824	0.1094	0.15634	0.80165	0.9432	0.11288	0.12275	0.071902	0.17264	0.049561	0.044741	0.057503	0.10079	0.42296	0.30001	0.31545
RS_G17921__PTPLAD2__PTPLAD2	2.8764	0	0.37748	3.5493	0	0.50281	0.93382	3.1289	1.9272	1.3002	0.17185	0	4.9924	7.1353	0.38818	0	0.18365	0.18487	1.0544	0	0	0	0.32372	0	0.20844	0	4.3219	1.7048	5.0291	4.9254
Meth__cg26747293__FLJ39155	0.047583	0.036226	0.039429	0.059729	0.64608	0.065078	0.048838	0.056845	0.064938	0.041424	0.91231	0.052674	0.056704	0.053405	0.026578	0.056442	0.051022	0.056002	0.030743	0.86631	0.047022	0.90899	0.077631	0.090499	0.044268	0.22936	0.084332	0.088099	0.066804	0.093961
Meth__cg08886154__PAX4	0.25087	0.036169	0.459	0.095557	0.074402	0.17057	0.61175	0.20327	0.3205	0.50191	0.3387	0.096521	0.31146	0.10446	0.048803	0.11396	0.15511	0.30986	0.61198	0.28678	0.16629	0.17976	0.078983	0.090213	0.04878	0.1881	0.26217	0.14974	0.093719	0.14237
Meth__cg08764758__FLJ34922	0.041818	0.049329	0.042753	0.034481	0.035275	0.054522	0.047344	0.038222	0.041054	0.044543	0.092834	0.72895	0.036677	0.12299	0.18456	0.03545	0.055842	0.17893	0.033129	0.82753	0.038285	0.10652	0.03867	0.039466	0.038133	0.13808	0.048435	0.049515	0.10724	0.037367
Meth__cg10999429__ACVRL1	0.037431	0.018575	0.21001	0.073447	0.043017	0.04854	0.51682	0.029854	0.45684	0.3295	0.091968	0.12391	0.10588	0.025773	0.014509	0.051903	0.06923	0.25087	0.54293	0.095569	0.041179	0.063712	0.028967	0.13284	0.022336	0.043972	0.045827	0.023879	0.020012	0.023508
Meth__cg06433658__FAM63A	0.027216	0.18104	0.044351	0.031865	0.051324	0.05799	0.043624	0.036225	0.048425	0.054586	0.11963	0.046758	0.036291	0.071415	0.02744	0.15211	0.074174	0.14084	0.027819	0.10275	0.059758	0.064972	0.030789	0.036867	0.020988	0.02617	0.047172	0.046356	0.030763	0.047709
Meth__cg09381701__SASH1	0.035678	0.030304	0.039388	0.027615	0.038003	0.037649	0.032478	0.0355	0.037669	0.026992	0.05763	0.034332	0.037578	0.072586	0.028395	0.039494	0.040808	0.13389	0.034246	0.067632	0.92815	0.071267	0.086373	0.030731	0.034464	0.029163	0.061205	0.03888	0.040085	0.054784
Meth__cg25538571__FLJ46365	0.63632	0.049414	0.88542	0.86416	0.0529	0.79767	0.85804	0.69052	0.8142	0.66443	0.73608	0.79859	0.054017	0.52236	0.022744	0.78429	0.68038	0.053338	0.9035	0.081007	0.26716	0.78446	0.031466	0.042062	0.29328	0.84342	0.065722	0.89729	0.49516	0.50801
Meth__cg01429391__MYH7	0.90615	0.042018	0.92595	0.82942	0.098121	0.71005	0.96181	0.34268	0.54614	0.49982	0.67129	0.4831	0.90027	0.086409	0.043077	0.81125	0.79407	0.65941	0.90933	0.095178	0.28337	0.10853	0.051614	0.051043	0.042762	0.16497	0.18444	0.88966	0.36538	0.52142
Meth__cg26499286__KRTAP17-1	0.49132	0.023631	0.49645	0.55329	0.24599	0.16404	0.75897	0.077064	0.12933	0.58116	0.45292	0.24625	0.31008	0.17365	0.068338	0.28072	0.24753	0.5519	0.85212	0.2358	0.089531	0.27921	0.03869	0.09734	0.052362	0.25845	0.20826	0.34036	0.13973	0.10816
Meth__cg02046340__ZNF313	0.053671	0.035625	0.04985	0.030803	0.090698	0.054967	0.062568	0.045952	0.051844	0.037493	0.2344	0.16107	0.056945	0.11071	0.030718	0.042135	0.037207	0.08856	0.038134	0.069032	0.11803	0.19492	0.059151	0.043669	0.031486	0.04666	0.041197	0.045413	0.048908	0.061658
Meth__cg19220825__AQP5	0.064032	0.094118	0.62962	0.72047	0.2318	0.76998	0.10565	0.81843	0.094796	0.10178	0.33837	0.068574	0.49701	0.12272	0.074411	0.48536	0.86969	0.92877	0.083123	0.11195	0.31203	0.69459	0.43217	0.13144	0.06296	0.060621	0.027069	0.63017	0.76475	0.26299
Meth__cg18399321__MGAT3	0.089438	0.043621	0.043005	0.042128	0.4526	0.25456	0.032629	0.04949	0.029739	0.032571	0.4759	0.19337	0.039833	0.091743	0.026829	0.95294	0.81849	0.05062	0.15061	0.79133	0.053375	0.8807	0.038265	0.040274	0.03331	0.15028	0.2357	0.053097	0.048293	0.044192
RS_G16902__KRT6B__KRT6B	1.2631	0.29312	0.45573	1.0087	0	0	12.8673	0.30435	3.7711	6.035	7.1664	6.3173	0.86115	9.8119	0.25307	0.93721	0.22481	0	10.8721	0	0.78126	1.425	0.95256	9.1282	6.9081	5.5408	0	0.1545	0	0.31691
RS_G17181__CYP4X1__CYP4X1	3.2584	0.19578	3.5439	4.1191	0.40002	0.58507	2.5935	1.0942	0.19735	0.59456	2.6567	0.66645	0	7.9111	0	0	0.64786	1.6739	4.6775	0	1.502	0	0	5.9057	5.3618	8.0328	4.8838	5.4748	1.2638	0
Meth__cg06942445__TRO	0.77156	0.020993	0.79459	0.46917	0.024242	0.61942	0.97017	0.022255	0.90812	0.46907	0.49731	0.045223	0.016652	0.033725	0.021661	0.34638	0.27617	0.80398	0.95049	0.10563	0.48717	0.59232	0.038526	0.030809	0.029373	0.35709	0.028722	0.80816	0.39825	0.19701
Meth__cg23110514__LCE3E	0.34905	0.082072	0.57597	0.22851	0.12524	0.13915	0.32659	0.17597	0.13352	0.33811	0.27781	0.11407	0.11807	0.15749	0.12018	0.091823	0.13498	0.13716	0.8463	0.1989	0.15125	0.1934	0.10664	0.14818	0.055736	0.14042	0.1284	0.078664	0.098409	0.15376
Meth__cg09514589__ETFA	0.045616	0.039327	0.049717	0.033635	0.042887	0.057229	0.036788	0.052628	0.040357	0.048521	0.11392	0.29088	0.038006	0.077377	0.04009	0.039731	0.046668	0.66906	0.035261	0.083555	0.051522	0.20929	0.043621	0.041337	0.037141	0.045581	0.11242	0.051212	0.040321	0.054492
Meth__cg26081162__C6orf141	0.068323	0.28075	0.06182	0.059891	0.89109	0.07758	0.074452	0.065237	0.11317	0.049904	0.4307	0.87028	0.065632	0.16265	0.21837	0.047493	0.065039	0.060564	0.059598	0.11812	0.063636	0.31148	0.29656	0.053	0.053581	0.44319	0.14848	0.068333	0.067889	0.069644
Meth__cg03996822__RASSF6	0.074394	0.076952	0.08213	0.15339	0.74866	0.19289	0.44389	0.13761	0.65536	0.25514	0.32775	0.29011	0.3778	0.21558	0.52073	0.79881	0.69215	0.094251	0.084238	0.2693	0.081221	0.50733	0.89184	0.42141	0.067803	0.27146	0.14826	0.70256	0.26647	0.16686
Meth__cg23093462__PARD3	0.054051	0.040814	0.058071	0.038709	0.045997	0.051552	0.034412	0.049368	0.050935	0.040438	0.31052	0.080559	0.042899	0.05989	0.049306	0.058364	0.057569	0.094508	0.037339	0.091063	0.055162	0.075433	0.044921	0.048812	0.036653	0.12289	0.093316	0.04172	0.046625	0.21469
RS_G1108__HES2__HES2	4.4607	3.9302	2.8301	3.7611	1.2035	3.2374	5.4767	3.773	0.79735	4.3317	3.298	3.1671	1.5783	7.0011	1.8801	3.2803	2.8103	3.2227	4.7428	3.3004	1.7809	1.2412	1.9509	3.0032	6.1151	0.95994	2.2767	1.9497	2.1743	2.2709
Meth__cg05600174__C9orf95	0.088871	0.1154	0.080146	0.11432	0.094892	0.65678	0.67551	0.14021	0.082811	0.10191	0.13538	0.10595	0.082907	0.12401	0.11584	0.11328	0.10338	0.24605	0.087517	0.70557	0.26853	0.20904	0.10308	0.053373	0.14103	0.12656	0.089125	0.15594	0.16338	0.36401
Meth__cg21808053__DIRAS3	0.25428	0.028376	0.66978	0.15733	0.47488	0.15558	0.2733	0.3293	0.52381	0.36224	0.10959	0.086288	0.68999	0.083697	0.042606	0.07919	0.16006	0.14208	0.283	0.22977	0.10821	0.16906	0.2821	0.25525	0.15001	0.075532	0.10059	0.20857	0.077445	0.061839
Meth__cg27342801__REG3A	0.91778	0.044174	0.90544	0.047548	0.049943	0.72488	0.22935	0.091364	0.78756	0.54653	0.087356	0.12243	0.067598	0.08749	0.052568	0.035708	0.070036	0.046803	0.50761	0.075276	0.050462	0.38172	0.46409	0.6386	0.053621	0.15053	0.12847	0.03586	0.16304	0.09705
Meth__cg10763059__PTPN12	0.096437	0.1041	0.11397	0.097853	0.10277	0.3388	0.1279	0.2013	0.12486	0.34227	0.38185	0.11486	0.061232	0.1145	0.075886	0.74191	0.24554	0.11002	0.046024	0.18122	0.47474	0.18287	0.095147	0.16898	0.068538	0.67075	0.14382	0.74903	0.26336	0.18611
Meth__cg26014796__RNF39	0.01978	0.024594	0.030411	0.021498	0.92345	0.033271	0.012843	0.029998	0.03083	0.013853	0.039358	0.028476	0.019553	0.046475	0.078627	0.022675	0.02405	0.033899	0.025636	0.082412	0.022272	0.042097	0.11152	0.014134	0.023179	0.019987	0.023336	0.026818	0.02241	0.02484
Meth__cg22919370__HIST1H3I	0.37939	0.12404	0.69837	0.42974	0.50362	0.43694	0.64234	0.68066	0.67206	0.18058	0.62628	0.064812	0.076887	0.14063	0.10291	0.12992	0.14669	0.62225	0.72649	0.38346	0.14632	0.33191	0.1052	0.065707	0.44444	0.58408	0.27637	0.12602	0.69622	0.60405
Meth__cg17029168__NKX2-2	0.063592	0.057281	0.10489	0.68758	0.71162	0.88884	0.5637	0.41916	0.063177	0.20916	0.40308	0.4715	0.54748	0.26062	0.057033	0.9043	0.90167	0.90103	0.89602	0.78966	0.87631	0.67832	0.067366	0.13658	0.050343	0.60307	0.05313	0.89698	0.73939	0.85605
RS_G28763__AC004510.1__AC004510.1	4.18	3.003	2.4121	1.6074	0	0.35542	3.6551	0.65083	1.3738	10.732	8.894	2.8922	0.17524	8.3564	0.54728	1.6529	0.49128	1.3465	7.7787	3.2587	3.0726	0.58147	0.59034	8.2401	1.6626	1.1354	2.6933	4.6852	0	0.48286
Meth__cg16120811__WEE1	0.044014	0.033859	0.038956	0.03814	0.031583	0.047459	0.034874	0.045289	0.0483	0.038793	0.08139	0.049248	0.044102	0.079747	0.040131	0.045703	0.046836	0.060553	0.028873	0.054042	0.045568	0.15474	0.040573	0.040177	0.034567	0.041137	0.057022	0.048532	0.042902	0.041006
RS_G29779__HMX1__HMX1	0	0.12473	3.8952	5.4103	0	0	0	0.63916	6.1664	2.6571	2.9916	1.7597	0.2596	0	0.29934	0	0	4.6009	3.798	0	0	0	1.3222	0	4.5457	2.5287	4.5008	5.8831	0.6615	4.6114
Meth__cg10193817__IGSF4	0.050422	0.04554	0.046009	0.032754	0.6459	0.057136	0.14848	0.041918	0.039782	0.038267	0.14666	0.087531	0.095038	0.1301	0.035418	0.042102	0.050282	0.058651	0.031078	0.90713	0.053709	0.58288	0.058643	0.75149	0.036998	0.044357	0.092259	0.043948	0.042985	0.049848
Meth__cg16505687__GPR137B	0.01755	0.014577	0.028095	0.015809	0.020886	0.025471	0.021127	0.035593	0.019207	0.018177	0.070446	0.017844	0.027815	0.053681	0.022225	0.040935	0.026912	0.031257	0.011963	0.05465	0.027775	0.051095	0.031778	0.010163	0.015409	0.23066	0.094771	0.041134	0.020942	0.025365
Meth__cg08775230__C11orf52	0.15705	0.090283	0.13866	0.069693	0.60713	0.13002	0.09136	0.1354	0.080691	0.24213	0.19243	0.090618	0.67964	0.16026	0.29634	0.1241	0.14394	0.15735	0.13317	0.60424	0.14157	0.14716	0.8496	0.08232	0.067185	0.11087	0.096774	0.072299	0.14078	0.16807
Meth__cg04367351__PLA2R1	0.049206	0.20564	0.036583	0.081795	0.37418	0.81595	0.053166	0.090824	0.052491	0.19053	0.87864	0.091784	0.059576	0.15245	0.044494	0.64949	0.64951	0.048393	0.051487	0.69314	0.073245	0.85257	0.03373	0.034767	0.046881	0.84211	0.11971	0.079111	0.073182	0.065057
Meth__cg13401831__TUBA8	0.089891	0.11574	0.10081	0.058129	0.56257	0.14034	0.15308	0.059648	0.085453	0.10738	0.87859	0.77545	0.088773	0.12582	0.051592	0.087269	0.13765	0.3253	0.080848	0.62084	0.097664	0.12956	0.38464	0.075783	0.053901	0.89552	0.10304	0.058723	0.099011	0.26088
Meth__cg13850625__FLJ11155	0.028453	0.028665	0.056077	0.026602	0.58176	0.027783	0.026872	0.030619	0.028651	0.024981	0.070941	0.03677	0.023239	0.070225	0.022801	0.022428	0.032417	0.23753	0.022448	0.0398	0.035487	0.075892	0.029316	0.030523	0.021994	0.059835	0.061111	0.029015	0.037749	0.028339
Meth__cg22956956__TFRC	0.09802	0.084998	0.082647	0.072566	0.34234	0.13269	0.093546	0.089306	0.1181	0.060689	0.099975	0.060066	0.056642	0.12338	0.10282	0.08278	0.096765	0.10592	0.056353	0.15682	0.10199	0.082663	0.12382	0.27512	0.071141	0.061352	0.095533	0.085453	0.12536	0.097744
Meth__cg19430897__HIST1H2AB	0.16089	0.13053	0.48989	0.95208	0.93754	0.87807	0.59268	0.9093	0.9046	0.24846	0.8509	0.12365	0.10977	0.30035	0.12122	0.10953	0.13285	0.16422	0.12441	0.1551	0.35609	0.11022	0.29358	0.1178	0.53484	0.68988	0.80681	0.13909	0.15748	0.13973
Meth__cg17833578__LRRC21	0.48064	0.15812	0.80821	0.63318	0.041656	0.30853	0.61712	0.15505	0.8649	0.15877	0.15928	0.22835	0.47329	0.10281	0.058194	0.40999	0.4093	0.38024	0.8766	0.077341	0.2419	0.24291	0.067787	0.07058	0.048521	0.090394	0.12187	0.76455	0.12924	0.13291
Meth__cg10882227__APLP2	0.19679	0.11386	0.11003	0.16196	0.75082	0.18379	0.083016	0.14122	0.086329	0.089792	0.21009	0.084328	0.17043	0.31595	0.20603	0.28121	0.19887	0.18945	0.1247	0.093072	0.12879	0.33695	0.10875	0.052542	0.068086	0.097776	0.10929	0.10084	0.1389	0.15854
RS_G21870__CFB__CFB	7.9247	4.5184	0.31255	3.8213	0.89532	2.739	3.6614	1.3855	8.1322	6.5621	4.8008	6.0216	4.8521	9.7937	4.7979	1.984	1.1114	2.4423	5.5148	3.7497	0.63754	1.0439	1.9396	7.9667	4.5897	1.2397	5.8114	1.358	1.631	0.71358
Meth__cg03954173__CD97	0.065684	0.052563	0.13722	0.059275	0.69827	0.16486	0.096537	0.054415	0.053272	0.046366	0.071159	0.077826	0.055709	0.10979	0.049806	0.064723	0.13583	0.52152	0.053053	0.30902	0.10463	0.20022	0.41693	0.062068	0.052836	0.05707	0.10225	0.07406	0.13091	0.34917
RS_G14997__ODF3B__ODF3B	4.8507	2.6239	1.1155	5.0856	1.2456	2.7493	4.4677	1.5611	8.8354	3.5457	1.9196	1.0577	1.01	7.96	2.3139	1.0288	2.1161	4.3639	4.3224	1.5806	4.3544	6.2574	1.7179	7.1725	5.704	0.97023	3.3624	4.0077	5.6032	4.2153
Meth__cg06979034__ARHGEF5	0.021493	0.01789	0.033659	0.025289	0.50937	0.035116	0.019612	0.030558	0.018244	0.021561	0.048558	0.14298	0.048964	0.059896	0.024187	0.022577	0.036807	0.02915	0.024293	0.65029	0.027691	0.046853	0.1494	0.031689	0.032327	0.028754	0.06999	0.01908	0.034695	0.032827
Meth__cg05358291__CYP4F2	0.57188	0.13722	0.64031	0.46048	0.081393	0.12984	0.33154	0.2441	0.40592	0.77455	0.69082	0.28057	0.2285	0.20082	0.09047	0.63181	0.56098	0.79837	0.6646	0.081698	0.34512	0.157	0.064066	0.065684	0.15004	0.53585	0.17106	0.42674	0.2318	0.21704
RS_G21773__GPRIN2__GPRIN2	4.0001	8.3744	0	1.3437	0	0	5.3082	0	0.23152	5.4473	3.7981	5.982	5.0614	3.6002	0.40095	0.65392	0	0	6.6664	0	0.065818	0	0	6.2273	3.7935	0.27671	4.0222	0.54066	0	0.18814
Meth__cg06954481__GBX2	0.95315	0.075068	0.078535	0.066521	0.062393	0.11776	0.56227	0.069737	0.076797	0.97256	0.10444	0.053592	0.042212	0.10046	0.061876	0.07534	0.07675	0.072009	0.07848	0.86743	0.056174	0.72586	0.042534	0.061593	0.058572	0.14106	0.11145	0.069305	0.054068	0.052513
Meth__cg24317255__RGS17	0.051362	0.069076	0.066754	0.043283	0.45542	0.83274	0.067599	0.212	0.11307	0.2316	0.87165	0.043647	0.11479	0.13285	0.042889	0.22023	0.068216	0.059652	0.038328	0.11889	0.7795	0.79508	0.044789	0.041765	0.043478	0.81647	0.78188	0.79762	0.84799	0.86107
Meth__cg15576195__HTATIP2	0.055419	0.058827	0.30464	0.039673	0.53169	0.084987	0.06382	0.084622	0.054969	0.060125	0.074107	0.84349	0.037595	0.12552	0.074829	0.039527	0.064694	0.35238	0.048065	0.12045	0.06731	0.09152	0.089481	0.046988	0.050422	0.045116	0.072624	0.05937	0.44257	0.41059
RS_G7392__SCEL__SCEL	7.4589	0.19101	0.23274	0.90402	0	0	1.0418	0	0	4.643	5.5403	4.4201	0	2.1167	0	0	0	0.21956	0.52832	3.143	0.15304	0.65658	0	2.3295	5.9209	0.43201	0.24223	1.9148	0	0
Meth__cg15119375__MGC3020	0.036957	0.027698	0.042861	0.03489	0.046274	0.039919	0.034098	0.042497	0.039421	0.028613	0.66101	0.037189	0.027048	0.12	0.094654	0.031215	0.043769	0.066629	0.027622	0.075104	0.039839	0.20235	0.031618	0.03989	0.021432	0.90423	0.13487	0.047339	0.038226	0.037069
Meth__cg03856450__SFXN5	0.031828	0.038538	0.040788	0.029185	0.028568	0.039699	0.03162	0.027524	0.046099	0.041928	0.042895	0.033517	0.023304	0.035936	0.027051	0.031162	0.031513	0.030032	0.034716	0.04044	0.031673	0.042243	0.0236	0.021449	0.033502	0.023096	0.12618	0.037555	0.031115	0.030906
Meth__cg11784785__SLC6A5	0.12135	0.042445	0.55237	0.16432	0.082744	0.27229	0.74339	0.063939	0.27194	0.23303	0.17547	0.24838	0.072869	0.11032	0.054137	0.13782	0.12033	0.49009	0.60206	0.11908	0.070268	0.23579	0.053044	0.059605	0.061963	0.18932	0.13626	0.28081	0.13866	0.094408
RS_G8803__AC092042.2__AC092042.2	2.9259	4.6984	1.6913	0.92682	0.19927	0.93976	1.0901	0.60724	1.935	2.6195	2.2947	1.21	0.36989	3.1885	2.7063	1.5486	0.53398	6.8034	4.2071	0	1.3681	0.3487	0	0.93099	4.4882	1.5699	4.9666	5.8477	0.62196	0.89976
RS_G9324__ST8SIA6__ST8SIA6	3.8932	0	4.7236	4.8714	2.1798	3.4005	2.6211	4.6402	4.6694	1.0323	0	0.86801	0	4.2708	0.3832	3.6887	4.65	6.6877	1.5032	0	2.0304	3.3897	0	1.0637	2.499	4.465	3.4748	3.3897	0.25324	0.47484
Meth__cg14874121__HSD17B4	0.029531	0.12827	0.026734	0.02021	0.020423	0.026181	0.97285	0.024634	0.97692	0.038117	0.97235	0.025127	0.01952	0.059661	0.023995	0.022842	0.026231	0.020612	0.34774	0.042852	0.038868	0.064499	0.023755	0.024679	0.35227	0.02157	0.070815	0.024668	0.54333	0.025682
RS_G170__PROM1__PROM1	6.3993	3.9981	0.79538	1.1372	0	0.49645	4.3908	0	1.9471	0.70091	2.4703	6.4962	1.5902	9.078	0	0.17876	0	0.27198	7.017	0.46159	0.39789	0.31413	0	0.34762	0.15302	0.66674	0.74765	0	3.6763	1.9301
Meth__cg16580737__MME	0.062876	0.056435	0.046914	0.044747	0.075803	0.94741	0.042135	0.051231	0.055253	0.035813	0.70629	0.05776	0.039454	0.083654	0.055859	0.95476	0.95532	0.78972	0.42227	0.93239	0.84918	0.88218	0.045568	0.039729	0.76864	0.95178	0.82761	0.94433	0.70204	0.81171
Meth__cg07260017__CSF1R	0.096571	0.19143	0.95479	0.94218	0.64628	0.82352	0.49686	0.38697	0.86711	0.77301	0.20028	0.22238	0.059168	0.20989	0.024179	0.87197	0.89342	0.94264	0.9301	0.087459	0.92258	0.76223	0.1162	0.031667	0.57956	0.38082	0.93213	0.75741	0.87979	0.82266
Meth__cg24423088__KRTAP8-1	0.91932	0.035409	0.87774	0.47099	0.73051	0.91413	0.96024	0.055007	0.87092	0.74529	0.11024	0.75947	0.18863	0.053517	0.04127	0.042047	0.040557	0.82177	0.86726	0.13477	0.060967	0.37721	0.042549	0.88467	0.025143	0.047809	0.15728	0.051495	0.36579	0.83517
Meth__cg13044136__AES	0.061038	0.06117	0.46001	0.16263	0.14646	0.099322	0.05236	0.15314	0.062108	0.072148	0.55405	0.11588	0.15568	0.12039	0.084301	0.36968	0.37227	0.33511	0.065162	0.13705	0.1641	0.14172	0.10628	0.060209	0.066103	0.078517	0.10183	0.40737	0.35421	0.12723
Meth__cg05037688__EGFL7	0.60852	0.025764	0.87743	0.45817	0.28269	0.18166	0.90601	0.25725	0.34493	0.69217	0.62238	0.1349	0.58098	0.044214	0.025406	0.57121	0.67188	0.55967	0.94846	0.095959	0.45193	0.080223	0.030985	0.024599	0.028588	0.051787	0.064121	0.82383	0.18022	0.088519
Meth__cg19008649__IGFBP5	0.06459	0.045064	0.055078	0.044496	0.25757	0.060451	0.041292	0.16388	0.054441	0.09657	0.12663	0.15857	0.055681	0.10834	0.061593	0.034188	0.075577	0.40534	0.10103	0.15445	0.065184	0.12339	0.2249	0.046957	0.039012	0.10764	0.13143	0.05017	0.10078	0.092273
RS_G7748__IFI44__IFI44	3.8056	0.59385	0.46246	6.1055	2.1195	0.30353	2.8333	4.6246	9.3298	7.3962	6.8635	2.6237	7.0366	10.8415	2.8004	0	1.098	2.4211	0.44083	6.4009	0	0	0.88563	5.9345	7.5377	0.59359	4.5095	0.20578	1.2093	0.41488
Meth__cg15364537__MFSD4	0.056693	0.40783	0.61152	0.077646	0.89274	0.72975	0.043005	0.048755	0.064689	0.080726	0.94665	0.81699	0.052281	0.060861	0.04076	0.10699	0.60519	0.10369	0.18582	0.95146	0.72027	0.96833	0.059419	0.37721	0.09525	0.9847	0.1322	0.47134	0.28902	0.11638
Meth__cg24304714__LCE1C	0.30349	0.070051	0.66995	0.69032	0.064941	0.16955	0.15861	0.089894	0.074781	0.23022	0.11286	0.10291	0.087989	0.092884	0.074652	0.10825	0.14276	0.083822	0.54417	0.12353	0.23012	0.10335	0.074365	0.077664	0.088029	0.42484	0.24026	0.37316	0.25486	0.34519
Meth__cg05467918__ACADM	0.038137	0.032348	0.06965	0.51156	0.035052	0.4533	0.46416	0.040211	0.087952	0.13516	0.072279	0.037122	0.021029	0.10566	0.034026	0.037496	0.028927	0.068932	0.49609	0.12613	0.054461	0.12096	0.047844	0.44863	0.024714	0.013263	0.067899	0.045455	0.033531	0.038467
RS_G13039__MT1E__MT1E	0.46681	1.1873	0	0	0.55979	0	3.0392	8.2657	8.7515	4.4369	0	9.6024	9.0759	1.332	9.3513	5.1038	0.30908	6.225	3.6842	10.5635	1.0982	2.431	11.4032	10.0631	0.97053	11.6174	0	3.5478	4.0503	0.77012
Meth__cg02787991__SECTM1	0.039954	0.18488	0.026153	0.15645	0.96814	0.042584	0.044024	0.031037	0.049332	0.92143	0.47398	0.97851	0.039412	0.088431	0.75888	0.98264	0.97566	0.93836	0.076346	0.10961	0.045131	0.044211	0.93727	0.14753	0.028649	0.032564	0.08004	0.048461	0.20476	0.36561
Meth__cg15925792__MX1	0.20244	0.11755	0.54847	0.044598	0.94985	0.39509	0.63298	0.057055	0.069225	0.095481	0.92546	0.94774	0.075935	0.097526	0.067286	0.97231	0.96384	0.61099	0.078945	0.52474	0.9413	0.52754	0.09591	0.04533	0.057463	0.96213	0.082803	0.071599	0.53152	0.93859
Meth__cg15700197__OR10J1	0.14578	0.095172	0.27892	0.097314	0.72649	0.11439	0.078697	0.22803	0.16109	0.090962	0.42936	0.12955	0.18571	0.19674	0.1519	0.09803	0.13285	0.15578	0.056467	0.5508	0.19874	0.28187	0.117	0.69843	0.11609	0.13352	0.14811	0.1402	0.1197	0.13617
Meth__cg01367992__LY9	0.65231	0.10224	0.78368	0.84833	0.054197	0.22222	0.87381	0.59528	0.14243	0.70392	0.7408	0.273	0.28136	0.31074	0.062479	0.69667	0.65197	0.10938	0.87144	0.23035	0.49133	0.16802	0.073003	0.1322	0.13141	0.19425	0.12087	0.66262	0.42857	0.20834
Meth__cg15095327__IL17RE	0.043641	0.050845	0.048744	0.047566	0.83814	0.069404	0.11624	0.055282	0.75355	0.08564	0.10955	0.054397	0.794	0.10376	0.48599	0.39975	0.38583	0.86714	0.05485	0.52734	0.062282	0.77963	0.35929	0.23003	0.041318	0.063932	0.084012	0.054134	0.057524	0.076272
Meth__cg01425405__DLX3	0.061528	0.051606	0.070164	0.048715	0.83358	0.059832	0.036833	0.066775	0.084583	0.037268	0.39159	0.08171	0.075624	0.083106	0.057769	0.055998	0.053651	0.0587	0.050345	0.37505	0.07237	0.099095	0.097606	0.059147	0.048112	0.0608	0.096551	0.064637	0.055998	0.066483
Meth__cg18555117__DDHD1	0.094536	0.089065	0.52691	0.40008	0.6985	0.10845	0.083005	0.065931	0.51025	0.44526	0.2897	0.099454	0.065421	0.49451	0.45317	0.16853	0.068907	0.099078	0.18513	0.28706	0.081783	0.18105	0.097489	0.079931	0.15924	0.067898	0.25932	0.073226	0.11094	0.10917
Meth__cg04001668__GPR56	0.041001	0.037432	0.033728	0.030449	0.95121	0.040688	0.030744	0.042255	0.14736	0.043276	0.046972	0.033097	0.95789	0.089771	0.93351	0.038054	0.048029	0.045043	0.02888	0.93058	0.034646	0.075675	0.9299	0.033063	0.023502	0.028946	0.062234	0.044579	0.036278	0.043204
Meth__cg08431931__MGC26816	0.11229	0.084761	0.16722	0.16685	0.96307	0.14682	0.12463	0.22235	0.19591	0.18904	0.85287	0.40836	0.68518	0.095924	0.053885	0.79324	0.80893	0.77854	0.65845	0.1839	0.96466	0.70045	0.1576	0.81361	0.097924	0.9787	0.19631	0.19718	0.20448	0.1571
