Cell lines	600MPE	AU565	BT474	BT483	BT549	CAMA1	HCC1143	HCC1395	HCC1419	HCC1428	HCC1569	HCC1806	HCC1937	HCC1954	HCC202	HCC3153	HCC38	HS578T	LY2	MCF7	MDAMB134VI	MDAMB175VII	MDAMB231	MDAMB361	MDAMB453	MX1	SKBR3	SUM1315MO2	SUM149PT	SUM225CWN	SUM229PE	SUM52PE	T47D	ZR751	ZR75B
Response	-1	1	1	1	-1	-1	-1	-1	-1	1	-1	1	-1	-1	1	1	-1	-1	1	1	-1	-1	-1	-1	1	1	1	1	1	1	-1	-1	1	-1	-1
RS_G11127__OLFML2B__OLFML2B	0.42875	0.13423	0.23792	0.40981	5.7677	4.4756	3.339	9.4493	0.30186	0	1.2164	0.33768	1.2905	0.97504	0	1.9934	7.0512	5.708	0.40258	0.28477	6.7681	1.3501	2.3956	0.30446	0.37271	2.8528	0	5.2065	0.9963	0	0.51857	7.5456	0	0.70319	0.30943
RS_G11159__AC013480.3__AC013480.3	2.5096	5.1382	0.84262	2.1165	4.1201	2.8716	0.28818	5.3213	0.27702	0	5.9502	0.39959	3.0285	3.3463	0	2.3403	5.281	4.1734	2.2538	0.89116	7.8165	5.4132	3.387	4.0187	0	3.5094	0.11989	3.9565	3.5317	1.5217	1.0292	2.6498	0	4.7062	2.7291
RS_G2947__CA2__CA2	2.326	1.607	3.8479	3.7463	0	6.1112	9.8755	7.8397	8.9	0.40209	6.167	2.2896	6.1392	0.89211	0	2.716	7.8988	0	0.29416	6.3826	7.1346	2.8174	4.6533	5.8083	4.2171	1.5661	0	1.1873	6.3905	2.665	8.6773	4.507	0	6.8713	5.8722
RS_G22312__AC135891.3__AC135891.3	0.4869	0.37864	0	0	0	0	3.4384	2.0861	0	0	0	1.6631	0.61027	2.4285	0	0.6037	0.21884	5.5447	0	0	0	0.18453	4.7476	0.21443	0	0	0	0	0	0	3.4376	0	0	0	0.98678
RS_G7225__ELF5__ELF5	0.37677	4.5885	6.4031	6.512	0	1.9674	2.4337	0.32507	5.4417	7.078	1.1045	0	4.7027	0	5.789	4.5554	0	0.22762	4.5813	5.0972	0	4.8163	0	4.3672	0	8.4232	5.8143	0.35445	0	6.0937	0	3.5985	7.932	0.5172	4.9835
RS_G8354__PMAIP1__PMAIP1	4.0124	3.1341	5.0862	4.7247	5.4108	3.4802	5.7681	5.6443	0.25956	3.9484	9.8502	4.4074	4.8414	5.4832	0	2.9297	7.3392	5.9079	2.6823	2.1942	6.0173	3.7396	6.9079	4.193	0.73814	7.4225	1.8729	4.2525	4.0255	3.8656	5.387	2.6193	2.8566	4.9198	3.01
RS_G18066__GSPT2__GSPT2	6.2175	0	0	0	0	0.20684	4.3112	1.7446	0	0	0	0	0.16352	0	0	2.1342	4.5726	3.0978	0	0	0	2.8417	0	0.40592	0	4.1618	0	0	0.20974	0	2.4223	0	1.1025	4.9864	5.5342
RS_G5593__PTGIS__PTGIS	3.0378	0.50905	0.24849	0.58746	0.70782	0.66543	0.79291	5.3109	1.0653	0.87824	6.5345	0.52663	5.969	0.73956	0.48911	0.88407	2.4779	3.4734	0.78877	0.5584	4.7485	4.5107	0.36191	0.50222	0.45283	3.6031	0	0.52522	1.4475	2.7148	0.93871	1.9172	0.38671	1.414	0.47916
RS_G1180__TRIP13__TRIP13	7.5721	7.4435	7.9846	7.1647	9.1263	8.0353	8.804	9.0066	7.5718	7.523	7.8106	9.3162	9.2501	12.9158	8.25	9.1767	9.4439	8.6357	6.9338	7.2772	7.6464	8.421	8.7378	7.7527	7.2485	6.4602	8.6847	6.8113	6.8324	5.5775	8.2887	8.6085	8.8612	7.5677	7.2672
RS_G3173__SYNGR4__SYNGR4	2.0634	2.6928	1.8951	3.4784	1.779	1.4674	1.5507	1.0613	2.6119	1.7646	1.6931	0.38898	2.3656	1.0514	4.7824	1.7469	0.45738	0.28469	4.6505	2.71	3.4658	1.1654	0	4.58	2.7149	2.183	4.2009	0.77481	4.693	3.7437	1.1459	10.265	2.5468	1.0684	0.85816
RS_G4225__SPARC__SPARC	0.1343	0.14978	0.094438	0.083816	14.1217	2.1509	6.2713	9.2733	0.091823	0.11392	4.201	0.91565	6.6944	2.2353	0	11.9638	11.47	13.0059	1.8624	0.63481	5.5294	3.5813	6.8619	0.63899	1.2224	2.1099	0	6.5885	3.3867	0	2.9029	0	0	0.4355	0
RS_G7939__LL22NC03-75B3.6__LL22NC03-75B3.6	2.4782	0.1394	0.49211	1.2766	4.5176	0.15466	4.1286	7.2692	0.15764	0.053937	1.2511	3.8732	4.4105	0.61415	0	3.9325	6.1773	8.1771	0.83738	0	1.5554	1.6898	2.2202	0.76908	0.13865	1.1217	0.10411	3.9719	0	4.6122	1.4349	0.63433	0.25885	0.21832	0.31876
RS_G7618__TUBB2B__TUBB2B	0.6419	1.2852	2.7343	2.1775	4.6515	2.6451	5.2601	2.1866	2.6752	0.88256	2.2056	4.5164	2.3003	2.5969	0	0	4.9227	4.3648	3.706	1.1441	9.0735	3.4978	0.24815	6.4618	1.07	3.7079	1.8673	5.1284	0.27039	3.4292	3.8959	2.2462	1.4548	5.3435	1.9697
RS_G5988__EVI2A__EVI2A	1.2756	0.13752	0.30944	0	7.1056	0.15699	0.24882	4.0118	0	1.0625	0	0	1.3617	1.032	0.28992	0	6.1551	3.8192	0	0	1.3205	0	6.7313	0.074104	0	0	0	1.1689	0.54354	0	0	0	0	0	0.40834
RS_G12622__ENTPD3__ENTPD3	4.2057	1.6276	2.4329	2.2836	0.094504	1.3137	2.4286	0.70161	2.6439	0.25413	0.3192	4.9483	0.97482	2.9286	4.3004	0.36104	0	0	3.3313	1.5158	0.18811	0.28822	1.9706	0.86462	0.46191	0.47913	1.6258	0.17393	0.98866	4.5946	0.52321	0.10292	2.4856	0	0
RS_G16181__NKX2-5__NKX2-5	0	0.14799	0	2.2776	0.30376	0	0	4.2666	0.17603	0	5.648	0	7.2823	0	0	7.3849	5.2771	7.6837	0	0	5.3599	6.5462	6.4732	5.7523	0.52732	8.076	0	0.74346	0	0	0.82108	4.6758	0	3.6568	0
RS_G11747__CTSB__CTSB	9.8416	8.2842	7.3598	8.8658	10.7399	7.7915	10.2099	9.493	8.6772	9.5489	8.9823	9.516	9.74	8.7557	6.9166	10.2834	9.9357	11.0293	8.6087	8.539	8.406	9.6896	9.0618	8.77	8.7307	8.5938	7.9661	14.2059	8.7494	7.516	9.1268	7.5318	8.3295	9.6418	9.0078
RS_G9825__PRDM8__PRDM8	0	0.22311	0.14198	0	1.2978	0	1.8698	2.636	0.53811	0	0.059588	3.1775	0.72884	1.1762	0	0	3.6636	4.8363	0	0	0.61495	0.10572	6.586	0.45871	0	0.54515	0	8.9585	1.6272	0	2.1404	0	0	0	1.5376
RS_G16619__SLITRK6__SLITRK6	5.6921	0	5.1781	2.1211	3.7194	4.5245	4.5316	4.1927	7.8925	0.92272	0.41187	5.1835	2.3251	5.4726	0.93462	3.9073	3.1682	0.39362	2.9345	1.5436	4.3069	2.3864	0.83012	4.428	1.1176	0.17754	0	0	2.1558	0.96991	0.90457	2.6655	0	2.9342	1.3351
RS_G12798__FAM178B__FAM178B	0.98678	6.1251	3.3804	4.5129	0	1.8948	1.2255	1.5866	3.0813	7.686	5.4392	4.6694	0.87177	0.22072	1.9869	2.1263	0	1.438	3.2679	3.3825	4.1545	3.0771	0	4.1486	0	1.9637	4.8261	1.399	3.5345	6.4377	0.3566	2.3155	0	4.0431	0.92306
RS_G10339__NRG1__NRG1	0.58693	0	0	0	7.7389	0.19465	1.7934	2.0408	0	1.7451	0.088641	8.0487	5.3378	0.13453	0	4.7885	5.8443	6.4738	0.096448	0	0	1.3846	6.0583	0	0	0.13811	0	5.8239	1.5169	0	1.5046	0.30151	0	1.9553	0.64638
RS_G1887__ARHGAP4__ARHGAP4	4.1786	3.0121	1.9665	7.2583	1.9084	2.7376	1.9753	1.4454	1.9656	6.1295	2.5424	1.2974	1.0461	1.8831	5.4233	1.9435	1.0348	1.5813	6.2534	4.0368	2.8938	5.8286	1.1546	3.2345	4.0066	4.2606	2.8494	9.6532	5.0163	4.6067	3.4539	3.2018	6.2045	8.5811	8.4355
RS_G8887__PLAC8__PLAC8	3.4307	0.78955	1.4119	1.8455	6.3471	2.1601	3.6961	2.6576	2.0722	2.8257	3.7442	4.2756	6.833	4.3387	2.2481	2.138	2.6302	3.3026	2.9326	2.2767	3.133	3.0243	7.9065	2.0243	1.8874	2.3395	2.7574	2.9311	5.5878	2.4519	7.3535	6.9757	3.1961	2.3072	1.8458
RS_G4707__OLFML3__OLFML3	5.2801	0.43101	0.28131	6.1475	4.1278	7.1685	0.40889	1.2181	0.39365	3.2528	0	0.39538	1.9049	1.9945	2.0256	1.5895	9.084	4.7223	5.3441	0.47602	0.85276	11.0176	2.4568	6.4233	0	0	0	0	0	0	2.0853	3.3348	6.7764	4.5297	0
RS_G15082__CALML5__CALML5	11.7504	5.995	7.7426	8.9148	0	1.712	8.0382	0.59303	6.3786	3.1741	1.3594	9.9227	7.5464	1.881	12.2335	4.7952	0	0	8.8111	7.1102	0	8.2905	0	12.1395	12.0061	11.2517	2.3509	1.4107	5.5412	12.4513	4.9212	4.2737	1.4794	5.0572	5.5081
RS_G14837__CASKIN2__CASKIN2	6.7178	7.0439	5.436	7.3426	5.7023	6.831	7.2235	5.7037	5.7827	7.7974	6.7524	5.9286	5.9362	6.0584	7.4702	6.4785	5.6453	6.0022	9.1808	7.6481	6.0585	7.5241	6.0895	8.8242	8.7561	8.7166	7.1349	7.4565	7.0461	7.2433	7.3888	6.9692	6.3188	7.058	7.0492
RS_G21704__CXorf61__CXorf61	0	0	0	0	0	0	6.7283	6.8917	0	0	0	5.3053	5.6279	8.1888	0	7.9773	6.7528	4.7743	0	0	0	3.4023	6.4157	0.23646	0	0	0	0	0	0	0	0	0	0	0
RS_G16247__C17orf60__C17orf60	0.49808	0.30644	0.1873	0.47501	0.16983	0	1.7779	4.3243	0.35255	0.78703	0	0.28012	3.4776	6.4583	0.83997	0.7432	0.46893	3.4339	0	0	0.35027	0.27625	3.0384	0.5823	0.30115	0.24998	0	0	0	0.67601	1.5309	2.4997	0	0	0.25524
RS_G1917__LEPREL1__LEPREL1	1.6812	1.213	1.016	0.15032	9.6328	0	8.6274	7.5555	0	0.20528	2.3881	6.6588	10.0755	7.8581	0	6.0855	6.9596	6.6718	0.14834	0	0.54021	4.5962	7.6461	0.14506	0	5.0402	1.8994	2.7188	5.8777	1.6577	6.3893	3.8936	2.3297	2.3917	0
RS_G1765__GNAO1__GNAO1	2.0236	0.20204	0.16856	3.8761	0	0.5982	2.8474	4.6262	0.62384	0.83309	0.48915	0	3.3957	4.8725	0	2.618	1.1034	5.4802	1.9497	1.3593	6.8449	6.0943	2.2935	3.6542	2.8936	5.2484	0	0.6984	0.65085	2.0498	0.90966	5.5822	0	1.0349	0.98333
RS_G1423__FGFR1__FGFR1	2.6223	0.54709	6.777	7.0974	8.0925	6.9204	4.5239	7.3206	6.1057	6.3256	6.6419	3.1821	5.3519	4.853	3.7117	5.5053	9.0117	7.8731	6.4148	5.8034	12.806	7.7839	7.0505	8.0027	5.9527	8.4868	3.107	8.9611	3.8054	6.8247	4.3479	7.1144	5.0337	8.1537	7.5687
RS_G15650__OXTR__OXTR	2.6453	2.4034	1.4046	5.5286	5.2587	3.3789	7.0907	3.0554	3.0154	3.3339	2.5851	2.3122	6.7918	1.8936	0.76449	5.7407	2.9858	5.3866	1.6268	2.3399	3.0596	3.9592	0.87158	2.2215	1.958	4.4511	1.8969	2.2283	0.53598	2.6827	2.7785	1.9298	0.59396	3.8192	4.1112
RS_G1562__PKP1__PKP1	0.15156	0.83599	6.0682	6.0765	0.18638	0.40659	9.1236	0.52118	0.42248	0.19294	6.8236	8.7046	7.6667	0	0.097656	1.0626	1.1375	0	7.5597	4.8379	0	4.5401	0.41271	5.5674	1.1903	7.4545	3.8358	1.2462	8.7949	6.8734	1.8114	0.9191	0.68334	0.77356	0
RS_G17647__ARL4C__ARL4C	6.4058	3.9508	6.5819	4.9192	8.0292	4.7101	7.6877	9.0067	6.0138	2.9942	6.2663	7.0619	6.2607	5.9989	2.1991	6.9743	7.5755	7.9861	5.7583	4.3584	5.9484	7.7683	7.5221	4.073	1.3609	5.306	5.4578	10.7033	6.3785	4.8348	5.2782	6.5854	3.1525	3.7385	3.6318
RS_G16610__AC022080.37__AC022080.37	0.93267	0.59414	1.9349	4.8707	2.2902	1.5979	5.2245	2.7741	1.498	0.84547	2.84	5.0291	5.2462	7.0423	5.5808	0.37193	2.7053	2.6303	0	1.2721	4.8136	0	0	1.0648	0	0	0	1.0378	2.9934	0.40875	2.7794	2.9208	0	3.4213	4.9887
RS_G15166__FAM132B__FAM132B	3.6329	1.5782	0.57287	2.2309	5.0949	1.8967	4.6932	4.968	1.5716	1.833	8.137	2.1946	1.3189	4.7947	0.32541	3.4335	5.8446	4.4631	2.6238	2.7471	1.6025	3.3489	5.3574	3.3649	2.0017	5.4355	1.0046	5.1436	2.6266	4.1437	4.5079	0	0	3.7901	4.2921
RS_G5403__TWIST1__TWIST1	1.1861	0.26983	4.0614	2.5713	7.0209	4.5511	4.8892	6.1671	5.4578	0	2.0334	3.7229	0.6241	2.8708	0	3.3893	5.7755	6.474	0.1556	3.8512	4.3436	4.386	0	2.9119	0	3.4374	0	9.2954	6.6104	1.3277	5.6725	0.46509	3.096	5.3279	4.0443
RS_G10072__APCDD1__APCDD1	3.6283	0	3.4981	1.7279	5.1196	0.94106	8.1676	5.0126	4.698	4.311	0.49093	0.3134	4.4235	0.7662	0	5.3693	0.79178	6.4553	4.2763	1.278	2.5733	3.1425	0.77135	4.5634	0	1.0504	0	1.5594	0	3.3661	0	3.1684	0.75881	3.3698	2.6144
RS_G1585__FYB__FYB	0.2113	0.19141	0.061937	0	0.20909	0	0.34147	1.9912	1.9119	1.2528	0.39857	6.1426	3.5975	2.5922	0	3.3846	0.15854	0.12508	0.10911	0	0.45377	2.2729	0	0	0	0.53975	0	0	0.11113	0	4.1615	5.2149	0	0.42518	0
RS_G8168__RHCG__RHCG	0	0.76408	0	1.7502	0	0	1.4873	0.74178	0.50384	0.96672	3.6706	3.1828	3.8711	0	1.3439	2.7996	1.6309	0.29197	3.3408	2.7627	1.0135	2.2705	0	1.7348	0	3.5912	1.8421	5.4309	2.1324	3.9305	4.4168	0	2.9171	1.7677	0
RS_G12786__IL7R__IL7R	0	0.251	0	0.50142	6.5911	0.28503	6.1027	3.2925	0	0	0.65531	4.9125	6.2297	5.4595	0	4.9738	6.5351	5.1619	0	0	0	1.8082	5.4855	0.070492	0.82882	0.68499	0	0	3.6661	0	2.0069	0	0	0	0
RS_G1513__PTPRH__PTPRH	3.6863	4.9381	0.81529	4.0987	4.148	0.13715	3.7678	1.6872	4.3044	1.2026	3.5699	1.7871	4.2665	5.5253	2.6446	1.1762	1.6527	3.5538	2.4093	0.67046	6.0085	2.5402	2.2747	0.48253	0	0	4.3622	8.1775	1.54	3.0494	4.222	5.0748	0.53648	4.5197	5.4053
RS_G13378__SOX7__SOX7	1.0588	0.80182	0.33529	0.37561	2.2023	0.73492	1.4256	0.908	1.4048	0.41113	3.8063	7.2916	4.6599	0.35444	0.42879	0.57451	3.0217	1.5305	0.49771	0.44132	1.1929	1.6638	1.6426	1.246	1.1283	3.1652	1.9944	0.7326	1.8712	0.048543	6.6796	0.17357	1.1133	0.95838	1.3032
RS_G7220__AC009656.11__AC009656.11	2.7728	1.3543	0.21494	0.13307	4.9473	0.67267	6.6933	2.7947	0.27108	1.5657	0.47824	3.1129	2.6674	3.6353	0.13274	1.6047	4.259	5.8737	2.3902	0.25327	2.2197	4.3194	4.3125	0.93459	1.2714	3.1148	0.17347	2.0208	6.7593	0	1.1061	0.50532	0.53125	0.56996	1.2237
RS_G8194__TGFB1I1__TGFB1I1	4.2726	2.3439	1.5566	3.0164	9.8909	0.51218	4.6719	3.9998	1.9533	0	6.8274	5.2331	4.7585	0.25652	3.2342	0.71603	6.9022	9.6163	5.4314	2.0027	4.1516	2.6547	8.2845	0.19792	0	8.5533	1.3892	0.97629	7.6316	0	6.9564	2.8172	1.8548	3.2699	2.7503
RS_G2995__SLC39A14__SLC39A14	6.5459	5.6769	5.6594	5.6152	8.7657	6.1716	7.0063	7.7195	6.3535	6.2607	9.1892	7.0224	6.7042	5.8478	5.3048	7.8421	8.046	8.6902	5.9951	5.871	5.7726	6.4523	7.8138	5.2543	5.461	9.0738	6.3889	11.4705	6.4913	4.5856	7.4146	6.5071	6.5466	6.9246	7.2669
RS_G7049__FST__FST	0.37356	1.2178	0	0.32105	8.0293	0.17319	7.5365	0.99188	0	0.42735	1.6952	9.288	7.5214	6.4096	0.98646	5.0857	2.5122	8.3569	3.785	0	0.71744	1.5923	8.5197	1.1726	0.93095	4.1524	0	1.1072	1.0014	1.8478	6.3474	1.9509	0.36358	0.77804	6.4408
RS_G17577__P2RX2__P2RX2	1.3699	5.6587	1.7281	7.6192	0.25976	0.69501	1.6549	0.15633	5.106	3.9282	4.3574	2.5458	0.38581	0.63772	6.1438	0.69729	0.25811	0.54424	6.4267	5.6475	0.38942	5.1452	0.63987	2.6185	1.1863	0	4.2646	0.45772	0	1.0983	0.71099	0	8.5345	4.7114	5.3932
RS_G11812__GEM__GEM	3.4128	0.39241	0.65863	3.922	5.2987	6.9453	3.3766	6.9016	3.2647	1.7787	5.7468	2.6702	1.7895	3.1414	1.255	3.4334	7.1501	7.2633	2.3845	2.808	1.1814	3.2811	6.6694	2.2264	0	3.0181	0	9.784	1.7987	4.2186	4.1378	1.5477	3.517	2.6213	0.81572
RS_G15925__TSEN54__TSEN54	7.2344	8.3459	6.4633	7.5892	6.3917	7.9159	7.7411	6.4839	6.8253	8.3035	7.0863	7.4429	7.0836	7.421	8.0853	7.972	6.2994	6.6307	10.0525	8.9556	6.8742	8.4277	7.161	9.7546	9.4051	8.7804	9.1787	7.8424	7.1251	7.3376	8.4663	7.997	8.3349	8.8604	8.5107
RS_G5729__MT1G__MT1G	0	2.6191	0	0	0	0	4.9557	0.62973	0	0.7331	0	5.6489	1.6687	1.2197	1.541	6.9593	2.3812	0	0	0	0	0	0	0.53834	0	7.4163	4.4929	3.7126	2.7817	5.326	2.0164	1.8496	0	0	0
RS_G13247__KRT83__KRT83	4.4686	6.0206	0.84412	2.8622	1.2037	0	1.6	0.15982	1.0608	3.8349	7.5226	0.21658	3.8995	4.0819	5.3611	6.2556	0.2605	0	6.3004	5.1009	0.39899	3.2356	1.2838	4.3141	1.0845	8.2638	5.2935	0.46695	9.9153	7.1214	1.1824	6.0218	0.43923	1.7506	1.8815
RS_G3465__GLIS3__GLIS3	1.0417	0	0.7201	0.39469	5.7482	0.065496	2.5089	2.5399	0.25445	0.088391	2.7287	0.32897	0.90898	4.199	0.28977	1.6833	7.1394	5.2637	0.31311	0	0.24739	0.86881	3.7762	0	0.11367	3.442	0	5.3004	1.2236	1.4032	3.5116	0.2903	0.073385	0.090949	1.0128
RS_G41__TFPI__TFPI	1.8179	0.2174	0.72568	0.79129	8.5146	4.5244	0	4.3639	0.37081	3.8782	0	2.3925	3.7167	5.6665	0	2.9865	5.668	6.9449	4.0401	7.4224	4.2219	2.2633	7.667	0.35548	0	0	0.67722	3.6419	0	0.60216	5.6653	4.1591	0	0	0
RS_G1450__HOXA9__HOXA9	0.17011	0	0	0	0	0	4.2747	6.0684	0.42162	1.0745	0.51342	2.9381	3.8685	6.2627	0	0	2.0643	5.5064	0	0.1108	0	1.3105	0	0.20088	0	7.564	0	0	4.3002	0.78151	3.8141	2.6181	0	0.54402	0
RS_G2004__TGM1__TGM1	5.3721	9.4474	2.3286	3.8808	1.7513	2.7163	4.4828	2.8924	2.0639	4.04	2.0162	2.9572	6.9913	2.9415	4.3939	4.9255	3.0329	1.8108	6.114	3.719	1.9212	6.4252	3.1641	2.8856	2.5922	5.9739	7.4251	2.4886	6.8145	5.2442	4.2484	3.6189	4.1613	4.3151	2.8052
RS_G7148__SLC37A2__SLC37A2	1.5244	1.743	0.59126	1.1246	1.9372	0.18273	3.9621	0.86478	3.136	1.0031	2.343	7.2757	5.6297	4.464	1.1997	0.2671	0.77	5.1438	0.83168	2.4463	1.356	1.9021	3.5066	2.4775	2.7523	2.1288	0	2.0145	1.4549	3.7964	8.4733	3.5984	1.7074	2.4425	3.4503
RS_G17613__DNER__DNER	2.294	0	2.4646	3.4789	3.6529	1.1389	5.8237	1.9231	1.3251	0	2.8314	3.7397	2.2167	3.9148	0	4.4929	0.54296	6.9983	0.29029	0.8161	8.8187	4.9399	0.99509	5.2065	0	6.8288	0	4.4448	7.0268	3.188	5.3424	5.9503	0	2.4246	1.2397
RS_G5313__TMEM156__TMEM156	6.3667	0.68625	0.25002	1.0743	0.22017	0.68688	2.7164	0.97297	2.409	0.55338	0.20704	4.3234	2.8657	5.3247	1.1203	0.23463	1.0467	5.865	0.59194	0.50402	0.76171	1.653	7.439	0.65543	0.54852	0.45099	0	0.21308	1.9252	4.9806	2.0397	5.2275	0.75174	0.16554	0.45639
RS_G11561__PRSS12__PRSS12	1.496	0.54609	0.25057	0.080545	5.6392	0.8661	5.8391	2.788	0.085993	0.31015	10.2082	5.2016	4.7765	2.0344	0.29579	9.7569	4.8767	5.9064	0.22633	0.48493	0.61684	3.2744	4.7183	0.48861	0.70177	5.0703	0	4.227	6.4227	1.9942	5.4288	0.17025	0	1.3084	2.2724
RS_G10491__RIBC1__RIBC1	3.9264	3.101	2.5422	4.4233	1.5303	4.0011	0.7201	1.3014	3.7302	4.2275	2.634	2.1808	2.2063	3.2129	8.1277	4.1118	2.0924	1.4566	3.7258	3.6101	3.7148	3.6913	0.68483	4.1442	4.9097	4.0846	2.4338	2.1117	3.0577	3.7109	1.5979	4.4471	5.9036	4.2151	3.6118
RS_G3823__CCND1__CCND1	11.467	10.2873	9.7956	11.0955	7.5774	10.8624	12.4704	7.9377	9.8988	10.1898	6.9323	10.1513	11.3166	11.978	7.0419	7.8671	9.0157	10.1335	11.149	10.4301	15.2047	9.4841	10.5959	11.1601	10.8596	5.726	8.7887	8.7105	7.5246	10.0655	9.6036	9.6678	8.5391	11.3211	11.0084
RS_G11659__FOXQ1__FOXQ1	1.3317	0	0	0.32199	0	0	4.9799	0.24861	0	0	1.0826	8.1771	6.1798	2.8295	0	0	0.11238	4.8724	0.21695	0	0	4.1323	4.4486	0.59161	0	3.5659	0	0	4.3107	3.5072	6.8165	3.8679	0	0	0
RS_G13165__AC055839.9__AC055839.9	2.1562	0	1.3571	3.4608	4.4711	0	3.2713	1.452	1.0082	0.41047	0.39879	3.2727	0	0.52644	1.385	1.1335	1.8594	4.3497	0.76491	0.55378	4.8256	1.2695	2.6327	1.5017	0	1.1214	0	3.9832	0	0	2.0505	2.5645	2.4145	3.4531	0.88875
RS_G11080__DNAJB4__DNAJB4	5.2481	2.6683	2.103	2.8453	9.2845	3.4604	3.6926	7.1968	4.45	2.7546	4.4632	4.5992	3.4336	4.2361	2.4822	5.9018	6.3162	6.7432	1.3773	2.6579	4.1523	2.2465	5.9448	1.8261	2.2012	4.6909	3.7086	3.9964	3.852	4.2055	4.099	3.7067	1.7083	3.1523	0.8945
RS_G13255__CDH2__CDH2	0.95252	0.11179	3.8179	3.037	9.5863	0.59708	7.9074	7.9637	0.065964	0	3.3876	4.6749	1.3151	0.59305	0.62312	7.3261	9.9603	8.8508	0.061776	0.34768	6.7543	1.1428	0.95446	5.4598	2.9731	3.3556	0	2.3343	4.6813	0	5.7937	0	0.64866	1.9772	1.4403
RS_G19250__ABCA4__ABCA4	2.5925	1.8337	3.9603	5.4901	0.26948	0.28068	0.23368	4.4163	1.9681	6.1509	2.5443	0.3723	2.4337	1.3841	6.106	1.9661	0.29762	1.2798	2.2154	0.99615	0.14858	3.3904	1.4951	0.99526	0.25117	3.7702	3.5587	1.6032	3.7364	1.1507	1.4958	1.6978	2.6309	4.9307	0.65076
RS_G4751__ST6GALNAC5__ST6GALNAC5	1.3493	1.0504	1.3399	1.0143	5.9416	0.2507	6.665	1.5309	5.1082	0.17517	7.3934	0.37743	6.2258	5.5602	0.23447	8.2988	7.1961	1.3656	0	2.2612	3.6181	7.0606	5.7759	0	0	9.2757	0	0.75056	6.2159	0.6064	0.52553	0	0	1.2189	0.95463
RS_G17559__CARD9__CARD9	2.0174	7.0099	0.6706	5.6672	1.4088	2.6325	2.0393	1.4984	3.6816	5.0528	2.7027	1.4486	2.5832	2.3415	2.61	4.4666	3.4205	4.6677	3.0093	1.3258	0.86781	4.6972	1.1757	2.3871	2.5131	8.2604	6.5049	3.0512	2.7976	2.6832	2.6337	1.2984	7.1332	4.3282	2.7942
RS_G8682__OSR1__OSR1	0.11123	0.23849	0.2896	0	0.48045	0	4.8216	6.3439	1.8828	0	4.1075	0.57369	0.83199	0	0	4.8445	2.7179	7.5551	0	0	0	4.4393	4.3569	0.57157	0.45115	7.4307	0	3.2881	3.4287	0	3.2369	0.52938	0	0	0.36537
RS_G10423__DPYSL5__DPYSL5	0	0	6.6001	6.5646	0	6.6633	3.5008	0.097144	2.8127	3.7226	3.515	4.8198	4.0043	3.8285	0.31394	1.8907	0.30764	0.50048	3.2035	2.2187	8.519	3.983	0.23007	4.7768	0	1.8894	0	0.83944	0	0	0.90375	5.6141	0	5.7104	8.0592
RS_G4624__GPX7__GPX7	0.58278	0	0	0	0	0	0	0.61279	0	0	3.9738	3.8643	4.113	0	0	0	5.5601	4.9712	0	0	0	0	0	0.19675	0	0	0	2.9878	4.7546	0	4.2696	0	0	2.0518	0
RS_G9624__KCTD14__KCTD14	1.3345	0	1.3939	0.15538	1.2875	0	1.4303	0.82766	0.44881	0.39689	4.2721	6.4763	4.9359	1.9413	0.53673	6.991	6.1103	4.8691	0.92268	1.2413	6.1017	6.5793	8.2157	0.66947	0	2.2392	0	1.3039	0	0	0.7793	2.9725	2.6382	0	0.41275
RS_G16556__SLIT3__SLIT3	2.2355	0	2.471	0.90403	8.9874	0.21763	0.33496	7.4124	4.7742	0.68628	0.18968	0.65273	3.7599	0.33265	0.10944	0	3.0493	6.6132	0.20772	0.15986	0.57603	1.6904	0	1.9982	5.5376	1.4012	0	7.0337	1.139	1.3114	1.8365	0.83487	0.24237	2.7669	0.36437
RS_G16049__EPGN__EPGN	0.62908	1.2748	0.81396	1.382	0	0	2.3756	0	0.79607	0.96975	0.49786	3.9373	1.4815	5.3723	1.695	2.3909	0	0	0	0	0.56023	0.80166	0	1.4689	0	1.9751	1.4898	0.88324	4.5126	5.4435	2.7586	6.7991	2.2266	0	0
RS_G11051__LAPTM5__LAPTM5	2.8393	0.20669	0	1.2492	0.22567	2.6129	1.7293	2.6516	0.45429	2.2405	3.3755	3.4596	4.1543	2.745	0.87362	1.1634	0.66768	0.91454	1.473	0.33275	2.7641	1.0672	9.5586	0.73502	0.39464	2.4712	0	7.01	2.1102	0	6.916	0.65062	0	1.1637	0
RS_G5057__FKBP1B__FKBP1B	1.9851	2.7594	2.1489	1.8948	1.23	0.48755	3.562	3.1728	3.1942	4.5799	0.90864	3.5513	3.3906	1.6684	2.7726	4.3029	1.5406	2.7095	3.3037	2.5102	5.2797	2.0636	1.6759	1.8057	0	2.3657	3.8746	5.3924	4.0097	0	3.3648	0	2.1257	0	0.89388
RS_G10636__AC140077.17__AC140077.17	6.4734	6.1038	3.6772	4.9298	6.3114	4.3628	5.7212	10.4706	2.8701	3.3701	10.9558	5.729	6.1452	6.4867	6.0287	8.6229	7.1547	8.2138	2.1652	2.5573	6.7464	5.3674	4.1819	4.0261	2.353	10.1164	3.5703	2.1811	7.9831	3.5627	5.4752	4.4278	2.8825	4.7804	2.011
RS_G12225__A2ML1__A2ML1	0.55235	3.015	2.3348	1.6963	0.051186	0.20298	5.7466	0.4159	1.5662	4.2978	0.67252	2.6485	4.0087	2.6029	0.099228	1.1693	0.099944	0.059283	1.3786	1.1201	0.84535	0.083725	0.049173	1.9963	0.48814	5.6281	5.0462	0	3.9701	3.2228	0.36821	4.9828	0.50916	1.3113	0.21477
RS_G4157__PDE10A__PDE10A	0.24391	1.0968	0.56945	1.6686	0	1.8322	1.7856	3.8587	0	0	3.5858	0.49179	0.10121	0.86591	0	0.36315	4.6507	4.0025	0.18602	0.92933	6.2747	0.82034	4.6996	0.24783	0.22552	0.37536	0.35049	0	2.3777	0.35275	0	0	0	2.3037	1.2322
RS_G14281__AMZ1__AMZ1	4.3637	2.5402	1.9577	6.2024	0	0.80029	0.097203	0.82505	2.9497	7.2086	0.50476	4.8755	3.3	0.55233	2.0374	0.33663	2.2512	1.4567	6.0503	4.4576	5.0749	1.1402	0.26129	5.3051	0.82924	0.31317	1.2553	1.7794	3.5693	2.3375	1.8046	0.50673	7.1278	5.9031	2.0128
RS_G10899__PERLD1__PERLD1	7.7632	10.8788	10.843	8.1343	5.7015	7.023	5.4851	6.0545	11.6693	6.7597	1.9356	4.6347	4.808	11.5693	10.3273	7.3482	6.5941	5.8111	6.5555	5.7895	6.5318	7.7669	5.3794	9.638	8.0489	7.0386	10.3657	5.6013	6.5852	14.7454	6.0695	5.4877	7.267	7.3184	6.7812
RS_G8515__ITGA10__ITGA10	4.1452	0.76035	0.65051	0.33333	5.8977	1.2635	1.8495	4.6249	1.7218	1.7512	1.4994	0.777	0.30154	0.75963	0.96605	0.46709	1.37	5.1135	2.0192	0.73721	1.2263	3.4229	3.8615	2.5911	2.4997	2.4127	0	8.3908	1.0885	1.595	1.6635	7.8181	3.3096	1.1856	0.3426
RS_G2913__KIAA1199__KIAA1199	7.641	2.9944	1.7452	2.2245	8.7442	1.1372	1.3566	4.1092	1.6288	1.1836	1.0036	0.63034	1.6954	1.9755	0.43909	1.4692	3.9475	8.171	2.3433	3.1087	4.1294	3.0434	4.72	2.3213	0.96256	1.8888	0.42582	3.094	0.79594	1.1095	0.6955	2.814	1.156	0.37723	0.75076
RS_G1436__FAP__FAP	0	0	0	0.18706	0.18332	0.19117	0.94484	3.9543	0	0	0	0.83298	0.5157	4.0178	0	5.4188	3.9292	5.6902	0	0	0.72062	2.496	0	0	0	0	0	3.5532	5.4313	0	4.7177	0.20414	0	0	0
RS_G4436__CCL20__CCL20	1.9698	0	0	0	0.92801	0.95898	0.82603	1.8539	0.57533	0	9.1032	2.6324	1.6539	0.51556	0	6.5061	0.53131	0.60805	0	0	0	0.45769	0.90037	0	0	7.5608	0	0	6.4299	0.17882	3.4352	0	0	0	0
RS_G6440__COL5A1__COL5A1	3.8517	3.1224	0.40165	5.4151	10.1958	7.0167	4.1353	8.0257	0.059076	1.7108	0.44888	3.3905	6.243	6.8198	2.7499	5.9398	8.5532	9.4954	4.8717	3.0794	0.85124	2.9642	4.163	1.235	0.099041	1.25	0.20663	2.239	5.6444	4.0102	6.5509	4.9687	3.6637	2.6056	1.0735
RS_G6363__APOE__APOE	4.2881	4.7187	0	2.382	5.2995	1.3208	2.9543	2.0475	0.42935	4.4855	2.5012	5.566	3.0563	1.0451	3.614	1.0041	2.1619	4.6007	6.7091	5.158	1.0037	2.8448	2.0232	0.83225	1.4749	6.4436	4.0786	4.4021	3.4789	2.8382	8.3738	2.2518	10.4583	5.8134	0.56077
RS_G13489__LRRC8C__LRRC8C	2.418	1.5417	1.7488	2.4041	6.0762	1.4049	4.2775	5.247	3.3365	3.6831	5.1997	6.6789	3.9768	4.0136	3.0991	6.0583	4.9818	6.064	0.087916	2.0266	4.3586	2.1772	8.3452	1.0245	0.97754	5.5085	0	2.3141	2.6248	0.61749	3.3056	1.4293	1.3006	1.2874	1.824
RS_G4584__KYNU__KYNU	0.60489	4.1925	1.4848	1.7876	0	6.9957	1.0675	9.0447	1.4605	4.2133	3.9039	7.1549	4.0487	8.0346	4.4861	6.7536	0.39923	0.64089	6	9.3717	0.4213	5.9079	4.6446	2.6547	0.53147	6.3795	6.069	0	8.9084	4.1763	4.3763	5.0554	6.6215	4.0011	0.96745
RS_G9080__IGFBP3__IGFBP3	6.2987	3.3656	2.9054	5.2494	11.5393	1.034	12.0229	11.5965	1.9904	0.38514	2.9917	8.8113	10.5079	11.6002	3.293	10.8788	9.9252	9.3982	3.8586	4.4452	6.8854	9.9608	6.9804	4.4091	8.3923	8.5003	0.25393	4.3852	7.1035	6.5264	7.3456	7.1766	0.7413	2.4343	0.70512
RS_G2508__NTSR1__NTSR1	1.3246	5.0179	0.64197	1.934	0.12025	2.9231	0.62092	0.6549	0.13696	0.47215	0.11583	8.1986	1.0561	0	0	1.5179	0.82061	2.1817	5.7191	2.5628	0.13259	1.5976	0.99971	1.2335	0.22427	1.9421	0.88219	0.11781	3.3646	2.8194	0.28878	0.43836	0.075228	0.41548	0
RS_G2752__C13orf15__C13orf15	1.6778	0	0.2523	1.5405	1.0073	0	7.0141	5.6897	0	1.543	1.4384	2.3605	3.5916	1.9013	0	5.5066	1.8871	0.83926	0	0.42973	0.44241	2.8603	4.7928	0.80035	0	3.8145	0	0.40215	4.3445	2.1148	2.0999	2.9343	1.478	2.636	1.8022
RS_G463__VIM__VIM	2.9652	2.2052	5.3309	4.7875	13.722	3.764	13.663	13.843	4.156	0	10.3261	6.4127	8.4787	10.5793	0.47968	11.7234	13.9024	15.089	6.8882	3.1521	9.4838	11.1994	13.7198	1.8929	3.5908	12.9747	2.3972	16.3769	9.8039	3.625	11.237	3.9594	5.7587	3.9298	0.37376
RS_G12178__SERPINB7__SERPINB7	0.9442	0	0	0	5.6432	0	4.7067	3.7483	0	0	5.5995	5.3599	5.0834	3.2114	0	4.5919	3.2161	3.124	0	0	0.75502	3.0792	2.3119	0	0	9.9222	2.1682	0	4.6954	0.18709	3.6766	0.6301	0	0	0
RS_G16170__PCP4__PCP4	9.5795	2.6308	3.4364	5.2434	0	4.7144	0	1.3531	1.0717	2.5298	0	0	1.3561	0	7.0045	0.43605	0	0	4.5612	5.15	3.0122	4.0627	0	1.8418	0	0	7.0218	2.0636	0	1.9718	0	6.293	6.6928	1.5702	0
RS_G10326__NMNAT2__NMNAT2	6.6	0.30207	0.5195	4.1564	2.4102	0.093162	5.2476	3.0218	2.6025	1.3761	1.4049	3.0914	4.7602	1.6212	0.17633	4.0426	0.32631	4.3466	0.089314	0.54336	0.88415	4.3612	5.3772	2.181	0.62001	5.1991	1.6548	1.5533	4.0954	0.10382	0.6965	1.1755	4.3552	4.2739	1.8525
RS_G16369__FAM101B__FAM101B	2.9511	1.0265	1.5763	2.6268	9.3524	1.5603	6.5765	7.1081	2.1504	3.8254	6.532	4.3797	5.5651	3.7832	1.8953	4.0257	6.4778	8.5698	3.835	2.3843	1.8116	3.9783	0.79962	2.1654	1.441	6.3464	0.18891	6.972	2.6499	2.5583	4.7299	1.4567	2.4444	3.7364	5.4731
RS_G13984__TNFRSF10D__TNFRSF10D	0.47373	0	0	0	0.27889	0	7.3456	0.24361	0.43255	0.61535	3.624	5.9027	4.4719	4.3597	0	7.4006	7.5913	8.1692	0.93493	0.14914	0	4.7278	7.4603	0	0.13627	0.38305	0	6.4505	0	5.4051	5.1856	0.30762	0	4.0385	0.11014
RS_G18127__AKR1C3__AKR1C3	7.8865	3.0139	0	3.2792	1.3543	0	7.2095	11.8158	6.4508	2.379	1.5848	10.1685	6.4967	9.7433	0	9.7141	6.0956	4.3654	2.3442	4.7688	4.2381	5.4436	5.5606	5.2548	0.65854	6.5484	0	0	5.2862	10.6807	7.8458	3.9155	3.6783	3.7279	4.4293
