Cell lines	600MPE	AU565	BT474	BT483	BT549	HCC1143	HCC1395	HCC1419	HCC1428	HCC1569	HCC1806	HCC1937	HCC1954	HCC202	HCC3153	HCC38	HCC70	HS578T	LY2	MCF7	MDAMB134VI	MDAMB175VII	MDAMB231	MDAMB361	MDAMB453	SKBR3	SUM1315MO2	SUM149PT	SUM229PE	SUM52PE	T47D	UACC812	UACC893	ZR751	ZR75B
Response	1	1	1	1	-1	-1	1	1	-1	1	1	-1	1	1	-1	-1	-1	-1	-1	-1	-1	1	-1	-1	-1	1	1	1	1	-1	-1	1	1	-1	-1
RS_G12862__LGALS9__LGALS9	6.1513	3.8085	2.4838	4.3619	1.2065	1.1498	2.0604	1.6809	0.81283	3.6725	3.8578	4.5519	8.239	2.1576	3.5171	1.8164	8.8117	1.1612	0.30805	0	2.0891	3.6262	1.098	1.1014	0	4.3563	0.74292	5.2937	4.2458	2.1547	2.1856	2.0067	4.7714	1.8861	0.97357
RS_G14453__NR2F1__NR2F1	0	0.62002	0.26207	0	8.065	1.6759	1.1938	1.1083	3.4171	0.14742	3.5416	4.981	4.7643	0.56207	4.1435	1.2267	4.8295	7.9087	2.6308	0.72901	1.9212	1.1957	8.0721	9.375	10.4319	0	6.7984	3.8738	4.3224	1.7813	4.5034	1.195	5.4634	4.6681	8.2892
RS_G6638__PPP1R1B__PPP1R1B	9.1888	7.6126	4.4299	3.4995	0.23954	1.8579	0.70371	8.2727	0.7143	13.4847	0.80076	4.3668	6.14	5.4565	6.6736	0.53447	6.17	0.79314	2.1675	0	6.2008	7.1262	0	5.8269	0	8.7928	0.59718	2.5011	2.2995	2.5734	1.9065	6.5712	10.6896	1.0367	0
RS_G13924__C11orf86__C11orf86	1.453	9.9466	0	0.50858	1.1966	0	0	0	0	3.5889	0	0	1.786	2.1623	4.2136	0	0	0	0	0	0	7.1704	1.6118	0	0	4.8992	0.88539	7.3083	3.5987	5.714	0	2.939	5.2253	0	0
RS_G4095__RBM24__RBM24	0	0.18099	2.7361	6.8059	5.2114	3.1305	0.67503	2.4326	6.8352	1.4929	1.5526	2.9359	0.57117	0.20004	4.7801	6.5447	0.48409	3.744	3.949	2.8777	9.1516	0.62792	7.44	4.9553	0	0	4.2684	0.54062	0.30704	0	5.4843	2.1862	0	3.1769	2.4745
RS_G8360__GRB7__GRB7	8.0056	12.1647	10.381	7.194	0.81984	6.1071	2.0939	11.6616	5.7069	12.2019	5.2958	5.5994	12.9359	10.3673	7.5671	0.68484	7.2676	0.69935	6.6271	5.5221	6.5424	7.9202	4.3394	9.092	9.3835	11.2459	0	5.772	7.3719	7.0799	6.8735	11.3881	12.4499	7.0867	7.2831
RS_G8362__PNMT__PNMT	0.44623	4.8999	7.3726	5.2727	0	0.33162	0.4332	11.4553	1.7285	1.4818	0.57924	0	3.0748	8.8248	0	2.0961	0.97013	0.42865	1.4931	0.68934	7.0506	4.7939	0	6.2953	2.8879	4.8305	0	1.6774	2.6683	0	2.3264	10.3755	10.719	2.1811	0
RS_G18941__ELOVL2__ELOVL2	0.97832	0	3.1252	7.4774	5.5966	1.7512	1.7666	0.070198	6.2925	0.42152	0.29691	1.3447	0	0.35705	2.9121	4.5434	0.059748	1.7002	1.7841	4.9042	7.7265	2.7866	0.3406	4.9088	0	1.7719	0	0.46971	0.37686	2.9014	4.5296	1.4157	0	3.6414	3.3965
RS_G18988__AKR1B10__AKR1B10	6.0862	6.4031	3.4204	4.4495	3.4368	3.6936	13.2877	6.9807	1.5061	1.9267	6.7916	5.592	11.1161	5.4083	6.367	3.9192	8.1433	2.5406	4.3702	1.7214	2.4865	6.1488	1.9461	3.7713	0.52788	3.873	1.0774	4.063	9.6947	2.5692	0.50493	2.3659	5.0285	1.4491	1.9367
RS_G19250__ABCA4__ABCA4	2.5925	1.8337	3.9603	5.4901	0.26948	0.23368	4.4163	1.9681	6.1509	2.5443	0.3723	2.4337	1.3841	6.106	1.9661	0.29762	0.88168	1.2798	2.2154	0.99615	0.14858	3.3904	1.4951	0.99526	0.25117	3.5587	1.6032	3.7364	1.4958	1.6978	2.6309	6.0141	0.98523	4.9307	0.65076
RS_G16044__NXPH3__NXPH3	0.63973	1.6768	3.3225	4.9965	1.4449	3.7241	2.1343	4.6757	4.5822	0.48173	0.35093	1.4048	1.158	2.7146	3.0732	2.7136	0.83939	3.4998	3.5653	3.6032	7.6833	0.3628	2.3113	6.4008	3.532	0	1.4849	1.5721	2.0227	0.82821	1.8999	0.72051	0.68788	4.1853	1.3407
RS_G12622__ENTPD3__ENTPD3	4.2057	1.6276	2.4329	2.2836	0.094504	2.4286	0.70161	2.6439	0.25413	0.3192	4.9483	0.97482	2.9286	4.3004	0.36104	0	5.8247	0	3.3313	1.5158	0.18811	0.28822	1.9706	0.86462	0.46191	1.6258	0.17393	0.98866	0.52321	0.10292	2.4856	4.1525	3.9138	0	0
RS_G22179__AC104692.1__AC104692.1	0	1.0213	6.1553	5.323	4.6508	0	1.8859	5.2296	1.4075	5.5417	2.2715	0	4.987	1.7182	7.6104	0	4.8789	0	0	0	0	7.8349	5.5001	0.65229	0	0	6.7274	5.1084	0	0	0	0.84432	0	0	0
RS_G10899__PERLD1__PERLD1	7.7632	10.8788	10.843	8.1343	5.7015	5.4851	6.0545	11.6693	6.7597	1.9356	4.6347	4.808	11.5693	10.3273	7.3482	6.5941	7.0206	5.8111	6.5555	5.7895	6.5318	7.7669	5.3794	9.638	8.0489	10.3657	5.6013	6.5852	6.0695	5.4877	7.267	11.6018	11.2609	7.3184	6.7812
RS_G2624__MXRA5__MXRA5	5.0837	3.4195	7.5759	6.375	0.20632	1.6586	1.0157	0.058217	0	0.23401	2.3124	1.2112	3.8501	6.5451	0	4.6149	4.8628	3.9665	0.15856	0.66448	0	0.088941	0	0	0.09952	1.2267	2.57	0	3.7177	0.22955	0	4.5144	4.2467	4.9451	1.5408
RS_G4197__TBX18__TBX18	0	2.9032	0	0	6.7911	0	2.4184	0	0	5.9388	5.1825	0	5.7711	0	5.3067	0	4.4794	0	0	0	0	0.32925	0	0	0	1.4806	6.5899	5.9947	4.2898	0	0	0	0	0	0
RS_G12287__ANPEP__ANPEP	4.6781	3.3458	0.4918	2.3499	9.3546	0.60793	3.8277	2.1245	1.2098	2.4168	4.5501	9.2789	0.94625	1.0267	0.81235	7.8441	6.672	8.9544	1.7722	1.5798	0.72205	10.471	0.4706	0.586	0.65303	2.6835	13.7475	11.5166	7.974	0.8554	1.2223	6.7332	3.5849	1.7071	0.4654
RS_G22491__AC008734.7__AC008734.7	2.8709	6.4765	0.59515	2.5045	0	6.2257	0.13237	0.12501	0.078348	0.813	3.8512	5.8028	0.55869	3.9361	3.0198	0	3.8887	0	0.17013	1.8018	0.11947	5.4715	0	0.13791	0.54559	6.0522	0	3.4623	4.1309	0	0	1.7923	2.702	1.6888	0.84556
RS_G13225__KRT75__KRT75	0.1001	0.48837	0.13704	2.6322	0	5.1256	5.5198	0	0	2.0876	2.7652	3.4922	6.9589	0.61436	8.326	0	2.9312	1.6538	1.0494	0	0.44826	7.6739	0	0	0	1.8503	2.1211	0.93863	3.1433	0.25517	0.87163	3.2242	0.16919	0	0
RS_G5954__WNK4__WNK4	5.1287	0.79205	2.5978	4.274	0.5909	1.2907	0.90576	8.0818	1.6841	5.8715	1.8048	2.8025	2.1026	2.2251	1.247	3.0602	0.54739	1.1837	2.3966	0.75549	5.7045	3.1369	2.3806	2.3498	2.8618	3.0046	3.866	2.5784	2.3071	0.6056	4.2054	6.543	1.4324	1.9687	0.39401
RS_G386__CNTN1__CNTN1	5.1297	4.4821	4.0003	1.6827	0.2822	1.4143	0.16983	5.5541	0.38665	0	5.2014	7.4095	5.7192	4.6712	3.524	0.40369	0	0	0	0	2.5186	0.56659	1.6466	1.0276	0	1.9387	0	4.7842	2.9306	3.7199	0.17292	1.5049	1.9162	4.0685	1.9316
RS_G10592__HOXB13__HOXB13	0.13852	0.41729	7.3933	4.8456	3.0727	3.2697	0.58562	4.225	0	4.5096	4.0837	3.6472	0	7.497	0.82986	4.5798	0	2.4854	0.90775	0.86504	0	4.3853	0	1.7184	0	0	2.9856	0	3.0351	5.4196	0	6.077	4.4027	0	0
RS_G10072__APCDD1__APCDD1	3.6283	0	3.4981	1.7279	5.1196	8.1676	5.0126	4.698	4.311	0.49093	0.3134	4.4235	0.7662	0	5.3693	0.79178	4.2019	6.4553	4.2763	1.278	2.5733	3.1425	0.77135	4.5634	0	0	1.5594	0	0	3.1684	0.75881	4.9168	1.234	3.3698	2.6144
RS_G2589__MAP1LC3A__MAP1LC3A	5.4336	7.1958	6.0458	0.63413	8.0698	0.95044	5.8552	1.1291	0.5447	9.0622	2.5355	1.2561	0.14229	1.3253	2.4131	5.7958	3.7533	6.2558	0.41055	0.28982	6.6626	2.6565	0.27231	1.1472	0.26588	3.7384	7.5561	6.9562	6.105	5.1861	1.7702	8.0319	3.3952	2.0084	0.40504
RS_G14073__MARCH3__MARCH3	2.7745	3.2569	2.3112	3.8079	7.2639	3.3371	3.5078	4.7162	3.7624	3.8529	2.2062	4.095	4.8337	0.69297	3.733	3.2795	3.1876	5.5727	4.1582	4.2518	5.4319	4.115	5.8431	2.9157	3.9047	3.2788	3.641	1.93	5.393	3.9215	5.5492	4.9057	1.0072	4.0362	3.6738
RS_G178__GAS7__GAS7	0.23393	0.79868	3.7512	0.60208	0.060325	0.4579	0.89591	1.6052	0.58061	7.4591	0.81088	3.7882	3.5067	0.18004	2.8269	0.42668	0.02884	0.46526	0.091648	0.1238	0.83713	5.9946	0.059891	0.18529	0.057997	0.53052	0.11579	0.34439	0.43877	3.5497	2.8263	4.9676	0.064362	0.13361	0.17756
RS_G8562__RGS16__RGS16	3.6383	7.9152	3.1434	4.2812	0	0.82754	4.8652	7.453	2.0693	4.5062	4.3101	2.672	4.8678	2.4771	1.5237	0.53533	2.5687	0.83849	5.7894	7.078	4.9839	6.6086	2.0042	4.5416	3.1614	6.6121	8.0521	3.1614	4.6667	4.6968	5.3382	4.7611	7.9632	6.9381	6.5567
RS_G5561__PI3__PI3	3.0706	3.6429	3.0152	0	2.5138	5.0806	3.2166	0.42835	0.53604	11.0888	3.8493	12.335	8.9357	0	5.0919	5.1559	10.2125	0.7907	1.1857	0	0	10.7066	0	0.39099	0	7.5841	0.66256	11.976	9.9971	2.5749	0	1.8475	1.0592	0	0
RS_G18751__COL4A6__COL4A6	0.67594	0.13292	0.082024	0	2.7738	0.39431	0.12632	0.04069	0.15342	0.06856	5.2708	4.3231	2.4073	0.27736	0.8942	3.3987	0.59125	2.8252	0.45164	0.87533	1.2266	1.004	0.68802	3.537	2.2581	0.099219	0.63428	4.2757	5.7836	3.0149	3.9285	0.34172	0.41123	0.38657	0.43794
RS_G2069__IKZF5__IKZF5	5.7021	4.4128	5.3513	5.0351	5.3352	4.9167	5.9685	5.2985	5.6042	5.5172	6.1113	6.074	5.4231	4.6603	5.4279	5.283	5.6724	4.1876	4.6831	5.8147	6.2913	4.6276	5.7219	5.5635	5.2171	5.5553	4.6446	4.5729	4.1707	11.8927	5.4297	5.0336	4.5353	5.5195	4.6727
RS_G16898__AC073468.9__AC073468.9	2.771	6.104	3.2477	2.9543	0	2.1311	2.1588	0.48723	0	3.5396	2.6112	3.5696	3.464	4.4522	4.6909	0	4.557	0	3.053	1.4065	1.2126	4.682	0	2.3478	0.5494	4.3933	0.55787	1.3527	2.3273	7.8208	1.3018	2.9242	3.7231	2.9131	0.94339
RS_G1589__PGR__PGR	0	0	5.8141	4.6073	0	0	0	0	6.0643	0	0	0	0	0	0	0.29135	0	0	5.3098	2.2482	2.7384	0.085527	0	4.3203	0.097528	0	0	0	0	0.84492	7.8522	6.9785	0	6.2611	0.35204
RS_G28763__AC004510.1__AC004510.1	4.18	3.003	2.4121	1.6074	0	3.6551	0.20787	4.8439	0.65083	1.3738	8.3064	10.732	8.894	0	2.8922	0.17524	8.3564	0.54728	1.6529	0.49128	1.3465	7.7787	3.2587	3.0726	0.58147	1.8833	0.59034	8.2401	9.2063	1.1354	2.6933	4.6852	3.53	0	0.48286
RS_G8364__STAC2__STAC2	2.9266	4.9482	7.7713	2.7693	1.8024	3.0434	5.2152	2.9297	3.3607	3.8694	2.5517	3.3504	1.8462	4.4703	8.1413	2.7202	2.1892	3.3251	2.3285	2.5082	3.3381	9.6307	2.1445	2.0836	2.5218	5.5875	2.1731	8.3711	5.9682	2.0444	1.97	2.0667	2.0578	2.4866	2.4299
RS_G16526__ALDH1A3__ALDH1A3	6.9869	6.6244	3.4412	2.4634	1.2073	11.2405	5.3582	10.9346	1.4376	5.1885	8.2874	10.8421	12.6084	5.5356	10.846	3.2546	8.3779	5.4292	5.6338	1.6124	1.2527	9.3386	4.3207	2.1737	1.7792	7.9504	1.5677	6.6021	9.1305	3.6909	6.7618	5.3565	9.581	5.1568	3.5552
RS_G17181__CYP4X1__CYP4X1	3.2584	0.19578	3.5439	4.1191	0.40002	2.5935	1.6836	1.8874	1.0942	0.19735	0.48011	0.59456	2.6567	1.1924	0.66645	0	7.9111	0	0	0.64786	1.6739	4.6775	0	1.502	0	2.2153	0	5.9057	4.6334	8.0328	4.8838	5.4748	4.5057	1.2638	0
RS_G8740__AFF3__AFF3	0.44693	0.29226	4.8621	7.33	5.4881	0.58624	3.254	3.5345	5.2327	2.2544	0.19739	0.1946	0.030628	0.86284	1.9919	3.4856	0.29365	4.3984	3.8837	3.673	9.2559	0.99939	0.84566	5.9017	1.941	0	1.8813	1.9608	0.28438	5.0712	6.2548	3.8718	0.40722	2.3747	0.30224
RS_G17665__FAM25A__FAM25A	0.91608	7.1962	4.2358	5.7438	0	0	0	3.3216	3.1388	0	4.8461	0	2.0457	1.6908	2.761	0	0	0	6.2332	0	3.654	6.0496	0	4.6771	0	5.606	0	2.74	0	3.3555	4.3747	9.3534	3.6138	0	2.0778
RS_G11089__FAM102B__FAM102B	4.7681	4.3549	4.9539	5.1912	4.7079	4.2957	4.4037	6.2818	5.6482	4.1809	3.3366	4.1433	5.0864	1.249	6.1751	6.3835	5.8081	3.9008	5.9013	9.6937	6.6725	3.8133	7.2909	4.2476	3.6212	5.8356	4.6297	3.0788	1.297	4.307	4.2755	2.9334	2.9321	4.4104	4.2158
RS_G11215__EN1__EN1	0	1.6203	1.7416	2.0997	3.3363	6.9753	4.5556	2.3857	0	6.6847	4.0274	2.9926	1.3909	0.92511	6.7749	1.863	2.198	4.1982	0	0	0	4.627	0	0.12776	0.30582	0	5.4291	7.244	1.2845	0	0	0.33268	0.69571	0	0
RS_G3267__ITGB8__ITGB8	5.1564	0.27889	2.0303	3.4893	0.14738	4.6975	2.6815	3.0352	2.3442	8.4305	4.611	4.1636	5.4276	2.5057	5.2617	1.3995	6.1267	1.6822	0.35153	0.93842	0.36975	4.8645	0.53386	0.59803	0.30829	0.15176	0.8868	5.8392	5.3211	1.0727	1.298	2.2218	0.45322	0.45843	0.59579
RS_G7887__RASGEF1B__RASGEF1B	4.5234	3.0685	3.1092	2.1049	0	2.0377	3.4467	1.2394	0.30568	7.4825	0	2.1076	3.6157	2.2784	4.0506	0	6.5017	0	0.4149	1.5545	2.4279	2.4655	0.56239	1.9391	0.94464	3.8842	4.0339	2.498	0	4.6456	1.7787	2.0873	3.8848	2.8939	2.4747
RS_G3314__CPVL__CPVL	2.9507	6.6103	3.8799	3.6083	0	0	3.8694	0	2.277	8.656	3.351	7.146	2.9736	1.678	3.2959	7.101	0.77609	0.23995	0.10496	0.7097	1.1043	5.688	5.9007	0.38588	0.36679	7.2629	0	6.5484	3.7745	5.2759	5.3372	3.9972	1.1391	1.9393	0
RS_G2770__GDPD3__GDPD3	5.7813	10.6318	4.8723	6.1391	3.3539	2.9664	3.776	7.5407	4.0359	3.3238	4.3605	5.7742	4.4425	4.0949	4.6084	4.1315	4.2824	2.2524	7.0924	7.5877	3.4442	5.5215	2.1837	5.1432	5.1427	9.0082	5.0971	6.6166	4.791	8.2566	4.4144	7.2016	6.2353	5.7162	3.5616
RS_G16432__C1orf64__C1orf64	7.5817	5.6156	7.5603	5.6306	0	0.1454	0.9382	8.8167	1.8555	0.21876	0.25986	0.25555	0.15475	8.3654	0	0.16111	0.15095	0.4392	0.63111	0.17079	1.6817	2.3787	0	6.8421	1.2505	8.026	0	0.46451	0	0.096899	2.7013	7.8181	0.43084	6.8627	5.9547
RS_G11774__DEFB1__DEFB1	1.993	2.346	1.9138	0	0	0	1.7511	0.92315	0	1.0764	2.6711	4.6884	10.3764	1.4116	8.1565	0	9.3815	0	0	0	0	5.5335	0	1.9353	4.1392	0	0	0.89009	4.2375	2.4838	0	1.9013	3.6463	0	0
RS_G17716__IGFL1__IGFL1	0.51855	5.2215	1.994	2.7983	2.2231	6.3222	1.5139	0.66238	0	0	4.3337	5.2263	2.9253	0	8.5702	0	3.1231	0	4.8811	0	0	9.7328	0	0	0	2.1947	1.5873	4.1314	6.8497	0	0	5.5371	2.135	0.83279	2.5156
RS_G2301__RASD2__RASD2	4.5481	6.2115	2.1119	2.4793	1.3613	5.2822	5.7371	1.482	1.2282	6.6562	1.6672	4.6446	4.05	6.7502	4.0684	0.46126	5.3658	2.0311	2.7243	1.2697	3.6782	5.0976	1.6692	1.3274	1.8435	5.8517	6.667	1.033	6.1902	4.075	1.5484	3.506	4.6051	6.948	4.7369
RS_G8573__ECM1__ECM1	4.8617	4.7393	5.8238	4.9641	2.9491	7.9628	6.8961	11.2304	3.4946	2.8586	6.3894	4.9619	3.4121	2.5694	4.2049	5.5615	4.459	8.7029	2.4417	2.5781	3.3888	5.2516	8.4389	4.5503	3.36	2.5147	7.9556	5.7183	4.52	2.2735	2.4162	4.0931	5.7441	1.8392	1.202
RS_G15449__PSTK__PSTK	3.0441	2.5953	2.506	2.888	3.4201	3.6997	3.918	3.1924	3.047	4.0419	3.5195	3.7742	3.8694	1.2227	4.1269	3.8838	3.0608	2.759	3.2617	3.0766	3.4609	2.7387	4.1285	3.3489	3.8483	2.2706	4.3471	3.1501	2.3549	9.5518	2.9723	3.3824	2.0661	3.321	2.3236
RS_G8036__ITGB7__ITGB7	2.8381	3.0819	1.1466	2.1593	0.68558	1.566	1.2253	2.9661	2.2489	2.0587	1.0802	2.7707	2.6655	1.8513	0.71429	1.6216	2.2171	0.30674	3.9679	2.3043	2.6539	3.0913	0.258	2.0046	0.91278	1.8192	2.9868	1.7663	2.6722	1.5759	3.646	2.6657	1.3414	0.84553	0.26265
RS_G1423__FGFR1__FGFR1	2.6223	0.54709	6.777	7.0974	8.0925	4.5239	7.3206	6.1057	6.3256	6.6419	3.1821	5.3519	4.853	3.7117	5.5053	9.0117	5.0448	7.8731	6.4148	5.8034	12.806	7.7839	7.0505	8.0027	5.9527	3.107	8.9611	3.8054	4.3479	7.1144	5.0337	7.5974	6.8338	8.1537	7.5687
RS_G22652__SERPINB3__SERPINB3	0	0.25379	0	0	0	0	0.57895	0	0	0.82008	1.9225	3.3203	7.064	0	0.7401	0	9.5735	0	0	0	0	1.0359	0	0	0	0	0	5.6438	4.325	0	0	0	0	0	0
RS_G7254__AC021066.37__AC021066.37	8.1194	8.0151	1.9938	1.7593	0	2.6817	0.47574	1.6761	3.8582	8.4794	1.4097	5.2308	5.7233	4.4262	7.9259	1.4142	2.5484	0.25763	5.3005	1.7531	0.90338	4.226	0.40172	4.3953	1.5203	6.4764	0	10.2525	3.039	7.9921	3.4039	4.1756	7.9494	1.157	2.2421
RS_G18569__ACSL5__ACSL5	4.0017	6.8688	0.8864	1.1563	0.26438	0	0.71455	0.72692	0.099674	0.79755	4.3891	5.4941	6.1864	3.7539	2.465	0.84555	7.0282	3.1101	1.2554	0.26954	0.33901	1.7336	8.0381	0.13281	0.24714	7.5421	0	3.431	5.681	0.92507	0	0.18613	3.0697	1.2179	0.29214
RS_G12365__PIP5KL1__PIP5KL1	3.8726	1.8077	2.7048	3.2152	2.4851	2.9426	2.4418	1.81	5.3705	5.4668	2.3325	3.5827	3.0411	5.0313	2.4172	3.0142	3.2625	2.4229	2.5715	2.1711	4.1419	3.1834	1.6469	3.6043	3.2783	3.6177	9.1978	5.9581	4.1476	2.354	3.0809	5.8063	4.1937	3.8891	1.8081
RS_G17782__NCCRP1__NCCRP1	1.9723	8.6754	1.5981	1.8852	0.54713	1.3837	1.3348	2.5779	2.3662	2.0152	1.3556	6.4577	2.5357	1.3406	0	0.72975	7.6867	0.73063	1.3422	0.12719	1.2547	9.0527	0	1.4329	0.61219	6.3994	0.23329	0.67322	6.9508	5.0823	2.535	6.5272	1.8134	6.7479	0.97934
RS_G6482__C1orf38__C1orf38	3.3974	4.2439	0.54942	4.0843	2.7127	3.9616	3.7584	0.4539	1.7862	8.1282	2.2046	2.9444	2.8256	4.0857	3.0815	3.6422	7.8373	2.5597	3.6222	1.6665	3.1808	0.97908	3.1583	0.26791	1.2635	2.3138	5.525	5.0194	5.1718	0.38634	0.78702	3.7809	0.1337	0	0.26986
RS_G11441__TM4SF18__TM4SF18	0.063627	0.33303	5.7812	5.1303	2.4429	7.7835	1.6684	4.4129	6.1745	0.21054	0	6.7182	3.4103	6.1319	3.3713	5.3957	3.9681	0.17964	1.3098	2.3027	1.2533	0.55321	8.1172	2.2255	2.2631	0	1.5581	0	0.24403	0.76783	2.6463	0.97751	3.4624	1.224	0.11762
RS_G12887__ROR2__ROR2	0.99671	0	0	3.2452	0	4.2998	2.7187	0	0.28529	1.6518	1.9581	3.8669	0.15018	0	2.2208	4.9915	0	2.6226	1.7196	0.43584	0.057404	2.4422	0	5.8797	6.4732	0	0.52239	7.9269	1.6918	4.8317	6.1975	5.4064	0	5.0886	5.4198
RS_G9301__LCN2__LCN2	7.9862	7.5065	0.2591	2.5214	1.0548	8.9465	1.2914	0.25542	3.2659	14.4056	5.866	10.9978	11.4171	4.9017	8.3978	0	12.1109	0	1.1701	0.24297	0.80642	9.3061	0.75668	1.4008	2.8619	10.1865	2.3419	9.8541	9.1873	0.26478	4.6674	0.88603	8.5195	6.7469	2.4633
RS_G19132__NRARP__NRARP	3.3563	5.9645	5.6026	7.2418	4.5032	8.3562	1.8067	6.2538	6.2684	6.799	7.1035	7.1614	3.1299	6.6547	6.3495	3.617	9.4205	1.5323	8.106	7.4106	6.849	6.6626	3.5847	8.322	8.5739	4.9533	5.5331	8.1234	7.2971	5.8926	7.7073	5.4552	8.4079	6.8244	8.6855
RS_G29783__AC144831.2__AC144831.2	0	4.3952	3.2758	6.2777	0	0	2.6289	2.7059	1.1858	0.34947	1.3084	1.2662	3.4779	5.9703	3.4223	0	5.2168	6.3619	7.8127	7.1816	1.1752	4.5495	0.36377	2.6483	0	3.9376	0	4.0265	5.3041	1.2159	0.75936	4.1777	6.2237	0	1.8723
RS_G11751__DLC1__DLC1	0.52174	1.3191	0.98144	2.5792	0.43438	4.3824	3.6961	0	5.6513	3.3982	3.7535	2.7178	0.031946	0	2.4551	5.2094	0.060786	8.0268	4.6003	3.4051	0	0	7.5742	0.45432	0.22823	2.4852	0.53131	2.3611	4.4893	0	1.6785	1.2521	0	3.4241	3.5875
RS_G1232__CRMP1__CRMP1	3.3209	0	3.014	5.2991	3.059	0	2.2175	0.16006	3.0892	5.3528	2.3382	2.547	2.0576	0	5.2997	3.5543	0.87195	3.3146	0.28254	0.15011	9.1072	0	2.1643	5.713	3.2428	0	2.8821	0.8311	1.6613	2.1455	2.2182	3.4145	0.52981	5.8315	4.9652
RS_G11011__PDZK1IP1__PDZK1IP1	8.8939	5.1203	0	0.39	1.3271	4.385	0.76975	0	0	8.5938	1.1708	7.7195	2.9333	4.7973	9.5445	0.92984	11.5825	0.436	0	0	0.39925	5.7253	0	0	0.88496	2.9495	1.1043	8.6643	3.5271	0.5957	2.5331	1.0949	3.8203	2.3211	0.5381
RS_G13907__ADCY5__ADCY5	4.7972	9.5091	1.3853	2.137	3.3713	1.1076	0.25153	7.8828	0.56612	0.10578	0.27387	0.74037	2.3353	0.22806	0	2.0944	0	1.1236	6.8663	8.0975	4.6028	7.1349	0.71745	0.38401	0.38978	7.1157	2.8061	0.43515	0.18466	0.60349	0	8.1408	10.1393	0.69567	0.088049
RS_G23634__hsa-mir-205__hsa-mir-205	4.7533	1.3542	0	0	0	0	0	0	0	0	4.5349	4.3277	4.3498	0	0	0	3.377	0	0	0	0	3.4472	0	1.395	0	0	0	2.9965	2.7057	2.7566	0	0	3.2095	0	0
RS_G5188__TGFBI__TGFBI	5.034	7.8938	4.4353	2.9263	3.9121	3.9922	12.5626	5.0232	2.457	1.7131	9.6873	8.6593	10.3838	2.5591	5.9284	12.1863	10.1886	13.0785	6.3418	5.2622	0.5123	7.7857	8.6722	3.0034	3.5245	6.2873	11.1203	9.0184	11.8996	1.0937	2.4821	4.288	7.3827	2.7243	0.84147
RS_G12798__FAM178B__FAM178B	0.98678	6.1251	3.3804	4.5129	0	1.2255	1.5866	3.0813	7.686	5.4392	4.6694	0.87177	0.22072	1.9869	2.1263	0	4.9947	1.438	3.2679	3.3825	4.1545	3.0771	0	4.1486	0	4.8261	1.399	3.5345	0.3566	2.3155	0	5.4827	5.3408	4.0431	0.92306
RS_G12129__GABRB3__GABRB3	6.1029	0.22135	3.7179	0	0	0.38963	5.1536	0	0	4.6902	0	0.31319	0	4.453	0.32792	0	0	0	0	0	6.0912	1.1978	1.4035	0	0	0	0.29687	0	3.3924	0	4.2047	0.54281	1.8948	0	2.6963
RS_G13235__KRT4__KRT4	9.3812	11.4788	3.7138	6.6081	0.19191	4.5089	0.67209	6.6696	4.7751	0.6186	9.2252	10.5856	8.4049	7.4345	5.9863	0.10105	10.3706	1.7151	4.2725	1.7253	0	6.4769	0.82122	4.2504	1.1517	10.7577	0	1.1482	3.9312	8.1608	5.2153	10.2398	10.2906	4.5519	0.62627
RS_G380__AC115090.8__AC115090.8	5.5401	4.5937	8.2773	5.6462	1.8168	1.7069	2.3845	3.3208	3.0223	3.7229	1.0776	3.1471	4.6588	6.9533	2.4415	0.71518	3.2748	1.9988	4.269	3.2441	5.2386	4.9617	1.7625	5.7094	6.0719	3.1752	2.8722	3.1587	3.6614	5.309	4.1984	9.4664	4.9028	4.2942	3.8001
RS_G7112__STATIP1__STATIP1	7.3404	5.7894	7.9124	8.0689	7.1623	7.2975	8.1415	6.5724	6.4872	6.779	6.3207	5.2695	6.5046	6.8907	6.956	9.3609	7.3751	6.6918	7.1384	10.5164	7.6728	5.2929	6.8239	6.2761	6.284	6.2343	6.1861	6.8933	6.3592	6.3899	7.162	6.6163	5.3713	8.2923	11.5181
RS_G13448__KRT15__KRT15	5.6084	7.3499	6.7924	10.1044	1.6019	8.8359	2.2532	11.4728	6.5404	9.0315	5.7168	10.5476	12.5316	4.4646	9.7623	1.8575	5.6722	2.3194	4.8297	3.9225	3.523	9.0893	2.5715	3.421	2.6323	6.2237	2.157	5.7716	6.2661	5.9218	8.0833	5.988	6.1192	5.8624	6.6787
RS_G11533__CAMP__CAMP	3.5155	4.8465	2.3552	5.5361	0	1.4882	0.68855	3.706	1.3219	3.0019	0	1.4238	2.1738	3.2421	2.1103	0	1.4246	0.38086	0.61461	1.6506	6.1769	0.52214	0	5.1903	5.6421	4.6372	0	3.9762	0.87957	2.9579	0	8.2504	5.5639	2.8438	2.6927
RS_G3929__WNT5B__WNT5B	0.17786	0.10307	1.1297	1.7302	8.87	6.8221	4.4856	4.0543	1.1046	0	1.3045	5.6642	0	0.72298	6.0588	4.6812	7.2372	8.6155	3.7836	1.3629	1.0212	4.5464	6.5414	0.86647	0.68258	0	7.6602	1.0118	2.4135	0	0.36393	0.63445	1.4996	0.77869	0.87589
RS_G9624__KCTD14__KCTD14	1.3345	0	1.3939	0.15538	1.2875	1.4303	0.82766	0.44881	0.39689	4.2721	6.4763	4.9359	1.9413	0.53673	6.991	6.1103	3.674	4.8691	0.92268	1.2413	6.1017	6.5793	8.2157	0.66947	0	0	1.3039	0	0.7793	2.9725	2.6382	0	0.21085	0	0.41275
RS_G28782__AC132872.17__AC132872.17	6.5308	6.1527	0.42328	2.2275	0	4.4574	1.9204	0	0.51717	6.643	0	0.56922	3.0712	5.0791	0	0	2.6223	3.7589	0	0	0.40071	0	0	3.9703	0	4.6956	0	2.7046	1.785	0.74842	0	0	2.6893	1.8735	3.4862
RS_G5719__SCGB1D2__SCGB1D2	10.1167	3.7969	7.435	0	0	0	2.4518	1.2703	1.7869	2.4186	0	0	0	0	0	0	0	0	0	0	2.214	4.949	0	9.8672	0	6.6518	0	1.4816	0	5.8401	0	9.357	0.68612	12.3511	1.1901
RS_G6542__C1QL1__C1QL1	3.763	4.6965	0.75664	6.0783	6.7676	7.5882	5.6589	1.999	4.6891	4.5608	2.6627	4.9491	2.2673	0	5.8265	4.975	2.0219	4.1685	5.4241	5.4863	4.5279	3.8951	3.1588	3.6742	0.55244	4.3193	4.3657	9.8207	4.538	3.6612	6.0295	4.0256	3.5289	6.7244	5.8191
RS_G7392__SCEL__SCEL	7.4589	0.19101	0.23274	0.90402	0	1.0418	0.11996	0.22106	0	0	2.4506	4.643	5.5403	0.70496	4.4201	0	2.1167	0	0	0	0.21956	0.52832	3.143	0.15304	0.65658	1.2372	0	2.3295	4.6049	0.43201	0.24223	1.9148	0	0	0
RS_G2058__PTGS1__PTGS1	1.2823	5.5913	0.41366	0.89833	0.19889	0.3255	0.42546	1.1935	0.50646	0	3.0479	5.1685	2.3629	0.91684	0	0.59629	4.5669	2.8314	3.7334	1.0897	1.5971	1.4029	0	0.14514	0.49771	5.6939	0	6.3472	7.7469	0.65876	0.72306	0	4.7888	0.28281	0.28682
RS_G18635__AL390294.19__AL390294.19	3.2266	0	0.25251	6.1877	0	0.18879	0	1.4648	4.1179	0.62467	0.76578	0.95932	1.0309	6.4133	0.61877	0.66985	2.2412	0.37138	7.1617	6.5877	6.6266	1.0383	0.21678	5.6484	7.8851	1.0982	0.40247	3.0376	0.49741	4.3264	8.3645	2.7329	1.0039	3.6191	5.5031
RS_G8410__EMP3__EMP3	2.911	2.2536	0	5.4885	10.665	8.5826	10.5314	2.4683	3.5154	2.9505	6.6359	7.2148	2.5904	2.7206	3.8705	10.036	5.246	12.2115	4.767	4.5667	2.7647	3.9866	11.253	3.255	3.7386	1.1597	11.5916	9.0071	8.949	4.0601	3.8818	2.6646	3.4737	3.7137	1.0148
RS_G10339__NRG1__NRG1	0.58693	0	0	0	7.7389	1.7934	2.0408	0	1.7451	0.088641	8.0487	5.3378	0.13453	0	4.7885	5.8443	0.70526	6.4738	0.096448	0	0	1.3846	6.0583	0	0	0	5.8239	1.5169	1.5046	0.30151	0	0	0	1.9553	0.64638
RS_G3758__SOD3__SOD3	7.5192	4.4952	4.6305	5.0809	0	0	0.99346	2.2897	0.9042	6.7181	5.3406	3.1972	0	3.5966	6.5962	1.8315	1.4813	0.36301	0.31984	0	0.60126	0	4.7235	5.6337	0	5.5921	0.3023	0	2.5767	0	9.7077	0.80941	7.9523	0	0.23985
RS_G11572__GUCY1A3__GUCY1A3	2.1771	3.1726	6.4643	3.3749	2.7359	6.4477	4.1023	6.8828	0	3.6806	4.4499	2.4961	6.7048	5.4754	0.41764	2.2033	8.1568	0.45496	0.056954	2.1317	0.22101	4.4527	0	5.9314	6.7064	0	1.7081	3.0364	1.891	0	0	1.1889	2.8438	3.6042	3.0295
RS_G2877__XYLT1__XYLT1	2.0844	5.3814	2.4407	4.4724	0	0	4.3641	0.50241	0.97748	5.7699	1.0611	4.0689	2.9429	0.11321	0	0.084142	2.9742	6.5261	3.5265	3.3908	4.8806	2.0604	0	2.621	0.37812	5.1266	7.6523	3.9492	1.0292	1.651	2.5806	4.1291	0	2.3564	1.7844
RS_G28096__CRIP1__CRIP1	7.9844	4.1652	10.7307	13.429	1.4617	3.1334	1.3965	13.7478	3.9517	9.5409	7.9296	1.0811	2.5807	9.3256	4.013	2.5551	10.3575	2.4509	6.32	4.123	11.2384	9.4178	0	11.4462	10.3518	3.7792	3.5393	12.4211	12.4714	1.3665	11.503	12.5563	13.9706	13.3168	13.0061
RS_G22203__AC068228.8__AC068228.8	1.211	3.9353	2.0361	0.41371	0	0	1.0851	1.6436	1.8201	0	5.6945	3.5015	1.7286	1.8523	0.743	0	2.3202	0.24946	1.7006	1.2123	0	0.85055	0	1.6003	0.68164	0	0.38692	0	5.0313	1.583	0	0	2.7142	0	0
RS_G8613__HHIPL2__HHIPL2	8.1735	2.9216	2.0688	3.2534	0.85142	2.3892	2.43	5.393	1.8465	0.34295	0.97012	0.85906	0.97257	6.2985	1.6534	4.7801	3.951	1.9571	1.4294	1.1774	3.2687	3.3743	1.0849	1.6024	0.4932	1.6139	5.5276	2.1155	2.1425	3.2963	0	1.7332	5.1047	4.8423	3.6282
RS_G35559__TMEM91__TMEM91	4.2382	1.256	1.804	2.3785	3.4402	3.4004	4.0543	2.8339	3.9981	2.0048	0.82592	2.8736	2.3574	2.3332	1.9341	3.137	3.3686	4.3998	3.1478	3.2823	4.0808	2.882	2.6306	3.6812	4.6905	1.8129	4.9835	4.6054	3.0028	3.194	1.7962	2.832	3.4935	3.0086	3.1924
RS_G16049__EPGN__EPGN	0.62908	1.2748	0.81396	1.382	0	2.3756	0	0.79607	0.96975	0.49786	3.9373	1.4815	5.3723	1.695	2.3909	0	3.8394	0	0	0	0.56023	0.80166	0	1.4689	0	1.4898	0.88324	4.5126	2.7586	6.7991	2.2266	0	2.872	0	0
RS_G8983__ODZ2__ODZ2	0.46196	0.21261	4.1691	1.3937	9.125	0.51807	1.6057	1.8836	1.7042	0.025184	1.9378	4.7939	0.52982	0	2.6967	1.4508	0.84724	4.5337	0.10886	0.056207	4.5033	0.27275	0.89421	3.1193	0.47793	0.449	0	4.3607	1.3205	0	5.1209	0.92925	0.12932	3.252	0.48681
RS_G11332__ADORA1__ADORA1	5.2602	7.5821	4.3407	5.7905	1.3796	2.4307	4.4577	1.2844	5.7516	2.6216	2.4669	3.5531	5.6829	2.8779	6.0126	3.1907	4.9275	1.8691	5.4965	2.4472	5.9402	6.9895	2.2833	9.5896	5.6897	7.3232	0.45264	6.3153	3.6816	0	2.5893	8.0954	9.2508	5.4491	2.7266
RS_G3514__ACTA2__ACTA2	1.4899	0.17287	2.2023	3.075	12.7191	1.9507	8.7055	0.81938	1.9902	4.283	3.2771	4.8169	3.5235	3.9435	12.9136	9.2125	4.7159	8.2158	8.823	4.6158	0	6.0772	3.4109	1.6547	2.3654	0	8.7349	3.9007	4.9748	4.4277	7.0622	4.8706	0	4.7747	5.8747
RS_G10667__TPPP3__TPPP3	2.2526	0	2.186	6.7959	0.41479	2.3133	1.109	7.6865	0	4.4312	2.1008	0.83472	0	3.8775	0.90646	1.6514	5.3208	2.3318	1.3278	0.42247	5.9442	5.773	0	1.9225	0	0	3.6597	4.4601	3.6464	0.64202	2.8537	5.2787	2.0102	7.4528	1.5766
RS_G4537__IL1R2__IL1R2	1.0369	2.5004	0	1.733	0	0.49293	1.6866	0	0	4.4036	4.9638	6.64	0.64775	0.96617	5.6003	0.30776	0	0.18783	0.31179	0.30816	2.1815	4.1934	0.75668	2.2311	3.5958	0	1.3658	3.235	1.3483	1.5253	0	3.4121	1.1074	0	0.23652
RS_G12982__SPRR1B__SPRR1B	2.2988	0.63608	0	3.8097	1.4994	7.092	1.2683	0	0	0.64046	4.8334	7.6626	4.7816	0	0	0	4.001	0	0.69033	0	0	5.8907	0	1.214	1.092	2.0942	1.1062	1.5367	7.3536	0	2.1888	3.3389	0	0	1.2275
