Cell lines	600MPE	AU565	BT20	BT474	BT483	BT549	CAMA1	HBL100	HCC1143	HCC1187	HCC1395	HCC1419	HCC1428	HCC1569	HCC1806	HCC1937	HCC1954	HCC202	HCC2185	HCC3153	HCC38	HCC70	HS578T	MCF7	MDAMB134VI	MDAMB157	MDAMB175VII	MDAMB231	MDAMB361	MDAMB415	MDAMB453	SKBR3	SUM1315MO2	SUM149PT	SUM159PT	SUM185PE	SUM225CWN	SUM52PE	T47D	ZR751	ZR75B
Response	1	-1	-1	-1	1	-1	-1	1	-1	1	1	-1	1	-1	-1	-1	1	-1	1	1	-1	1	-1	-1	1	-1	1	-1	-1	-1	-1	1	1	1	1	1	1	1	1	1	-1
EA_G__TDRD1	8.5848	9.3247	3.1454	3.3968	3.1632	3.5355	3.3401	3.4024	3.3948	4.4019	3.5965	3.301	8.6857	3.3682	3.5632	3.076	8.7778	3.5396	8.1653	3.6578	3.2298	7.6194	3.3586	6.3366	3.5619	3.1603	4.5212	3.2631	3.3948	3.5465	3.9365	8.8592	3.7634	3.5056	3.5987	3.3963	8.1851	8.6035	3.8299	3.6653	3.2557
EA_G__ZNF689	7.1686	7.9547	7.6914	7.2698	7.1272	7.1521	7.9025	8.2052	7.8283	6.6913	7.788	10.1663	6.7056	7.5898	7.7696	7.5855	6.699	8.036	5.2033	7.4825	7.2877	7.3127	7.3883	7.9564	7.4465	7.3665	7.1109	7.3277	7.8217	7.7445	8.2893	7.0525	7.7666	7.172	7.551	7.0675	6.8933	6.9406	7.2193	7.511	7.1368
EA_G__HLA-DMA	7.7846	6.1096	7.2135	5.4969	7.1099	5.3203	5.607	5.563	6.4711	6.846	7.1845	7.7241	6.4108	5.909	6.3016	6.3518	6.7919	5.8885	7.7145	6.1954	5.1876	9.0448	5.6239	6.1193	6.8527	5.948	7.0516	5.2159	6.1346	10.3753	6.3527	6.7923	6.9763	6.6222	5.739	6.4534	6.8265	7.3171	9.0091	6.2863	5.5486
EA_G__SPATA20	8.607	8.2653	8.4576	9.8882	9.1813	8.1514	8.139	8.2593	8.3121	6.1306	8.2299	8.5791	8.2522	8.7598	7.2456	7.3484	7.5176	10.0703	6.5447	7.6949	8.2231	6.7962	8.138	9.2789	7.7178	8.0638	8.4625	8.5716	8.8268	8.9717	8.4922	7.7205	7.4663	7.7456	7.3248	7.3058	6.6333	7.8187	8.4599	8.1349	8.717
EA_G__TTC19	8.6527	8.2419	9.1502	8.8749	8.2278	8.7502	8.0066	8.1906	8.9872	8.1973	8.8045	11.2654	7.9345	8.8368	8.701	8.9498	8.4536	8.1676	8.3788	8.8937	8.1428	7.8048	8.3982	8.7224	8.0369	8.7694	7.8061	8.8368	8.2474	8.4269	8.5385	8.4692	8.3053	8.2343	7.9473	8.2896	8.1058	8.6106	8.0567	8.3585	8.3437
EA_G__SYT8	6.8303	7.6929	7.5678	6.44	6.5346	6.4279	6.1642	6.5381	6.2781	6.3613	6.1181	6.3438	6.6819	6.2913	6.6771	6.3662	7.5477	6.46	6.5741	7.6114	6.0903	6.5336	6.3085	6.4505	6.319	6.0314	9.1213	6.273	6.4885	5.9924	7.0635	8.2657	6.3503	6.5691	6.5606	6.3762	7.982	7.136	7.9103	6.2935	6.5223
EA_G__TRAM2	7.4919	7.4497	7.1947	7.7429	7.2405	8.3778	8.3583	8.3202	8.7676	5.9855	7.3391	8.2415	7.5937	7.8997	7.765	7.4105	7.6465	7.5642	7.4326	8.3299	7.2095	6.8508	10.1703	7.4153	7.3019	8.4506	7.2469	9.3195	7.9978	8.0145	7.3065	7.4146	8.1999	6.9641	7.2903	7.6341	6.5949	6.9516	7.3451	6.8629	6.4375
EA_G__ATP6V1B1	8.431	8.806	5.902	7.3183	6.9918	5.9325	5.7772	6.6862	6.4595	6.2043	6.3031	6.1353	9.5806	6.3115	6.287	6.7994	6.0559	5.8694	9.4686	6.157	6.0111	9.3752	5.722	6.4098	8.1139	5.9892	6.9745	5.9529	7.875	9.1033	6.5552	8.2919	6.0271	7.2476	6.1054	7.2345	8.1543	6.8779	6.3264	6.1973	6.1065
EA_G__S100A8	7.2676	10.1954	6.7219	4.7807	6.3767	4.0005	5.3255	4.8262	4.6069	6.6263	7.1282	3.9801	6.3518	4.7881	5.1313	6.4967	9.2427	5.4674	9.4726	6.0559	6.0686	6.1721	4.7518	4.9561	4.5268	4.1872	5.7241	4.7909	4.5536	3.6908	5.3875	8.9045	4.823	6.3458	4.9514	5.3488	5.5872	6.402	5.059	4.5989	5.9159
EA_G__IFI27	7.372	5.8765	5.8672	5.9634	6.5869	5.8995	5.4532	6.2438	5.5807	8.8289	6.063	5.688	5.9176	5.9609	7.0174	8.4091	9.0494	7.3854	5.719	5.6297	5.5432	10.2193	5.4534	5.9099	5.7179	5.6424	6.2605	5.5659	5.7446	7.0341	6.5357	5.8964	6.6504	8.3749	6.7455	5.9171	10.8426	5.8441	6.2312	5.9358	5.876
EA_G__PEG3	8.333	4.0029	3.9245	4.5297	5.6461	4.0271	4.8626	4.2752	3.2884	4.0877	7.773	3.8743	3.6482	4.1597	3.9488	6.875	3.923	5.2097	8.1593	7.9688	3.6556	4.3159	3.6734	4.1998	8.7497	8.9885	6.2322	3.8592	3.977	3.5198	4.8486	4.8078	6.6983	4.3192	4.3046	3.7508	5.4255	10.9733	4.4931	3.9747	3.7608
EA_G__TMEM40	7.2854	7.4334	9.5548	5.7782	7.8476	5.2513	5.2131	6.6751	7.5406	6.6415	5.0773	6.6767	7.0888	5.194	7.6131	8.3898	8.0411	6.4523	7.7376	8.3524	4.9283	7.4664	4.9958	5.4015	6.3516	5.0811	8.6503	5.1149	6.7885	5.7731	5.6452	8.0187	5.178	5.4182	5.0215	8.4149	8.9724	8.5111	7.7856	6.5906	5.847
EA_G__GAB2	6.5488	5.6516	5.0685	5.7538	7.2887	5.0992	5.4774	5.5787	7.1803	9.1254	5.1476	5.5236	6.3058	5.4088	6.5113	7.2939	6.6694	6.0487	6.5785	6.3099	5.6834	5.2341	5.3595	7.2553	8.1084	4.9912	7.2688	6.1639	6.0832	6.4576	5.9063	6.2963	6.8582	6.0527	5.5268	6.534	7.7334	6.4724	6.8633	5.135	5.4669
EA_G__STEAP4	8.7208	8.8261	8.2268	3.6065	3.9258	3.5677	3.5754	3.6885	4.1022	7.0677	3.6997	6.8604	5.1387	3.3645	3.6121	8.0281	9.744	3.776	3.9855	4.4083	3.3684	9.233	3.3895	4.5633	3.5896	3.4877	7.5717	3.6511	3.6823	8.3019	4.0973	6.8116	4.0102	10.6528	4.3021	3.5768	9.1109	3.8375	5.9035	4.1833	4.1754
EA_G__BCAS2	6.2279	6.7805	7.8709	6.1467	6.0379	6.8632	6.5338	6.5677	6.1219	5.7785	6.0715	7.0184	6.4264	6.8239	6.7915	7.7819	6.0808	6.5837	6.0397	7.0405	7.6989	6.5601	6.6001	9.044	6.7778	6.5099	5.9668	7.5764	5.8857	6.3185	6.3712	6.487	6.8064	6.7067	6.5679	5.8583	6.4755	6.0276	6.5575	6.1783	5.9334
EA_G__DLG5	8.5367	8.2051	7.6128	7.6054	7.9137	7.4257	7.389	7.4203	7.1702	8.661	7.0411	7.5975	8.4243	6.8348	8.0736	7.2262	7.4377	7.6469	7.5578	7.6163	7.1961	7.3677	6.5017	8.3969	7.8307	7.1467	8.2111	7.1437	8.1074	8.0102	7.7634	8.54	7.7252	8.865	8.3913	8.8652	7.819	8.1331	8.281	7.9025	10.8081
EA_G__STRA6	6.7414	6.289	8.1692	5.4803	5.5155	5.7664	5.3015	6.9392	5.2021	8.3085	6.2458	5.2694	5.3811	5.311	5.6253	6.1813	6.659	5.7231	6.7091	6.389	6.6861	8.5028	5.7136	5.8201	5.3665	5.747	6.0357	5.6188	5.2515	5.3631	6.3975	6.4701	5.314	7.4427	5.6336	6.0435	5.6735	5.8389	5.8468	5.6851	5.5958
EA_G__VSTM2L	7.7422	8.012	6.5151	7.0129	6.9401	6.45	6.1622	6.8264	6.337	7.1204	6.482	6.317	6.8206	7.12	6.7261	6.5938	7.0164	6.4424	7.3487	6.9493	6.5689	6.7803	6.6125	6.8905	7.0929	7.3722	8.1028	6.9369	6.4124	6.215	7.2384	8.8512	6.3243	6.7686	8.1457	6.8802	7.1857	6.5892	6.5964	6.7339	6.6447
EA_G__OASL	6.3575	4.6211	4.5901	4.8774	7.4263	4.9747	4.704	7.8016	4.6733	6.4553	5.86	4.8026	5.6794	7.0772	5.3296	8.9251	8.3453	5.673	6.7479	4.7037	6.6389	9.1771	4.9312	6.1575	6.4121	5.2985	6.0756	6.5005	6.3562	5.4957	5.9698	4.8039	5.0465	7.4899	5.3478	5.3834	6.8892	6.7932	5.8265	5.187	5.1827
EA_G__KLK8	5.603	5.4796	7.03	5.5998	5.8405	5.5788	5.5953	5.9252	6.4393	7.535	5.6125	5.5485	5.4818	5.7206	6.9128	7.8264	8.2141	5.8213	6.7011	5.7217	5.5303	5.979	5.4428	5.6216	5.4979	5.4527	5.6829	5.5983	5.2973	5.6231	6.3025	6.042	5.828	5.8264	5.921	5.6875	6.9151	6.9526	6.0285	5.9249	5.5943
EA_G__GABRA3	6.3378	7.195	7.4992	3.5926	6.5108	4.0153	3.9212	7.0659	3.5361	3.5182	3.6624	3.0698	7.5554	3.5344	5.5103	3.5005	6.405	5.5881	6.679	7.4329	3.515	4.5329	6.819	3.9856	3.8184	5.4322	9.5611	7.2023	3.9977	5.971	4.458	6.5951	7.6812	3.8109	6.4307	10.7726	7.0942	7.363	4.8882	5.777	6.1744
EA_G__NAV2	7.047	5.9388	8.3512	5.1132	6.0164	6.6849	5.544	7.5525	6.9753	9.7986	7.586	5.5004	5.4398	5.3615	5.9011	7.0078	7.7367	4.7494	5.5622	7.9494	5.0788	6.3855	7.6234	4.9935	7.0901	6.821	7.11	6.9071	5.3098	8.0044	5.7505	6.8978	8.132	7.6056	8.1373	6.9788	6.4853	7.9451	4.7301	4.8832	4.7912
EA_G__LGALS9	9.1096	6.517	5.6529	5.9719	6.721	6.2617	5.7438	6.0978	5.4988	10.0256	6.0292	6.09	5.7981	5.8534	7.0698	6.5379	8.712	5.9686	8.698	6.0939	5.8828	9.4803	6.1545	6.1773	6.2079	6.3995	6.6623	6.295	6.0785	6.8322	6.6965	6.562	5.8911	7.4495	5.7866	7.2905	8.9953	6.1498	6.023	6.213	5.8876
EA_G__SNF8	8.3855	7.2629	7.9927	9.9424	8.2756	7.7066	8.5111	9.05	8.5891	7.6052	7.6153	9.8547	8.9845	8.009	7.888	7.5924	7.7794	9.8551	7.466	8.0427	8.8797	7.1608	8.1036	8.3564	8.036	8.2399	7.6711	8.3732	9.2493	7.7645	8.5238	7.2603	8.1667	7.3522	8.3283	7.295	7.0669	8.5089	8.1056	8.3836	8.5801
EA_G__SPTLC3	5.9715	4.048	4.511	6.2292	6.2518	3.5235	4.4185	3.9087	4.2612	6.2954	7.0779	3.7477	3.8641	5.2119	4.7659	6.1131	5.0516	5.4214	5.3684	5.2206	5.6688	4.6642	7.2522	4.0369	5.5352	3.7662	6.693	6.4773	4.3243	6.3132	4.4117	4.7467	5.5062	9.0652	6.2771	6.7267	6.3364	6.2536	6.9141	4.1874	3.7549
EA_G__ZNF486	4.5816	7.0878	7.2297	7.1927	5.793	6.8734	4.4232	3.3021	3.6427	4.2603	3.7728	7.781	6.35	6.4402	5.1709	5.4276	4.1531	7.3461	4.5009	3.6526	6.5268	4.5546	5.5434	4.1299	6.1025	8.033	5.19	4.159	7.2738	6.9093	4.6083	6.9688	4.5652	5.4232	4.2516	8.1507	5.6854	4.0817	5.6763	3.6857	4.9399
EA_G__ABCC4	4.0162	7.9015	4.1881	5.887	4.057	7.9337	4.8344	7.1365	7.9145	4.1608	6.591	4.2718	3.7883	7.984	6.0505	5.8245	6.6924	4.4895	4.194	6.9176	7.1819	4.3603	7.2826	5.8639	4.3607	8.2748	5.4801	6.8775	5.2767	6.6107	4.9413	5.1307	6.5936	6.4059	7.3103	6.1696	4.4039	4.3086	4.4926	4.9592	6.3257
EA_G__PCP4	10.1667	6.5286	5.0555	5.437	6.6064	4.3983	6.5311	5.4923	4.6403	5.9112	5.1521	5.6116	6.06	4.7868	5.3258	4.6097	4.3657	8.0471	10.57	5.5234	4.9326	5.3257	4.6323	7.3361	6.2066	4.9014	9.0066	5.2082	5.9918	8.2043	5.2775	7.6777	5.4337	5.3151	5.7331	6.4316	5.3913	7.8539	7.8234	5.5744	4.8747
EA_G__PLEKHB1	7.6231	5.254	5.0693	5.3977	5.4151	5.0068	4.9418	5.5443	4.9636	5.7412	4.9862	4.8703	5.4097	5.8666	5.3732	5.3426	5.1327	7.2393	5.889	6.695	4.8447	6.0074	4.9419	7.3042	6.8043	4.8678	6.6047	5.5008	7.3923	5.9226	6.5504	5.4433	5.4751	6.104	5.0925	7.2975	5.5648	7.2707	6.1883	5.1969	4.9934
EA_G__S100A9	9.9286	10.4677	9.3762	5.0812	6.9142	4.3949	4.6743	5.1548	6.0501	8.569	5.7944	4.4989	4.2624	6.1371	5.9066	7.4444	9.4016	7.1889	10.6024	7.5374	5.7237	8.3124	4.4361	5.7212	4.7981	5.1561	7.6995	4.9199	4.4352	4.3882	5.3761	9.4696	5.0333	6.3185	5.2789	5.5378	7.0502	7.3179	5.8982	4.854	4.7601
EA_G__SLC41A2	8.1421	8.4848	6.7907	4.3917	6.1309	6.1846	5.6932	6.1248	5.3879	6.9565	5.411	6.6603	6.7003	4.9392	4.8678	6.0899	6.8641	7.1262	8.5509	6.8164	6.1753	6.5638	4.728	6.1709	5.5837	6.1195	5.3723	6.7179	7.4743	6.5936	4.2531	8.2518	7.09	4.9964	6.0132	7.1428	7.3483	7.4376	7.289	7.9059	5.9091
EA_G__KRT23	9.6844	6.71	4.0332	4.1386	8.425	3.63	3.6053	3.3917	6.9669	3.8549	3.5091	3.9312	4.4876	9.4953	4.3026	8.6489	8.5774	4.8774	7.5157	6.7166	3.6214	9.4504	3.4724	4.2074	4.4201	3.2977	6.7056	3.5147	3.6071	4.4773	5.3331	5.8319	3.6117	5.6051	3.61	8.5478	7.6456	7.5049	9.525	3.9554	3.8349
EA_G__GGTLA1	7.5007	7.3788	6.2268	6.3669	6.878	6.1905	6.0814	6.6603	6.7707	7.5678	7.6624	6.1555	7.3496	6.2578	6.2133	6.8887	7.8904	6.8315	6.6194	7.1387	10.2083	7.1062	6.6863	6.4749	7.2202	8.3333	6.2023	7.35	6.3075	6.4503	7.0979	7.968	6.2433	8.4897	8.5197	6.2857	6.6545	6.8449	6.5823	6.645	6.1589
EA_G__LOC342897	6.8877	9.3215	7.5298	6.5232	6.405	6.341	6.1959	6.632	5.9222	7.6628	6.4521	6.3118	6.4283	6.2297	6.6868	7.9023	6.4686	6.7961	8.5321	6.0562	6.1129	9.8111	6.3895	6.8347	6.4992	6.3021	7.7221	6.2784	6.5222	7.442	7.3158	8.7168	6.8808	6.9333	6.6187	6.6136	9.7598	7.336	6.8452	7.4687	6.4656
EA_G__C11orf82	5.4609	6.6509	7.0184	5.8662	6.1257	6.612	5.9729	6.7047	7.3918	5.794	6.557	5.736	6.3239	6.8492	8.7831	6.1601	7.329	6.5411	5.4224	6.7061	7.6886	5.452	6.9309	6.308	5.3933	6.4071	4.8317	6.9059	5.714	5.3618	5.9928	5.8672	5.7982	5.7614	7.2557	5.8854	5.4156	5.9697	6.6975	5.2868	5.7959
EA_G__SCNN1A	11.0357	9.555	7.8103	8.6409	7.5026	4.9473	5.4678	6.0977	5.4577	6.6565	4.7544	9.9819	8.3223	4.8405	6.7003	8.1132	8.4818	7.7408	9.5645	6.633	4.8998	8.5155	4.5885	6.2766	7.8867	4.3763	10.0856	5.2414	9.5227	10.347	5.8397	9.433	5.0744	10.6293	7.2214	10.5261	9.1262	10.4535	8.2861	6.6651	8.573
EA_G__DAPK1	8.9532	4.6543	4.198	4.9839	5.432	4.4592	4.2831	6.5444	8.6502	8.8307	5.3304	7.8309	4.8701	4.8078	5.0352	9.0553	7.5061	4.3889	5.5257	6.0966	7.5478	8.9386	4.2903	4.4422	5.4142	7.3737	7.8863	4.1997	4.5624	8.8908	5.1879	6.1992	5.0654	8.4505	4.3745	6.9328	6.3755	6.2194	4.7905	4.6603	5.1694
EA_G__CX3CL1	4.8992	7.5203	5.2355	8.1937	8.0604	5.3572	4.9287	5.3369	7.6396	8.1076	8.1127	5.2753	8.3565	6.5916	5.3695	5.828	6.712	7.5009	8.6337	6.9305	7.4107	9.3933	4.8522	5.3974	6.5175	5.562	8.1013	5.068	5.56	6.1645	5.6093	8.2584	5.6996	5.5162	5.4522	5.5328	9.1033	5.7656	5.5337	5.342	5.4813
EA_G__TUBA1A	7.6355	5.4685	5.381	5.6512	9.2456	8.5574	5.2673	7.9122	7.5744	7.0553	7.0856	5.0704	8.0223	5.4043	5.756	5.3459	5.6963	5.4513	5.4595	6.7726	8.2873	6.6422	6.9356	6.9528	9.6075	9.3841	6.0716	6.1397	7.3423	5.4308	5.3052	5.5696	8.0508	6.0672	7.9037	8.3704	6.2207	5.6145	7.3729	5.7136	7.3281
EA_G__C3	11.1381	4.8038	5.7921	4.907	4.8165	5.0298	4.8716	6.9961	10.3847	6.4352	5.328	4.6601	4.7003	11.1099	6.3911	9.6805	5.2872	5.1273	8.1162	8.8543	5.0106	10.7164	5.3388	5.0779	5.4296	5.4559	6.1123	4.8816	4.7966	5.3727	5.5679	5.181	5.009	12.2114	8.5831	5.4673	5.6334	5.676	6.1862	4.9409	5.0681
EA_G__ZNF750	6.7199	7.3482	4.6567	6.7097	6.6858	4.9155	5.6839	5.0681	4.6689	7.2202	5.1846	6.7591	6.451	4.7703	5.1668	5.5797	5.4145	6.5387	7.1353	5.1352	4.7351	5.3662	4.4688	6.4591	5.1944	4.6503	6.6426	4.6995	6.0296	5.1191	6.1847	7.0681	4.8725	5.4428	4.8895	6.5246	7.0578	6.3349	6.3737	6.7232	5.4634
EA_G__LIMCH1	7.6729	7.1979	8.1876	6.1613	5.42	4.5467	6.3037	6.0626	7.395	7.1166	6.8517	6.8013	4.1516	7.2452	5.1939	7.2528	7.5119	6.9764	7.6972	7.1046	6.2167	7.687	5.8547	5.5204	6.7916	6.0262	7.6843	6.9463	5.4395	7.1263	6.3067	7.1549	4.6569	7.9684	7.7513	7.9734	8.5039	7.5117	5.6847	7.0369	4.9648
EA_G__LAMA3	5.7582	5.5579	6.0638	4.2184	5.7869	5.4644	5.921	5.0154	8.2205	4.7544	5.0204	4.6329	6.6558	4.3638	7.0316	7.6528	7.2159	4.4619	6.1338	7.564	4.7692	7.0691	4.2558	5.0835	6.5762	4.5143	5.1434	4.4574	5.8823	6.1132	5.0278	5.876	6.1251	7.4765	6.2387	4.6469	5.5989	5.0869	6.2141	6.2837	6.6314
EA_G__RORC	7.6294	7.8594	5.6786	7.0519	7.5726	5.514	5.6777	5.7643	5.6198	6.0853	5.5107	7.422	7.2508	5.5734	5.5397	5.5921	6.1229	6.4823	6.9352	5.5364	5.4595	8.2631	5.482	7.2834	6.8486	5.1718	7.0259	5.7918	5.6745	5.7574	6.3865	6.4728	5.2525	6.2949	5.6901	7.2421	6.84	6.987	6.9613	7.1181	6.3763
EA_G__PTGES	8.2229	9.363	10.205	8.4199	10.1096	6.2238	6.4562	7.5987	7.3142	8.7765	6.5956	6.2499	11.3213	7.35	9.7917	9.7996	11.1175	6.9879	8.7993	7.7357	7.3284	9.463	7.4483	6.8511	7.795	6.973	9.0897	7.1748	6.3624	6.1287	6.989	10.0222	6.047	10.3143	8.3105	6.8191	7.3185	6.5114	8.3422	6.68	7.0295
EA_G__LASP1	9.6609	8.0985	9.8876	12.0442	9.6875	9.6566	9.4254	9.6041	9.0081	7.9105	8.4593	9.9506	9.0513	8.3063	9.103	9.3339	9.9633	10.2347	9.1961	8.9051	9.5649	9.1974	8.8417	8.4477	9.4768	9.8741	8.748	9.3074	11.1542	9.8979	9.2573	9.0258	7.5888	8.5865	9.4112	8.3876	8.0447	7.9475	9.3171	8.5215	8.9903
EA_G__CSF3	6.2769	6.2444	6.132	6.4754	6.3516	6.3037	6.0645	6.4884	6.2231	6.3146	6.3197	6.1421	6.0597	6.4646	6.8213	5.934	6.2418	6.3826	6.5025	6.1623	6.3356	6.5556	6.3611	6.3894	6.404	5.9054	6.6605	6.4466	6.3214	6.2247	6.9099	6.5732	6.3175	6.5796	6.6601	6.4433	6.402	6.4539	6.5126	6.5345	6.2552
EA_G__CD82	9.229	9.8771	8.1254	8.8679	8.6489	8.794	8.1078	8.2401	7.3811	10.5764	7.6428	7.5429	9.3678	7.1548	8.3926	9.3078	8.7068	9.1361	9.6325	8.8753	8.245	10.3563	7.8305	6.3946	5.5576	7.6367	10.0199	7.4616	9.111	9.3887	8.9446	9.813	8.1362	7.3628	6.4821	8.8958	9.7895	9.1063	9.9672	9.374	8.5304
EA_G__GUCY1B3	5.4722	4.8053	5.0459	4.2776	5.3475	8.0374	5.0634	6.1133	7.2303	8.833	7.7941	8.7253	4.4872	5.9624	5.3104	5.2187	4.2365	4.3104	4.2342	4.0363	6.5594	8.6541	5.8324	5.6586	3.9242	10.1264	7.3901	6.6436	6.4968	6.2236	6.7091	4.422	5.7335	4.66	4.5811	4.7908	5.2481	4.7088	4.2932	6.9791	6.4822
EA_G__B4GALNT3	7.1092	6.9649	5.6312	6.0981	8.3395	5.8707	5.7563	6.2815	6.8101	7.5583	6.3181	7.2793	9.0251	6.5173	7.1681	7.1566	7.3057	6.2612	6.8762	7.7833	5.8952	8.2248	5.6841	6.0511	6.8191	6.0185	5.9964	6.8599	6.3605	6.1138	6.6364	6.1034	5.842	7.6391	5.9322	5.8952	8.1763	6.2917	6.4298	6.1195	6.4727
EA_G__GABRE	4.7424	8.6461	7.7588	5.6551	5.0391	4.3938	4.6382	7.7647	4.1758	4.9124	8.2618	4.3276	5.3118	4.7007	5.8278	7.9141	9.1162	8.1704	8.7248	8.8724	7.7033	8.6508	7.3543	4.3835	4.7165	7.3917	8.2525	7.6055	4.2923	5.0037	5.1805	7.3929	4.7613	8.6802	7.5516	7.0601	7.9522	5.0646	4.7438	4.5927	4.6551
EA_G__RARRES1	6.9524	4.9938	5.5542	5.4808	4.6972	5.1318	4.9996	4.9017	5.5363	7.9107	5.1588	4.5294	5.4825	6.4837	4.5616	9.337	9.7619	5.3507	9.473	7.1774	4.7131	11.4794	5.0363	4.9179	4.6705	4.6755	6.991	4.6488	4.7304	6.6189	5.6596	5.7265	4.9607	7.808	5.0319	4.7158	5.5045	5.1869	5.1753	4.7181	4.6711
EA_G__PHCA	9.4805	7.0124	6.8136	6.733	6.9934	6.8958	6.8838	6.0324	6.4098	7.1016	5.9372	6.1021	7.9612	6.1233	7.4588	6.4816	7.4683	5.7149	6.4559	6.918	6.6104	4.7823	6.5791	6.3702	9.8663	6.8811	7.2654	7.1283	6.1298	6.2601	6.7278	6.7396	6.2054	6.767	6.9983	7.2969	7.1347	9.8195	6.9235	4.3451	5.3949
EA_G__EPHX2	6.1146	5.9783	4.3284	4.6869	6.4448	5.5327	7.2029	4.8818	5.4098	5.6681	6.4895	3.753	6.9547	7.7145	5.036	6.478	4.5806	4.621	7.0225	6.3232	5.5165	6.1153	4.383	6.169	5.8078	5.5139	7.1491	4.4157	4.1791	7.5581	6.5342	6.7237	6.1296	5.6184	5.3204	5.8224	6.0375	6.4973	7.5414	4.4795	4.3773
EA_G__SMURF2	8.446	7.7298	8.0428	8.2746	7.8368	9.8564	6.6637	8.8111	10.5112	7.0418	7.8621	7.7637	8.6801	7.5054	8.9098	8.775	8.3035	8.3389	7.6877	8.9159	8.6812	7.1542	9.333	8.6744	7.0906	9.4814	7.3084	10.1395	9.8551	7.1148	7.9894	7.7281	10.2043	7.5872	8.0381	8.0679	7.9758	7.3694	8.0201	8.4751	8.3347
EA_G__C8orf38	5.6885	5.2961	6.0933	7.4005	6.7728	6.36	6.5944	5.2213	5.9578	5.9875	5.4229	9.7617	7.3404	6.8741	5.5815	7.5749	6.428	6.7847	7.2665	6.1555	5.9237	6.2838	7.1253	6.663	6.598	6.2003	6.087	6.4429	6.5667	6.5273	6.1991	5.3366	5.7822	6.0141	5.8823	5.7278	6.8811	5.6055	6.2685	6.1164	6.5177
EA_G__FN1	5.8877	6.6198	8.3686	4.0288	6.9699	9.8478	3.7438	9.9035	6.8731	6.5156	11.9001	4.4044	8.4649	5.1783	6.5823	5.5249	6.3209	6.4661	8.3059	11.3179	10.8315	7.74	12.354	6.6245	8.6766	11.7706	7.5091	8.224	6.684	4.5648	4.8693	9.218	9.6008	10.5618	11.1685	7.1705	4.5006	7.7977	7.2817	5.625	3.9594
EA_G__ATP8B2	8.0812	7.7015	5.0872	8.338	7.5877	8.7467	9.1171	8.3576	8.0836	5.432	8.3926	5.1155	6.1409	7.7048	5.8547	5.3445	5.0078	4.9833	4.7422	6.776	7.693	5.2764	8.5529	8.1125	7.1092	8.4488	6.1256	8.1829	7.323	8.645	6.01	6.1171	8.5517	5.1756	8.3288	5.667	5.1067	5.8972	7.1547	4.9211	7.1911
EA_G__KRT86	13.3379	10.3848	8.5794	8.4565	8.7735	8.3179	8.0746	8.6025	7.4759	8.0969	8.9404	8.3171	8.7657	8.2766	8.5663	8.6907	8.3822	8.6671	8.3819	8.363	8.1089	8.5233	7.9741	10.0862	8.2085	7.6371	13.9235	8.0136	9.2948	13.1366	8.3402	8.4784	9.2708	9.5647	8.9904	8.0865	13.6157	13.318	8.5214	8.7488	8.6665
EA_G__L1CAM	6.6019	6.1047	9.2438	5.6828	7.8756	5.6358	6.7868	9.017	7.7666	9.1755	6.1348	5.3974	5.7573	6.0475	5.822	5.8605	7.6481	5.712	7.0703	7.7392	6.8601	5.8012	6.2124	7.3585	7.9148	9.179	8.3841	5.842	5.6374	6.9095	6.3814	7.2458	5.6354	9.3766	5.6699	8.2837	6.3055	7.282	6.4633	5.667	5.5988
EA_G__TRPV6	5.9489	8.172	7.7697	7.3399	5.3999	5.1131	5.837	5.2022	4.7885	8.2265	4.7744	4.871	5.2912	5.0413	5.1102	5.1268	8.1564	8.19	9.2894	5.4021	4.7952	8.0611	5.0177	5.4788	5.1602	4.7818	7.6043	4.9054	7.7522	6.6101	8.7922	8.2537	5.0953	5.2391	5.3572	7.0029	9.1168	7.0934	8.5497	8.2569	5.6418
EA_G__PGM2L1	5.1043	5.0607	5.1815	5.9896	5.7321	5.7676	7.7206	6.0543	6.3623	6.7073	7.1083	4.302	5.4083	4.8871	4.7927	4.2934	7.8337	5.8619	7.0438	6.7975	6.2643	6.7048	6.6205	5.1711	8.4654	7.3829	7.0237	5.9498	5.1439	6.6134	4.6713	4.8103	5.9794	6.251	6.8761	7.0398	5.335	5.2986	4.9215	4.3529	4.3942
EA_G__EIF4E3	7.0364	5.4824	5.549	7.2474	7.4659	4.5878	5.0746	5.5138	5.3437	6.8688	5.5045	6.8369	7.0819	4.3997	5.1302	6.239	6.0991	5.1057	6.1237	6.53	6.4791	4.8672	5.1393	6.8172	5.9784	5.9235	6.9772	5.0888	6.9388	6.4891	8.7185	6.0213	5.1767	5.775	5.6633	7.4823	7.2186	7.2701	7.191	6.33	6.6383
EA_G__SLC44A4	11.6736	6.0217	5.1742	6.4575	6.28	5.1744	5.8406	5.6405	5.1784	5.4359	5.1851	5.2161	5.3873	5.2039	5.4683	5.0755	5.4196	10.1184	9.9478	5.5018	5.1499	6.7549	5.1958	5.7798	8.0796	5.3333	8.6219	5.4313	5.9026	11.0876	7.5139	7.3705	5.4841	5.7716	5.4328	11.6179	5.6014	6.6319	5.8825	10.1028	9.7302
EA_G__KRT10	6.7857	7.0445	6.4279	6.6254	8.0339	6.4804	6.9532	6.7184	6.4993	6.641	6.7273	6.6412	6.7273	6.5188	6.9106	7.0155	6.7177	6.506	6.8042	6.5046	6.5812	6.3903	6.6742	7.0637	6.5853	6.2408	6.3063	6.5867	6.093	6.3976	6.7607	7.0754	6.7185	7.329	7.0358	6.6456	7.3607	6.7347	7.4977	6.575	6.744
EA_G__MED1	8.1769	10.6141	7.549	11.0219	8.0573	8.0177	8.3707	7.8508	8.0326	7.8536	7.6202	7.3922	7.4215	8.0816	7.8044	8.0446	7.5038	10.0793	7.6085	8.4973	8.5876	7.2236	8.0577	6.8701	7.8705	7.8026	7.3619	8.3177	8.5512	7.5009	7.5482	10.3497	7.81	7.6824	7.9018	7.2316	7.3177	7.0601	8.4586	7.5484	7.8678
EA_G__FGFR4	6.212	7.4027	6.3774	9.4947	8.6522	6.7252	11.1104	6.4953	6.9616	6.8446	6.9437	9.9702	7.7334	8.649	7.4069	6.9704	9.0064	9.4306	7.8246	7.3383	7.6825	6.2891	5.6839	8.3879	8.0356	8.0349	7.9172	6.6169	9.9462	9.8037	11.4544	6.6971	6.6719	6.5764	5.6794	8.3049	9.0287	8.2707	6.8843	10.7427	9.4229
EA_G__NBN	6.927	10.6107	7.7047	8.3739	8.7335	8.598	8.4713	7.096	8.6226	7.8841	7.8982	9.7121	9.4755	8.4501	8.1037	8.5414	8.1108	7.9096	7.927	8.479	9.2428	8.2257	8.9131	8.6068	7.6761	8.3968	7.9192	8.1941	7.8227	7.3612	7.4922	9.8005	8.0604	7.5148	7.95	6.898	8.3702	6.8325	7.9395	7.6593	7.5476
EA_G__CROP	8.2018	7.6794	7.1056	9.5442	8.051	7.4537	7.8689	7.8178	8.4957	7.9071	7.1415	7.6063	8.8638	7.582	7.279	7.535	7.1366	8.7753	7.3724	7.7864	8.2097	6.8236	7.3167	7.5035	7.6065	7.5749	7.0848	7.917	8.6685	7.5685	7.8229	7.1268	7.4569	7.1952	7.7688	6.7249	6.9686	6.9692	7.8227	7.8985	8.1484
EA_G__TGM2	8.291	6.0616	7.0423	5.7179	5.6685	5.8302	5.5872	7.4289	5.6804	6.1347	6.0938	5.4613	5.7582	5.7239	6.3815	8.1771	9.5003	5.9637	6.2242	7.0675	6.8345	6.4743	7.0627	5.9839	5.9406	5.63	6.9053	7.5554	5.7424	5.7822	6.6473	6.1463	6.5515	7.7965	7.8061	5.8887	5.8529	6.5328	5.9166	5.812	5.7594
EA_G__SPOCK1	4.946	4.9765	6.0286	5.1159	5.4625	7.6162	4.7209	8.5397	5.3633	5.375	9.4085	4.4346	5.0413	5.0742	5.568	7.4333	5.5073	4.7174	5.1511	5.7525	4.7199	5.1396	10.2074	5.0012	6.8701	9.1144	5.7999	4.6655	4.7766	5.1881	5.4304	5.7455	8.7232	5.4266	8.0167	8.4362	5.2232	5.234	4.9959	4.8169	4.9558
EA_G__EFNB2	6.2732	4.2123	5.8805	7.449	6.8216	7.8088	7.6087	6.0636	9.4634	5.9782	6.3978	7.6795	6.1879	5.0019	8.5778	7.8717	7.0661	5.6164	8.5742	6.675	7.7842	6.9406	7.8725	6.2913	6.4386	8.3838	6.3951	6.6468	7.4016	6.648	7.1692	5.7584	4.591	7.7342	7.1411	7.4194	5.9107	4.8588	4.9203	5.2883	5.3353
EA_G__LOC89944	9.5309	8.1245	5.3483	5.7328	7.9913	5.1728	6.3567	6.9182	6.7604	7.7169	6.6277	5.2785	8.556	8.0674	9.0918	8.6779	5.3934	5.356	8.3861	7.4216	5.908	5.8739	4.9956	6.844	7.6157	5.59	7.8318	5.5176	6.336	8.0634	6.3137	7.5949	5.8909	5.4548	7.1899	9.1575	7.9764	8.6427	8.3475	5.9566	8.4921
EA_G__NNMT	8.175	4.8089	6.7152	3.8271	4.1496	8.2242	3.6997	6.7616	3.8335	3.9479	6.2424	3.9401	3.567	3.7123	3.8429	5.4458	7.3319	4.2657	4.5212	4.3755	6.0984	6.0797	6.0012	4.306	4.0165	7.3124	4.1152	3.8669	3.1296	4.1849	4.4702	4.3726	7.4463	8.63	7.9916	3.8228	5.2255	5.2161	4.3412	4.3434	3.8635
EA_G__CALB2	8.0751	4.3682	9.4484	4.991	7.6983	4.5283	4.2529	5.2906	6.6151	6.014	5.4987	4.9633	6.5905	9.8532	6.3751	6.9999	9.7141	4.72	6.0323	9.3111	5.3211	9.8956	4.8503	4.8289	4.4451	4.5107	8.4755	5.5838	4.4435	4.3592	5.5252	5.0455	5.3978	5.355	4.3414	6.2369	9.2125	4.9478	4.5061	4.6117	4.5077
EA_G__VGLL1	7.6073	10.9444	11.2686	4.6119	4.6541	4.3916	4.4151	4.1958	6.9869	8.6166	4.7829	4.504	6.0136	9.0918	8.3963	10.7164	9.5276	6.0977	10.8849	8.4322	3.6268	9.5937	4.2638	4.5135	4.6557	3.5808	9.471	4.245	6.2538	5.8522	4.2631	10.7559	4.144	5.4264	4.6659	9.2471	8.4889	7.048	7.7095	8.4362	4.8233
EA_G__RARRES3	9.1096	7.7687	6.4281	5.3993	6.6058	4.2899	5.8098	5.3176	5.1693	9.1422	6.0391	7.3182	7.167	5.2026	6.1213	8.343	9.3154	8.1094	8.1406	4.145	5.9253	9.5802	4.9869	4.715	9.3606	7.9014	6.5677	4.9322	5.1257	10.0138	5.6183	7.653	4.6534	5.8286	4.4097	6.1348	8.4344	8.6296	8.112	5.1083	5.337
EA_G__TMPRSS3	9.8081	6.2517	4.6731	6.3099	7.8022	4.3753	6.8658	4.3949	4.1635	5.2231	4.4602	5.3789	6.8408	4.6199	4.668	6.3221	5.0635	4.8213	6.0278	6.1435	4.2958	7.1903	3.9978	4.758	4.0896	4.7685	7.5031	4.1056	7.4917	9.4186	4.7655	5.2652	4.5343	9.1125	4.5138	7.2599	7.5815	7.0602	5.4646	4.7394	4.7502
EA_G__TACSTD2	11.2834	9.3731	8.4011	7.8646	9.4575	4.9233	7.8754	8.2432	9.4373	6.4671	4.7004	8.1558	8.4789	4.6365	8.695	10.1767	10.2648	9.0438	8.9977	4.923	4.6642	11.008	4.4877	9.0993	5.3417	4.6093	9.0348	6.6849	8.5865	9.0008	8.5592	9.7614	4.9094	9.0425	5.0911	9.2428	9.5358	9.102	9.8601	8.5365	7.507
EA_G__CTNNAL1	6.2431	4.2542	7.954	6.4387	5.6072	8.7735	6.3931	8.6011	8.1612	4.1256	7.0137	7.1051	6.4816	7.2239	8.0383	7.9871	8.3836	6.2664	5.4545	6.4832	7.6805	5.2114	7.9664	5.6676	6.3907	8.9997	5.5644	8.7663	6.723	5.544	5.0793	5.2778	7.4006	6.8008	8.0664	7.008	3.6217	5.7089	6.5608	5.4776	5.9197
EA_G__KIAA0644	6.6204	7.8892	5.8869	7.22	7.5292	5.0429	7.1733	5.0666	4.6612	6.9032	4.7288	6.0241	7.1183	5.0476	5.3085	5.1206	6.1557	7.8377	7.1336	5.2546	5.1951	6.8486	4.7598	5.6884	7.036	4.7568	6.3434	4.8293	6.4892	6.3319	6.5456	7.9545	4.9716	5.2662	5.3064	7.3471	7.7024	6.1171	6.8002	6.8457	5.1298
EA_G__EPHX1	8.2368	8.5449	8.8577	7.6023	8.2299	6.921	7.7573	6.8141	7.2243	8.8179	9.4485	7.7586	8.0552	8.617	7.0746	8.533	8.0586	9.8519	7.8291	8.0577	8.9611	9.1177	6.9566	6.7438	7.6533	8.5492	8.131	6.303	8.2123	7.4755	7.969	8.3315	7.8131	8.8805	7.4374	7.6259	10.4028	9.0237	8.343	8.826	6.7631
EA_G__PNPLA3	7.2811	5.5648	6.6519	4.9407	6.4017	7.4872	5.7505	7.1978	6.6264	7.5731	7.0269	4.619	8.8619	8.0043	6.6288	6.294	7.2937	4.7005	6.9787	5.1807	7.2279	8.0173	6.3625	5.0879	5.952	5.9585	5.8705	4.9472	4.7538	7.3528	7.4951	5.7974	5.933	7.725	6.646	5.0905	6.9222	8.0881	6.5966	6.1496	6.9942
EA_G__GGT6	9.0964	8.3135	8.655	7.006	8.0666	5.793	8.0847	6.0742	6.0881	7.1068	6.1738	5.6971	7.3875	6.0567	6.2042	6.7551	7.6029	7.9834	8.6305	6.0818	5.9579	8.1339	5.9044	6.4003	6.2128	6.0818	7.0716	5.9307	8.2047	7.0393	7.5308	7.6895	5.9495	6.1742	5.9795	8.0673	8.5388	8.5633	8.8248	8.1634	7.6006
EA_G__BEX4	8.9361	5.6188	5.082	6.1791	8.0725	4.2978	5.6652	5.3066	4.8114	7.3642	5.1709	6.8946	5.837	4.4937	5.8369	5.2212	6.516	6.1857	5.2613	6.1891	8.0966	4.6612	4.7209	6.2217	8.6899	6.7259	8.1452	4.8113	8.149	8.1283	5.8092	5.6201	7.0737	5.2215	4.8546	6.8738	8.3272	7.9242	6.2657	8.1866	6.8652
EA_G__PAK1	9.811	5.7876	7.5725	6.1028	7.211	7.2208	5.7292	7.4688	6.8378	6.3034	7.3413	4.2157	6.4608	7.7411	8.7149	6.9446	7.451	4.2022	6.1986	7.7684	7.6308	7.6557	7.5158	6.0492	11.1391	7.7746	7.3823	7.5296	6.4291	6.8502	6.2824	5.2566	5.7809	7.3487	7.6047	7.2088	7.9232	9.3218	7.9048	6.7669	6.197
EA_G__TNFSF10	7.2591	5.7198	3.5621	6.1808	6.6762	3.9131	4.191	3.6986	3.5048	7.7882	3.4474	7.5689	6.5684	3.5722	4.645	6.3477	6.4558	5.204	8.1757	5.2783	3.5772	9.709	3.725	4.1417	6.1581	6.8426	5.5207	4.6852	7.0454	8.5212	6.1688	4.2662	3.6572	4.2944	3.437	7.5867	9.1214	7.7597	6.7804	5.9878	4.0143
EA_G__IFITM1	4.955	6.0176	8.0251	4.2124	8.3903	5.9383	5.4824	7.8038	9.0056	6.7403	8.4714	4.0937	4.8646	9.3887	6.6329	8.5115	8.9598	4.9523	7.7922	6.3744	5.4517	10.7138	7.2294	7.4095	8.3769	7.2532	6.8074	4.4739	4.9995	7.2448	4.7663	6.3415	7.0263	9.678	8.2737	6.4552	9.2745	4.3998	7.0862	4.1749	4.3142
EA_G__KRT81	13.077	12.3655	6.8929	5.3565	8.1666	6.0874	6.0053	9.0894	8.444	6.0401	11.3208	7.6037	5.7804	11.6511	6.2567	10.487	12.3724	7.9834	11.3863	12.6179	5.5355	6.3242	5.8424	8.8585	6.1968	5.7452	12.8947	8.4799	9.2935	11.4858	6.8186	11.3289	7.5435	12.9338	7.1368	7.4014	12.694	12.2377	5.9518	6.01	6.5865
EA_G__ARHGAP18	5.5988	5.631	5.5199	6.5887	4.7252	7.2885	5.2074	6.2727	6.6089	4.9579	5.6958	6.7369	5.1862	6.6774	6.4351	7.3713	6.3501	5.8168	6.7022	7.2933	7.8405	7.9695	7.5814	6.6724	4.2449	6.1321	5.6656	6.8698	6.285	7.6441	5.6892	5.7823	5.9652	6.9738	9.2011	6.1521	5.9493	5.8856	6.5006	4.8022	6.3868
EA_G__RPS6KA2	7.2247	7.2512	6.4795	6.7426	6.0129	4.9791	5.3537	5.9758	6.4925	6.9078	6.2883	6.2732	4.9725	5.8669	6.45	6.4346	7.5155	5.3378	5.9798	6.8663	5.2436	6.5689	9.0315	6.8342	6.9687	5.1484	7.0255	6.8695	6.9008	4.9655	5.6143	7.5479	5.5176	7.4256	7.175	7.7108	8.3379	6.5329	5.2178	5.4018	6.1544
EA_G__CRISP3	11.8733	10.7282	2.8746	3.95	3.837	3.5119	3.7243	3.8673	3.5679	3.6285	2.9264	9.1329	4.5771	6.8703	3.445	4.0638	3.7873	5.8253	9.1617	3.83	2.8707	5.3739	3.0338	4.6077	5.2876	3.0894	7.7198	3.4906	4.8833	6.9258	4.6858	6.4852	3.5474	4.4543	4.2318	5.763	5.6706	12.7812	6.7331	7.2417	4.3452
EA_G__FBXO32	6.4224	7.6783	8.1937	7.0116	6.2259	4.8769	6.54	6.0944	7.873	5.993	8.6203	8.3564	6.1378	8.2483	4.2313	6.6466	7.1545	7.9395	8.4864	6.8305	7.3539	5.7434	6.2022	4.3157	5.8681	5.6122	6.6177	4.7735	5.5186	6.6536	7.4219	8.3307	9.0189	9.1506	7.231	7.0251	8.3507	8.4703	7.8346	6.7079	5.3246
EA_G__AHNAK2	6.4315	5.5114	6.6197	5.7758	6.5778	8.7237	8.1277	8.3404	11.0055	6.8184	8.9185	6.0669	7.319	5.8046	8.2741	7.0113	8.4468	5.729	6.8208	9.6726	7.9732	7.629	8.2223	6.7179	7.2793	9.2604	7.7131	7.9926	5.8029	5.5643	6.3239	5.8413	11.1983	8.7533	9.2006	8.6161	7.8498	6.7657	6.6229	6.7233	6.8062
EA_G__PADI2	9.3092	9.1245	7.7046	9.5608	7.5274	5.5554	5.7804	5.7358	6.8087	8.7344	5.891	9.9272	6.6508	5.4932	6.2254	7.8027	6.5577	8.483	9.4405	7.8639	5.5305	9.7534	5.6336	6.5501	7.3756	5.4501	10.251	5.6259	9.952	10.1818	6.4141	8.6201	6.0273	6.5008	5.8087	10.2354	8.2646	9.4022	7.0662	10.3101	7.2104
