Cell lines	600MPE	AU565	BT20	BT474	BT549	CAMA1	HCC1143	HCC1187	HCC1395	HCC1419	HCC1428	HCC1569	HCC1806	HCC1937	HCC1954	HCC2185	HCC3153	HCC38	HCC70	HS578T	LY2	MCF7	MDAMB134VI	MDAMB157	MDAMB175VII	MDAMB231	MDAMB361	MDAMB415	MDAMB453	SKBR3	SUM1315MO2	SUM149PT	SUM159PT	SUM185PE	SUM225CWN	SUM52PE	T47D	UACC812	ZR751	ZR75B
Response	1	1	-1	1	-1	-1	-1	1	1	1	-1	-1	-1	1	-1	1	-1	-1	1	-1	1	1	-1	-1	1	-1	1	1	-1	1	1	1	-1	-1	-1	1	1	1	1	1
EA_G__IDH2	9.4084	9.0203	8.5981	10.3873	8.0667	9.7965	8.2773	9.6941	9.8823	9.9588	7.8733	9.0831	6.1131	8.6125	8.1028	9.1842	8.4942	8.9461	10.4002	6.776	9.5467	9.9548	9.1699	8.3399	10.0707	6.7409	10.4101	8.7147	7.8956	9.5364	8.6078	8.1004	7.7049	8.7028	9.0819	9.8275	10.3343	9.4696	10.5446	9.3732
EA_G__UPK3B	7.4344	7.8564	7.5647	7.4318	6.9711	7.063	7.0834	7.3556	7.2931	7.5818	7.1388	7.131	7.5062	7.749	7.1097	7.5446	7.2451	7.0813	7.7129	6.7547	8.307	7.6742	7.2838	7.0001	10.3034	6.9948	7.2937	8.7072	7.8507	8.1022	7.1958	7.9558	7.0611	7.0964	7.6465	7.987	9.0936	7.3861	7.356	7.4212
EA_G__C1orf64	8.0389	7.093	5.835	8.5042	5.7056	6.4148	5.3251	5.8239	5.7955	9.3609	5.9959	5.5774	5.6345	5.7833	5.7959	6.0412	5.5348	5.7137	5.9871	5.6903	6.0348	5.929	5.6565	5.6187	7.052	5.7254	8.2425	8.7956	6.6608	7.869	5.917	6.0097	5.9263	8.388	6.8583	7.5468	7.081	7.8354	8.5419	7.5124
EA_G__FMOD	9.9266	4.7456	4.3891	8.6309	4.8797	4.254	4.4157	4.5959	4.4647	4.5711	4.2652	4.1456	4.4406	4.33	4.4191	5.0278	4.4373	4.4526	5.1068	4.315	4.9047	4.6832	4.2507	4.333	8.337	4.653	10.2266	9.4424	7.4642	4.7254	4.4797	4.8205	4.5904	4.1968	6.8222	9.5573	5.179	7.001	9.7217	5.579
EA_G__PADI2	9.3092	9.1245	7.7046	9.5608	5.5554	5.7804	6.8087	8.7344	5.891	9.9272	6.6508	5.4932	6.2254	7.8027	6.5577	9.4405	7.8639	5.5305	9.7534	5.6336	6.9998	6.5501	7.3756	5.4501	10.251	5.6259	9.952	10.1818	6.4141	8.6201	6.0273	6.5008	5.8087	10.2354	8.2646	9.4022	7.0662	8.0231	10.3101	7.2104
EA_G__TJP3	9.3077	8.0518	7.766	8.3849	5.9377	7.9192	6.4262	6.6429	5.9521	9.8328	7.6407	6.3501	6.2599	7.1653	7.5222	8.4592	6.5682	5.9474	8.0263	5.6884	8.0699	7.9648	7.8198	5.7056	8.8534	6.1169	8.5057	8.1059	8.1475	7.9939	6.014	7.1509	6.1539	8.6348	7.4672	7.8886	8.6752	8.1957	8.4645	8.0411
EA_G__MUC1	10.7485	9.3354	8.5583	9.6525	8.4104	10.0109	8.1385	7.6877	7.2345	9.5962	9.4833	6.9752	6.7513	6.8465	9.0466	9.1369	6.9437	6.835	10.7156	7.125	8.9106	9.84	6.573	7.0024	11.0353	6.32	9.2355	10.806	7.2765	7.6032	7.3348	9.1411	7.2021	8.4137	9.6284	9.3378	11.5556	11.9165	10.8592	11.0123
EA_G__ZNF750	6.7199	7.3482	4.6567	6.7097	4.9155	5.6839	4.6689	7.2202	5.1846	6.7591	6.451	4.7703	5.1668	5.5797	5.4145	7.1353	5.1352	4.7351	5.3662	4.4688	5.7987	6.4591	5.1944	4.6503	6.6426	4.6995	6.0296	5.1191	6.1847	7.0681	4.8725	5.4428	4.8895	6.5246	7.0578	6.3349	6.3737	6.0345	6.7232	5.4634
EA_G__PLA2G10	8.5249	7.4097	5.9502	6.2138	5.9734	6.4801	5.8603	6.1584	7.2084	6.4113	7.186	6.003	7.7286	6.572	6.2121	7.2149	6.2563	5.4353	7.149	5.9167	7.1404	6.5337	6.9787	5.2459	8.2977	5.5339	7.2334	10.1074	6.4499	7.7312	6.1785	6.1912	5.9954	6.0704	5.9926	5.8723	6.6205	7.9511	6.6977	6.1379
EA_G__PLCH1	5.2438	7.5273	3.3755	6.9586	3.9486	8.0482	4.651	7.1018	3.9777	7.7608	6.6251	5.4736	4.7252	4.4941	4.4556	8.1232	5.2036	3.6959	6.6154	3.6139	6.6504	6.832	4.0158	4.9347	7.0744	5.7583	7.2641	9.4761	6.8481	7.196	4.228	4.6713	4.1757	5.7348	6.445	6.0627	7.4294	5.562	8.1434	7.3769
EA_G__C9orf152	8.4683	7.9416	3.1106	9.015	3.3253	7.5362	3.2593	3.6704	3.8201	9.6854	6.8934	3.2606	2.5096	4.7044	6.1075	7.8747	4.4017	2.9521	5.0464	3.4125	4.5846	5.7573	3.74	3.1833	7.9758	2.9212	9.606	7.4371	6.4351	7.1601	2.7658	3.7666	3.421	8.6164	7.4871	7.795	7.8891	6.4831	9.313	9.0216
EA_G__SLC9A2	6.8744	8.0221	5.0906	9.0313	4.6153	4.537	6.1778	4.6843	4.5398	9.2135	6.766	4.2235	4.6564	4.4787	4.4345	7.9773	4.8629	4.0912	4.4798	4.0015	8.3374	7.752	5.095	4.5882	8.1974	4.1751	9.4528	7.6961	7.0623	8.3122	5.8374	4.8527	6.3365	8.3496	6.9643	7.0853	8.7918	8.1692	8.7367	7.4132
EA_G__KRT86	13.3379	10.3848	8.5794	8.4565	8.3179	8.0746	7.4759	8.0969	8.9404	8.3171	8.7657	8.2766	8.5663	8.6907	8.3822	8.3819	8.363	8.1089	8.5233	7.9741	9.7851	10.0862	8.2085	7.6371	13.9235	8.0136	9.2948	13.1366	8.3402	8.4784	9.2708	9.5647	8.9904	8.0865	13.6157	13.318	8.5214	9.642	8.7488	8.6665
EA_G__C20orf114	11.0401	7.0553	5.2127	7.8852	4.6121	5.1097	5.1526	5.0573	5.3378	7.2331	4.8674	5.6278	5.3641	7.8002	6.663	10.464	5.2185	4.9445	6.5348	5.1707	6.0915	5.6898	7.9038	4.9152	13.2701	5.1911	10.0853	13.2886	5.7893	7.2236	5.1248	5.3721	5.3882	11.3388	5.3234	10.3221	7.7395	8.1169	5.6322	7.4759
EA_G__MYL9	5.9827	6.2808	8.1376	6.0403	9.0829	8.2787	8.8326	6.3362	7.2937	6.7514	6.7845	8.7136	7.7516	5.6411	6.2977	6.4925	8.9906	9.4131	7.2959	9.2271	6.6307	6.5607	6.0219	9.6946	7.5745	8.2165	5.9337	7.4537	7.4393	7.2278	7.8784	7.6641	7.7727	6.9746	6.8768	6.5586	7.8883	7.8833	6.2851	6.2681
EA_G__C11orf82	5.4609	6.6509	7.0184	5.8662	6.612	5.9729	7.3918	5.794	6.557	5.736	6.3239	6.8492	8.7831	6.1601	7.329	5.4224	6.7061	7.6886	5.452	6.9309	6.4962	6.308	5.3933	6.4071	4.8317	6.9059	5.714	5.3618	5.9928	5.8672	5.7982	5.7614	7.2557	5.8854	5.4156	5.9697	6.6975	6.4483	5.2868	5.7959
EA_G__CEACAM6	11.9576	9.4552	4.9219	10.4191	4.4249	4.3434	4.5225	3.7734	4.2987	10.2871	4.6155	4.2125	5.4873	5.8584	7.5965	10.3529	4.6112	3.9866	7.9509	4.1852	8.4815	7.3165	4.5002	3.6986	8.7179	4.1634	10.9123	10.8417	4.9382	6.4947	4.7785	4.201	4.5135	7.5353	10.2088	7.5093	6.1862	8.1197	6.9771	9.7418
EA_G__SYT7	7.3093	7.8438	6.3065	9.013	5.624	7.1669	6.5406	9.135	8.0894	6.5977	7.5207	7.5053	6.4084	7.0307	6.5839	7.5656	5.8712	5.0595	7.731	5.6967	7.7789	7.5346	9.5571	5.577	7.9565	5.5078	7.7687	8.2806	6.7126	7.8086	5.8711	5.7903	5.8368	8.2797	7.6034	7.7134	7.6941	7.9714	7.917	7.5292
EA_G__SLC7A11	5.1809	5.1817	7.4396	4.1599	6.5597	4.2618	5.8494	3.5826	8.4557	4.9675	5.0098	5.4931	7.8307	6.4145	6.5624	3.8433	5.6015	6.7087	5.6799	7.1183	5.8004	5.4594	5.75	5.2728	4.449	8.0821	4.96	5.0106	4.2806	4.9229	7.2331	5.2141	7.3597	6.9123	7.5002	4.0292	4.5781	4.0326	4.6664	4.9372
EA_G__KIF13B	8.0514	6.6768	5.72	8.2173	5.9885	5.3774	5.5277	6.7391	5.8701	9.4643	6.3293	6.1442	5.5216	6.1503	6.5938	7.6732	5.9173	6.9154	6.0326	6.0897	6.5786	6.8171	7.7809	6.5239	8.4875	6.3783	6.9655	7.7678	5.9139	6.7406	7.8265	6.2576	5.5322	8.7327	6.3598	6.6436	7.1801	7.4504	7.2131	7.2438
EA_G__LOC342897	6.8877	9.3215	7.5298	6.5232	6.341	6.1959	5.9222	7.6628	6.4521	6.3118	6.4283	6.2297	6.6868	7.9023	6.4686	8.5321	6.0562	6.1129	9.8111	6.3895	6.4818	6.8347	6.4992	6.3021	7.7221	6.2784	6.5222	7.442	7.3158	8.7168	6.8808	6.9333	6.6187	6.6136	9.7598	7.336	6.8452	7.8893	7.4687	6.4656
EA_G__KRT19	12.6916	12.4257	11.7226	11.8694	5.3088	12.0071	11.0092	10.8661	5.2972	12.4057	12.4572	5.4234	11.375	5.3996	6.6896	12.625	10.7132	4.9996	11.9989	5.3899	11.9541	12.1304	12.2871	4.8359	12.0948	8.5044	12.135	12.3305	11.3655	12.6503	6.0673	11.4019	5.1683	11.8464	11.3409	11.6161	12.478	11.9621	11.4901	11.9652
EA_G__C1orf34	8.0896	8.7299	6.5143	8.6653	4.3849	7.8825	4.9498	6.4694	4.4875	9.621	10.7155	4.7666	5.4992	6.0973	5.9825	8.1981	5.8414	4.7716	8.2159	4.4583	7.4708	8.655	7.6569	4.7734	7.5177	4.9479	9.2873	8.812	7.8876	9.2993	4.8324	4.8993	4.8296	8.0572	7.8121	7.8552	8.6739	9.9698	7.8377	8.6777
EA_G__FZD7	5.6238	4.9595	7.5193	5.0229	5.7581	5.4522	9.4585	5.8364	7.2116	5.7953	7.0174	7.2477	5.2591	6.6431	5.8451	4.8257	5.7462	6.7231	7.1561	8.2216	6.4394	4.9982	8.1128	7.5659	5.5336	6.8319	5.2781	4.3631	5.6368	4.8198	6.1794	4.7808	6.6816	5.9467	6.0904	6.1188	5.3736	5.83	4.6495	5.1116
EA_G__TSPAN13	8.9952	9.6423	8.1642	10.1182	5.2331	8.9285	7.1263	8.3643	6.2564	10.0071	9.488	7.0469	8.4981	8.9186	8.9	9.8295	7.9678	6.1771	9.4757	4.5718	8.6216	9.4154	9.1455	6.6857	9.4324	5.7384	9.4215	9.7858	9.0558	9.2686	9.1487	6.0293	5.9884	10.2356	9.635	9.965	9.7869	9.9264	9.7648	9.4508
EA_G__CTNNAL1	6.2431	4.2542	7.954	6.4387	8.7735	6.3931	8.1612	4.1256	7.0137	7.1051	6.4816	7.2239	8.0383	7.9871	8.3836	5.4545	6.4832	7.6805	5.2114	7.9664	6.1901	5.6676	6.3907	8.9997	5.5644	8.7663	6.723	5.544	5.0793	5.2778	7.4006	6.8008	8.0664	7.008	3.6217	5.7089	6.5608	6.3006	5.4776	5.9197
EA_G__PCP4	10.1667	6.5286	5.0555	5.437	4.3983	6.5311	4.6403	5.9112	5.1521	5.6116	6.06	4.7868	5.3258	4.6097	4.3657	10.57	5.5234	4.9326	5.3257	4.6323	7.0488	7.3361	6.2066	4.9014	9.0066	5.2082	5.9918	8.2043	5.2775	7.6777	5.4337	5.3151	5.7331	6.4316	5.3913	7.8539	7.8234	6.7121	5.5744	4.8747
EA_G__TM7SF2	7.362	8.6146	7.5175	10.6738	7.777	7.8977	7.2251	9.5359	6.8147	9.1668	7.9039	6.7241	7.7442	7.9366	7.4522	8.5326	7.6531	7.0171	7.4679	6.3437	9.5635	10.0085	8.6953	6.465	9.4025	6.9611	9.7289	8.2619	9.9341	8.013	7.0973	7.8511	5.806	9.5896	6.8613	8.2324	10.641	9.5627	9.7151	9.4245
EA_G__FJX1	8.3967	5.5806	6.0986	4.9649	9.0274	6.719	9.9085	6.8217	6.0156	5.9123	6.1875	9.0239	10.8651	7.8271	8.5625	7.6401	8.2594	7.1323	6.3296	8.4796	7.4508	5.7965	7.8509	8.9907	7.6792	8.713	6.5637	7.2206	7.9145	6.3355	8.3063	8.4438	8.6121	7.8131	7.6374	7.4963	7.972	7.0963	6.8239	7.4267
EA_G__APOD	9.195	8.4131	4.3529	4.576	4.5205	4.8705	4.8545	4.5494	4.4454	6.7594	5.1462	5.4408	4.5387	5.4509	4.809	9.674	4.7458	4.3722	4.5508	4.2252	6.0782	8.385	5.8081	4.9883	11.311	4.705	6.0232	11.749	5.2095	8.0318	4.3242	4.9073	4.892	4.5929	4.8909	9.5483	10.5135	7.4462	12.4719	5.2026
EA_G__TMPRSS2	7.1443	7.2062	5.9505	7.4163	4.76	5.2206	5.9465	7.398	4.4614	8.4729	6.5273	4.686	4.6026	5.5772	4.5393	9.8984	4.5147	4.4592	8.9766	4.216	7.2592	6.7275	6.4975	4.3741	6.8914	4.2222	6.094	7.3281	6.4244	7.2688	4.3749	4.9769	4.5539	6.2306	7.1473	5.1128	7.3834	5.9248	4.9624	4.7479
EA_G__ATAD4	8.9675	6.5076	5.3802	8.0263	4.5523	7.5399	8.0394	5.9508	4.8296	10.7967	7.4212	4.1336	4.5672	4.7596	5.2565	8.0676	5.5651	4.2357	7.043	4.1056	7.2902	7.5689	6.5886	3.7982	8.0822	4.8914	9.0888	8.2291	7.5073	7.1289	4.5322	5.1374	4.3119	7.2446	7.4827	9.1193	7.2602	7.8865	8.9783	8.279
EA_G__BCAS1	7.6511	9.0168	4.7589	10.5313	4.4087	6.403	4.3423	4.4869	4.5984	10.3867	6.7622	4.1964	4.6724	4.3328	5.14	9.0372	4.5142	4.3656	4.3987	4.438	7.9077	7.2716	6.6171	4.3473	7.9229	4.8844	7.3564	9.719	5.6839	9.8324	4.4616	5.0177	4.8637	7.8706	7.4028	7.9093	7.3722	7.4533	8.0127	8.1104
EA_G__OCC-1	6.2744	4.7657	6.4463	6.0232	7.9125	8.1939	7.9815	6.4479	7.388	7.0864	6.2162	7.7616	7.2971	6.5371	7.1938	4.7101	6.4958	7.6337	5.1407	8.9882	6.7867	6.4518	8.3745	8.6907	5.5728	7.9621	7.1268	6.1152	4.9518	5.6333	7.3574	7.0924	8.3571	7.0635	4.3091	5.966	6.2156	7.6201	4.414	6.1645
EA_G__MAP1B	4.0691	4.1506	5.5635	4.4828	7.3859	4.0451	7.1683	6.6007	8.4876	3.7581	4.3324	4.8655	5.0727	5.2252	5.1172	4.0538	6.0101	7.7143	6.2577	8.7705	4.4155	5.0935	5.1036	7.836	4.0668	7.159	4.158	5.8074	4.7968	4.2089	8.0577	4.7129	8.5112	8.6027	6.5307	4.2357	4.0326	4.3419	4.0378	4.0619
EA_G__SCNN1A	11.0357	9.555	7.8103	8.6409	4.9473	5.4678	5.4577	6.6565	4.7544	9.9819	8.3223	4.8405	6.7003	8.1132	8.4818	9.5645	6.633	4.8998	8.5155	4.5885	8.3719	6.2766	7.8867	4.3763	10.0856	5.2414	9.5227	10.347	5.8397	9.433	5.0744	10.6293	7.2214	10.5261	9.1262	10.4535	8.2861	7.8388	6.6651	8.573
EA_G__ATP2A3	6.4418	10.1714	6.8072	10.4885	5.8486	6.8611	7.2042	6.2893	6.6021	10.5171	6.5551	6.2867	6.3948	6.3348	5.8829	9.0422	5.9762	6.143	6.0371	5.8594	9.182	10.404	7.3743	7.3485	9.1894	5.9051	9.8146	8.7424	7.2988	9.8741	6.0386	6.5756	5.9371	10.2892	6.7498	7.2415	8.8388	8.334	8.8984	9.8977
EA_G__EPN3	8.6199	8.2278	8.0466	9.6436	6.3758	8.069	7.4293	7.116	6.3802	8.672	8.7373	8.1351	7.9438	6.843	7.7746	7.7472	7.1172	6.3093	7.9575	6.3471	8.673	8.446	7.6968	6.1877	8.7465	6.2349	9.6115	8.2606	8.6589	8.2641	6.6755	7.3269	6.6283	8.2206	7.2364	8.4764	8.7652	8.4147	8.8978	8.7596
EA_G__THBS1	10.1181	8.8537	10.1535	6.8427	11.7756	9.5093	12.1592	9.5535	9.3881	6.4172	6.256	5.7423	10.1946	9.8642	11.2382	6.3827	11.5562	10.0309	8.1139	11.2999	8.4058	9.8527	9.6869	9.8837	9.7727	10.2805	7.7776	10.0528	10.1956	8.4328	5.1794	11.4742	11.5545	7.7318	9.2531	8.0413	8.8181	8.8273	5.1516	5.3147
EA_G__PGF	5.602	5.8381	6.0041	5.772	6.2008	5.697	6.0163	5.8025	5.8768	5.3008	5.5795	7.2205	6.9579	5.8713	5.7716	6.156	6.2143	6.1993	6.1518	7.7203	5.8004	6.2033	7.841	8.116	5.7095	8.2255	5.7111	5.3044	6.7778	6.159	5.5805	6.3683	5.8387	7.055	6.285	5.8603	6.2237	5.9724	5.9649	5.7674
EA_G__DPYSL2	5.7919	5.364	7.4747	6.5531	10.3808	7.342	8.2545	6.1583	8.9742	5.9297	7.6053	8.5864	6.9477	7.2433	7.0544	6.0442	8.2008	8.1649	6.9424	9.7881	7.6608	7.1866	8.4213	8.7065	7.6457	8.0483	7.6197	5.6238	7.8734	5.0121	9.7796	9.6176	9.3425	8.7012	6.9372	7.67	7.3599	7.4901	5.1537	6.9799
EA_G__ST3GAL2	5.1245	5.2182	6.5232	5.461	7.5988	6.4466	6.0393	6.1556	7.2036	5.7459	7.7065	6.7122	6.5264	6.1728	6.5381	5.6583	5.9653	7.54	6.4734	7.1447	5.7205	5.275	6.6306	8.9673	5.7831	7.274	5.3718	6.8043	6.2369	5.6945	7.4105	6.2584	7.0882	6.2638	5.539	6.4992	5.8892	6.0176	6.7239	6.2097
EA_G__CYP2J2	7.5609	6.4435	5.1334	6.7259	4.78	5.8339	6.1137	5.5908	4.6398	7.7706	6.8903	5.9356	4.8007	5.9878	5.8329	7.4097	4.6187	4.4382	6.0827	4.8923	6.3696	7.0868	5.2002	4.2793	4.9988	5.9153	7.5381	8.3749	5.4937	7.2803	4.893	5.2515	5.3152	6.042	7.5127	5.895	5.9996	6.2447	7.9614	6.8202
EA_G__CPAMD8	7.0478	6.0825	7.2596	7.2388	5.6587	6.0427	5.6522	7.7413	5.7791	6.8633	6.049	6.0436	5.9711	6.7098	6.1118	8.4635	5.9444	5.3842	6.5933	5.5284	6.2974	6.322	5.9579	6.7371	8.6424	5.4769	7.4537	5.9555	7.027	6.3632	5.7861	6.2587	5.9367	6.3406	7.1091	6.9385	8.6235	8.1872	6.9222	6.1828
EA_G__IGF2BP2	5.3274	4.148	7.4447	3.9096	8.766	3.9519	7.3402	4.3688	4.3263	4.1485	4.3259	7.0273	8.2498	8.3885	7.7439	4.275	6.2409	6.9871	7.7544	7.1361	5.5721	4.3172	4.4761	7.532	4.382	7.4978	4.1685	4.075	5.017	4.4165	7.5737	6.9236	7.8986	7.1443	6.5836	5.9502	4.389	5.6488	4.0823	5.0564
EA_G__STARD10	8.7444	9.3189	7.1028	9.838	6.9657	8.9884	7.0812	7.6816	6.3309	10.6337	9.9114	7.9561	7.2257	7.6626	7.4036	9.147	7.3262	6.4872	7.4777	6.0307	9.734	9.5739	9.1011	7.4208	9.3232	6.2262	9.903	9.0237	9.6166	9.3077	6.0593	7.4425	5.9183	8.838	8.704	9.3903	8.7334	9.6701	9.2205	9.5445
EA_G__FRMD6	6.6327	4.9002	6.7991	5.8569	8.4921	7.1865	7.9292	7.2846	7.5991	5.8319	5.2792	4.6289	7.4696	7.3778	7.3328	5.7482	7.2501	8.1602	5.44	8.0414	6.187	6.0322	6.3911	8.9032	6.3751	8.4847	5.2365	6.2746	5.5398	4.9049	7.829	6.5761	8.0209	6.1144	6.2193	5.4363	4.5013	5.7171	5.2584	5.2336
EA_G__ELL2	6.8523	5.9738	8.4801	5.4848	9.0239	5.5223	7.8213	6.2642	7.1177	7.3842	5.1636	5.7827	7.7042	7.7394	8.4219	7.63	8.1983	8.1004	6.8832	8.7843	4.8266	5.4662	7.4627	7.4624	6.6419	7.7774	5.8231	9.4469	6.9037	5.7191	7.9853	7.358	9.1605	9.5203	7.4441	6.8344	5.428	6.024	5.6388	5.8718
EA_G__GADD45A	6.0251	6.3877	7.29	6.2489	7.0816	5.5713	7.2169	6.2905	6.627	5.9471	5.5842	6.46	7.4015	8.8588	7.7404	5.5864	7.7197	6.6974	6.4102	8.2647	6.0858	6.2982	7.2958	7.206	5.9708	6.8756	5.9687	6.3753	6.3945	6.1844	8.4067	6.1507	8.2315	5.9881	7.382	5.9993	5.571	5.8913	6.1594	5.5673
EA_G__ATP9A	7.7378	8.4259	8.4643	9.6947	4.9667	7.2076	7.3539	7.6664	7.4794	9.2023	7.5494	7.3262	6.8931	8.1434	7.4705	7.6805	7.2789	6.4211	8.0206	6.994	8.2624	10.0036	8.2567	8.236	8.8712	5.8528	8.9556	8.3913	5.0926	8.6902	7.0679	6.8544	6.6104	7.7354	8.3107	7.6248	6.9771	7.7443	7.5794	7.9673
EA_G__NR4A1	7.0106	8.5142	6.4987	7.7492	6.1782	6.5968	6.4658	5.8281	6.2776	7.4587	6.4468	6.6935	6.3044	6.1826	6.3809	7.2553	6.2234	5.8215	6.1123	6.041	7.225	7.2685	6.542	5.7641	7.5251	5.9098	7.1353	6.7565	6.7356	7.0525	6.0845	7.8922	6.6425	6.9256	7.2672	7.5309	6.7901	6.6764	6.9464	8.454
EA_G__CREB3L4	8.1311	8.1722	6.239	8.8266	5.1526	8.4914	5.7882	5.6323	6.0428	8.1729	6.4823	6.4278	5.55	5.5635	6.0272	7.1548	5.7115	5.4265	6.6527	5.4111	6.6146	7.3017	6.9522	5.3083	7.8557	5.5882	7.768	7.4532	8.0278	7.7082	5.6583	5.9138	5.4051	7.0025	7.9691	7.4838	8.0176	7.745	8.8611	8.2783
EA_G__PVRL4	8.9017	8.8387	7.5802	8.6614	6.0215	8.4399	7.6435	8.619	6.0006	7.4022	6.9983	5.9267	6.4973	7.5051	7.1911	8.8506	6.8664	5.7394	9.0419	6.0255	8.6467	7.9387	7.8324	5.9404	9.5825	6.0246	7.6553	7.9653	8.7386	8.6132	6.1518	6.6455	5.8878	9.0033	8.5554	8.2224	8.8527	8.4894	7.7461	7.9785
EA_G__CRISP3	11.8733	10.7282	2.8746	3.95	3.5119	3.7243	3.5679	3.6285	2.9264	9.1329	4.5771	6.8703	3.445	4.0638	3.7873	9.1617	3.83	2.8707	5.3739	3.0338	4.3007	4.6077	5.2876	3.0894	7.7198	3.4906	4.8833	6.9258	4.6858	6.4852	3.5474	4.4543	4.2318	5.763	5.6706	12.7812	6.7331	3.9612	7.2417	4.3452
EA_G__ELF3	8.5748	8.8252	8.8399	8.1308	4.9138	6.864	7.729	8.3153	4.8811	8.1281	7.8905	8.1319	6.3321	7.717	8.7614	8.9846	7.547	5.2282	9.2539	4.9362	7.7912	7.3381	6.4985	4.9177	8.1983	5.4539	7.7294	8.0609	7.1314	8.8807	5.3636	7.1317	5.4265	7.6445	7.6229	8.2198	8.1507	6.9046	8.6266	9.6058
EA_G__CADPS2	7.5792	7.7456	4.908	7.4979	4.0964	6.4627	4.4223	5.6493	4.16	7.0315	4.4205	4.0071	4.8258	4.1246	5.3083	6.7121	3.9804	3.6804	6.6876	4.1893	5.843	6.0549	4.6595	4.342	7.6282	5.1269	5.4529	8.4842	6.1528	6.7688	4.2951	6.5761	6.4273	7.7822	6.6469	5.8467	5.8717	6.468	6.224	5.6319
EA_G__RND1	7.3143	8.2366	5.1518	5.5848	5.2959	7.5678	4.9253	6.6945	4.833	6.5432	5.3653	4.8394	5.688	5.355	5.6049	6.4109	5.1296	5.0251	5.5654	4.655	7.389	6.8855	7.5082	4.321	9.0383	5.229	6.9107	7.667	7.8736	8.9453	5.08	5.2271	5.1002	6.2484	6.2849	5.9817	7.1618	8.9243	7.8627	6.9375
EA_G__HMGCS2	4.5544	5.8913	4.3406	10.0884	4.296	4.3704	4.3897	4.5313	4.5194	7.4041	4.6301	4.2111	4.6196	4.2624	4.3031	4.8674	4.6161	4.3498	4.6828	4.1835	4.5064	4.7543	5.1079	4.1742	7.9965	4.5988	9.1804	10.6013	4.9517	5.0354	4.5088	4.4993	4.4967	8.0871	5.7396	6.6758	5.8813	7.594	7.4631	4.9667
EA_G__MYO5C	8.7021	7.8463	7.275	7.9832	4.007	8.6099	7.3812	6.793	3.7876	8.5988	8.705	3.62	5.4571	7.8221	6.9236	7.7686	7.586	4.5314	8.1173	4.1085	9.2621	8.7398	7.5274	3.747	7.8407	7.0582	7.7598	8.3844	7.2253	7.5109	3.8417	6.0904	3.955	7.9313	7.7172	8.2857	8.322	7.6815	8.492	9.2547
EA_G__MB	5.5817	7.1763	6.3524	7.2958	5.2965	6.4939	4.99	4.7298	4.5217	6.6331	5.3755	4.4841	4.3542	5.2556	5.9544	8.1329	5.7617	4.0266	5.7767	4.4095	5.9646	5.6589	5.4337	3.8807	7.0531	4.2898	7.3515	7.1651	5.9651	7.5111	4.3969	4.8076	3.9391	5.781	6.2852	6.3506	5.5164	6.4085	7.0086	6.8752
EA_G__ST6GALNAC2	10.2973	5.0291	5.516	10.3685	4.5595	8.7228	6.5984	7.353	4.8036	9.9648	6.5371	4.6823	5.9709	5.9589	4.8008	8.1178	5.1009	5.8811	7.4136	4.6967	6.3217	8.8799	9.8266	5.7877	9.9075	4.6438	11.3695	9.1258	9.9534	5.1063	4.954	6.391	4.6258	9.9215	6.6702	10.1722	9.3112	10.0639	10.5198	10.1631
EA_G__RHOV	7.283	9.7227	8.4574	8.0872	6.4486	7.6528	7.8628	8.3043	6.7707	8.7399	7.3848	6.8553	7.3721	7.5034	7.5923	9.2953	7.7164	7.1533	10.4826	6.6712	7.3987	7.7727	6.8814	6.5363	9.1443	6.5731	6.9177	7.754	8.1173	9.6719	6.3819	8.2071	6.3571	7.415	7.5265	7.9056	8.4813	7.4151	7.846	8.0596
EA_G__AHNAK2	6.4315	5.5114	6.6197	5.7758	8.7237	8.1277	11.0055	6.8184	8.9185	6.0669	7.319	5.8046	8.2741	7.0113	8.4468	6.8208	9.6726	7.9732	7.629	8.2223	6.3356	6.7179	7.2793	9.2604	7.7131	7.9926	5.8029	5.5643	6.3239	5.8413	11.1983	8.7533	9.2006	8.6161	7.8498	6.7657	6.6229	7.0651	6.7233	6.8062
EA_G__FXYD5	9.087	8.4722	10.1501	5.1452	10.3061	5.212	9.9677	7.5861	9.9666	4.9676	5.8157	8.678	10.7836	9.0929	10.6352	7.316	9.7402	8.2865	10.1781	9.7392	5.3102	5.5668	5.4603	10.1368	5.6902	9.7893	5.2174	5.9207	8.6977	8.8892	7.4253	9.2964	9.4217	8.919	8.5269	5.7418	8.3542	7.2186	5.8579	5.2807
EA_G__S100A14	12.1606	11.7148	9.5587	11.289	4.4478	12.2259	9.3338	7.1653	5.7788	11.67	10.2776	5.6437	9.6689	10.4498	10.811	11.2622	9.7527	5.038	10.9988	5.5585	11.3198	10.6309	6.945	5.2235	10.7045	5.3671	11.2594	11.6653	10.9996	11.6593	5.6242	10.3786	5.2591	11.5032	11.3	11.9228	5.3263	11.1298	11.7503	12.5428
EA_G__FBP1	7.5216	5.2071	4.8652	9.4178	4.6472	9.2616	4.5261	4.8	4.8787	7.7114	7.8887	4.5754	5.8823	8.7709	5.6515	4.8183	4.6158	4.5283	7.404	4.6383	9.9041	10.3261	9.9083	4.6404	9.948	4.8766	9.9939	8.753	6.105	8.9461	4.7417	7.7847	4.8368	9.9019	7.8951	8.5676	8.2741	9.6585	9.9927	8.1147
EA_G__RAB25	10.8666	10.4334	10.1003	9.9079	3.8607	10.7159	9.6031	10.1822	3.6389	9.7437	9.4452	6.1522	9.1054	10.0308	9.6647	10.1648	9.5767	3.8849	10.5599	3.9126	10.2002	10.0905	9.4475	3.7434	11.0147	4.0552	9.3272	9.9948	9.7709	10.1201	4.0278	9.2791	4.5403	10.7285	10.0699	10.2789	10.6313	10.6547	10.5913	10.6589
EA_G__TC2N	8.5979	9.0717	6.9775	9.3938	3.3223	8.2578	6.9443	9.7443	3.7734	8.8806	7.6394	5.7542	7.1173	6.7638	7.7872	8.4157	6.5571	2.5474	7.8365	3.1031	7.5099	7.5506	7.6286	3.4834	8.7449	4.5382	8.6498	8.2854	8.3271	8.4929	3.1594	6.1981	2.9353	9.1398	8.8122	7.8362	8.1402	8.2774	9.4791	8.1944
EA_G__CPT1A	10.0084	9.7015	7.5302	9.5527	8.3415	9.4435	8.2157	5.0064	7.7151	8.4611	7.485	8.2409	8.9857	8.4221	8.6628	8.8196	7.7552	7.8873	7.7419	7.9604	9.2672	9.1785	10.0054	7.8197	10.1675	7.996	9.5613	10.951	7.5483	9.4049	7.9403	8.8719	6.8117	7.7292	8.7383	10.2412	9.7116	9.142	9.6458	9.9982
EA_G__TMPRSS3	9.8081	6.2517	4.6731	6.3099	4.3753	6.8658	4.1635	5.2231	4.4602	5.3789	6.8408	4.6199	4.668	6.3221	5.0635	6.0278	6.1435	4.2958	7.1903	3.9978	5.25	4.758	4.0896	4.7685	7.5031	4.1056	7.4917	9.4186	4.7655	5.2652	4.5343	9.1125	4.5138	7.2599	7.5815	7.0602	5.4646	7.505	4.7394	4.7502
EA_G__PDCD4	8.7451	7.2221	4.9274	9.1525	6.9065	9.7468	6.4642	9.1019	7.7495	8.5973	10.2921	6.4907	5.6176	6.6294	5.985	8.9419	5.47	6.8651	7.9542	5.877	8.1806	7.8868	8.306	6.0254	8.0429	8.695	9.6332	10.4832	8.1844	6.4457	7.2904	6.741	5.8866	7.7702	8.4289	7.9408	8.9593	9.1703	10.8018	10.2493
EA_G__SPNS2	9.8805	9.969	8.6701	8.4662	6.8191	7.0283	7.5126	9.9317	6.8229	11.6553	7.2706	6.8292	7.4192	7.6798	7.3562	10.0962	8.1059	6.6545	9.2274	6.7099	8.0606	7.5755	7.2118	7.0562	8.216	6.6837	7.9393	7.0477	8.1117	10.6069	6.7323	6.8803	6.9207	9.4183	9.1181	9.2715	8.6209	9.1067	8.3499	7.8089
EA_G__MYB	6.4454	7.3833	5.8315	7.7499	5.0163	7.364	5.9692	6.8993	5.1898	8.3839	7.6386	5.2504	4.5412	5.2464	5.6456	8.0208	5.3536	4.5154	5.93	5.8028	7.1808	8.0709	7.0712	4.4789	6.9476	5.6926	8.6746	7.4365	7.2492	6.6892	4.7019	5.5426	4.7383	6.1985	6.1338	6.9719	6.8456	7.1594	6.537	7.2111
EA_G__LOC124220	8.934	7.4736	6.5045	8.0215	5.4055	8.8675	5.9469	5.7857	5.9124	7.9883	7.6471	5.8141	6.6156	6.0411	5.8713	7.8574	5.7468	5.5707	7.5995	6.7221	8.0322	7.9345	8.4762	5.7493	7.8782	7.1355	9.1801	8.6759	7.6816	7.9156	6.0924	6.2257	6.4568	6.7771	7.0487	8.2349	8.0054	8.3906	7.3629	7.7702
EA_G__YIPF1	8.1538	8.0855	7.1149	8.3387	7.2018	7.6327	6.9169	7.4989	7.0897	8.6056	7.8128	7.3801	6.5796	6.9075	7.2824	7.7843	7.0031	6.9285	7.6619	7.4184	7.168	7.7474	7.5846	7.1724	7.4127	7.3375	8.7118	8.8558	7.7027	8.1777	7.4907	7.4336	7.036	8.3011	8.8785	7.9406	8.1006	8.0957	8.5275	8.1699
EA_G__AGPS	8.9363	4.5517	9.653	7.2311	8.6021	7.7053	9.7677	7.5441	8.9797	8.0721	7.7352	8.2133	10.1761	9.4607	8.6283	8.5532	9.0848	9.1475	8.4572	9.3307	3.0191	3.3336	8.3692	9.0361	7.3817	9.4937	5.9847	8.784	6.8236	5.0358	9.7549	8.9906	9.4369	8.3386	7.3149	7.8151	3.4863	7.9964	4.0977	5.1068
EA_G__METTL7A	6.6212	6.9604	6.7362	7.0326	4.438	7.0951	4.6015	6.7344	4.7987	6.5581	7.3135	5.4968	4.9351	6.486	5.4707	7.305	6.3376	5.6256	7.1115	4.6054	5.9996	5.7336	7.5801	4.9239	7.1558	4.5007	8.7566	8.0203	6.7689	7.6197	4.517	6.9958	6.3483	5.7368	6.5321	8.0299	7.8142	6.044	7.2418	6.1952
EA_G__RORC	7.6294	7.8594	5.6786	7.0519	5.514	5.6777	5.6198	6.0853	5.5107	7.422	7.2508	5.5734	5.5397	5.5921	6.1229	6.9352	5.5364	5.4595	8.2631	5.482	6.6938	7.2834	6.8486	5.1718	7.0259	5.7918	5.6745	5.7574	6.3865	6.4728	5.2525	6.2949	5.6901	7.2421	6.84	6.987	6.9613	8.9875	7.1181	6.3763
EA_G__COL4A1	5.2274	5.1752	5.7736	5.0845	8.4977	5.0007	7.7123	5.163	7.1576	4.8711	4.8859	6.8901	7.6945	6.6224	5.5455	5.3043	8.5407	8.3695	5.3973	9.1832	5.3929	5.3075	5.1744	10.8621	5.4841	6.5621	5.0616	4.8149	5.8907	5.2895	5.8097	6.7643	5.719	5.1567	5.4451	5.4895	5.3269	5.26	5.2465	5.1624
EA_G__MALT1	6.1856	6.8006	6.8844	6.6217	8.5624	6.7858	8.3258	5.7342	6.901	6.3425	6.2349	6.6303	6.5109	6.7436	7.3168	5.518	6.689	9.3823	6.2279	7.8265	5.7846	5.3337	5.8366	7.5889	5.4144	6.8856	6.1808	4.8845	5.9347	6.6455	7.5106	7.3724	7.5651	7.0666	5.7784	5.2207	6.0642	6.4532	7.0325	6.5848
EA_G__TNFRSF10D	5.7276	4.8208	5.2505	5.3309	5.2122	4.9865	9.4386	6.0713	4.6306	4.9172	5.1315	7.0982	8.2606	6.855	6.3335	5.0042	9.7195	8.7209	5.5037	10.295	5.3911	5.5728	5.0353	7.8567	5.239	9.9193	4.9642	4.8413	6.2061	5.1046	8.6491	5.4883	8.8688	5.4891	7.3926	5.5695	5.3514	5.244	7.0936	5.5706
EA_G__EPB41L2	6.6357	3.5196	8.5143	5.0152	7.2057	6.1864	8.2547	6.4645	8.3694	7.0403	4.1389	9.0062	5.5827	6.685	7.1446	4.8245	8.3567	8.2745	3.269	8.2875	4.9766	7.0896	7.6184	7.2073	4.4167	8.3392	5.3878	8.5821	5.747	3.4058	8.1063	7.0184	7.3074	6.9073	4.428	6.6847	5.489	5.5184	3.3655	5.0117
EA_G__RANBP6	6.6269	7.2074	8.1489	6.783	7.8091	8.3597	7.9058	8.2699	8.9775	7.2594	6.7298	7.6135	7.3862	8.1739	10.2783	5.8212	8.8739	9.8342	8.111	8.6086	7.0049	7.0682	8.1898	8.1927	7.1919	7.9168	6.69	7.5771	6.6933	6.9985	6.4378	7.8482	8.4859	8.4586	6.8172	7.0878	7.7893	7.204	7.4285	7.6502
EA_G__ACSL4	3.8905	3.2437	6.8678	3.2175	8.1981	3.93	5.8474	4.9921	7.8339	3.2795	4.7223	6.0223	5.4391	5.9242	7.1514	3.2448	6.4566	7.5506	6.3064	7.7862	4.3467	3.4318	4.0505	6.5727	4.394	8.0383	3.8174	6.3426	4.0514	3.2697	7.359	6.9283	7.5937	6.0038	3.4226	5.8348	4.7256	3.5077	3.3705	5.1109
EA_G__SELENBP1	9.3821	11.1376	7.9104	9.1265	5.4145	10.1056	5.6859	8.0894	8.1306	9.097	8.0519	8.1768	5.6338	7.0976	7.4304	10.3951	5.9801	5.5176	9.058	5.8776	8.4871	10.0174	9.0404	5.6347	8.8152	7.434	9.528	10.4363	10.1032	10.6142	5.3724	6.0275	6.422	9.7696	9.591	9.8577	8.6891	10.0604	10.8426	9.9875
EA_G__C20orf54	7.8454	7.0549	7.58	8.7599	4.561	7.0352	7.1855	6.3617	4.0836	7.3675	5.81	5.7621	7.1471	7.8136	6.9528	8.6817	6.6259	4.5418	9.0217	4.4105	5.525	5.5658	7.5515	4.7941	9.2928	5.1877	8.0301	7.9836	7.323	7.5251	5.0305	5.8399	4.8263	8.2048	7.281	7.4639	8.2019	7.7561	8.9315	7.757
EA_G__SLC44A4	11.6736	6.0217	5.1742	6.4575	5.1744	5.8406	5.1784	5.4359	5.1851	5.2161	5.3873	5.2039	5.4683	5.0755	5.4196	9.9478	5.5018	5.1499	6.7549	5.1958	5.7664	5.7798	8.0796	5.3333	8.6219	5.4313	5.9026	11.0876	7.5139	7.3705	5.4841	5.7716	5.4328	11.6179	5.6014	6.6319	5.8825	6.0667	10.1028	9.7302
EA_G__CACNA1D	5.1325	7.7334	5.8969	6.4883	4.3929	5.9883	5.0697	5.9576	4.3872	7.9984	8.2401	5.3635	4.4459	4.8797	4.8552	7.7626	4.6953	4.4363	5.9109	4.1169	6.6581	6.2977	6.8725	4.2473	7.3781	4.4991	6.9919	6.4139	7.5077	7.7938	4.5576	4.5211	4.5248	5.9556	6.0469	7.638	6.6987	6.9375	7.5353	5.8883
EA_G__XBP1	11.283	10.9214	8.6686	11.4285	8.6723	11.3432	8.5408	9.0517	9.4895	11.6752	10.8517	8.688	9.1233	8.734	9.1933	11.2423	8.6586	8.207	9.7409	8.5637	10.908	11.5332	11.3709	8.4505	11.6948	8.6487	11.8604	11.6993	11.4718	10.6695	8.502	8.3625	9.0461	11.0474	11.1889	11.1636	10.9799	11.4501	11.6409	11.6006
EA_G__SPDEF	9.8828	10.1908	7.4018	10.7931	5.6685	11.013	5.9359	6.1425	5.7703	10.7443	9.8237	6.0475	6.0136	6.4407	7.5494	10.0929	6.9762	5.6718	6.3194	5.7139	10.0469	10.246	9.7584	5.6466	10.4039	7.0764	10.5661	10.3098	10.5877	10.0553	6.1331	6.4231	5.9152	10.0886	9.922	10.6581	9.6624	10.226	11.1169	10.8329
EA_G__LLGL2	9.3921	8.6915	7.7394	9.2172	6.2317	8.8119	8.2638	8.0503	6.7246	8.8674	9.3444	7.2747	7.7949	7.7966	7.8608	8.3801	7.9179	6.2965	8.1822	6.0368	9.5561	9.9449	8.5159	6.5672	8.6457	6.5173	10.4167	8.8447	9.2616	9.2767	6.1906	7.5902	6.2778	8.6172	8.4538	8.1435	8.5877	8.313	9.276	9.4724
EA_G__GPD1L	7.1581	8.4613	5.3985	8.9161	6.4188	7.7827	6.2488	5.9624	6.2165	8.38	7.4073	6.0314	6.2961	6.7928	7.0246	9.6036	7.1174	6.939	6.6889	6.1596	8.6801	8.5606	7.1846	6.3214	7.8672	6.7807	8.9259	7.8841	8.5556	8.1451	6.377	7.0466	7.118	8.1813	7.3485	8.142	7.77	7.872	8.385	7.5835
EA_G__C4orf34	8.8336	7.5189	6.7831	9.2875	5.2272	9.1582	4.721	5.3837	8.1851	9.7532	7.4229	7.588	5.1128	6.5668	7.6648	9.1999	5.4193	6.848	8.0783	6.629	8.3072	8.1002	9.1603	6.5726	8.8801	5.1194	9.9662	9.103	8.0987	7.3907	8.1597	7.0955	5.3506	8.451	9.2518	9.4196	8.058	8.6313	9.0896	8.1182
EA_G__KIAA0984	6.3444	8.4452	5.9705	8.8413	4.2138	7.8078	6.3599	4.2813	4.2274	8.9468	6.8133	5.1804	6.9557	5.9346	6.8	8.0653	6.409	4.0248	5.8291	3.668	8.2604	8.3418	5.4775	4.4505	7.3813	5.864	7.8929	7.1228	7.3149	7.8815	4.4008	6.0266	3.9297	7.968	7.0509	6.4222	7.4861	8.208	8.3521	8.0007
EA_G__FSTL3	6.2606	6.7712	7.4701	6.6243	8.29	6.6981	7.3862	6.3513	6.9988	6.7904	6.481	7.0656	7.7062	6.8675	6.8262	6.3215	7.57	7.4797	6.2131	8.9828	7.7468	7.4046	6.4834	9.5208	6.8041	7.4653	6.6931	5.9216	7.1502	7.1409	7.4427	8.0244	8.7911	6.6813	7.3778	6.5094	6.7341	6.7612	6.8778	7.3586
EA_G__EDARADD	6.0612	6.1693	4.8408	6.7034	5.2139	5.4741	4.8861	5.7205	4.9636	5.558	5.9031	5.6679	7.6485	7.1277	4.9895	9.7576	5.308	5.2763	4.9989	5.3651	6.5377	6.8792	6.7378	5.8785	7.3308	4.8031	6.4493	7.5426	6.4147	6.3641	5.0378	6.1074	5.3734	4.704	6.2779	8.6739	7.0946	6.762	6.6416	5.3495
EA_G__CD44	5.0643	6.221	10.4901	5.8402	9.4203	5.0229	11.129	6.7431	8.6542	5.9841	8.2408	10.1261	11.6066	10.3665	10.8891	6.5189	10.2825	8.6214	8.932	10.7718	5.0212	5.5111	8.1534	9.6122	6.1197	8.8998	8.3912	8.3341	5.0009	5.3355	9.4761	9.5375	9.1489	4.4169	9.289	4.2538	7.4487	7.7525	7.9545	4.4431
EA_G__ETS1	3.8667	4.805	5.9815	3.8221	9.1987	3.7611	9.7835	5.4674	8.8179	3.5174	3.7092	9.0214	8.4312	8.6336	7.6481	4.2609	8.9186	6.6496	6.1098	7.8626	4.2242	4.1251	3.6311	8.5584	3.7782	8.8462	3.44	3.778	4.6855	4.7509	7.741	7.9709	8.314	4.3718	5.9158	4.288	4.0329	3.9583	4.1234	3.7159
EA_G__ELF5	4.2981	5.8202	4.2489	7.3218	4.3044	4.9445	5.2392	9.8355	4.3338	6.7358	7.7811	4.6943	4.4652	6.239	4.271	7.4263	5.3967	4.094	4.411	4.0815	6.4913	6.7385	4.4565	4.0654	7.7369	4.2349	6.8165	4.3561	4.6392	6.1555	4.6482	4.6594	4.1047	8.7989	7.3541	5.8785	8.5803	7.339	5.3151	6.8873
EA_G__KLF6	8.7243	6.8794	6.9784	7.7831	8.7483	8.4806	9.7852	8.0524	7.7242	6.8614	7.7285	7.477	7.8185	7.554	8.3736	7.7119	8.1123	8.1562	8.3758	8.9625	6.4859	6.1177	8.6016	8.4701	6.786	7.631	7.6206	7.3374	7.12	7.1219	9.565	7.6361	9.1098	7.3667	7.9498	6.2908	6.5741	6.8629	7.392	8.3775
EA_G__ROR1	5.1251	5.3372	7.9662	5.2175	6.5973	5.439	7.28	10.4317	8.9012	4.743	5.6664	5.7236	6.7942	8.3774	7.9003	4.7319	7.7308	6.1285	7.9918	9.5253	5.5238	5.0728	7.0798	7.725	5.7081	9.3852	4.8051	6.7134	5.6738	5.391	5.9191	7.2763	8.7107	5.8718	6.3405	6.0622	5.2006	5.3266	4.955	5.4154
EA_G__AGR2	10.388	9.9764	3.2404	10.5253	3.1745	6.0439	3.5567	3.1734	3.3399	10.6695	6.7701	3.4557	6.1162	5.8644	7.6477	10.1249	3.6198	3.3258	5.9674	3.3756	6.4972	9.3306	6.4599	3.0206	10.5625	5.2088	9.6312	11.0565	8.4022	8.7004	3.9941	5.3017	3.7281	11.9063	10.5448	10.4962	10.2239	11.303	8.8069	8.6101
EA_G__COL4A2	6.36	6.061	6.9582	5.9927	9.1358	5.6938	8.5657	5.8659	8.1435	5.706	5.736	8.5431	8.8082	7.6081	6.3498	6.3447	9.6397	9.1724	6.1702	9.4784	6.189	6.2593	5.9015	11.3453	6.2475	7.8284	5.8093	5.7943	6.9666	6.5292	6.5386	8.0359	6.3432	6.0159	6.3401	6.3543	6.1933	5.9988	6.2438	5.8257
EA_G__ATP6V1B1	8.431	8.806	5.902	7.3183	5.9325	5.7772	6.4595	6.2043	6.3031	6.1353	9.5806	6.3115	6.287	6.7994	6.0559	9.4686	6.157	6.0111	9.3752	5.722	6.8148	6.4098	8.1139	5.9892	6.9745	5.9529	7.875	9.1033	6.5552	8.2919	6.0271	7.2476	6.1054	7.2345	8.1543	6.8779	6.3264	7.0163	6.1973	6.1065
EA_G__MUCL1	9.7015	9.6708	5.4032	11.9418	4.8957	8.9223	4.5051	8.786	4.9442	8.2638	6.8099	4.7529	4.7936	4.5822	5.1223	8.4609	4.7998	4.6962	4.8549	4.861	6.192	7.9264	7.538	4.9978	10.2647	4.8186	11.1491	8.2536	10.2257	5.8615	6.5654	5.2871	4.4087	5.4239	12.5835	9.5991	5.3747	11.7143	10.7729	5.1542
EA_G__ABCA12	4.3109	7.364	7.1095	6.8238	3.3572	3.9202	3.4709	3.3851	3.4184	8.1267	8.8693	3.3669	5.5671	6.1363	6.2983	6.998	4.6112	3.2091	5.7931	3.2291	6.2715	9.5323	4.7044	3.1101	6.8836	3.3908	10.1166	5.9646	7.5299	8.0032	3.6763	5.1243	3.733	6.1352	9.0577	7.3809	7.9179	9.511	9.895	8.4165
EA_G__C19orf21	9.6189	9.4483	8.9019	8.7564	5.9232	8.5724	8.5302	5.5468	5.8788	9.3517	5.2243	6.8438	8.0179	8.5636	8.8702	9.7186	5.4781	5.5555	6.6279	5.5706	8.7843	8.5778	8.8654	5.7745	9.6936	7.9411	8.8758	8.9668	6.591	9.9506	5.9944	6.0195	5.6263	8.618	7.5417	8.3524	7.9338	8.3996	8.8792	9.0596
EA_G__ALDH4A1	6.6137	7.563	7.3057	9.6464	6.4231	8.4263	6.2446	7.1993	6.1997	8.3781	7.28	7.0017	6.8621	7.236	7.2316	8.1332	6.577	6.5174	8.276	6.5183	7.8706	7.9981	7.9767	6.5559	8.9964	6.44	8.6197	7.9773	10.1902	8.6634	6.6103	6.757	6.4059	8.2904	6.8675	7.3929	8.1326	7.6348	9.4543	7.8978
EA_G__FAM120C	6.734	6.9119	6.4205	6.9027	7.5805	6.9332	6.2679	8.4703	6.4023	7.0268	6.7884	6.3034	5.144	5.782	7.0889	7.8624	4.9352	6.3925	6.2466	6.2966	7.8199	7.3178	6.909	6.2234	7.9999	6.1857	6.9862	6.9113	7.2472	7.2245	5.878	6.9624	6.042	6.8034	6.3654	6.0982	7.9788	7.8176	7.9865	7.5028
EA_G__EFHD1	9.6927	10.4897	6.7838	10.8877	6.4363	11.3552	8.4531	10.9246	7.5588	10.9769	10.5969	8.0806	6.5687	7.1335	7.0749	10.7681	8.1233	6.512	6.812	6.1904	7.6784	9.8691	9.5217	6.8011	10.6784	7.1188	10.1568	10.3331	10.1827	10.9819	6.6063	7.3525	6.5382	10.5168	10.3753	10.2061	10.8369	10.3846	11.0058	9.4912
EA_G__C1orf106	9.1783	7.6581	6.8747	6.0784	5.4879	5.6203	6.0007	8.2173	5.3896	6.9857	6.0968	7.9856	7.0319	7.718	7.5064	8.2185	7.3373	5.8561	8.145	5.1319	6.0339	5.5105	5.2071	5.0412	7.9015	6.0522	6.4293	7.5807	6.6293	8.2673	5.2901	7.0118	5.4937	7.2321	5.8293	8.3952	7.1907	6.4185	7.3009	6.7258
EA_G__BAG2	3.8525	4.3299	5.1524	3.8546	7.7073	3.4446	6.687	6.4005	6.3219	6.2911	4.5582	8.1386	7.9545	7.1173	6.8822	4.381	6.3286	7.4399	6.2299	7.9982	5.0232	5.4682	4.334	7.5584	3.3871	8.1211	5.4731	4.2242	4.7056	4.5241	8.2828	6.9224	8.5168	5.2833	6.1298	3.6269	5.8246	5.7192	3.7646	3.4296
EA_G__RERG	6.304	5.7883	5.1813	7.0617	6.9909	7.1023	5.2465	9.1777	6.389	7.4429	6.875	3.3728	3.7	7.0141	4.2244	8.5667	3.7031	3.7498	8.8424	4.2458	5.4949	7.6464	9.2628	4.9248	6.5258	3.7492	8.2545	7.997	5.7481	4.6398	3.8895	7.7126	3.8277	7.7315	6.8926	4.3393	7.2201	6.6304	6.0999	6.942
EA_G__ESR1	7.8103	5.949	6.0559	7.1801	5.6039	8.4071	5.601	5.7796	5.8403	7.5436	9.7789	5.8332	6.1272	6.5118	5.9623	6.2441	5.6586	5.4846	6.0553	5.6479	8.4338	8.7397	9.4422	5.3713	6.9678	5.413	8.6907	8.0188	6.1198	5.8501	5.7046	5.9209	5.8721	5.7063	6.0028	7.9154	8.6844	8.1235	6.081	8.4263
EA_G__CXorf6	4.6909	4.703	6.0288	5.4679	8.3684	4.5585	5.4825	6.7759	5.7365	4.5194	4.6782	6.0019	5.1329	5.4703	7.0092	4.9661	6.908	5.1928	6.5742	7.0185	5.8373	5.9203	7.2788	7.3823	5.2577	7.3093	5.8459	4.8433	6.0344	4.9336	6.8324	6.1706	6.6113	5.2559	6.9658	5.3975	4.9226	5.3042	4.7027	5.0711
EA_G__HIG2	7.7193	10.3182	7.6916	9.7982	7.1806	8.8925	6.8114	9.2443	7.6533	8.9429	8.8777	8.7612	7.0476	7.034	6.886	9.728	7.6702	6.7164	7.1713	7.7054	9.4173	8.7386	7.9982	7.3557	9.539	7.2633	9.5566	8.4201	8.6189	9.6608	7.134	7.2611	7.6784	8.9239	8.0475	8.4674	9.1108	7.9012	8.5845	8.2687
EA_G__AXL	5.6804	5.1611	5.4463	5.4209	10.2739	5.2109	9.8631	5.2949	9.4468	5.1746	4.9087	5.3032	6.6145	8.9208	6.9786	5.6583	8.6491	9.9664	5.4233	11.2512	5.5361	5.534	6.7552	9.689	6.5073	11.0247	5.0726	5.1294	6.1472	5.743	9.8877	7.8036	9.9992	5.5417	5.5984	5.7637	5.5023	5.4593	5.4104	5.3293
EA_G__SLC39A11	8.0039	7.6914	6.4328	7.5502	6.5108	9.2791	6.8888	6.8928	7.3307	7.5156	8.6527	7.168	6.3672	7.0764	7.36	8.1172	7.0266	7.0961	7.8446	6.3549	7.9397	7.9691	7.1896	7.3801	8.435	6.5379	7.9556	9.0344	6.4632	8.3686	7.2705	6.1905	6.1289	7.8538	8.5277	6.7183	7.9721	9.1536	9.6432	8.6471
EA_G__DOPEY2	8.2239	7.9457	6.5423	8.2781	6.7292	6.8553	6.4959	7.261	5.4701	8.972	8.176	5.1726	5.2203	5.5628	6.4086	8.0014	5.6175	5.1986	6.0869	5.9919	7.9673	7.5194	7.1617	6.3299	8.384	5.0722	7.8844	7.5647	7.2843	7.5263	6.4388	5.1658	5.6352	8.4635	7.2463	8.5448	7.6241	7.9335	7.2307	6.2296
EA_G__MPP1	4.6323	4.6149	5.5659	4.1933	7.3661	5.2864	5.9491	6.1238	6.5432	4.0628	4.851	6.9422	6.5674	5.376	4.4365	5.2199	6.7918	7.3067	4.5936	7.6194	4.6365	4.6134	6.1798	8.3037	5.8638	7.4557	4.1565	6.2867	6.0077	4.7191	7.4905	6.8069	8.2609	5.4014	4.4879	6.8111	6.0661	4.9223	4.6406	4.793
EA_G__STEAP4	8.7208	8.8261	8.2268	3.6065	3.5677	3.5754	4.1022	7.0677	3.6997	6.8604	5.1387	3.3645	3.6121	8.0281	9.744	3.9855	4.4083	3.3684	9.233	3.3895	4.1094	4.5633	3.5896	3.4877	7.5717	3.6511	3.6823	8.3019	4.0973	6.8116	4.0102	10.6528	4.3021	3.5768	9.1109	3.8375	5.9035	4.1422	4.1833	4.1754
EA_G__TMEM63A	10.3392	9.9042	8.8139	9.2252	7.9009	8.9321	8.0876	8.6713	7.8552	9.8166	7.6708	8.6227	8.3271	8.8127	8.4558	9.0724	8.6764	7.9149	9.794	7.6274	8.0926	8.3874	8.1943	8.1384	10.2093	7.9491	9.2452	9.2999	9.5319	9.8231	7.2609	9.6586	7.7197	9.4813	9.5874	9.3064	8.91	8.3396	8.9229	8.1762
EA_G__CDH2	4.0251	4.0411	3.9336	6.1279	9.8299	4.4929	10.0761	7.0983	9.3912	3.6812	4.1157	6.1737	6.6884	3.977	4.3982	4.3469	9.5028	11.0385	4.1055	10.6677	4.2581	4.3672	8.5006	9.341	5.4302	4.6632	9.0445	4.2375	5.3076	4.4986	6.1511	7.001	10.2831	6.7609	4.2568	4.0943	4.3249	5.1323	5.1626	5.225
EA_G__GPR160	6.7527	6.9782	5.0229	8.0657	3.3556	7.1076	4.229	4.4657	2.9609	9.3959	7.726	4.058	3.7191	5.921	4.7387	6.9804	4.7694	3.446	5.8982	3.5785	7.7744	7.445	7.3926	2.9737	8.141	4.3088	7.3759	8.3753	7.7969	7.1789	2.9307	3.3042	3.8572	7.0867	5.9659	8.1528	7.8124	7.3001	7.6953	7.3985
EA_G__TRIP13	7.8157	8.1416	9.0187	8.2321	8.6364	8.1903	8.6113	8.0736	8.981	8.1179	7.9184	8.4456	8.9683	9.4647	11.0174	8.1894	8.5695	8.627	8.8367	8.9072	7.4412	7.6605	7.9539	8.9576	7.3297	8.199	7.7935	7.3926	7.5408	7.639	8.0686	7.5311	9.5113	8.3058	6.3098	7.6794	8.8534	7.6143	7.189	7.7185
EA_G__ANKH	4.7353	6.1321	8.0863	5.4319	7.5366	6.1278	8.4813	9.0894	8.5155	4.6888	6.49	7.8379	8.1721	8.2302	6.7129	5.1636	6.8831	6.3625	8.2345	8.8695	6.0957	5.1663	7.006	7.9234	5.9965	7.4819	6.675	4.8461	5.6252	6.0369	7.6275	6.1743	8.3735	7.4034	7.0396	7.2997	4.911	7.1822	5.0068	4.9094
EA_G__GPR176	5.2765	5.0352	5.7606	4.458	7.1887	6.8504	7.4156	4.6433	6.7334	4.2781	5.7714	5.2195	6.5779	6.6746	5.21	4.4455	6.8578	6.1532	4.8029	8.7365	5.2116	5.7415	6.1286	7.3208	5.634	4.5928	4.5879	4.3922	5.6259	5.0005	7.254	6.2727	8.3008	4.8269	4.2057	5.2999	6.1686	4.6943	4.4512	5.0169
EA_G__INHBA	4.4157	5.1581	8.1871	4.5395	8.8598	4.8232	7.3236	6.0828	7.322	4.2724	4.7245	4.8786	6.9908	6.3432	8.1192	4.7682	7.6801	5.3617	6.0516	8.9587	5.1789	4.9393	4.6262	8.3441	5.2086	5.4346	4.3707	4.4921	5.5462	5.3421	4.2383	8.171	4.7614	4.6445	5.0442	5.0919	5.2185	4.3351	4.6254	4.2807
EA_G__SERPINA1	8.4084	6.0914	5.1733	6.926	4.8651	4.5021	5.2038	4.6022	5.1433	4.7795	6.7707	5.5588	4.9026	5.508	4.7926	5.0654	5.4058	4.9145	5.1516	4.6727	5.6835	5.3772	4.9932	4.8065	5.1902	4.6721	8.3465	5.8342	5.5057	5.5763	4.8264	5.8225	5.1528	5.5648	6.2194	6.9738	8.3627	7.8604	7.3305	5.8752
EA_G__MSN	6.7845	5.5245	8.9289	4.0134	10.3783	4.1022	11.3117	10.2913	10.364	4.1309	7.0685	10.7693	10.103	9.5137	10.4191	4.4627	9.6207	10.8946	10.6461	10.7237	4.1429	4.7797	6.5085	10.1759	5.7957	10.8438	3.9279	8.4521	5.0086	4.469	10.7101	10.614	10.7822	3.9763	6.4413	4.674	4.3941	4.086	5.8385	7.8425
EA_G__RAPGEFL1	8.115	7.7646	6.1236	6.1232	5.978	6.5795	4.9558	6.0299	5.6241	5.6552	10.077	6.4717	5.3366	7.5171	5.0197	5.3794	5.4444	6.4008	6.1792	5.1847	7.0274	6.1289	8.0831	5.5754	7.4461	5.9926	5.5345	5.1585	5.0997	7.8168	5.8965	7.0462	5.6465	4.9533	5.2732	7.3086	7.7411	12.0503	6.1056	7.5132
EA_G__S100P	11.3731	10.1247	7.9615	7.2864	5.7465	5.557	6.9423	5.8348	5.7318	9.1996	5.8917	6.7804	6.0665	7.9226	7.2762	9.8817	8.8998	5.1913	7.8569	5.8489	7.6831	6.3119	5.3577	5.5392	9.0019	6.1748	6.4696	7.9889	5.8328	9.015	5.4877	8.6915	5.2488	9.6301	9.9677	9.2091	7.4099	6.8574	7.2725	9.0204
EA_G__HLA-DMA	7.7846	6.1096	7.2135	5.4969	5.3203	5.607	6.4711	6.846	7.1845	7.7241	6.4108	5.909	6.3016	6.3518	6.7919	7.7145	6.1954	5.1876	9.0448	5.6239	5.6223	6.1193	6.8527	5.948	7.0516	5.2159	6.1346	10.3753	6.3527	6.7923	6.9763	6.6222	5.739	6.4534	6.8265	7.3171	9.0091	6.8822	6.2863	5.5486
EA_G__GDPD3	7.8908	10.4052	6.3847	6.7364	5.6402	7.6914	4.9636	5.2361	5.4538	8.6563	5.6591	5.4878	5.9923	6.9928	6.7062	7.5969	5.7434	5.8015	6.0767	5.2536	7.5701	8.3603	5.6607	5.2069	7.7961	5.0645	6.1261	6.5886	6.0817	9.2665	4.9981	7.3888	5.4316	8.3237	5.3763	5.6547	5.3216	7.0946	6.1323	5.6659
EA_G__SNAI2	4.1699	3.7124	6.6607	3.6871	9.1313	3.88	6.4837	3.2197	8.7471	3.8197	3.4385	9.9938	8.7811	7.6103	8.0586	3.6267	5.6992	9.113	6.23	9.6167	3.8127	4.5304	3.9551	10.2171	6.415	6.0717	4.3797	4.0291	3.8604	3.2179	9.5792	6.7031	8.0848	4.5561	3.8284	5.6708	3.7912	4.4566	3.9037	4.1802
EA_G__FMNL2	4.0253	5.0374	5.7022	4.32	6.8369	4.8322	7.2053	7.5584	6.6338	4.2885	5.597	6.4228	6.6403	7.5557	7.599	6.2067	7.1766	7.6335	5.0551	6.8236	5.6056	5.0364	5.5033	6.5388	4.567	6.9875	4.9813	3.8189	4.6063	5.199	8.2269	6.307	6.8317	4.3607	6.313	5.0518	4.1588	5.4521	5.0902	4.4453
EA_G__7A5	10.3607	8.9896	8.1824	8.3314	3.2606	7.2942	7.6597	5.6095	3.7134	9.2592	6.5231	3.7622	8.2988	8.3687	9.8414	8.9054	8.2759	4.0236	9.6757	3.4441	6.8545	7.4974	5.2953	3.1486	9.6105	4.0122	7.6718	8.5499	7.1	8.7273	3.9994	6.9247	3.9668	7.1495	9.2352	7.0569	8.1383	9.6843	7.3096	9.2036
EA_G__OBFC2A	8.663	7.6101	9.2122	5.7752	8.0921	4.5264	8.1177	5.6774	8.5995	6.3325	5.6037	7.6901	9.0276	8.7656	8.7563	6.3893	8.8214	9.7788	7.8827	9.2412	6.4123	6.7442	5.6996	8.2834	6.6746	9.4543	5.5142	6.1973	6.3699	6.996	8.5565	8.4307	9.0169	7.7607	7.9834	6.1808	5.7689	6.4453	5.6546	6.4721
EA_G__BCAM	9.8674	8.5352	7.2259	9.581	6.2673	8.0224	7.1544	8.0057	6.9655	10.324	8.5515	6.7296	7.6049	7.9327	7.5802	8.0228	7.377	7.7845	6.7104	7.3065	8.3757	8.9779	9.6798	6.5678	9.3828	6.643	10.3764	9.5041	8.8674	9.7229	6.3302	7.3465	6.1911	10.1589	9.4881	10.6832	9.4485	8.6028	9.8222	7.872
EA_G__SYT12	6.5702	8.4842	7.2923	6.4667	5.6842	7.9997	5.3679	8.048	5.0011	5.5349	7.2782	6.3472	5.9473	6.3003	7.3051	8.2401	5.853	5.1824	7.0638	5.2108	8.037	7.7083	6.7108	5.4029	6.0574	5.6268	6.4297	7.8238	8.001	7.193	6.263	8.7831	5.9885	5.3229	6.7599	7.2041	6.3496	8.237	7.9768	6.5939
EA_G__ITGA3	10.2433	7.1625	10.7598	9.4809	9.988	7.9646	10.8488	6.3057	9.4156	8.263	9.152	5.7255	10.145	10.5788	10.1378	6.9766	10.3045	10.4508	9.1873	9.405	8.6618	8.6604	8.2649	10.2717	8.3754	10.0401	9.1213	8.7804	9.1269	7.8483	8.8705	9.4272	9.9778	7.6624	8.5305	8.3121	7.9009	7.8484	7.2278	7.4981
EA_G__ITGA6	6.7446	3.5983	8.8761	6.6671	7.6542	5.1661	9.2656	5.7846	8.5126	7.5573	5.6742	7.6857	10.5288	10.3204	8.9874	3.6557	8.6883	6.2079	7.0879	7.2968	4.2723	3.9472	7.6904	6.793	5.9178	8.1442	6.6046	8.5089	7.7496	4.1794	7.3789	8.221	8.2275	6.6701	9.4133	7.5001	6.7193	7.6797	6.882	4.358
EA_G__LEPRE1	6.6604	6.106	7.0872	6.4096	8.8094	6.5042	6.8624	8.5287	8.9158	6.903	7.1955	7.9912	6.5855	6.995	7.2352	6.9778	7.1388	8.5846	7.1597	8.3424	6.6356	6.827	7.2675	9.3727	6.8462	8.1582	6.7103	6.9469	7.0673	6.3158	9.2172	7.4327	8.3081	7.7253	6.9598	7.4537	6.4544	6.851	6.5327	6.3042
EA_G__C17orf28	9.3617	9.729	7.4386	9.6197	5.5952	9.5722	6.3666	6.9129	5.2734	10.3721	9.0304	5.4402	6.5831	7.025	7.3859	8.2773	7.1557	5.8027	7.1023	5.3634	9.1167	9.277	9.1052	5.3589	9.2435	6.1912	11.1353	8.8997	11.0475	9.6716	5.6045	6.3796	5.9321	9.479	9.5063	9.3071	9.6105	9.9773	10.4072	10.4021
EA_G__DSP	8.4184	8.5174	8.3555	9.7781	4.438	8.3945	8.8684	9.8838	4.326	9.484	6.301	8.4854	9.2614	9.8513	8.9699	10.249	9.2227	6.8289	9.9116	6.0849	9.2346	9.4662	10.0598	6.8075	8.9583	6.9698	9.1769	8.8104	5.5198	8.8651	4.3964	9.6506	5.7489	8.7123	9.5311	9.3918	9.3757	9.3323	9.2241	8.0323
EA_G__PHF8	7.432	7.4992	7.1941	8.277	7.2066	7.3436	7.0351	8.1385	6.6316	8.829	8.0481	7.5933	7.2677	6.7328	7.239	7.7279	6.3823	7.1054	6.4405	5.9305	7.6451	7.324	7.7133	7.3858	7.8437	6.9463	8.6278	7.5576	7.5714	7.3043	6.3657	7.0032	6.7677	7.1694	6.4064	7.9412	7.6525	7.6297	8.6022	7.9915
EA_G__CLDN4	9.5613	9.7004	8.4153	9.1411	5.3261	7.699	8.2254	9.351	4.9589	9.9183	9.0487	8.5706	7.9375	8.5209	9.5097	9.2804	7.8583	5.3519	9.8327	4.7374	9.318	8.7885	8.585	5.0731	9.9284	5.8818	9.0956	8.7312	8.1256	9.8194	5.5932	6.9152	5.0136	9.936	9.3751	7.8684	9.4915	8.5326	8.105	8.707
EA_G__LARGE	7.5776	7.6411	6.3724	8.2811	6.4327	9.2071	5.23	7.0295	7.4912	8.5957	8.6586	7.3338	5.688	5.8935	6.4137	9.0514	5.108	4.9343	7.5548	5.6162	8.0168	8.493	8.7988	6.9842	8.3543	5.0348	9.7924	7.8886	8.0502	7.5051	6.4651	5.3077	5.0334	7.6831	7.6621	6.5147	7.7088	8.4373	8.51	9.0378
EA_G__ELK3	6.214	5.7875	6.4343	5.0173	6.3793	6.0668	6.2242	5.6844	6.4943	6.0164	6.0869	6.0582	6.9747	5.8821	6.9185	4.5117	6.5217	6.7734	6.2157	7.2924	6.2209	5.6102	5.2898	6.1929	5.6212	8.1946	5.6704	5.4659	5.4923	6.0903	8.2677	6.319	8.0026	5.7072	5.567	5.9615	5.5961	5.5168	5.4524	5.4035
EA_G__FAM46C	7.2034	6.5679	5.0716	7.2736	4.4742	6.598	4.9588	8.1081	4.7892	7.1412	8.3311	4.2893	4.5706	4.9818	4.9152	7.3574	5.1651	5.1344	6.0986	4.6335	5.6979	7.4742	6.9553	4.5008	7.298	5.9973	6.2513	7.0994	4.7529	5.5045	4.2856	4.9044	4.4957	8.0851	5.8403	8.0227	5.1973	6.326	6.6373	5.9488
EA_G__SATB2	5.9807	4.9968	6.4479	5.0371	6.9835	5.111	6.2984	5.1495	4.9582	4.8519	5.0624	6.9973	6.531	5.6969	5.896	5.6052	6.2428	4.569	4.8822	7.8537	6.7478	7.0652	7.4869	7.5473	6.2936	8.8773	4.9597	4.3184	6.2106	5.1857	8.181	6.3682	6.9949	7.1939	5.2308	5.8839	5.813	6.8878	5.2493	5.8126
EA_G__DLG5	8.5367	8.2051	7.6128	7.6054	7.4257	7.389	7.1702	8.661	7.0411	7.5975	8.4243	6.8348	8.0736	7.2262	7.4377	7.5578	7.6163	7.1961	7.3677	6.5017	8.0798	8.3969	7.8307	7.1467	8.2111	7.1437	8.1074	8.0102	7.7634	8.54	7.7252	8.865	8.3913	8.8652	7.819	8.1331	8.281	7.9264	7.9025	10.8081
EA_G__TFF3	9.2227	5.933	5.6996	10.0034	5.7698	6.0317	5.2869	5.5149	5.2225	11.1718	9.6618	5.4121	5.8319	5.6036	5.5634	6.5691	5.6123	5.5181	5.8234	5.3069	7.253	7.5253	7.3798	5.1884	11.3167	5.6698	10.8538	8.3961	6.3143	6.2639	5.6818	5.5285	5.7962	10.7256	6.6908	7.1122	7.4428	11.8709	7.4014	9.3846
EA_G__GAS6	8.408	5.6822	6.3458	6.2495	8.7318	6.9574	8.0175	9.3997	8.2738	5.6314	8.2318	6.8698	9.5241	8.0954	7.6018	6.0168	7.7492	8.9542	6.1677	8.4841	6.3184	6.3637	6.9333	9.0093	7.2096	8.1029	6.1465	6.9816	6.629	6.2172	7.3513	9.7676	8.4195	6.3654	8.4263	6.6006	7.6072	6.1753	7.0646	7.1115
EA_G__PPM2C	6.8303	5.9722	7.7697	7.6728	8.6017	8.5499	9.1553	6.737	7.8162	10.0805	6.7368	7.5476	7.6749	8.7905	9.442	7.33	8.7959	6.844	8.9514	8.7395	7.4152	7.2127	7.1936	8.1894	7.0653	7.5908	7.1395	7.3435	7.4793	5.8525	8.2374	7.4353	7.6362	7.6471	8.0402	5.724	6.4073	7.4892	7.2866	7.1381
EA_G__HBEGF	5.9666	5.7872	5.8554	4.9068	9.3836	5.6136	5.5354	5.6776	5.656	4.9952	5.2972	5.4996	8.232	7.5528	5.0328	5.4704	6.2009	5.3934	5.9594	7.3717	5.279	5.3204	5.4978	6.9636	5.6472	9.1191	4.8683	5.0741	5.512	5.1797	6.7088	5.5459	7.5776	5.4672	6.9455	5.2866	5.6012	5.0115	5.3434	4.9792
EA_G__CYR61	8.1331	7.5718	8.3996	6.2582	10.1687	6.6562	8.8232	5.6125	7.8517	6.3522	6.707	7.4924	7.1965	9.2169	9.0015	7.3317	9.6694	10.232	7.091	10.623	6.3553	5.982	5.9694	8.6434	7.9536	11.0584	6.8937	6.6652	6.7454	8.1061	10.084	8.4031	9.4395	6.6971	7.8889	6.4717	6.9073	7.0874	6.1877	6.0361
EA_G__MSX2	6.8045	8.1552	8.1846	8.556	4.5258	6.4687	5.9997	4.0157	5.6296	7.036	6.6095	5.292	5.6895	6.9996	6.1556	7.6878	4.0973	4.9369	6.3673	5.7599	7.7093	7.9876	7.4694	5.264	7.6526	3.4874	9.12	6.9252	6.8015	7.9243	4.6827	4.2993	4.9965	6.2857	8.3848	8.6195	8.1859	7.9125	7.6505	6.284
EA_G__PPFIBP2	7.8433	6.5176	5.6898	8.685	5.3909	6.8131	5.2124	6.2853	5.3868	7.7925	5.6154	5.8536	4.9366	5.4374	5.497	7.7047	5.6356	5.98	5.7397	4.7978	6.5585	6.3397	6.9949	4.0523	8.1624	5.0389	7.4755	8.9514	7.7945	6.9673	5.7632	5.0592	4.8184	8.3164	7.5942	7.3962	6.0261	6.8366	6.9521	5.8403
EA_G__ERBB3	9.6684	9.5479	7.8567	9.4394	4.3498	9.8292	7.4364	7.8742	4.4095	10.05	9.2441	9.4138	7.239	7.3572	7.9625	9.7082	7.3935	4.2979	8.8706	4.0683	9.4649	9.439	9.5575	3.9776	9.4408	4.5784	9.6653	10.1482	9.5168	9.1277	4.1238	6.8843	4.2234	9.5831	8.8726	9.2288	9.7254	9.7608	9.5803	9.1455
EA_G__TSPAN12	8.1459	4.8065	5.8963	7.7101	4.3818	4.2948	4.7016	6.0141	4.4727	8.3821	5.7973	5.0621	5.3798	4.4833	5.7382	8.3077	6.0146	4.17	5.5669	4.8314	5.1698	5.8543	4.838	4.91	10.0466	6.9227	8.0057	8.1337	5.1424	5.347	5.4176	6.1065	4.1776	9.0237	6.801	6.3377	6.1741	6.5665	5.9616	6.0829
EA_G__STS-1	5.2033	5.2244	9.0503	4.6973	5.8729	4.6605	8.0688	5.1083	7.3136	4.7549	4.4609	7.6737	8.3529	8.4559	8.6415	5.1812	8.8066	7.7323	7.8819	8.4816	5.1073	5.0474	4.5253	5.032	5.6294	7.8078	5.5263	4.3696	5.545	5.6356	5.6818	6.8601	7.5785	7.1292	6.3024	5.5028	5.2742	4.7396	5.0443	5.2837
EA_G__COTL1	5.9198	7.0348	10.274	6.6603	8.8765	6.1352	8.5549	7.4247	8.4905	6.565	7.2202	7.2821	9.2408	9.7896	9.7695	6.8316	9.2709	9.1656	9.3668	8.8264	7.2009	7.0144	6.3387	7.8644	6.9472	8.3797	6.4174	5.9237	7.2764	7.4072	7.7958	7.976	9.0746	6.9195	7.4659	7.2679	7.4007	7.0112	6.5166	6.9788
EA_G__UPP1	5.4549	6.1015	7.1467	5.448	6.6737	5.1357	6.9823	5.3696	6.6838	4.889	5.2305	5.3407	7.4135	7.397	7.9997	5.3149	6.9028	6.8339	6.2895	6.4335	5.6169	5.127	5.3567	6.8378	5.5727	6.9034	4.8709	5.1442	5.3505	5.686	7.1274	6.5287	6.8426	5.5523	7.256	5.5613	5.6237	5.6119	5.0034	5.0762
EA_G__PAK1	9.811	5.7876	7.5725	6.1028	7.2208	5.7292	6.8378	6.3034	7.3413	4.2157	6.4608	7.7411	8.7149	6.9446	7.451	6.1986	7.7684	7.6308	7.6557	7.5158	4.6218	6.0492	11.1391	7.7746	7.3823	7.5296	6.4291	6.8502	6.2824	5.2566	5.7809	7.3487	7.6047	7.2088	7.9232	9.3218	7.9048	7.2703	6.7669	6.197
EA_G__CNN3	8.4208	5.6037	8.51	7.712	9.0177	9.2162	8.9063	8.3886	8.6155	9.2855	7.7128	8.5625	7.7239	9.4372	9.1471	7.7323	9.3889	9.7847	9.7946	9.0441	4.2049	3.5971	9.1817	9.392	8.0108	9.5909	8.2272	9.1239	9.3042	7.601	9.0462	8.283	8.3459	8.3036	8.8179	8.6341	8.8297	7.4936	8.3843	4.7103
EA_G__IMPA1	6.2638	5.64	6.5029	6.7796	8.5002	7.0914	8.1413	6.4712	8.0437	10.1349	7.6023	7.4605	7.4336	7.2358	7.1067	6.3577	7.343	9.2356	6.7086	8.7102	6.2201	6.475	7.7587	8.1433	6.6791	8.6678	6.847	6.3373	6.3375	5.9252	7.897	7.4781	8.082	6.392	7.3375	7.6818	7.4752	6.9355	7.3998	7.6444
EA_G__GPR81	4.9668	6.0516	3.5022	7.939	3.5141	6.9006	2.868	3.5631	3.7151	8.6916	6.629	4.3242	6.9887	7.1222	5.8908	7.3637	3.5687	5.2175	4.6384	2.9743	7.6206	7.1395	6.8412	3.373	8.2863	4.1802	8.6643	7.4676	6.8526	6.064	3.7546	3.8905	2.7273	7.8144	4.8618	5.8669	6.462	5.8118	6.8539	6.1376
EA_G__TMC5	8.6421	6.9145	6.7603	8.3275	4.1477	4.4891	4.8611	5.9953	4.1582	7.3579	4.1254	4.0837	5.6135	6.3803	7.7465	6.8626	4.5594	4.2029	6.964	4.1799	4.8592	5.0648	4.0745	4.0229	5.5938	4.2583	5.2922	8.1657	6.1833	6.1085	4.3188	5.4765	4.0282	7.1972	7.0375	6.6136	4.9861	5.6506	4.7505	4.2989
EA_G__FOXA1	9.78	9.0384	8.3542	10.3303	5.7805	10.2446	6.6946	6.2072	5.6298	10.1068	9.1466	5.6115	7.0308	7.1831	8.5271	9.8686	7.3927	5.4563	7.5836	5.5995	9.5923	9.8998	10.0039	5.6855	9.643	6.0524	10.1447	9.4248	10.0194	8.8238	6.1961	6.457	6.1073	9.5103	9.6063	9.8896	9.6996	9.7959	10.3109	10.1618
EA_G__OSMR	7.3804	4.082	9.4472	5.802	9.497	7.2103	7.7341	7.646	9.3854	7.0832	7.2204	9.4997	8.1243	8.2112	9.4281	3.9004	8.415	7.5476	9.8494	9.3473	5.7608	5.667	3.9652	9.6437	5.9028	8.3514	6.6129	4.4232	5.7495	3.6578	7.5476	8.4167	9.3045	6.6755	6.9844	7.2652	7.6885	7.1203	6.7778	4.7162
EA_G__VTCN1	8.5548	8.4065	4.2161	7.5452	3.5205	8.5954	6.5572	6.2389	3.9224	8.7124	8.4635	8.9774	3.9249	6.5605	7.6681	8.5877	7.1076	3.96	9.0505	3.5167	5.94	6.4774	5.1673	3.6512	7.8442	3.599	7.2457	8.9107	5.6222	9.5899	4.0347	5.0407	3.5754	7.0528	7.8339	4.6838	7.9421	4.3324	8.6651	8.5439
EA_G__CD82	9.229	9.8771	8.1254	8.8679	8.794	8.1078	7.3811	10.5764	7.6428	7.5429	9.3678	7.1548	8.3926	9.3078	8.7068	9.6325	8.8753	8.245	10.3563	7.8305	7.488	6.3946	5.5576	7.6367	10.0199	7.4616	9.111	9.3887	8.9446	9.813	8.1362	7.3628	6.4821	8.8958	9.7895	9.1063	9.9672	8.1926	9.374	8.5304
EA_G__STAC	4.6901	5.967	6.944	4.4744	8.7517	4.4143	8.7019	5.2245	6.8093	4.2275	4.1802	4.3895	5.9041	6.5323	7.7776	4.569	6.183	6.74	6.7671	7.8582	4.503	4.5206	4.5124	6.7276	4.6546	7.5021	4.3421	4.3729	4.7293	6.4295	4.531	5.9112	7.5436	4.6565	4.8691	4.9889	4.5177	4.371	4.5517	4.6534
EA_G__CRABP2	7.4296	6.1829	7.8329	8.2111	4.4698	7.9616	8.6534	10.6063	6.122	10.0004	9.994	6.1523	5.359	9.2933	9.5237	10.1017	7.2807	7.095	10.0598	5.7308	10.0904	10.2988	9.8344	5.4326	9.6052	6.2093	6.9694	9.4935	9.9741	8.4814	6.0872	6.2944	6.0848	9.0317	7.6666	8.6722	10.4906	11.0984	7.8585	8.5211
EA_G__ST6GAL1	7.1627	7.7394	5.4994	6.0727	4.9826	5.8866	5.2929	4.8651	4.3675	7.1704	4.4732	6.6134	4.3999	5.6027	6.9928	6.3251	5.7577	4.7896	6.3255	4.7526	5.2073	4.6559	4.3331	4.6197	6.3901	4.8325	5.7496	8.8885	5.4107	6.5704	5.1495	6.8937	4.9485	5.7285	7.4109	6.9642	6.9889	6.987	7.0116	5.2249
EA_G__IGFBP5	10.3675	7.9594	10.6451	11.0184	4.3101	11.7233	7.6186	6.4925	7.4736	4.8845	8.188	4.538	4.7586	7.9624	6.9878	9.2414	6.4845	4.3247	6.8854	5.2977	8.5975	8.7877	5.5867	4.2559	9.5631	4.3236	11.3033	11.5721	9.9012	9.5648	5.5703	5.0144	4.674	4.7641	9.5878	5.7393	10.3953	10.0362	8.0895	7.3692
EA_G__MTL5	7.3752	5.3594	5.6064	6.7743	5.905	7.1465	5.563	5.6404	5.9772	6.7319	5.5117	5.948	5.7101	6.1794	5.8778	6.0857	5.932	5.6225	5.721	5.0947	6.2014	6.745	7.634	6.0433	6.5778	5.4272	6.3906	7.8743	6.5718	5.7291	5.7605	6.2117	5.3424	6.3289	5.7619	5.9627	6.769	7.3716	6.3228	6.9059
EA_G__MAP4K4	6.8339	4.283	7.8822	6.9846	7.6195	6.5829	6.9551	7.9128	9.6361	4.6415	6.9167	7.5113	7.577	8.575	7.535	5.8437	7.5774	7.9209	6.8842	8.4149	6.9634	6.292	7.0002	8.0307	6.2858	7.2345	6.2708	6.4071	4.8013	4.4212	9.5851	6.9638	7.773	6.0739	7.3778	6.2682	6.226	6.4416	6.0425	6.3334
EA_G__EIF5A2	5.0671	6.2951	7.8413	5.3636	7.0288	3.9816	6.5229	4.6112	6.4989	4.0049	6.0151	6.4365	8.0195	8.5671	6.6962	4.1127	7.1292	7.9963	5.1445	8.1412	6.4023	6.2623	4.3311	7.3762	6.1378	6.8793	3.7667	4.1613	4.6846	5.9985	6.7265	6.2262	7.4626	5.477	4.3927	4.1756	6.6644	4.8266	4.4717	5.0973
EA_G__ADAMTS1	3.866	4.3112	3.8497	4.9445	9.1875	5.5672	7.4012	7.7787	6.7049	4.7688	8.5666	7.7289	8.5801	4.9283	4.8579	5.3417	6.6879	6.7456	5.8341	9.9661	4.0274	4.2892	4.9542	7.0998	5.7379	6.3232	8.3916	6.7812	8.0476	4.1083	5.9809	8.316	5.6625	6.4922	7.0801	4.6768	4.1177	4.0955	8.0823	6.4513
EA_G__EXT1	6.9002	7.2851	8.0007	7.2317	9.4078	6.2099	9.0509	8.0849	9.5899	7.5442	7.2337	7.5812	8.4481	9.2912	10.1238	9.2087	8.4022	7.6371	8.1848	10.0477	6.7194	6.7105	5.5645	9.9259	7.4582	9.0962	7.2525	7.5283	7.3022	6.8852	8.3403	7.8279	8.393	7.9956	8.4691	6.9261	7.0398	7.4408	6.3569	6.7935
EA_G__PTRF	6.1378	5.9441	8.4012	5.9461	9.47	6.0342	7.9379	6.2178	8.1509	5.8965	5.563	7.0871	8.0149	8.4522	8.1467	6.696	6.8672	9.1449	6.8679	9.7016	6.208	6.3008	5.6737	8.7173	5.9941	8.8381	5.6244	6.5879	6.7201	6.1917	8.0202	8.0864	8.6629	5.8363	6.4714	6.5439	6.4796	5.9012	5.9419	5.7248
EA_G__PLAT	4.8795	5.2508	5.3138	5.6481	5.4087	4.9178	7.7348	5.2681	5.081	4.9812	4.9954	5.1825	8.0439	5.7616	7.1291	5.2285	6.5808	7.0983	5.8378	9.719	5.3008	5.2594	5.2905	8.1452	5.0758	8.0401	5.079	4.8066	6.0343	5.4405	7.2002	8.3147	9.0046	5.3745	5.346	5.6399	5.2868	7.4639	5.262	5.2243
EA_G__C6orf145	5.4036	8.3998	8.4855	5.2388	9.3274	4.84	7.6627	6.9175	7.2514	7.2355	6.1149	7.5599	8.4464	7.8633	9.6262	8.7077	9.2521	7.4843	8.2029	8.7651	5.8759	5.2908	5.5396	9.2975	6.9192	7.5824	7.0897	5.7131	5.997	8.6844	8.3425	8.6219	8.6442	8.5776	9.1234	6.0272	7.1796	7.373	6.837	5.4988
EA_G__ALDH3B2	7.8751	9.1519	7.5805	11.3608	5.8866	9.7334	6.4255	8.223	6.1384	9.5823	7.6199	7.7955	6.3071	6.4469	7.0901	10.2674	6.2786	6.047	6.1466	5.7429	8.5602	9.6127	10.4301	5.6515	9.014	5.9874	10.8628	9.2617	9.5867	8.9624	6.0873	8.4091	5.947	8.3315	10.3339	9.1412	9.1133	9.2081	9.9559	8.9847
EA_G__DEGS2	10.094	7.8298	7.062	10.9171	6.9738	11.1875	6.9282	7.169	7.3682	7.8178	11.8243	7.0946	7.2195	7.4204	7.132	9.1281	8.1767	6.9468	7.466	6.9471	8.7706	10.052	10.3736	7.0186	11.2507	7.0805	9.9454	11.6743	10.5058	8.2788	7.3888	7.2168	7.1113	10.6843	10.3998	9.5285	10.7139	10.7919	11.6494	11.3238
EA_G__BTG2	6.8217	5.4638	5.6343	7.5594	5.7147	5.952	5.8205	6.4222	6.0641	7.0803	5.4982	5.9236	6.51	6.7846	5.9248	6.996	6.0973	5.5422	6.8968	5.2418	7.1009	7.7907	7.3345	5.8373	8.3017	5.6099	7.5319	9.1094	7.9356	5.6432	5.0336	5.3282	5.3295	7.3681	5.7703	8.1105	6.377	7.1891	8.2474	6.4968
EA_G__TMC4	8.64	6.5461	7.9944	6.2488	6.0186	7.9932	7.4768	6.8929	6.0736	8.9858	7.8696	7.7434	7.1081	7.1204	7.0207	8.0437	7.3004	6.301	9.6454	6.3986	8.2183	9.2347	8.4141	6.5111	9.0318	6.0146	8.9193	9.6407	8.511	6.7853	6.3755	8.8233	6.0398	8.8164	8.6888	8.9131	8.8138	7.8806	8.7088	8.9853
EA_G__ACOT4	7.9904	7.5193	7.0833	8.1776	5.4917	7.1285	6.0694	5.512	4.9214	7.8169	7.2952	5.7055	6.1858	6.3676	5.3287	6.8359	5.1841	5.8504	6.5305	5.4131	6.8139	7.1462	6.5896	6.7919	5.8255	4.9953	6.0179	7.6577	7.627	7.675	5.6212	6.388	5.26	5.4872	7.4645	6.8487	8.7934	8.7735	6.8973	6.3898
EA_G__KIAA1370	8.0117	7.6169	7.4985	7.3101	5.8151	7.928	5.5305	5.6156	5.1632	8.5057	8.3103	5.6178	4.1441	5.8594	6.7071	7.7436	5.6434	6.0605	7.0426	5.3786	8.0435	7.6508	7.4509	5.501	7.9116	5.8793	7.546	8.121	7.6939	6.9794	5.6558	5.3833	4.6569	8.0614	7.0923	9.0775	8.1025	7.7791	8.678	8.4904
EA_G__FGFR3	6.4098	6.4686	6.758	7.2628	6.3636	6.1745	6.0463	7.8694	6.2454	8.4332	6.4613	6.4522	6.9181	8.6444	6.4297	8.0712	6.4189	6.4648	6.2407	6.1123	7.8528	6.8679	6.5519	6.7138	6.8004	6.4535	7.8569	6.8435	7.043	6.5493	6.0993	6.6322	6.2285	11.9162	6.826	6.7292	7.4786	7.0184	6.8274	7.3067
EA_G__ERMP1	9.1233	9.4537	9.421	7.7073	7.401	9.5278	6.7848	9.633	7.2208	9.9716	8.4253	7.4714	6.4361	8.3757	10.7532	8.2505	8.196	8.1311	9.9705	6.7102	8.8285	8.7303	9.5828	4.9347	9.7925	6.0482	8.8685	10.2583	8.723	9.3062	5.3658	8.9447	7.3782	9.6522	8.6249	10.0875	9.0246	8.9602	9.9493	9.1495
EA_G__IRAK2	5.6409	5.5472	5.4293	5.423	6.9979	6.0038	7.1858	6.4227	7.3203	5.8589	5.3074	6.5416	6.2591	7.1486	7.2397	5.5953	6.7055	6.5468	6.0278	7.2245	5.9679	5.828	6.3121	8.0245	7.1975	6.6653	5.2283	5.4777	6.1391	5.6633	7.8771	6.2978	6.8329	6.1118	5.8486	5.9095	5.7902	5.6597	5.5393	5.5382
