Cell lines	AU565	BT474	BT483	BT549	CAMA1	HBL100	HCC1143	HCC1187	HCC1395	HCC1419	HCC1428	HCC1569	HCC1806	HCC1954	HCC202	HCC2185	HCC3153	HCC38	HCC70	HS578T	LY2	MCF7	MDAMB134VI	MDAMB157	MDAMB175VII	MDAMB231	MDAMB361	MDAMB415	MDAMB436	MDAMB453	MDAMB468	SKBR3	SUM102PT	SUM1315MO2	SUM159PT	SUM185PE	SUM44PE	SUM52PE	UACC812	UACC893	ZR751	ZR75B
Response	1	-1	1	1	-1	1	-1	-1	1	-1	-1	-1	1	-1	-1	1	-1	1	-1	-1	-1	-1	1	-1	-1	-1	-1	-1	1	1	1	1	-1	1	-1	1	-1	1	1	-1	1	1
EA_G__NEDD9	7.0541	6.369	5.6202	4.3702	6.2842	5.5287	6.296	8.1089	4.4978	7.6662	5.8265	4.8435	5.1507	7.9067	6.1884	6.6483	8.7324	4.4449	5.8518	6.7673	5.6187	6.171	5.5023	5.6725	7.695	5.7837	7.1416	6.0837	4.8665	5.3281	6.5838	7.4896	6.917	4.4785	7.5467	4.6345	7.1355	6.7999	5.1042	6.2367	5.6103	4.8497
EA_G__INPP4B	5.5609	8.2586	7.8952	6.7976	9.0549	5.5846	5.2547	3.8202	3.6908	6.6821	9.0399	6.2207	7.1384	8.0145	5.8217	4.926	6.9207	4.0702	6.683	6.1541	8.4551	8.0536	8.007	6.2776	8.6376	6.7377	9.2115	8.2744	4.0436	4.6256	5.8411	5.9112	7.3532	6.4328	6.4642	4.5528	8.8566	6.9154	6.5131	7.803	4.7484	4.2681
EA_G__ATP1A3	8.9251	5.6713	7.9862	6.7662	6.6755	7.5369	6.1781	5.4779	5.7338	5.3612	6.447	7.6039	6.5785	5.7931	5.5629	5.4458	6.5714	6.9067	5.5707	5.6273	6.6523	6.6414	8.8871	6.5633	7.2116	6.8437	5.6585	6.1735	7.1303	6.1758	6.2792	6.789	5.5523	6.6408	5.5016	5.9154	5.5549	7.0571	7.758	5.7177	6.0614	7.4953
EA_G__C8orf38	5.2961	7.4005	6.7728	6.36	6.5944	5.2213	5.9578	5.9875	5.4229	9.7617	7.3404	6.8741	5.5815	6.428	6.7847	7.2665	6.1555	5.9237	6.2838	7.1253	6.3628	6.663	6.598	6.2003	6.087	6.4429	6.5667	6.5273	5.2261	6.1991	6.3634	5.3366	6.3158	5.7822	5.8823	5.7278	6.5187	5.6055	6.7931	6.9358	6.1164	6.5177
EA_G__CD70	6.095	5.9264	5.9891	9.2873	5.8165	8.6229	5.635	6.0109	6.1717	5.5472	5.7894	5.9084	6.3698	5.9854	6.4595	6.0164	6.57	7.3889	6.1514	7.0363	6.5176	6.2921	6.1646	7.9037	6.093	5.8775	5.838	5.6141	7.0739	6.8988	6.031	6.4766	6.498	8.247	6.1209	6.271	5.7271	6.5134	6.0505	5.9258	6.2478	6.0144
EA_G__NPAL2	5.9027	6.3489	6.9902	4.937	4.6577	3.3981	5.4937	6.2101	3.9815	8.9241	8.0853	6.4543	4.0973	6.8325	7.3829	7.1773	6.7199	5.7675	6.141	6.516	7.0963	6.8102	4.6957	6.6986	7.2536	6.4927	6.9277	6.313	4.8701	5.4176	6.0651	5.8846	8.0668	5.0348	5.276	5.5001	6.3106	6.5493	7.214	6.6721	6.7578	6.4154
EA_G__IRF9	5.7972	6.4872	9.006	7.0059	5.6445	6.3465	7.1758	7.357	7.505	6.2185	6.9788	7.1472	5.6094	7.583	7.7266	7.061	6.5593	6.0724	9.0531	6.4571	7.1904	6.8928	8.3532	6.572	6.9745	6.2395	7.5352	8.6384	6.5629	6.0192	6.2491	6.1231	8.8675	6.3522	5.5514	5.9676	6.484	5.5177	5.6357	8.2194	5.2085	5.0718
EA_G__IFI6	8.8049	7.9177	11.3769	8.1399	6.2723	8.3114	9.5254	8.5864	8.7518	7.8325	8.8305	9.6611	7.6102	9.4937	10.3343	7.7947	7.5965	7.6075	12.4696	7.8243	8.8915	9.206	10.2621	9.0368	8.9342	7.4426	9.8659	11.0616	7.5357	7.5724	6.1693	7.6435	12.2609	8.5163	7.7294	6.7292	8.6806	8.3479	7.8069	9.9803	7.9529	6.4615
EA_G__NPNT	4.796	6.5012	7.8917	4.441	10.7625	4.4581	8.1607	5.8982	4.3833	7.3872	11.8091	11.6626	5.0469	5.5542	10.1728	8.6324	7.036	4.1383	8.539	4.1836	8.3548	8.2778	7.9445	9.2354	8.4311	4.3101	6.7171	10.0655	4.2042	8.3994	5.3552	6.4436	4.8194	3.8952	4.2828	7.6355	9.326	5.7851	8.0511	9.4878	6.9318	6.0306
EA_G__ASRGL1	7.0425	5.6356	6.5771	6.3831	5.0036	6.4931	7.3281	7.1895	6.3351	4.5902	7.1005	5.729	6.1189	5.3845	5.4255	7.2684	7.2256	6.573	4.9263	5.1455	6.733	6.0474	7.7749	6.0371	6.2716	5.6172	7.5256	9.2882	6.7345	6.0556	7.8553	7.2998	5.3498	5.8367	5.1819	6.353	5.8212	7.3248	8.3195	5.1542	5.795	5.7236
EA_G__SLFN11	7.3239	3.4401	6.6335	8.8063	3.6834	7.9094	6.7822	4.9182	3.8921	3.64	3.5673	3.7837	6.9671	3.9415	3.8847	6.6266	3.7182	8.7167	4.0784	3.9653	4.2244	3.8785	3.8369	5.043	7.1813	3.6201	7.8717	3.9968	7.7132	4.9768	6.3828	6.6291	4.05	3.8912	8.1337	4.0513	3.6917	8.2407	5.6434	3.8951	3.6617	3.6138
EA_G__PLSCR1	4.9531	5.2434	5.7498	6.2815	4.905	5.7817	7.562	6.3723	6.1836	6.0387	5.7123	6.5254	6.119	7.654	5.7333	5.5683	7.0136	5.5771	8.2668	6.0881	5.757	5.0735	5.4781	5.158	5.696	6.174	6.115	6.533	5.0341	5.08	7.6019	5.103	7.8156	5.5	6.8309	4.4089	4.4629	5.4504	5.2	5.6048	4.3885	5.0149
EA_G__RASD2	7.0317	5.414	5.5278	5.5651	5.2306	5.8107	7.0133	4.9303	7.2952	5.0267	4.3904	7.5323	5.709	5.7056	7.608	8.57	4.9134	4.7322	6.8847	4.9978	5.4107	4.2452	5.6581	5.2652	7.1076	4.7861	4.6176	5.3761	5.2556	6.0954	6.3404	7.4073	5.1977	8.1158	5.2284	5.0798	4.3253	6.8398	5.077	6.2881	7.3208	6.4781
EA_G__ORAOV1	6.4744	7.8938	7.219	6.7332	8.1568	6.6245	9.6947	7.2866	7.9577	7.3624	7.1782	7.0665	7.3266	9.2426	6.8291	6.9966	7.0467	6.8871	5.9478	6.6288	7.3092	6.799	9.6775	6.6838	8.0037	7.4794	7.8636	9.6344	6.3117	6.2121	7.1063	6.4221	7.1279	6.4126	6.91	6.4525	7.7502	6.6058	6.6734	6.8374	7.3147	7.9994
EA_G__GHR	3.4555	7.0331	4.4249	3.2946	8.2991	3.8792	3.6146	7.3657	3.4598	6.2015	6.8667	4.7513	3.453	3.2235	4.3375	4.0767	2.9606	3.0266	4.2527	5.2987	4.6304	7.0062	5.5601	7.6029	6.6707	3.0519	5.8397	7.612	3.6096	7.7942	3.1296	3.5592	5.3126	3.7344	3.4318	6.1368	6.6016	5.217	4.3278	6.6902	5.4494	4.6905
EA_G__C21orf63	5.7103	5.2612	5.2604	4.9491	5.5532	5.4778	7.3771	7.8351	4.9149	7.3169	4.4919	7.3015	4.8158	7.1669	6.5267	6.609	5.6132	5.4436	6.9256	6.3665	4.842	5.5903	4.732	5.1242	5.3627	6.429	4.8902	4.2435	5.2942	4.4116	5.4456	5.6244	7.7985	4.458	6.1941	6.347	5.6502	4.4131	4.3879	5.7319	6.0314	6.1272
EA_G__MFAP2	6.4032	5.9616	7.052	7.9288	5.6943	7.8498	6.8463	8.2588	6.953	5.4328	7.2136	5.8401	8.0022	5.8888	7.446	7.0134	5.9638	7.7595	6.3354	8.4242	6.1778	6.2912	7.792	7.3194	6.6679	5.8938	5.7406	5.6681	6.4685	7.0369	5.3759	7.0438	7.0755	8.2636	6.0061	8.6836	5.4935	6.235	5.7762	5.8738	5.8864	6.4897
EA_G__FAM83B	4.2489	7.5482	6.1591	7.1767	8.1613	4.6994	8.9338	7.3558	6.2679	8.1672	9.0873	5.885	9.1367	9.0246	8.5407	4.7067	9.3121	4.5395	8.5196	4.3005	8.9319	9.9937	5.4213	5.593	7.5611	3.9742	10.6464	7.693	5.9038	6.9275	8.673	5.2107	9.9509	4.5717	4.6842	8.0655	7.1826	7.971	4.9443	6.4806	9.305	8.0142
EA_G__ARHGAP26	6.0343	5.2012	5.6362	5.4373	5.9076	6.1336	5.9907	6.8852	6.9546	5.9095	7.4606	6.1525	5.4581	6.7838	5.2654	4.8999	6.3635	5.1735	6.7521	5.8445	6.1472	5.5005	4.5885	7.2821	6.2599	7.1542	5.8499	9.2324	7.0933	6.3331	6.7737	5.6871	8.1382	5.7467	5.9975	6.3155	8.3734	6.3191	6.4902	7.0135	5.7331	5.1441
EA_G__KCNAB2	6.9684	6.0389	6.5181	7.0723	5.8128	7.2841	6.0837	6.1133	6.8849	5.9883	6.2011	6.5699	7.005	6.574	5.4957	5.8221	6.6062	6.2523	7.7148	6.2041	7.063	6.9145	7.2979	6.0917	6.832	8.0451	6.3589	6.5327	9.1156	7.0228	6.6712	6.1342	5.7512	6.0931	8.571	6.3799	6.1608	6.7238	7.1485	6.0111	6.6954	7.0463
EA_G__ANPEP	5.9528	5.4461	5.4878	11.5006	5.3386	7.6388	5.215	7.8921	6.1665	5.1413	5.3679	5.2457	5.8735	5.5622	5.7574	5.5417	5.4591	8.0727	6.9193	9.248	5.723	5.6553	5.3523	9.2404	5.4979	5.2504	5.238	5.586	10.8271	5.9814	9.9961	6.0553	5.3041	12.6822	11.0415	5.504	5.1997	5.5284	6.1733	6.3325	5.347	5.2839
EA_G__B3GALNT1	4.8247	7.7167	7.4481	4.2293	7.5074	4.8981	5.454	5.5644	4.7191	7.6901	7.8454	7.4987	6.5447	5.2193	7.6185	6.9654	3.7969	6.9197	6.6681	5.229	7.4146	6.9288	6.2082	6.7603	5.3114	7.6341	7.4663	6.6235	4.7529	7.1675	6.1321	5.7178	4.9273	6.2119	5.5004	5.8687	5.6082	6.557	7.1476	7.3143	4.4337	4.388
EA_G__MPP2	6.2134	5.3463	8.2711	6.776	6.3588	7.1645	6.5849	5.6217	6.5627	4.9561	8.105	6.8007	6.2796	5.9262	5.3981	5.5303	5.8452	7.423	6.4743	6.5471	6.62	6.5894	8.2721	6.6649	6.0583	6.5197	5.5904	5.3955	5.7829	6.0175	6.2842	5.7428	5.4391	5.9556	5.7716	5.8514	5.3971	7.7935	7.2392	5.5451	5.8677	6.9831
EA_G__CKB	8.415	6.7638	7.8151	8.6024	8.9011	8.134	9.0014	7.0709	7.8112	8.0904	8.7487	6.6814	9.422	7.4356	7.9725	8.1285	6.9951	7.7235	8.1848	6.6182	7.6509	7.745	9.1138	9.5121	7.14	6.9366	8.7548	8.6406	8.0653	10.6523	6.7514	7.7758	7.1223	10.0349	6.8383	9.4566	7.6593	7.3678	7.9767	8.6011	9.4666	10.1107
EA_G__P2RX5	5.6535	4.8513	5.2032	7.7908	4.405	7.2265	7.3498	6.238	6.0583	4.9714	4.9715	7.6052	8.3032	4.7167	5.0817	4.8552	4.6299	7.2043	4.7547	5.8678	4.9903	5.4081	6.8051	5.4568	5.6807	7.9649	4.5572	4.2916	6.3463	5.3502	7.528	5.708	7.0998	4.4613	7.2148	4.7202	4.1078	7.4141	7.0021	4.8915	5.3453	6.1291
EA_G__PPM2C	5.9722	7.6728	7.438	8.6017	8.5499	7.8635	9.1553	6.737	7.8162	10.0805	6.7368	7.5476	7.6749	9.442	7.8981	7.33	8.7959	6.844	8.9514	8.7395	7.4152	7.2127	7.1936	8.1894	7.0653	7.5908	7.1395	7.3435	7.294	7.4793	7.0938	5.8525	7.8975	8.2374	7.6362	7.6471	6.7409	5.724	7.4892	7.8754	7.2866	7.1381
EA_G__MGP	4.238	9.8437	11.4992	5.5557	7.4113	2.9261	8.2394	10.0203	9.4448	4.7994	10.4816	8.0997	3.7353	8.9644	8.6556	7.4121	9.4808	4.7946	10.8249	7.0295	3.8019	6.1517	6.6894	7.0606	7.3407	2.9411	10.3529	10.2746	2.5536	7.4205	10.941	3.9642	4.7563	7.0814	4.951	4.8602	11.8749	5.0293	8.221	11.3061	7.0551	5.7521
EA_G__KRT10	7.0445	6.6254	8.0339	6.4804	6.9532	6.7184	6.4993	6.641	6.7273	6.6412	6.7273	6.5188	6.9106	6.7177	6.506	6.8042	6.5046	6.5812	6.3903	6.6742	6.8911	7.0637	6.5853	6.2408	6.3063	6.5867	6.093	6.3976	6.2361	6.7607	8.6731	7.0754	11.6565	6.7185	7.0358	6.6456	6.3744	6.7347	7.0732	6.6636	6.575	6.744
EA_G__CA5B	6.4488	9.8853	7.5831	6.9713	7.9319	6.8455	6.4217	6.3814	6.7546	9.6441	7.5718	6.1838	6.1346	6.9423	8.1787	8.8326	6.433	6.1952	6.711	7.0975	6.8575	7.7441	6.8363	7.3049	8.2804	6.0855	9.1757	9.2258	6.7461	6.4901	7.4043	6.0825	6.9317	6.6733	6.9056	6.6601	7.4516	9.1303	6.9926	7.4009	6.5561	6.3884
EA_G__FOXP4	7.7068	8.8731	8.1974	7.175	8.4056	7.6598	7.4526	10.7351	7.2738	8.346	7.6693	7.8345	7.7831	7.7829	8.5593	7.7087	7.9492	7.0315	8.0498	7.0167	8.1031	8.2302	8.0666	7.6763	8.2271	7.6686	8.8877	8.4425	7.1593	8.3203	8.2503	7.9428	7.2913	7.3333	7.5409	8.8581	8.5183	7.5171	8.0961	8.4542	8.1019	7.3865
EA_G__FABP5	4.0903	5.6242	4.9494	3.2476	4.6763	3.5537	8.607	6.7919	6.8194	6.1227	5.9207	8.2855	8.2952	3.6763	3.7999	3.8303	6.6193	8.1268	8.0179	7.4143	4.5795	4.4465	3.9307	7.8224	7.8662	8.5296	6.4531	5.4059	7.7706	3.6267	3.3601	5.0183	10.4411	9.5285	8.6298	3.1829	3.8611	3.9817	3.6033	3.8192	6.0214	6.839
EA_G__STRA6	6.289	5.4803	5.5155	5.7664	5.3015	6.9392	5.2021	8.3085	6.2458	5.2694	5.3811	5.311	5.6253	6.659	5.7231	6.7091	6.389	6.6861	8.5028	5.7136	5.7998	5.8201	5.3665	5.747	6.0357	5.6188	5.2515	5.3631	6.2473	6.3975	7.4178	6.4701	5.4701	5.314	5.6336	6.0435	5.2961	5.8389	5.7931	7.3638	5.6851	5.5958
EA_G__RAD51C	4.935	8.5637	5.8431	5.7975	7.0133	6.6113	6.7198	6.1266	6.765	6.9505	7.073	6.4052	6.0643	6.7522	6.6322	6.4426	6.4353	6.9924	6.4504	6.032	8.6623	8.8987	6.8283	7.2504	5.918	6.8714	8.1751	5.6679	6.0176	5.7756	6.3523	4.7278	7.4113	7.4921	7.2721	6.2036	6.0586	6.2317	7.1046	7.6901	7.3229	8.0509
EA_G__MED24	10.5135	11.3695	8.9167	8.1803	8.8183	8.7153	7.6064	8.9128	8.2128	7.6464	7.7899	8.3849	7.9945	7.9851	8.0954	8.3567	9.0453	8.9935	8.2632	8.2068	7.9656	7.67	8.9512	8.3862	7.9529	8.5317	7.3862	7.9264	8.0445	9.1471	8.1279	10.405	8.1417	8.3745	8.7929	8.0485	7.4059	7.8974	11.5153	11.9334	8.4407	8.767
EA_G__PITPNC1	5.5345	7.8044	6.3762	5.2162	6.9251	5.016	7.0212	5.1425	6.6952	6.5773	9.4228	4.747	6.4283	7.1111	7.6632	5.9105	6.5611	4.5402	6.7923	5.8769	7.7613	7.2287	7.2535	7.215	6.1345	6.034	7.8241	6.7048	6.1741	7.9891	6.2934	6.3138	7.3265	6.8045	6.0261	6.8894	6.42	4.687	6.7829	6.8628	7.1502	6.6286
EA_G__RNF43	5.5481	9.0024	6.2745	4.517	7.0424	5.2826	6.9704	4.5084	4.5124	6.8189	7.5374	4.6685	6.1754	5.8021	5.4243	7.392	6.6274	4.3808	5.6474	5.393	7.2004	8.5708	7.292	4.3806	6.8899	4.7247	9.1075	8.2078	4.8242	6.6093	6.1516	5.1643	6.4716	4.3623	6.1999	7.3213	6.4192	5.925	4.9051	7.8624	7.9528	5.3555
EA_G__USP32	6.0252	8.7771	7.7142	6.9611	7.6102	7.3388	7.0164	7.1632	6.6805	8.0627	7.6703	6.8973	6.7422	7.1184	7.184	6.7748	7.5601	7.8839	6.9035	7.2817	9.6178	10.0265	7.6124	7.3508	6.6289	7.543	8.3495	6.5092	7.2046	6.749	6.9835	5.4122	7.3244	8.3866	7.2609	6.4349	7.0706	6.7105	7.4956	7.779	7.1167	7.3782
EA_G__LOC342897	9.3215	6.5232	6.405	6.341	6.1959	6.632	5.9222	7.6628	6.4521	6.3118	6.4283	6.2297	6.6868	6.4686	6.7961	8.5321	6.0562	6.1129	9.8111	6.3895	6.4818	6.8347	6.4992	6.3021	7.7221	6.2784	6.5222	7.442	6.5193	7.3158	8.867	8.7168	7.9733	6.8808	6.6187	6.6136	6.3251	7.336	7.8893	6.4401	7.4687	6.4656
EA_G__ALDH1L2	4.6506	3.8029	4.0778	8.2493	3.8382	5.0807	6.0497	8.1465	8.2078	4.1275	3.7704	7.1758	6.5789	4.2326	5.146	4.624	6.2321	7.7076	8.421	7.2761	3.9378	4.2675	4.6066	7.2696	4.0337	3.8061	3.6811	3.6515	6.6819	4.2305	9.0307	6.1047	9.9614	8.7186	4.4385	5.1538	4.0616	4.5222	4.577	3.7395	3.9143	3.8966
EA_G__SLC6A15	7.1291	3.273	3.5835	3.7372	3.1815	3.6574	6.8971	5.2064	5.4965	3.1428	3.5551	7.6077	6.8517	3.4851	3.6928	3.4727	3.4102	7.1976	3.5516	3.4367	3.5232	3.5706	3.5068	5.6345	3.6135	3.5408	3.2714	3.3421	3.831	3.7884	3.3417	7.2049	8.6378	7.9561	3.8068	3.4867	3.4566	3.9042	3.4567	3.7111	3.4996	6.9265
EA_G__RAB38	5.0076	5.2149	5.7753	4.5026	4.7627	5.1081	4.9551	6.2294	5.0822	5.1297	7.9437	4.4994	9.1861	5.3936	6.6595	5.3835	4.7469	6.2689	6.6002	5.1511	4.7386	5.6053	4.7175	6.3813	5.8205	5.136	7.9365	7.8406	5.4896	5.0837	5.0345	5.1862	11.3379	4.9365	4.9034	4.7152	7.4903	4.9047	5.4012	8.5077	5.1026	4.7659
EA_G__CYP1B1	7.4445	5.4862	6.4642	8.2514	5.7087	5.2027	8.9724	10.3842	9.0891	6.3086	6.2613	5.1034	5.8905	7.9491	7.2763	7.1478	6.2324	10.699	7.801	5.9282	7.7071	6.7353	10.1153	9.3325	8.9592	6.4875	8.4356	7.4339	8.4687	6.9523	9.7765	8.0295	5.8194	8.0619	3.7017	7.7214	7.7989	7.7367	9.0846	8.7076	8.4196	9.0006
EA_G__NAV1	8.9354	5.4838	5.7925	7.8052	5.1032	7.2041	5.0575	7.9118	7.629	4.8157	4.8473	5.8443	6.4689	6.9431	5.6569	7.9222	7.0711	8.0474	8.2228	8.6572	5.6577	5.8182	8.033	8.6836	6.9589	6.4817	6.5266	6.955	6.9507	6.2838	7.576	8.7193	6.4595	8.8574	8.4718	6.3187	5.7277	6.2935	5.7713	5.9253	5.7746	5.8825
EA_G__PSPH	7.3902	8.985	6.9631	9.0737	8.3679	7.4947	8.7555	8.7772	8.3853	8.0849	7.9505	7.6698	7.865	8.7109	8.5525	8.078	8.4717	8.0389	8.4856	8.2638	8.3905	7.56	7.4143	8.7498	7.7325	8.7525	8.3302	7.5235	8.6181	8.1851	10.792	7.2295	9.1849	9.1561	7.7659	8.8248	9.0457	7.2878	7.1854	8.7858	7.4852	7.5738
EA_G__SERPINB1	7.7541	6.4707	7.2964	4.4188	6.6006	6.7183	7.2742	7.6098	4.0255	7.5046	6.4624	5.267	6.5104	8.3724	3.9921	6.7594	5.7175	7.9924	9.5053	7.508	7.3596	7.91	7.3792	7.3238	6.6565	7.751	7.4615	7.4533	6.5621	6.7136	8.9755	6.6575	8.9089	3.7412	8.1862	6.7992	8.1016	7.1054	7.4668	8.7961	7.115	3.7385
EA_G__ASAM	5.6733	4.7681	5.4879	6.7381	4.9316	6.974	4.7475	5.066	9.2454	4.715	5.2325	6.9802	7.9552	5.1787	5.0131	5.2943	5.2275	8.3252	5.3162	10.0925	5.1602	5.1685	4.815	7.6896	7.4335	6.0968	4.823	5.0188	9.8344	5.7042	6.3334	5.5786	10.2996	8.0168	10.0129	5.001	5.1988	5.3421	6.6321	4.9431	5.0912	5.1976
EA_G__EMP3	5.0197	5.1681	6.3225	10.1699	5.5899	9.5225	8.0838	4.9953	9.7662	4.5906	5.1911	4.8669	6.8768	5.197	5.3824	6.0581	5.5938	9.5156	5.8185	11.0961	5.6683	5.9556	5.3945	9.489	5.4398	9.6866	4.9836	5.1674	9.0077	6.1817	5.0252	5.9198	6.8478	9.6902	9.8346	6.533	5.1925	5.8618	5.7597	5.6629	5.2845	5.4276
EA_G__GPR124	6.2907	6.1908	6.7786	6.6865	5.9578	7.3058	6.2679	6.3984	7.2256	5.9889	5.9476	8.1697	6.24	6.2101	6.0348	6.7991	6.4929	6.6489	7.1157	7.4119	6.6003	6.3922	6.541	10.3343	6.8439	6.3286	6.0251	6.1809	6.6576	6.7951	6.924	6.4529	6.0167	6.7114	6.7205	6.3336	5.9646	6.7618	6.2505	6.2481	6.1435	6.1915
EA_G__MGAT4A	7.2337	7.9405	6.6441	3.5648	7.0458	3.4187	6.4377	7.0051	5.7811	8.3426	8.7133	3.9622	4.1821	7.0333	7.4289	7.2257	7.3125	6.0781	7.3453	3.4221	6.2895	7.3787	7.4632	4.2994	7.5161	4.4567	7.106	7.0817	5.0159	5.7758	7.1053	6.8743	4.5067	4.1153	3.4517	7.4609	9.0096	6.3828	6.6198	8.6996	5.7478	4.6306
EA_G__C16orf45	6.8769	6.0307	5.9063	5.9137	5.1053	6.9044	5.7484	5.3196	6.2622	6.2757	5.362	5.7197	6.1233	5.5949	5.4932	6.164	5.3603	7.1987	5.7951	8.7459	5.9573	6.1757	5.5124	7.548	6.6192	6.8892	5.5918	6.0186	6.9752	6.41	5.1508	6.7274	6.854	7.9713	6.6187	5.4728	5.3011	5.9732	7.8131	6.622	7.9662	6.7192
EA_G__TRAM2	7.4497	7.7429	7.2405	8.3778	8.3583	8.3202	8.7676	5.9855	7.3391	8.2415	7.5937	7.8997	7.765	7.6465	7.5642	7.4326	8.3299	7.2095	6.8508	10.1703	7.1988	7.4153	7.3019	8.4506	7.2469	9.3195	7.9978	8.0145	7.4508	7.3065	7.4074	7.4146	6.3612	8.1999	7.2903	7.6341	7.8315	6.9516	7.2498	7.601	6.8629	6.4375
EA_G__STS	6.7578	9.0473	6.5325	5.225	5.693	5.8278	5.4704	5.3683	5.3946	6.1455	9.8669	5.3857	5.7559	7.5128	6.6342	8.0108	6.1489	3.963	7.8473	6.9436	5.5505	6.341	5.6965	6.5913	8.3982	6.5483	10.4565	9.262	5.3317	8.2868	7.1627	6.7478	6.0158	5.2848	7.1699	7.0427	8.9439	4.632	7.854	8.5661	7.2758	6.1104
EA_G__CYBA	7.7799	8.3706	9.8861	6.4721	9.4842	8.8435	6.0497	9.8984	9.7419	9.5066	7.7059	9.6825	9.1328	5.9867	6.5907	9.4314	5.8755	9.5932	6.2478	5.9861	10.2372	9.9769	8.6067	8.5606	8.9937	9.0457	5.9595	6.8741	9.4322	9.5533	9.6955	8.482	6.0622	6.6512	8.1075	6.3268	6.1289	7.0429	8.2417	7.8154	9.8042	9.5474
EA_G__CCND1	9.3268	9.3457	9.8957	7.3944	10.0676	6.6398	11.4027	8.7569	8.04	9.2783	9.2807	5.4172	9.3223	10.8656	7.3837	9.2462	8.0863	8.1412	8.9279	9.0659	9.317	9.3855	11.9805	8.5732	9.7956	9.4326	9.5072	10.9368	7.7167	9.1561	7.8883	9.1446	8.0608	7.8095	8.9671	8.6034	10.0339	8.793	8.4978	9.4889	8.9741	9.6589
EA_G__FLJ20920	7.1581	9.6646	7.0663	6.8063	6.5851	7.2181	7.0211	7.0557	6.2582	6.7993	8.378	8.3126	5.946	7.1857	8.6435	7.4938	6.828	7.556	7.8085	5.8176	7.4273	8.3727	6.4941	7.1382	7.239	6.1648	8.3188	7.4817	5.0302	7.5119	8.3291	6.7165	6.9776	5.6882	4.8006	5.6394	7.9083	7.894	6.9796	8.4791	7.0515	6.945
EA_G__DST	5.6314	5.8496	6.8365	6.522	5.4187	7.2984	7.8516	4.2306	7.0187	7.1174	7.453	5.4133	6.8962	7.2884	7.3602	6.3799	7.9233	6.8408	6.4526	8.5037	5.407	5.7353	5.4619	7.1812	6.4687	7.7141	7.1402	8.3095	6.7303	5.1303	6.5537	5.9384	7.8887	9.1508	8.1101	5.6277	7.7752	6.6125	5.4791	6.1783	6.8436	5.1731
EA_G__ZNF91	3.247	7.8296	7.4681	6.727	7.5761	4.3008	3.3515	7.7064	5.8109	8.4976	8.1863	5.334	7.118	6.6532	6.9867	5.1995	6.3693	6.45	6.2166	5.176	6.9134	7.1203	7.7508	7.1255	6.4354	4.4042	7.5935	7.4691	5.4652	5.4573	6.641	3.5138	5.8116	6.2806	4.4679	7.0333	6.8441	5.2976	7.1857	7.2113	6.8157	4.688
EA_G__PARP9	4.7977	6.4419	8.19	7.2997	6.6431	5.7371	5.5529	7.4973	6.1352	7.191	6.3153	7.8132	6.2247	7.9817	7.4864	7.0927	5.5358	6.5488	9.7841	6.3171	6.9433	6.6561	7.9248	5.9393	7.0759	5.892	7.3169	8.2982	5.7649	6.3061	6.5136	4.3454	9.3417	5.8646	6.1292	6.662	6.247	8.0849	6.104	8.2325	7.0765	5.0168
EA_G__BRIP1	6.3974	8.5274	7.0702	7.5347	7.2466	8.8021	8.1911	7.9059	7.1697	7.9296	8.1128	7.8181	7.5389	7.7895	7.9554	7.5133	8.5321	8.2924	6.5808	8.7143	10.0442	10.2723	7.8726	8.9405	7.1545	9.0771	9.2771	6.6981	6.814	7.8586	7.1573	5.9547	6.8336	7.4111	7.8824	8.5011	7.027	8.4287	7.6403	7.9468	7.7833	8.0358
EA_G__SLC26A2	4.5994	4.2698	5.1857	6.0136	5.769	5.9878	6.5436	4.9585	6.1319	3.9399	7.077	8.2402	5.6422	5.1586	5.2007	4.6197	6.0468	6.6715	5.0102	7.0947	4.8452	7.1932	5.0458	6.8703	4.9559	6.433	7.0172	7.4635	6.137	4.2682	5.9659	4.7869	7.9344	6.5838	7.6033	5.1911	7.1151	6.9336	6.1295	5.4889	4.5786	5.2931
EA_G__SLC16A7	3.4592	3.2731	3.0772	3.4045	4.2548	7.3091	3.1533	4.7534	2.9543	3.046	5.2479	3.4038	6.6219	4.0281	4.7234	3.5918	4.3754	6.7221	8.1752	8.4444	6.2381	7.3267	3.3773	6.4977	4.9457	7.5411	5.0845	6.1068	7.9566	3.7976	2.8813	4.6549	7.4022	4.9479	8.772	3.2801	3.1049	4.0122	3.5634	4.3822	3.8513	3.6912
EA_G__TTYH2	6.6553	6.0106	6.5553	5.9514	6.2996	6.4936	7.415	5.2801	6.7154	5.6287	6.4406	7.8237	7.6494	5.2787	5.7379	5.5356	7.1352	7.4015	5.3558	5.6399	6.1033	5.7759	5.4237	7.2426	6.2308	5.1456	5.9844	5.3898	5.909	6.252	5.0411	6.9804	5.3477	7.2142	5.6698	5.921	5.6488	5.4572	6.6331	5.7809	6.2074	8.1749
EA_G__NRP1	6.0498	6.71	4.9308	8.2096	4.441	6.9492	8.138	8.1895	9.1956	6.0792	6.4417	4.4621	6.9841	7.9053	7.0831	8.0159	6.4355	6.616	7.5902	8.3999	7.107	6.9777	5.0405	7.6503	7.3881	7.5617	6.343	7.5409	6.8051	5.0336	6.2073	6.1362	7.25	8.3488	8.7035	4.9171	5.4175	5.1546	4.8869	7.6756	4.5539	5.6674
EA_G__ARHGAP18	5.631	6.5887	4.7252	7.2885	5.2074	6.2727	6.6089	4.9579	5.6958	6.7369	5.1862	6.6774	6.4351	6.3501	5.8168	6.7022	7.2933	7.8405	7.9695	7.5814	5.5177	6.6724	4.2449	6.1321	5.6656	6.8698	6.285	7.6441	6.3723	5.6892	6.2527	5.7823	6.2946	5.9652	9.2011	6.1521	7.8164	5.8856	5.9544	5.9172	4.8022	6.3868
EA_G__ALG12	7.8871	7.8037	8.222	7.425	7.6366	7.7739	7.4113	7.2405	7.988	7.3459	7.0566	8.0009	8.0276	6.4883	6.9598	8.0066	7.1451	7.933	7.8676	7.4809	7.5499	7.4593	7.5201	7.1625	8.1918	7.0771	7.6327	7.8565	6.8082	8.2483	7.0437	7.9606	7.4689	7.0269	7.4362	7.773	7.7972	7.3685	7.7575	7.8296	7.6547	7.6738
EA_G__FLVCR2	7.5535	6.0793	5.5116	5.4953	5.8176	4.9526	5.7567	5.4905	4.6849	6.7961	5.7686	6.7249	5.3441	6.0838	6.2811	6.3586	5.1808	6.5591	5.3062	5.2765	7.8993	7.8073	5.1212	6.1356	6.6858	5.195	6.0687	5.9393	4.8983	5.4928	7.2655	6.996	6.3583	5.1607	8.6946	6.6511	6.6062	5.458	6.6091	6.7127	5.2316	5.2693
EA_G__FBXO32	7.6783	7.0116	6.2259	4.8769	6.54	6.0944	7.873	5.993	8.6203	8.3564	6.1378	8.2483	4.2313	7.1545	7.9395	8.4864	6.8305	7.3539	5.7434	6.2022	4.9185	4.3157	5.8681	5.6122	6.6177	4.7735	5.5186	6.6536	9.5929	7.4219	8.1098	8.3307	6.4843	9.0189	7.231	7.0251	5.1599	8.4703	7.6307	7.6132	6.7079	5.3246
EA_G__PSCA	6.808	7.4204	6.1323	6.2269	6.1241	6.4901	5.9762	6.1713	6.0065	8.8023	6.0835	6.1892	6.0919	6.6586	7.7548	7.1563	6.4572	6.2267	6.4924	6.9031	6.978	6.2197	6.1779	6.272	8.5062	6.3328	9.3354	7.9842	6.2528	6.881	6.4338	7.2737	7.6468	6.4886	6.8352	8.2749	6.3654	7.561	6.1518	9.9306	5.9503	6.0552
EA_G__CSF3	6.2444	6.4754	6.3516	6.3037	6.0645	6.4884	6.2231	6.3146	6.3197	6.1421	6.0597	6.4646	6.8213	6.2418	6.3826	6.5025	6.1623	6.3356	6.5556	6.3611	6.5326	6.3894	6.404	5.9054	6.6605	6.4466	6.3214	6.2247	7.6336	6.9099	6.0557	6.5732	6.9329	6.3175	6.6601	6.4433	6.1996	6.4539	9.237	6.2145	6.5345	6.2552
