Cell lines	600MPE	AU565	BT20	BT474	BT483	BT549	CAMA1	HCC1143	HCC1187	HCC1428	HCC1569	HCC1806	HCC1937	HCC1954	HCC202	HCC2185	HCC3153	HCC38	HCC70	HS578T	LY2	MCF7	MDAMB134VI	MDAMB157	MDAMB175VII	MDAMB231	MDAMB361	MDAMB415	MDAMB453	SKBR3	SUM1315MO2	SUM149PT	SUM159PT	SUM225CWN	SUM52PE	T47D	UACC812	ZR751	ZR75B
Response	-1	1	-1	1	1	1	1	-1	1	1	1	1	1	-1	1	1	1	1	1	1	-1	1	-1	-1	-1	1	-1	-1	-1	-1	1	1	-1	1	1	1	-1	1	1
U133A__FADD	8.5432	7.2253	7.5941	7.3694	7.9263	7.3736	8.6319	7.9796	8.0257	7.5068	7.4055	7.7871	7.4981	9.2216	6.8425	7.4372	7.3283	6.8438	7.0393	7.045	8.2105	7.9457	9.9878	7.5091	8.7146	8.1263	8.5757	10.0277	8.4773	7.1372	6.7516	8.0897	7.4219	7.5246	6.8788	7.3984	7.6765	7.8862	9.1575
U133A__DERA	5.5781	5.9419	6.8346	6.1925	6.5152	6.0295	5.272	6.1059	6.7801	6.0139	6.0557	7.4637	8.1627	5.6616	5.2291	7.1835	7.0636	6.7477	7.7884	5.9393	5.0626	5.592	6.2087	5.1167	5.362	7.5361	7.2845	4.8626	5.9168	5.1172	5.9513	8.5474	6.6315	7.1535	6.6148	8.9576	5.3098	7.4364	7.1865
U133A__CAMK2N1	7.984	9.1459	9.4608	8.3458	8.7947	5.1483	8.6556	6.3505	6.2577	8.6715	6.6419	7.179	7.922	9.9631	8.7955	8.3152	6.6618	7.3195	10.0484	8.0878	9.553	7.2483	11.0058	7.6561	10.238	6.867	9.2583	9.8342	9.6245	9.5868	5.7111	9.1636	7.9183	9.5142	9.8937	8.0816	9.4807	8.5041	6.3299
U133A__EDN1	5.6181	8.6414	5.797	6.3088	5.9544	6.7502	6.322	6.6097	5.8748	5.6839	5.9332	6.4236	6.5458	6.1858	7.0866	7.9709	8.3836	5.5065	5.4335	6.9838	4.9851	5.7256	5.2145	5.375	5.5314	7.0877	5.3953	5.5904	6.2204	7.5528	5.9898	6.2008	6.3783	7.6269	6.4276	7.1655	5.059	6.1272	5.2888
U133A__LPCAT1	7.3577	8.9611	8.569	9.6749	7.1029	7.2521	7.0423	7.74	6.6152	6.6098	6.6442	7.3353	6.5708	10.0197	6.1164	7.112	7.373	6.9475	7.7542	7.1383	7.6529	8.2705	7.4954	7.1965	7.3813	7.7236	8.3462	6.6051	6.3507	8.3357	7.0926	5.9251	7.5598	6.6121	7.2444	7.0242	8.9573	6.3502	6.8462
U133A__RPS11	8.733	5.8508	7.0788	7.4744	7.2067	7.6569	6.6613	7.6723	6.1	7.294	7.0191	5.7544	6.6921	7.6675	7.8685	6.7869	6.3032	7.2814	5.7429	8.4126	9.6242	7.3204	7.1407	7.695	7.8463	8.7658	7.2222	7.9554	7.207	10.1389	6.8246	6.6546	6.9884	6.1506	6.37	6.8314	5.6956	7.144	5.9172
U133A__SPRY4	9.1625	7.666	6.7206	7.0909	6.6778	6.1402	6.2326	6.5822	6.2255	6.1928	6.858	6.8281	6.4451	6.6843	7.6043	6.3436	6.0899	6.4449	6.0177	6.9419	6.1993	6.3284	6.8972	6.7042	8.6704	9.0079	6.9669	6.9797	7.1359	7.2561	6.6597	6.6632	7.669	7.7472	7.2227	6.3081	7.6452	6.1551	6.3391
U133A__POMZP3	5.4865	6.9158	5.512	4.8456	6.8032	4.5827	6.9213	5.5264	7.0392	6.9656	5.8224	5.1062	6.2726	5.167	6.7511	6.4184	5.8832	6.3568	6.674	5.9695	5.8044	5.7527	4.6042	5.6313	5.7987	5.8609	5.5526	6.3727	4.785	7.0482	5.1092	5.7715	4.1477	8.0627	4.7271	5.8462	5.25	6.281	8.1041
U133A__SLC22A18	7.9216	9.8466	8.2002	6.9283	7.348	6.2391	7.5694	7.2846	6.1165	7.0052	7.1159	6.0673	7.2986	7.5464	8.2241	7.0656	6.8706	7.6326	7.6014	6.6027	7.2144	7.285	8.8137	8.6316	8.4775	6.4509	7.087	8.9262	8.4863	8.4106	6.5985	7.3737	6.3947	8.755	6.9685	7.2273	7.5805	7.9351	8.1929
U133A__ABCC3	6.7998	6.3802	6.7733	8.3655	6.3588	6.1449	5.6793	6.2483	5.9088	6.1385	7.0839	6.7611	6.6307	6.1827	9.2992	7.0465	6.1176	8.2582	6.1346	6.2558	7.3609	6.4042	6.7686	6.7769	9.4899	5.8987	8.1698	8.4291	6.7496	6.5224	6.1021	6.8492	6.7801	8.2946	7.6244	6.1232	7.6603	6.0687	5.6685
U133A__FAM174B	7.6688	7.039	8.6806	7.2556	6.398	5.5542	6.0659	5.9859	5.9155	6.0452	5.895	5.4407	6.3246	6.3647	7.21	7.2938	5.6754	5.7021	6.1376	6.1391	6.7886	7.0665	6.8153	5.7914	7.8239	5.7429	7.5637	7.1023	6.5758	6.7257	6.0008	5.608	5.8132	7.6422	6.56	6.7379	8.822	6.8445	6.1006
U133A__ST3GAL5	9.5805	6.4839	6.6923	7.1715	6.4751	6.5116	7.1656	6.8297	6.4177	6.6646	6.2875	6.5189	7.4825	7.0233	8.0535	6.7829	6.2111	6.6579	6.0716	7.1331	6.6666	7.2166	7.8029	7.2347	7.3281	7.1366	8.5636	7.8383	6.8596	6.6984	6.6962	6.5316	6.736	6.6495	8.4997	6.4642	6.9124	8.0021	6.7229
U133A__FAM129A	5.0158	3.7621	4.7228	4.3398	5.5046	7.9531	3.6722	4.8097	5.2083	5.9292	4.647	8.5176	6.8051	3.6708	5.0975	5.0773	6.7572	5.0536	8.9458	4.8652	3.935	3.6517	4.1287	6.924	6.5025	6.8604	6.0223	3.8873	3.8552	3.8009	6.1988	6.8953	4.1109	8.3979	4.7178	5.0793	3.9912	6.4028	4.0884
U133A__ASNS	5.7555	6.9915	8.9025	8.6184	7.1894	8.7816	8.0217	7.2217	8.7944	7.2405	7.4364	8.23	7.3351	6.7055	8.3372	7.0562	7.619	7.5599	9.0102	8.0987	7.5216	7.197	7.7174	7.4411	6.7424	9.2835	6.6397	8.0286	6.3197	7.3892	8.7993	8.3637	7.3568	9.2583	11.7898	6.9057	7.4767	6.5745	7.3136
U133A__GALNT6	8.8821	7.3905	8.324	6.7568	9.7521	5.1143	8.8841	6.8554	6.1052	8.3463	5.6143	6.7577	6.284	8.1603	7.455	8.2228	6.9834	5.9045	7.5279	5.4304	8.8602	7.768	8.6096	5.6215	8.65	5.8084	8.4236	9.1485	9.1731	8.7939	5.665	7.8211	5.8236	8.3165	9.245	7.746	9.7446	7.8728	9.2057
U133A__PSCA	6.6794	6.7882	7.2379	5.2285	4.9533	4.2226	4.8065	5.209	4.548	4.64	4.7495	4.3334	5.1205	5.3627	6.3379	7.273	4.5253	4.1651	4.4817	4.9353	4.7136	5.3853	4.4292	4.5383	9.04	4.3378	10.8662	8.2352	4.6424	5.1155	4.7656	4.5504	4.7827	7.0019	6.9657	4.3908	5.4954	4.3161	4.4651
U133A__DUSP4	10.5675	7.7073	7.2673	8.7557	6.0843	4.1033	3.6137	3.1114	3.4129	3.194	3.6057	4.3157	3.8377	6.9902	6.3384	8.2093	3.5935	6.8971	3.1519	5.7101	6.7026	5.4863	8.3122	5.4229	10.2336	8.0304	8.4695	6.9283	6.4106	9.2095	3.1016	6.4878	3.4488	8.006	8.6117	6.152	9.8113	8.4149	6.4699
U133A__MAP7	7.0294	6.9618	5.9371	6.2892	5.0622	3.3979	5.2062	5.9871	5.1248	4.7305	4.9076	6.0043	6.1708	6.1226	3.6918	7.9469	5.9668	4.6054	5.9177	2.8929	7.3712	5.9184	6.9424	3.6628	6.5938	3.1392	7.5058	7.6036	6.3028	6.4188	3.2386	5.2887	3.0559	7.2001	7.7799	5.1143	6.5055	6.9507	5.9986
U133A__FADS2	5.0818	5.4816	5.1322	9.6465	5.6504	8.0394	6.7684	6.6788	9.8575	5.5179	6.906	6.5907	5.6059	5.1901	9.2965	5.744	5.9413	6.749	8.3327	5.5382	5.4518	6.5012	8.1996	5.9069	7.7532	6.8656	6.9474	8.2342	5.3166	5.3886	6.9133	8.1528	4.4817	10.0084	7.0889	5.6521	6.3014	5.7343	8.0881
U133A__IFI35	5.4977	6.6211	6.8837	5.9007	8.0682	6.7676	7.0366	6.3878	6.7278	6.8486	7.4278	6.9672	8.0101	6.8443	7.6942	5.418	6.0747	7.3015	7.4774	7.0745	5.9294	6.2196	6.5578	8.5606	5.4165	7.0996	6.7662	6.195	5.2079	5.7756	8.126	6.2137	6.6562	7.1166	5.7674	7.0133	6.0084	5.5399	5.1334
U133A__ADI1	7.576	8.4126	9.9636	6.0904	7.5485	8.1381	7.1524	7.9559	5.7867	7.111	7.2265	8.4107	8.9165	8.3018	6.6829	7.5084	6.2243	7.7446	7.2521	7.0495	8.7333	8.131	6.9574	8.6245	5.8795	7.4451	8.669	7.2065	8.8698	7.9541	8.3028	6.8774	8.8092	7.8338	7.9971	6.6821	7.0726	6.8236	7.0473
U133A__CDC42	9.1902	7.7859	8.6319	7.387	8.049	8.2784	8.4174	7.3727	6.9527	10.4798	7.8221	8.6507	7.6629	8.2869	7.6158	7.2827	7.6551	7.989	7.7281	8.7232	10.5883	8.6816	8.9952	8.8079	7.4084	8.292	7.8962	8.422	10.2628	7.9201	8.5298	8.7895	9.9012	7.5759	10.5517	7.5621	9.5678	7.3545	7.5374
U133A__IFRD1	5.4877	4.9609	6.223	6.1315	5.37	6.6057	4.5862	4.8029	8.1135	5.2789	8.2698	5.9761	6.4008	5.8931	5.0595	6.959	7.5063	6.305	7.2214	6.5547	7.5278	5.16	4.7386	6.84	4.7622	6.307	4.2376	5.1419	4.3653	5.7774	5.6285	7.0969	5.726	6.0891	6.9652	3.9585	4.1403	5.2741	5.3617
U133A__SERPINH1	7.3383	7.1112	7.8774	8.1094	7.609	10.5733	9.4768	8.1624	9.1995	7.2126	9.7949	9.0328	9.016	7.5828	8.5273	8.1352	9.7503	8.4767	8.1285	9.4153	8.799	8.2441	7.2596	6.5507	9.796	8.2198	7.7041	7.8123	8.1456	7.2836	9.8089	9.2239	8.8404	8.1488	9.6402	8.6763	7.692	7.3527	6.6774
U133A__RWDD1	7.4205	7.7046	8.7215	7.1539	6.7113	7.8573	7.1267	6.7122	7.0839	7.2993	7.7228	7.3589	8.2412	8.0047	5.4506	11.1379	8.4297	7.6919	7.4456	7.9971	8.4697	7.1268	8.3973	8.1803	7.8542	8.3264	7.9228	8.0948	8.1495	7.8762	8.1894	7.0984	8.5174	7.9832	8.9298	7.2329	7.6671	5.5182	7.5395
U133A__TMEM30B	7.5328	6.8901	7.6466	7.4005	7.841	4.5145	7.2183	6.9133	4.3056	6.7918	4.8118	6.6057	6.9381	7.4909	6.1509	8.128	5.2438	6.5212	6.4775	4.5702	8.4178	7.6244	7.2188	4.4832	7.1355	3.5723	7.4901	7.0626	7.6142	6.6801	4.1736	7.2792	3.6516	8.0335	3.6461	7.2677	8.2243	6.7906	6.8931
U133A__NFIB	5.1049	8.0429	7.1621	5.5476	8.2244	6.5844	7.7382	7.2318	8.0784	6.7958	8.4369	4.8136	6.7973	7.8837	8.0486	7.8088	8.563	6.8395	9.0065	6.3652	6.5391	6.6523	3.9047	5.8632	5.138	6.9184	6.2054	5.2087	8.4052	7.2966	5.089	7.8456	6.1568	8.5853	5.6226	7.4827	7.2677	7.2396	8.705
U133A__C14orf132	6.5685	5.8874	5.444	7.5794	9.1172	5.7191	8.9151	5.7685	5.747	7.4848	6.0918	5.6316	6.0757	6.1224	6.1424	6.5911	5.947	6.5909	5.5007	6.5415	7.2414	7.1242	8.7075	6.9817	8.2171	4.9994	8.7207	8.7824	6.2356	6.2289	6.637	6.0698	6.9631	5.5102	6.156	6.6175	9.5821	5.5833	6.6772
U133A__PHLDA2	5.3424	8.2473	7.9863	4.3806	6.72	3.5057	6.7397	5.2006	4.2696	5.6983	5.0851	7.219	6.1805	8.3388	6.6272	5.2793	7.7485	7.1033	8.0232	8.1311	8.3743	6.4542	8.5457	8.4178	8.7775	9.2722	6.4911	7.7236	7.0746	6.4241	2.9468	8.0806	7.9463	7.5742	6.0942	4.5074	7.5556	5.036	8.6972
U133A__HK2	7.7927	8.267	6.0513	9.3905	8.5865	7.1092	7.2637	6.3978	6.9276	5.9444	7.0521	6.4244	7.008	7.3448	7.9834	7.8368	6.4973	5.5445	7.3185	6.4854	8.2568	7.2834	7.5312	7.3908	7.8934	7.3739	8.0615	7.0305	8.3238	8.5453	6.3299	6.9952	7.351	6.437	7.3711	5.651	8.9271	9.8284	7.313
U133A__CRISPLD2	5.923	7.4687	6.8837	7.2715	6.6231	8.8524	5.9012	6.0864	9.8636	6.5173	6.1973	6.2995	8.7598	6.864	7.2833	7.1847	6.9195	8.9948	7.1804	7.4314	5.9925	6.5184	5.8596	7.0327	6.0859	6.0414	7.68	6.3421	6.3528	6.2556	5.9922	6.2245	6.4427	6.2122	6.1095	6.9753	6.1861	6.4316	6.7485
U133A__FSTL1	6.755	6.2572	6.8274	5.936	6.4877	11.5266	6.0422	6.8735	6.4112	6.7142	7.1585	8.8436	9.9158	7.9294	6.0962	8.8284	9.2432	9.4494	8.6058	10.846	5.9821	5.6398	5.7112	9.7716	6.2036	8.6291	5.7009	5.857	5.6561	5.9557	9.5334	9.6656	8.1824	8.1404	5.6432	6.6733	5.5658	5.9264	5.6587
U133A__PPFIA1	8.222	7.9599	7.9301	7.1884	7.8838	7.0274	8.5832	8.3418	8.344	7.1162	7.0373	7.8089	7.7219	8.2808	5.7476	7.2867	7.3136	7.6061	7.4591	6.8513	7.8672	7.3332	10.3877	7.0079	8.1786	7.4321	8.5446	9.1744	8.4555	7.0867	5.8705	7.8299	6.9337	8.1568	7.8003	6.829	7.449	8.544	8.682
U133A__OLFML3	9.97	5.3081	9.7144	5.3192	6.7218	5.3782	7.0703	5.1553	5.1984	5.6925	5.3028	5.0756	5.1815	5.923	5.6461	5.2178	5.2158	8.3868	5.0129	5.8138	5.7375	5.6236	5.083	8.1614	5.9918	5.1686	7.0991	11.2489	5.3198	5.5029	5.2177	5.0772	5.0617	4.9577	5.2839	8.6052	7.0747	5.4056	5.2026
U133A__EPAS1	7.5586	9.4435	9.3385	6.5628	6.6454	7.1099	6.6122	6.878	5.9279	7.9068	9.1876	9.0687	8.1309	8.2067	8.4481	11.134	8.0527	8.9875	8.7955	7.4187	9.242	7.7912	8.5965	8.4085	9.4821	6.3178	8.0953	7.8271	7.9185	9.5402	6.3055	8.8077	8.0257	7.1293	10.3129	7.6909	9.5309	7.7552	6.3461
U133A__TSKU	11.0637	8.2421	8.5092	9.0798	8.5228	7.578	7.5767	7.5938	7.6168	8.2058	8.1601	8.241	8.0502	8.5889	7.7331	7.7436	8.2928	8.165	6.5287	7.4395	8.035	8.24	8.9638	7.4804	8.8192	7.5084	9.0219	8.4862	8.7443	7.8671	7.6819	8.0746	7.4697	8.4816	8.7885	7.7775	8.559	7.7132	7.2394
U133A__ATP2B4	5.5028	6.4581	5.6892	6.2711	6.5316	7.4579	6.2252	7.9768	8.6033	6.5555	8.1858	6.1822	7.6065	6.2598	5.4094	6.0514	7.1387	6.0959	8.4166	6.8174	5.3141	5.5657	5.8025	7.2595	6.0334	5.3436	5.9318	5.2475	6.1616	5.4998	6.1145	6.4583	7.7021	5.834	6.194	5.4313	5.9803	6.754	6.4627
U133A__NEDD4	5.8766	5.7439	5.9958	5.8644	5.7051	8.7922	7.1953	5.5039	5.1218	6.4833	5.2576	5.4214	5.58	5.8284	4.7364	5.4936	5.4286	5.4974	5.2635	6.0369	6.1024	5.4419	6.1074	6.471	5.8631	8.2282	6.2391	6.6502	6.199	5.913	6.1135	6.0024	7.5448	5.6606	6.7903	5.6626	6.515	6.1297	6.457
U133A__KANK1	5.1845	6.3431	4.3153	4.4629	5.8517	6.3967	4.9071	7.1835	6.6344	4.4494	7.8058	6.3191	6.8472	5.5078	4.8784	4.5401	6.1554	7.7999	8.4046	6.2557	5.5361	5.3198	4.7946	4.5636	5.0467	5.6924	4.7356	4.2955	5.7617	5.8712	5.7353	5.6835	7.4	6.7284	6.1543	5.6976	6.0245	5.7133	6.2831
U133A__GOLGA8A	5.5482	5.624	6.4387	7.8406	6.2792	7.9159	5.1443	6.1268	6.5558	3.9995	6.2642	7.0239	4.5668	5.7512	4.8288	6.4569	5.5296	6.6093	6.9683	4.5496	4.7798	5.7913	4.5748	6.1873	5.6399	5.1079	4.7992	4.7586	6.2041	5.4125	5.9638	7.2451	4.9087	7.0286	8.1643	5.205	7.8459	8.5237	7.3475
U133A__OPTN	6.6894	6.7093	6.5911	5.5393	6.345	8.1659	6.364	7.7235	9.3179	7.3846	7.9131	7.5348	7.1387	6.3321	6.0953	6.655	7.9647	8.647	8.9296	7.0793	4.8093	6.1075	7.0115	8.782	5.5732	6.5546	5.5827	6.3509	5.1888	6.4005	8.6671	7.8784	6.3001	6.6209	5.9897	6.853	7.3481	5.5903	6.235
U133A__PFAS	5.8087	7.2736	6.9577	6.1119	6.5991	8.7473	6.1154	5.5604	6.2578	6.0204	6.3444	7.593	6.4576	6.8626	6.2873	6.5166	6.7627	6.3816	6.5395	7.3623	6.2854	6.3664	5.9483	7.0189	5.7511	7.8924	5.9161	6.185	5.9481	6.517	6.6954	6.8338	7.343	6.0204	6.034	6.4774	6.2811	5.549	7.0923
U133A__DUSP5	7.6295	7.0306	7.8362	6.1554	6.2521	5.6553	7.0349	5.5241	6.242	6.093	5.2299	8.4126	6.6074	7.683	7.2017	7.5148	6.6761	5.9641	6.5042	6.1613	6.2056	5.9694	9.9643	6.0573	6.8074	8.367	7.0374	7.2295	8.285	6.5797	6.8912	5.9106	8.5354	8.3635	7.2854	5.7443	7.4625	8.0069	6.4727
U133A__PHGDH	7.4108	7.1537	10.3442	8.105	6.4854	8.4641	6.9078	7.2091	9.3914	8.3536	7.7658	8.2451	8.4218	7.6994	8.82	7.1137	7.4823	8.446	9.7916	7.6953	7.2645	6.7722	5.8624	7.797	6.6487	6.6278	8.0502	7.8655	7.9675	6.7189	9.1647	8.0666	6.5386	9.7963	8.2777	7.7695	7.4865	7.2748	7.6427
U133A__RUNX1	8.1168	6.4529	6.7016	7.2102	7.6375	7.0667	6.7722	9.4792	5.2955	6.473	6.4426	6.3102	6.968	7.4652	6.4373	6.8471	6.2546	5.7046	7.1706	6.6078	7.3539	7.0636	7.7735	6.0855	7.126	7.0236	6.7931	6.9141	6.9143	6.3567	6.6728	6.5636	6.6512	6.8718	7.5332	6.8964	7.9102	6.91	6.9437
U133A__MAFB	4.2939	5.2209	6.2054	6.0526	7.1675	4.5699	8.118	4.4545	6.0147	5.8886	5.9523	4.6033	8.0513	5.6472	7.7452	5.899	5.4665	8.7595	6.8573	6.4104	4.5053	5.7821	6.9794	6.131	5.4416	4.4014	6.1242	5.0501	8.6345	4.3436	4.4115	6.6507	4.4563	7.0174	7.4185	5.1496	5.3409	5.6559	6.4191
U133A__IMPA1	5.2363	5.5406	5.9502	6.2377	7.4474	7.8499	6.6765	6.7184	6.6645	7.2692	6.5049	7.2301	6.5723	6.7778	5.7266	6.2072	6.3296	9.1622	7.2514	8.1778	6.2839	5.8652	7.2879	7.6629	5.4641	9.0728	6.6845	5.8907	6.172	5.4364	7.0298	7.1631	7.3519	7.4269	7.1394	6.7237	7.0669	6.539	7.6335
U133A__EIF5A	6.1532	10.2322	11.5081	6.6804	8.676	10.141	10.3505	7.0561	6.2771	10.4307	10.9743	9.7164	7.3039	9.2206	10.7045	10.6954	11.0518	6.7936	10.9733	11.4584	6.2508	7.0806	7.2351	10.9628	6.3987	9.8155	8.213	8.5732	9.7217	9.4725	10.7482	11.3354	10.6383	5.9167	10.9772	6.6051	6.774	8.3558	9.9089
U133A__SCGB1D2	12.0295	5.9787	4.3246	7.4401	4.2367	4.2012	5.4419	4.6072	4.468	4.4654	4.979	4.1649	4.2359	4.5342	4.8032	4.6409	4.3858	4.3554	4.1849	4.42	4.4166	4.8656	4.8114	4.6315	7.8355	4.3171	10.0737	11.5815	4.2609	4.5471	4.4279	4.1243	4.5642	10.427	7.4584	4.425	11.9399	6.8625	4.441
U133A__CDS1	6.9342	8.169	7.1014	6.1529	6.9943	4.6661	6.6883	5.7098	6.1086	5.7983	6.1974	6.6959	6.7502	7.3118	5.9499	6.8258	6.321	5.7782	6.6791	5.005	6.6497	6.3397	7.0044	4.9123	6.9792	5.0018	7.4359	6.9108	6.7669	7.3771	4.7441	6.4201	5.4182	7.0352	6.8814	6.4939	6.8096	7.0282	7.4944
U133A__FSCN1	3.369	3.2745	4.1782	4.2562	3.5981	6.8288	3.5641	7.4718	7.3668	3.5026	4.799	8.6923	4.2376	6.351	4.1064	3.3774	5.0647	4.406	8.2875	6.7558	3.4491	3.7885	3.2768	6.3371	3.2977	4.8134	3.4193	3.3392	3.2127	3.3518	4.4109	7.3365	8.0143	4.202	3.2502	3.4463	3.0805	3.2264	5.344
U133A__RAD21	8.2096	7.7055	7.6445	8.5206	8.3131	8.1485	8.1021	9.1474	7.5065	9.4411	8.6981	8.1393	9.6401	10.063	6.8455	11.1987	8.8277	8.1514	8.8227	8.1736	7.6588	8.3294	8.1991	8.0581	7.9308	8.1093	7.4815	7.3019	7.9975	8.9353	8.3873	8.0969	7.9974	8.9114	8.7324	8.0762	7.7228	8.5605	7.7304
U133A__CALD1	4.2559	5.8786	8.3527	3.9365	4.9682	7.9225	3.6763	6.2884	9.1905	3.4181	8.0223	6.0784	7.1754	4.4506	5.9083	5.5558	9.2409	8.6378	8.8403	9.3954	3.6019	3.9175	4.3435	7.5768	4.9728	7.2995	5.0421	4.1759	3.5041	4.7812	7.3616	7.3157	7.8436	8.0238	6.7517	4.3805	4.0465	4.0081	3.6434
U133A__NFE2L1	8.2804	7.7434	7.8276	8.2998	7.9707	7.6509	8.0389	9.8821	7.1355	7.8831	8.6673	8.0502	8.5971	7.4599	7.7905	7.9417	8.4717	8.445	8.0531	8.0109	8.4411	8.5213	7.4537	7.3248	7.4906	7.9701	8.893	7.935	7.7687	7.4362	8.4148	7.889	7.8649	9.2852	9.0828	8.5447	8.1149	7.9741	8.136
U133A__LY6E	9.8781	9.5357	9.268	9.4498	9.2443	7.4881	8.6046	9.6208	8.1823	7.094	10.4748	8.1025	10.8174	9.4792	8.7985	9.1314	8.5848	7.4401	9.2918	8.6573	8.4491	8.9779	8.4527	9.2958	11.0628	7.144	9.5073	8.8492	8.8044	8.6974	6.3992	8.3921	7.15	10.6976	10.3601	8.581	10.4302	7.4261	8.5009
U133A__TWF1	5.5084	4.4222	5.9488	6.6463	6.0045	5.5635	6.9623	5.9922	4.6291	6.6905	5.6328	6.1548	6.9483	8.4203	4.8132	7.0744	6.4329	5.2535	6.2329	5.6756	6.0343	7.2103	5.6348	5.244	5.2969	5.6623	5.5977	5.005	5.403	5.5177	6.2422	6.9222	7.1039	6.0657	6.9819	6.8472	6.2073	7.887	6.4851
U133A__ASPH	5.3746	6.8366	8.484	6.5254	8.1324	6.8716	5.3035	6.5755	6.2036	6.0212	7.3679	7.8645	7.2219	8.1345	4.4642	5.177	5.7293	8.8405	7.2005	8.9386	6.6102	5.3359	6.6341	7.0177	8.5437	7.5871	7.8154	6.9904	8.6886	6.7725	7.7094	6.3051	7.5512	8.0946	8.6961	5.212	8.2391	5.9685	5.6668
U133A__UGDH	6.482	6.7529	6.4419	6.8611	5.8761	6.321	6.038	5.7267	5.769	5.2899	5.8534	7.6982	5.3336	7.1465	5.2938	7.0645	5.7286	7.0553	6.1708	8.5648	8.4522	8.6115	7.238	6.6717	6.9367	6.677	7.7434	7.2057	6.0354	5.8508	6.5282	5.6305	6.2732	6.1272	7.3335	5.1217	7.0978	5.2124	6.2117
U133A__WWTR1	5.5378	5.4353	5.7299	3.966	4.1743	7.3987	3.3913	8.3892	5.0729	5.616	6.4266	6.3704	8.6394	6.8808	4.278	8.0557	6.9231	9.3347	8.5677	7.4314	3.8181	3.8193	3.4958	6.5088	4.0356	6.9541	4.5266	3.6265	4.75	5.0238	7.8837	6.1643	5.4187	6.5895	8.0272	5.8601	6.6523	5.1135	3.6301
U133A__NAMPT	5.9078	7.5425	7.6434	7.1369	6.1052	7.5271	6.5232	5.9372	7.4207	5.6088	6.7065	8.1311	7.3738	7.3141	5.4208	6.6757	6.4502	6.6746	7.6402	5.828	7.1487	6.4945	5.6817	6.255	5.5494	8.1958	6.5858	6.2031	4.6505	6.4053	5.6559	8.4488	7.3949	8.3478	7.0908	5.2057	6.5646	7.9709	6.2666
U133A__PIR	4.6997	6.0985	5.6555	5.1577	4.6415	5.9744	4.6417	4.5998	5.8591	5.8861	6.3592	6.5985	7.4658	4.0181	4.883	4.9194	7.3016	5.6805	6.7355	4.7965	5.0436	4.9141	4.1856	5.7721	4.0657	5.3994	7.2433	8.1638	5.4722	4.2441	6.8605	4.6306	6.0726	7.0525	7.6523	5.3672	5.9331	6.0265	7.9715
U133A__G6PD	7.419	10.257	10.9347	7.6085	8.2352	8.511	8.3055	7.1968	6.9496	9.2814	8.0679	9.3686	7.6264	10.5808	9.6087	7.7827	8.1939	8.8272	8.4124	9.0366	10.2266	10.4884	8.2878	7.8584	9.4783	7.5137	10.8347	8.9439	11.0569	9.6004	7.0779	9.3761	8.2127	10.6344	8.6083	7.5745	8.9033	8.575	9.736
U133A__RHOB	10.4942	9.873	6.3164	11.0388	10.4831	6.7962	11.0472	6.5967	5.3472	11.2735	6.8223	5.304	6.3977	6.8571	10.6523	9.5881	6.7605	5.6554	4.5314	6.3916	9.3614	9.9117	11.0411	7.4355	10.1894	6.7163	10.5222	9.9235	10.7721	10.9564	5.3243	5.6316	8.7454	8.1457	9.765	9.1037	9.9938	10.6561	10.3209
U133A__CTNNAL1	6.8072	5.2576	9.176	6.5586	5.9492	9.2333	6.7237	8.725	5.2291	7.0447	7.3007	9.0378	6.3929	8.7139	6.2145	6.4033	6.7594	7.8544	6.5949	8.1258	6.7643	6.5967	7.0346	9.6872	6.7579	10.2032	7.1815	7.3743	6.467	5.4645	8.052	8.7128	8.9356	4.743	6.401	7.5563	7.1744	5.9706	7.1552
U133A__GPRC5C	7.4235	6.1309	5.8727	6.7046	6.796	5.3902	6.9703	5.6507	5.5117	6.314	5.8513	5.5639	5.7202	5.8357	8.0014	6.4456	5.8599	6.2879	5.6807	6.194	6.4966	6.7739	7.9681	9.0957	7.5182	5.7214	8.3154	6.1173	7.1564	6.0889	5.7109	5.5935	5.16	6.437	6.2738	7.4572	7.4876	7.2886	6.3964
U133A__SCGB2A2	12.5001	9.593	3.0538	9.5207	3.1087	2.9103	5.8738	3.1328	2.8172	2.9434	2.9623	2.7929	2.8795	2.9099	3.0077	2.8891	2.8798	2.8879	2.7576	3.369	2.9816	4.6257	3.0305	2.8088	10.2856	3.165	12.2953	13.1034	3.0112	7.9518	2.8817	3.129	2.9541	12.1822	11.7075	2.9576	11.7693	8.7525	3.3738
U133A__MFAP2	6.1012	6.6076	6.4087	5.9402	7.111	7.5045	5.7163	6.9391	8.4452	7.7932	6.2262	8.1355	7.0665	6.1253	6.5223	6.7741	5.872	7.9716	6.0081	8.2035	5.8531	6.5901	7.7756	6.9779	6.299	6.5138	6.3103	6.1716	6.4924	6.7567	7.848	8.0483	6.2524	5.8981	6.033	6.5117	6.0933	6.4525	6.9361
U133A__MREG	7.2904	7.4837	6.8632	7.3162	7.6224	4.1264	6.9158	4.9852	4.4452	7.6384	6.6941	7.6708	6.2989	5.9287	4.3678	7.3828	6.2187	6.2332	6.664	4.6508	8.3801	8.8786	8.0033	5.5713	7.5852	5.3909	8.2337	7.7519	7.482	6.9532	4.3075	6.558	4.6489	7.7298	7.2458	7.0424	8.2713	6.0785	6.4466
U133A__CA12	9.2856	6.8362	5.5018	6.6024	10.0646	4.94	9.4907	5.3522	5.2704	9.9923	5.8997	5.8965	5.9293	4.8096	8.2238	5.138	5.3006	5.185	5.1204	6.4199	7.0757	8.7923	10.1694	5.1916	8.8035	5.7859	7.8998	10.1217	9.7319	8.5665	7.398	5.5183	8.3814	4.9204	8.1588	9.8759	9.6625	8.016	9.0498
U133A__LDHB	4.1912	9.5557	4.0631	7.7198	7.4019	11.1499	3.7442	10.2809	11.5671	9.3184	11.4528	11.4705	11.0616	3.5408	6.3778	11.1987	10.7072	11.2496	8.8148	11.0885	3.5489	4.7582	3.8705	10.5632	11.012	11.6052	10.7455	9.8168	3.3627	10.4303	10.9508	11.7129	11.5033	6.9071	10.3626	4.7713	8.3895	3.3083	3.6779
U133A__ANP32E	7.7696	7.1675	6.183	4.7827	8.1079	8.5756	6.3299	9.2043	9.8021	7.8249	7.8684	7.971	7.8101	3.4688	6.0967	7.0035	8.1617	7.4757	9.4891	7.3647	7.0967	7.6872	7.282	6.932	7.591	9.3323	5.9998	7.3604	7.4851	6.1264	8.0691	7.2748	8.2153	7.9594	7.1498	7.5878	8.6942	6.7701	8.739
U133A__PPFIBP2	6.7549	6.3345	4.8049	7.4348	6.1149	4.4968	6.0418	6.4455	5.3026	5.1869	5.4586	4.7554	5.4037	4.6165	6.349	7.4999	5.2311	4.6232	5.0742	4.2075	5.4242	4.8287	5.6702	4.5175	7.6244	4.6322	6.4314	7.3432	7.8022	6.3835	5.0991	4.7511	4.6531	6.6225	6.8047	4.696	7.4245	6.0795	4.9504
U133A__KAZ	6.887	9.3271	7.3713	6.8696	6.9423	5.0339	7.2092	7.3067	7.019	6.1357	7.4731	7.073	8.0966	6.6288	6.8015	7.2085	7.7884	6.4812	8.9155	6.7695	6.486	6.7372	6.1829	5.3989	6.2572	5.2274	6.6177	6.5172	6.8356	8.3375	8.3053	5.2192	5.4891	8.3304	7.1619	6.3025	6.7496	6.8171	7.1912
U133A__FADS1	5.3104	4.4739	5.6559	8.0702	5.4823	9.0096	5.3236	6.1392	7.5248	5.3496	7.8723	8.1328	5.7481	4.6693	7.3749	5.6732	4.5489	8.1703	7.1886	7.1482	7.4537	7.4987	6.9271	7.0149	6.0625	7.8986	5.6721	7.4793	5.9334	4.5959	7.3449	8.8393	7.1644	8.0054	4.7401	5.7566	6.9044	4.3667	7.3382
