Cell lines	600MPE	BT474	BT483	BT549	CAMA1	HCC1143	HCC1395	HCC1419	HCC1428	HCC1569	HCC1806	HCC1937	HCC2185	HCC3153	HCC38	HCC70	LY2	MCF7	MDAMB134VI	MDAMB157	MDAMB175VII	MDAMB231	MDAMB361	MDAMB415	MDAMB453	SKBR3	SUM1315MO2	SUM149PT	SUM159PT	SUM185PE	SUM225CWN	SUM52PE	T47D	UACC812	ZR751
Response	-1	1	-1	1	1	-1	-1	1	-1	-1	-1	-1	1	-1	-1	1	1	1	1	-1	-1	-1	1	1	1	1	-1	-1	-1	-1	1	1	-1	1	1
EA_G__EIF5A2	5.0671	5.3636	5.4876	7.0288	3.9816	6.5229	6.4989	4.0049	6.0151	6.4365	8.0195	8.5671	4.1127	7.1292	7.9963	5.1445	6.4023	6.2623	4.3311	7.3762	6.1378	6.8793	3.7667	4.1613	4.6846	5.9985	6.7265	6.2262	7.4626	5.477	4.3927	4.1756	6.6644	4.8266	4.4717
EA_G__CTNND2	5.4629	7.5316	6.6776	5.4046	7.6145	5.578	5.2439	7.9285	5.2685	7.2004	5.5369	5.2641	7.6463	5.6685	5.1254	5.7386	7.963	7.877	7.7465	5.4372	7.0886	5.2979	8.3406	8.2045	7.5643	7.5688	5.3627	5.7529	5.5902	6.5579	5.7347	5.943	5.4129	7.3165	6.9607
EA_G__MB	5.5817	7.2958	5.4405	5.2965	6.4939	4.99	4.5217	6.6331	5.3755	4.4841	4.3542	5.2556	8.1329	5.7617	4.0266	5.7767	5.9646	5.6589	5.4337	3.8807	7.0531	4.2898	7.3515	7.1651	5.9651	7.5111	4.3969	4.8076	3.9391	5.781	6.2852	6.3506	5.5164	6.4085	7.0086
EA_G__RAB27B	9.4487	9.7252	8.7548	9.9569	8.8503	7.2326	5.5529	9.6875	7.5786	4.7529	6.7212	7.2258	8.5582	6.7514	6.7386	8.7507	8.1154	8.2999	9.2784	6.2771	8.7808	5.1949	9.7182	9.0257	9.2615	8.2384	5.5805	6.4372	6.374	8.4761	8.9339	8.1278	7.9657	8.0961	10.0686
EA_G__LHFP	6.1614	5.4274	5.774	8.7766	5.1859	7.2268	7.5145	5.1002	7.5025	6.0825	7.0349	6.7126	5.3806	6.8659	7.1626	5.8128	5.8162	5.6178	4.9328	7.6395	5.7058	7.2848	5.1617	5.2191	6.2937	6.4466	7.4815	5.9507	7.0226	7.117	5.2327	5.7135	6.1764	5.4187	5.6329
EA_G__ALDH3B2	7.8751	11.3608	8.8077	5.8866	9.7334	6.4255	6.1384	9.5823	7.6199	7.7955	6.3071	6.4469	10.2674	6.2786	6.047	6.1466	8.5602	9.6127	10.4301	5.6515	9.014	5.9874	10.8628	9.2617	9.5867	8.9624	6.0873	8.4091	5.947	8.3315	10.3339	9.1412	9.1133	9.2081	9.9559
EA_G__SELENBP1	9.3821	9.1265	9.3341	5.4145	10.1056	5.6859	8.1306	9.097	8.0519	8.1768	5.6338	7.0976	10.3951	5.9801	5.5176	9.058	8.4871	10.0174	9.0404	5.6347	8.8152	7.434	9.528	10.4363	10.1032	10.6142	5.3724	6.0275	6.422	9.7696	9.591	9.8577	8.6891	10.0604	10.8426
EA_G__GPD1L	7.1581	8.9161	7.7328	6.4188	7.7827	6.2488	6.2165	8.38	7.4073	6.0314	6.2961	6.7928	9.6036	7.1174	6.939	6.6889	8.6801	8.5606	7.1846	6.3214	7.8672	6.7807	8.9259	7.8841	8.5556	8.1451	6.377	7.0466	7.118	8.1813	7.3485	8.142	7.77	7.872	8.385
EA_G__PIB5PA	6.827	8.2578	6.7071	5.9039	9.6074	6.094	5.745	6.4018	5.6085	5.7297	5.4173	6.1321	8.1127	6.2215	5.7362	7.4908	6.5917	7.1141	8.8762	5.4621	7.9441	5.8495	7.7113	8.0325	8.7984	8.1997	5.6103	6.7177	5.7789	8.9248	8.6425	8.3854	7.2749	8.3268	7.7171
EA_G__GAS6	8.408	6.2495	7.4227	8.7318	6.9574	8.0175	8.2738	5.6314	8.2318	6.8698	9.5241	8.0954	6.0168	7.7492	8.9542	6.1677	6.3184	6.3637	6.9333	9.0093	7.2096	8.1029	6.1465	6.9816	6.629	6.2172	7.3513	9.7676	8.4195	6.3654	8.4263	6.6006	7.6072	6.1753	7.0646
EA_G__KIAA1324	9.1151	9.9689	9.3165	4.7668	10.7206	4.988	4.92	9.8157	9.2718	5.0802	4.8433	5.3249	8.9328	5.2349	4.8067	6.1461	8.0162	10.4682	9.8777	4.8393	8.4161	5.5117	10.5581	11.1607	8.8761	8.3421	5.2686	5.0444	5.1043	8.8778	10.1644	9.1857	8.7249	9.1258	9.4421
EA_G__FOXA1	9.78	10.3303	10.2426	5.7805	10.2446	6.6946	5.6298	10.1068	9.1466	5.6115	7.0308	7.1831	9.8686	7.3927	5.4563	7.5836	9.5923	9.8998	10.0039	5.6855	9.643	6.0524	10.1447	9.4248	10.0194	8.8238	6.1961	6.457	6.1073	9.5103	9.6063	9.8896	9.6996	9.7959	10.3109
EA_G__MYB	6.4454	7.7499	7.6455	5.0163	7.364	5.9692	5.1898	8.3839	7.6386	5.2504	4.5412	5.2464	8.0208	5.3536	4.5154	5.93	7.1808	8.0709	7.0712	4.4789	6.9476	5.6926	8.6746	7.4365	7.2492	6.6892	4.7019	5.5426	4.7383	6.1985	6.1338	6.9719	6.8456	7.1594	6.537
EA_G__CYR61	8.1331	6.2582	7.0497	10.1687	6.6562	8.8232	7.8517	6.3522	6.707	7.4924	7.1965	9.2169	7.3317	9.6694	10.232	7.091	6.3553	5.982	5.9694	8.6434	7.9536	11.0584	6.8937	6.6652	6.7454	8.1061	10.084	8.4031	9.4395	6.6971	7.8889	6.4717	6.9073	7.0874	6.1877
EA_G__SLC39A14	7.2392	6.7073	6.6778	9.7325	7.094	7.6136	8.189	7.4083	7.1434	8.5716	7.6742	7.7243	6.898	7.8345	8.1108	6.6582	7.1446	6.7092	6.6707	7.542	7.0018	8.3485	5.9451	7.0796	6.3629	7.3537	10.7989	7.488	8.4903	7.7988	5.7332	6.6494	7.0208	7.5143	6.2866
EA_G__C4orf34	8.8336	9.2875	9.0579	5.2272	9.1582	4.721	8.1851	9.7532	7.4229	7.588	5.1128	6.5668	9.1999	5.4193	6.848	8.0783	8.3072	8.1002	9.1603	6.5726	8.8801	5.1194	9.9662	9.103	8.0987	7.3907	8.1597	7.0955	5.3506	8.451	9.2518	9.4196	8.058	8.6313	9.0896
EA_G__KIAA1244	8.6271	7.9794	7.8373	4.7103	7.731	6.7773	4.9291	9.7452	7.5222	5.2587	7.0398	6.8008	9.4749	6.767	4.6396	7.3284	8.4806	8.5158	8.9598	4.7583	9.0587	6.9271	9.3135	10.3382	9.7247	8.5838	6.5364	5.8571	5.421	9.2156	9.3295	10.1233	8.0033	9.1089	8.061
EA_G__XBP1	11.283	11.4285	11.4319	8.6723	11.3432	8.5408	9.4895	11.6752	10.8517	8.688	9.1233	8.734	11.2423	8.6586	8.207	9.7409	10.908	11.5332	11.3709	8.4505	11.6948	8.6487	11.8604	11.6993	11.4718	10.6695	8.502	8.3625	9.0461	11.0474	11.1889	11.1636	10.9799	11.4501	11.6409
EA_G__ARHGAP23	7.2203	5.8044	6.1833	7.0529	5.4752	6.3843	6.3489	5.4214	5.2812	6.1932	8.4672	9.3409	6.4165	6.8485	7.6738	6.8463	5.9048	5.7858	5.5407	7.3588	5.8461	8.653	5.7958	5.8236	6.2527	5.9964	6.9923	6.3647	8.3173	6.3409	6.3077	5.9923	7.0707	6.1537	5.8307
EA_G__GLIPR1	3.2087	3.4702	3.5103	8.225	3.4968	6.1064	7.0228	3.3575	3.7556	4.2416	6.6397	6.1565	3.5767	6.5325	8.5465	4.8932	3.6517	3.3135	2.8019	7.2825	5.5198	6.9605	3.1331	5.5399	3.7158	3.6556	7.0461	6.3423	9.0025	3.6353	4.0555	3.3701	4.2331	3.4115	3.1647
EA_G__ARNTL2	6.1217	4.8596	6.2176	6.4819	3.8273	7.7471	6.5566	4.5198	3.7394	5.7917	9.3976	8.4682	5.9108	7.6544	6.7791	6.4344	5.4205	5.5538	4.4456	4.9612	4.6794	7.737	5.8374	4.5655	4.671	4.5466	8.1851	7.4415	7.0224	6.74	4.5638	5.8324	5.2486	4.1156	5.0043
EA_G__KIRREL	7.5887	5.6081	5.7258	10.3544	5.5244	9.7389	9.7405	5.3224	5.3906	10.1946	8.1	9.2642	5.5174	9.3051	9.8443	7.0456	5.8194	5.7806	5.2632	10.0757	6.4854	8.5703	5.2519	5.8751	6.4035	5.6421	10.2171	8.5799	9.3106	5.6723	5.8787	5.7361	6.8062	6.3514	5.7109
EA_G__YIPF1	8.1538	8.3387	7.4043	7.2018	7.6327	6.9169	7.0897	8.6056	7.8128	7.3801	6.5796	6.9075	7.7843	7.0031	6.9285	7.6619	7.168	7.7474	7.5846	7.1724	7.4127	7.3375	8.7118	8.8558	7.7027	8.1777	7.4907	7.4336	7.036	8.3011	8.8785	7.9406	8.1006	8.0957	8.5275
EA_G__SPDEF	9.8828	10.7931	10.5658	5.6685	11.013	5.9359	5.7703	10.7443	9.8237	6.0475	6.0136	6.4407	10.0929	6.9762	5.6718	6.3194	10.0469	10.246	9.7584	5.6466	10.4039	7.0764	10.5661	10.3098	10.5877	10.0553	6.1331	6.4231	5.9152	10.0886	9.922	10.6581	9.6624	10.226	11.1169
EA_G__ALDH4A1	6.6137	9.6464	7.5347	6.4231	8.4263	6.2446	6.1997	8.3781	7.28	7.0017	6.8621	7.236	8.1332	6.577	6.5174	8.276	7.8706	7.9981	7.9767	6.5559	8.9964	6.44	8.6197	7.9773	10.1902	8.6634	6.6103	6.757	6.4059	8.2904	6.8675	7.3929	8.1326	7.6348	9.4543
EA_G__CAV2	6.8437	3.7097	5.5046	9.6475	3.2968	9.8419	9.5411	3.41	6.384	6.665	9.7361	10.2366	6.3564	9.7925	9.8782	9.1849	6.8317	4.985	4.251	9.9149	5.9759	8.7015	5.0696	5.7687	3.9831	6.1201	9.4274	10.0236	8.9668	6.5462	7.0424	6.8936	3.7499	5.2992	4.0191
EA_G__CTNNAL1	6.2431	6.4387	5.6072	8.7735	6.3931	8.1612	7.0137	7.1051	6.4816	7.2239	8.0383	7.9871	5.4545	6.4832	7.6805	5.2114	6.1901	5.6676	6.3907	8.9997	5.5644	8.7663	6.723	5.544	5.0793	5.2778	7.4006	6.8008	8.0664	7.008	3.6217	5.7089	6.5608	6.3006	5.4776
EA_G__C20orf42	3.4376	3.8664	5.7135	6.0366	3.6472	7.5292	4.1794	3.3863	5.1534	6.995	8.7192	9.0772	4.6405	6.635	6.317	5.5793	3.838	3.8146	3.6969	3.6306	6.0091	7.1876	3.542	4.684	4.2703	3.8293	5.3947	7.4157	7.0976	4.1238	4.2218	3.7979	5.7945	4.0094	3.5256
EA_G__OBFC2A	8.663	5.7752	5.5617	8.0921	4.5264	8.1177	8.5995	6.3325	5.6037	7.6901	9.0276	8.7656	6.3893	8.8214	9.7788	7.8827	6.4123	6.7442	5.6996	8.2834	6.6746	9.4543	5.5142	6.1973	6.3699	6.996	8.5565	8.4307	9.0169	7.7607	7.9834	6.1808	5.7689	6.4453	5.6546
EA_G__CMTM7	7.8658	7.1049	5.3678	7.6197	5.935	8.8032	8.1796	5.1804	5.5291	8.2411	8.1877	7.9604	5.849	8.9538	7.5776	8.2734	6.3971	5.7649	5.2491	7.7657	6.7889	8.3036	5.4139	6.5478	6.1254	6.2854	8.5469	7.8743	7.6306	7.0904	5.7507	6.2845	7.1193	7.5985	5.557
EA_G__TOX3	7.6904	8.5875	6.9683	4.4321	6.5337	5.4214	4.415	7.6402	4.4988	4.116	4.7216	4.182	7.3639	4.4069	3.9878	4.5242	4.6907	4.7136	5.1155	4.1138	7.0533	4.2706	8.4109	9.1685	7.8902	5.2199	4.6364	4.374	4.3532	7.696	7.7374	7.5964	4.397	6.9844	8.4415
EA_G__SNAI2	4.1699	3.6871	4.9983	9.1313	3.88	6.4837	8.7471	3.8197	3.4385	9.9938	8.7811	7.6103	3.6267	5.6992	9.113	6.23	3.8127	4.5304	3.9551	10.2171	6.415	6.0717	4.3797	4.0291	3.8604	3.2179	9.5792	6.7031	8.0848	4.5561	3.8284	5.6708	3.7912	4.4566	3.9037
EA_G__ELK3	6.214	5.0173	5.7208	6.3793	6.0668	6.2242	6.4943	6.0164	6.0869	6.0582	6.9747	5.8821	4.5117	6.5217	6.7734	6.2157	6.2209	5.6102	5.2898	6.1929	5.6212	8.1946	5.6704	5.4659	5.4923	6.0903	8.2677	6.319	8.0026	5.7072	5.567	5.9615	5.5961	5.5168	5.4524
EA_G__C3orf14	7.1203	7.9076	7.1029	6.9583	7.4013	2.6217	6.2124	8.1857	7.2363	5.9098	4.7573	6.6061	7.1222	5.897	5.4185	5.5153	8.5062	8.6206	8.6997	5.5483	6.1287	6.9514	7.3778	5.6174	7.1317	7.1147	5.7149	5.6834	7.1176	6.801	6.5169	6.6653	5.9565	8.4885	7.6724
EA_G__MAP7D3	5.3052	3.7726	5.4351	8.0335	4.1145	8.2134	7.4399	3.8649	5.2828	6.9662	6.369	7.7975	3.9768	7.9146	7.4129	6.0423	5.9373	6.1096	3.8188	6.9765	4.3266	8.4972	3.8711	3.6075	4.4657	5.4472	6.6247	7.5826	7.2635	4.9255	4.3312	5.013	4.094	6.2554	3.8949
EA_G__QPRT	8.8359	8.9451	8.3396	6.9316	8.0386	5.7749	6.6229	9.5699	7.932	8.8023	6.6334	5.9404	9.5354	8.7244	8.0401	10.1308	9.5191	9.4338	8.7666	9.1491	8.806	6.3479	10.1789	9.9551	7.9166	9.1913	6.0334	6.343	6.3583	8.9326	8.3707	8.5354	9.3878	9.4065	9.4188
EA_G__MUCL1	9.7015	11.9418	10.2431	4.8957	8.9223	4.5051	4.9442	8.2638	6.8099	4.7529	4.7936	4.5822	8.4609	4.7998	4.6962	4.8549	6.192	7.9264	7.538	4.9978	10.2647	4.8186	11.1491	8.2536	10.2257	5.8615	6.5654	5.2871	4.4087	5.4239	12.5835	9.5991	5.3747	11.7143	10.7729
EA_G__PYGL	8.2279	4.5482	8.5657	8.6049	3.8718	9.3095	6.1698	6.4332	9.2013	9.2196	8.4187	6.1846	4.9662	9.6848	8.9714	6.8818	8.0777	7.1207	6.9183	8.1479	6.5905	9.1658	4.2731	4.9804	4.6456	7.7447	9.0854	9.7038	4.1135	5.0333	4.6464	4.4254	7.2832	7.6898	3.8629
EA_G__CTGF	7.8838	5.884	6.0218	9.3777	5.681	7.7782	7.1026	5.7885	5.882	8.7018	6.664	6.8898	7.1419	8.6485	7.6684	6.5018	6.0448	6.3716	5.976	7.6168	6.9053	8.8141	5.7406	6.065	6.5061	6.6274	9.1454	7.3645	8.134	6.5749	6.6338	6.6145	6.0636	6.0606	5.9837
EA_G__AGPS	8.9363	7.2311	5.8532	8.6021	7.7053	9.7677	8.9797	8.0721	7.7352	8.2133	10.1761	9.4607	8.5532	9.0848	9.1475	8.4572	3.0191	3.3336	8.3692	9.0361	7.3817	9.4937	5.9847	8.784	6.8236	5.0358	9.7549	8.9906	9.4369	8.3386	7.3149	7.8151	3.4863	7.9964	4.0977
EA_G__GPR160	6.7527	8.0657	6.759	3.3556	7.1076	4.229	2.9609	9.3959	7.726	4.058	3.7191	5.921	6.9804	4.7694	3.446	5.8982	7.7744	7.445	7.3926	2.9737	8.141	4.3088	7.3759	8.3753	7.7969	7.1789	2.9307	3.3042	3.8572	7.0867	5.9659	8.1528	7.8124	7.3001	7.6953
EA_G__CFL2	5.5759	6.3734	6.0658	8.7936	4.5717	7.1761	7.4999	7.3432	6.5647	6.9818	6.4944	6.1673	6.2266	7.5471	8.3928	5.6348	5.8954	4.952	5.0397	7.5996	5.2804	8.0775	5.6671	5.3072	4.1366	5.8516	7.78	6.119	7.9761	6.6884	4.9737	5.9966	6.4361	6.0929	4.1521
EA_G__LARGE	7.5776	8.2811	8.8172	6.4327	9.2071	5.23	7.4912	8.5957	8.6586	7.3338	5.688	5.8935	9.0514	5.108	4.9343	7.5548	8.0168	8.493	8.7988	6.9842	8.3543	5.0348	9.7924	7.8886	8.0502	7.5051	6.4651	5.3077	5.0334	7.6831	7.6621	6.5147	7.7088	8.4373	8.51
EA_G__TMEM86A	7.6884	7.9473	6.8599	4.9403	6.4644	5.4973	5.8239	8.5714	6.3085	5.762	5.926	5.7045	7.3806	5.8631	5.6241	5.8009	6.1998	6.2003	6.8156	5.8978	7.248	5.4022	8.2918	7.6789	8.1152	6.5041	5.7141	5.8456	5.6566	6.9858	9.1944	7.4011	6.777	7.7605	9.1894
EA_G__CALD1	4.9976	4.0059	4.5323	6.9477	4.1231	6.8428	8.1298	3.9074	4.2596	6.0823	5.2906	6.3946	5.3524	7.4511	7.9533	6.2922	4.4971	4.3691	4.3982	9.1755	5.9927	6.51	5.4997	4.7735	4.7727	5.7915	6.303	6.8236	7.1648	6.5636	6.1459	5.5227	4.6722	4.2721	4.3237
EA_G__RAP1GAP	7.8799	8.1113	6.5433	5.7543	6.6874	6.2945	6.8339	8.8874	6.4177	6.6467	6.6522	6.1962	6.8436	6.2461	6.0267	7.3026	7.563	7.4447	7.3535	6.0472	6.9761	5.9038	8.0141	9.6091	8.3862	7.8449	5.9335	6.747	5.6571	8.1292	8.9247	8.3811	5.8442	6.5819	6.6144
EA_G__ICA1	6.8007	7.7109	6.3638	4.2132	7.1927	4.9716	3.7922	7.0962	6.1191	4.2211	4.1324	4.8164	6.8093	5.7834	3.9633	4.0011	6.8677	7.0587	6.9084	4.0082	5.8056	5.9475	6.8185	5.8066	6.6253	6.7251	5.4292	5.8257	4.0589	6.974	7.7989	6.9839	7.286	7.3446	7.8273
EA_G__MSX2	6.8045	8.556	8.0763	4.5258	6.4687	5.9997	5.6296	7.036	6.6095	5.292	5.6895	6.9996	7.6878	4.0973	4.9369	6.3673	7.7093	7.9876	7.4694	5.264	7.6526	3.4874	9.12	6.9252	6.8015	7.9243	4.6827	4.2993	4.9965	6.2857	8.3848	8.6195	8.1859	7.9125	7.6505
EA_G__OSMR	7.3804	5.802	6.8804	9.497	7.2103	7.7341	9.3854	7.0832	7.2204	9.4997	8.1243	8.2112	3.9004	8.415	7.5476	9.8494	5.7608	5.667	3.9652	9.6437	5.9028	8.3514	6.6129	4.4232	5.7495	3.6578	7.5476	8.4167	9.3045	6.6755	6.9844	7.2652	7.6885	7.1203	6.7778
EA_G__SGCB	6.7863	4.8878	5.9552	7.0929	3.3793	6.6802	7.1509	3.04	5.2005	6.2462	5.4632	4.7161	3.212	6.5926	6.4121	3.5149	4.5618	4.753	7.5645	7.3587	5.2387	7.1684	4.7077	3.4655	3.4017	4.3251	7.1462	5.8862	6.8411	4.8611	3.9321	5.3476	4.7311	6.1989	3.9669
EA_G__CAPN13	7.1311	6.7239	6.7757	4.5748	5.9724	4.4929	4.4092	7.9041	4.5065	4.7075	4.6089	5.0453	6.0129	5.6988	4.2756	5.5895	5.7773	6.2634	8.6299	4.4638	6.1777	4.5847	7.3388	6.8161	7.333	7.547	4.4298	4.957	4.3726	8.1653	7.2106	8.5483	6.0565	6.693	5.6346
EA_G__LOC493869	7.5675	6.5814	6.1373	9.9093	3.4796	6.1974	9.0133	2.7338	6.9972	7.0989	7.0566	6.7197	4.9328	8.408	8.8576	8.31	6.3644	5.0232	6.2845	9.1317	6.159	8.3857	6.483	7.7228	4.5915	3.9953	9.3612	8.0153	9.2636	9.5856	8.1735	5.9401	8.3805	5.4012	4.2873
EA_G__SEPP1	5.8056	6.3037	4.7371	3.5677	6.3167	3.2726	3.6948	7.4843	6.7786	5.6468	3.6065	4.0479	7.1792	3.7197	3.9899	3.8702	3.8268	4.8399	7.5823	3.5405	4.9	3.4066	9.2661	9.3975	6.8488	4.9906	3.4597	3.7391	4.0567	6.7115	7.3823	5.9143	7.0828	4.9858	9.1555
EA_G__SLC9A3R1	10.8284	10.9597	12.1339	8.7121	11.6704	8.938	7.8985	11.4576	12.2228	9.8097	9.4062	9.2397	10.1126	9.0002	8.2983	10.211	11.5891	11.5335	10.9539	7.5431	10.175	9.0363	12.6162	10.3807	11.9228	10.702	7.9923	8.16	8.1862	10.5458	9.9597	10.2024	10.9276	11.5295	11.3238
EA_G__STARD10	8.7444	9.838	10.3464	6.9657	8.9884	7.0812	6.3309	10.6337	9.9114	7.9561	7.2257	7.6626	9.147	7.3262	6.4872	7.4777	9.734	9.5739	9.1011	7.4208	9.3232	6.2262	9.903	9.0237	9.6166	9.3077	6.0593	7.4425	5.9183	8.838	8.704	9.3903	8.7334	9.6701	9.2205
EA_G__DEPDC6	7.4503	9.1632	7.448	4.9752	7.5121	6.4015	7.052	8.3884	8.0948	6.8441	4.7516	5.8902	8.5968	6.2251	6.0457	7.4547	6.8396	7.695	8.225	7.3615	8.3302	5.541	9.0918	9.6198	7.432	8.03	6.4449	6.1382	5.6161	7.127	9.8221	6.946	8.0294	8.5831	6.7683
EA_G__C17orf28	9.3617	9.6197	10.0389	5.5952	9.5722	6.3666	5.2734	10.3721	9.0304	5.4402	6.5831	7.025	8.2773	7.1557	5.8027	7.1023	9.1167	9.277	9.1052	5.3589	9.2435	6.1912	11.1353	8.8997	11.0475	9.6716	5.6045	6.3796	5.9321	9.479	9.5063	9.3071	9.6105	9.9773	10.4072
EA_G__LTBP2	6.4939	5.8484	5.7214	5.8612	5.9966	7.2573	6.9893	5.5716	5.7214	6.0676	6.8141	6.828	6.3254	6.36	8.5798	6.1362	6.3948	6.1604	6.2484	8.5092	6.593	6.5464	5.7252	5.5235	6.3771	6.142	7.3028	6.7043	6.306	6.5798	6.8782	6.3072	6.3083	5.977	6.2503
EA_G__S100A14	12.1606	11.289	11.27	4.4478	12.2259	9.3338	5.7788	11.67	10.2776	5.6437	9.6689	10.4498	11.2622	9.7527	5.038	10.9988	11.3198	10.6309	6.945	5.2235	10.7045	5.3671	11.2594	11.6653	10.9996	11.6593	5.6242	10.3786	5.2591	11.5032	11.3	11.9228	5.3263	11.1298	11.7503
EA_G__ATP2C2	7.3612	8.2179	7.788	5.3497	7.7028	5.9351	5.0997	8.4417	7.4719	5.2602	7.0346	7.169	8.3016	6.6985	4.6332	6.8254	8.5253	8.1187	6.7656	4.7757	7.7212	5.1175	7.5495	8.7963	7.9613	7.5787	5.4452	6.4738	5.2595	8.2752	8.3637	6.7796	7.0768	7.274	7.6677
EA_G__FABP5	4.5852	5.6242	4.9494	3.2476	4.6763	8.607	6.8194	6.1227	5.9207	8.2855	8.2952	8.2315	3.8303	6.6193	8.1268	8.0179	4.5795	4.4465	3.9307	7.8224	7.8662	8.5296	6.4531	5.4059	3.6267	5.0183	9.5285	6.2494	8.6298	3.1829	4.1928	3.9817	3.7328	3.6033	6.0214
EA_G__CD109	6.1416	3.7921	5.5339	8.3527	3.4254	9.8252	9.2487	3.0817	6.5144	7.1157	8.0877	9.3691	3.7098	9.8537	8.8739	7.4854	4.4126	5.5731	3.3263	8.0959	5.2943	3.3463	6.1181	7.5862	3.8296	4.357	10.4754	8.624	9.3002	5.8117	4.6067	3.6874	4.1718	7.6538	4.3542
EA_G__PHLDA1	7.264	5.4323	6.0387	7.1715	4.5343	8.4106	7.8576	5.8538	7.0573	5.0523	9.211	9.0987	7.6233	7.8731	8.6225	7.3199	6.9348	6.4868	7.1009	7.7793	8.4937	9.2009	5.3553	5.2952	5.3613	5.4233	9.2377	6.425	6.9972	5.2608	7.1747	5.2914	7.144	5.156	4.4997
EA_G__TC2N	8.5979	9.3938	7.3508	3.3223	8.2578	6.9443	3.7734	8.8806	7.6394	5.7542	7.1173	6.7638	8.4157	6.5571	2.5474	7.8365	7.5099	7.5506	7.6286	3.4834	8.7449	4.5382	8.6498	8.2854	8.3271	8.4929	3.1594	6.1981	2.9353	9.1398	8.8122	7.8362	8.1402	8.2774	9.4791
EA_G__TIMP1	10.696	5.9828	10.8059	10.6076	6.2943	10.4313	11.5399	5.6373	10.8903	11.2532	9.662	9.3399	6.355	9.3984	9.7969	7.911	9.3202	10.1272	8.893	12.1036	10.1588	9.8061	8.7353	10.5777	7.4083	6.8389	11.3341	11.0263	12.4699	8.2387	7.4412	9.8428	7.7003	11.5617	5.4094
EA_G__LOC124220	8.934	8.0215	8.0349	5.4055	8.8675	5.9469	5.9124	7.9883	7.6471	5.8141	6.6156	6.0411	7.8574	5.7468	5.5707	7.5995	8.0322	7.9345	8.4762	5.7493	7.8782	7.1355	9.1801	8.6759	7.6816	7.9156	6.0924	6.2257	6.4568	6.7771	7.0487	8.2349	8.0054	8.3906	7.3629
EA_G__ATP10D	5.5889	4.4171	4.7251	4.0012	4.1262	3.7236	6.9635	3.2295	5.5628	4.9374	7.053	7.2096	3.7703	6.4579	6.6916	6.6534	4.0559	3.9068	3.3478	5.913	5.0875	6.3646	5.9933	5.4572	4.5143	4.7657	6.5914	5.5249	5.4299	6.7164	5.918	5.201	5.7417	4.4694	5.1556
EA_G__GALNT6	8.9187	8.6345	9.9625	4.7514	9.6093	7.1112	6.5514	9.8516	8.9842	5.5323	6.8487	6.3386	9.23	7.851	4.671	8.141	8.965	9.2303	9.3822	4.7392	9.425	5.2894	9.393	10.0229	9.2867	9.2247	4.9243	7.8977	5.0908	10.1047	9.6267	10.2162	8.6008	10.6343	9.5105
EA_G__LYN	6.7091	4.8348	5.1853	5.1028	5.0591	6.6688	6.2336	4.7252	4.705	8.3103	7.6061	8.3886	5.1541	7.3798	6.2885	9.3436	5.3756	5.2372	4.5418	7.4913	5.1404	7.6488	4.7925	6.2007	5.3564	5.3096	7.3032	7.3173	7.4683	5.287	6.1842	6.0271	6.1764	5.6508	5.0276
EA_G__NHEDC2	5.1404	5.0185	4.8827	6.6627	4.1264	5.9421	7.6438	4.8055	5.3737	6.7333	6.4724	6.1886	6.4636	6.7411	6.1157	5.8529	5.7495	5.4824	4.453	6.4926	5.3535	4.4558	5.0307	4.3183	5.1944	5.7618	7.2622	6.4832	7.8141	6.5272	4.9132	4.7038	5.6645	5.6493	4.6542
EA_G__RHOB	9.2793	9.8896	9.3985	7.6395	10.3938	7.6986	7.1127	10.2289	10.0866	7.0769	7.524	6.9368	8.7278	7.261	6.7834	7.1452	9.565	9.2465	9.8531	8.3788	9.4573	7.5833	10.0124	8.9442	9.8377	10.0424	7.0709	7.9873	8.8352	8.6291	8.0375	9.0331	8.5103	9.1206	9.1928
EA_G__SIDT1	5.7225	8.8752	8.5645	4.6729	8.5319	4.3608	4.3873	8.7279	8.8931	4.4944	4.8537	4.7245	7.114	4.5267	4.2934	6.0595	8.2739	8.5397	8.675	4.4179	8.167	4.9182	8.5383	9.0785	8.1899	7.1021	4.6199	4.8109	4.4668	7.8236	7.9261	7.9518	8.588	7.5637	7.6898
EA_G__LAMB1	8.6061	7.5613	8.1784	8.178	7.7319	9.1946	9.244	7.368	8.1479	9.7851	8.6398	8.7716	8.0677	8.7155	7.9749	7.6611	8.0096	5.3777	6.556	10.6895	6.1294	7.6222	6.0822	8.1012	5.867	9.4446	6.7632	8.4329	8.9308	8.3119	5.3253	8.4389	8.0109	4.8772	6.7571
EA_G__COL12A1	4.6512	7.5054	7.2706	9.5912	6.8994	8.4506	9.4902	3.7319	10.8521	7.3306	7.4648	7.8614	6.0534	9.3643	8.8684	5.9149	4.3399	6.1103	4.6175	9.7965	6.1244	7.2716	7.0115	7.6175	4.9131	7.7231	8.3604	9.9361	9.2268	4.7385	4.5104	4.3148	7.4077	6.3126	6.7457
EA_G__CACNA1D	5.1325	6.4883	7.1711	4.3929	5.9883	5.0697	4.3872	7.9984	8.2401	5.3635	4.4459	4.8797	7.7626	4.6953	4.4363	5.9109	6.6581	6.2977	6.8725	4.2473	7.3781	4.4991	6.9919	6.4139	7.5077	7.7938	4.5576	4.5211	4.5248	5.9556	6.0469	7.638	6.6987	6.9375	7.5353
EA_G__RND1	7.3143	5.5848	8.1345	5.2959	7.5678	4.9253	4.833	6.5432	5.3653	4.8394	5.688	5.355	6.4109	5.1296	5.0251	5.5654	7.389	6.8855	7.5082	4.321	9.0383	5.229	6.9107	7.667	7.8736	8.9453	5.08	5.2271	5.1002	6.2484	6.2849	5.9817	7.1618	8.9243	7.8627
EA_G__COL6A1	6.4655	6.468	6.6022	7.7676	6.0711	9.0875	10.3939	5.8722	6.1268	8.5582	7.8176	7.4242	6.3333	6.5532	10.1632	6.3377	6.6858	6.6419	6.122	11.506	7.7945	7.2708	6.5551	5.9473	7.0464	6.3821	8.3978	8.1566	7.3378	6.2869	7.2379	6.8732	6.525	6.6154	6.361
EA_G__FGFR4	6.212	9.4947	8.6522	6.7252	11.1104	6.9616	6.9437	9.9702	7.7334	8.649	7.4069	6.9704	7.8246	7.3383	7.6825	6.2891	7.6865	8.3879	8.0356	8.0349	7.9172	6.6169	9.9462	9.8037	11.4544	6.6971	6.6719	6.5764	5.6794	8.3049	9.0287	8.2707	6.8843	8.8386	10.7427
EA_G__ACSL4	3.8905	3.2175	3.0199	8.1981	3.93	5.8474	7.8339	3.2795	4.7223	6.0223	5.4391	5.9242	3.2448	6.4566	7.5506	6.3064	4.3467	3.4318	4.0505	6.5727	4.394	8.0383	3.8174	6.3426	4.0514	3.2697	7.359	6.9283	7.5937	6.0038	3.4226	5.8348	4.7256	3.5077	3.3705
EA_G__MSN	6.7845	4.0134	4.419	10.3783	4.1022	11.3117	10.364	4.1309	7.0685	10.7693	10.103	9.5137	4.4627	9.6207	10.8946	10.6461	4.1429	4.7797	6.5085	10.1759	5.7957	10.8438	3.9279	8.4521	5.0086	4.469	10.7101	10.614	10.7822	3.9763	6.4413	4.674	4.3941	4.086	5.8385
EA_G__TPD52	5.9209	7.0653	6.6962	5.3719	6.8489	6.829	5.1704	7.2799	6.5672	7.0081	5.6315	6.5702	6.491	5.8988	5.8681	5.9646	6.3341	6.808	6.5048	4.2657	5.5925	5.3093	6.894	6.7619	6.1522	8.3772	5.8053	5.8745	5.9066	6.8577	7.4252	6.5493	5.7787	7.5175	7.2785
EA_G__SYT12	6.5702	6.4667	7.2718	5.6842	7.9997	5.3679	5.0011	5.5349	7.2782	6.3472	5.9473	6.3003	8.2401	5.853	5.1824	7.0638	8.037	7.7083	6.7108	5.4029	6.0574	5.6268	6.4297	7.8238	8.001	7.193	6.263	8.7831	5.9885	5.3229	6.7599	7.2041	6.3496	8.237	7.9768
EA_G__GPR176	5.2765	4.458	5.1443	7.1887	6.8504	7.4156	6.7334	4.2781	5.7714	5.2195	6.5779	6.6746	4.4455	6.8578	6.1532	4.8029	5.2116	5.7415	6.1286	7.3208	5.634	4.5928	4.5879	4.3922	5.6259	5.0005	7.254	6.2727	8.3008	4.8269	4.2057	5.2999	6.1686	4.6943	4.4512
EA_G__CRIM1	9.0196	6.5929	7.7545	9.7719	4.9514	9.4674	8.0665	5.769	8.1182	7.7723	9.2139	9.9786	9.1212	9.553	8.9683	9.1882	6.9248	7.2872	7.1522	10.3139	7.9992	10.2066	6.0395	8.0396	5.5615	8.5579	8.5317	9.052	10.2588	7.9147	7.6815	8.6219	8.7841	8.2763	5.0659
EA_G__PPFIBP2	7.8433	8.685	6.6337	5.3909	6.8131	5.2124	5.3868	7.7925	5.6154	5.8536	4.9366	5.4374	7.7047	5.6356	5.98	5.7397	6.5585	6.3397	6.9949	4.0523	8.1624	5.0389	7.4755	8.9514	7.7945	6.9673	5.7632	5.0592	4.8184	8.3164	7.5942	7.3962	6.0261	6.8366	6.9521
EA_G__HGD	6.292	7.6492	5.5405	3.7536	7.1472	3.8709	3.6315	8.002	8.7179	8.6658	3.8689	3.4665	8.0684	3.8546	3.7892	4.0083	4.0437	5.1745	8.727	3.4955	4.5873	3.8207	9.1095	8.8747	5.3693	4.2486	3.9795	3.876	3.8261	5.1101	8.751	4.4323	4.1422	5.0669	8.3076
EA_G__ERBB2	9.7997	12.3566	10.2935	7.7806	9.1247	7.7491	7.1261	12.6526	8.5876	11.3467	7.4832	7.6512	10.2349	8.7512	8.1322	8.6875	8.5271	8.7417	8.307	7.9542	9.8661	7.3805	11.4924	9.0715	10.6304	12.0992	8.1194	7.4859	7.6326	8.7176	12.6826	8.6454	9.1608	12.2493	10.0611
EA_G__UNC13B	5.793	9.2627	6.7893	6.8557	7.5027	6.1135	4.7743	8.1912	6.3839	5.7764	5.9227	5.9355	10.2206	6.573	5.9399	4.9792	6.4183	7.4598	7.4711	5.3058	6.8949	6.3107	6.8314	6.8136	7.1209	6.1782	7.1852	5.2062	6.6155	6.2335	6.8873	6.5187	6.9894	6.8792	6.4913
EA_G__BMP1	6.6703	6.0246	6.445	8.212	6.0746	7.1822	8.0235	5.4548	6.9235	6.8115	6.6383	7.5455	6.5834	7.2222	7.792	7.3279	6.9906	6.6899	6.5585	9.678	6.943	7.0429	6.1197	7.0648	6.6947	6.5005	7.0603	7.7511	7.8272	6.9575	6.411	6.4197	6.3307	6.3149	5.8934
EA_G__CTSB	9.501	7.6199	8.1219	9.3317	7.7767	9.3496	8.9493	8.4326	8.7649	8.2129	8.6363	8.7268	8.3457	9.1987	9.0396	8.0125	7.609	7.9978	8.1438	8.5369	8.5159	7.744	7.6151	8.7761	7.5629	7.8522	11.2144	7.9953	8.4264	8.5036	6.9814	7.2367	8.0939	8.6439	7.7091
EA_G__LDHB	5.2705	6.5869	5.9575	10.2955	3.0453	10.7181	9.4898	2.9818	6.978	11.0733	10.9666	10.7587	10.4313	10.2146	10.8921	8.2479	3.5445	3.0401	2.8244	10.252	10.0613	11.1245	9.6888	9.633	3.417	9.8014	10.5553	11.0504	10.9831	2.989	5.1717	10.1744	5.3941	7.9447	2.9497
EA_G__ADD2	5.5151	5.5351	5.3535	5.5599	5.3892	7.3116	7.7376	5.2749	6.6198	6.8201	6.7041	7.7484	5.514	7.5593	6.615	5.87	5.8426	5.7224	5.3596	5.4215	5.824	7.2226	6.1584	5.385	6.318	5.8218	6.0723	7.1771	6.4609	5.5033	5.4357	5.8193	5.5984	5.4563	5.3741
EA_G__PLCH1	5.2438	6.9586	6.0596	3.9486	8.0482	4.651	3.9777	7.7608	6.6251	5.4736	4.7252	4.4941	8.1232	5.2036	3.6959	6.6154	6.6504	6.832	4.0158	4.9347	7.0744	5.7583	7.2641	9.4761	6.8481	7.196	4.228	4.6713	4.1757	5.7348	6.445	6.0627	7.4294	5.562	8.1434
EA_G__AHNAK2	6.4315	5.7758	6.5778	8.7237	8.1277	11.0055	8.9185	6.0669	7.319	5.8046	8.2741	7.0113	6.8208	9.6726	7.9732	7.629	6.3356	6.7179	7.2793	9.2604	7.7131	7.9926	5.8029	5.5643	6.3239	5.8413	11.1983	8.7533	9.2006	8.6161	7.8498	6.7657	6.6229	7.0651	6.7233
EA_G__FAM59A	7.1098	7.2024	7.3453	4.8712	6.68	5.9347	5.6379	7.3743	6.2539	5.5819	5.5316	4.9289	5.9312	5.9031	4.8528	7.5857	6.6224	6.0759	7.2006	4.0473	6.5938	5.419	7.0464	6.7735	6.2219	7.0846	5.2325	6.4577	5.2007	6.2579	7.22	6.1833	5.4105	6.3264	6.358
EA_G__JAG1	5.3676	5.3175	5.37	5.2094	4.8659	10.6497	8.7216	5.2027	5.7356	6.6225	8.4241	9.22	8.3486	8.547	11.4361	8.8384	4.9283	6.6646	5.8994	10.2915	6.7984	8.3717	5.8293	6.3949	6.5058	6.3796	7.2595	6.924	7.0998	8.7139	7.9	5.371	5.2308	4.8664	5.3273
EA_G__ANXA1	9.3451	4.0476	6.3945	10.2017	3.5434	10.6675	9.7178	5.7747	3.241	9.4661	10.3797	10.7509	5.1369	10.5083	10.031	11.0436	3.448	3.7029	7.6301	10.0666	7.3355	9.9841	4.7581	8.4359	3.764	5.1137	11.0653	10.5969	9.902	8.9069	10.2567	8.2487	5.7561	3.9458	3.0291
EA_G__KLRG2	6.9239	8.4057	7.5283	6.4	9.6446	7.8073	6.0509	7.7071	6.9473	6.3701	7.4151	7.5596	8.4247	7.0207	6.3157	7.1726	7.2573	7.355	8.1612	6.4254	8.7608	6.1478	7.9256	9.0586	8.2741	8.7105	6.5291	6.5715	6.701	8.0547	7.249	6.6918	7.2045	7.9626	8.9974
EA_G__MLPH	9.7749	9.4537	9.4619	7.2434	8.8593	6.8868	5.9652	10.2061	9.2145	6.1493	7.1993	6.1736	9.408	7.7663	8.4935	7.6096	9.3005	9.7117	9.0131	8.2664	9.9729	8.0714	10.0726	9.6628	9.7087	9.4819	6.3658	8.0179	6.4396	9.4011	9.1543	9.9994	9.2638	8.9017	10.4752
EA_G__BCAS1	7.6511	10.5313	7.3913	4.4087	6.403	4.3423	4.5984	10.3867	6.7622	4.1964	4.6724	4.3328	9.0372	4.5142	4.3656	4.3987	7.9077	7.2716	6.6171	4.3473	7.9229	4.8844	7.3564	9.719	5.6839	9.8324	4.4616	5.0177	4.8637	7.8706	7.4028	7.9093	7.3722	7.4533	8.0127
EA_G__GGT1	7.5575	7.1065	7.2693	5.3711	7.6542	5.7143	5.8255	8.3686	6.7667	5.8302	6.2027	5.5974	7.0078	6.4158	5.6441	6.8205	6.2737	6.3007	7.403	6.0052	7.7936	6.8593	9.9959	6.1859	7.8444	7.6843	6.2313	5.996	6.5788	5.9141	7.6846	7.3051	6.8609	6.8846	9.633
EA_G__GLS	7.4277	6.9834	6.7626	8.2057	6.6295	9.1094	8.9736	8.0475	7.609	9.5461	8.4018	8.6477	7.4503	8.7597	8.412	7.7883	6.8403	6.6922	7.5002	8.8394	6.5709	8.5453	6.2814	7.2594	4.5529	7.0692	10.0833	8.7098	8.438	6.5093	7.0957	6.6458	6.6057	6.9638	6.5527
EA_G__CDK6	7.6087	5.5281	6.6409	6.9192	3.5988	8.8538	7.2937	6.125	4.3767	6.4356	7.7804	7.8837	6.8198	7.98	7.6771	7.5952	5.7383	5.2545	4.2023	8.4198	6.2835	7.8416	5.6047	6.5876	4.1059	6.5554	8.4041	6.9278	7.5734	6.8846	8.3805	7.8478	4.3604	4.162	3.7064
EA_G__FJX1	8.3967	4.9649	6.9083	9.0274	6.719	9.9085	6.0156	5.9123	6.1875	9.0239	10.8651	7.8271	7.6401	8.2594	7.1323	6.3296	7.4508	5.7965	7.8509	8.9907	7.6792	8.713	6.5637	7.2206	7.9145	6.3355	8.3063	8.4438	8.6121	7.8131	7.6374	7.4963	7.972	7.0963	6.8239
EA_G__TMEM164	7.0979	7.6781	8.5025	8.6222	7.5074	6.4544	7.5203	7.2907	10.3866	7.6298	6.9435	6.7799	7.5043	6.098	6.9625	8.2039	7.2698	7.5322	8.1896	6.8379	7.2051	7.0206	7.6833	8.395	7.0973	8.247	6.3434	7.049	6.8636	7.9599	6.9667	8.2506	6.4222	8.5694	7.892
EA_G__ACN9	5.663	2.2474	6.4061	7.3112	2.7477	7.1126	8.0424	2.5176	7.5615	6.6273	6.5053	7.5679	2.2849	8.2112	7.1776	6.3609	2.5402	2.3462	2.429	7.0306	6.2283	7.6458	6.8231	4.2824	5.423	7.6019	7.7805	7.3034	7.8799	7.6985	6.6824	8.9937	3.1105	6.3996	2.2698
EA_G__AMIGO2	6.0828	5.7276	6.6004	7.6002	4.288	6.3002	7.5383	6.3951	6.1074	4.0049	7.5771	6.8291	5.3816	6.2299	6.9895	5.2112	5.7651	6.3204	5.9356	6.9502	5.9428	8.2119	6.5058	6.0749	6.2811	5.603	9.0508	8.0812	7.7022	6.2339	4.9309	5.5583	6.3676	5.9183	7.4356
EA_G__HIST1H1A	5.8645	3.5876	3.5514	3.9681	3.6907	7.6004	6.3949	3.9692	3.1037	7.5128	8.8424	8.2176	6.9075	9.0793	8.1828	7.6253	3.5802	3.8159	3.8268	5.9687	7.1763	4.0482	3.4884	4.5521	3.8362	3.4594	4.5463	6.2006	5.5518	4.6448	4.383	4.4879	3.8866	4.3226	3.7257
EA_G__BTG2	6.8217	7.5594	6.4698	5.7147	5.952	5.8205	6.0641	7.0803	5.4982	5.9236	6.51	6.7846	6.996	6.0973	5.5422	6.8968	7.1009	7.7907	7.3345	5.8373	8.3017	5.6099	7.5319	9.1094	7.9356	5.6432	5.0336	5.3282	5.3295	7.3681	5.7703	8.1105	6.377	7.1891	8.2474
EA_G__SEMA7A	6.2963	5.7907	6.5482	5.8219	6.0436	7.3533	7.173	5.6658	6.0293	8.1782	7.1818	6.6589	6.8635	7.6351	5.9206	6.5143	6.5639	6.4613	5.7353	7.1059	6.832	8.0864	5.6306	5.9599	6.5245	7.749	6.3807	6.7222	7.8098	5.9889	6.0049	6.3139	6.3939	6.262	5.8251
EA_G__ZNF652	7.5137	9.1134	7.658	5.4265	8.0263	7.5657	6.1679	10.4217	8.3293	6.9403	6.4695	6.4805	7.371	6.6141	7.0294	6.8064	7.3028	7.8102	7.151	6.7251	7.2562	6.172	9.0124	7.6468	7.4323	6.5588	6.6853	6.6539	6.3657	7.335	8.4527	7.8613	7.2296	8.3435	8.7495
EA_G__C10orf38	6.2483	5.3107	5.1599	8.0693	5.1925	7.2034	6.0324	4.802	4.8767	7.5243	7.2618	6.0726	5.238	6.5257	7.1925	5.3892	5.5845	5.4859	4.9971	8.3927	5.5611	7.5852	5.2761	4.6143	5.828	5.3883	5.3581	5.9375	7.9592	5.5203	5.343	5.5036	5.4112	5.5978	5.3111
EA_G__PRNP	8.5325	7.1683	7.8965	10.0008	4.5591	9.9432	10.1123	6.5717	6.5746	9.6536	10.4869	10.7038	8.4081	9.0153	10.7803	8.4326	7.9611	6.9297	6.4105	9.4125	8.7312	9.6684	7.846	5.9126	6.856	9.276	9.3299	8.787	9.619	7.018	9.7165	8.8016	7.8626	8.2148	6.9197
EA_G__UPP1	5.4549	5.448	5.1849	6.6737	5.1357	6.9823	6.6838	4.889	5.2305	5.3407	7.4135	7.397	5.3149	6.9028	6.8339	6.2895	5.6169	5.127	5.3567	6.8378	5.5727	6.9034	4.8709	5.1442	5.3505	5.686	7.1274	6.5287	6.8426	5.5523	7.256	5.5613	5.6237	5.6119	5.0034
EA_G__SACS	4.5844	4.387	4.7922	8.2338	5.5884	6.3576	7.5184	5.6008	4.9033	5.9435	6.2962	5.4477	3.5737	6.839	6.8542	4.146	5.1792	4.7755	3.6428	6.9225	3.9677	7.6452	4.2029	3.5922	4.7532	5.8038	8.5415	5.6956	7.7867	4.8587	4.2936	4.3439	4.6223	5.3828	4.3278
EA_G__ABCA12	4.3109	6.8238	7.0373	3.3572	3.9202	3.4709	3.4184	8.1267	8.8693	3.3669	5.5671	6.1363	6.998	4.6112	3.2091	5.7931	6.2715	9.5323	4.7044	3.1101	6.8836	3.3908	10.1166	5.9646	7.5299	8.0032	3.6763	5.1243	3.733	6.1352	9.0577	7.3809	7.9179	9.511	9.895
EA_G__FXYD5	9.087	5.1452	6.8194	10.3061	5.212	9.9677	9.9666	4.9676	5.8157	8.678	10.7836	9.0929	7.316	9.7402	8.2865	10.1781	5.3102	5.5668	5.4603	10.1368	5.6902	9.7893	5.2174	5.9207	8.6977	8.8892	7.4253	9.2964	9.4217	8.919	8.5269	5.7418	8.3542	7.2186	5.8579
EA_G__DUSP7	7.0819	7.4986	6.9567	8.0476	6.8351	8.0283	7.8467	6.719	6.6396	8.93	9.1008	8.8756	7.5301	8.784	7.4795	7.1837	7.1622	6.6445	6.9243	7.3838	7.8456	8.9582	7.2809	6.007	8.4003	6.9404	8.3185	7.7062	8.6932	7.5221	6.0551	6.5235	6.587	7.3279	7.2961
EA_G__FAM126A	6.3818	7.153	4.3663	8.6294	6.0958	6.8821	8.533	3.5746	4.3202	7.0721	8.1954	7.9781	4.5708	7.4622	7.9965	6.1561	5.7628	4.3029	2.9915	9.1447	5.9057	7.9583	6.4401	5.131	4.7284	4.2539	8.47	5.9557	9.0501	6.6312	5.0043	6.138	7.4823	6.8191	6.6976
EA_G__PRR15	8.5828	9.4281	8.7477	5.9517	8.5116	6.3331	5.4556	8.8302	7.6556	5.6097	6.8916	7.1865	8.3428	6.3757	5.5522	6.7254	7.5276	8.6434	9.1665	5.9078	9.2711	5.5891	9.0365	8.5096	8.2513	8.5682	5.5335	7.784	5.8528	9.2642	9.3127	8.6535	7.2126	8.8522	9.174
EA_G__KIAA0984	6.3444	8.8413	7.6971	4.2138	7.8078	6.3599	4.2274	8.9468	6.8133	5.1804	6.9557	5.9346	8.0653	6.409	4.0248	5.8291	8.2604	8.3418	5.4775	4.4505	7.3813	5.864	7.8929	7.1228	7.3149	7.8815	4.4008	6.0266	3.9297	7.968	7.0509	6.4222	7.4861	8.208	8.3521
EA_G__TMPRSS2	7.1443	7.4163	6.1494	4.76	5.2206	5.9465	4.4614	8.4729	6.5273	4.686	4.6026	5.5772	9.8984	4.5147	4.4592	8.9766	7.2592	6.7275	6.4975	4.3741	6.8914	4.2222	6.094	7.3281	6.4244	7.2688	4.3749	4.9769	4.5539	6.2306	7.1473	5.1128	7.3834	5.9248	4.9624
EA_G__SPG20	6.4757	3.5577	5.1113	7.816	5.6194	5.5456	7.0237	4.4108	4.0133	5.9425	7.2958	3.4923	3.519	5.1023	6.697	5.8755	3.5495	5.1681	4.2738	5.3775	4.8571	6.4802	3.8283	3.2704	3.8675	5.2663	7.3736	6.6888	6.3502	6.0086	4.8501	4.7567	4.7806	5.011	4.7522
EA_G__TTYH2	6.2957	6.0106	6.5553	5.9514	6.2996	7.415	6.7154	5.6287	6.4406	7.8237	7.6494	5.8357	5.5356	7.1352	7.4015	5.3558	6.1033	5.7759	5.4237	7.2426	6.2308	5.1456	5.9844	5.3898	6.252	6.9804	7.2142	6.6988	5.6698	5.921	5.5468	5.4572	6.5865	6.6331	6.2074
EA_G__ABCA3	7.4898	6.9381	8.2598	6.5877	8.6685	6.65	6.0702	7.5984	7.7157	6.836	5.8417	5.8612	7.2382	6.8044	5.8351	6.2413	8.3807	7.7083	7.8356	5.9727	7.5575	6.7002	7.2912	7.0449	8.915	7.0031	6.1109	6.1814	5.8895	7.1448	6.7524	7.366	7.6447	8.529	8.656
EA_G__STS-1	5.2033	4.6973	4.8157	5.8729	4.6605	8.0688	7.3136	4.7549	4.4609	7.6737	8.3529	8.4559	5.1812	8.8066	7.7323	7.8819	5.1073	5.0474	4.5253	5.032	5.6294	7.8078	5.5263	4.3696	5.545	5.6356	5.6818	6.8601	7.5785	7.1292	6.3024	5.5028	5.2742	4.7396	5.0443
EA_G__GALNT7	9.6749	8.5231	7.2484	7.1488	7.5272	7.5228	6.8623	10.4321	6.6273	7.0021	6.6653	8.244	8.5352	6.033	6.1371	8.4471	7.7906	7.5339	8.0239	6.9762	8.0309	7.7804	8.9969	9.1677	8.3252	7.6935	7.7995	7.7606	7.4331	9.9007	9.1024	9.738	7.0766	7.5746	8.5319
EA_G__SLC4A8	6.1742	5.3497	7.4196	5.5149	7.0729	4.7902	4.9181	7.7206	6.37	4.0643	4.2266	4.0046	6.0253	4.535	5.4474	4.6531	6.505	6.7182	8.218	5.5374	7.7695	3.9907	5.7194	7.9154	6.8865	5.8841	5.7113	4.5121	4.2936	7.778	6.5599	8.222	6.0153	9.3627	6.9785
EA_G__IRAK2	5.6409	5.423	5.3303	6.9979	6.0038	7.1858	7.3203	5.8589	5.3074	6.5416	6.2591	7.1486	5.5953	6.7055	6.5468	6.0278	5.9679	5.828	6.3121	8.0245	7.1975	6.6653	5.2283	5.4777	6.1391	5.6633	7.8771	6.2978	6.8329	6.1118	5.8486	5.9095	5.7902	5.6597	5.5393
EA_G__PAM	6.5052	4.5272	6.1303	7.0171	5.2683	7.2144	8.2595	3.1025	4.9383	7.1762	4.9999	6.0377	4.5273	6.7896	7.1617	8.613	5.2341	5.5056	4.6225	7.5426	5.3885	7.1555	5.0625	4.3787	5.009	4.9324	6.9623	7.0458	7.0236	7.6836	8.1557	5.5748	6.8696	6.1874	5.2083
EA_G__MAP4K4	6.8339	6.9846	6.6211	7.6195	6.5829	6.9551	9.6361	4.6415	6.9167	7.5113	7.577	8.575	5.8437	7.5774	7.9209	6.8842	6.9634	6.292	7.0002	8.0307	6.2858	7.2345	6.2708	6.4071	4.8013	4.4212	9.5851	6.9638	7.773	6.0739	7.3778	6.2682	6.226	6.4416	6.0425
EA_G__TIMP2	8.0733	5.3944	8.578	8.7678	6.3471	8.206	9.266	6.5326	6.6301	7.4328	7.5212	7.6423	6.5074	8.6701	9.1357	7.1354	6.9135	6.629	7.6709	9.9272	7.2971	7.5771	5.6731	6.6532	4.7218	8.7064	9.815	7.1412	8.3924	5.6884	6.8307	6.477	7.3707	8.4241	4.9285
EA_G__FAM92A1	5.5302	5.8483	6.4144	8.4157	5.1613	8.0287	6.5926	9.1744	4.5411	7.7132	7.0833	7.3376	5.1531	7.1769	8.6012	5.3043	6.4938	5.9786	4.0925	8.9483	5.4059	7.7509	5.8867	5.4835	4.3822	3.5541	8.8524	6.8195	8.0827	6.5139	5.3158	3.813	6.5597	7.8706	5.3464
EA_G__ATAD4	8.9675	8.0263	8.0542	4.5523	7.5399	8.0394	4.8296	10.7967	7.4212	4.1336	4.5672	4.7596	8.0676	5.5651	4.2357	7.043	7.2902	7.5689	6.5886	3.7982	8.0822	4.8914	9.0888	8.2291	7.5073	7.1289	4.5322	5.1374	4.3119	7.2446	7.4827	9.1193	7.2602	7.8865	8.9783
EA_G__COTL1	5.9198	6.6603	7.9471	8.8765	6.1352	8.5549	8.4905	6.565	7.2202	7.2821	9.2408	9.7896	6.8316	9.2709	9.1656	9.3668	7.2009	7.0144	6.3387	7.8644	6.9472	8.3797	6.4174	5.9237	7.2764	7.4072	7.7958	7.976	9.0746	6.9195	7.4659	7.2679	7.4007	7.0112	6.5166
EA_G__MPP1	4.6323	4.1933	4.53	7.3661	5.2864	5.9491	6.5432	4.0628	4.851	6.9422	6.5674	5.376	5.2199	6.7918	7.3067	4.5936	4.6365	4.6134	6.1798	8.3037	5.8638	7.4557	4.1565	6.2867	6.0077	4.7191	7.4905	6.8069	8.2609	5.4014	4.4879	6.8111	6.0661	4.9223	4.6406
EA_G__GSTT1	7.6347	8.0168	7.052	7.6019	8.4776	4.7123	4.5363	8.8024	4.5306	4.5116	4.9129	4.2115	7.3671	7.6961	7.5309	4.753	6.5317	7.7158	4.9566	6.9876	7.636	4.0882	8.3665	7.6046	8.6851	6.5673	5.1682	7.0605	6.4598	7.5391	7.2578	4.7409	4.6702	7.7072	9.7679
EA_G__CCDC125	6.7241	8.2014	7.8942	6.5806	7.5742	5.6801	6.0105	8.1674	7.8031	6.378	5.856	5.009	7.0037	6.4699	5.9728	6.3171	6.9265	7.4992	7.8276	4.8539	7.4091	6.4407	7.3733	8.7571	6.9123	7.071	5.6281	5.3484	6.4832	8.3702	6.7762	6.4973	8.0046	8.2983	8.289
EA_G__CLU	7.2352	8.9068	8.992	8.9576	9.6033	6.8112	7.4522	8.8358	9.7927	5.9431	7.7097	6.4074	9.5115	8.6745	7.7043	7.3793	8.8706	8.885	9.1728	7.8152	9.6338	6.7991	9.3254	10.2466	8.8604	9.8643	7.6939	5.8874	7.0941	7.9162	8.5631	8.2237	10.2223	8.7504	8.0166
EA_G__OPTN	7.221	5.3369	6.9311	8.3122	6.5453	7.5186	6.0328	4.7322	6.9897	6.7986	6.2956	7.0622	6.6243	7.2997	8.3212	8.8409	5.3053	5.7791	7.3007	8.1823	5.8963	6.7992	4.892	6.3711	5.1838	6.2416	7.8105	7.3452	6.5014	6.3757	5.827	5.7857	7.2587	5.688	4.9217
EA_G__AR	6.9661	8.3549	6.7735	7.5162	9.0105	5.0413	5.2557	8.4454	7.9054	5.3141	5.6306	5.044	7.6659	5.4751	5.0709	5.6657	7.3953	8.2357	6.7372	6.0964	7.7378	5.2134	8.7813	9.1804	9.5757	6.2873	7.595	5.6012	6.2466	9.2337	6.7197	5.6023	7.7766	6.883	9.3152
EA_G__SYDE1	6.3871	6.3616	5.8841	8.4653	5.4574	8.3258	7.9902	5.8161	5.3023	6.2033	6.9579	7.0087	6.1217	6.9318	8.2904	7.7112	6.0991	6.2731	5.5612	8.7207	6.3382	8.9894	5.7382	5.0994	6.1707	6.551	8.0444	7.0048	8.2118	6.1916	5.8197	5.9689	6.0967	6.1051	6.3412
EA_G__CREB3L4	8.1311	8.8266	8.2267	5.1526	8.4914	5.7882	6.0428	8.1729	6.4823	6.4278	5.55	5.5635	7.1548	5.7115	5.4265	6.6527	6.6146	7.3017	6.9522	5.3083	7.8557	5.5882	7.768	7.4532	8.0278	7.7082	5.6583	5.9138	5.4051	7.0025	7.9691	7.4838	8.0176	7.745	8.8611
EA_G__PERLD1	7.9981	11.5309	8.5186	7.0395	8.0143	6.7798	7.5751	11.7835	7.7075	6.0197	6.9121	6.5128	8.5531	7.9337	8.1056	7.9547	7.2717	7.3187	7.6108	6.8706	8.1096	6.7476	10.1259	7.7315	8.2906	10.1853	7.6784	7.1932	6.6914	7.5985	12.8771	7.0808	7.6174	10.9271	8.078
EA_G__AKT3	5.4271	3.773	3.8132	7.5447	3.1311	7.6527	5.8267	3.0579	2.8806	7.8016	3.9619	7.2247	5.0257	6.1725	4.2506	3.4701	3.0857	3.5124	3.3863	8.4968	4.1188	7.2533	4.1802	3.0785	3.6666	3.7047	3.2738	7.3988	4.088	4.44	2.7296	3.81	3.4691	5.0022	3.0935
EA_G__GLT8D4	5.4162	4.6364	5.56	8.5909	4.5511	6.4599	7.8917	5.3506	5.6089	8.3612	4.909	5.3307	4.642	6.4971	7.7787	4.8082	6.5883	5.5457	5.5823	6.3558	5.8193	6.3478	4.9884	4.4178	5.2385	5.3691	7.1987	7.6105	7.5528	5.0621	4.7053	5.652	5.7258	6.6445	4.8007
EA_G__GRB7	8.5454	11.1297	8.1717	6.2075	7.1224	7.4261	6.3606	11.6802	7.283	9.436	7.1132	6.9786	8.4244	7.8473	5.9178	8.1182	7.3692	7.4325	7.641	5.5442	8.1737	6.1796	9.8138	7.8417	8.799	10.5391	7.3985	7.0859	6.2713	7.9055	12.3691	8.1468	7.4714	10.6486	7.7878
EA_G__IGFBP7	5.421	5.6195	5.7641	5.6527	5.2525	9.5888	6.253	5.5267	5.8065	7.9135	8.7223	8.5077	5.8402	9.2974	6.8475	6.7497	5.703	5.5275	5.6305	10.8549	5.6948	9.3336	5.5052	9.0609	5.944	6.6045	5.7196	6.5123	6.9599	5.7638	8.0042	5.6972	6.1333	5.5951	5.4712
EA_G__HBEGF	5.9666	4.9068	5.1174	9.3836	5.6136	5.5354	5.656	4.9952	5.2972	5.4996	8.232	7.5528	5.4704	6.2009	5.3934	5.9594	5.279	5.3204	5.4978	6.9636	5.6472	9.1191	4.8683	5.0741	5.512	5.1797	6.7088	5.5459	7.5776	5.4672	6.9455	5.2866	5.6012	5.0115	5.3434
EA_G__S100A2	4.9938	4.3304	4.8145	6.0816	4.8565	9.6017	6.2329	4.4923	4.5089	4.6254	9.9432	7.9132	5.0789	9.6456	6.3764	7.9301	4.7519	4.6769	4.421	6.233	5.0704	5.8	4.2069	4.6835	5.3593	4.8616	7.3285	8.6077	6.9381	4.8188	5.1131	5.1742	4.6866	4.7369	4.5623
EA_G__SLC7A8	8.5421	8.8236	8.1028	5.042	10.6962	5.0441	6.0296	9.5636	7.2944	4.7488	8.4816	5.2606	8.1148	4.7435	5.7111	5.5632	5.3353	5.3922	10.8003	4.7921	10.2389	4.9899	10.2853	9.6818	8.7371	6.5396	4.8894	6.1091	4.9765	7.0086	8.4994	8.5397	9.0232	10.533	6.8407
EA_G__PRODH	7.1166	9.6968	6.5807	5.2856	9.8394	7.3753	5.293	9.9249	7.0011	5.3203	5.7339	6.3419	9.6035	5.5817	5.3378	5.6238	6.1188	5.8214	6.8612	5.7096	10.3624	5.3603	10.5759	10.8014	10.6464	6.5433	5.7008	5.7056	5.2411	7.8362	10.5858	9.7075	7.7263	6.2829	10.3923
EA_G__CYP2J2	7.5609	6.7259	6.0601	4.78	5.8339	6.1137	4.6398	7.7706	6.8903	5.9356	4.8007	5.9878	7.4097	4.6187	4.4382	6.0827	6.3696	7.0868	5.2002	4.2793	4.9988	5.9153	7.5381	8.3749	5.4937	7.2803	4.893	5.2515	5.3152	6.042	7.5127	5.895	5.9996	6.2447	7.9614
EA_G__PRKCDBP	4.8323	4.8024	4.8467	7.0079	4.9027	9.1517	8.3214	4.4053	4.6242	7.4982	8.314	8.1819	5.4113	6.7699	7.3649	6.0356	5.6818	5.3427	4.9622	7.9633	5.8675	8.1638	4.8741	6.2092	5.7995	5.1549	8.6926	7.6327	8.5386	4.9303	5.1614	4.9373	5.379	5.3021	5.1032
EA_G__SLC24A3	6.1884	7.6921	8.927	4.9069	8.2005	5.4026	5.6591	7.088	7.3408	6.854	5.1651	4.81	7.4995	5.2071	4.6949	7.2516	6.3113	7.6462	7.4927	4.6514	6.4122	4.8684	7.4147	6.5707	7.3839	6.6887	4.7718	5.043	4.925	7.853	6.2864	7.3459	7.4011	6.4345	6.9271
EA_G__SLC7A11	5.1809	4.1599	5.0311	6.5597	4.2618	5.8494	8.4557	4.9675	5.0098	5.4931	7.8307	6.4145	3.8433	5.6015	6.7087	5.6799	5.8004	5.4594	5.75	5.2728	4.449	8.0821	4.96	5.0106	4.2806	4.9229	7.2331	5.2141	7.3597	6.9123	7.5002	4.0292	4.5781	4.0326	4.6664
EA_G__LAMB3	8.5501	5.4417	6.4218	5.2189	5.3861	9.3489	7.5722	4.7279	5.7245	6.2905	11.1412	9.6121	5.6071	10.4168	5.8812	9.7743	6.0018	5.4441	6.5937	6.6744	7.656	9.8024	7.3708	9.2933	6.0881	7.1102	6.762	9.9981	7.5762	7.572	6.3613	8.4298	6.1171	6.5865	5.3979
EA_G__MALT1	6.1856	6.6217	6.2121	8.5624	6.7858	8.3258	6.901	6.3425	6.2349	6.6303	6.5109	6.7436	5.518	6.689	9.3823	6.2279	5.7846	5.3337	5.8366	7.5889	5.4144	6.8856	6.1808	4.8845	5.9347	6.6455	7.5106	7.3724	7.5651	7.0666	5.7784	5.2207	6.0642	6.4532	7.0325
EA_G__SPRY2	9.271	5.3095	5.8224	8.0598	3.7591	8.6074	6.2604	3.7361	3.6432	3.7445	6.1357	8.4133	6.9956	7.2275	6.6531	7.7115	5.398	5.2853	5.3545	6.0105	5.8743	8.146	5.4852	4.7471	5.6965	4.8238	8.2139	8.6262	7.2073	6.6081	7.8466	4.344	5.5832	4.5508	3.955
EA_G__TMEM64	7.4041	6.028	9.2968	7.3777	6.0631	8.9803	6.7361	5.2219	10.6582	7.683	7.2797	6.1302	4.6514	7.647	8.3857	6.3327	8.6717	8.8982	5.4313	8.2295	7.2697	7.5732	6.6667	4.4371	6.8398	6.7572	7.2563	7.0071	6.945	6.2322	7.0455	5.7483	6.4495	6.4628	7.4725
EA_G__C9orf127	6.7089	6.4187	7.0435	6.2762	6.8552	5.9154	7.0562	6.4232	6.2548	6.7088	6.2656	6.3192	9.3532	6.3092	6.2466	7.7017	6.651	6.4793	7.7449	6.446	7.3693	5.8992	7.6257	7.3927	7.5077	6.2648	6.3197	6.1399	6.0337	7.0987	6.7204	6.8046	6.6364	6.5821	7.4356
EA_G__C1orf115	7.068	7.6415	6.4767	5.93	7.3311	6.0274	5.7279	6.9938	5.9561	7.2573	6.5801	6.1443	7.5419	6.6758	6.316	5.8911	6.5475	6.5878	6.3762	5.729	7.606	5.8222	7.7466	8.6046	7.8599	7.1421	5.9752	6.5733	6.2333	6.3785	7.8187	7.7581	6.8106	6.258	9.1222
EA_G__KIAA0644	6.6204	7.22	7.5292	5.0429	7.1733	4.6612	4.7288	6.0241	7.1183	5.0476	5.3085	5.1206	7.1336	5.2546	5.1951	6.8486	5.9194	5.6884	7.036	4.7568	6.3434	4.8293	6.4892	6.3319	6.5456	7.9545	4.9716	5.2662	5.3064	7.3471	7.7024	6.1171	6.8002	7.5086	6.8457
EA_G__C2orf54	8.3218	6.6129	6.4191	5.3623	6.4403	6.3795	5.2559	7.0081	6.0254	5.6238	5.8691	6.2319	7.7521	6.3336	5.1584	7.085	6.7537	6.16	5.7166	5.3858	8.0504	5.5605	7.7213	5.2486	7.7989	9.4912	5.4913	5.8188	5.4747	5.8124	8.1237	8.5672	5.5588	8.1165	8.5209
EA_G__KIAA1370	8.0117	7.3101	7.5285	5.8151	7.928	5.5305	5.1632	8.5057	8.3103	5.6178	4.1441	5.8594	7.7436	5.6434	6.0605	7.0426	8.0435	7.6508	7.4509	5.501	7.9116	5.8793	7.546	8.121	7.6939	6.9794	5.6558	5.3833	4.6569	8.0614	7.0923	9.0775	8.1025	7.7791	8.678
EA_G__RNF152	7.4839	7.0206	5.8025	2.8881	5.6834	4.6579	4.0383	6.5905	5.7642	4.0942	4.144	3.8961	6.3286	4.8239	3.7735	5.4662	6.2533	6.3096	6.874	5.7009	6.4137	4.3942	7.0318	7.0813	7.0719	6.9863	4.2134	3.9706	4.5148	7.6012	7.6321	6.7821	6.4101	5.7235	7.0441
EA_G__FRMD6	6.6327	5.8569	6.512	8.4921	7.1865	7.9292	7.5991	5.8319	5.2792	4.6289	7.4696	7.3778	5.7482	7.2501	8.1602	5.44	6.187	6.0322	6.3911	8.9032	6.3751	8.4847	5.2365	6.2746	5.5398	4.9049	7.829	6.5761	8.0209	6.1144	6.2193	5.4363	4.5013	5.7171	5.2584
EA_G__FSTL1	6.3208	7.111	6.4291	11.8037	4.1138	4.7382	9.2198	4.3438	6.6183	6.5907	7.6625	10.1327	8.2704	9.5531	9.8665	8.6378	4.3358	4.4994	4.4241	11.153	6.2928	8.265	4.5749	4.7229	4.7707	6.2699	8.5073	9.2021	9.4467	3.6254	6.7816	5.1479	7.162	4.0235	4.5517
EA_G__TM7SF2	7.362	10.6738	8.9356	7.777	7.8977	7.2251	6.8147	9.1668	7.9039	6.7241	7.7442	7.9366	8.5326	7.6531	7.0171	7.4679	9.5635	10.0085	8.6953	6.465	9.4025	6.9611	9.7289	8.2619	9.9341	8.013	7.0973	7.8511	5.806	9.5896	6.8613	8.2324	10.641	9.5627	9.7151
EA_G__ERMP1	9.1233	7.7073	9.4053	7.401	9.5278	6.7848	7.2208	9.9716	8.4253	7.4714	6.4361	8.3757	8.2505	8.196	8.1311	9.9705	8.8285	8.7303	9.5828	4.9347	9.7925	6.0482	8.8685	10.2583	8.723	9.3062	5.3658	8.9447	7.3782	9.6522	8.6249	10.0875	9.0246	8.9602	9.9493
EA_G__NUPR1	7.623	8.3409	5.8831	7.217	8.2699	6.308	7.7097	7.5236	6.4053	6.3374	5.9057	6.0186	7.4957	6.1895	7.3003	8.2083	7.4375	6.152	5.6338	5.9458	6.6051	5.727	7.9059	8.8506	8.5515	6.9661	8.2408	6.7378	5.8168	5.8454	9.4081	7.3405	8.6668	7.5702	8.0146
EA_G__PDCD4	8.7451	9.1525	9.6114	6.9065	9.7468	6.4642	7.7495	8.5973	10.2921	6.4907	5.6176	6.6294	8.9419	5.47	6.8651	7.9542	8.1806	7.8868	8.306	6.0254	8.0429	8.695	9.6332	10.4832	8.1844	6.4457	7.2904	6.741	5.8866	7.7702	8.4289	7.9408	8.9593	9.1703	10.8018
EA_G__HMGCS2	4.5544	10.0884	4.2474	4.296	4.3704	4.3897	4.5194	7.4041	4.6301	4.2111	4.6196	4.2624	4.8674	4.6161	4.3498	4.6828	4.5064	4.7543	5.1079	4.1742	7.9965	4.5988	9.1804	10.6013	4.9517	5.0354	4.5088	4.4993	4.4967	8.0871	5.7396	6.6758	5.8813	7.594	7.4631
EA_G__P2RY6	5.8658	6.6875	7.0986	5.3199	6.1138	5.4422	5.6812	8.2888	7.7752	5.6175	6.0433	5.9451	8.6796	8.0907	5.2767	7.7315	7.7124	7.6371	7.2822	5.2904	7.1436	5.8952	8.1293	8.0841	8.0435	9.1671	5.4074	6.0452	5.7602	8.617	7.9559	7.8561	8.0817	6.8568	6.9486
EA_G__ARRB1	8.2889	9.8252	9.1138	7.2888	9.9283	8.1013	7.5478	8.8726	9.7235	8.7038	5.9949	7.766	9.0201	6.4387	7.4618	8.705	8.548	9.302	11.1235	8.3332	10.9277	8.1342	8.6984	8.8635	8.7944	9.5879	6.4149	7.6542	5.28	8.8767	8.3635	9.7353	8.9914	9.19	7.8939
EA_G__COBL	6.9315	7.4904	7.3429	4.9504	7.2341	7.084	5.0062	7.6344	6.6659	6.0049	5.1724	6.0185	6.9815	5.7516	4.7727	5.2075	6.4901	6.7704	6.272	4.8492	6.4282	5.0952	8.0264	8.5046	6.01	6.9633	4.8804	6.3035	5.1492	7.1308	7.9556	6.8173	6.8655	7.2664	7.0127
EA_G__CEACAM6	11.9576	10.4191	6.7394	4.4249	4.3434	4.5225	4.2987	10.2871	4.6155	4.2125	5.4873	5.8584	10.3529	4.6112	3.9866	7.9509	8.4815	7.3165	4.5002	3.6986	8.7179	4.1634	10.9123	10.8417	4.9382	6.4947	4.7785	4.201	4.5135	7.5353	10.2088	7.5093	6.1862	8.1197	6.9771
EA_G__NCAM2	3.816	8.0462	8.1654	9.1486	9.8166	3.7322	3.8641	7.8067	8.7152	4.455	5.3325	3.6916	5.2566	3.904	3.5774	3.8887	8.406	8.0627	7.0585	7.1285	6.3664	3.9935	8.4651	9.355	7.8803	5.3409	3.8289	3.9723	6.5092	4.9516	4.2984	5.7731	9.9927	6.3459	7.5498
EA_G__BAG2	3.8525	3.8546	3.7077	7.7073	3.4446	6.687	6.3219	6.2911	4.5582	8.1386	7.9545	7.1173	4.381	6.3286	7.4399	6.2299	5.0232	5.4682	4.334	7.5584	3.3871	8.1211	5.4731	4.2242	4.7056	4.5241	8.2828	6.9224	8.5168	5.2833	6.1298	3.6269	5.8246	5.7192	3.7646
EA_G__ENPP1	7.0519	8.4315	6.0352	7.9669	4.9537	3.968	3.8806	9.2708	3.8453	6.8551	3.6399	3.3181	9.0744	5.0744	5.41	3.5412	6.3764	8.244	8.0999	6.2053	6.4488	7.8946	7.5367	9.9152	6.8229	5.4934	6.7047	4.3443	6.5965	8.7067	6.3556	9.7025	7.1701	9.1462	7.0398
EA_G__TH	6.264	6.6092	6.609	6.1427	6.0421	6.294	6.33	10.9318	6.2102	6.3139	6.5998	6.2511	6.8407	6.2144	6.1623	6.4761	7.0274	6.8291	6.5394	6.3737	6.4649	6.3252	7.2187	7.6232	7.2658	8.1688	6.4326	6.603	6.6092	6.5796	6.6657	6.9925	6.6708	6.4227	6.4724
