Cell lines	600MPE	AU565	BT20	BT474	BT483	BT549	CAMA1	HCC1143	HCC1187	HCC1395	HCC1419	HCC1428	HCC1569	HCC1806	HCC1937	HCC1954	HCC2185	HCC3153	HCC38	HCC70	HS578T	LY2	MCF7	MDAMB134VI	MDAMB157	MDAMB175VII	MDAMB231	MDAMB361	MDAMB415	MDAMB453	SKBR3	SUM1315MO2	SUM149PT	SUM159PT	SUM225CWN	SUM52PE	T47D	UACC812	ZR751	ZR75B
Response	1	1	1	1	-1	-1	-1	-1	1	-1	-1	1	-1	1	-1	1	1	-1	-1	-1	1	-1	-1	-1	-1	1	-1	-1	-1	-1	-1	1	1	1	1	-1	1	1	1	1
EA_G__SYT8	6.8303	7.6929	7.5678	6.44	6.5346	6.4279	6.1642	6.2781	6.3613	6.1181	6.3438	6.6819	6.2913	6.6771	6.3662	7.5477	6.5741	7.6114	6.0903	6.5336	6.3085	6.6102	6.4505	6.319	6.0314	9.1213	6.273	6.4885	5.9924	7.0635	8.2657	6.3503	6.5691	6.5606	7.982	7.136	7.9103	7.0497	6.2935	6.5223
EA_G__GBA2	7.0611	7.9182	7.2585	7.1177	7.7517	7.7342	8.9204	7.3434	7.9632	7.1583	7.0217	7.9961	8.1298	6.9633	7.4439	6.7869	10.8175	7.7709	7.9028	8.3792	7.6672	7.5137	7.7553	7.7022	7.8072	7.5787	7.9523	7.9938	8.3174	8.0147	7.6414	6.5285	6.4815	7.3485	7.3107	8.0718	7.2136	7.4953	7.6339	7.5122
EA_G__ST6GALNAC5	5.9522	5.516	5.6332	5.5457	5.3218	7.7685	5.2248	8.5429	5.7012	5.7852	7.0975	5.2275	8.0197	5.6697	8.2565	6.8828	6.238	9.2436	9.2887	9.1363	6.0635	5.6634	5.8365	6.786	5.8298	5.8212	6.8403	5.3974	7.3398	6.0806	5.9393	5.5472	7.7935	6.4576	5.4934	5.7869	4.7809	5.1216	5.1008	5.7477
EA_G__EHF	8.9418	7.9677	7.8953	8.8702	8.3787	3.4608	7.0353	8.5755	9.3891	3.7674	8.0012	6.4301	4.3068	9.4851	8.5171	8.2355	9.4367	7.3563	3.5329	8.1561	3.837	7.2835	4.963	5.5786	3.0694	8.5866	3.5169	8.217	8.8245	9.2446	7.1737	4.1825	7.2807	3.8479	9.2408	8.1504	9.8011	8.7526	8.8216	9.3806
EA_G__ACTG2	5.7094	6.42	8.1969	5.9149	7.4512	6.5615	7.8168	7.2358	6.044	9.6112	6.8146	6.0135	8.13	6.1929	6.7957	6.5218	6.5331	11.4434	7.5453	6.4375	9.7153	7.162	7.6086	6.4451	7.0741	9.1921	6.0054	8.2602	6.1646	6.5419	6.9759	6.7062	6.2758	7.635	6.1101	6.5448	6.3778	6.1246	5.9909	6.2103
EA_G__ST14	9.3704	10.0699	9.5095	9.4025	9.5064	5.3989	8.4103	9.1952	10.6256	5.1965	8.8454	9.6956	8.111	9.7844	9.82	10.1543	10.002	9.6359	5.0132	9.7185	5.5207	9.0798	8.8239	7.8911	5.3651	8.6958	5.8956	9.328	8.803	9.6571	10.0178	5.6156	9.5955	5.7331	9.2113	8.7602	11.0696	10.1267	9.1367	9.6422
EA_G__FAM102B	5.6143	7.6807	5.4958	6.4889	7.0483	6.2611	8.3148	6.6228	4.541	6.1593	8.3918	8.0497	6.9206	5.5418	6.8988	5.9772	7.4748	7.1613	7.6866	7.3443	6.8907	8.9932	10.8838	8.5057	7.036	6.8071	8.478	7.9942	6.5299	5.8843	7.6278	8.7208	5.7998	5.8155	4.5815	5.9812	6.7263	6.6192	6.9419	6.6286
EA_G__LOC342897	6.8877	9.3215	7.5298	6.5232	6.405	6.341	6.1959	5.9222	7.6628	6.4521	6.3118	6.4283	6.2297	6.6868	7.9023	6.4686	8.5321	6.0562	6.1129	9.8111	6.3895	6.4818	6.8347	6.4992	6.3021	7.7221	6.2784	6.5222	7.442	7.3158	8.7168	6.8808	6.9333	6.6187	9.7598	7.336	6.8452	7.8893	7.4687	6.4656
EA_G__CNN3	8.4208	5.6037	8.51	7.712	6.7753	9.0177	9.2162	8.9063	8.3886	8.6155	9.2855	7.7128	8.5625	7.7239	9.4372	9.1471	7.7323	9.3889	9.7847	9.7946	9.0441	4.2049	3.5971	9.1817	9.392	8.0108	9.5909	8.2272	9.1239	9.3042	7.601	9.0462	8.283	8.3459	8.8179	8.6341	8.8297	7.4936	8.3843	4.7103
EA_G__OGFRL1	7.2907	6.8486	7.834	7.3162	7.3684	9.7312	8.3226	8.0075	6.7988	7.4392	7.7099	6.852	10.0646	6.5605	8.1751	4.3906	7.2933	9.4914	8.5394	8.5703	6.9298	6.4392	7.7643	5.8689	6.9108	6.5117	9.3618	7.7996	7.9517	7.1129	7.0535	7.7615	8.2585	8.8917	6.7379	7.4452	7.4045	6.5472	7.6576	7.6894
EA_G__DLG5	8.5367	8.2051	7.6128	7.6054	7.9137	7.4257	7.389	7.1702	8.661	7.0411	7.5975	8.4243	6.8348	8.0736	7.2262	7.4377	7.5578	7.6163	7.1961	7.3677	6.5017	8.0798	8.3969	7.8307	7.1467	8.2111	7.1437	8.1074	8.0102	7.7634	8.54	7.7252	8.865	8.3913	7.819	8.1331	8.281	7.9264	7.9025	10.8081
EA_G__ZNF689	7.1686	7.9547	7.6914	7.2698	7.1272	7.1521	7.9025	7.8283	6.6913	7.788	10.1663	6.7056	7.5898	7.7696	7.5855	6.699	5.2033	7.4825	7.2877	7.3127	7.3883	7.8832	7.9564	7.4465	7.3665	7.1109	7.3277	7.8217	7.7445	8.2893	7.0525	7.7666	7.172	7.551	6.8933	6.9406	7.2193	7.0399	7.511	7.1368
EA_G__PTGES	8.2229	9.363	10.205	8.4199	10.1096	6.2238	6.4562	7.3142	8.7765	6.5956	6.2499	11.3213	7.35	9.7917	9.7996	11.1175	8.7993	7.7357	7.3284	9.463	7.4483	7.0428	6.8511	7.795	6.973	9.0897	7.1748	6.3624	6.1287	6.989	10.0222	6.047	10.3143	8.3105	7.3185	6.5114	8.3422	6.6971	6.68	7.0295
EA_G__EPHB6	5.857	8.4969	7.4338	6.3002	5.5279	5.4516	5.5827	5.6146	9.9697	5.9448	5.2634	5.6494	5.536	6.0019	6.8125	6.5558	8.6402	6.1908	5.7022	7.7802	7.2581	5.9095	5.8963	6.0219	5.4641	6.9214	5.4894	6.0295	6.1026	6.261	7.3595	5.6583	6.4799	6.0107	7.1052	6.6515	6.5689	5.6638	6.4258	5.5975
EA_G__PRSS23	5.5882	4.6783	7.2342	6.673	6.2032	7.4863	4.7843	7.1082	4.4011	7.4556	5.5755	4.58	4.9244	6.1456	6.2282	7.2194	4.7084	7.308	7.7035	5.6167	7.7645	5.6894	5.8347	7.336	7.9445	6.6193	7.4331	6.501	8.2965	6.1393	4.7616	6.3804	5.4088	5.1328	6.5064	7.8341	4.7269	6.3533	4.7555	4.7505
EA_G__BASP1	7.2406	7.5537	7.4218	9.3298	7.8868	9.6218	8.299	9.8899	8.5702	8.8385	7.615	7.3633	7.9699	7.3156	8.8249	7.1357	7.6596	7.8624	9.069	7.4602	9.3455	8.8172	9.5101	8.6996	10.2572	7.2745	8.6855	7.8865	7.1992	7.8206	7.9689	9.3781	8.3597	9.3406	7.4398	7.6651	7.2088	7.8876	7.0879	7.4299
EA_G__NBL1	5.6874	6.1693	6.0302	6.5123	7.91	7.2287	8.8627	7.4446	6.4894	6.4088	7.8477	8.9876	7.7277	7.8409	7.989	6.262	7.4926	6.8964	7.0244	9.3898	7.4014	6.5167	6.2728	8.6259	7.7704	5.8527	7.2223	7.4465	9.3873	8.9764	6.4183	6.2493	7.4905	7.3304	7.0402	6.3728	7.4907	7.1949	6.2454	6.7302
EA_G__STEAP4	8.7208	8.8261	8.2268	3.6065	3.9258	3.5677	3.5754	4.1022	7.0677	3.6997	6.8604	5.1387	3.3645	3.6121	8.0281	9.744	3.9855	4.4083	3.3684	9.233	3.3895	4.1094	4.5633	3.5896	3.4877	7.5717	3.6511	3.6823	8.3019	4.0973	6.8116	4.0102	10.6528	4.3021	9.1109	3.8375	5.9035	4.1422	4.1833	4.1754
EA_G__FAM83A	6.2667	9.2665	6.9613	6.4079	5.4584	5.1123	5.3789	5.0616	9.4749	5.205	6.0218	6.385	5.005	9.102	7.37	6.5828	7.5888	5.9004	5.0462	6.8265	5.0033	5.7755	5.9803	5.2402	4.9435	5.8912	5.5186	5.7117	4.9014	6.4144	6.7959	5.5079	6.2875	5.5004	5.8496	5.8332	5.7875	5.6898	5.2744	5.1521
EA_G__GFRA1	4.3521	4.1412	4.1306	5.4443	10.8364	10.5529	7.342	4.1267	9.2337	4.7233	4.2298	5.6427	4.5953	4.5522	5.9682	4.5526	4.3998	7.365	7.0256	4.3539	4.3863	9.5023	10.8982	6.6614	5.6593	5.4338	4.3427	9.6117	7.3103	5.0388	4.5726	4.6636	4.5616	4.5873	4.4514	4.9426	4.8111	4.3584	4.6337	5.7545
EA_G__SYK	6.4062	5.9849	7.3582	7.3327	7.0955	4.7423	5.0707	5.0835	6.2633	4.4833	4.4849	6.8967	4.6334	7.5505	7.6245	8.463	6.9189	8.076	4.409	4.8371	4.7997	6.8007	6.8805	4.6771	4.5247	7.3438	4.6861	6.3931	4.4987	5.1463	7.264	4.8881	4.8966	4.8173	7.2579	7.2591	6.9358	5.5448	6.3764	5.6168
EA_G__PIP	5.4517	6.0194	4.2726	9.8248	5.6362	4.5378	4.3694	4.1597	6.2646	4.891	7.1082	5.4811	4.2352	4.3455	3.9187	5.0015	5.4016	3.98	4.2767	4.7902	4.8801	4.254	4.5241	5.7092	3.9924	9.9719	3.8229	6.6374	5.211	8.0533	5.4421	3.9923	5.1924	4.433	8.0814	5.4705	12.3875	5.4503	9.2289	5.9032
EA_G__SULF2	5.3616	5.4193	8.725	7.0811	8.8036	5.4425	5.5604	9.4019	5.0992	9.8476	7.1048	7.5228	5.8056	6.1078	8.5899	8.4503	6.7196	7.1836	8.0557	8.8791	4.9672	10.108	9.9574	8.4334	9.2032	8.2053	5.1993	6.8745	6.811	5.8584	5.4766	5.0596	6.4834	5.3034	6.6309	6.1569	5.4137	8.8395	5.2181	6.5123
EA_G__GABRA3	6.3378	7.195	7.4992	3.5926	6.5108	4.0153	3.9212	3.5361	3.5182	3.6624	3.0698	7.5554	3.5344	5.5103	3.5005	6.405	6.679	7.4329	3.515	4.5329	6.819	3.8283	3.9856	3.8184	5.4322	9.5611	7.2023	3.9977	5.971	4.458	6.5951	7.6812	3.8109	6.4307	7.0942	7.363	4.8882	3.7147	5.777	6.1744
EA_G__KIAA1946	7.2936	6.1062	5.3732	5.2898	5.1786	6.22	4.6328	6.9174	5.4172	6.5005	6.836	6.3511	6.5407	5.817	5.4837	6.0086	5.8719	6.5697	7.1112	8.0989	6.004	7.0154	7.2267	7.4904	9.252	6.9588	6.2385	6.0172	7.6802	4.8968	5.9099	7.0091	5.3608	6.1977	5.8831	5.577	5.1043	6.4023	4.3291	4.553
EA_G__TRPV6	5.9489	8.172	7.7697	7.3399	5.3999	5.1131	5.837	4.7885	8.2265	4.7744	4.871	5.2912	5.0413	5.1102	5.1268	8.1564	9.2894	5.4021	4.7952	8.0611	5.0177	5.4671	5.4788	5.1602	4.7818	7.6043	4.9054	7.7522	6.6101	8.7922	8.2537	5.0953	5.2391	5.3572	9.1168	7.0934	8.5497	5.0626	8.2569	5.6418
EA_G__MFI2	7.0499	6.5409	7.4451	6.0195	6.6105	6.3816	6.3021	7.3809	6.4432	6.6874	5.9597	6.1615	7.0176	6.8945	7.951	6.4751	6.3599	7.6941	7.5084	8.2785	6.4218	7.2199	6.535	6.8241	7.9646	6.7914	7.2458	6.2385	6.836	6.8586	6.774	6.2475	7.0638	6.2745	6.6832	6.6	6.5608	6.5612	6.3968	6.7945
EA_G__SPARC	4.5171	4.8293	4.2373	4.5504	4.2699	11.8832	4.6628	6.7226	5.1153	9.4855	4.3425	4.5079	9.4465	4.4679	6.789	4.6287	4.3059	10.9051	11.0077	4.8481	12.1508	4.9966	4.6314	6.3594	12.8203	6.4311	7.2862	4.4453	12.4428	5.2404	4.8983	8.4651	5.4089	10.5706	4.774	4.8747	4.5219	4.6737	4.7502	4.5409
EA_G__GSTM3	8.0698	7.449	3.4929	5.7313	4.5577	6.0098	9.8597	4.8644	4.4013	3.8976	7.5289	7.5689	6.5758	6.3519	6.6997	6.1129	5.4939	7.4629	7.5308	6.716	4.9597	7.8988	9.2639	9.4711	7.7049	8.4579	7.2508	8.4069	10.4361	3.6536	8.2088	6.8352	5.3282	3.5419	7.3592	9.5481	8.8951	4.6443	3.9974	3.6998
EA_G__S100A8	7.2676	10.1954	6.7219	4.7807	6.3767	4.0005	5.3255	4.6069	6.6263	7.1282	3.9801	6.3518	4.7881	5.1313	6.4967	9.2427	9.4726	6.0559	6.0686	6.1721	4.7518	4.5702	4.9561	4.5268	4.1872	5.7241	4.7909	4.5536	3.6908	5.3875	8.9045	4.823	6.3458	4.9514	5.5872	6.402	5.059	6.7147	4.5989	5.9159
EA_G__SUSD4	6.3578	6.6804	6.1263	6.6157	8.607	5.1199	5.6575	9.2095	9.982	7.2765	6.8583	6.6596	6.4585	5.2454	8.243	6.3725	5.7532	6.6212	7.8351	8.388	5.3817	6.8073	7.784	9.681	8.2303	7.4646	5.849	6.7063	7.8361	7.3116	5.899	6.0963	6.1151	5.3051	5.8529	7.8561	5.7485	8.0041	8.6487	7.3798
EA_G__CPAMD8	7.0478	6.0825	7.2596	7.2388	6.7996	5.6587	6.0427	5.6522	7.7413	5.7791	6.8633	6.049	6.0436	5.9711	6.7098	6.1118	8.4635	5.9444	5.3842	6.5933	5.5284	6.2974	6.322	5.9579	6.7371	8.6424	5.4769	7.4537	5.9555	7.027	6.3632	5.7861	6.2587	5.9367	7.1091	6.9385	8.6235	8.1872	6.9222	6.1828
EA_G__LCN2	11.1069	9.4212	9.6885	5.0838	5.3105	4.7924	5.0798	9.5496	6.8063	5.2212	4.8198	5.4298	10.0545	6.8843	10.5098	10.0013	10.2444	8.3252	4.7344	10.5674	4.6386	5.3169	4.7414	4.8816	4.9918	5.7186	5.2315	4.9709	5.004	5.7744	8.4306	5.3692	8.9403	5.1636	8.8115	4.9411	6.0385	5.2134	5.2409	5.8001
EA_G__NFE2L1	8.895	7.7252	8.2076	8.1016	8.6345	8.3328	8.1838	10.0915	7.2377	8.0658	10.4277	8.3784	8.7606	8.0923	8.1807	8.1248	8.0424	8.6306	8.8653	8.6094	8.3908	8.3802	8.8802	7.9836	7.9527	7.7273	8.5012	9.6302	9.3498	8.2512	7.8589	8.2187	7.6757	7.9789	9.7629	8.4114	8.6774	7.9798	8.4395	8.4983
EA_G__LTB4DH	7.9976	5.3933	9.1913	6.6689	7.4318	5.7698	7.1917	6.748	6.2842	6.1681	5.3361	7.7929	6.0232	7.7423	7.5254	9.1557	7.2612	3.6109	7.9631	6.1619	6.545	4.6447	5.2567	8.9637	7.6993	6.6093	7.5951	6.6409	6.0478	6.3848	6.5266	7.6098	8.3432	6.4725	6.8979	7.3205	8.2498	7.3106	7.5474	6.1002
EA_G__PMP22	6.0959	5.1224	5.429	5.4594	4.9924	7.9781	6.3995	8.848	5.1563	7.6262	5.2112	4.8395	8.7645	5.8123	5.4972	5.4895	5.8946	7.2789	6.5533	5.0787	8.0606	7.1631	8.4061	6.657	8.6806	9.0748	7.5881	7.8117	8.2058	5.4837	5.0125	7.6065	6.1094	7.5676	4.8133	6.7722	5.0781	6.394	6.6771	6.0156
EA_G__IFI27	7.372	5.8765	5.8672	5.9634	6.5869	5.8995	5.4532	5.5807	8.8289	6.063	5.688	5.9176	5.9609	7.0174	8.4091	9.0494	5.719	5.6297	5.5432	10.2193	5.4534	6.2246	5.9099	5.7179	5.6424	6.2605	5.5659	5.7446	7.0341	6.5357	5.8964	6.6504	8.3749	6.7455	10.8426	5.8441	6.2312	5.7468	5.9358	5.876
EA_G__GRAMD2	6.7449	9.1627	8.8006	8.0119	6.578	4.9204	4.9565	6.129	5.2142	5.124	7.5184	7.0826	5.0351	5.7863	6.8372	8.0838	7.0011	5.7249	4.6843	6.2288	5.1823	6.0796	5.56	5.023	4.8118	5.774	5.2106	5.5525	5.2362	6.784	8.6722	5.4089	7.3875	4.8997	6.4928	6.5344	5.6594	7.2598	5.4708	5.0695
EA_G__PLCE1	6.8135	7.8735	6.768	4.6044	7.1905	6.6847	4.7285	7.5819	5.1961	4.3522	5.7793	6.6242	7.5885	5.8775	5.937	6.8419	7.8865	4.2232	5.6112	6.4026	7.1553	4.5175	4.2639	4.7231	6.0015	5.5053	7.128	6.2214	4.2294	4.6147	7.5813	8.8057	7.5622	7.4058	4.7299	5.3495	7.3688	7.8188	4.2622	4.9077
EA_G__EDG3	7.4502	6.934	8.1139	10.4128	9.7139	6.3952	9.5367	8.0358	6.8443	8.9643	9.1369	8.9153	7.8993	5.3846	7.8087	9.1444	7.1815	7.2726	8.8852	8.5981	8.5947	8.383	8.9758	8.7868	9.7428	8.7596	7.7877	9.4427	8.5052	8.8173	8.0215	7.9986	8.4006	7.2288	7.4755	8.3141	6.9779	7.5722	8.9381	8.2089
EA_G__PTBP2	6.4415	7.2314	6.3823	6.6012	6.7424	7.4693	7.969	6.7197	7.4457	7.0102	6.2017	6.8719	7.038	6.114	7.7229	7.0862	6.1892	7.3498	7.7541	7.0678	7.4414	5.4425	6.7625	6.7048	7.2886	5.1418	8.2313	6.6261	6.8417	5.6934	6.5126	6.8487	6.6015	7.5655	6.427	6.4271	6.3348	6.1613	5.6732	6.3614
EA_G__PLK2	7.5236	7.8727	8.5494	8.8925	8.5242	10.5128	8.5205	8.6085	7.4595	7.9545	10.1316	8.5336	7.8623	8.9048	9.9297	9.543	9.8103	8.7463	8.8406	9.5894	8.67	9.0988	10.4749	9.3449	9.7563	9.7828	8.3677	8.7253	10.3724	9.3284	6.7134	7.406	8.4268	8.0216	7.9646	8.9164	9.9098	7.2602	7.4777	7.7337
EA_G__CDCP1	8.534	6.3089	8.9565	8.0251	7.65	4.5396	7.6241	9.0594	7.5934	5.7738	6.733	7.5561	6.2779	9.0341	9.1124	8.9327	8.5008	9.5947	6.558	8.4237	4.6847	5.0267	5.1655	8.1914	4.6864	7.5262	8.0631	7.9998	6.7411	8.0166	6.3926	10.3823	8.3255	9.0246	7.6336	7.2998	7.685	8.3503	7.7927	7.2571
EA_G__OCC-1	6.2744	4.7657	6.4463	6.0232	7.7451	7.9125	8.1939	7.9815	6.4479	7.388	7.0864	6.2162	7.7616	7.2971	6.5371	7.1938	4.7101	6.4958	7.6337	5.1407	8.9882	6.7867	6.4518	8.3745	8.6907	5.5728	7.9621	7.1268	6.1152	4.9518	5.6333	7.3574	7.0924	8.3571	4.3091	5.966	6.2156	7.6201	4.414	6.1645
EA_G__STARD4	6.7619	6.3393	5.0936	6.2356	5.7999	8.2189	5.1591	5.0542	6.6369	6.2604	4.101	4.9746	6.693	6.8293	6.3408	7.3607	4.6671	4.9216	5.2105	5.8856	7.3773	6.0088	5.1866	4.2501	5.7882	6.4522	7.7125	6.3842	8.8551	5.3653	5.9827	6.4555	6.7962	6.8974	6.6348	6.6586	6.7035	6.5949	6.3731	6.6827
EA_G__MXRA5	6.3669	5.6939	7.0799	8.355	7.7035	5.6922	5.6588	5.7879	6.8828	5.6509	5.332	5.4795	5.3846	5.9717	5.5264	6.9973	7.5141	5.5388	7.1314	5.8116	6.4568	5.8408	5.8104	5.4971	9.4697	5.9552	5.4874	5.4645	7.4138	6.2964	6.6364	6.3146	6.0046	5.5719	7.0036	5.9821	5.9915	5.6832	7.0636	5.8478
EA_G__SH3BGRL	7.102	3.942	5.8526	7.1953	5.0198	7.4323	7.7708	7.8664	5.9809	7.0227	7.314	6.1049	7.0572	6.0477	6.2545	3.6697	7.2912	6.4261	8.2649	7.7216	6.3939	7.5036	8.6749	7.7542	6.6349	7.6797	7.0193	8.0679	10.253	6.9757	5.0457	7.6014	7.6059	6.7317	6.2722	8.3469	7.2142	7.1465	8.439	7.1421
EA_G__AFF3	4.5657	5.0422	4.6767	6.8201	8.5037	7.3038	8.1989	4.6851	4.7865	5.5192	5.9513	6.957	4.9284	4.7112	4.445	4.6979	4.6722	4.972	6.2454	4.7444	6.5216	5.9749	6.1937	10.0483	6.4517	5.9211	4.5994	8.7562	8.1808	5.6996	5.0554	5.0107	5.2915	4.7219	4.7532	6.9897	7.1956	6.4652	5.2492	4.6922
EA_G__VGLL1	7.6073	10.9444	11.2686	4.6119	4.6541	4.3916	4.4151	6.9869	8.6166	4.7829	4.504	6.0136	9.0918	8.3963	10.7164	9.5276	10.8849	8.4322	3.6268	9.5937	4.2638	5.3299	4.5135	4.6557	3.5808	9.471	4.245	6.2538	5.8522	4.2631	10.7559	4.144	5.4264	4.6659	8.4889	7.048	7.7095	5.417	8.4362	4.8233
EA_G__EMB	8.1316	5.4869	5.2217	6.4821	7.6415	7.8272	4.3373	4.4439	6.5991	4.9638	4.1703	7.7335	4.4512	7.2288	6.0816	4.7315	4.5402	6.2927	6.4797	4.6913	7.6929	7.5064	8.1668	5.1944	6.5917	7.506	7.4504	4.3841	6.6687	6.2602	6.7998	6.9895	6.7513	7.5452	5.2362	4.9114	6.0519	7.6536	7.7475	8.4554
EA_G__MUC1	10.7485	9.3354	8.5583	9.6525	11.0311	8.4104	10.0109	8.1385	7.6877	7.2345	9.5962	9.4833	6.9752	6.7513	6.8465	9.0466	9.1369	6.9437	6.835	10.7156	7.125	8.9106	9.84	6.573	7.0024	11.0353	6.32	9.2355	10.806	7.2765	7.6032	7.3348	9.1411	7.2021	9.6284	9.3378	11.5556	11.9165	10.8592	11.0123
EA_G__CADPS2	7.5792	7.7456	4.908	7.4979	5.9192	4.0964	6.4627	4.4223	5.6493	4.16	7.0315	4.4205	4.0071	4.8258	4.1246	5.3083	6.7121	3.9804	3.6804	6.6876	4.1893	5.843	6.0549	4.6595	4.342	7.6282	5.1269	5.4529	8.4842	6.1528	6.7688	4.2951	6.5761	6.4273	6.6469	5.8467	5.8717	6.468	6.224	5.6319
EA_G__KRT13	6.9552	7.2847	6.701	6.1001	10.33	5.8539	5.749	6.2374	5.8131	5.8504	5.8338	8.2877	5.8424	10.3909	10.2844	6.4656	5.958	5.8992	5.5661	5.9554	5.8534	6.201	6.0885	5.618	5.3836	6.2938	5.7852	5.6344	5.7481	6.6622	7.0171	5.947	6.2364	5.6979	5.9224	6.0699	7.0802	6.0486	5.977	5.6948
EA_G__PSIP1	4.1751	6.1176	6.9211	5.1612	6.2616	7.8028	7.2215	6.6113	6.9571	7.085	5.1184	5.0618	6.5259	5.2413	6.8764	8.328	4.6729	6.7028	8.6434	7.5354	6.9847	5.8802	5.8378	7.1594	6.9256	5.5453	6.4013	4.9988	6.1713	5.1239	6.0302	5.3133	7.7199	6.0896	5.1479	6.2861	5.9503	6.4023	5.8246	6.1255
EA_G__NLRP2	8.1576	8.9785	3.5682	8.9691	7.9713	3.6741	3.5258	3.3124	7.512	7.108	9.2522	8.966	3.49	9.3799	3.4433	7.4231	9.2504	3.5501	7.8246	7.7908	4.7481	3.3894	3.8341	8.0258	7.8593	8.1266	3.6189	7.8887	5.3161	3.7842	6.6445	3.5206	6.8015	3.8452	3.8335	7.528	8.4914	7.8778	3.8702	3.7279
EA_G__STARD5	6.1451	6.6959	6.0697	6.1372	6.6666	6.9862	7.2941	5.6001	4.3581	6.5836	6.3326	9.3959	5.8159	5.6526	6.1601	6.0715	5.9089	6.1212	6.4202	4.8891	5.8293	6.5961	6.6819	7.2477	6.804	5.7079	5.5497	7.0337	6.5369	6.6452	5.995	6.438	6.01	5.975	5.5901	6.4533	6.1559	6.6574	6.7232	5.2916
EA_G__VSTM2L	7.7422	8.012	6.5151	7.0129	6.9401	6.45	6.1622	6.337	7.1204	6.482	6.317	6.8206	7.12	6.7261	6.5938	7.0164	7.3487	6.9493	6.5689	6.7803	6.6125	6.719	6.8905	7.0929	7.3722	8.1028	6.9369	6.4124	6.215	7.2384	8.8512	6.3243	6.7686	8.1457	7.1857	6.5892	6.5964	7.12	6.7339	6.6447
EA_G__SEPT3	6.9903	5.635	6.6031	6.7384	7.6211	7.1111	8.259	7.2777	8.3934	8.2094	6.1608	7.8876	8.5761	6.0032	6.2407	6.9621	7.1455	7.637	7.8916	8.5005	5.7086	6.6076	6.7981	8.7827	8.0446	6.7842	5.9076	6.2873	7.0206	7.3441	6.1114	5.7419	6.6475	5.6368	7.2357	5.9289	6.4781	6.64	7.4648	8.101
EA_G__FLJ22662	5.6135	4.4291	8.2246	4.8535	5.1402	9.39	6.2443	4.5283	6.6027	4.1952	7.4806	6.352	6.5432	8.6028	8.182	3.7977	7.7989	7.6519	8.1594	8.5424	4.4533	6.9435	7.1795	4.684	7.6238	6.103	6.0164	6.0894	10.6537	5.3317	6.9531	7.0047	6.9269	3.6518	4.5238	7.1608	6.0079	6.3239	6.4946	5.1384
EA_G__PLEK2	7.5218	7.8767	7.4077	6.9913	7.451	4.8813	5.5825	8.7524	5.5392	5.615	5.8396	6.6606	5.4987	9.5771	8.7812	7.8662	7.856	5.711	6.7698	6.9822	5.4334	6.5699	6.8922	5.1198	5.7967	5.6785	8.9464	5.9095	5.3534	5.9621	6.9102	5.6178	8.5805	8.2555	7.1837	5.1365	6.8475	7.0183	5.7742	5.5865
EA_G__SCNN1A	11.0357	9.555	7.8103	8.6409	7.5026	4.9473	5.4678	5.4577	6.6565	4.7544	9.9819	8.3223	4.8405	6.7003	8.1132	8.4818	9.5645	6.633	4.8998	8.5155	4.5885	8.3719	6.2766	7.8867	4.3763	10.0856	5.2414	9.5227	10.347	5.8397	9.433	5.0744	10.6293	7.2214	9.1262	10.4535	8.2861	7.8388	6.6651	8.573
EA_G__EPB41L2	6.6357	3.5196	8.5143	5.0152	3.8346	7.2057	6.1864	8.2547	6.4645	8.3694	7.0403	4.1389	9.0062	5.5827	6.685	7.1446	4.8245	8.3567	8.2745	3.269	8.2875	4.9766	7.0896	7.6184	7.2073	4.4167	8.3392	5.3878	8.5821	5.747	3.4058	8.1063	7.0184	7.3074	4.428	6.6847	5.489	5.5184	3.3655	5.0117
EA_G__TGM2	8.291	6.0616	7.0423	5.7179	5.6685	5.8302	5.5872	5.6804	6.1347	6.0938	5.4613	5.7582	5.7239	6.3815	8.1771	9.5003	6.2242	7.0675	6.8345	6.4743	7.0627	6.2897	5.9839	5.9406	5.63	6.9053	7.5554	5.7424	5.7822	6.6473	6.1463	6.5515	7.7965	7.8061	5.8529	6.5328	5.9166	9.2223	5.812	5.7594
EA_G__PCDHGB5	5.6227	4.4889	3.526	3.3145	6.1849	3.6241	6.6569	3.2739	4.4807	6.2963	7.0214	5.6211	5.4939	4.3449	7.5754	4.8181	3.4548	4.4251	7.1118	7.3877	4.4911	7.4283	6.9224	3.8176	5.4069	4.2858	3.38	6.1786	7.3023	5.2977	4.4039	6.4168	3.8111	3.7252	5.7355	5.3295	7.7534	5.4658	3.4986	4.4285
EA_G__HIST1H3I	9.445	9.3576	6.0636	3.6746	7.6117	4.5389	9.017	3.4167	10.4627	10.4506	10.1285	2.4484	3.209	10.3819	10.2509	3.0771	9.9831	10.1812	9.7347	9.8185	2.868	9.3087	8.9587	4.6431	9.6697	2.621	3.8928	9.8989	9.748	9.0319	9.3989	5.0607	8.8163	3.295	5.1648	7.2899	8.6674	8.8729	3.1695	5.2374
EA_G__HIST1H3J	8.6515	9.0732	7.0677	4.8538	7.1076	8.9322	7.9819	4.1117	8.3825	9.0427	5.1653	5.3216	9.1621	5.2914	9.125	8.6605	7.9351	9.3944	8.833	9.2544	5.1059	8.3425	8.4561	5.3195	8.6272	7.8093	9.2246	9.3873	9.0946	8.8519	8.5229	4.984	5.5873	8.9926	5.4116	8.7625	9.0177	7.4142	9.6139	9.1797
EA_G__ENO2	6.1569	4.6093	6.2833	6.329	8.4766	7.602	5.2129	7.6663	6.8034	7.0428	6.2294	6.2752	4.7836	7.0512	6.3899	5.0838	5.5641	7.2008	7.0543	7.0234	6.9214	6.5056	7.73	9.5134	6.8553	7.0927	7.9842	7.5544	6.368	7.8388	5.2907	5.1423	7.2355	7.2512	5.7298	5.974	6.3828	6.4867	7.4347	7.2273
EA_G__KIAA0258	7.5539	8.1496	8.0279	7.9098	8.3539	7.7622	8.6785	8.1152	8.2046	7.4495	7.9908	8.078	8.3061	8.3243	8.2706	7.7579	10.9617	8.2897	7.981	9.1788	8.1073	7.6603	8.0685	8.4831	7.5373	7.5261	8.0547	8.7406	8.2172	8.7381	7.8566	7.6932	7.4298	7.7927	8.023	7.8995	7.6542	7.6521	7.9678	7.9041
EA_G__KLF5	8.5255	7.652	8.2589	7.684	6.6646	6.3332	6.431	8.9231	5.9599	7.4141	7.6071	6.457	6.4916	9.4332	9.3723	8.6798	9.0117	7.6384	5.8379	8.4817	6.7928	7.0684	7.0685	7.0022	6.5565	8.4969	7.2973	7.8222	7.8355	6.6541	7.7837	6.5118	8.0507	7.7208	8.6968	6.7986	6.6995	8.0027	7.0105	7.3024
EA_G__7A5	10.3607	8.9896	8.1824	8.3314	9.0219	3.2606	7.2942	7.6597	5.6095	3.7134	9.2592	6.5231	3.7622	8.2988	8.3687	9.8414	8.9054	8.2759	4.0236	9.6757	3.4441	6.8545	7.4974	5.2953	3.1486	9.6105	4.0122	7.6718	8.5499	7.1	8.7273	3.9994	6.9247	3.9668	9.2352	7.0569	8.1383	9.6843	7.3096	9.2036
EA_G__CD82	9.229	9.8771	8.1254	8.8679	8.6489	8.794	8.1078	7.3811	10.5764	7.6428	7.5429	9.3678	7.1548	8.3926	9.3078	8.7068	9.6325	8.8753	8.245	10.3563	7.8305	7.488	6.3946	5.5576	7.6367	10.0199	7.4616	9.111	9.3887	8.9446	9.813	8.1362	7.3628	6.4821	9.7895	9.1063	9.9672	8.1926	9.374	8.5304
EA_G__CA2	4.596	4.6403	5.0543	5.2031	5.2579	4.2496	6.7257	9.7123	4.5209	8.083	9.075	4.4465	8.3092	4.9235	6.9233	4.3432	6.9056	5.1699	9.3262	6.4035	4.3248	3.9877	6.5728	7.3113	4.1486	4.5357	4.8291	6.2827	3.8582	5.2165	4.6684	4.4021	7.1249	4.9356	4.8216	5.1975	4.334	4.464	7.7404	6.6442
EA_G__ARNT2	6.7828	4.8082	5.3564	6.7796	7.0307	5.5246	4.93	5.7782	6.3327	5.5607	5.4852	4.6333	6.4409	5.3312	5.2089	5.1037	5.3439	5.888	6.6551	5.0986	6.5476	6.7846	7.3248	8.4494	7.0652	7.9841	6.7388	6.172	7.7978	5.6452	5.2713	5.2603	5.218	5.6214	5.3518	6.6507	5.0964	8.1288	5.3983	5.5717
EA_G__KRT86	13.3379	10.3848	8.5794	8.4565	8.7735	8.3179	8.0746	7.4759	8.0969	8.9404	8.3171	8.7657	8.2766	8.5663	8.6907	8.3822	8.3819	8.363	8.1089	8.5233	7.9741	9.7851	10.0862	8.2085	7.6371	13.9235	8.0136	9.2948	13.1366	8.3402	8.4784	9.2708	9.5647	8.9904	13.6157	13.318	8.5214	9.642	8.7488	8.6665
EA_G__ETNK2	7.0246	7.5221	6.2958	9.7857	10.3826	7.9061	9.9112	6.888	8.279	6.8342	7.9484	10.7975	8.3972	8.1223	7.3287	6.047	6.9475	7.6305	7.4034	5.0177	6.0105	8.2102	7.2977	10.6718	8.5517	8.6151	6.0214	8.6961	8.7361	8.9902	8.1005	5.4341	6.619	4.237	6.6387	8.0919	7.2943	10.09	6.6311	6.3521
EA_G__FAM132A	6.6035	7.0726	6.7356	6.7905	6.7412	6.6927	6.7581	6.5001	7.0008	6.7711	6.4586	6.6316	6.6128	7.0575	6.5886	6.8081	6.5194	6.706	6.4491	7.0554	6.5887	7.0058	6.9314	6.6823	6.5831	6.9293	6.6004	6.6262	6.5639	7.1606	7.0314	6.8575	6.9061	6.9675	10.2581	7.3771	6.8498	6.9846	6.7779	7.1615
EA_G__FAM46A	6.489	7.5335	6.8155	6.6911	6.2397	9.9255	6.0797	6.9214	6.2153	7.7379	7.2561	6.0175	6.8131	6.6039	6.8473	7.7524	5.7554	6.9915	6.2605	7.1306	8.0787	7.1563	8.2218	8.2414	7.9682	7.4488	6.2809	8.1532	8.3767	7.0009	6.7548	6.6522	8.0643	6.6113	6.8086	6.1075	6.2258	6.7534	6.8276	6.3614
EA_G__PHCA	9.4805	7.0124	6.8136	6.733	6.9934	6.8958	6.8838	6.4098	7.1016	5.9372	6.1021	7.9612	6.1233	7.4588	6.4816	7.4683	6.4559	6.918	6.6104	4.7823	6.5791	6.287	6.3702	9.8663	6.8811	7.2654	7.1283	6.1298	6.2601	6.7278	6.7396	6.2054	6.767	6.9983	7.1347	9.8195	6.9235	8.7412	4.3451	5.3949
EA_G__ELF3	8.5748	8.8252	8.8399	8.1308	8.1399	4.9138	6.864	7.729	8.3153	4.8811	8.1281	7.8905	8.1319	6.3321	7.717	8.7614	8.9846	7.547	5.2282	9.2539	4.9362	7.7912	7.3381	6.4985	4.9177	8.1983	5.4539	7.7294	8.0609	7.1314	8.8807	5.3636	7.1317	5.4265	7.6229	8.2198	8.1507	6.9046	8.6266	9.6058
EA_G__KIAA1467	6.6315	7.5406	6.6624	7.2865	9.3605	5.8311	8.6582	6.745	7.3667	6.7519	7.505	7.9446	7.4237	6.29	6.3595	5.9867	7.0355	6.5908	7.377	7.3791	6.2821	8.4645	9.6294	9.3226	6.5187	8.4148	6.7367	8.5894	8.7607	6.8448	6.5345	5.8873	6.7214	6.6599	6.7002	8.4419	6.5175	8.1267	7.9241	8.2149
EA_G__CLDN7	10.3636	9.85	9.5351	9.1398	9.5023	4.9542	8.5019	9.5597	7.8989	5.1904	8.7904	8.7569	5.6529	9.9528	8.8823	9.2868	9.5516	5.3683	4.8213	10.2479	4.9616	8.9301	9.6298	8.4191	5.1725	9.2856	6.3708	8.4469	8.9547	8.636	9.9421	5.3195	9.7626	5.5576	9.8079	9.8201	9.0307	8.823	9.1229	9.5994
EA_G__SLFN5	6.3551	4.5627	3.6113	7.9279	3.3937	4.6782	3.8517	6.4659	5.4428	6.1726	3.1811	3.7721	5.7445	5.5597	6.1661	8.0224	7.6382	6.6715	5.8769	5.0148	6.1858	3.8609	3.6344	3.7697	5.5046	6.4506	5.5264	7.019	6.8036	5.2233	5.1094	6.6307	6.8766	6.7561	7.6172	5.8034	6.9799	3.166	3.9379	3.9261
EA_G__GGT6	9.0964	8.3135	8.655	7.006	8.0666	5.793	8.0847	6.0881	7.1068	6.1738	5.6971	7.3875	6.0567	6.2042	6.7551	7.6029	8.6305	6.0818	5.9579	8.1339	5.9044	7.6542	6.4003	6.2128	6.0818	7.0716	5.9307	8.2047	7.0393	7.5308	7.6895	5.9495	6.1742	5.9795	8.5388	8.5633	8.8248	6.812	8.1634	7.6006
EA_G__IRX2	8.5173	8.2061	8.6352	8.3716	7.4054	6.7802	7.908	8.4604	6.8686	7.5914	7.2388	7.1883	7.1409	7.8829	8.184	8.9985	8.6733	7.9823	7.2981	7.3122	6.8466	7.5982	7.7185	7.0101	7.6978	8.208	6.4527	7.7101	6.678	7.7619	8.356	6.9569	7.7958	10.7715	7.7253	8.5168	7.6102	7.6332	7.5843	7.5097
EA_G__TSPAN12	8.1459	4.8065	5.8963	7.7101	6.1921	4.3818	4.2948	4.7016	6.0141	4.4727	8.3821	5.7973	5.0621	5.3798	4.4833	5.7382	8.3077	6.0146	4.17	5.5669	4.8314	5.1698	5.8543	4.838	4.91	10.0466	6.9227	8.0057	8.1337	5.1424	5.347	5.4176	6.1065	4.1776	6.801	6.3377	6.1741	6.5665	5.9616	6.0829
EA_G__CDK5RAP3	8.0769	7.0657	7.0022	7.5364	7.9107	7.8547	7.8394	8.6243	7.1116	7.3997	10.176	7.8988	7.9888	6.9633	7.5531	7.1028	7.9227	7.4204	7.2929	7.5687	6.8329	7.8635	8.8183	7.3012	7.1384	7.2617	8.1751	8.666	8.6379	8.04	6.512	6.8064	7.0335	6.9849	8.8863	8.3218	8.1078	7.7401	8.6391	8.6733
EA_G__ABCD3	8.0706	8.5544	8.1513	7.6145	8.5018	7.8171	8.6562	7.2693	7.5809	8.6903	8.75	8.8656	8.5035	6.866	8.9051	8.1507	7.9655	8.0947	8.2058	8.9356	8.0793	6.8327	7.1561	9.1548	7.6698	7.2648	8.7925	7.6617	9.0646	7.2414	7.932	7.7466	8.6189	7.6636	8.3414	8.0512	7.576	7.7226	7.1523	7.1825
EA_G__TC2N	8.5979	9.0717	6.9775	9.3938	7.3508	3.3223	8.2578	6.9443	9.7443	3.7734	8.8806	7.6394	5.7542	7.1173	6.7638	7.7872	8.4157	6.5571	2.5474	7.8365	3.1031	7.5099	7.5506	7.6286	3.4834	8.7449	4.5382	8.6498	8.2854	8.3271	8.4929	3.1594	6.1981	2.9353	8.8122	7.8362	8.1402	8.2774	9.4791	8.1944
EA_G__FAM77C	5.5986	5.2746	5.141	5.8177	9.2404	6.2285	6.2276	5.3808	8.9727	5.7255	5.6698	8.9535	6.7136	5.356	5.6356	5.4778	5.3006	5.5056	5.3072	5.7193	5.0108	6.0272	7.3493	10.7015	7.2011	5.5719	5.2503	6.1178	5.1351	6.0575	5.6643	5.5834	5.2124	5.4421	6.579	6.0491	6.0703	7.1372	5.5503	5.5351
EA_G__GABRE	4.7424	8.6461	7.7588	5.6551	5.0391	4.3938	4.6382	4.1758	4.9124	8.2618	4.3276	5.3118	4.7007	5.8278	7.9141	9.1162	8.7248	8.8724	7.7033	8.6508	7.3543	4.7152	4.3835	4.7165	7.3917	8.2525	7.6055	4.2923	5.0037	5.1805	7.3929	4.7613	8.6802	7.5516	7.9522	5.0646	4.7438	6.7075	4.5927	4.6551
EA_G__S100P	11.3731	10.1247	7.9615	7.2864	5.4932	5.7465	5.557	6.9423	5.8348	5.7318	9.1996	5.8917	6.7804	6.0665	7.9226	7.2762	9.8817	8.8998	5.1913	7.8569	5.8489	7.6831	6.3119	5.3577	5.5392	9.0019	6.1748	6.4696	7.9889	5.8328	9.015	5.4877	8.6915	5.2488	9.9677	9.2091	7.4099	6.8574	7.2725	9.0204
EA_G__BCAS2	6.2279	6.7805	7.8709	6.1467	6.0379	6.8632	6.5338	6.1219	5.7785	6.0715	7.0184	6.4264	6.8239	6.7915	7.7819	6.0808	6.0397	7.0405	7.6989	6.5601	6.6001	8.5313	9.044	6.7778	6.5099	5.9668	7.5764	5.8857	6.3185	6.3712	6.487	6.8064	6.7067	6.5679	6.4755	6.0276	6.5575	5.9642	6.1783	5.9334
EA_G__KRT10	6.7857	7.0445	6.4279	6.6254	8.0339	6.4804	6.9532	6.4993	6.641	6.7273	6.6412	6.7273	6.5188	6.9106	7.0155	6.7177	6.8042	6.5046	6.5812	6.3903	6.6742	6.8911	7.0637	6.5853	6.2408	6.3063	6.5867	6.093	6.3976	6.7607	7.0754	6.7185	7.329	7.0358	7.3607	6.7347	7.4977	7.0732	6.575	6.744
EA_G__SH3RF2	7.3729	6.0867	7.37	6.2286	5.9256	5.639	5.3667	7.43	6.1878	6.4714	6.1167	6.2721	5.2171	7.5054	8.7813	6.9138	6.4435	6.5822	6.3956	7.0495	7.113	5.5176	5.8152	6.4949	5.7632	6.5689	7.6185	6.5312	6.7045	6.1989	5.8138	8.4877	6.646	6.2157	8.1102	6.9071	7.2445	5.9877	6.7448	5.5621
EA_G__RPS6KA2	7.2247	7.2512	6.4795	6.7426	6.0129	4.9791	5.3537	6.4925	6.9078	6.2883	6.2732	4.9725	5.8669	6.45	6.4346	7.5155	5.9798	6.8663	5.2436	6.5689	9.0315	6.5766	6.8342	6.9687	5.1484	7.0255	6.8695	6.9008	4.9655	5.6143	7.5479	5.5176	7.4256	7.175	8.3379	6.5329	5.2178	6.7964	5.4018	6.1544
EA_G__ZNF750	6.7199	7.3482	4.6567	6.7097	6.6858	4.9155	5.6839	4.6689	7.2202	5.1846	6.7591	6.451	4.7703	5.1668	5.5797	5.4145	7.1353	5.1352	4.7351	5.3662	4.4688	5.7987	6.4591	5.1944	4.6503	6.6426	4.6995	6.0296	5.1191	6.1847	7.0681	4.8725	5.4428	4.8895	7.0578	6.3349	6.3737	6.0345	6.7232	5.4634
EA_G__FZD7	5.6238	4.9595	7.5193	5.0229	6.7963	5.7581	5.4522	9.4585	5.8364	7.2116	5.7953	7.0174	7.2477	5.2591	6.6431	5.8451	4.8257	5.7462	6.7231	7.1561	8.2216	6.4394	4.9982	8.1128	7.5659	5.5336	6.8319	5.2781	4.3631	5.6368	4.8198	6.1794	4.7808	6.6816	6.0904	6.1188	5.3736	5.83	4.6495	5.1116
EA_G__C9orf19	4.855	6.829	5.2071	5.2876	5.7361	6.026	5.1261	6.4771	6.7151	6.7726	5.3678	4.8164	7.5139	5.4878	6.4374	5.5258	7.9401	7.2436	7.8618	7.5982	6.9045	5.9074	5.816	6.7327	9.8291	5.6739	6.2212	6.3068	4.5292	5.5009	5.9774	6.2198	6.1858	5.8776	5.6259	5.4415	6.019	5.3041	5.1365	5.374
EA_G__GUCY1B3	5.4722	4.8053	5.0459	4.2776	5.3475	8.0374	5.0634	7.2303	8.833	7.7941	8.7253	4.4872	5.9624	5.3104	5.2187	4.2365	4.2342	4.0363	6.5594	8.6541	5.8324	4.5064	5.6586	3.9242	10.1264	7.3901	6.6436	6.4968	6.2236	6.7091	4.422	5.7335	4.66	4.5811	5.2481	4.7088	4.2932	5.6111	6.9791	6.4822
EA_G__SECTM1	9.308	7.7626	6.1433	6.4991	7.1372	5.4408	6.695	7.2996	6.0516	7.0802	5.3865	5.8299	8.1885	6.4746	5.8766	7.277	5.659	5.7359	5.6122	8.0082	7.2774	6.1621	5.984	5.3917	6.2122	6.2113	6.3534	5.6221	5.5241	7.2426	7.7067	5.7317	8.1738	7.4491	6.9697	6.3637	6.674	6.3723	6.4831	8.8253
EA_G__CLCA2	3.7227	5.4736	3.9769	9.3552	3.0331	7.4614	6.097	3.0589	6.5649	3.8866	3.2461	9.319	3.2042	6.093	7.2526	4.7088	7.1879	5.0093	3.2672	3.3105	3.8089	3.6486	3.4346	3.2976	3.1401	7.5734	3.3498	10.4045	11.2438	10.9482	4.7001	4.2562	4.0675	3.7224	10.9404	10.2878	3.5201	4.2438	8.0633	4.1802
EA_G__KRT4	9.7219	10.5022	8.4322	5.6982	7.0224	4.8566	5.1172	5.7409	5.386	5.2757	7.0767	6.0104	5.2304	8.9052	9.3809	7.0895	11.8887	5.8807	5.2835	10.6574	5.3413	5.9723	5.2885	5.2528	4.9354	6.8817	5.3237	5.0901	7.7435	6.0481	10.6123	5.1709	5.6639	5.5898	6.5852	7.4726	6.6242	7.5048	5.938	5.2551
EA_G__SNTB1	6.5174	9.0401	5.3419	5.6897	6.342	6.1939	5.2882	6.8135	7.5273	6.0278	5.2358	6.1383	5.151	5.3682	6.147	5.4435	7.9611	5.7358	5.328	7.1994	8.4768	5.5713	5.5621	5.3527	6.4132	5.801	6.978	5.4164	7.0513	5.7734	7.048	7.0599	6.3088	7.2352	8.8972	5.898	5.5137	5.5402	5.8036	6.2733
EA_G__MPP2	6.1691	6.2134	6.0063	5.3463	8.2711	6.776	6.3588	6.5849	5.6217	6.5627	4.9561	8.105	6.8007	6.2796	6.0538	5.9262	5.5303	5.8452	7.423	6.4743	6.5471	6.62	6.5894	8.2721	6.6649	6.0583	6.5197	5.5904	5.3955	6.0175	5.7428	5.9556	5.4923	5.7716	5.6234	7.7935	6.9553	7.2392	5.8677	6.9831
EA_G__TDRD1	8.5848	9.3247	3.1454	3.3968	3.1632	3.5355	3.3401	3.3948	4.4019	3.5965	3.301	8.6857	3.3682	3.5632	3.076	8.7778	8.1653	3.6578	3.2298	7.6194	3.3586	6.8114	6.3366	3.5619	3.1603	4.5212	3.2631	3.3948	3.5465	3.9365	8.8592	3.7634	3.5056	3.5987	8.1851	8.6035	3.8299	3.4964	3.6653	3.2557
EA_G__TGFA	6.3629	5.5145	7.6284	6.1973	5.791	5.3757	5.4324	8.1416	6.3221	4.9146	6.4146	7.4134	5.2882	8.9068	8.1292	7.6788	7.2032	7.1936	5.1957	7.2558	5.0225	5.8052	5.81	6.5098	5.1393	6.0162	6.7124	6.3208	5.4841	5.7603	5.7866	5.3489	6.6355	5.6539	6.7139	6.6719	6.4806	6.862	6.463	6.1656
EA_G__APLP1	6.6556	6.7871	7.1358	7.5477	8.5018	8.7495	8.9122	6.9223	6.2862	8.4279	6.6353	7.8881	7.5909	6.545	6.4702	6.3941	6.2521	7.4983	8.1402	6.7957	8.3393	7.3509	7.0396	10.3161	9.1095	8.4935	6.4126	7.1772	6.2183	7.6014	6.8051	7.6283	6.5227	6.3312	6.6896	8.1133	7.4847	8.2639	6.969	7.6054
EA_G__RHPN2	8.4062	9.8289	9.1307	9.8958	9.5112	8.422	8.8264	10.3046	7.5243	8.441	10.9511	8.1916	8.3838	8.3638	9.1064	9.351	10.317	9.6608	8.5513	10.0162	8.2615	8.511	9.6042	9.1654	8.774	9.3723	8.6248	9.6419	8.5652	8.4596	9.8901	7.3359	7.1282	7.9715	8.2995	7.3494	8.0286	8.5079	8.7618	9.6543
EA_G__TTC19	8.6527	8.2419	9.1502	8.8749	8.2278	8.7502	8.0066	8.9872	8.1973	8.8045	11.2654	7.9345	8.8368	8.701	8.9498	8.4536	8.3788	8.8937	8.1428	7.8048	8.3982	8.0098	8.7224	8.0369	8.7694	7.8061	8.8368	8.2474	8.4269	8.5385	8.4692	8.3053	8.2343	7.9473	8.1058	8.6106	8.0567	8.1428	8.3585	8.3437
EA_G__MPP7	8.0834	7.201	6.8077	7.6254	7.7941	3.5809	7.1178	6.0094	6.4583	3.9626	7.6765	8.069	7.0109	4.702	6.5822	6.5066	8.1318	6.4942	4.974	6.8515	4.1343	6.835	7.312	7.3818	3.4258	7.7846	4.8621	7.4319	7.8872	4.7048	6.7447	3.9781	5.7979	4.8244	8.0238	5.708	8.7197	7.3438	7.4885	6.8702
