Cell lines	600MPE	AU565	BT20	BT474	BT483	BT549	CAMA1	HBL100	HCC1143	HCC1187	HCC1395	HCC1419	HCC1428	HCC1569	HCC1806	HCC1937	HCC1954	HCC202	HCC2185	HCC3153	HCC38	HCC70	HS578T	MCF7	MDAMB134VI	MDAMB157	MDAMB175VII	MDAMB231	MDAMB361	MDAMB415	MDAMB436	MDAMB453	MDAMB468	SKBR3	SUM1315MO2	SUM149PT	SUM159PT	SUM185PE	SUM225CWN	SUM44PE	SUM52PE	T47D	UACC812	UACC893
Response	-1	1	1	1	1	-1	1	-1	-1	1	-1	1	1	1	-1	-1	1	1	1	-1	1	1	-1	1	1	-1	1	-1	-1	1	-1	1	-1	1	-1	-1	1	-1	1	1	1	-1	1	-1
EA_G__SMURF2	8.446	7.7298	8.0428	8.2746	7.8368	9.8564	6.6637	8.8111	10.5112	7.0418	7.8621	7.7637	8.6801	7.5054	8.9098	8.775	8.3035	8.3389	7.6877	8.9159	8.6812	7.1542	9.333	8.6744	7.0906	9.4814	7.3084	10.1395	9.8551	7.1148	8.9199	7.9894	8.1735	7.7281	10.2043	7.5872	8.0381	8.0679	7.9758	7.1862	7.3694	8.0201	7.792	8.5562
EA_G__CACNA1D	5.1325	7.7334	5.8969	6.4883	7.1711	4.3929	5.9883	4.4687	5.0697	5.9576	4.3872	7.9984	8.2401	5.3635	4.4459	4.8797	4.8552	7.1779	7.7626	4.6953	4.4363	5.9109	4.1169	6.2977	6.8725	4.2473	7.3781	4.4991	6.9919	6.4139	4.5798	7.5077	5.1313	7.7938	4.5576	4.5211	4.5248	5.9556	6.0469	6.6231	7.638	6.6987	6.9375	6.4614
EA_G__SPRY2	9.271	5.0073	7.3618	5.3095	5.8224	8.0598	3.7591	5.4492	8.6074	5.163	6.2604	3.7361	3.6432	3.7445	6.1357	8.4133	7.75	5.5286	6.9956	7.2275	6.6531	7.7115	7.8897	5.2853	5.3545	6.0105	5.8743	8.146	5.4852	4.7471	8.3577	5.6965	8.2821	4.8238	8.2139	8.6262	7.2073	6.6081	7.8466	4.1293	4.344	5.5832	4.5508	7.1134
EA_G__CMTM7	7.8658	5.9188	6.2141	7.1049	5.3678	7.6197	5.935	8.3251	8.8032	7.0911	8.1796	5.1804	5.5291	8.2411	8.1877	7.9604	5.5399	5.3654	5.849	8.9538	7.5776	8.2734	7.6982	5.7649	5.2491	7.7657	6.7889	8.3036	5.4139	6.5478	7.7845	6.1254	8.0959	6.2854	8.5469	7.8743	7.6306	7.0904	5.7507	5.6719	6.2845	7.1193	7.5985	5.9114
EA_G__TMEM63C	7.9641	8.592	6.0696	8.7886	7.8238	4.5419	8.2991	5.1121	4.5942	6.0379	5.3185	8.5746	8.1623	7.3653	4.9035	4.698	7.1967	8.3326	7.5247	6.3223	7.603	7.3911	4.2781	6.3846	8.1346	7.6805	8.2487	4.4405	7.4794	8.0082	4.2713	9.2885	4.4969	7.5344	4.2336	4.6113	4.8724	8.902	8.7742	8.8578	7.7339	5.4872	9.4194	7.9501
EA_G__ARRB1	8.2889	9.278	8.6028	9.8252	9.1138	7.2888	9.9283	7.3377	8.1013	10.1215	7.5478	8.8726	9.7235	8.7038	5.9949	7.766	8.4052	8.3822	9.0201	6.4387	7.4618	8.705	7.8793	9.302	11.1235	8.3332	10.9277	8.1342	8.6984	8.8635	6.6255	8.7944	8.8981	9.5879	6.4149	7.6542	5.28	8.8767	8.3635	11.0699	9.7353	8.9914	9.19	9.6113
EA_G__AMIGO2	6.0828	5.9431	5.8181	5.7276	6.6004	7.6002	4.288	6.1173	6.3002	4.3864	7.5383	6.3951	6.1074	4.0049	7.5771	6.8291	6.8701	5.5431	5.3816	6.2299	6.9895	5.2112	6.5632	6.3204	5.9356	6.9502	5.9428	8.2119	6.5058	6.0749	6.465	6.2811	6.5347	5.603	9.0508	8.0812	7.7022	6.2339	4.9309	5.6216	5.5583	6.3676	5.9183	5.9377
EA_G__PLAU	5.9385	4.9315	4.724	4.8841	4.8479	8.6933	4.4801	6.9891	8.7436	5.0131	5.279	4.9719	4.9397	4.9615	8.8449	7.0979	4.7291	5.766	6.7666	5.7082	7.4742	6.0511	8.372	5.0307	4.8073	7.1008	5.1139	9.1058	5.2563	4.9718	8.7948	5.5771	7.4528	6.7449	11.4254	6.0597	6.0434	5.0122	5.3082	4.7738	5.0896	5.0643	5.9255	5.0427
EA_G__ARHGAP23	7.2203	6.0053	6.2233	5.8044	6.1833	7.0529	5.4752	8.4962	6.3843	6.9114	6.3489	5.4214	5.2812	6.1932	8.4672	9.3409	6.2881	6.0159	6.4165	6.8485	7.6738	6.8463	7.8115	5.7858	5.5407	7.3588	5.8461	8.653	5.7958	5.8236	7.8177	6.2527	7.0282	5.9964	6.9923	6.3647	8.3173	6.3409	6.3077	5.4257	5.9923	7.0707	6.1537	5.774
EA_G__ARSJ	6.7046	4.1618	3.7627	7.2598	4.4582	8.8682	4.1374	7.4675	6.9042	4.5932	7.8876	5.794	4.076	6.2482	7.0085	6.1297	6.2761	4.735	5.422	6.2652	6.6957	5.9446	7.9663	4.4831	3.7109	8.3193	6.0887	7.9827	5.8497	5.4783	6.0087	5.9855	6.9233	4.3994	6.8218	6.515	7.9454	4.071	6.0963	5.7022	5.9841	6.0991	4.5306	7.1248
EA_G__ARNTL2	6.1217	3.8101	6.5916	4.8596	6.2176	6.4819	3.8273	6.7977	7.7471	6.2038	6.5566	4.5198	3.7394	5.7917	9.3976	8.4682	6.7304	4.2247	5.9108	7.6544	6.7791	6.4344	6.9847	5.5538	4.4456	4.9612	4.6794	7.737	5.8374	4.5655	7.6837	4.671	6.0942	4.5466	8.1851	7.4415	7.0224	6.74	4.5638	3.8659	5.8324	5.2486	4.1156	3.9983
EA_G__CAV2	6.8437	4.5018	8.4908	3.7097	5.5046	9.6475	3.2968	8.6311	9.8419	4.7699	9.5411	3.41	6.384	6.665	9.7361	10.2366	8.8897	6.038	6.3564	9.7925	9.8782	9.1849	9.3055	4.985	4.251	9.9149	5.9759	8.7015	5.0696	5.7687	8.6755	3.9831	8.9411	6.1201	9.4274	10.0236	8.9668	6.5462	7.0424	2.809	6.8936	3.7499	5.2992	6.7317
EA_G__SGK	4.2316	5.0406	7.2857	5.4106	5.3314	9.0838	4.1858	8.9845	8.9248	4.3511	8.7011	6.361	5.0384	6.6596	7.7021	7.7639	6.6802	4.4304	5.1726	7.019	9.4103	6.1623	9.2354	5.3706	5.9424	8.3272	5.1426	8.4342	7.6622	3.713	9.8637	5.0158	7.9203	4.8986	9.7393	8.7562	8.0896	5.5156	6.1843	5.6074	7.5815	4.7744	5.5835	6.797
EA_G__AXL	5.6804	5.1611	5.4463	5.4209	5.1827	10.2739	5.2109	10.5367	9.8631	5.2949	9.4468	5.1746	4.9087	5.3032	6.6145	8.9208	6.9786	5.4521	5.6583	8.6491	9.9664	5.4233	11.2512	5.534	6.7552	9.689	6.5073	11.0247	5.0726	5.1294	9.3403	6.1472	6.1546	5.743	9.8877	7.8036	9.9992	5.5417	5.5984	4.9824	5.7637	5.5023	5.4593	5.5797
EA_G__SELENBP1	9.3821	11.1376	7.9104	9.1265	9.3341	5.4145	10.1056	5.5815	5.6859	8.0894	8.1306	9.097	8.0519	8.1768	5.6338	7.0976	7.4304	10.2276	10.3951	5.9801	5.5176	9.058	5.8776	10.0174	9.0404	5.6347	8.8152	7.434	9.528	10.4363	5.4518	10.1032	8.6213	10.6142	5.3724	6.0275	6.422	9.7696	9.591	10.2494	9.8577	8.6891	10.0604	9.9978
EA_G__SYDE1	6.3871	6.1369	6.3992	6.3616	5.8841	8.4653	5.4574	8.481	8.3258	6.6153	7.9902	5.8161	5.3023	6.2033	6.9579	7.0087	6.4074	6.6718	6.1217	6.9318	8.2904	7.7112	8.9081	6.2731	5.5612	8.7207	6.3382	8.9894	5.7382	5.0994	9.4121	6.1707	6.8988	6.551	8.0444	7.0048	8.2118	6.1916	5.8197	5.1353	5.9689	6.0967	6.1051	6.1729
EA_G__LOC493869	7.5675	4.5883	6.8253	6.5814	6.1373	9.9093	3.4796	9.1786	6.1974	8.7434	9.0133	2.7338	6.9972	7.0989	7.0566	6.7197	7.9293	7.2688	4.9328	8.408	8.8576	8.31	8.9892	5.0232	6.2845	9.1317	6.159	8.3857	6.483	7.7228	9.177	4.5915	7.9309	3.9953	9.3612	8.0153	9.2636	9.5856	8.1735	6.7163	5.9401	8.3805	5.4012	7.5894
EA_G__C20orf23	6.6434	7.0294	6.5902	8.5777	7.7217	6.111	6.1433	5.0456	6.0096	5.5281	5.8938	7.6529	7.4873	6.7683	5.7552	5.4711	5.6375	6.6432	6.4804	5.8272	6.818	6.417	5.6887	6.8451	7.7531	5.0611	7.0432	5.4199	8.0795	8.5849	5.5292	5.696	5.9288	7.2235	6.1562	5.674	5.9679	6.9491	6.6013	8.3955	7.4319	6.3719	7.427	6.4546
EA_G__AKT3	5.4271	3.2222	7.2162	3.773	3.8132	7.5447	3.1311	7.2564	7.6527	3.2315	5.8267	3.0579	2.8806	7.8016	3.9619	7.2247	3.3549	3.173	5.0257	6.1725	4.2506	3.4701	7.9436	3.5124	3.3863	8.4968	4.1188	7.2533	4.1802	3.0785	7.1819	3.6666	7.2924	3.7047	3.2738	7.3988	4.088	4.44	2.7296	3.498	3.81	3.4691	5.0022	3.3841
EA_G__HBEGF	5.9666	5.7872	5.8554	4.9068	5.1174	9.3836	5.6136	7.0576	5.5354	5.6776	5.656	4.9952	5.2972	5.4996	8.232	7.5528	5.0328	5.0985	5.4704	6.2009	5.3934	5.9594	7.3717	5.3204	5.4978	6.9636	5.6472	9.1191	4.8683	5.0741	6.3229	5.512	5.5494	5.1797	6.7088	5.5459	7.5776	5.4672	6.9455	5.1159	5.2866	5.6012	5.0115	6.2568
EA_G__KIAA0644	6.6204	7.8892	5.8869	7.22	7.5292	5.0429	7.1733	5.0666	4.6612	6.9032	4.7288	6.0241	7.1183	5.0476	5.3085	5.1206	6.1557	7.8377	7.1336	5.2546	5.1951	6.8486	4.7598	5.6884	7.036	4.7568	6.3434	4.8293	6.4892	6.3319	4.9349	6.5456	6.5529	7.9545	4.9716	5.2662	5.3064	7.3471	7.7024	8.2211	6.1171	6.8002	7.5086	7.4458
EA_G__KIAA1467	6.6315	7.5406	6.6624	7.2865	9.3605	5.8311	8.6582	6.7441	6.745	7.3667	6.7519	7.505	7.9446	7.4237	6.29	6.3595	5.9867	8.131	7.0355	6.5908	7.377	7.3791	6.2821	9.6294	9.3226	6.5187	8.4148	6.7367	8.5894	8.7607	6.7415	6.8448	6.259	6.5345	5.8873	6.7214	6.6599	7.8531	6.7002	9.9174	8.4419	6.5175	8.1267	7.6874
EA_G__LHFP	6.1614	5.3139	5.5954	5.4274	5.774	8.7766	5.1859	6.8483	7.2268	5.5358	7.5145	5.1002	7.5025	6.0825	7.0349	6.7126	5.8718	5.7881	5.3806	6.8659	7.1626	5.8128	7.4787	5.6178	4.9328	7.6395	5.7058	7.2848	5.1617	5.2191	7.3001	6.2937	5.5278	6.4466	7.4815	5.9507	7.0226	7.117	5.2327	4.9586	5.7135	6.1764	5.4187	5.4316
EA_G__ANXA1	9.3451	3.6072	8.2376	4.0476	6.3945	10.2017	3.5434	9.8127	10.6675	5.6443	9.7178	5.7747	3.241	9.4661	10.3797	10.7509	10.8582	5.3532	5.1369	10.5083	10.031	11.0436	10.0326	3.7029	7.6301	10.0666	7.3355	9.9841	4.7581	8.4359	10.6138	3.764	9.3598	5.1137	11.0653	10.5969	9.902	8.9069	10.2567	3.3449	8.2487	5.7561	3.9458	7.7779
EA_G__FJX1	8.3967	5.5806	6.0986	4.9649	6.9083	9.0274	6.719	8.1159	9.9085	6.8217	6.0156	5.9123	6.1875	9.0239	10.8651	7.8271	8.5625	6.4561	7.6401	8.2594	7.1323	6.3296	8.4796	5.7965	7.8509	8.9907	7.6792	8.713	6.5637	7.2206	7.8603	7.9145	8.3947	6.3355	8.3063	8.4438	8.6121	7.8131	7.6374	6.8218	7.4963	7.972	7.0963	7.5435
EA_G__ERBB2	9.7997	12.3532	8.5748	12.3566	10.2935	7.7806	9.1247	7.8804	7.7491	8.9829	7.1261	12.6526	8.5876	11.3467	7.4832	7.6512	12.3708	12.1521	10.2349	8.7512	8.1322	8.6875	7.0841	8.7417	8.307	7.9542	9.8661	7.3805	11.4924	9.0715	7.2558	10.6304	8.1444	12.0992	8.1194	7.4859	7.6326	8.7176	12.6826	8.4119	8.6454	9.1608	12.2493	12.3737
EA_G__ACSL4	3.8905	3.2437	6.8678	3.2175	3.0199	8.1981	3.93	7.1792	5.8474	4.9921	7.8339	3.2795	4.7223	6.0223	5.4391	5.9242	7.1514	3.1844	3.2448	6.4566	7.5506	6.3064	7.7862	3.4318	4.0505	6.5727	4.394	8.0383	3.8174	6.3426	7.9804	4.0514	6.2929	3.2697	7.359	6.9283	7.5937	6.0038	3.4226	3.1458	5.8348	4.7256	3.5077	5.4632
EA_G__CTNNAL1	6.2431	4.2542	7.954	6.4387	5.6072	8.7735	6.3931	8.6011	8.1612	4.1256	7.0137	7.1051	6.4816	7.2239	8.0383	7.9871	8.3836	6.2664	5.4545	6.4832	7.6805	5.2114	7.9664	5.6676	6.3907	8.9997	5.5644	8.7663	6.723	5.544	7.9306	5.0793	5.3456	5.2778	7.4006	6.8008	8.0664	7.008	3.6217	6.4481	5.7089	6.5608	6.3006	5.7769
EA_G__GATA3	6.1846	6.0285	7.7046	9.1018	10.8993	4.9681	10.7896	6.1487	5.7457	8.0649	4.7885	9.427	10.3545	5.8406	7.0576	7.0787	7.9689	10.1018	9.3687	5.6591	6.5915	8.1065	4.9955	10.9892	10.6143	4.5959	9.7188	5.609	9.224	9.5855	5.1752	9.916	7.3519	7.2562	6.9	7.9032	5.883	10.1592	7.7068	9.661	9.5042	10.5263	10.2285	8.1247
EA_G__FAM126A	6.3818	4.5794	7.043	7.153	4.3663	8.6294	6.0958	8.0276	6.8821	7.6573	8.533	3.5746	4.3202	7.0721	8.1954	7.9781	8.1677	5.2757	4.5708	7.4622	7.9965	6.1561	9.3766	4.3029	2.9915	9.1447	5.9057	7.9583	6.4401	5.131	9.254	4.7284	7.8763	4.2539	8.47	5.9557	9.0501	6.6312	5.0043	6.518	6.138	7.4823	6.8191	3.0637
EA_G__DFNA5	4.4375	4.9524	5.0814	4.5784	4.6557	8.4986	4.6876	7.3801	4.6458	5.1282	6.5279	4.5264	5.0703	5.5616	7.8414	5.9883	5.1072	4.7021	4.5042	5.8293	6.3843	4.7786	6.9984	4.6266	4.4233	7.4631	5.4062	8.2468	5.284	4.3728	7.8173	4.9581	5.6487	5.0627	7.5676	6.6997	8.1967	5.0913	6.9021	4.3623	4.6634	5.3806	5.5044	4.7345
EA_G__CRIM1	9.0196	8.3091	9.5842	6.5929	7.7545	9.7719	4.9514	9.4051	9.4674	7.4445	8.0665	5.769	8.1182	7.7723	9.2139	9.9786	9.1736	8.4351	9.1212	9.553	8.9683	9.1882	10.6462	7.2872	7.1522	10.3139	7.9992	10.2066	6.0395	8.0396	9.5237	5.5615	9.1829	8.5579	8.5317	9.052	10.2588	7.9147	7.6815	7.8056	8.6219	8.7841	8.2763	8.9244
EA_G__ITGA3	10.2433	7.1625	10.7598	9.4809	8.6867	9.988	7.9646	10.5504	10.8488	6.3057	9.4156	8.263	9.152	5.7255	10.145	10.5788	10.1378	8.7805	6.9766	10.3045	10.4508	9.1873	9.405	8.6604	8.2649	10.2717	8.3754	10.0401	9.1213	8.7804	10.2193	9.1269	8.903	7.8483	8.8705	9.4272	9.9778	7.6624	8.5305	7.5868	8.3121	7.9009	7.8484	10.1927
EA_G__CYR61	8.1331	7.5718	8.3996	6.2582	7.0497	10.1687	6.6562	8.8855	8.8232	5.6125	7.8517	6.3522	6.707	7.4924	7.1965	9.2169	9.0015	6.8394	7.3317	9.6694	10.232	7.091	10.623	5.982	5.9694	8.6434	7.9536	11.0584	6.8937	6.6652	8.3874	6.7454	7.6251	8.1061	10.084	8.4031	9.4395	6.6971	7.8889	5.7186	6.4717	6.9073	7.0874	7.2997
EA_G__FOSL1	5.7631	6.0413	7.5462	6.1458	5.9209	7.919	5.8606	9.2825	9.0589	5.8613	8.9972	6.4142	5.6608	6.5225	9.6121	8.7498	8.1476	6.1033	5.9831	8.443	7.8496	6.2968	9.5414	6.2266	5.9202	7.7186	6.2518	9.0294	6.0945	5.7333	9.5263	6.9064	6.5409	6.1028	9.2315	7.675	8.8965	6.0134	6.702	5.7734	6.2235	6.2177	6.1091	6.2048
EA_G__ERMP1	9.1233	9.4537	9.421	7.7073	9.4053	7.401	9.5278	4.5378	6.7848	9.633	7.2208	9.9716	8.4253	7.4714	6.4361	8.3757	10.7532	9.7341	8.2505	8.196	8.1311	9.9705	6.7102	8.7303	9.5828	4.9347	9.7925	6.0482	8.8685	10.2583	8.241	8.723	8.7512	9.3062	5.3658	8.9447	7.3782	9.6522	8.6249	8.7353	10.0875	9.0246	8.9602	9.0445
EA_G__EPHA2	9.1154	8.5414	9.6508	7.3461	6.8444	9.4567	7.1665	9.5499	8.6973	7.4528	7.6542	8.0337	6.4815	6.9884	9.9389	10.0314	10.1517	7.8157	8.3948	9.354	9.0916	8.7865	9.6476	7.5449	6.8313	9.4881	8.1785	10.4042	6.9463	7.1418	9.3141	7.4838	8.4318	8.3671	8.6969	9.6151	9.4186	8.7254	8.4036	7.0295	7.5725	7.0417	7.2961	8.9298
EA_G__SPDEF	9.8828	10.1908	7.4018	10.7931	10.5658	5.6685	11.013	6.2657	5.9359	6.1425	5.7703	10.7443	9.8237	6.0475	6.0136	6.4407	7.5494	10.9979	10.0929	6.9762	5.6718	6.3194	5.7139	10.246	9.7584	5.6466	10.4039	7.0764	10.5661	10.3098	5.6631	10.5877	9.537	10.0553	6.1331	6.4231	5.9152	10.0886	9.922	10.5479	10.6581	9.6624	10.226	10.1083
EA_G__STARD10	8.7444	9.3189	7.1028	9.838	10.3464	6.9657	8.9884	6.4416	7.0812	7.6816	6.3309	10.6337	9.9114	7.9561	7.2257	7.6626	7.4036	9.0078	9.147	7.3262	6.4872	7.4777	6.0307	9.5739	9.1011	7.4208	9.3232	6.2262	9.903	9.0237	6.5342	9.6166	7.8873	9.3077	6.0593	7.4425	5.9183	8.838	8.704	10.6034	9.3903	8.7334	9.6701	9.8082
EA_G__OBFC2A	8.663	7.6101	9.2122	5.7752	5.5617	8.0921	4.5264	9.0573	8.1177	5.6774	8.5995	6.3325	5.6037	7.6901	9.0276	8.7656	8.7563	5.6341	6.3893	8.8214	9.7788	7.8827	9.2412	6.7442	5.6996	8.2834	6.6746	9.4543	5.5142	6.1973	8.7939	6.3699	8.0521	6.996	8.5565	8.4307	9.0169	7.7607	7.9834	7.2367	6.1808	5.7689	6.4453	8.2263
EA_G__FXYD5	9.087	8.4722	10.1501	5.1452	6.8194	10.3061	5.212	8.8935	9.9677	7.5861	9.9666	4.9676	5.8157	8.678	10.7836	9.0929	10.6352	5.4508	7.316	9.7402	8.2865	10.1781	9.7392	5.5668	5.4603	10.1368	5.6902	9.7893	5.2174	5.9207	8.4884	8.6977	10.0869	8.8892	7.4253	9.2964	9.4217	8.919	8.5269	6.5645	5.7418	8.3542	7.2186	9.7864
EA_G__REPS2	6.5275	6.2241	6.9314	7.1806	7.7358	4.5458	8.1946	5.5475	6.6843	6.0354	4.9365	8.4365	8.1252	6.6802	5.4402	5.4823	7.2127	6.5473	7.2935	8.2511	4.7054	7.2418	5.2193	6.8378	8.1829	4.8785	6.7219	5.5902	7.2359	9.1659	4.8798	6.6638	7.7952	6.8168	5.0851	6.4284	5.6297	5.5005	6.558	8.9882	7.4447	7.3572	8.9063	5.8714
EA_G__WWP1	8.0302	8.9967	7.7907	8.8018	9.7101	8.1978	8.8679	6.5657	8.3785	7.5529	7.4231	11.3334	8.4612	8.6495	7.1267	8.5063	7.861	8.4297	8.3236	7.9304	8.7833	8.4192	7.9482	9.7243	9.689	7.8338	9.6395	7.7268	9.4123	8.1499	6.2912	8.3365	7.6886	9.3644	7.2959	8.2918	7.7756	9.3304	9.3449	8.8954	8.0658	7.9781	8.6656	8.4128
EA_G__ERBB3	9.6684	9.5479	7.8567	9.4394	10.4453	4.3498	9.8292	4.7561	7.4364	7.8742	4.4095	10.05	9.2441	9.4138	7.239	7.3572	7.9625	10.1738	9.7082	7.3935	4.2979	8.8706	4.0683	9.439	9.5575	3.9776	9.4408	4.5784	9.6653	10.1482	4.6712	9.5168	8.6211	9.1277	4.1238	6.8843	4.2234	9.5831	8.8726	10.0047	9.2288	9.7254	9.7608	8.9509
EA_G__RND1	7.3143	8.2366	5.1518	5.5848	8.1345	5.2959	7.5678	5.2664	4.9253	6.6945	4.833	6.5432	5.3653	4.8394	5.688	5.355	5.6049	8.3402	6.4109	5.1296	5.0251	5.5654	4.655	6.8855	7.5082	4.321	9.0383	5.229	6.9107	7.667	4.8228	7.8736	5.2342	8.9453	5.08	5.2271	5.1002	6.2484	6.2849	7.4987	5.9817	7.1618	8.9243	6.8513
EA_G__ORMDL3	8.742	9.4661	7.4855	11.4831	8.9199	7.3014	8.1979	7.672	6.6416	7.9055	7.2593	8.4602	8.1771	7.8021	7.2506	8.1827	12.4038	8.1391	8.7695	8.0969	8.429	7.8199	7.3423	7.8203	9.0599	7.7325	8.5764	7.4686	7.6291	8.4639	7.2511	8.7947	7.5371	9.477	6.7234	6.7856	7.2867	7.9185	7.7687	8.1312	8.0333	8.8896	10.8822	12.4916
EA_G__XBP1	11.283	10.9214	8.6686	11.4285	11.4319	8.6723	11.3432	8.8291	8.5408	9.0517	9.4895	11.6752	10.8517	8.688	9.1233	8.734	9.1933	10.7393	11.2423	8.6586	8.207	9.7409	8.5637	11.5332	11.3709	8.4505	11.6948	8.6487	11.8604	11.6993	8.5579	11.4718	9.2858	10.6695	8.502	8.3625	9.0461	11.0474	11.1889	11.1986	11.1636	10.9799	11.4501	10.4703
EA_G__ADM	6.4321	7.8699	8.2549	6.7316	6.3919	9.2873	6.4248	7.5952	8.2428	6.6451	7.5044	6.2464	7.0564	6.6729	7.9741	8.8778	8.7503	7.8693	7.2347	7.2128	7.2707	6.52	10.4389	6.5314	6.9772	8.6667	6.6563	8.0916	6.7527	7.0205	8.7047	6.9918	7.2145	7.7146	8.0335	8.0033	7.3379	6.5653	7.3322	5.9805	7.1694	7.7755	6.1965	7.7787
EA_G__RAB11FIP1	7.7489	7.29	6.7556	7.2374	10.9487	6.0996	8.0487	6.6306	7.7821	6.9453	5.8301	8.3145	8.4506	7.1372	6.5495	6.7129	6.7962	7.4883	8.1631	6.6448	7.058	7.0896	5.8517	6.8315	9.8938	7.2036	7.6101	6.2077	7.9194	6.8136	6.1721	6.9053	7.3587	7.6757	6.0579	6.4956	6.959	7.013	10.2659	10.6124	8.072	7.7446	7.0056	6.9046
EA_G__GPR160	6.7527	6.9782	5.0229	8.0657	6.759	3.3556	7.1076	3.909	4.229	4.4657	2.9609	9.3959	7.726	4.058	3.7191	5.921	4.7387	7.6326	6.9804	4.7694	3.446	5.8982	3.5785	7.445	7.3926	2.9737	8.141	4.3088	7.3759	8.3753	3.5646	7.7969	5.6179	7.1789	2.9307	3.3042	3.8572	7.0867	5.9659	7.6062	8.1528	7.8124	7.3001	7.9019
EA_G__DENND1B	6.8796	6.6791	6.7675	7.167	7.3121	4.7193	6.0054	5.6419	5.8785	5.9951	5.7859	6.8062	6.8071	6.1834	6.5026	6.5064	6.6765	6.7352	7.4498	6.5538	5.7247	7.5458	5.444	6.4954	6.4321	5.8145	6.9989	5.6087	6.7896	7.0417	5.8056	8.8044	6.7764	6.7401	5.1312	5.7658	5.6866	7.0638	7.1235	6.8754	6.6987	5.8053	7.2246	6.7071
EA_G__PLEKHC1	6.508	7.6212	6.2125	6.5678	8.1282	10.1065	6.5099	10.0149	8.6203	6.7251	9.1988	6.9412	7.494	6.2784	5.351	7.8608	7.7456	7.2737	7.8623	9.0216	9.8995	7.9162	9.7294	7.2733	6.3482	9.1124	6.7528	9.3856	6.827	5.8237	8.7524	6.9659	8.1827	7.9629	9.0052	10.0159	9.4771	8.1901	7.8979	6.7567	6.5226	7.7571	8.2164	8.7572
EA_G__ANXA9	8.5276	6.7661	8.291	6.2682	9.5791	4.8888	9.4956	5.7138	5.0476	5.9137	4.926	8.2202	8.4838	6.7228	5.7918	5.6264	7.0057	8.458	6.7506	5.056	4.9114	7.3041	4.9863	9.9914	8.5984	5.2292	8.5816	5.3425	8.1028	9.0798	5.6182	8.036	7.5301	7.942	5.0301	6.1862	5.2573	7.8449	6.669	9.6682	8.2312	8.9961	8.5833	8.3673
EA_G__KDELC2	6.195	4.3773	8.1197	5.9275	6.452	7.6967	3.8076	7.2702	7.0908	3.834	7.3746	7.0664	5.2272	8.6469	7.2625	6.6468	5.9378	7.0852	7.1883	6.2686	7.4909	5.9922	7.7477	5.6485	4.099	7.9831	5.9974	8.4462	7.1548	5.4826	7.1842	5.0437	6.441	5.7329	7.8354	6.7742	5.803	7.1242	6.6623	5.5381	5.9204	8.2453	7.5465	5.7044
EA_G__MARVELD1	6.3862	5.3113	5.9748	5.5142	6.3847	7.6134	5.3264	7.7939	7.1404	5.7017	7.7105	6.0777	6.1142	6.5362	7.5039	6.5506	5.3668	5.4092	5.8617	5.7939	6.82	6.0213	7.1847	7.3092	7.5172	7.7933	6.0998	7.0751	6.4668	6.1576	5.6635	7.2206	5.8848	5.5818	8.5826	7.8275	6.9251	6.5543	6.0294	6.8491	5.574	6.505	5.7338	6.859
EA_G__MAP7D3	5.3052	6.181	7.0881	3.7726	5.4351	8.0335	4.1145	6.7975	8.2134	6.6816	7.4399	3.8649	5.2828	6.9662	6.369	7.7975	7.3791	3.9067	3.9768	7.9146	7.4129	6.0423	7.4841	6.1096	3.8188	6.9765	4.3266	8.4972	3.8711	3.6075	7.271	4.4657	7.3858	5.4472	6.6247	7.5826	7.2635	4.9255	4.3312	3.596	5.013	4.094	6.2554	5.2725
EA_G__UPP1	5.4549	6.1015	7.1467	5.448	5.1849	6.6737	5.1357	6.4721	6.9823	5.3696	6.6838	4.889	5.2305	5.3407	7.4135	7.397	7.9997	5.1198	5.3149	6.9028	6.8339	6.2895	6.4335	5.127	5.3567	6.8378	5.5727	6.9034	4.8709	5.1442	7.6244	5.3505	8.3399	5.686	7.1274	6.5287	6.8426	5.5523	7.256	4.8525	5.5613	5.6237	5.6119	6.1904
EA_G__COL4A2	6.36	6.061	6.9582	5.9927	5.6818	9.1358	5.6938	8.3588	8.5657	5.8659	8.1435	5.706	5.736	8.5431	8.8082	7.6081	6.3498	6.3264	6.3447	9.6397	9.1724	6.1702	9.4784	6.2593	5.9015	11.3453	6.2475	7.8284	5.8093	5.7943	7.3773	6.9666	5.9812	6.5292	6.5386	8.0359	6.3432	6.0159	6.3401	5.6192	6.3543	6.1933	5.9988	6.0303
EA_G__KIAA1754	5.6979	6.2297	6.5357	5.8518	5.2852	6.9463	5.4686	7.0273	6.2887	5.9089	7.0913	6.134	4.8143	5.9613	7.0933	6.3267	6.952	5.9693	5.6172	6.357	5.9586	6.7698	8.4302	5.7878	5.2799	6.2668	5.807	7.5315	5.084	5.6017	7.639	5.8272	6.4147	6.0504	8.4361	6.3043	7.7256	7.0121	6.5976	5.2602	5.8607	5.6484	5.4141	6.0296
EA_G__SERPINE2	4.0868	4.5291	7.1362	5.0367	4.5921	8.5856	4.3339	6.949	6.6648	6.196	10.0503	4.0924	4.3624	6.511	6.4522	5.0436	6.2877	4.351	4.4667	7.9244	5.5267	4.4716	8.6674	4.5462	4.2566	7.5002	4.6258	6.157	6.2779	4.8582	7.752	4.7758	5.2379	4.3674	6.3207	7.4697	5.5084	4.4828	4.7034	4.0603	4.6027	4.4743	4.4909	4.3923
EA_G__LARGE	7.5776	7.6411	6.3724	8.2811	8.8172	6.4327	9.2071	5.4424	5.23	7.0295	7.4912	8.5957	8.6586	7.3338	5.688	5.8935	6.4137	7.4822	9.0514	5.108	4.9343	7.5548	5.6162	8.493	8.7988	6.9842	8.3543	5.0348	9.7924	7.8886	6.1636	8.0502	4.5818	7.5051	6.4651	5.3077	5.0334	7.6831	7.6621	8.0174	6.5147	7.7088	8.4373	7.478
EA_G__PARD6B	6.6898	7.453	8.2745	7.9356	10.2482	5.6462	9.0659	6.451	7.4407	7.1044	6.5166	9.1497	8.5948	7.3837	7.5392	7.1739	7.7258	7.5297	7.8017	7.1111	5.7964	7.4969	5.8639	9.7913	7.6396	5.8916	7.8763	7.6107	7.4723	7.3893	6.4305	7.1206	7.3768	7.9257	6.5983	7.1532	6.0187	7.9875	7.3888	8.1638	7.7564	8.7348	9.9907	7.3238
EA_G__ALDH4A1	6.6137	7.563	7.3057	9.6464	7.5347	6.4231	8.4263	6.7041	6.2446	7.1993	6.1997	8.3781	7.28	7.0017	6.8621	7.236	7.2316	8.1565	8.1332	6.577	6.5174	8.276	6.5183	7.9981	7.9767	6.5559	8.9964	6.44	8.6197	7.9773	5.9803	10.1902	8.2098	8.6634	6.6103	6.757	6.4059	8.2904	6.8675	9.6215	7.3929	8.1326	7.6348	7.9587
EA_G__BICC1	5.5056	3.3395	3.1232	3.186	3.0672	9.2576	3.2192	5.2463	7.1799	9.4832	8.4845	3.3896	3.2324	4.44	3.5713	4.5865	7.9741	3.3248	3.4973	8.2072	8.5706	5.0546	8.9907	3.6597	3.4591	8.841	4.1768	7.1383	3.1319	3.288	6.8634	4.176	5.6618	4.6651	8.5162	8.1251	4.0463	3.5392	3.8033	3.3799	3.624	3.4661	3.342	3.5607
EA_G__PTPRG	5.21	4.499	7.3722	6.6243	6.3169	8.0079	5.5387	7.5815	7.4888	4.6346	7.7804	4.1773	4.0564	5.6861	5.5681	5.9594	4.0333	5.0223	5.3326	5.4838	5.8104	7.3366	8.2883	6.1699	7.0743	7.2877	6.4314	7.5303	6.992	3.9613	7.0118	6.0453	6.1923	4.4986	8.4789	7.313	7.5088	6.5257	5.2016	4.4617	4.9075	4.399	7.2354	6.9494
EA_G__HGD	6.292	6.1701	3.7824	7.6492	5.5405	3.7536	7.1472	3.9809	3.8709	3.8208	3.6315	8.002	8.7179	8.6658	3.8689	3.4665	4.1149	5.727	8.0684	3.8546	3.7892	4.0083	3.6706	5.1745	8.727	3.4955	4.5873	3.8207	9.1095	8.8747	3.9482	5.3693	3.892	4.2486	3.9795	3.876	3.8261	5.1101	8.751	8.5861	4.4323	4.1422	5.0669	6.8034
EA_G__TBC1D2	9.2376	7.7515	8.2597	6.9082	7.0838	8.3025	6.9648	9.1583	9.3809	5.8309	6.9009	7.5223	6.8364	6.3296	8.9686	9.385	8.6838	7.2801	6.9966	8.3051	7.0549	6.7734	7.2753	7.1429	6.7825	7.3263	7.583	7.2943	6.9501	7.7684	8.2633	7.1429	7.5591	8.2747	7.7864	8.2385	8.2072	7.9272	6.4277	6.8182	7.9677	7.4045	6.4661	7.4983
EA_G__DENND2D	9.997	9.4962	6.4338	7.6366	9.6926	5.0582	10.5443	5.0932	6.6694	5.7422	5.009	8.94	8.9067	8.0075	7.518	8.247	6.8982	8.6752	5.336	4.9887	7.6662	9.91	5.1395	9.3336	9.4078	4.9272	8.8728	5.2654	8.4821	9.6716	4.8617	8.3451	9.9052	9.1582	5.3816	5.7459	5.3505	7.6687	9.1889	10.1282	9.5729	8.9438	8.6823	7.7926
EA_G__CDYL2	7.3631	7.0718	8.1386	8.2646	8.9194	5.849	8.0675	6.0964	5.272	5.5548	5.3771	8.4468	8.5447	5.8033	5.7483	5.7744	7.8384	8.2642	8.1388	5.639	5.5573	5.97	6.2366	8.367	8.0456	5.4427	8.2305	6.9612	8.487	8.1416	6.4887	7.5519	5.2961	7.1617	5.9508	5.5106	6.3854	8.3072	6.9069	7.1349	7.6963	7.086	7.575	8.0785
EA_G__RGNEF	6.9163	5.1707	6.6724	5.1212	5.9837	7.0069	4.4255	6.6927	7.2348	4.4193	5.3951	5.1416	5.8542	4.6841	5.83	6.7003	6.3058	4.5828	6.5711	7.0896	5.7102	6.5727	7.1543	5.2531	5.5288	5.9654	4.809	8.1703	6.927	8.3318	6.6673	4.6278	7.1899	5.009	6.7815	5.8973	7.0404	4.5557	6.4503	7.1279	4.7937	6.0358	5.403	6.6716
EA_G__CCDC125	6.7241	6.9231	5.8437	8.2014	7.8942	6.5806	7.5742	4.7052	5.6801	6.3658	6.0105	8.1674	7.8031	6.378	5.856	5.009	6.1254	7.7857	7.0037	6.4699	5.9728	6.3171	5.7122	7.4992	7.8276	4.8539	7.4091	6.4407	7.3733	8.7571	5.8635	6.9123	6.5052	7.071	5.6281	5.3484	6.4832	8.3702	6.7762	8.3114	6.4973	8.0046	8.2983	6.692
EA_G__AHNAK2	6.4315	5.5114	6.6197	5.7758	6.5778	8.7237	8.1277	8.3404	11.0055	6.8184	8.9185	6.0669	7.319	5.8046	8.2741	7.0113	8.4468	5.729	6.8208	9.6726	7.9732	7.629	8.2223	6.7179	7.2793	9.2604	7.7131	7.9926	5.8029	5.5643	9.9091	6.3239	7.6914	5.8413	11.1983	8.7533	9.2006	8.6161	7.8498	8.1388	6.7657	6.6229	7.0651	6.2688
EA_G__EMP3	5.322	5.0197	5.3132	5.1681	6.3225	10.1699	5.5899	9.5225	8.0838	4.9953	9.7662	4.5906	5.1911	4.8669	6.8768	6.8134	5.197	5.3824	6.0581	5.5938	9.5156	5.8185	11.0961	5.9556	5.3945	9.489	5.4398	9.6866	4.9836	5.1674	9.0077	6.1817	5.0252	5.9198	9.6902	8.0509	9.8346	6.533	5.6154	5.1925	5.8618	5.9019	5.7597	5.6629
EA_G__FGFR4	6.212	7.4027	6.3774	9.4947	8.6522	6.7252	11.1104	6.4953	6.9616	6.8446	6.9437	9.9702	7.7334	8.649	7.4069	6.9704	9.0064	9.4306	7.8246	7.3383	7.6825	6.2891	5.6839	8.3879	8.0356	8.0349	7.9172	6.6169	9.9462	9.8037	7.0445	11.4544	6.3279	6.6971	6.6719	6.5764	5.6794	8.3049	9.0287	10.846	8.2707	6.8843	8.8386	7.7795
EA_G__EGFR	7.0647	8.2975	10.5214	7.0644	5.2572	8.4673	4.4568	7.2387	8.684	8.52	7.7874	4.1842	5.2693	6.4645	8.6796	8.6335	8.7636	6.7396	8.5062	8.3438	6.3164	8.6417	8.6737	4.6993	4.237	8.2983	6.3225	9.1647	6.6811	4.4528	8.5708	5.0546	10.3181	8.2905	7.1305	9.1228	7.7843	5.1254	6.712	4.1823	4.8298	6.2005	4.4951	8.1127
EA_G__CTGF	7.8838	7.0133	5.9156	5.884	6.0218	9.3777	5.681	7.5393	7.7782	6.5942	7.1026	5.7885	5.882	8.7018	6.664	6.8898	6.9109	5.8146	7.1419	8.6485	7.6684	6.5018	10.62	6.3716	5.976	7.6168	6.9053	8.8141	5.7406	6.065	6.6865	6.5061	6.0508	6.6274	9.1454	7.3645	8.134	6.5749	6.6338	5.699	6.6145	6.0636	6.0606	7.1533
EA_G__METTL7A	6.6212	6.9604	6.7362	7.0326	6.869	4.438	7.0951	4.8606	4.6015	6.7344	4.7987	6.5581	7.3135	5.4968	4.9351	6.486	5.4707	7.0304	7.305	6.3376	5.6256	7.1115	4.6054	5.7336	7.5801	4.9239	7.1558	4.5007	8.7566	8.0203	4.2939	6.7689	6.856	7.6197	4.517	6.9958	6.3483	5.7368	6.5321	7.4899	8.0299	7.8142	6.044	6.6373
EA_G__ARL4C	6.9231	6.4043	8.6446	7.8979	6.524	8.6542	6.5207	8.1257	8.5419	6.249	9.5728	7.2395	5.713	6.9818	7.8644	7.5521	7.3938	5.5924	8.1788	8.3581	8.8294	7.832	8.4905	6.4925	7.0841	9.064	7.1587	7.769	6.7918	5.7117	8.6397	6.6629	8.241	7.184	10.1983	7.1131	6.0957	7.0154	6.579	4.9727	7.5063	5.9402	6.3704	6.9043
EA_G__CD109	6.1416	4.6673	6.5985	3.7921	5.5339	8.3527	3.4254	8.1943	9.8252	3.4962	9.2487	3.0817	6.5144	7.1157	8.0877	9.3691	3.591	3.3803	3.7098	9.8537	8.8739	7.4854	8.6953	5.5731	3.3263	8.0959	5.2943	3.3463	6.1181	7.5862	7.816	3.8296	7.6836	4.357	10.4754	8.624	9.3002	5.8117	4.6067	5.211	3.6874	4.1718	7.6538	3.4162
EA_G__CDC42EP3	9.0257	7.1684	8.2816	6.4466	5.5439	6.0591	5.2021	8.0448	8.6114	5.8992	7.0122	6.1762	6.0531	6.2691	8.2591	7.7353	7.5788	6.1763	7.0087	7.4932	6.3863	6.5898	9.4579	5.3958	6.2346	7.5972	6.5662	9.2612	6.0781	7.1779	8.1474	5.7903	7.7506	7.6114	6.5633	7.1839	7.8793	6.2241	7.028	6.0275	8.4548	6.881	6.5467	7.8879
EA_G__SFRP1	4.6986	5.0319	5.765	4.5424	4.5532	6.6239	4.3125	6.8256	7.3617	5.3977	5.5117	4.5348	4.5497	7.4503	5.8191	7.7735	4.5245	5.1112	4.7684	8.1133	5.4268	4.9546	5.1001	4.8744	4.6306	7.8071	4.9372	4.6774	5.3745	4.4019	5.6935	5.7847	7.6785	4.9286	4.7019	8.6736	4.8084	5.3775	5.3896	4.3521	5.2089	4.9447	4.5128	4.6594
EA_G__PPFIBP2	7.8433	6.5176	5.6898	8.685	6.6337	5.3909	6.8131	4.6677	5.2124	6.2853	5.3868	7.7925	5.6154	5.8536	4.9366	5.4374	5.497	7.8702	7.7047	5.6356	5.98	5.7397	4.7978	6.3397	6.9949	4.0523	8.1624	5.0389	7.4755	8.9514	5.6215	7.7945	6.1771	6.9673	5.7632	5.0592	4.8184	8.3164	7.5942	7.8271	7.3962	6.0261	6.8366	7.3742
EA_G__FOXA1	9.78	9.0384	8.3542	10.3303	10.2426	5.7805	10.2446	6.389	6.6946	6.2072	5.6298	10.1068	9.1466	5.6115	7.0308	7.1831	8.5271	10.1683	9.8686	7.3927	5.4563	7.5836	5.5995	9.8998	10.0039	5.6855	9.643	6.0524	10.1447	9.4248	5.3936	10.0194	7.6926	8.8238	6.1961	6.457	6.1073	9.5103	9.6063	10.3092	9.8896	9.6996	9.7959	9.5918
EA_G__RORC	7.6294	7.8594	5.6786	7.0519	7.5726	5.514	5.6777	5.7643	5.6198	6.0853	5.5107	7.422	7.2508	5.5734	5.5397	5.5921	6.1229	6.4823	6.9352	5.5364	5.4595	8.2631	5.482	7.2834	6.8486	5.1718	7.0259	5.7918	5.6745	5.7574	5.35	6.3865	6.7972	6.4728	5.2525	6.2949	5.6901	7.2421	6.84	7.3572	6.987	6.9613	8.9875	6.7633
EA_G__AGPS	8.9363	4.5517	9.653	7.2311	5.8532	8.6021	7.7053	9.966	9.7677	7.5441	8.9797	8.0721	7.7352	8.2133	10.1761	9.4607	8.6283	5.8763	8.5532	9.0848	9.1475	8.4572	9.3307	3.3336	8.3692	9.0361	7.3817	9.4937	5.9847	8.784	8.8559	6.8236	8.5514	5.0358	9.7549	8.9906	9.4369	8.3386	7.3149	7.8373	7.8151	3.4863	7.9964	4.4635
EA_G__SLC9A3R1	10.8284	10.4111	9.8632	10.9597	12.1339	8.7121	11.6704	9.4501	8.938	9.3166	7.8985	11.4576	12.2228	9.8097	9.4062	9.2397	9.4918	10.8515	10.1126	9.0002	8.2983	10.211	7.7047	11.5335	10.9539	7.5431	10.175	9.0363	12.6162	10.3807	7.9427	11.9228	10.2745	10.702	7.9923	8.16	8.1862	10.5458	9.9597	11.481	10.2024	10.9276	11.5295	11.2349
EA_G__PHLDA1	7.264	5.5624	8.6994	5.4323	6.0387	7.1715	4.5343	7.064	8.4106	6.9458	7.8576	5.8538	7.0573	5.0523	9.211	9.0987	8.5591	5.5543	7.6233	7.8731	8.6225	7.3199	9.1532	6.4868	7.1009	7.7793	8.4937	9.2009	5.3553	5.2952	9.5721	5.3613	7.7881	5.4233	9.2377	6.425	6.9972	5.2608	7.1747	5.995	5.2914	7.144	5.156	7.5104
EA_G__GPR176	5.2765	5.0352	5.7606	4.458	5.1443	7.1887	6.8504	7.1559	7.4156	4.6433	6.7334	4.2781	5.7714	5.2195	6.5779	6.6746	5.21	4.3614	4.4455	6.8578	6.1532	4.8029	8.7365	5.7415	6.1286	7.3208	5.634	4.5928	4.5879	4.3922	6.9895	5.6259	5.5059	5.0005	7.254	6.2727	8.3008	4.8269	4.2057	6.169	5.2999	6.1686	4.6943	5.6276
EA_G__CFL2	5.5759	6.2396	6.251	6.3734	6.0658	8.7936	4.5717	8.0565	7.1761	6.166	7.4999	7.3432	6.5647	6.9818	6.4944	6.1673	7.0448	5.8519	6.2266	7.5471	8.3928	5.6348	8.126	4.952	5.0397	7.5996	5.2804	8.0775	5.6671	5.3072	6.7426	4.1366	6.0417	5.8516	7.78	6.119	7.9761	6.6884	4.9737	5.9476	5.9966	6.4361	6.0929	6.7096
EA_G__EIF5A2	5.0671	6.2951	7.8413	5.3636	5.4876	7.0288	3.9816	7.3298	6.5229	4.6112	6.4989	4.0049	6.0151	6.4365	8.0195	8.5671	6.6962	4.3065	4.1127	7.1292	7.9963	5.1445	8.1412	6.2623	4.3311	7.3762	6.1378	6.8793	3.7667	4.1613	6.5628	4.6846	6.2653	5.9985	6.7265	6.2262	7.4626	5.477	4.3927	4.2021	4.1756	6.6644	4.8266	5.2126
EA_G__RNF145	8.2864	8.9906	7.8601	5.9042	6.4469	8.2399	3.6986	7.9628	8.1927	6.4509	8.8975	4.383	6.8288	6.957	7.388	7.931	8.2957	7.1362	6.8248	7.964	8.0655	8.2727	9.2999	5.8841	5.5607	8.7718	5.3762	8.5754	5.0477	9.0789	9.2572	5.5689	8.3803	8.0365	8.8456	9.6135	7.7868	7.1606	8.1719	4.8457	8.3063	7.5792	6.3729	8.0164
EA_G__TGFBR2	6.9434	7.122	8.3904	6.5636	4.7044	7.6681	4.6862	7.6677	8.3695	6.7089	8.3645	4.4748	5.3047	5.4067	7.9499	7.6715	8.5874	5.241	4.773	7.6865	7.6328	7.8443	8.9298	6.4778	5.1441	7.1766	5.8674	8.7346	5.9185	7.2226	7.7136	5.4298	7.4191	6.893	8.0594	8.1697	9.4684	5.389	6.8625	6.9689	5.8513	5.002	5.1139	7.3592
EA_G__RBMS3	3.6966	3.9791	3.4284	3.7614	3.2958	6.9879	3.583	7.138	6.8575	3.6609	6.9888	3.541	3.5718	3.7914	3.8414	5.8881	4.5971	3.8785	3.7264	5.8152	7.3861	5.6311	8.01	3.7421	3.3788	8.1422	4.3691	7.5577	3.5926	4.3143	4.2558	4.0302	4.0642	3.8835	7.0336	4.6486	7.2745	3.4165	3.5711	3.2362	3.8293	3.865	3.5954	3.9363
EA_G__CREB3L4	8.1311	8.1722	6.239	8.8266	8.2267	5.1526	8.4914	5.6421	5.7882	5.6323	6.0428	8.1729	6.4823	6.4278	5.55	5.5635	6.0272	8.4488	7.1548	5.7115	5.4265	6.6527	5.4111	7.3017	6.9522	5.3083	7.8557	5.5882	7.768	7.4532	5.2433	8.0278	6.3376	7.7082	5.6583	5.9138	5.4051	7.0025	7.9691	8.0392	7.4838	8.0176	7.745	8.0589
EA_G__ETS1	3.8667	4.805	5.9815	3.8221	3.5321	9.1987	3.7611	7.9136	9.7835	5.4674	8.8179	3.5174	3.7092	9.0214	8.4312	8.6336	7.6481	4.1411	4.2609	8.9186	6.6496	6.1098	7.8626	4.1251	3.6311	8.5584	3.7782	8.8462	3.44	3.778	8.6385	4.6855	7.7448	4.7509	7.741	7.9709	8.314	4.3718	5.9158	3.6491	4.288	4.0329	3.9583	3.7085
EA_G__MALT1	6.1856	6.8006	6.8844	6.6217	6.2121	8.5624	6.7858	6.3024	8.3258	5.7342	6.901	6.3425	6.2349	6.6303	6.5109	6.7436	7.3168	6.1011	5.518	6.689	9.3823	6.2279	7.8265	5.3337	5.8366	7.5889	5.4144	6.8856	6.1808	4.8845	7.0338	5.9347	7.5507	6.6455	7.5106	7.3724	7.5651	7.0666	5.7784	6.0549	5.2207	6.0642	6.4532	5.9553
EA_G__FAM92A1	5.5302	3.478	6.5384	5.8483	6.4144	8.4157	5.1613	7.6075	8.0287	5.1954	6.5926	9.1744	4.5411	7.7132	7.0833	7.3376	4.797	4.9067	5.1531	7.1769	8.6012	5.3043	7.7639	5.9786	4.0925	8.9483	5.4059	7.7509	5.8867	5.4835	7.4907	4.3822	5.7306	3.5541	8.8524	6.8195	8.0827	6.5139	5.3158	4.5068	3.813	6.5597	7.8706	3.4892
EA_G__BAG2	3.8525	4.3299	5.1524	3.8546	3.7077	7.7073	3.4446	7.5401	6.687	6.4005	6.3219	6.2911	4.5582	8.1386	7.9545	7.1173	6.8822	6.5667	4.381	6.3286	7.4399	6.2299	7.9982	5.4682	4.334	7.5584	3.3871	8.1211	5.4731	4.2242	7.1485	4.7056	7.8788	4.5241	8.2828	6.9224	8.5168	5.2833	6.1298	4.4462	3.6269	5.8246	5.7192	3.9471
EA_G__DCBLD2	8.5471	4.4849	10.0473	7.708	6.5121	9.4737	3.6511	9.2955	8.2451	7.0105	8.7746	8.1518	3.6162	7.8489	10.0058	9.1965	9.857	7.8921	8.0481	9.6844	9.6487	8.7991	10.7754	6.7617	6.081	10.5443	7.7964	9.4729	7.8692	3.5968	10.1384	6.9997	7.4382	6.6151	9.3028	7.7366	9.0471	7.064	7.7637	3.8788	7.4904	8.1841	8.5023	3.8183
EA_G__GRB7	8.5454	10.9211	8.0083	11.1297	8.1717	6.2075	7.1224	6.3966	7.4261	7.5684	6.3606	11.6802	7.283	9.436	7.1132	6.9786	11.7721	10.5789	8.4244	7.8473	5.9178	8.1182	6.2106	7.4325	7.641	5.5442	8.1737	6.1796	9.8138	7.8417	6.0123	8.799	7.9745	10.5391	7.3985	7.0859	6.2713	7.9055	12.3691	7.2703	8.1468	7.4714	10.6486	11.6368
EA_G__S100A3	4.4039	5.3412	4.9353	4.3282	4.2059	5.6023	4.3749	8.6903	6.6335	6.9833	6.4591	4.2712	4.0737	4.3869	5.8534	6.0279	5.0119	4.6463	4.5809	6.6095	7.8016	4.8696	7.5816	4.3372	4.3606	8.4498	4.8696	6.8913	4.202	4.152	7.0581	5.2117	8.3333	6.455	6.0566	6.3403	6.9666	4.1692	4.1719	3.8816	4.8878	4.3484	4.3764	5.5405
EA_G__S100A2	4.9938	4.9619	5.4168	4.3304	4.8145	6.0816	4.8565	7.3456	9.6017	5.8766	6.2329	4.4923	4.5089	4.6254	9.9432	7.9132	6.2996	4.9466	5.0789	9.6456	6.3764	7.9301	5.4236	4.6769	4.421	6.233	5.0704	5.8	4.2069	4.6835	6.2242	5.3593	6.6049	4.8616	7.3285	8.6077	6.9381	4.8188	5.1131	4.2846	5.1742	4.6866	4.7369	5.0098
