Cell lines	600MPE	AU565	BT474	BT483	BT549	CAMA1	HBL100	HCC1143	HCC1187	HCC1395	HCC1419	HCC1428	HCC1569	HCC1806	HCC1937	HCC1954	HCC202	HCC2185	HCC3153	HCC70	HS578T	LY2	MCF7	MDAMB134VI	MDAMB157	MDAMB175VII	MDAMB231	MDAMB361	MDAMB415	MDAMB436	MDAMB453	MDAMB468	SKBR3	SUM102PT	SUM1315MO2	SUM149PT	SUM159PT	SUM185PE	SUM52PE	T47D	UACC812	UACC893	ZR751	ZR7530	ZR75B
Response	-1	1	-1	-1	1	-1	1	1	1	1	-1	-1	-1	1	1	1	1	1	1	1	1	-1	-1	1	1	-1	1	1	1	1	1	1	-1	-1	1	1	1	-1	1	-1	-1	1	-1	-1	-1
EA_G__TFF1	11.84	6.7837	11.4404	12.9215	5.4971	7.8702	5.5529	4.3741	5.1241	5.0018	11.8255	12.4366	5.5277	5.3954	4.6693	5.167	7.8188	8.9703	4.6936	5.1043	4.7645	11.9278	12.3462	9.3139	4.4746	11.1606	5.7316	11.3324	5.6288	5.0357	8.5496	4.6178	6.452	5.1672	5.3551	4.8953	4.847	10.6487	5.7562	7.7064	12.854	9.7638	6.1027	6.5283	12.0692
EA_G__IGFBP3	6.5418	6.2321	6.194	6.6882	10.4666	5.8726	7.3738	10.7593	8.2432	10.8471	5.6892	5.5772	5.9308	8.7316	10.2826	10.7306	6.27	10.0307	9.709	11.3362	9.3579	6.1592	6.4941	7.5947	8.1435	7.0694	7.4194	5.9981	6.6661	8.2027	7.6014	10.0085	6.7459	6.4972	8.8475	7.5569	6.2586	7.9654	6.7155	5.8457	6.3318	6.6212	5.853	6.6931	5.7447
EA_G__DPYD	5.7967	5.64	4.3788	4.2825	8.3159	4.2017	7.8964	7.8062	4.2855	8.8549	3.9347	4.0726	5.0063	6.1143	9.4525	6.9179	5.538	4.5943	4.9597	8.6987	8.286	4.1438	5.5058	6.1088	7.1156	4.7003	8.739	4.3333	7.724	7.2207	5.5622	5.0709	5.8884	6.865	7.8689	7.0905	7.6585	4.0732	6.7683	4.2669	4.0758	4.686	4.0451	6.4362	4.3467
EA_G__SLC19A2	7.8428	7.7834	8.6972	9.2989	5.8688	8.05	6.2701	5.9865	7.3949	6.009	8.1815	10.1415	8.0242	6.2908	7.3019	7.0936	7.4043	7.6557	7.2335	6.8503	6.6471	7.8194	8.4896	7.8273	3.9396	8.397	7.9704	7.8213	8.2376	7.6021	7.1089	7.6994	7.2999	7.3381	6.8343	7.3796	7.4287	7.7499	6.9377	7.6287	8.3672	7.6606	8.0226	7.4034	7.9977
EA_G__TNC	6.8419	4.5317	7.9377	5.5042	6.5045	4.5282	9.2391	10.3359	11.7961	10.5952	4.4803	4.2461	6.7117	5.6666	6.5706	9.083	5.1491	6.9443	8.7277	9.8215	9.1583	4.8052	4.8852	9.5513	10.3004	5.5014	6.8871	5.9621	9.4908	8.5841	9.8865	6.5795	4.591	8.5754	9.3078	7.1626	9.313	6.8903	9.3018	4.8565	4.7517	9.4154	4.5568	8.0679	4.34
EA_G__ROR1	5.1251	5.3372	5.2175	4.9534	6.5973	5.439	6.7696	7.28	10.4317	8.9012	4.743	5.6664	5.7236	6.7942	8.3774	7.9003	5.2403	4.7319	7.7308	7.9918	9.5253	5.5238	5.0728	7.0798	7.725	5.7081	9.3852	4.8051	6.7134	6.9942	5.6738	7.9718	5.391	7.1617	5.9191	7.2763	8.7107	5.8718	6.0622	5.2006	5.3266	6.4913	4.955	5.8288	5.4154
EA_G__LMX1B	6.9476	7.0005	9.3656	9.0905	6.9439	7.6305	7.3941	7.1723	6.8839	6.6951	8.6262	8.5572	6.8858	6.9417	6.9284	6.8258	6.8833	7.4215	6.8074	7.5919	6.4544	7.7392	8.5642	7.4095	6.6147	8.2031	6.5912	8.4106	7.433	7.2189	7.7919	7.3849	6.7515	7.5622	6.5205	6.695	6.3187	8.6843	7.564	7.6533	7.8472	7.4149	7.4231	7.671	8.3092
EA_G__PRICKLE1	5.9948	4.5443	4.252	5.1478	7.3218	4.5123	6.7573	7.167	8.6264	5.8312	4.1537	4.2335	5.0097	5.6541	7.094	9.0665	6.3816	6.6933	6.198	6.4523	6.2232	4.8193	4.7194	5.3831	7.5982	5.5517	7.7122	4.4927	5.8358	5.3536	6.7387	7.0873	5.2414	5.5256	4.7019	8.662	4.792	4.9397	5.4265	4.7979	5.337	6.6547	5.0727	5.1695	4.717
EA_G__TP53INP1	7.1211	4.0339	8.5398	8.086	6.3946	6.9129	4.3717	4.1921	4.5465	4.4168	10.0237	8.8782	6.0874	4.385	6.9501	5.9169	8.0398	6.8808	4.0731	6.1896	5.8195	7.2924	7.6158	7.3659	6.6539	7.4096	4.5579	8.3123	7.0256	4.7112	6.518	5.8487	4.5237	7.0364	3.7159	4.1588	3.8629	7.5959	5.8419	6.9661	7.8789	7.0846	6.8327	7.7196	6.9651
EA_G__PARD6B	6.6898	7.453	7.9356	10.2482	5.6462	9.0659	6.451	7.4407	7.1044	6.5166	9.1497	8.5948	7.3837	7.5392	7.1739	7.7258	7.5297	7.8017	7.1111	7.4969	5.8639	9.8281	9.7913	7.6396	5.8916	7.8763	7.6107	7.4723	7.3893	6.4305	7.1206	7.3768	7.9257	6.6278	6.5983	7.1532	6.0187	7.9875	7.7564	8.7348	9.9907	7.3238	7.6213	7.2837	9.8215
EA_G__TGFBR2	6.9434	7.122	6.5636	4.7044	7.6681	4.6862	7.6677	8.3695	6.7089	8.3645	4.4748	5.3047	5.4067	7.9499	7.6715	8.5874	5.241	4.773	7.6865	7.8443	8.9298	5.7233	6.4778	5.1441	7.1766	5.8674	8.7346	5.9185	7.2226	7.7136	5.4298	7.4191	6.893	9.6555	8.0594	8.1697	9.4684	5.389	5.8513	5.002	5.1139	7.3592	4.6654	5.3412	4.2384
EA_G__ABAT	8.23	5.4464	8.575	9.4055	5.3302	9.2967	5.7108	5.496	5.4262	5.5373	7.6306	10.8312	5.688	5.6851	6.7821	6.747	6.9225	5.2465	5.5203	5.3766	4.9875	9.1146	8.6121	7.7509	5.7589	7.5396	5.0792	10.0971	8.0442	6.0458	7.7377	5.9374	5.8369	6.4155	5.7817	5.8305	5.4758	6.1131	7.1274	7.9643	9.9256	7.9147	7.7029	8.6425	7.5442
EA_G__EPN3	8.6199	8.2278	9.6436	8.7561	6.3758	8.069	6.7939	7.4293	7.116	6.3802	8.672	8.7373	8.1351	7.9438	6.843	7.7746	10.1126	7.7472	7.1172	7.9575	6.3471	8.673	8.446	7.6968	6.1877	8.7465	6.2349	9.6115	8.2606	6.474	8.6589	7.9364	8.2641	7.6884	6.6755	7.3269	6.6283	8.2206	8.4764	8.7652	8.4147	8.7178	8.8978	8.9233	8.7596
EA_G__CCDC125	6.7241	6.9231	8.2014	7.8942	6.5806	7.5742	4.7052	5.6801	6.3658	6.0105	8.1674	7.8031	6.378	5.856	5.009	6.1254	7.7857	7.0037	6.4699	6.3171	5.7122	6.9265	7.4992	7.8276	4.8539	7.4091	6.4407	7.3733	8.7571	5.8635	6.9123	6.5052	7.071	5.6981	5.6281	5.3484	6.4832	8.3702	6.4973	8.0046	8.2983	6.692	8.289	7.8188	7.827
EA_G__IGFBP2	8.5819	7.265	9.2045	10.6598	5.7406	9.0647	6.409	7.9946	7.7249	6.7037	9.6491	9.7208	8.1824	6.5365	7.6499	7.3055	7.1166	7.7549	8.2099	6.114	6.1845	8.9304	9.2132	9.5332	7.7601	7.9848	5.934	10.1046	8.3743	7.8952	9.0101	7.9592	6.3136	8.2589	5.7437	6.0489	6.0078	8.2235	8.6306	8.9587	9.4836	7.6824	8.4837	7.9908	9.1231
EA_G__CAV1	3.6635	4.5287	3.8568	4.2305	9.9104	3.712	8.7857	9.7581	4.2532	9.9879	3.8194	5.4549	3.8847	9.7682	9.8034	7.7855	4.8518	5.1202	8.3996	7.3034	10.2473	5.8282	4.0921	3.8378	9.7323	4.6806	9.5902	3.6008	4.9392	8.7096	4.3121	7.3198	6.5569	9.0299	9.6999	9.2782	9.5947	3.7722	4.1113	3.97	4.1412	4.9186	3.5529	4.4476	3.9582
EA_G__ATP7B	6.2045	5.8567	8.4859	7.6758	5.5861	8.0376	5.5475	6.1909	6.562	5.3359	7.9776	9.3079	6.3782	5.2183	4.7565	5.8059	7.0642	5.7551	5.9086	5.2875	4.8425	6.5883	6.4678	5.873	6.1273	7.1474	5.1534	9.4854	8.2401	6.3691	5.8082	6.1943	6.645	5.7426	6.3643	5.7143	5.6434	6.7281	6.1749	6.2514	9.3683	6.8373	7.6427	6.5641	6.5602
EA_G__ADM	6.4321	7.8699	6.7316	6.3919	9.2873	6.4248	7.5952	8.2428	6.6451	7.5044	6.2464	7.0564	6.6729	7.9741	8.8778	8.7503	7.8693	7.2347	7.2128	6.52	10.4389	7.4329	6.5314	6.9772	8.6667	6.6563	8.0916	6.7527	7.0205	8.7047	6.9918	7.2145	7.7146	7.8248	8.0335	8.0033	7.3379	6.5653	7.1694	7.7755	6.1965	7.7787	6.2225	7.2854	6.2827
EA_G__TOB1	9.7608	9.0994	10.3884	10.6059	7.4602	9.6086	7.6325	8.2488	7.4455	7.3781	10.7407	10.9032	8.0535	7.6285	8.1314	7.6875	11.098	9.066	7.1435	7.7478	5.8354	9.5153	10.1659	9.1038	7.4631	9.6678	6.2229	10.9348	8.9254	6.5711	9.3315	8.4881	8.7014	8.1121	7.2404	7.3259	7.5716	9.1303	9.2129	9.9542	9.2213	10.2793	10.3392	10.0607	10.2663
EA_G__APOBEC3C	4.9575	4.3796	5.0079	4.3185	4.6432	3.9746	8.5489	6.252	7.5233	7.2601	4.2715	4.3922	4.4322	7.6314	8.0586	6.1462	4.3766	4.9659	6.7292	6.5526	7.1948	4.5514	4.7951	5.3873	7.4161	4.4358	7.5841	7.6699	8.5436	6.6585	4.8073	7.4679	4.7309	9.1981	4.6374	7.9769	7.4662	5.0818	8.9395	4.9317	4.2818	4.981	4.5283	4.8494	4.3357
EA_G__GADD45A	6.0251	6.3877	6.2489	5.8731	7.0816	5.5713	7.6903	7.2169	6.2905	6.627	5.9471	5.5842	6.46	7.4015	8.8588	7.7404	5.9186	5.5864	7.7197	6.4102	8.2647	6.0858	6.2982	7.2958	7.206	5.9708	6.8756	5.9687	6.3753	9.0653	6.3945	7.5715	6.1844	8.5362	8.4067	6.1507	8.2315	5.9881	5.9993	5.571	5.8913	6.8647	6.1594	6.0314	5.5673
EA_G__DNAJB4	5.6443	6.1035	3.9001	4.3168	7.9907	4.3378	8.0466	5.2992	5.8049	7.7414	5.9526	5.3929	5.5614	6.4492	5.8692	5.7091	4.7853	5.1111	6.1544	5.857	8.51	4.2631	4.0582	5.6577	6.9904	4.7861	7.3876	4.94	5.3639	7.1117	3.9784	5.4962	5.149	6.7898	8.1583	6.4834	8.0232	4.1585	5.2226	5.0912	4.2958	6.1323	4.3341	5.6656	4.3752
EA_G__GREB1	7.7266	5.1994	8.065	9.9004	4.9192	8.3065	5.6457	5.0069	4.9788	5.0048	5.6605	10.3094	5.0213	5.124	4.7545	5.1244	4.8717	4.9551	5.1207	5.1942	4.9357	8.9837	8.8045	7.495	4.9269	5.5524	5.4587	10.088	5.7659	6.0497	5.3925	4.9612	5.4098	5.4519	4.7723	5.3523	4.9276	4.9994	7.1014	8.7221	8.5094	4.9916	5.2315	5.7889	6.7104
EA_G__AGPS	8.9363	4.5517	7.2311	5.8532	8.6021	7.7053	9.966	9.7677	7.5441	8.9797	8.0721	7.7352	8.2133	10.1761	9.4607	8.6283	5.8763	8.5532	9.0848	8.4572	9.3307	3.0191	3.3336	8.3692	9.0361	7.3817	9.4937	5.9847	8.784	8.8559	6.8236	8.5514	5.0358	8.5999	9.7549	8.9906	9.4369	8.3386	7.8151	3.4863	7.9964	4.4635	4.0977	3.6828	5.1068
EA_G__PTRF	6.1378	5.9441	5.9461	5.7085	9.47	6.0342	9.4316	7.9379	6.2178	8.1509	5.8965	5.563	7.0871	8.0149	8.4522	8.1467	6.1849	6.696	6.8672	6.8679	9.7016	6.208	6.3008	5.6737	8.7173	5.9941	8.8381	5.6244	6.5879	8.0608	6.7201	7.0293	6.1917	7.7801	8.0202	8.0864	8.6629	5.8363	6.5439	6.4796	5.9012	6.0214	5.9419	6.4636	5.7248
EA_G__S100A2	4.9938	4.9619	4.3304	4.8145	6.0816	4.8565	7.3456	9.6017	5.8766	6.2329	4.4923	4.5089	4.6254	9.9432	7.9132	6.2996	4.9466	5.0789	9.6456	7.9301	5.4236	4.7519	4.6769	4.421	6.233	5.0704	5.8	4.2069	4.6835	6.2242	5.3593	6.6049	4.8616	10.9673	7.3285	8.6077	6.9381	4.8188	5.1742	4.6866	4.7369	5.0098	4.5623	4.956	4.7572
EA_G__CXorf6	4.6909	4.703	5.4679	5.1907	8.3684	4.5585	6.1312	5.4825	6.7759	5.7365	4.5194	4.6782	6.0019	5.1329	5.4703	7.0092	7.11	4.9661	6.908	6.5742	7.0185	5.8373	5.9203	7.2788	7.3823	5.2577	7.3093	5.8459	4.8433	7.1486	6.0344	5.9973	4.9336	6.0136	6.8324	6.1706	6.6113	5.2559	5.3975	4.9226	5.3042	6.2	4.7027	6.1532	5.0711
EA_G__STAC	4.6901	5.967	4.4744	4.4739	8.7517	4.4143	7.3387	8.7019	5.2245	6.8093	4.2275	4.1802	4.3895	5.9041	6.5323	7.7776	4.7595	4.569	6.183	6.7671	7.8582	4.503	4.5206	4.5124	6.7276	4.6546	7.5021	4.3421	4.3729	6.1613	4.7293	8.0612	6.4295	4.6968	4.531	5.9112	7.5436	4.6565	4.9889	4.5177	4.371	4.436	4.5517	5.0755	4.6534
EA_G__LARGE	7.5776	7.6411	8.2811	8.8172	6.4327	9.2071	5.4424	5.23	7.0295	7.4912	8.5957	8.6586	7.3338	5.688	5.8935	6.4137	7.4822	9.0514	5.108	7.5548	5.6162	8.0168	8.493	8.7988	6.9842	8.3543	5.0348	9.7924	7.8886	6.1636	8.0502	4.5818	7.5051	5.987	6.4651	5.3077	5.0334	7.6831	6.5147	7.7088	8.4373	7.478	8.51	8.1776	9.0378
EA_G__SLC9A3R1	10.8284	10.4111	10.9597	12.1339	8.7121	11.6704	9.4501	8.938	9.3166	7.8985	11.4576	12.2228	9.8097	9.4062	9.2397	9.4918	10.8515	10.1126	9.0002	10.211	7.7047	11.5891	11.5335	10.9539	7.5431	10.175	9.0363	12.6162	10.3807	7.9427	11.9228	10.2745	10.702	8.1113	7.9923	8.16	8.1862	10.5458	10.2024	10.9276	11.5295	11.2349	11.3238	10.43	11.858
EA_G__PLAUR	7.9049	6.7309	6.0771	6.1861	8.4203	6.2934	7.4395	9.2084	6.8231	6.865	5.7579	6.4228	5.9058	7.5242	8.1222	8.9373	6.4397	7.2079	8.2427	7.5313	9.1235	6.3205	6.2248	6.007	6.8885	6.5361	9.49	5.3804	6.6653	7.8618	6.2359	6.8972	7.1679	7.801	8.7702	7.8366	7.568	6.2077	7.3476	5.9986	6.1998	6.5704	6.0948	6.3146	6.4607
EA_G__TFF3	9.2227	5.933	10.0034	10.7125	5.7698	6.0317	5.2183	5.2869	5.5149	5.2225	11.1718	9.6618	5.4121	5.8319	5.6036	5.5634	8.4004	6.5691	5.6123	5.8234	5.3069	7.253	7.5253	7.3798	5.1884	11.3167	5.6698	10.8538	8.3961	5.329	6.3143	5.1787	6.2639	5.3048	5.6818	5.5285	5.7962	10.7256	7.1122	7.4428	11.8709	8.9864	7.4014	9.0571	9.3846
EA_G__RBMS3	3.6966	3.9791	3.7614	3.2958	6.9879	3.583	7.138	6.8575	3.6609	6.9888	3.541	3.5718	3.7914	3.8414	5.8881	4.5971	3.8785	3.7264	5.8152	5.6311	8.01	3.8227	3.7421	3.3788	8.1422	4.3691	7.5577	3.5926	4.3143	4.2558	4.0302	4.0642	3.8835	6.3855	7.0336	4.6486	7.2745	3.4165	3.8293	3.865	3.5954	3.9363	3.6699	4.3854	3.4762
EA_G__MPP7	8.0834	7.201	7.6254	7.7941	3.5809	7.1178	5.6788	6.0094	6.4583	3.9626	7.6765	8.069	7.0109	4.702	6.5822	6.5066	7.1208	8.1318	6.4942	6.8515	4.1343	6.835	7.312	7.3818	3.4258	7.7846	4.8621	7.4319	7.8872	4.733	4.7048	7.0416	6.7447	6.7785	3.9781	5.7979	4.8244	7.7533	5.708	8.7197	7.3438	7.8291	7.4885	7.7896	6.8702
EA_G__S100A3	4.4039	5.3412	4.3282	4.2059	5.6023	4.3749	8.6903	6.6335	6.9833	6.4591	4.2712	4.0737	4.3869	5.8534	6.0279	5.0119	4.6463	4.5809	6.6095	4.8696	7.5816	4.6237	4.3372	4.3606	8.4498	4.8696	6.8913	4.202	4.152	7.0581	5.2117	8.3333	6.455	7.2524	6.0566	6.3403	6.9666	4.1692	4.8878	4.3484	4.3764	5.5405	4.3595	5.108	4.5112
EA_G__ELL2	6.8523	5.9738	5.4848	6.3876	9.0239	5.5223	7.9779	7.8213	6.2642	7.1177	7.3842	5.1636	5.7827	7.7042	7.7394	8.4219	6.5212	7.63	8.1983	6.8832	8.7843	4.8266	5.4662	7.4627	7.4624	6.6419	7.7774	5.8231	9.4469	8.0832	6.9037	7.3135	5.7191	8.9563	7.9853	7.358	9.1605	9.5203	6.8344	5.428	6.024	7.8429	5.6388	6.764	5.8718
EA_G__IGF2BP3	3.6624	4.2122	3.8851	3.6266	4.6605	3.6779	7.7576	7.2037	4.1296	7.5191	4.0699	3.6299	7.7252	8.3337	6.971	7.5306	3.9006	4.3622	6.5162	7.9738	7.2336	4.1652	4.2482	3.9471	8.6283	4.0471	7.7226	5.4133	4.7006	8.3897	4.2992	8.2754	4.4079	6.1093	8.7171	4.3408	5.2561	3.7931	5.3115	4.8538	3.948	4.0045	3.8747	4.6441	4.3159
EA_G__KIAA0984	6.3444	8.4452	8.8413	7.6971	4.2138	7.8078	4.5502	6.3599	4.2813	4.2274	8.9468	6.8133	5.1804	6.9557	5.9346	6.8	7.4365	8.0653	6.409	5.8291	3.668	8.2604	8.3418	5.4775	4.4505	7.3813	5.864	7.8929	7.1228	4.3903	7.3149	6.6069	7.8815	4.9319	4.4008	6.0266	3.9297	7.968	6.4222	7.4861	8.208	7.4529	8.3521	8.4878	8.0007
EA_G__ABCA3	7.4898	6.1001	6.9381	8.2598	6.5877	8.6685	6.3828	6.65	6.4291	6.0702	7.5984	7.7157	6.836	5.8417	5.8612	6.15	7.1337	7.2382	6.8044	6.2413	5.5762	8.3807	7.7083	7.8356	5.9727	7.5575	6.7002	7.2912	7.0449	7.7671	8.915	6.9819	7.0031	5.7192	6.1109	6.1814	5.8895	7.1448	7.366	7.6447	8.529	6.2832	8.656	8.2445	8.3675
EA_G__TRPS1	9.0576	8.6929	7.9637	9.9113	7.941	9.6003	3.7993	8.2676	6.2971	8.2542	9.3574	9.0344	9.6289	4.8732	6.8942	6.1011	9.6131	9.2005	6.9033	7.3462	6.7309	8.3805	8.2701	9.7743	6.9377	9.267	5.6309	8.4217	9.3101	7.0411	8.6854	8.0657	8.8784	7.3723	8.6992	8.1937	5.6307	10.0786	10.1946	9.9131	9.5757	7.7522	9.4528	9.7587	9.8853
EA_G__KIAA1370	8.0117	7.6169	7.3101	7.5285	5.8151	7.928	5.2997	5.5305	5.6156	5.1632	8.5057	8.3103	5.6178	4.1441	5.8594	6.7071	7.1959	7.7436	5.6434	7.0426	5.3786	8.0435	7.6508	7.4509	5.501	7.9116	5.8793	7.546	8.121	5.4905	7.6939	5.5586	6.9794	6.8582	5.6558	5.3833	4.6569	8.0614	9.0775	8.1025	7.7791	8.588	8.678	8.8353	8.4904
EA_G__NAV1	7.4175	8.9354	5.4838	5.7925	7.8052	5.1032	7.2041	5.0575	7.9118	7.629	4.8157	4.8473	5.8443	6.4689	7.4442	6.9431	5.6569	7.9222	7.0711	8.2228	8.6572	5.6577	5.8182	8.033	8.6836	6.9589	6.4817	6.5266	6.955	6.9507	6.2838	7.576	8.7193	6.4595	8.8574	7.5636	8.4718	6.3187	6.2935	5.239	5.7713	5.9253	5.7746	6.5006	5.8825
EA_G__CA12	10.374	7.2275	8.3578	10.6613	4.4665	10.0681	4.9745	3.8395	4.2274	6.9445	8.9946	11.4745	4.5173	5.784	5.8456	4.7064	9.3657	5.8182	4.881	5.0197	7.2481	9.8496	8.5533	10.4266	4.9112	10.2303	6.35	8.8736	9.9468	7.6024	9.5013	4.1332	9.0564	9.0538	7.9017	6.3439	8.7456	9.0545	9.4214	10.2797	9.0996	6.9472	8.3877	9.5437	8.6511
EA_G__CTSC	5.4952	6.9314	4.9649	5.3028	7.7911	5.4136	5.8839	8.0983	5.7933	7.5281	4.0374	6.0004	6.9612	7.7773	7.2324	8.405	6.5359	6.6336	7.2167	7.5384	7.787	4.8884	5.0084	4.6775	7.2029	5.0392	7.1921	5.7985	6.5951	7.1907	5.359	6.9239	6.8275	8.8811	5.9194	8.5472	8.368	4.9625	5.1935	5.7068	5.3761	7.0951	5.9173	4.8	5.5737
EA_G__BMP1	6.6703	6.5794	6.0246	6.445	8.212	6.0746	7.9359	7.1822	9.0463	8.0235	5.4548	6.9235	6.8115	6.6383	7.5455	7.9091	5.7024	6.5834	7.2222	7.3279	8.4422	6.9906	6.6899	6.5585	9.678	6.943	7.0429	6.1197	7.0648	7.3434	6.6947	7.5407	6.5005	7.5045	7.0603	7.7511	7.8272	6.9575	6.4197	6.3307	6.3149	7.7137	5.8934	6.241	6.5979
EA_G__EXT1	6.9002	7.2851	7.2317	7.4158	9.4078	6.2099	8.2239	9.0509	8.0849	9.5899	7.5442	7.2337	7.5812	8.4481	9.2912	10.1238	7.8283	9.2087	8.4022	8.1848	10.0477	6.7194	6.7105	5.5645	9.9259	7.4582	9.0962	7.2525	7.5283	9.2358	7.3022	7.4442	6.8852	8.7033	8.3403	7.8279	8.393	7.9956	6.9261	7.0398	7.4408	8.1258	6.3569	8.6341	6.7935
EA_G__WWP1	8.0302	8.9967	8.8018	9.7101	8.1978	8.8679	6.5657	8.3785	7.5529	7.4231	11.3334	8.4612	8.6495	7.1267	8.5063	7.861	8.4297	8.3236	7.9304	8.4192	7.9482	9.4423	9.7243	9.689	7.8338	9.6395	7.7268	9.4123	8.1499	6.2912	8.3365	7.6886	9.3644	7.9982	7.2959	8.2918	7.7756	9.3304	8.0658	7.9781	8.6656	8.4128	8.7748	7.961	8.939
EA_G__MET	5.2919	8.4888	6.907	6.8321	8.3625	3.2377	8.1333	9.2522	5.3249	7.5857	3.2698	6.3495	6.1792	8.7101	9.18	9.5533	5.8399	6.3674	8.9764	8.9068	9.9443	6.8639	7.1523	4.6219	7.3588	5.4183	9.002	7.5613	6.2826	7.9249	3.9662	7.6165	7.0874	9.7568	9.5923	8.4591	9.0204	5.2276	6.7738	4.1065	3.6661	7.887	5.8882	4.5711	4.1216
EA_G__LEPREL1	5.7216	5.3689	4.9851	4.4724	10.3012	4.557	8.5513	8.9252	6.2886	8.0287	4.8272	4.6886	7.0575	7.3377	10.557	8.7823	4.979	4.9267	6.6553	10.0194	7.8041	5.1104	5.2716	4.6323	7.7667	5.025	8.5047	4.5016	8.1409	6.0743	5.3213	6.0931	5.515	6.6211	5.8187	7.5245	8.0967	4.9053	5.3778	5.2092	5.118	4.8146	4.9238	5.2286	4.7824
EA_G__MYO5C	8.7021	7.8463	7.9832	7.3393	4.007	8.6099	4.3929	7.3812	6.793	3.7876	8.5988	8.705	3.62	5.4571	7.8221	6.9236	7.8323	7.7686	7.586	8.1173	4.1085	9.2621	8.7398	7.5274	3.747	7.8407	7.0582	7.7598	8.3844	4.3284	7.2253	6.8369	7.5109	6.3199	3.8417	6.0904	3.955	7.9313	8.2857	8.322	7.6815	7.5925	8.492	8.7005	9.2547
EA_G__PBX1	11.2804	10.6472	10.9755	11.1527	8.8112	10.7046	8.523	8.2734	7.0968	8.1349	10.0691	9.7507	9.6714	7.5455	9.0418	7.3994	10.6116	10.6383	7.4736	8.9573	7.9261	9.5265	10.2433	10.386	8.231	10.1496	5.2984	10.049	10.6755	7.2108	10.6396	9.4675	10.5136	6.1321	8.5809	7.1471	6.3987	10.7248	9.8816	10.3798	10.1332	9.8749	11.5923	10.7402	11.77
EA_G__PDGFC	6.2406	5.2252	4.5988	4.6285	6.9602	4.254	6.294	6.6341	6.9329	6.5961	5.683	4.128	4.3127	5.9231	5.6638	7.0851	5.5828	6.1259	5.5105	6.6886	6.8017	4.0501	4.408	3.7897	6.6632	4.9434	8.0265	5.6458	4.57	5.7232	5.3536	5.982	4.9157	6.8627	8.2663	6.9944	7.0339	3.9536	5.2456	6.1582	3.8801	5.8732	5.4219	4.398	5.5455
EA_G__GNG12	7.9257	8.0554	6.9215	6.2823	9.5214	5.0723	8.5558	8.6155	6.8475	8.645	7.8236	7.2029	8.1673	7.6447	8.9862	8.8599	7.5179	7.3246	8.9495	9.2523	10.1455	5.2669	6.6554	6.6615	8.7552	6.672	9.0735	6.6523	8.8439	9.0434	7.2152	8.5136	7.7602	9.2004	9.7441	7.9395	9.8269	7.4973	7.8464	7.0967	6.8414	7.6178	6.0561	8.1789	6.6101
EA_G__LEPRE1	6.6604	6.106	6.4096	6.721	8.8094	6.5042	8.5858	6.8624	8.5287	8.9158	6.903	7.1955	7.9912	6.5855	6.995	7.2352	6.5996	6.9778	7.1388	7.1597	8.3424	6.6356	6.827	7.2675	9.3727	6.8462	8.1582	6.7103	6.9469	8.4926	7.0673	7.5154	6.3158	7.0666	9.2172	7.4327	8.3081	7.7253	7.4537	6.4544	6.851	7.4008	6.5327	6.2642	6.3042
EA_G__FMNL2	4.0253	5.0374	4.32	4.6838	6.8369	4.8322	5.6158	7.2053	7.5584	6.6338	4.2885	5.597	6.4228	6.6403	7.5557	7.599	5.5222	6.2067	7.1766	5.0551	6.8236	5.6056	5.0364	5.5033	6.5388	4.567	6.9875	4.9813	3.8189	7.443	4.6063	6.5014	5.199	7.5587	8.2269	6.307	6.8317	4.3607	5.0518	4.1588	5.4521	6.3093	5.0902	4.5205	4.4453
EA_G__ODC1	8.2896	10.465	8.3575	7.6785	9.4687	9.336	10.8016	10.0973	10.0351	9.0722	8.0106	7.8639	10.349	10.8011	10.2312	9.4858	9.4118	11.5169	10.2391	8.7508	10.8136	10.032	8.9614	7.7026	9.2352	6.9893	10.9698	8.5127	8.4729	11.3317	8.582	9.7033	9.2004	9.9269	9.8319	9.299	11.1664	9.3759	10.2758	8.5891	8.4029	10.1199	6.8497	7.5509	8.8356
EA_G__CREB3L4	8.1311	8.1722	8.8266	8.2267	5.1526	8.4914	5.6421	5.7882	5.6323	6.0428	8.1729	6.4823	6.4278	5.55	5.5635	6.0272	8.4488	7.1548	5.7115	6.6527	5.4111	6.6146	7.3017	6.9522	5.3083	7.8557	5.5882	7.768	7.4532	5.2433	8.0278	6.3376	7.7082	5.5207	5.6583	5.9138	5.4051	7.0025	7.4838	8.0176	7.745	8.0589	8.8611	8.1447	8.2783
EA_G__MAP1B	4.0691	4.1506	4.4828	4.4376	7.3859	4.0451	7.5013	7.1683	6.6007	8.4876	3.7581	4.3324	4.8655	5.0727	5.2252	5.1172	6.0937	4.0538	6.0101	6.2577	8.7705	4.4155	5.0935	5.1036	7.836	4.0668	7.159	4.158	5.8074	7.4831	4.7968	5.1698	4.2089	7.1621	8.0577	4.7129	8.5112	8.6027	4.2357	4.0326	4.3419	7.2641	4.0378	4.845	4.0619
EA_G__TMEM45A	3.4262	5.435	3.6833	3.8514	7.4132	3.5319	5.1699	7.2249	4.0808	6.8617	7.5313	3.9416	3.8688	6.2257	8.9489	7.9683	3.4496	6.9746	6.5289	7.6299	7.5793	2.931	3.9082	4.449	8.7799	5.8345	6.7967	3.7988	7.9835	5.7699	4.2971	7.4867	5.4476	9.6355	8.3158	10.5267	8.06	7.0406	8.6417	3.2231	4.2422	6.9773	2.72	4.7678	3.9655
EA_G__LY6K	4.7598	4.7912	5.0371	4.4493	6.2608	4.5636	7.0356	7.6438	5.4813	7.4329	5.0743	4.619	4.7229	6.0532	5.3105	6.539	4.8457	4.6299	5.1488	5.6369	8.7196	5.0864	5.319	4.4846	6.7941	5.142	6.5263	4.8837	5.1368	6.1866	5.6165	5.4341	5.3571	6.4995	6.0195	6.9862	7.0719	4.7227	5.2135	5.0951	5.0453	5.3156	4.7443	5.5048	4.7605
EA_G__NRP1	5.8023	6.0498	6.71	4.9308	8.2096	4.441	6.9492	8.138	8.1895	9.1956	6.0792	6.4417	4.4621	6.9841	7.1779	7.9053	7.0831	8.0159	6.4355	7.5902	8.3999	7.107	6.9777	5.0405	7.6503	7.3881	7.5617	6.343	7.5409	6.8051	5.0336	6.2073	6.1362	7.25	8.3488	6.1973	8.7035	4.9171	5.1546	4.6438	4.8869	7.6756	4.5539	7.1657	5.6674
EA_G__ZNF652	7.5137	6.6796	9.1134	7.658	5.4265	8.0263	6.8461	7.5657	6.1455	6.1679	10.4217	8.3293	6.9403	6.4695	6.4805	6.6269	8.7194	7.371	6.6141	6.8064	6.2259	7.3028	7.8102	7.151	6.7251	7.2562	6.172	9.0124	7.6468	5.7613	7.4323	6.6414	6.5588	6.5071	6.6853	6.6539	6.3657	7.335	7.8613	7.2296	8.3435	7.029	8.7495	10.1414	7.6069
EA_G__CRIM1	9.0196	8.3091	6.5929	7.7545	9.7719	4.9514	9.4051	9.4674	7.4445	8.0665	5.769	8.1182	7.7723	9.2139	9.9786	9.1736	8.4351	9.1212	9.553	9.1882	10.6462	6.9248	7.2872	7.1522	10.3139	7.9992	10.2066	6.0395	8.0396	9.5237	5.5615	9.1829	8.5579	9.2274	8.5317	9.052	10.2588	7.9147	8.6219	8.7841	8.2763	8.9244	5.0659	8.2805	6.9187
EA_G__RAB25	10.8666	10.4334	9.9079	10.8445	3.8607	10.7159	4.5832	9.6031	10.1822	3.6389	9.7437	9.4452	6.1522	9.1054	10.0308	9.6647	10.5766	10.1648	9.5767	10.5599	3.9126	10.2002	10.0905	9.4475	3.7434	11.0147	4.0552	9.3272	9.9948	3.8407	9.7709	10.4847	10.1201	10.3404	4.0278	9.2791	4.5403	10.7285	10.2789	10.6313	10.6547	10.2014	10.5913	9.8993	10.6589
EA_G__MSN	6.7845	5.5245	4.0134	4.419	10.3783	4.1022	10.6023	11.3117	10.2913	10.364	4.1309	7.0685	10.7693	10.103	9.5137	10.4191	4.3616	4.4627	9.6207	10.6461	10.7237	4.1429	4.7797	6.5085	10.1759	5.7957	10.8438	3.9279	8.4521	10.2603	5.0086	9.4747	4.469	10.0456	10.7101	10.614	10.7822	3.9763	4.674	4.3941	4.086	4.8044	5.8385	4.7411	7.8425
EA_G__MUC1	10.7485	9.3354	9.6525	11.0311	8.4104	10.0109	7.6651	8.1385	7.6877	7.2345	9.5962	9.4833	6.9752	6.7513	6.8465	9.0466	8.7144	9.1369	6.9437	10.7156	7.125	8.9106	9.84	6.573	7.0024	11.0353	6.32	9.2355	10.806	6.8858	7.2765	9.5162	7.6032	7.986	7.3348	9.1411	7.2021	8.4137	9.3378	11.5556	11.9165	10.2577	10.8592	10.2406	11.0123
EA_G__FXYD5	9.087	8.4722	5.1452	6.8194	10.3061	5.212	8.8935	9.9677	7.5861	9.9666	4.9676	5.8157	8.678	10.7836	9.0929	10.6352	5.4508	7.316	9.7402	10.1781	9.7392	5.3102	5.5668	5.4603	10.1368	5.6902	9.7893	5.2174	5.9207	8.4884	8.6977	10.0869	8.8892	8.9492	7.4253	9.2964	9.4217	8.919	5.7418	8.3542	7.2186	9.7864	5.8579	6.1867	5.2807
EA_G__CYFIP2	6.9195	7.6336	9.0937	8.0094	4.9558	9.1605	5.324	7.1359	6.1258	4.9594	6.3421	7.6514	6.2954	5.2496	4.8951	5.2998	5.1125	8.4513	6.591	5.0147	4.9933	7.4391	7.4575	7.5014	5.4852	8.3475	5.7216	7.2038	9.1192	6.9705	6.5537	4.426	7.9774	7.7762	5.9874	5.4906	6.214	9.1159	9.0647	8.058	8.4102	5.5353	5.4775	6.8761	8.5427
EA_G__CDYL2	7.3631	7.0718	8.2646	8.9194	5.849	8.0675	6.0964	5.272	5.5548	5.3771	8.4468	8.5447	5.8033	5.7483	5.7744	7.8384	8.2642	8.1388	5.639	5.97	6.2366	8.7179	8.367	8.0456	5.4427	8.2305	6.9612	8.487	8.1416	6.4887	7.5519	5.2961	7.1617	6.6979	5.9508	5.5106	6.3854	8.3072	7.6963	7.086	7.575	8.0785	7.7872	8.1768	6.4997
EA_G__GPR137B	7.3173	7.3696	7.4089	8.1599	7.0778	7.3259	6.5502	6.2259	6.8084	6.4613	8.107	8.2884	6.8585	6.7126	6.9986	6.5121	8.0507	7.6793	6.8539	3.5024	4.7996	6.656	7.7104	7.9816	7.3236	7.799	6.6327	7.212	5.9258	7.5814	6.6425	6.7756	7.1303	7.1856	6.8735	6.4763	5.6081	7.6708	7.3033	7.8159	7.0711	7.502	8.8563	9.3997	7.0471
EA_G__SLC39A11	8.0039	7.6914	7.5502	7.8772	6.5108	9.2791	6.7062	6.8888	6.8928	7.3307	7.5156	8.6527	7.168	6.3672	7.0764	7.36	8.9869	8.1172	7.0266	7.8446	6.3549	7.9397	7.9691	7.1896	7.3801	8.435	6.5379	7.9556	9.0344	5.9575	6.4632	7.6117	8.3686	5.9832	7.2705	6.1905	6.1289	7.8538	6.7183	7.9721	9.1536	8.162	9.6432	9.0248	8.6471
EA_G__EGFR	7.0647	8.2975	7.0644	5.2572	8.4673	4.4568	7.2387	8.684	8.52	7.7874	4.1842	5.2693	6.4645	8.6796	8.6335	8.7636	6.7396	8.5062	8.3438	8.6417	8.6737	5.6004	4.6993	4.237	8.2983	6.3225	9.1647	6.6811	4.4528	8.5708	5.0546	10.3181	8.2905	9.6404	7.1305	9.1228	7.7843	5.1254	4.8298	6.2005	4.4951	8.1127	6.3168	5.0316	5.4392
EA_G__XBP1	11.283	10.9214	11.4285	11.4319	8.6723	11.3432	8.8291	8.5408	9.0517	9.4895	11.6752	10.8517	8.688	9.1233	8.734	9.1933	10.7393	11.2423	8.6586	9.7409	8.5637	10.908	11.5332	11.3709	8.4505	11.6948	8.6487	11.8604	11.6993	8.5579	11.4718	9.2858	10.6695	9.9592	8.502	8.3625	9.0461	11.0474	11.1636	10.9799	11.4501	10.4703	11.6409	11.3098	11.6006
EA_G__GATA3	6.1846	6.0285	9.1018	10.8993	4.9681	10.7896	6.1487	5.7457	8.0649	4.7885	9.427	10.3545	5.8406	7.0576	7.0787	7.9689	10.1018	9.3687	5.6591	8.1065	4.9955	10.3924	10.9892	10.6143	4.5959	9.7188	5.609	9.224	9.5855	5.1752	9.916	7.3519	7.2562	6.6393	6.9	7.9032	5.883	10.1592	9.5042	10.5263	10.2285	8.1247	9.6733	9.3112	10.1029
EA_G__DCBLD1	8.0507	7.3596	6.569	5.4158	6.654	6.1741	8.4015	7.8853	7.573	8.619	7.2112	6.2603	8.716	7.3743	8.3283	9.1338	6.5455	9.7068	8.8283	8.1033	9.1712	7.6008	7.0742	7.695	7.9422	7.6603	9.4711	7.2718	7.6412	7.2028	7.4242	9.2099	6.6999	8.5466	8.6572	10.4023	9.4362	6.8646	7.0277	6.9867	7.219	7.0936	6.199	6.4776	6.7029
EA_G__STARD10	8.7444	9.3189	9.838	10.3464	6.9657	8.9884	6.4416	7.0812	7.6816	6.3309	10.6337	9.9114	7.9561	7.2257	7.6626	7.4036	9.0078	9.147	7.3262	7.4777	6.0307	9.734	9.5739	9.1011	7.4208	9.3232	6.2262	9.903	9.0237	6.5342	9.6166	7.8873	9.3077	7.2342	6.0593	7.4425	5.9183	8.838	9.3903	8.7334	9.6701	9.8082	9.2205	9.0721	9.5445
EA_G__CASP4	6.3019	7.5155	5.3109	5.4746	5.9578	3.3988	5.6448	6.0738	7.8177	6.3475	4.2606	5.0249	4.6603	8.3937	7.5857	8.3653	5.5842	6.3506	7.6006	7.609	7.1811	3.0831	4.2468	3.2894	6.8069	5.7767	7.2394	7.347	6.6588	7.0098	5.7453	6.3644	6.5478	9.1491	4.3336	7.0875	7.6942	7.0168	5.509	6.2177	3.4534	7.4753	6.0266	5.9055	3.7952
EA_G__ICA1	6.8007	4.2391	7.7109	6.3638	4.2132	7.1927	4.0661	4.9716	5.9258	3.7922	7.0962	6.1191	4.2211	4.1324	4.8164	5.9834	7.7682	6.8093	5.7834	4.0011	3.8101	6.8677	7.0587	6.9084	4.0082	5.8056	5.9475	6.8185	5.8066	5.8248	6.6253	7.2328	6.7251	5.135	5.4292	5.8257	4.0589	6.974	6.9839	7.286	7.3446	6.8797	7.8273	7.3063	7.4766
EA_G__MMP2	4.619	4.7727	4.5862	4.3656	4.9219	4.4867	6.4642	7.6929	5.7732	10.9422	4.4826	4.4733	4.9088	6.0595	5.4077	5.6186	4.9253	4.9941	4.6012	5.7767	10.3265	5.0395	4.9834	4.8745	9.8229	5.0684	4.6176	4.5248	5.481	7.0672	5.6996	6.143	5.2895	5.7591	9.6213	7.411	9.4531	4.7076	5.1411	4.8119	5.1935	4.771	4.914	5.5935	4.563
EA_G__ERBB3	9.6684	9.5479	9.4394	10.4453	4.3498	9.8292	4.7561	7.4364	7.8742	4.4095	10.05	9.2441	9.4138	7.239	7.3572	7.9625	10.1738	9.7082	7.3935	8.8706	4.0683	9.4649	9.439	9.5575	3.9776	9.4408	4.5784	9.6653	10.1482	4.6712	9.5168	8.6211	9.1277	6.0088	4.1238	6.8843	4.2234	9.5831	9.2288	9.7254	9.7608	8.9509	9.5803	9.8393	9.1455
EA_G__PIGS	7.5697	8.5192	7.5384	7.3005	7.0996	7.4286	6.7605	6.3865	6.7787	6.7768	8.2206	7.0898	6.9207	6.921	7.0373	7.7928	8.8838	6.9324	6.8199	7.0957	6.2242	7.1866	7.6895	7.3205	6.4457	7.3331	7.1863	7.4162	6.9111	6.5395	7.4132	6.4615	8.3361	7.1263	6.8413	7.2873	7.503	8.072	7.4937	8.455	9.3036	7.445	8.1412	10.136	7.9504
EA_G__ANXA9	8.5276	6.7661	6.2682	9.5791	4.8888	9.4956	5.7138	5.0476	5.9137	4.926	8.2202	8.4838	6.7228	5.7918	5.6264	7.0057	8.458	6.7506	5.056	7.3041	4.9863	9.2851	9.9914	8.5984	5.2292	8.5816	5.3425	8.1028	9.0798	5.6182	8.036	7.5301	7.942	5.7071	5.0301	6.1862	5.2573	7.8449	8.2312	8.9961	8.5833	8.3673	6.7036	8.9761	6.1409
EA_G__NEO1	8.3678	8.1311	8.4096	7.9551	4.4578	8.5612	7.2634	4.7627	8.6836	7.8939	7.5711	7.2029	7.98	4.5447	5.3175	7.4789	6.1497	7.0483	6.3222	4.2867	6.1454	8.0342	7.8392	8.7581	5.6569	7.7871	5.2894	8.4418	5.9796	6.1552	5.3117	4.2339	7.2067	7.5441	7.8876	6.2855	4.4395	7.8903	8.2012	7.4667	9.0972	6.3005	8.4778	8.2715	7.2
EA_G__CAV2	6.8437	4.5018	3.7097	5.5046	9.6475	3.2968	8.6311	9.8419	4.7699	9.5411	3.41	6.384	6.665	9.7361	10.2366	8.8897	6.038	6.3564	9.7925	9.1849	9.3055	6.8317	4.985	4.251	9.9149	5.9759	8.7015	5.0696	5.7687	8.6755	3.9831	8.9411	6.1201	9.7754	9.4274	10.0236	8.9668	6.5462	6.8936	3.7499	5.2992	6.7317	4.0191	4.6447	4.5273
EA_G__DEGS2	10.094	7.8298	10.9171	11.1362	6.9738	11.1875	7.0794	6.9282	7.169	7.3682	7.8178	11.8243	7.0946	7.2195	7.4204	7.132	9.2692	9.1281	8.1767	7.466	6.9471	8.7706	10.052	10.3736	7.0186	11.2507	7.0805	9.9454	11.6743	7.2836	10.5058	8.0862	8.2788	6.9093	7.3888	7.2168	7.1113	10.6843	9.5285	10.7139	10.7919	9.3138	11.6494	11.6226	11.3238
EA_G__ANXA1	9.3451	3.6072	4.0476	6.3945	10.2017	3.5434	9.8127	10.6675	5.6443	9.7178	5.7747	3.241	9.4661	10.3797	10.7509	10.8582	5.3532	5.1369	10.5083	11.0436	10.0326	3.448	3.7029	7.6301	10.0666	7.3355	9.9841	4.7581	8.4359	10.6138	3.764	9.3598	5.1137	11.4555	11.0653	10.5969	9.902	8.9069	8.2487	5.7561	3.9458	7.7779	3.0291	6.6238	3.6732
EA_G__TJP3	9.3077	8.0518	8.3849	8.6587	5.9377	7.9192	6.2656	6.4262	6.6429	5.9521	9.8328	7.6407	6.3501	6.2599	7.1653	7.5222	8.3666	8.4592	6.5682	8.0263	5.6884	8.0699	7.9648	7.8198	5.7056	8.8534	6.1169	8.5057	8.1059	5.998	8.1475	8.2122	7.9939	6.2051	6.014	7.1509	6.1539	8.6348	7.8886	8.6752	8.1957	8.0349	8.4645	8.4597	8.0411
EA_G__PGM1	7.8898	8.6544	6.894	5.8824	8.622	4.6605	8.209	7.3383	10.4094	8.5205	6.1105	6.4397	8.8014	7.6357	8.8727	8.9912	7.0929	7.8702	8.6363	9.1468	8.202	6.5508	6.1904	7.3897	7.7642	6.6494	8.2013	6.8272	5.1604	8.7974	7.7994	9.0118	8.4064	7.9723	8.5244	9.113	8.4196	4.5141	8.3836	7.488	8.3279	8.1634	8.1875	5.9426	7.4485
EA_G__LOXL2	5.4783	5.8448	5.6278	6.8917	11.5706	5.3784	9.6539	7.3672	8.3444	9.7971	5.3611	5.5669	7.4703	6.3969	7.012	8.4417	5.7226	5.7593	8.9623	7.7097	10.4794	7.4047	6.4296	5.5399	10.1895	5.9609	8.8689	5.4797	5.8476	9.5549	6.3622	9.0558	6.7527	5.7949	8.6472	9.8992	9.576	6.1699	5.9034	5.8065	6.9555	6.7612	5.6576	6.1934	5.5175
EA_G__MMP14	5.1852	5.3987	5.2335	5.0592	10.3729	5.1512	8.7278	8.0249	9.9154	9.7962	5.0892	5.2954	5.2874	8.803	7.6928	6.3976	5.5909	8.0609	5.2277	8.7686	8.9717	5.9409	5.8539	5.4178	7.6746	5.4804	8.2005	5.1668	5.3091	5.4596	6.2949	6.8819	5.8482	8.5531	11.2199	7.0852	7.8574	5.7305	5.7344	6.2135	5.2291	5.6479	5.5205	6.0697	5.535
EA_G__LOC653391	6.5666	6.9131	7.1983	7.2077	6.6292	8.0002	7.3097	6.5219	6.9319	6.3736	7.7959	7.6275	7.6459	5.7625	6.5929	7.0805	6.409	6.3346	6.4281	6.0577	6.9954	6.7399	7.0051	7.3013	5.7961	7.2901	6.637	7.2294	8.9528	6.7812	6.2286	5.8537	6.5107	5.7725	6.2781	6.0329	6.7981	7.771	7.4489	7.9916	8.5776	6.6807	9.8749	7.4445	8.768
EA_G__DNAJA4	7.9766	4.7516	8.0682	7.3489	4.2649	6.8891	4.7905	6.3925	5.3544	4.7358	8.8331	6.9037	5.5941	7.0226	7.0286	4.6258	7.5871	6.1691	4.6041	6.3352	5.3644	7.0912	6.871	9.4137	4.8811	7.1632	4.7158	8.324	6.9391	4.7085	7.0638	5.5971	5.8064	6.8107	4.5857	6.9409	4.803	5.0151	6.8647	7.9157	8.4296	6.5915	8.8969	8.4508	7.5146
EA_G__RARA	7.7415	8.0728	7.3062	8.5953	6.4986	8.1003	6.705	6.2955	6.8057	6.9795	6.9268	7.7523	6.3667	6.836	6.2488	6.8869	6.999	6.6594	7.1295	6.867	6.4577	7.8228	7.5889	7.6497	6.7765	7.4975	6.4896	7.2241	7.3317	6.4385	7.1561	6.7182	8.2712	6.3434	6.7798	6.8118	6.954	7.0002	7.1679	7.721	10.1923	7.2428	6.8625	7.3546	8.0987
EA_G__CPA4	4.1804	7.9211	4.4066	5.724	5.4767	4.4315	9.0661	6.757	9.1335	5.9929	4.29	5.0516	5.3006	9.7282	8.7974	10.0728	6.061	4.6739	7.7018	9.0755	8.1751	4.7255	4.4311	4.5068	8.7737	6.8701	5.3644	4.6014	5.2671	6.8523	5.0882	8.6995	8.5746	7.396	4.8185	5.0509	9.787	5.2045	4.6699	4.9987	4.3433	4.9745	5.2575	4.4561	4.6245
EA_G__C20orf23	6.6434	7.0294	8.5777	7.7217	6.111	6.1433	5.0456	6.0096	5.5281	5.8938	7.6529	7.4873	6.7683	5.7552	5.4711	5.6375	6.6432	6.4804	5.8272	6.417	5.6887	6.2267	6.8451	7.7531	5.0611	7.0432	5.4199	8.0795	8.5849	5.5292	5.696	5.9288	7.2235	6.1362	6.1562	5.674	5.9679	6.9491	7.4319	6.3719	7.427	6.4546	6.6283	8.0007	6.1755
EA_G__ACSL4	3.8905	3.2437	3.2175	3.0199	8.1981	3.93	7.1792	5.8474	4.9921	7.8339	3.2795	4.7223	6.0223	5.4391	5.9242	7.1514	3.1844	3.2448	6.4566	6.3064	7.7862	4.3467	3.4318	4.0505	6.5727	4.394	8.0383	3.8174	6.3426	7.9804	4.0514	6.2929	3.2697	7.2759	7.359	6.9283	7.5937	6.0038	5.8348	4.7256	3.5077	5.4632	3.3705	3.9672	5.1109
EA_G__NT5E	5.9068	7.0846	3.9196	3.2264	9.0413	3.3792	6.0368	7.2634	3.8917	3.5081	3.4181	3.341	3.6388	6.864	8.5101	8.8687	3.6206	3.5929	6.896	5.9823	10.1163	3.8698	5.5831	3.7838	8.137	4.099	10.8683	3.268	4.7321	9.7079	4.3347	8.556	7.0175	9.9362	10.6481	5.3531	8.4554	3.5999	3.7861	3.4798	3.9113	5.9664	3.6276	3.5841	3.2018
EA_G__TFAP2C	8.4653	10.5778	10.7608	10.6184	7.8386	9.2186	7.3581	9.3715	8.6474	8.6443	10.4105	10.6646	9.1427	7.5203	8.1918	9.9949	8.3308	9.229	8.6087	8.6552	6.3748	9.5426	9.962	8.8983	9.3239	9.4242	7.7802	9.0826	7.7759	8.7367	8.0262	9.6231	10.7448	8.6063	4.2527	8.6018	6.8846	9.3288	9.3561	9.5701	9.9779	9.4766	8.6696	8.959	9.141
EA_G__REEP6	7.2756	7.3124	8.0118	9.1556	6.6815	8.2179	7.984	7.8251	7.3053	7.6152	10.3249	9.2159	7.4347	7.4881	7.4719	7.15	9.761	8.9474	7.5053	6.8337	6.7464	8.4331	8.6279	8.0963	7.2691	8.1977	7.1275	9.1377	6.3806	6.8712	10.0931	7.9594	7.8307	7.3304	7.1074	7.1343	6.4064	7.4075	7.6949	9.7124	9.2173	7.893	9.9128	8.8939	8.8387
EA_G__CALD1	4.9976	5.3745	4.0059	4.5323	6.9477	4.1231	6.516	6.8428	7.5601	8.1298	3.9074	4.2596	6.0823	5.2906	6.3946	5.1864	4.6531	5.3524	7.4511	6.2922	9.3633	4.4971	4.3691	4.3982	9.1755	5.9927	6.51	5.4997	4.7735	6.2179	4.7727	5.572	5.7915	6.4788	6.303	6.8236	7.1648	6.5636	5.5227	4.6722	4.2721	4.1098	4.3237	6.3503	4.2804
EA_G__LDHB	5.2705	9.9549	6.5869	5.9575	10.2955	3.0453	10.4609	10.7181	11.0786	9.4898	2.9818	6.978	11.0733	10.9666	10.7587	2.5138	3.7516	10.4313	10.2146	8.2479	10.3377	3.5445	3.0401	2.8244	10.252	10.0613	11.1245	9.6888	9.633	11.1414	3.417	7.3173	9.8014	10.2699	10.5553	11.0504	10.9831	2.989	10.1744	5.3941	7.9447	9.0963	2.9497	3.5765	2.7444
EA_G__MCAM	5.2407	5.7795	5.1883	5.2259	5.6003	5.1722	5.398	9.3743	7.982	7.1729	5.052	4.9842	9.6692	7.1972	5.6044	5.2324	6.005	6.1156	8.2544	6.6063	6.1967	5.3892	5.3243	5.0364	10.2004	5.3038	7.8638	5.0728	5.3592	5.5956	5.9372	5.9742	5.5648	5.8187	6.5817	8.8252	6.4371	5.4652	5.5898	5.4962	5.4539	5.4297	5.5286	5.7514	5.1903
EA_G__GPR177	7.4313	6.5646	8.088	5.2854	8.8432	4.465	7.5921	6.9746	7.7814	7.3153	3.9865	6.8497	7.5306	7.1746	8.6333	7.9523	6.4605	8.0881	8.547	8.9108	8.8539	4.5316	5.1773	4.3457	8.89	5.7728	8.4612	7.7822	6.3128	8.8235	6.3973	8.6537	5.7239	8.2	8.5792	7.7636	8.6474	4.7687	4.3787	5.5476	5.2176	5.4713	5.4504	7.2102	7.1333
EA_G__COBL	6.9315	7.3722	7.4904	7.3429	4.9504	7.2341	5.1155	7.084	5.6151	5.0062	7.6344	6.6659	6.0049	5.1724	6.0185	6.5425	6.4602	6.9815	5.7516	5.2075	4.9245	6.4901	6.7704	6.272	4.8492	6.4282	5.0952	8.0264	8.5046	5.8414	6.01	4.7346	6.9633	6.359	4.8804	6.3035	5.1492	7.1308	6.8173	6.8655	7.2664	7.094	7.0127	7.714	7.0229
EA_G__SPRY2	9.271	5.0073	5.3095	5.8224	8.0598	3.7591	5.4492	8.6074	5.163	6.2604	3.7361	3.6432	3.7445	6.1357	8.4133	7.75	5.5286	6.9956	7.2275	7.7115	7.8897	5.398	5.2853	5.3545	6.0105	5.8743	8.146	5.4852	4.7471	8.3577	5.6965	8.2821	4.8238	6.7783	8.2139	8.6262	7.2073	6.6081	4.344	5.5832	4.5508	7.1134	3.955	5.4916	4.9742
EA_G__C1orf181	6.0922	6.8042	6.2983	6.4502	7.5148	6.2355	6.6736	7.2417	6.3709	8.0289	6.8713	6.4078	7.3561	7.3965	8.3549	7.1615	6.2919	6.9633	7.1618	7.1704	8.0049	6.3537	5.9378	7.2237	6.9216	6.434	9.0789	6.4776	7.2327	7.2016	5.7429	8.1132	7.3017	7.2836	8.0185	7.5216	7.3962	6.9983	6.34	6.8331	6.3512	7.0231	6.2779	6.6196	6.1141
EA_G__FSCN1	6.8308	6.9952	7.1701	7.1692	8.8985	6.7299	9.336	9.8533	9.8245	9.7445	6.454	7.0825	8.4576	11.4143	9.3293	9.3009	7.014	7.0833	8.7193	9.4212	9.8571	7.5215	7.7422	6.5522	9.6478	6.8572	8.4388	6.817	7.4765	10.2521	7.24	7.8643	7.0958	10.135	7.3337	9.286	10.5846	7.0571	7.1431	7.0679	6.8991	7.9477	6.8126	6.9766	8.0465
EA_G__GLIPR1	3.2087	3.7756	3.4702	3.5103	8.225	3.4968	7.2414	6.1064	6.1439	7.0228	3.3575	3.7556	4.2416	6.6397	6.1565	5.3053	3.6098	3.5767	6.5325	4.8932	8.9965	3.6517	3.3135	2.8019	7.2825	5.5198	6.9605	3.1331	5.5399	6.3524	3.7158	3.5805	3.6556	6.8074	7.0461	6.3423	9.0025	3.6353	3.3701	4.2331	3.4115	3.6904	3.1647	4.3261	3.5428
EA_G__FBP1	7.5216	5.2071	9.4178	8.9701	4.6472	9.2616	4.761	4.5261	4.8	4.8787	7.7114	7.8887	4.5754	5.8823	8.7709	5.6515	7.9793	4.8183	4.6158	7.404	4.6383	9.9041	10.3261	9.9083	4.6404	9.948	4.8766	9.9939	8.753	4.6071	6.105	4.5889	8.9461	4.9142	4.7417	7.7847	4.8368	9.9019	8.5676	8.2741	9.6585	8.7433	9.9927	6.4769	8.1147
EA_G__RHOB	9.2793	9.3585	9.8896	9.3985	7.6395	10.3938	8.4008	7.6986	6.9264	7.1127	10.2289	10.0866	7.0769	7.524	6.9368	7.9047	9.6821	8.7278	7.261	7.1452	8.2823	9.565	9.2465	9.8531	8.3788	9.4573	7.5833	10.0124	8.9442	8.7425	9.8377	8.1129	10.0424	8.032	7.0709	7.9873	8.8352	8.6291	9.0331	8.5103	9.1206	8.9406	9.1928	9.2106	9.4859
EA_G__EMP1	7.3819	6.3911	5.8153	5.7756	6.8032	4.0355	5.0923	9.1487	4.3234	7.6364	4.3292	3.8499	4.3325	8.4222	8.4295	6.9615	4.8464	7.2113	6.964	8.5989	7.4242	4.1604	3.8749	4.0779	5.7537	6.0598	7.2059	4.2582	6.4765	7.5572	4.4231	6.9579	5.8757	8.3004	7.6785	7.6572	7.8355	4.3011	6.9305	4.6827	4.4767	7.3558	4.816	7.1438	3.5023
EA_G__GCLM	6.8681	7.4057	5.8696	6.2772	7.4694	7.5058	6.6871	7.3788	7.2034	9.5175	7.2227	6.9701	7.0697	7.1695	8.2179	8.2239	6.6585	5.9109	7.7502	8.1013	7.9374	6.1566	5.6074	6.58	6.0019	5.9323	7.9391	7.0727	7.1897	7.6354	5.9648	8.0944	6.9833	6.8419	7.5121	7.9783	7.6052	6.3054	6.6572	5.847	6.181	6.7021	6.4935	7.3567	6.771
EA_G__BAG2	3.8525	4.3299	3.8546	3.7077	7.7073	3.4446	7.5401	6.687	6.4005	6.3219	6.2911	4.5582	8.1386	7.9545	7.1173	6.8822	6.5667	4.381	6.3286	6.2299	7.9982	5.0232	5.4682	4.334	7.5584	3.3871	8.1211	5.4731	4.2242	7.1485	4.7056	7.8788	4.5241	5.7523	8.2828	6.9224	8.5168	5.2833	3.6269	5.8246	5.7192	3.9471	3.7646	5.4666	3.4296
EA_G__WWTR1	8.5062	8.2368	6.8254	6.4282	9.2967	6.3017	8.757	9.5252	6.9849	10.1663	7.4681	8.7618	8.6822	9.1395	10.0926	8.6425	7.9111	9.9261	9.4158	9.7446	9.7977	7.4116	7.6245	5.7242	8.8946	7.0799	9.0873	7.4909	7.9722	7.8901	7.2931	9.0628	7.9894	8.3158	10.0168	8.4116	7.8581	5.6614	9.2749	8.2689	8.4534	8.0584	7.9319	7.752	6.0988
EA_G__RORC	7.6294	7.8594	7.0519	7.5726	5.514	5.6777	5.7643	5.6198	6.0853	5.5107	7.422	7.2508	5.5734	5.5397	5.5921	6.1229	6.4823	6.9352	5.5364	8.2631	5.482	6.6938	7.2834	6.8486	5.1718	7.0259	5.7918	5.6745	5.7574	5.35	6.3865	6.7972	6.4728	5.5692	5.2525	6.2949	5.6901	7.2421	6.987	6.9613	8.9875	6.7633	7.1181	8.0366	6.3763
EA_G__BRD9	6.5119	7.52	7.4878	7.3624	7.3621	7.0962	7.5092	7.095	7.428	7.8264	7.1382	7.3027	7.2444	7.8455	8.1898	10.1603	7.3267	6.93	7.3768	8.1182	7.6697	6.6873	7.0869	6.8641	7.8405	6.6992	7.7837	7.2717	7.2449	7.1041	6.9404	7.2785	6.834	6.4	7.0352	6.7035	8.1623	7.2232	6.9256	7.3582	6.6416	6.9238	6.7132	6.1663	6.6879
EA_G__CDK6	7.6087	5.6752	5.5281	6.6409	6.9192	3.5988	6.7525	8.8538	6.6364	7.2937	6.125	4.3767	6.4356	7.7804	7.8837	6.7871	6.4649	6.8198	7.98	7.5952	8.5033	5.7383	5.2545	4.2023	8.4198	6.2835	7.8416	5.6047	6.5876	6.1665	4.1059	5.4074	6.5554	7.7945	8.4041	6.9278	7.5734	6.8846	7.8478	4.3604	4.162	6.3636	3.7064	5.6158	4.1368
EA_G__AXL	5.6804	5.1611	5.4209	5.1827	10.2739	5.2109	10.5367	9.8631	5.2949	9.4468	5.1746	4.9087	5.3032	6.6145	8.9208	6.9786	5.4521	5.6583	8.6491	5.4233	11.2512	5.5361	5.534	6.7552	9.689	6.5073	11.0247	5.0726	5.1294	9.3403	6.1472	6.1546	5.743	6.7788	9.8877	7.8036	9.9992	5.5417	5.7637	5.5023	5.4593	5.5797	5.4104	5.9543	5.3293
EA_G__PPM1D	7.1961	6.4047	8.8326	7.4205	6.6706	7.3209	7.3036	6.9889	7.2826	6.6967	7.2676	8.1753	7.3076	6.7708	6.9153	6.9638	7.2147	7.1345	7.1903	6.8495	7.0824	9.9465	10.2646	7.4232	7.4433	7.2434	7.386	8.7455	6.7745	6.2995	7.5111	7.0573	6.4364	7.239	7.3234	6.8069	7.3224	7.2489	7.2373	7.7021	7.4789	7.9148	7.6803	9.2144	7.5994
EA_G__AKR1B1	4.6938	6.0548	4.8622	4.4778	8.2157	4.4619	8.9961	4.565	6.3662	10.5992	4.6497	6.9879	7.0157	8.1308	9.1844	5.175	5.4781	4.7671	8.4129	9.0045	9.0431	5.1215	5.0227	4.6497	8.4728	6.866	8.1635	4.946	6.5897	10.773	5.4319	9.672	5.2901	8.361	8.4605	9.627	10.232	4.7564	5.1681	5.0863	4.8373	4.9859	4.9029	5.9037	5.9326
EA_G__FOXA1	9.78	9.0384	10.3303	10.2426	5.7805	10.2446	6.389	6.6946	6.2072	5.6298	10.1068	9.1466	5.6115	7.0308	7.1831	8.5271	10.1683	9.8686	7.3927	7.5836	5.5995	9.5923	9.8998	10.0039	5.6855	9.643	6.0524	10.1447	9.4248	5.3936	10.0194	7.6926	8.8238	5.8995	6.1961	6.457	6.1073	9.5103	9.8896	9.6996	9.7959	9.5918	10.3109	10.1318	10.1618
EA_G__RNF145	8.2864	8.9906	5.9042	6.4469	8.2399	3.6986	7.9628	8.1927	6.4509	8.8975	4.383	6.8288	6.957	7.388	7.931	8.2957	7.1362	6.8248	7.964	8.2727	9.2999	7.2541	5.8841	5.5607	8.7718	5.3762	8.5754	5.0477	9.0789	9.2572	5.5689	8.3803	8.0365	9.7262	8.8456	9.6135	7.7868	7.1606	8.3063	7.5792	6.3729	8.0164	6.331	6.7545	6.4106
EA_G__MAML2	5.1654	6.667	4.6254	4.5892	7.6742	3.8292	6.0776	7.95	6.2085	7.2799	3.5172	3.7807	8.8662	6.2387	7.5965	8.5358	5.4807	8.6942	7.8364	8.6885	7.9423	4.9397	5.5006	3.9579	7.8878	6.8965	6.8569	5.7608	3.7884	6.2059	4.3487	8.1226	6.4097	6.5553	6.6754	7.3799	7.2715	6.203	4.7606	6.1689	4.2942	6.9849	5.1283	6.012	4.2388
EA_G__ZNF703	8.9258	7.2036	8.3321	10.7497	6.7294	8.7856	7.6315	7.5604	6.8715	7.1891	8.9055	8.3589	6.7036	6.9888	6.8515	6.7668	6.8639	9.5952	6.8245	7.3393	7.3347	8.401	8.7959	10.5647	7.4865	8.389	6.8422	9.4783	7.1382	6.7073	8.1575	6.8008	7.1893	7.186	6.8779	6.9616	7.2656	8.5025	8.6151	8.0155	7.6965	7.0674	7.8571	7.6671	8.3007
EA_G__MLPH	9.7749	8.9613	9.4537	9.4619	7.2434	8.8593	7.6613	6.8868	6.8657	5.9652	10.2061	9.2145	6.1493	7.1993	6.1736	7.9823	9.0264	9.408	7.7663	7.6096	7.3314	9.3005	9.7117	9.0131	8.2664	9.9729	8.0714	10.0726	9.6628	7.6324	9.7087	7.6883	9.4819	7.1652	6.3658	8.0179	6.4396	9.4011	9.9994	9.2638	8.9017	9.182	10.4752	10.346	9.9638
EA_G__PPP2R2C	7.8327	6.1796	7.5506	8.1042	5.4216	7.0691	5.4698	5.1203	4.6485	4.7309	6.9322	6.837	6.4121	6.8921	6.7967	6.877	4.8079	5.2296	6.7186	5.0392	4.7801	8.0008	7.1813	7.9936	5.7678	7.178	4.6369	8.7009	6.4914	6.9518	7.0986	4.2908	4.9998	6.8598	6.6378	4.9071	5.0094	4.7937	7.4191	6.3323	7.1069	5.3119	7.6812	7.7757	8.092
EA_G__ESR1	7.8103	5.949	7.1801	8.5941	5.6039	8.4071	5.6002	5.601	5.7796	5.8403	7.5436	9.7789	5.8332	6.1272	6.5118	5.9623	5.8451	6.2441	5.6586	6.0553	5.6479	8.4338	8.7397	9.4422	5.3713	6.9678	5.413	8.6907	8.0188	5.4613	6.1198	5.7241	5.8501	5.7842	5.7046	5.9209	5.8721	5.7063	7.9154	8.6844	8.1235	6.2841	6.081	7.7532	8.4263
EA_G__TOM1L1	9.489	7.6603	11.1528	8.9596	7.4255	9.1088	7.0603	8.7525	6.8062	6.4184	9.3334	10.0995	7.2869	7.4997	7.2579	8.116	7.9165	8.1689	8.1728	7.2323	6.7395	8.5358	9.3382	9.1966	7.8329	9.1409	7.7808	9.9911	9.1808	7.4769	7.9222	8.1949	7.5116	8.7465	9.1269	7.732	8.0915	8.2536	8.208	8.9751	8.6278	9.3554	9.847	7.8994	9.8839
EA_G__LLGL2	9.3921	8.6915	9.2172	8.9636	6.2317	8.8119	6.7864	8.2638	8.0503	6.7246	8.8674	9.3444	7.2747	7.7949	7.7966	7.8608	9.2732	8.3801	7.9179	8.1822	6.0368	9.5561	9.9449	8.5159	6.5672	8.6457	6.5173	10.4167	8.8447	6.4348	9.2616	8.5221	9.2767	7.1764	6.1906	7.5902	6.2778	8.6172	8.1435	8.5877	8.313	11.3544	9.276	8.2995	9.4724
EA_G__APPBP2	8.9431	6.7342	10.5591	8.8147	8.0546	8.8218	8.1818	7.7055	8.1923	7.7982	8.8297	9.4795	7.949	7.5212	7.2321	7.6584	8.8081	7.0415	7.6174	7.2604	7.6962	10.8711	11.3121	8.7536	9.2611	8.0434	8.0696	9.5341	8.1541	7.1796	8.1607	7.8724	6.2759	8.0103	8.8159	7.6164	7.6297	7.746	8.4181	8.4338	8.9107	9.2861	8.9488	11.0857	8.9885
EA_G__SLC9A2	6.8744	8.0221	9.0313	7.6985	4.6153	4.537	4.4696	6.1778	4.6843	4.5398	9.2135	6.766	4.2235	4.6564	4.4787	4.4345	7.7505	7.9773	4.8629	4.4798	4.0015	8.3374	7.752	5.095	4.5882	8.1974	4.1751	9.4528	7.6961	5.6392	7.0623	4.8743	8.3122	5.5073	5.8374	4.8527	6.3365	8.3496	7.0853	8.7918	8.1692	6.5318	8.7367	7.0021	7.4132
EA_G__GALNT6	8.9187	8.6602	8.6345	9.9625	4.7514	9.6093	5.9659	7.1112	6.9446	6.5514	9.8516	8.9842	5.5323	6.8487	6.3386	8.2409	5.6076	9.23	7.851	8.141	5.0226	8.965	9.2303	9.3822	4.7392	9.425	5.2894	9.393	10.0229	6.4105	9.2867	7.4486	9.2247	7.0398	4.9243	7.8977	5.0908	10.1047	10.2162	8.6008	10.6343	9.7198	9.5105	9.5923	9.4242
EA_G__CD68	6.0924	6.7302	6.0308	6.4705	7.2649	5.8231	7.6681	6.8934	6.2509	5.9802	6.8145	6.0723	6.0712	8.627	7.2361	7.1214	6.7354	6.0436	7.2269	7.2117	8.8449	5.9699	6.2632	5.9313	6.6335	5.9061	7.9657	6.0215	6.3502	8.8474	6.6785	6.1094	7.2136	7.1718	9.2278	8.7606	6.985	6.1473	6.0869	6.1949	5.9665	7.1143	5.9869	6.6158	6.4345
EA_G__C17orf28	9.3617	9.729	9.6197	10.0389	5.5952	9.5722	5.7826	6.3666	6.9129	5.2734	10.3721	9.0304	5.4402	6.5831	7.025	7.3859	10.3392	8.2773	7.1557	7.1023	5.3634	9.1167	9.277	9.1052	5.3589	9.2435	6.1912	11.1353	8.8997	5.3644	11.0475	7.6889	9.6716	6.072	5.6045	6.3796	5.9321	9.479	9.3071	9.6105	9.9773	9.3515	10.4072	9.5988	10.4021
EA_G__ST6GALNAC2	10.2973	5.0291	10.3685	9.1426	4.5595	8.7228	5.2777	6.5984	7.353	4.8036	9.9648	6.5371	4.6823	5.9709	5.9589	4.8008	9.0183	8.1178	5.1009	7.4136	4.6967	6.3217	8.8799	9.8266	5.7877	9.9075	4.6438	11.3695	9.1258	4.4591	9.9534	6.4464	5.1063	8.577	4.954	6.391	4.6258	9.9215	10.1722	9.3112	10.0639	8.333	10.5198	9.3323	10.1631
EA_G__LOC51136	6.5148	5.4387	8.1007	6.7711	6.6815	7.3176	6.8363	4.9707	7.0661	6.3078	7.9339	8.3427	7.1402	5.9453	6.0978	6.3722	7.3862	5.8152	6.4222	5.9137	6.226	7.1408	8.2663	6.1904	7.406	6.3367	6.765	7.7629	6.1073	5.6815	6.5309	6.4862	5.1669	6.8899	8.1943	6.1781	6.5384	6.8972	6.5451	7.7327	7.1062	7.2267	6.9423	6.9236	7.4019
EA_G__SULT2B1	7.1357	6.8833	9.1628	8.474	5.7405	7.7251	6.2807	5.914	6.4811	5.785	8.7665	8.3769	6.0404	6.95	7.4704	7.0618	9.0211	8.0968	6.0645	7.6274	5.6875	8.1165	9.3186	7.4801	5.9954	8.1852	5.853	8.6353	7.0519	6.018	7.6271	8.7083	6.8376	8.0125	6.0664	6.8115	6.0611	8.2359	9.217	8.2163	8.3169	8.4822	7.9758	8.8237	7.5317
EA_G__S100A14	12.1606	11.7148	11.289	11.27	4.4478	12.2259	5.7868	9.3338	7.1653	5.7788	11.67	10.2776	5.6437	9.6689	10.4498	10.811	10.6554	11.2622	9.7527	10.9988	5.5585	11.3198	10.6309	6.945	5.2235	10.7045	5.3671	11.2594	11.6653	4.8587	10.9996	11.4596	11.6593	12.3995	5.6242	10.3786	5.2591	11.5032	11.9228	5.3263	11.1298	11.4873	11.7503	12.1337	12.5428
EA_G__SSBP2	8.3969	7.8904	7.7099	8.8606	8.9385	9.1352	7.952	5.8563	7.4923	4.8792	9.0532	9.2008	5.6999	5.7499	6.6821	6.6132	8.7875	8.1612	6.3327	8.1559	6.9695	8.1809	8.3771	9.2692	7.7303	9.2683	6.0354	9.053	10.8126	6.1611	7.7207	8.1091	8.5794	8.9979	7.5941	6.8185	8.8049	9.8563	8.7077	9.181	9.4	7.4341	8.6779	8.8577	8.1298
EA_G__SYDE1	6.3871	6.1369	6.3616	5.8841	8.4653	5.4574	8.481	8.3258	6.6153	7.9902	5.8161	5.3023	6.2033	6.9579	7.0087	6.4074	6.6718	6.1217	6.9318	7.7112	8.9081	6.0991	6.2731	5.5612	8.7207	6.3382	8.9894	5.7382	5.0994	9.4121	6.1707	6.8988	6.551	6.3715	8.0444	7.0048	8.2118	6.1916	5.9689	6.0967	6.1051	6.1729	6.3412	6.259	6.0907
EA_G__RAB11FIP1	7.7489	7.29	7.2374	10.9487	6.0996	8.0487	6.6306	7.7821	6.9453	5.8301	8.3145	8.4506	7.1372	6.5495	6.7129	6.7962	7.4883	8.1631	6.6448	7.0896	5.8517	6.8206	6.8315	9.8938	7.2036	7.6101	6.2077	7.9194	6.8136	6.1721	6.9053	7.3587	7.6757	7.1646	6.0579	6.4956	6.959	7.013	8.072	7.7446	7.0056	6.9046	8.1997	7.2421	8.3727
EA_G__AGR2	10.388	9.9764	10.5253	10.8674	3.1745	6.0439	3.7576	3.5567	3.1734	3.3399	10.6695	6.7701	3.4557	6.1162	5.8644	7.6477	9.677	10.1249	3.6198	5.9674	3.3756	6.4972	9.3306	6.4599	3.0206	10.5625	5.2088	9.6312	11.0565	2.9069	8.4022	4.5304	8.7004	6.7563	3.9941	5.3017	3.7281	11.9063	10.4962	10.2239	11.303	11.3903	8.8069	10.5261	8.6101
EA_G__SDF2	10.0876	9.1304	9.0822	9.4165	9.2741	9.3591	8.5941	8.1063	8.9935	8.6316	10.4069	8.66	9.6218	8.7141	9.0785	9.765	10.1528	8.7896	9.2227	8.9126	8.9229	9.117	9.3493	9.585	9.6399	9.6411	9.4677	9.626	9.3285	8.0053	8.2248	8.8035	9.5982	8.9261	8.717	8.8358	9.0203	9.184	8.4796	10.2134	10.7746	8.0437	9.2296	12.3385	9.1488
EA_G__SLC1A3	5.9579	6.6111	4.1502	3.9597	5.561	4.1358	5.0044	7.4102	5.9275	7.3403	4.0183	4.0396	5.7351	5.5781	8.6946	9.2695	4.9448	4.5557	6.6053	6.8828	5.3296	4.5643	4.2625	4.0624	8.6562	4.4019	4.9309	3.99	3.5104	6.1848	5.37	9.919	5.4099	7.8535	6.7133	5.7299	8.3903	4.1191	4.6502	4.7893	4.0327	4.6589	4.5597	4.6583	4.0849
EA_G__ETS1	3.8667	4.805	3.8221	3.5321	9.1987	3.7611	7.9136	9.7835	5.4674	8.8179	3.5174	3.7092	9.0214	8.4312	8.6336	7.6481	4.1411	4.2609	8.9186	6.1098	7.8626	4.2242	4.1251	3.6311	8.5584	3.7782	8.8462	3.44	3.778	8.6385	4.6855	7.7448	4.7509	8.0132	7.741	7.9709	8.314	4.3718	4.288	4.0329	3.9583	3.7085	4.1234	4.074	3.7159
EA_G__NAV2	7.047	5.9388	5.1132	6.0164	6.6849	5.544	7.5525	6.9753	9.7986	7.586	5.5004	5.4398	5.3615	5.9011	7.0078	7.7367	4.7494	5.5622	7.9494	6.3855	7.6234	5.2578	4.9935	7.0901	6.821	7.11	6.9071	5.3098	8.0044	9.0798	5.7505	6.6172	6.8978	8.1627	8.132	7.6056	8.1373	6.9788	7.9451	4.7301	5.2354	5.8503	4.8832	6.842	4.7912
EA_G__TRIP13	7.8157	8.1416	8.2321	7.3633	8.6364	8.1903	9.2458	8.6113	8.0736	8.981	8.1179	7.9184	8.4456	8.9683	9.4647	11.0174	8.477	8.1894	8.5695	8.8367	8.9072	7.4412	7.6605	7.9539	8.9576	7.3297	8.199	7.7935	7.3926	8.1484	7.5408	8.8884	7.639	7.1681	8.0686	7.5311	9.5113	8.3058	7.6794	8.8534	7.6143	7.8426	7.189	5.9054	7.7185
EA_G__JAG1	5.3676	6.2772	5.3175	5.37	5.2094	4.8659	8.2734	10.6497	7.2981	8.7216	5.2027	5.7356	6.6225	8.4241	9.22	8.9527	5.8671	8.3486	8.547	8.8384	9.1839	4.9283	6.6646	5.8994	10.2915	6.7984	8.3717	5.8293	6.3949	6.0823	6.5058	7.1929	6.3796	9.8151	7.2595	6.924	7.0998	8.7139	5.371	5.2308	4.8664	4.9271	5.3273	6.9651	4.8759
EA_G__SLC39A6	9.2354	8.7066	9.8987	11.072	9.1401	9.4509	8.1309	9.1186	8.8211	9.4959	9.367	8.848	8.7179	8.074	7.218	8.5312	9.1881	8.486	8.159	7.98	9.0263	10.0833	12.0608	10.1142	7.9438	9.1761	8.3452	10.0745	7.693	8.1742	8.3266	7.852	8.3122	9.2279	7.6699	8.8951	8.9497	8.1689	8.1477	8.6689	9.8579	9.3675	9.9621	8.3057	12.6056
EA_G__CLIC3	7.0648	8.1927	6.5415	7.5044	6.185	7.7296	6.65	6.0092	6.5107	6.4449	10.2002	10.0641	6.4205	6.5692	6.8843	6.2405	6.6602	8.2096	5.9382	7.1404	5.8165	7.4794	7.7337	6.5956	5.9123	8.0755	5.9865	8.6685	6.9106	5.6263	8.6884	6.7687	8.286	7.7755	6.2981	6.7925	6.6261	8.7999	7.0178	9.8811	8.4713	8.1336	7.4439	6.9017	6.3667
EA_G__SPARC	4.5171	4.8293	4.5504	4.2699	11.8832	4.6628	11.3015	6.7226	5.1153	9.4855	4.3425	4.5079	9.4465	4.4679	6.789	4.6287	4.7111	4.3059	10.9051	4.8481	12.1508	4.9966	4.6314	6.3594	12.8203	6.4311	7.2862	4.4453	12.4428	4.7077	5.2404	6.4279	4.8983	4.5518	8.4651	5.4089	10.5706	4.7633	4.8747	4.5219	4.6737	5.388	4.7502	5.2492	4.5409
EA_G__EHD2	7.3175	7.175	6.3603	5.9076	9.1305	7.8483	9.2984	8.6393	6.4028	8.256	6.0272	6.5969	6.0329	8.7643	7.588	8.5066	7.2154	7.8595	7.7524	8.1121	9.9391	6.6247	6.7547	7.943	8.9681	7.5343	7.6772	6.0786	8.2494	6.2251	7.1402	6.3427	7.063	8.5541	8.4964	8.0041	9.1996	6.4192	9.2335	7.4684	6.7046	6.3061	6.9207	7.7155	6.7111
EA_G__HDAC2	6.7153	6.747	7.0578	6.167	6.6431	6.4113	7.1337	6.9761	7.2984	6.983	6.4842	6.0039	7.0528	6.5693	7.1402	7.1866	6.2847	9.5415	7.1172	6.7302	6.9559	6.6858	6.5704	7.2637	6.7192	6.2857	7.3268	7.0509	6.3683	6.7625	6.6287	7.528	6.2293	6.4072	6.5104	6.8425	7.5238	7.2283	6.4637	5.9981	7.0068	7.2679	5.7278	5.9362	6.9298
EA_G__ANKH	4.7353	6.1321	5.4319	5.8632	7.5366	6.1278	7.6402	8.4813	9.0894	8.5155	4.6888	6.49	7.8379	8.1721	8.2302	6.7129	4.9062	5.1636	6.8831	8.2345	8.8695	6.0957	5.1663	7.006	7.9234	5.9965	7.4819	6.675	4.8461	6.5143	5.6252	7.7873	6.0369	7.6483	7.6275	6.1743	8.3735	7.4034	7.2997	4.911	7.1822	5.059	5.0068	4.9226	4.9094
EA_G__SGK	4.2316	5.0406	5.4106	5.3314	9.0838	4.1858	8.9845	8.9248	4.3511	8.7011	6.361	5.0384	6.6596	7.7021	7.7639	6.6802	4.4304	5.1726	7.019	6.1623	9.2354	5.1628	5.3706	5.9424	8.3272	5.1426	8.4342	7.6622	3.713	9.8637	5.0158	7.9203	4.8986	9.538	9.7393	8.7562	8.0896	5.5156	7.5815	4.7744	5.5835	6.797	5.6857	4.6742	5.0778
EA_G__OXCT1	7.2396	3.8296	8.4114	6.6974	7.6963	5.013	7.8727	7.1334	8.0745	7.4034	7.2139	5.189	6.4591	7.4007	8.9635	7.5756	6.782	7.5346	8.2972	9.2401	7.5998	4.8802	6.6138	7.6144	8.2942	6.3135	6.3182	7.2839	6.4151	6.6497	7.5831	7.4861	3.8325	6.6026	7.0297	6.6852	8.4107	4.7164	4.0608	4.1641	7.1322	8.8827	7.5781	6.6738	6.675
EA_G__TBC1D9	7.4411	8.3535	7.6125	9.4084	6.2048	8.2922	6.5655	5.6316	6.1005	6.2244	8.751	9.4283	6.6935	4.8845	6.4304	6.9985	7.2152	7.8677	6.602	7.9176	7.5388	8.4629	10.3338	8.8604	7.3339	8.5367	7.0702	9.0012	8.2913	7.3994	6.6536	7.5585	7.897	7.2012	7.062	6.6687	7.2625	9.282	7.818	7.18	7.4421	8.7903	7.7944	7.915	8.5484
EA_G__CYP2J2	7.5609	6.4435	6.7259	6.0601	4.78	5.8339	4.8267	6.1137	5.5908	4.6398	7.7706	6.8903	5.9356	4.8007	5.9878	5.8329	6.8396	7.4097	4.6187	6.0827	4.8923	6.3696	7.0868	5.2002	4.2793	4.9988	5.9153	7.5381	8.3749	4.7865	5.4937	5.6165	7.2803	6.3689	4.893	5.2515	5.3152	6.042	5.895	5.9996	6.2447	6.2343	7.9614	5.8812	6.8202
EA_G__SLC2A10	9.6698	7.9608	10.7486	9.8002	6.8356	10.1507	8.164	6.4242	5.8402	6.8335	11.2291	7.9253	8.8672	6.5273	6.8478	6.7776	6.6976	10.3875	5.8592	7.7648	6.767	8.3111	8.0817	7.3966	8.4211	10.4721	6.001	10.875	10.7141	7.1378	9.5163	6.321	8.1679	5.5527	8.2501	6.9448	5.9196	11.5189	9.9163	7.1665	9.4465	10.1347	10.4236	11.0404	9.4271
EA_G__ADAM19	7.0925	6.7177	5.0563	5.4713	6.7155	4.8301	8.5323	7.786	6.0565	6.9025	4.6711	4.9038	6.0687	6.2888	5.1522	5.7544	5.1512	5.8864	6.6231	5.7394	8.7117	5.4742	5.4706	5.9616	8.544	6.158	7.72	4.7314	6.6282	6.9773	5.6521	4.8965	7.3337	5.3309	8.5251	5.7288	5.9389	4.9755	6.095	5.2166	5.0739	5.4624	5.4023	5.4397	5.2444
EA_G__SLC7A2	4.1619	5.7925	6.7311	8.2218	4.0757	8.7507	4.8287	3.7876	4.1333	4.9639	5.9544	8.7823	6.0163	5.3979	3.8374	4.2238	6.6085	3.8787	4.037	3.9158	7.6908	8.0985	9.9521	5.9318	4.9481	6.4416	6.383	6.6805	6.0503	5.5324	4.4132	4.6343	4.5285	6.4926	4.1797	5.4227	8.1212	5.8559	4.0673	3.9632	7.5091	3.9481	7.2721	3.9987	8.5677
EA_G__CRIP2	10.4931	10.8373	10.9609	12.0226	9.889	9.8807	8.4484	8.4184	9.5757	7.1672	11.6983	10.5287	8.4838	7.4709	7.5177	8.5105	10.8318	9.9585	8.7795	10.025	8.8842	10.8957	10.0144	10.4003	9.5079	9.8837	6.5594	11.1565	9.5562	7.2181	9.9669	9.0374	10.9026	7.0788	9.354	8.7135	7.478	11.0502	8.721	10.6665	10.0145	10.979	10.3347	10.6863	10.564
EA_G__B3GNT5	3.7793	3.4685	6.1603	3.4095	7.3741	3.4778	6.2026	6.7891	7.2792	5.5026	2.7919	4.23	7.8987	8.0016	8.0347	8.5495	3.517	6.1118	8.2947	8.3827	5.2203	4.1337	3.8927	3.425	6.7749	3.9863	6.2757	6.2889	3.2818	6.8772	5.3898	6.3645	3.9481	9.0181	3.9823	7.6143	8.2305	3.8217	4.389	4.0838	4.0239	8.6121	3.3395	3.7285	3.122
EA_G__UPP1	5.4549	6.1015	5.448	5.1849	6.6737	5.1357	6.4721	6.9823	5.3696	6.6838	4.889	5.2305	5.3407	7.4135	7.397	7.9997	5.1198	5.3149	6.9028	6.2895	6.4335	5.6169	5.127	5.3567	6.8378	5.5727	6.9034	4.8709	5.1442	7.6244	5.3505	8.3399	5.686	8.8184	7.1274	6.5287	6.8426	5.5523	5.5613	5.6237	5.6119	6.1904	5.0034	5.6276	5.0762
EA_G__ACOT4	7.9904	7.5193	8.1776	7.8059	5.4917	7.1285	5.342	6.0694	5.512	4.9214	7.8169	7.2952	5.7055	6.1858	6.3676	5.3287	5.4342	6.8359	5.1841	6.5305	5.4131	6.8139	7.1462	6.5896	6.7919	5.8255	4.9953	6.0179	7.6577	5.8164	7.627	6.8348	7.675	5.8886	5.6212	6.388	5.26	5.4872	6.8487	8.7934	8.7735	7.5333	6.8973	6.4895	6.3898
EA_G__EPHA2	9.1154	8.5414	7.3461	6.8444	9.4567	7.1665	9.5499	8.6973	7.4528	7.6542	8.0337	6.4815	6.9884	9.9389	10.0314	10.1517	7.8157	8.3948	9.354	8.7865	9.6476	7.7947	7.5449	6.8313	9.4881	8.1785	10.4042	6.9463	7.1418	9.3141	7.4838	8.4318	8.3671	9.7141	8.6969	9.6151	9.4186	8.7254	7.5725	7.0417	7.2961	8.9298	6.8289	7.8989	7.5115
EA_G__TGFBR3	6.5099	6.7991	4.4764	5.0756	6.1711	7.4151	7.5172	5.2755	5.2617	8.7465	5.9379	5.4751	5.3792	6.5962	8.4593	5.5511	5.8642	6.5754	5.6738	4.7788	7.5407	5.0052	5.0281	5.1701	6.7982	5.5957	7.4513	5.4792	6.559	7.2916	5.1781	5.9003	5.1645	6.5678	7.6446	6.5163	7.7885	5.2928	6.1309	4.9654	6.4007	6.143	4.9888	5.7522	4.6663
EA_G__PTBP2	6.4415	7.2314	6.6012	6.7424	7.4693	7.969	7.2658	6.7197	7.4457	7.0102	6.2017	6.8719	7.038	6.114	7.7229	7.0862	6.4489	6.1892	7.3498	7.0678	7.4414	5.4425	6.7625	6.7048	7.2886	5.1418	8.2313	6.6261	6.8417	6.964	5.6934	6.5544	6.5126	5.4014	6.8487	6.6015	7.5655	6.5175	6.4271	6.3348	6.1613	6.954	5.6732	6.3707	6.3614
EA_G__TCEA3	8.2375	5.9539	6.0256	7.4926	5.0487	8.8314	5.784	5.0673	5.5704	6.1196	8.0815	7.159	8.4022	5.5647	6.6279	5.2515	8.1284	5.1551	5.0747	8.4357	5.064	6.9062	6.2141	6.8153	5.6284	7.255	6.534	6.4577	8.4136	5.2794	7.6133	5.5343	5.6212	5.449	5.6072	5.5857	5.4579	6.1439	8.5451	7.826	7.9185	7.6275	9.0069	7.6162	8.328
EA_G__CYR61	8.1331	7.5718	6.2582	7.0497	10.1687	6.6562	8.8855	8.8232	5.6125	7.8517	6.3522	6.707	7.4924	7.1965	9.2169	9.0015	6.8394	7.3317	9.6694	7.091	10.623	6.3553	5.982	5.9694	8.6434	7.9536	11.0584	6.8937	6.6652	8.3874	6.7454	7.6251	8.1061	6.3948	10.084	8.4031	9.4395	6.6971	6.4717	6.9073	7.0874	7.2997	6.1877	8.5372	6.0361
EA_G__TMEM63C	7.9641	8.592	8.7886	7.8238	4.5419	8.2991	5.1121	4.5942	6.0379	5.3185	8.5746	8.1623	7.3653	4.9035	4.698	7.1967	8.3326	7.5247	6.3223	7.3911	4.2781	5.8289	6.3846	8.1346	7.6805	8.2487	4.4405	7.4794	8.0082	4.2713	9.2885	4.4969	7.5344	8.1459	4.2336	4.6113	4.8724	8.902	7.7339	5.4872	9.4194	7.9501	7.6357	8.1439	6.3547
EA_G__RND3	10.1573	7.8999	6.1271	6.4514	9.3787	6.5605	8.5919	9.1991	7.1835	8.7782	9.0163	5.1647	6.6321	8.5989	9.4839	9.9065	8.1357	10.6716	9.4119	9.3223	10.8501	8.1155	8.1217	8.3319	9.0663	8.8121	9.5673	7.2105	7.5672	10.0562	7.4692	8.5887	7.9216	9.6231	7.9453	9.0072	8.2004	7.6541	8.1492	7.8509	4.3407	8.9943	5.9197	8.3125	5.8057
EA_G__SRPX2	4.1973	4.7095	4.3877	4.2742	4.2844	4.0862	5.6395	5.4767	4.4034	6.441	4.0076	4.3344	4.1716	5.7482	7.5426	8.5976	4.5518	5.2662	6.331	9.6519	7.1681	4.5453	4.3283	4.2355	4.4019	6.2141	5.4315	4.1632	5.0324	6.2722	4.908	6.6739	4.8403	7.9095	6.884	6.2682	6.3809	4.7994	4.7459	4.5637	4.38	5.2552	4.4076	6.9111	4.1805
EA_G__C19orf21	9.6189	9.4483	8.7564	8.9369	5.9232	8.5724	5.9774	8.5302	5.5468	5.8788	9.3517	5.2243	6.8438	8.0179	8.5636	8.8702	8.1843	9.7186	5.4781	6.6279	5.5706	8.7843	8.5778	8.8654	5.7745	9.6936	7.9411	8.8758	8.9668	7.1158	6.591	5.886	9.9506	9.3039	5.9944	6.0195	5.6263	8.618	8.3524	7.9338	8.3996	8.3519	8.8792	8.9167	9.0596
EA_G__CDH1	9.4474	3.8156	10.2402	10.823	4.1816	8.2155	4.0369	9.3623	7.7169	4.0645	9.8984	10.4438	8.4461	8.5324	9.4381	9.6232	10.1534	4.383	8.3525	9.6597	4.2637	9.9596	10.2763	6.5768	4.0202	10.0856	3.8114	11.1983	10.3286	3.8855	7.0185	8.4138	4.1026	9.4372	4.9675	8.714	4.0229	9.5589	9.2285	9.8379	9.9968	10.255	10.6397	5.7449	10.3255
EA_G__C6orf211	7.1167	7.5529	8.0371	8.9695	6.4566	8.8642	6.897	6.4826	6.1229	6.7659	8.2246	9.54	7.1196	6.925	6.4815	7.7673	6.107	8.0926	6.2859	6.6822	7.1049	9.1159	9.3817	8.8041	6.4438	8.1352	7.1002	9.6383	8.3855	6.6972	6.2112	7.3962	6.8191	7.0519	7.0987	6.614	7.3027	7.2231	8.1988	7.496	8.4447	7.6335	6.9121	6.8186	10.4963
EA_G__BCAS1	7.6511	9.0168	10.5313	7.3913	4.4087	6.403	4.8708	4.3423	4.4869	4.5984	10.3867	6.7622	4.1964	4.6724	4.3328	5.14	7.4981	9.0372	4.5142	4.3987	4.438	7.9077	7.2716	6.6171	4.3473	7.9229	4.8844	7.3564	9.719	4.4918	5.6839	4.3173	9.8324	4.6518	4.4616	5.0177	4.8637	7.8706	7.9093	7.3722	7.4533	8.4832	8.0127	10.0374	8.1104
EA_G__PDCD4	8.7451	7.2221	9.1525	9.6114	6.9065	9.7468	6.1232	6.4642	9.1019	7.7495	8.5973	10.2921	6.4907	5.6176	6.6294	5.985	8.6672	8.9419	5.47	7.9542	5.877	8.1806	7.8868	8.306	6.0254	8.0429	8.695	9.6332	10.4832	5.8717	8.1844	7.2464	6.4457	9.0451	7.2904	6.741	5.8866	7.7702	7.9408	8.9593	9.1703	9.0652	10.8018	8.0638	10.2493
EA_G__TMEM86A	7.6884	6.4556	7.9473	6.8599	4.9403	6.4644	6.0208	5.4973	5.6342	5.8239	8.5714	6.3085	5.762	5.926	5.7045	5.7253	7.6555	7.3806	5.8631	5.8009	5.1528	6.1998	6.2003	6.8156	5.8978	7.248	5.4022	8.2918	7.6789	5.5458	8.1152	6.1145	6.5041	6.1566	5.7141	5.8456	5.6566	6.9858	7.4011	6.777	7.7605	8.6329	9.1894	9.7284	6.9478
EA_G__ANTXR1	5.3638	5.021	6.2803	4.3643	8.3203	6.4484	7.697	7.9829	6.8212	6.5266	4.5447	5.1114	6.4815	6.0603	7.8974	7.4695	4.5918	6.41	7.5128	8.5385	8.4815	6.8244	5.5532	4.8534	9.1346	5.6954	7.7099	4.9336	5.5327	8.2659	5.7268	7.7026	5.1019	6.795	7.686	8.0006	8.3681	6.3598	6.7588	6.3156	5.2435	4.7063	4.9089	5.2067	5.114
EA_G__RAPGEFL1	8.115	7.7646	6.1232	8.7161	5.978	6.5795	5.369	4.9558	6.0299	5.6241	5.6552	10.077	6.4717	5.3366	7.5171	5.0197	5.3495	5.3794	5.4444	6.1792	5.1847	7.0274	6.1289	8.0831	5.5754	7.4461	5.9926	5.5345	5.1585	5.0872	5.0997	6.3095	7.8168	7.9098	5.8965	7.0462	5.6465	4.9533	7.3086	7.7411	12.0503	8.9024	6.1056	5.6449	7.5132
EA_G__CRIP1	8.4336	5.31	9.7731	11.423	5.334	5.4641	5.5377	5.3474	8.9387	4.8935	11.7544	5.561	8.2598	7.0206	5.2656	5.5827	7.7479	5.8054	5.3255	8.2606	5.0561	5.5382	5.4859	9.0144	5.3967	8.9139	4.9174	9.2424	6.8474	5.2885	7.5698	5.13	5.9588	5.398	5.2163	8.9972	5.2167	5.7411	5.2574	9.2766	9.2825	10.7322	9.7626	7.8381	10.5449
EA_G__SPDEF	9.8828	10.1908	10.7931	10.5658	5.6685	11.013	6.2657	5.9359	6.1425	5.7703	10.7443	9.8237	6.0475	6.0136	6.4407	7.5494	10.9979	10.0929	6.9762	6.3194	5.7139	10.0469	10.246	9.7584	5.6466	10.4039	7.0764	10.5661	10.3098	5.6631	10.5877	9.537	10.0553	5.7384	6.1331	6.4231	5.9152	10.0886	10.6581	9.6624	10.226	10.1083	11.1169	10.7321	10.8329
EA_G__CACNA1H	6.0676	6.82	7.2696	9.4583	6.1214	6.1458	7.018	5.7582	6.1617	6.0673	6.1627	6.4997	7.3923	6.3318	5.8868	5.9737	6.2978	6.1446	6.0735	6.2132	5.9137	8.2955	7.6072	8.1588	7.4458	8.0116	6.0461	7.8382	5.8969	6.3647	6.8471	5.7131	6.4679	6.1379	6.0852	6.2573	6.1246	6.197	6.8091	7.2879	8.0756	6.4027	6.2936	7.9896	7.955
EA_G__FSTL1	6.3208	6.1624	7.111	6.4291	11.8037	4.1138	8.0435	4.7382	6.2309	9.2198	4.3438	6.6183	6.5907	7.6625	10.1327	8.6742	4.1313	8.2704	9.5531	8.6378	11.1061	4.3358	4.4994	4.4241	11.153	6.2928	8.265	4.5749	4.7229	10.6526	4.7707	8.5027	6.2699	7.0024	8.5073	9.2021	9.4467	3.6254	5.1479	7.162	4.0235	4.0057	4.5517	5.9264	4.4062
EA_G__LOX	4.0749	4.3528	4.4889	3.8604	11.8002	3.914	6.3952	6.6246	6.7898	7.5504	3.5531	4.0064	8.533	6.0924	5.0426	3.8545	4.5193	6.5508	7.0379	6.2016	11.1703	4.2671	4.1135	3.8759	8.062	4.1215	7.2851	4.4892	3.6242	7.0178	4.1681	5.7811	3.9021	6.8512	11.4184	9.062	6.3026	3.8599	4.396	3.8898	4.255	3.6751	5.2499	4.1958	3.5707
EA_G__DSE	6.5087	4.9218	5.6022	4.7233	8.355	4.9347	7.9989	7.6562	6.4394	6.6805	5.0587	4.8985	7.5324	6.6408	7.9313	5.3415	5.3874	7.9374	7.4554	8.003	8.3474	5.6499	5.7104	5.3844	8.2435	5.5075	7.6652	6.1001	5.1929	7.8005	5.5859	5.4654	4.9368	9.2396	7.761	8.7834	8.6778	5.2952	5.2387	5.0241	5.9327	5.6865	4.7765	5.7247	4.927
EA_G__TGFB2	8.6086	7.8164	3.7069	9.2193	8.588	6.9572	7.9395	10.7977	7.555	9.4652	4.3705	3.9796	5.5356	6.4676	8.377	10.1452	8.5107	9.3163	9.5593	8.9543	9.47	6.2555	6.1774	3.7395	10.108	7.0037	10.0626	5.2703	6.8137	8.0111	4.9299	9.6945	7.8379	8.9621	7.1376	11.2373	8.4518	5.0337	6.8578	6.7752	5.3196	9.358	4.1757	9.6894	4.3058
EA_G__DENND2D	9.997	9.4962	7.6366	9.6926	5.0582	10.5443	5.0932	6.6694	5.7422	5.009	8.94	8.9067	8.0075	7.518	8.247	6.8982	8.6752	5.336	4.9887	9.91	5.1395	9.0231	9.3336	9.4078	4.9272	8.8728	5.2654	8.4821	9.6716	4.8617	8.3451	9.9052	9.1582	7.3402	5.3816	5.7459	5.3505	7.6687	9.5729	8.9438	8.6823	7.7926	8.5828	9.0024	8.5644
EA_G__ZNF750	6.7199	7.3482	6.7097	6.6858	4.9155	5.6839	5.0681	4.6689	7.2202	5.1846	6.7591	6.451	4.7703	5.1668	5.5797	5.4145	6.5387	7.1353	5.1352	5.3662	4.4688	5.7987	6.4591	5.1944	4.6503	6.6426	4.6995	6.0296	5.1191	5.0527	6.1847	7.2245	7.0681	7.3181	4.8725	5.4428	4.8895	6.5246	6.3349	6.3737	6.0345	6.0842	6.7232	6.8005	5.4634
EA_G__ABCC11	4.9799	5.0771	8.9135	5.5246	4.3409	6.068	4.4537	4.3488	4.5022	4.3945	9.0536	6.4968	4.3846	4.531	5.3781	4.6172	7.1058	5.5215	4.3978	4.7067	4.5984	4.5406	4.9815	5.9853	4.152	8.7674	4.4954	7.3019	6.4495	4.468	9.0235	4.202	6.726	4.5602	4.427	4.9806	4.4854	9.756	8.4576	9.3681	8.0366	7.2449	9.5692	9.4496	4.8818
EA_G__SPATA20	8.607	8.2653	9.8882	9.1813	8.1514	8.139	8.2593	8.3121	6.1306	8.2299	8.5791	8.2522	8.7598	7.2456	7.3484	7.5176	10.0703	6.5447	7.6949	6.7962	8.138	8.7451	9.2789	7.7178	8.0638	8.4625	8.5716	8.8268	8.9717	7.8041	8.4922	7.2017	7.7205	7.8669	7.4663	7.7456	7.3248	7.3058	7.8187	8.4599	8.4633	8.1037	8.1349	8.6816	8.717
EA_G__CAPS	10.7823	9.0478	7.9658	9.4653	5.8603	7.0129	6.1867	6.1536	6.1463	5.8143	10.8287	7.3341	10.5962	5.7871	6.0836	6.8688	6.898	6.3952	7.0283	6.1385	5.7156	6.4196	5.9889	7.0841	6.3328	9.9621	5.8726	8.5837	6.55	5.9006	7.1682	6.7698	9.0415	5.9625	6.2687	6.1294	6.116	11.1088	7.0327	6.4839	7.9726	9.0677	6.3301	7.1219	6.3652
EA_G__EIF4E3	7.0364	5.4824	7.2474	7.4659	4.5878	5.0746	5.5138	5.3437	6.8688	5.5045	6.8369	7.0819	4.3997	5.1302	6.239	6.0991	5.1057	6.1237	6.53	4.8672	5.1393	7.2438	6.8172	5.9784	5.9235	6.9772	5.0888	6.9388	6.4891	7.2105	8.7185	6.7985	6.0213	7.15	5.1767	5.775	5.6633	7.4823	7.2701	7.191	8.1294	4.5177	6.33	8.3075	6.6383
EA_G__CD44	5.0643	6.221	5.8402	7.147	9.4203	5.0229	8.9066	11.129	6.7431	8.6542	5.9841	8.2408	10.1261	11.6066	10.3665	10.8891	4.2923	6.5189	10.2825	8.932	10.7718	5.0212	5.5111	8.1534	9.6122	6.1197	8.8998	8.3912	8.3341	9.5925	5.0009	10.3164	5.3355	10.4721	9.4761	9.5375	9.1489	4.4169	4.2538	7.4487	7.7525	6.8486	7.9545	7.7468	4.4431
EA_G__ATP2C2	7.3612	7.1301	8.2179	7.788	5.3497	7.7028	5.2331	5.9351	5.1224	5.0997	8.4417	7.4719	5.2602	7.0346	7.169	5.8961	7.2734	8.3016	6.6985	6.8254	4.8393	8.5253	8.1187	6.7656	4.7757	7.7212	5.1175	7.5495	8.7963	5.0799	7.9613	7.5006	7.5787	5.8326	5.4452	6.4738	5.2595	8.2752	6.7796	7.0768	7.274	8.2264	7.6677	7.6717	6.6969
EA_G__GPX1	10.2914	6.6074	10.0255	6.4332	9.521	9.8669	10.5247	9.3434	6.2869	10.2073	9.7081	8.4087	6.2304	9.3709	10.6769	10.1513	10.0008	6.2999	10.699	10.1105	9.8717	6.0935	6.4483	9.9092	7.1531	6.2273	10.1702	10.003	8.6833	10.9678	10.1856	9.2024	6.5478	10.8948	9.3792	10.175	10.1287	6.4856	6.3658	6.0835	6.0718	9.7448	6.1269	6.5552	6.5288
EA_G__ELF5	4.2981	5.8202	7.3218	7.309	4.3044	4.9445	4.6138	5.2392	9.8355	4.3338	6.7358	7.7811	4.6943	4.4652	6.239	4.271	7.1992	7.4263	5.3967	4.411	4.0815	6.4913	6.7385	4.4565	4.0654	7.7369	4.2349	6.8165	4.3561	4.3397	4.6392	5.7308	6.1555	4.4508	4.6482	4.6594	4.1047	8.7989	5.8785	8.5803	7.339	5.5081	5.3151	4.6994	6.8873
EA_G__CDC42EP3	9.0257	7.1684	6.4466	5.5439	6.0591	5.2021	8.0448	8.6114	5.8992	7.0122	6.1762	6.0531	6.2691	8.2591	7.7353	7.5788	6.1763	7.0087	7.4932	6.5898	9.4579	5.4725	5.3958	6.2346	7.5972	6.5662	9.2612	6.0781	7.1779	8.1474	5.7903	7.7506	7.6114	7.8489	6.5633	7.1839	7.8793	6.2241	8.4548	6.881	6.5467	7.8879	5.3772	7.2264	5.4262
EA_G__C3orf14	7.1203	7.3072	7.9076	7.1029	6.9583	7.4013	6.7338	2.6217	4.8057	6.2124	8.1857	7.2363	5.9098	4.7573	6.6061	3.3429	7.6641	7.1222	5.897	5.5153	6.8306	8.5062	8.6206	8.6997	5.5483	6.1287	6.9514	7.3778	5.6174	6.2698	7.1317	6.3466	7.1147	6.4855	5.7149	5.6834	7.1176	6.801	6.6653	5.9565	8.4885	7.574	7.6724	7.5997	6.9621
EA_G__MEGF9	7.0461	6.094	8.7061	7.4811	5.822	7.6443	5.7505	5.9558	7.2222	6.1581	6.9122	9.1405	6.0661	6.5113	6.1046	6.7453	7.5722	6.5073	5.9738	6.3046	6.2887	7.6627	7.5047	7.6915	5.9312	8.2692	6.1493	9.7645	8.6638	6.12	7.6239	5.9218	6.2421	6.9981	5.741	5.513	6.3937	7.5167	7.5806	8.0296	7.315	8.4113	8.3711	7.6681	7.4477
EA_G__KIAA1324	9.1151	8.7391	9.9689	9.3165	4.7668	10.7206	5.1131	4.988	4.7104	4.92	9.8157	9.2718	5.0802	4.8433	5.3249	5.2066	8.5814	8.9328	5.2349	6.1461	4.7633	8.0162	10.4682	9.8777	4.8393	8.4161	5.5117	10.5581	11.1607	4.9792	8.8761	8.5655	8.3421	4.8408	5.2686	5.0444	5.1043	8.8778	9.1857	8.7249	9.1258	8.1983	9.4421	8.9984	8.6387
EA_G__PHLDB2	5.7212	5.3408	5.7194	4.9969	8.6835	4.4439	6.5496	6.4181	4.4526	5.8504	5.3834	7.5781	3.7571	7.6237	8.9054	8.6763	5.2838	5.8088	7.6562	6.4523	8.0371	3.6151	5.7272	3.3209	7.538	6.4464	7.4978	5.7096	8.3029	8.3139	4.8409	6.7974	4.7423	8.2984	5.2801	7.3468	7.9553	5.0748	5.1493	4.1791	6.0091	8.4273	3.5286	6.9273	3.6532
EA_G__SERPINE2	4.0868	4.5291	5.0367	4.5921	8.5856	4.3339	6.949	6.6648	6.196	10.0503	4.0924	4.3624	6.511	6.4522	5.0436	6.2877	4.351	4.4667	7.9244	4.4716	8.6674	4.8736	4.5462	4.2566	7.5002	4.6258	6.157	6.2779	4.8582	7.752	4.7758	5.2379	4.3674	8.3752	6.3207	7.4697	5.5084	4.4828	4.6027	4.4743	4.4909	4.3923	4.3197	4.807	4.6893
EA_G__ATP2A3	6.4418	10.1714	10.4885	9.4747	5.8486	6.8611	6.7855	7.2042	6.2893	6.6021	10.5171	6.5551	6.2867	6.3948	6.3348	5.8829	8.8228	9.0422	5.9762	6.0371	5.8594	9.182	10.404	7.3743	7.3485	9.1894	5.9051	9.8146	8.7424	6.6343	7.2988	5.8833	9.8741	6.031	6.0386	6.5756	5.9371	10.2892	7.2415	8.8388	8.334	8.8456	8.8984	6.6488	9.8977
EA_G__PLAU	5.9385	4.9315	4.8841	4.8479	8.6933	4.4801	6.9891	8.7436	5.0131	5.279	4.9719	4.9397	4.9615	8.8449	7.0979	4.7291	5.766	6.7666	5.7082	6.0511	8.372	5.0009	5.0307	4.8073	7.1008	5.1139	9.1058	5.2563	4.9718	8.7948	5.5771	7.4528	6.7449	7.6762	11.4254	6.0597	6.0434	5.0122	5.0896	5.0643	5.9255	5.0427	5.1345	5.0074	4.9608
EA_G__TM4SF1	10.5837	9.103	7.0223	10.4072	10.5797	6.7515	7.1555	10.7816	9.0133	9.5101	4.7912	8.7278	11.0193	8.0929	10.0698	9.8907	7.6939	10.7058	8.5726	11.0964	10.8372	6.659	6.9126	9.4039	8.5816	5.4335	10.4572	4.2343	10.6986	9.4283	10.1197	9.8954	8.2184	7.9622	11.0903	9.3613	9.8035	4.5973	8.9507	6.8106	7.9421	9.7508	9.8794	9.0782	5.3992
EA_G__CNN3	8.4208	5.6037	7.712	6.7753	9.0177	9.2162	9.186	8.9063	8.3886	8.6155	9.2855	7.7128	8.5625	7.7239	9.4372	9.1471	8.8511	7.7323	9.3889	9.7946	9.0441	4.2049	3.5971	9.1817	9.392	8.0108	9.5909	8.2272	9.1239	8.1729	9.3042	9.1002	7.601	7.1549	9.0462	8.283	8.3459	8.3036	8.6341	8.8297	7.4936	6.5196	8.3843	8.5096	4.7103
EA_G__ITGA6	6.7446	3.5983	6.6671	6.3461	7.6542	5.1661	6.8924	9.2656	5.7846	8.5126	7.5573	5.6742	7.6857	10.5288	10.3204	8.9874	5.8986	3.6557	8.6883	7.0879	7.2968	4.2723	3.9472	7.6904	6.793	5.9178	8.1442	6.6046	8.5089	7.6112	7.7496	7.938	4.1794	10.7535	7.3789	8.221	8.2275	6.6701	7.5001	6.7193	7.6797	8.0979	6.882	6.6226	4.358
EA_G__ST8SIA6	7.0753	4.5862	7.0737	7.0068	5.2834	6.3589	4.9566	6.0676	4.5761	4.8216	6.835	7.155	6.6238	5.2524	4.5399	4.5335	4.9009	4.8073	4.6244	6.5436	4.4308	6.9355	7.088	8.4094	5.6899	6.0762	4.6024	6.6297	8.15	5.6562	6.1219	5.5334	4.9566	4.6502	5.1905	5.2097	4.9837	8.8819	7.3087	6.0299	7.2729	4.4625	5.0173	5.3879	5.3574
EA_G__SIDT1	5.7225	7.4447	8.8752	8.5645	4.6729	8.5319	4.7236	4.3608	4.6682	4.3873	8.7279	8.8931	4.4944	4.8537	4.7245	7.2688	7.7584	7.114	4.5267	6.0595	4.3148	8.2739	8.5397	8.675	4.4179	8.167	4.9182	8.5383	9.0785	5.1703	8.1899	5.683	7.1021	6.0213	4.6199	4.8109	4.4668	7.8236	7.9518	8.588	7.5637	8.7403	7.6898	8.2284	6.1964
EA_G__GJA7	4.8989	4.8475	5.84	5.5942	7.4714	4.7178	8.1015	8.5742	7.3874	6.8312	5.3196	4.6661	6.5742	6.9284	6.4528	6.9926	4.8027	6.2159	6.8559	7.013	7.5561	4.9328	4.7611	4.9592	7.6568	5.2429	4.7212	6.6205	4.4482	6.7532	5.435	6.8885	4.9082	5.4605	8.624	6.5147	7.1838	5.9559	6.474	6.7178	4.9803	4.9229	6.6005	5.3677	6.5818
EA_G__CACNA1D	5.1325	7.7334	6.4883	7.1711	4.3929	5.9883	4.4687	5.0697	5.9576	4.3872	7.9984	8.2401	5.3635	4.4459	4.8797	4.8552	7.1779	7.7626	4.6953	5.9109	4.1169	6.6581	6.2977	6.8725	4.2473	7.3781	4.4991	6.9919	6.4139	4.5798	7.5077	5.1313	7.7938	4.7024	4.5576	4.5211	4.5248	5.9556	7.638	6.6987	6.9375	6.4614	7.5353	8.5201	5.8883
EA_G__ANPEP	6.8343	5.9528	5.4461	5.4878	11.5006	5.3386	7.6388	5.215	7.8921	6.1665	5.1413	5.3679	5.2457	5.8735	9.4036	5.5622	5.7574	5.5417	5.4591	6.9193	9.248	5.723	5.6553	5.3523	9.2404	5.4979	5.2504	5.238	5.586	10.8271	5.9814	9.9961	6.0553	5.3041	12.6822	11.1296	11.0415	5.504	5.5284	5.6926	6.1733	6.3325	5.347	5.851	5.2839
EA_G__TGFBI	7.8583	7.3654	6.4943	5.5709	5.5324	5.0026	8.9905	5.9032	9.4129	11.9905	6.5426	5.3841	5.1904	9.5998	9.0848	10.3532	5.7241	8.1936	8.0879	10.3964	12.124	6.9215	6.836	5.3979	10.9424	6.5448	8.6777	5.6641	5.8451	6.0426	5.9103	7.4507	7.4635	11.574	11.9134	9.4362	11.7644	5.5448	5.0333	5.5732	5.8233	8.7442	5.305	6.6861	5.0359
EA_G__PRKCDBP	4.8323	4.9869	4.8024	4.8467	7.0079	4.9027	9.7697	9.1517	5.7634	8.3214	4.4053	4.6242	7.4982	8.314	8.1819	4.8293	5.3299	5.4113	6.7699	6.0356	8.2985	5.6818	5.3427	4.9622	7.9633	5.8675	8.1638	4.8741	6.2092	6.9444	5.7995	4.9418	5.1549	8.4615	8.6926	7.6327	8.5386	4.9303	4.9373	5.379	5.3021	5.2669	5.1032	5.7586	5.0301
EA_G__CLDN4	9.5613	9.7004	9.1411	10.0233	5.3261	7.699	5.671	8.2254	9.351	4.9589	9.9183	9.0487	8.5706	7.9375	8.5209	9.5097	9.7434	9.2804	7.8583	9.8327	4.7374	9.318	8.7885	8.585	5.0731	9.9284	5.8818	9.0956	8.7312	5.1181	8.1256	8.3019	9.8194	6.1875	5.5932	6.9152	5.0136	9.936	7.8684	9.4915	8.5326	8.8787	8.105	10.0266	8.707
EA_G__ABCA12	4.3109	7.364	6.8238	7.0373	3.3572	3.9202	3.5168	3.4709	3.3851	3.4184	8.1267	8.8693	3.3669	5.5671	6.1363	6.2983	5.5426	6.998	4.6112	5.7931	3.2291	6.2715	9.5323	4.7044	3.1101	6.8836	3.3908	10.1166	5.9646	3.3419	7.5299	5.4337	8.0032	9.4448	3.6763	5.1243	3.733	6.1352	7.3809	7.9179	9.511	6.7682	9.895	3.8746	8.4165
EA_G__ITGA5	6.3772	6.5342	5.4102	7.6442	7.8303	4.9929	10.3861	6.7368	7.765	9.1896	7.0523	5.2835	7.3501	8.4005	6.6512	8.1923	5.8672	7.09	7.8664	8.8209	11.1238	6.6621	6.3823	6.1907	8.059	6.6655	7.7972	6.2126	7.0346	8.5089	5.9778	6.9527	6.1176	9.2513	8.4345	7.5599	10.4308	5.1878	7.1407	6.7302	6.2623	8.0146	5.62	7.4758	7.8886
EA_G__CXCL1	6.2315	5.773	5.2495	5.4843	8.6757	4.9909	6.1395	8.9861	5.6913	5.6857	5.6354	5.3001	6.2977	7.2266	8.0653	5.8269	5.4469	5.7465	5.7099	6.8879	5.3542	5.4661	5.6147	5.6269	6.921	6.1869	5.8693	5.6813	5.2917	8.0614	6.2812	5.7624	5.7848	7.6189	8.2351	11.2877	6.2625	5.2772	5.8319	5.3383	5.5119	5.6976	5.1903	5.9002	5.5626
EA_G__C1orf64	8.0389	7.093	8.5042	7.2135	5.7056	6.4148	5.8947	5.3251	5.8239	5.7955	9.3609	5.9959	5.5774	5.6345	5.7833	5.7959	8.8698	6.0412	5.5348	5.9871	5.6903	6.0348	5.929	5.6565	5.6187	7.052	5.7254	8.2425	8.7956	5.9552	6.6608	4.8904	7.869	5.475	5.917	6.0097	5.9263	8.388	7.5468	7.081	7.8354	5.8255	8.5419	8.9474	7.5124
EA_G__SERPINE1	5.4251	5.8986	5.4065	5.5036	5.6132	5.2081	9.8133	6.988	5.5114	5.7937	5.0759	5.1916	5.1886	7.6995	7.0332	7.2798	5.9422	5.2755	7.7287	5.5744	11.9346	5.8429	5.6226	5.5287	6.3332	8.3971	10.2428	5.0146	6.1282	11.7198	5.9937	5.8471	7.8398	9.9134	8.1438	5.5569	11.8792	5.5559	6.5275	5.4098	5.4253	5.4968	5.331	5.9709	5.4464
EA_G__GLS	7.4277	7.4228	6.9834	6.7626	8.2057	6.6295	7.9808	9.1094	7.2106	8.9736	8.0475	7.609	9.5461	8.4018	8.6477	8.1178	5.0412	7.4503	8.7597	7.7883	8.4596	6.8403	6.6922	7.5002	8.8394	6.5709	8.5453	6.2814	7.2594	8.1994	4.5529	7.2222	7.0692	8.1904	10.0833	8.7098	8.438	6.5093	6.6458	6.6057	6.9638	7.4528	6.5527	7.2059	6.4748
EA_G__SERPINA1	8.4084	6.0914	6.926	8.1427	4.8651	4.5021	5.308	5.2038	4.6022	5.1433	4.7795	6.7707	5.5588	4.9026	5.508	4.7926	5.1552	5.0654	5.4058	5.1516	4.6727	5.6835	5.3772	4.9932	4.8065	5.1902	4.6721	8.3465	5.8342	4.859	5.5057	4.8716	5.5763	7.8759	4.8264	5.8225	5.1528	5.5648	6.9738	8.3627	7.8604	7.4293	7.3305	6.6694	5.8752
EA_G__MME	3.7488	4.2193	5.8745	3.8299	5.8503	3.7392	7.7406	4.4121	4.1589	5.4356	3.8361	3.8756	4.0762	4.4176	7.8495	4.8749	5.7301	3.9929	4.2718	9.1142	5.8842	4.1751	5.6371	3.8823	10.2583	5.1333	4.1547	3.6984	3.8362	8.1986	6.2662	9.634	4.2118	8.8948	10.1735	8.6152	7.2612	4.1969	4.223	3.8639	3.7725	3.9829	3.6667	4.2834	4.0496
EA_G__EPB41L2	6.6357	3.5196	5.0152	3.8346	7.2057	6.1864	7.6175	8.2547	6.4645	8.3694	7.0403	4.1389	9.0062	5.5827	6.685	7.1446	4.5274	4.8245	8.3567	3.269	8.2875	4.9766	7.0896	7.6184	7.2073	4.4167	8.3392	5.3878	8.5821	7.78	5.747	7.7172	3.4058	5.9932	8.1063	7.0184	7.3074	6.9073	6.6847	5.489	5.5184	7.8339	3.3655	5.0746	5.0117
EA_G__KIAA1754	5.6979	6.2297	5.8518	5.2852	6.9463	5.4686	7.0273	6.2887	5.9089	7.0913	6.134	4.8143	5.9613	7.0933	6.3267	6.952	5.9693	5.6172	6.357	6.7698	8.4302	6.1948	5.7878	5.2799	6.2668	5.807	7.5315	5.084	5.6017	7.639	5.8272	6.4147	6.0504	8.4486	8.4361	6.3043	7.7256	7.0121	5.8607	5.6484	5.4141	6.0296	5.5	5.9996	5.3359
