Cell lines	600MPE	AU565	BT474	BT483	BT549	CAMA1	HCC1143	HCC1395	HCC1419	HCC1428	HCC1569	HCC1806	HCC1937	HCC1954	HCC202	HCC3153	HCC38	HCC70	HS578T	LY2	MCF7	MDAMB134VI	MDAMB175VII	MDAMB231	MDAMB361	MDAMB453	MX1	SKBR3	SUM1315MO2	SUM149PT	SUM225CWN	SUM229PE	SUM52PE	T47D	ZR751	ZR75B
Response	1	1	-1	-1	-1	1	1	-1	1	-1	-1	1	-1	1	1	-1	-1	-1	-1	1	1	-1	-1	-1	1	-1	1	1	-1	-1	-1	-1	-1	-1	1	-1
RS_G9807__GJA1__GJA1	0.13345	0	0	1.5965	9.6756	1.0466	0	7.367	1.0679	6.27	0.28768	7.3863	0.24719	0.15634	0.31066	1.3307	8.0511	1.5159	7.4051	0	0.44917	1.3709	0.57752	6.7865	0.041003	0.28226	0.22974	0.21191	8.8231	0.16798	0.18699	3.3086	0.85553	3.5435	0	2.5186
RS_G12138__AP000926.6__AP000926.6	0.93522	1.4863	0.84409	1.9858	6.1205	0.2896	0.16521	7.2957	0	1.6327	2.942	5.6383	6.523	0.85542	0	1.2249	6.2727	2.4321	7.6418	0.58207	0.72117	0.37787	3.864	2.4918	1.2955	0.72971	2.439	0	6.6793	5.9479	2.5442	4.3758	0	1.5434	3.3381	0.95756
RS_G16005__AC132938.1__AC132938.1	3.3968	7.0684	3.238	3.177	1.1178	3.9758	3.6169	3.755	2.6302	3.0794	0.23316	1.5437	0.9469	1.9486	2.0463	2.4857	1.3451	0	0.74679	4.6038	4.1822	2.4883	3.0345	0.95226	4.3185	3.5446	3.2467	4.409	2.2798	1.0105	1.4261	1.6071	1.2745	4.283	9.0349	10.1017
RS_G12120__LARP6__LARP6	4.2188	1.299	3.6514	2.9647	6.568	0.41765	5.2848	8.1059	3.3645	1.9411	9.7435	4.7567	5.4148	3.8387	1.199	5.773	5.0126	6.7561	5.8904	3.7507	2.9315	4.4766	4.378	6.7601	4.6908	0.67497	7.6855	0	8.9712	6.2283	6.3424	5.1701	5.3971	3.8833	3.6215	3.6772
RS_G11315__FSTL1__FSTL1	6.1696	3.6176	6.5735	5.6716	12.563	0.96659	3.0155	9.048	1.7602	5.437	5.1741	7.2908	9.4235	7.6366	0.59939	10.3975	9.8128	7.9845	10.7719	0.77713	0.82926	0.93212	7.4038	8.5847	1.4346	1.2163	8.1641	3.6582	5.9561	8.1278	5.414	5.686	1.736	7.4048	0.67477	0.38166
RS_G1729__CEACAM6__CEACAM6	11.2531	7.9363	10.8111	5.9404	0	1.8647	1.1825	1.3513	10.349	2.7211	0	3.8865	5.1973	10.3268	4.9433	2.3833	0	9.8898	0.33274	7.0239	6.9464	1.0683	5.9412	0	8.5402	0.18692	3.1528	7.701	0.64487	0	10.0528	1.3566	4.5531	5.094	7.8943	9.4952
RS_G14548__GPX2__GPX2	4.8242	8.3252	3.7534	2.8777	0	1.6118	6.1796	1.3359	4.7997	3.4838	0	10.0663	6.0728	10.4041	2.2858	5.6684	0.98442	0.92393	2.4784	5.9235	3.1149	5.1792	7.1739	0	10.1258	1.5012	3.1834	7.4542	0.69745	2.1315	5.2688	8.4757	3.3507	2.9068	4.7251	4.0923
RS_G4220__LOX__LOX	0	0.68991	0.90169	0.66555	10.7791	0.13865	4.9709	5.7714	0.79742	0.96733	5.2774	4.4823	2.895	0.54503	1.9725	5.5501	7.6689	5.766	10.1643	0.90667	0.75454	0.48913	3.2735	6.0679	0.45546	0.44199	4.3449	0	11.6434	8.3827	2.7516	9.2551	0.4056	2.3981	1.3457	0
RS_G16320__PCBP3__PCBP3	0	1.233	2.8412	5.1319	4.7329	0	1.8135	7.1215	2.717	1.4734	6.7411	1.1414	3.7919	3.7675	0	3.7909	4.1238	5.8191	0.75128	4.5505	4.5556	4.431	2.5031	3.5964	0.47491	0	1.0568	0	3.3797	3.9459	5.3921	1.2824	5.3456	0	0	0
RS_G1696__AKR1B1__AKR1B1	1.6658	3.0827	2.2074	1.2461	8.3908	0	0.9276	12.6493	0.66845	7.6641	9.1769	9.7921	10.7386	3.4039	4.8033	10.1457	10.6783	12.3341	10.3571	3.372	0	1.8295	10.5974	10.1671	2.5479	1.3236	11.957	1.821	9.0595	11.5065	3.0981	11.4649	3.3056	0	4.7219	5.5162
RS_G14301__CHST2__CHST2	1.0835	0.13336	0.23835	2.7032	4.1777	0	3.102	3.8426	0.1568	0	2.6096	1.3665	1.1804	0.13922	0	1.2898	4.074	0	6.1227	0.14698	0	0.15375	1.5489	4.6798	0	0.26037	6.8572	0	5.0333	4.8977	1.8192	2.0316	2.7945	0	0.62457	1.5682
RS_G3465__GLIS3__GLIS3	1.0417	0	0.7201	0.39469	5.7482	0.065496	2.5089	2.5399	0.25445	0.088391	2.7287	0.32897	0.90898	4.199	0.28977	1.6833	7.1394	4.1606	5.2637	0.31311	0	0.24739	0.86881	3.7762	0	0.11367	3.442	0	5.3004	1.2236	1.4032	3.5116	0.2903	0.073385	0.090949	1.0128
RS_G12622__ENTPD3__ENTPD3	4.2057	1.6276	2.4329	2.2836	0.094504	1.3137	2.4286	0.70161	2.6439	0.25413	0.3192	4.9483	0.97482	2.9286	4.3004	0.36104	0	5.8247	0	3.3313	1.5158	0.18811	0.28822	1.9706	0.86462	0.46191	0.47913	1.6258	0.17393	0.98866	4.5946	0.52321	0.10292	2.4856	0	0
RS_G13039__MT1E__MT1E	0.46681	1.1873	0	0	0.55979	0	3.0392	0.6051	2.5016	8.2657	8.7515	8.4328	4.4369	0	0	9.6024	9.0759	1.332	9.3513	5.1038	0.30908	6.225	3.6842	10.5635	1.0982	2.431	0	0	11.4032	10.0631	0.97053	11.2761	11.6174	0	4.0503	0.77012
RS_G7673__TMPRSS4__TMPRSS4	2.699	7.5287	3.7492	3.3157	0	0	4.5026	0.31816	8.8153	1.9174	1.9884	4.8015	5.6948	7.7551	0.89178	4.0871	0	6.8365	0.168	5.3764	5.8953	4.31	6.1115	0.26802	3.6486	0.47906	1.2545	7.1336	0	0	5.449	4.4458	0.96487	0	5.4337	1.2718
RS_G5632__POF1B__POF1B	3.5829	2.9715	6.5667	4.6059	0	3.611	1.8493	0	5.1177	8.4924	0.11745	1.93	0.5287	1.2403	3.8408	0.74799	0.9373	5.002	0	2.5362	5.5091	2.4432	0.41607	0	4.135	0.95867	0.55468	2.3599	0	0	4.4269	1.5172	1.4106	1.9519	5.3682	2.3153
RS_G6090__GNG11__GNG11	0.71502	0	0	0	7.1496	0	0	5.5049	0	0	0	2.63	1.1777	0	0.46383	4.103	4.6713	3.4475	7.7723	0.67123	0	0	1.3968	8.221	0.46116	0	0	0	6.0924	3.2617	6.3484	2.8833	0	9.7098	0.65578	0
RS_G406__GPR124__GPR124	1.8829	1.7232	0.053107	4.3719	5.7625	0.78853	2.0625	4.8648	1.0604	1.6615	8.1524	1.1026	2.1843	1.0762	1.0557	3.9021	3.3607	3.4824	6.1456	1.9608	1.1512	3.6587	3.8246	1.8291	1.3221	0.94288	5.0637	0.60658	4.189	0.5674	3.2144	1.2619	2.3916	2.0141	2.0064	1.8159
RS_G7251__FAIM2__FAIM2	6.0556	4.3136	4.2489	0.7586	0	2.0251	0.18414	0.63439	3.7351	0.88827	0	0	1.2995	0.5793	6.5539	1.1739	0.39826	0	0.18832	1.3394	0.78926	0.81544	4.6931	0	3.6619	1.7217	2.2367	4.3394	0	0.1154	3.5455	0	5.2322	0.12884	2.5916	1.3772
RS_G15925__TSEN54__TSEN54	7.2344	8.3459	6.4633	7.5892	6.3917	7.9159	7.7411	6.4839	6.8253	8.3035	7.0863	7.4429	7.0836	7.421	8.0853	7.972	6.2994	7.2044	6.6307	10.0525	8.9556	6.8742	8.4277	7.161	9.7546	9.4051	8.7804	9.1787	7.8424	7.1251	7.3376	8.4663	7.997	8.3349	8.8604	8.5107
RS_G11890__AQP3__AQP3	8.0116	10.6287	2.1647	1.9014	0	4.2468	5.9918	1.0506	0.53786	0.1979	0.81239	8.8606	9.6576	5.2418	7.5979	8.1506	0.68742	6.8679	2.5285	9.4709	8.5654	0.81789	6.6899	6.2827	8.6321	6.4726	3.8282	10.8643	1.743	5.1633	8.3696	10.0805	1.1812	5.8895	7.5892	3.3056
RS_G8938__IQGAP2__IQGAP2	4.9364	3.2259	5.623	2.3392	0.13382	6.2903	2.0729	0.53615	0.58039	1.0363	0	0.40008	1.1611	4.0429	4.9545	0.62697	0.53648	3.826	0	0.091238	1.0825	2.2397	0	0	2.1637	4.2405	0.12995	4.3124	0	0.85454	1.4654	0	0	0	4.3239	2.9035
RS_G29779__HMX1__HMX1	0	0.12473	3.8952	5.4103	0	0	0	0	0	0.63916	6.1664	3.6621	2.6571	2.9916	0	1.7597	0.2596	0	0.29934	0	0	4.6009	3.798	0	0	0	0.19458	0	1.3222	0	4.5457	0	2.5287	4.5008	0.6615	4.6114
RS_G17030__AL391099.12__AL391099.12	0.79472	0	0.34856	3.2495	7.0864	0.12082	0.50749	2.7995	0.34788	1.7984	0.38468	6.4598	0.47817	0.21289	0.22544	3.135	7.1336	0.29773	4.0806	0	0.59638	0.61194	0	5.5472	0.11398	0.92648	6.6016	0	5.2696	1.9796	0	2.6767	0	3.4413	0.16657	3.3942
RS_G15547__GAS1__GAS1	0	0	0.20138	0.62347	6.8017	0.35442	3.9425	6.4901	0	0	4.9514	0	3.5582	1.1793	0	5.7523	4.7642	3.202	3.9524	0	0.34607	0.64055	3.8028	0	1.0246	0.98655	6.4512	0	4.0824	5.0688	0.10817	3.4259	0.80311	0.55514	0.66117	0
RS_G10920__ITGA5__ITGA5	4.1991	5.5787	1.8799	6.3514	6.6272	0.30001	4.6947	7.953	5.2777	2.5252	7.8276	7.3246	5.4091	6.3575	2.6269	6.6635	8.0876	7.691	10.758	5.5302	4.2158	4.198	5.6305	6.9234	5.1389	2.9675	7.4337	4.6841	7.707	6.7365	6.0906	9.7669	6.3055	5.2446	5.4798	6.7465
RS_G15082__CALML5__CALML5	11.7504	5.995	7.7426	8.9148	0	1.712	8.0382	0.59303	6.3786	3.1741	1.3594	9.9227	7.5464	1.881	12.2335	4.7952	0	8.3003	0	8.8111	7.1102	0	8.2905	0	12.1395	12.0061	11.2517	2.3509	1.4107	5.5412	12.4513	4.9212	4.2737	1.4794	5.0572	5.5081
RS_G3621__RASD1__RASD1	5.969	3.1449	0.68218	4.3604	1.2555	2.573	2.5312	1.9517	9.8031	1.1515	3.5046	3.8191	1.2438	1.4534	3.8761	1.8056	1.9539	1.1264	2.8615	6.7543	8.3099	4.2693	6.4316	5.2432	4.799	2.2009	9.7029	1.6598	1.155	3.3133	8.5541	3.1136	2.7128	0.32639	2.5211	1.6951
RS_G603__CAPG__CAPG	3.7713	5.9911	3.4112	7.7789	8.6184	2.8678	8.2542	5.4622	4.0234	6.6446	7.9811	7.0527	9.8609	3.8659	4.4783	5.1309	8.2148	10.7234	9.696	7.8073	6.0209	4.1655	9.4262	9.9647	7.9837	8.4837	10.5884	4.4083	13.2979	9.9313	9.0221	10.0039	2.4128	8.5828	6.1577	6.0891
RS_G13907__ADCY5__ADCY5	4.7972	9.5091	1.3853	2.137	3.3713	0.73212	1.1076	0.25153	7.8828	0.56612	0.10578	0.27387	0.74037	2.3353	0.22806	0	2.0944	0	1.1236	6.8663	8.0975	4.6028	7.1349	0.71745	0.38401	0.38978	1.3778	7.1157	2.8061	0.43515	0.19881	0.18466	0.60349	0	0.69567	0.088049
RS_G3155__CEACAM5__CEACAM5	7.7277	3.0865	5.2121	4.8633	0.070684	0.77155	0.33646	0.23729	6.8653	2.8689	0.19396	1.5222	1.9951	3.6506	2.6469	0.67372	0.38368	1.983	0.44479	4.5313	5.7591	1.2814	6.2762	0.25678	6.8029	0.24994	1.5637	1.7276	0	0	5.413	0.66264	3.5968	3.7252	4.8808	6.2929
RS_G463__VIM__VIM	2.9652	2.2052	5.3309	4.7875	13.722	3.764	13.663	13.843	4.156	0	10.3261	6.4127	8.4787	10.5793	0.47968	11.7234	13.9024	10.1043	15.089	6.8882	3.1521	9.4838	11.1994	13.7198	1.8929	3.5908	12.9747	2.3972	16.3769	9.8039	3.625	11.237	3.9594	5.7587	3.9298	0.37376
RS_G3929__WNT5B__WNT5B	0.17786	0.10307	1.1297	1.7302	8.87	0.74258	6.8221	4.4856	4.0543	1.1046	0	1.3045	5.6642	0	0.72298	6.0588	4.6812	7.2372	8.6155	3.7836	1.3629	1.0212	4.5464	6.5414	0.86647	0.68258	1.2746	0	7.6602	1.0118	6.464	2.4135	0	0.36393	0.77869	0.87589
RS_G8410__EMP3__EMP3	2.911	2.2536	0	5.4885	10.665	3.4648	8.5826	10.5314	2.4683	3.5154	2.9505	6.6359	7.2148	2.5904	2.7206	3.8705	10.036	5.246	12.2115	4.767	4.5667	2.7647	3.9866	11.253	3.255	3.7386	5.7953	1.1597	11.5916	9.0071	4.185	8.949	4.0601	3.8818	3.7137	1.0148
RS_G2770__GDPD3__GDPD3	5.7813	10.6318	4.8723	6.1391	3.3539	6.6958	2.9664	3.776	7.5407	4.0359	3.3238	4.3605	5.7742	4.4425	4.0949	4.6084	4.1315	4.2824	2.2524	7.0924	7.5877	3.4442	5.5215	2.1837	5.1432	5.1427	2.4247	9.0082	5.0971	6.6166	2.9836	4.791	8.2566	4.4144	5.7162	3.5616
RS_G16329__AC005332.1__AC005332.1	1.4126	6.8891	0.52114	0.61053	0.59991	4.3973	2.5319	0	3.8846	3.0082	0.29172	0	4.0142	0.87419	1.029	1.9266	0	0.30182	0.9157	3.5412	1.9513	1.7228	4.6396	0.58014	2.4085	1.8568	0.95239	3.5274	1.8698	1.0444	0.73792	0.87371	0.51986	4.1958	1.2154	1.6357
RS_G11256__SPRR3__SPRR3	1.7298	0.23122	0	5.638	0	0	0.98659	0	0	0	0	2.728	4.5123	3.2536	0	0	0	0	0	1.1027	0.83238	0	6.4478	0	0.45042	0	0.63772	0	0	0	0	0	1.7475	0	2.7222	0.6426
RS_G4297__DPYSL3__DPYSL3	4.2682	0.83739	3.5608	4.3315	0.35313	0.36739	0.99867	6.742	0.05365	0.13571	4.9268	2.2627	1.653	0.09219	0.18951	1.0895	7.5919	1.2393	9.5025	2.118	0.35981	1.9442	0.92822	2.376	1.1786	0.17482	5.85	0	3.4451	0.51889	1.7287	1.6933	7.2656	3.9465	2.248	4.8161
RS_G16696__PRR16__PRR16	0.41506	0.24797	2.8974	0	8.729	0.51715	5.5895	5.757	0.29138	2.5036	5.5104	2.0171	2.0923	0.25845	0.70136	5.8394	6.3792	1.3786	7.437	0	0.88141	0.1435	0	6.9914	0.32306	0.65491	4.8509	0	7.3612	3.379	1.175	1.7352	0	0	0.80822	0.6793
RS_G21817__COL5A2__COL5A2	2.0325	2.4879	4.2716	1.7192	11.4161	1.8125	2.7886	3.2901	2.1766	2.6395	1.0823	4.7681	2.9836	1.2547	1.4858	2.2847	10.9635	3.0288	8.2933	2.2846	2.8326	2.1198	3.2509	2.519	1.951	2.3008	1.2735	2.4832	10.0055	1.6485	5.2249	1.7676	2.5043	3.9287	2.0477	2.0215
RS_G13235__KRT4__KRT4	9.3812	11.4788	3.7138	6.6081	0.19191	1.292	4.5089	0.67209	6.6696	4.7751	0.6186	9.2252	10.5856	8.4049	7.4345	5.9863	0.10105	10.3706	1.7151	4.2725	1.7253	0	6.4769	0.82122	4.2504	1.1517	0	10.7577	0	1.1482	6.9112	3.9312	8.1608	5.2153	4.5519	0.62627
RS_G6171__FLNC__FLNC	0.72108	1.443	0.40371	2.333	2.8047	0.14743	0.23239	5.9802	0	0.23061	5.3657	5.9628	3.5925	0.15895	1.296	0.73725	7.1029	0.20172	10.6715	3.68	0.059404	1.3811	0.65678	8.2159	0.53496	0.46659	1.0511	0.91112	8.2838	0.88729	1.6241	3.7539	0	3.0293	1.0376	1.1445
RS_G12795__NPNT__NPNT	7.6213	2.5915	4.7165	6.7604	0	9.7292	6.8894	0.69471	5.5643	11.2166	9.5247	2.0807	6.5407	4.0569	8.8576	6.2473	0.95379	7.1449	0.13153	7.0112	6.9973	6.7223	3.7574	0.55913	6.476	7.469	4.2307	2.3733	0.20857	2.0193	2.2592	2.6366	2.0589	3.9583	7.4204	3.5592
RS_G8859__UCN2__UCN2	1.2845	0.29972	1.361	0	0	0.61433	0	1.8619	1.077	1.9504	1.1088	3.1138	1.5959	2.007	0	1.9642	2.2167	0	7.4621	0.92346	0.33255	0.7386	2.0482	4.0658	2.3384	2.7354	0.79777	0	3.5893	4.6056	0	7.5876	2.913	2.3249	0	0
RS_G1436__FAP__FAP	0	0	0	0.18706	0.18332	0.19117	0.94484	3.9543	0	0	0	0.83298	0.5157	4.0178	0	5.4188	3.9292	0.45519	5.6902	0	0	0.72062	2.496	0	0	0	0	0	3.5532	5.4313	0	4.7177	0.20414	0	0	0
RS_G17577__P2RX2__P2RX2	1.3699	5.6587	1.7281	7.6192	0.25976	0.69501	1.6549	0.15633	5.106	3.9282	4.3574	2.5458	0.38581	0.63772	6.1438	0.69729	0.25811	0	0.54424	6.4267	5.6475	0.38942	5.1452	0.63987	2.6185	1.1863	0	4.2646	0.45772	0	1.0983	0.71099	0	8.5345	4.7114	5.3932
RS_G170__PROM1__PROM1	6.3993	3.9981	0.79538	1.1372	0	0.49645	4.3908	0.20402	1.6844	0	1.9471	1.2635	0.70091	2.4703	5.2802	6.4962	1.5902	9.078	0	0.17876	0	0.27198	7.017	0.46159	0.39789	0.31413	9.1413	4.5082	0	0.34762	0.15302	0.27662	0.66674	0.74765	3.6763	1.9301
RS_G5567__PREX1__PREX1	7.2462	9.4167	8.806	10.4089	0.22186	6.8101	4.4805	5.6559	6.6114	8.4126	5.8229	5.9925	4.7198	2.9075	3.8884	1.4154	4.0377	0.14017	6.4915	12.0764	9.6008	7.9408	6.7415	0.4589	8.6745	4.204	5.4145	9.5072	1.276	2.3445	4.4718	5.1828	7.4045	10.2263	10.6767	6.5261
RS_G16217__CHST6__CHST6	2.6012	1.5144	1.6411	2.0451	2.1819	2.3057	2.1331	4	2.2808	3.0885	4.9838	2.5888	3.5074	1.7426	2.2932	2.7571	3.4023	5.4139	2.6436	1.4215	1.7423	2.733	3.5441	1.385	1.5255	1.7846	3.6569	2.1644	4.2671	2.72	3.6417	1.9896	2.4523	1.8302	2.3691	1.8537
RS_G16925__AHNAK2__AHNAK2	2.7225	0.32426	0.85377	2.7863	5.6329	5.2479	8.636	6.0167	1.9327	4.4501	1.9293	5.065	4.1081	4.5002	0.58031	5.196	4.1838	4.2729	5.531	2.8578	2.6507	4.2443	6.7325	4.6099	0.72887	0.4055	3.6185	0	9.8171	6.7573	4.612	6.1168	1.6537	2.9451	2.6246	3.0882
RS_G13255__CDH2__CDH2	0.95252	0.11179	3.8179	3.037	9.5863	0.59708	7.9074	7.9637	0.065964	0	3.3876	4.6749	1.3151	0.59305	0.62312	7.3261	9.9603	0.65088	8.8508	0.061776	0.34768	6.7543	1.1428	0.95446	5.4598	2.9731	3.3556	0	2.3343	4.6813	0	5.7937	0	0.64866	1.9772	1.4403
RS_G31439__RP11-142G7.1__RP11-142G7.1	0.31651	0.64623	1.9172	0.70896	2.3291	1.387	1.6351	1.7911	1.0099	0.52206	0	1.0023	3.1451	1.1155	0.70381	0.72441	0.94503	1.0951	4.4442	0	0	2.0935	6.5583	0.67472	6.1762	6.0604	0	0	3.9672	2.4524	5.3693	1.5716	0	0	0	0
RS_G16181__NKX2-5__NKX2-5	0	0.14799	0	2.2776	0.30376	0	0	4.2666	0.17603	0	5.648	0	7.2823	0	0	7.3849	5.2771	0	7.6837	0	0	5.3599	6.5462	6.4732	5.7523	0.52732	8.076	0	0.74346	0	0	0.82108	4.6758	0	3.6568	0
RS_G1423__FGFR1__FGFR1	2.6223	0.54709	6.777	7.0974	8.0925	6.9204	4.5239	7.3206	6.1057	6.3256	6.6419	3.1821	5.3519	4.853	3.7117	5.5053	9.0117	5.0448	7.8731	6.4148	5.8034	12.806	7.7839	7.0505	8.0027	5.9527	8.4868	3.107	8.9611	3.8054	6.8247	4.3479	7.1144	5.0337	8.1537	7.5687
RS_G6975__LOXL2__LOXL2	1.5391	2.7296	1.2016	5.6888	11.6528	0.8968	6.3164	9.3974	1.5447	2.0715	6.3622	3.9725	6.3672	6.8128	0.54448	8.6672	8.2651	5.7011	11.1125	7.6294	3.625	0.83296	9.4404	8.9271	1.3338	2.0015	8.8622	1.078	8.2155	10.5325	5.5342	7.3102	1.0611	1.131	3.8986	1.1635
RS_G10801__S100A1__S100A1	12.2539	5.1734	4.3125	8.846	2.2497	10.0502	6.8321	2.8645	9.8429	7.3739	5.4273	1.8777	3.0618	1.939	10.6979	5.2693	4.0757	5.6141	3.2969	6.1014	4.2464	4.4537	9.6898	2.9113	5.8621	4.0999	11.4276	5.1531	5.5304	2.123	2.0455	4.343	5.0315	5.96	3.8626	2.5385
RS_G22491__AC008734.7__AC008734.7	2.8709	6.4765	0.59515	2.5045	0	0	6.2257	0.13237	0.12501	0.078348	0.813	3.8512	5.8028	0.55869	3.9361	3.0198	0	3.8887	0	0.17013	1.8018	0.11947	5.4715	0	0.13791	0.54559	8.5616	6.0522	0	3.4623	2.5347	4.1309	0	0	1.6888	0.84556
RS_G1949__NRCAM__NRCAM	0.31034	0.25695	7.7866	6.3877	0	4.5521	0.40396	0.95425	2.8649	4.9526	0	2.5075	0.060781	1.2375	3.817	0.93017	0.21491	0.069448	0.9522	7.1113	7.0033	8.3932	0.29043	0.20825	5.0264	0.13774	0.30485	0.65721	0	0.14959	0	5.592	2.1109	0.61954	3.7421	1.0569
RS_G692__DKK3__DKK3	0.44322	0	0	0.54068	8.236	0.18041	2.3601	6.9924	0	0.99415	0	5.0446	1.443	0.084903	0.33102	3.855	7.9864	1.2245	6.1166	0.81839	0	5.6363	1.0711	3.1985	0	0.7714	6.85	0	6.645	0.60379	0	5.2981	0	0	0	0
RS_G9625__THRSP__THRSP	2.1278	4.3884	0.78214	4.4766	0	7.3255	0.86725	0.45662	3.8694	9.4885	0.66446	1.0359	0.82234	1.964	3.2841	0	0.56364	0	0	1.631	1.0951	8.4908	1.3706	0	0.55945	1.7591	0	2.4593	0	1.0012	5.8862	0	4.518	0	6.3295	1.2806
RS_G920__BCAS1__BCAS1	6.6372	8.9475	11.0683	7.1505	0.93032	5.61	1.127	1.64	10.7186	6.2652	0.25653	0.51932	2.3365	4.0923	7.4486	1.1356	0.70967	1.8382	0.95512	8.6848	6.957	6.1282	6.1222	0.83247	6.1234	2.181	0.54974	9.4061	0.49246	0.40769	7.3227	1.9885	4.6113	6.1188	7.2271	7.9636
RS_G13234__AC135457.2__AC135457.2	4.438	5.5184	2.9816	4.176	0	4.1144	0.57084	0.81969	8.4437	3.1298	0.76268	0	0.3818	0.91582	3.4289	0.58332	0	0	0.90435	1.9106	3.1711	4.0342	2.8411	0.1258	6.1146	7.5507	0	4.8409	0.23253	0	4.1265	0	0.80114	3.9769	6.1201	5.5207
RS_G4225__SPARC__SPARC	0.1343	0.14978	0.094438	0.083816	14.1217	2.1509	6.2713	9.2733	0.091823	0.11392	4.201	0.91565	6.6944	2.2353	0	11.9638	11.47	4.5495	13.0059	1.8624	0.63481	5.5294	3.5813	6.8619	0.63899	1.2224	2.1099	0	6.5885	3.3867	0	2.9029	0	0	0.4355	0
RS_G1552__TCF7__TCF7	0.61235	1.4587	0.64978	2.1217	4.4365	2.2157	4.4352	6.929	1.4072	1.8359	1.2298	4.6583	4.6643	2.1895	2.2238	5.6227	5.6906	6.4672	6.8571	2.1142	1.3186	4.4461	5.9443	3.0334	2.127	0	3.1249	1.9959	10.0385	4.341	5.0887	4.6908	0.4835	3.2071	3.3383	1.8283
RS_G5077__IFIT3__IFIT3	3.5073	0.42614	0.71146	5.6835	4.0217	0.75143	2.7317	3.1272	0.27072	3.3751	11.1729	5.7703	7.0085	6.9943	4.9036	1.7564	4.5726	10.4635	5.107	2.2909	2.3899	3.8418	1.6975	7.6113	0.82931	0.76318	4.8002	0.59164	2.3992	5.1299	7.4807	4.7129	1.908	4.7428	0.87193	1.4226
RS_G13477__EGFL9__EGFL9	0.35305	1.0213	0.17399	0.30014	7.0141	1.1287	6.5699	1.9639	1.6324	3.5774	4.4184	6.5339	5.819	1.846	0	4.6749	3.1119	2.0049	4.3364	3.4908	1.4514	1.356	2.8469	4.4761	2.3108	2.1277	3.36	0	7.3809	3.9582	1.752	9.0993	6.445	4.0929	1.9344	0
RS_G2444__DHRS2__DHRS2	0.2359	14.6844	11.7493	6.6887	2.5316	1.6777	4.4145	3.6813	10.1054	8.4176	4.5722	5.0834	7.268	6.2349	5.7465	5.3332	2.5801	0.5953	10.362	9.7883	10.7059	3.5939	8.7318	4.1857	10.3872	3.392	4.9232	13.7868	2.0603	2.9433	5.4667	2.7155	2.9541	2.138	9.3579	5.334
RS_G7939__LL22NC03-75B3.6__LL22NC03-75B3.6	2.4782	0.1394	0.49211	1.2766	4.5176	0.15466	4.1286	7.2692	0.15764	0.053937	1.2511	3.8732	4.4105	0.61415	0	3.9325	6.1773	0.071757	8.1771	0.83738	0	1.5554	1.6898	2.2202	0.76908	0.13865	1.1217	0.10411	3.9719	0	4.6122	1.4349	0.63433	0.25885	0.21832	0.31876
RS_G12839__VAMP5__VAMP5	5.7475	8.4989	5.1276	6.3466	1.0717	4.2899	3.8161	1.723	10.6318	7.4263	5.181	1.7151	4.28	5.4616	6.2318	3.5479	2.1294	5.8416	0.73065	7.4246	6.901	7.2724	7.3036	3.5044	5.257	6.3869	6.9643	6.3121	1.0478	5.9949	5.9216	5.0818	5.9869	5.1714	7.7928	6.4989
RS_G11943__C10orf10__C10orf10	6.4294	2.4145	3.8936	2.0915	3.4013	0.56101	6.3853	5.9015	2.378	1.5633	7.4403	1.1295	5.9323	4.8405	1.5111	5.9809	4.172	7.2064	3.6636	0.63589	2.0915	3.3694	6.6362	2.4972	2.1318	2.6079	8.6536	0	6.2562	1.5369	5.9749	4.0583	1.1558	2.2516	1.3846	2.7746
RS_G386__CNTN1__CNTN1	5.1297	4.4821	4.0003	1.6827	0.2822	2.6966	1.4143	0.16983	5.5541	0.38665	0	5.2014	7.4095	5.7192	4.6712	3.524	0.40369	0	0	0	0	2.5186	0.56659	1.6466	1.0276	0	0.55872	1.9387	0	4.7842	2.2935	2.9306	3.7199	0.17292	4.0685	1.9316
RS_G12846__TMEM22__TMEM22	0.12489	0	0.32872	0.95172	4.2412	0.87813	2.461	4.4274	0.80793	3.5709	4.2807	6.2727	4.3571	0	1.7302	0	7.038	2.6853	6.3906	0	0.5475	1.363	0.4634	7.9347	1.5709	0.51138	3.5586	0	0.28293	4.4032	1.3373	4.1658	0	0	0	0
RS_G18754__CYP2B7P1__CYP2B7P1	7.8731	0.71843	4.2739	6.4891	0.97565	1.959	0.71636	1.7225	3.0186	5.0364	0.23268	4.7275	1.0877	1.8112	0.71491	0.094855	0.75563	0.43847	0.86152	2.1059	1.3998	2.6524	1.6952	1.0342	8.1502	0.77303	0.95711	2.1599	0.44639	0.84597	0.49865	0.49534	0.64224	1.8966	10.3949	8.5954
RS_G2210__PRODH__PRODH	6.6996	8.8601	8.1502	4.8255	0.12095	8.7378	5.7577	0.77143	8.8848	5.7828	1.603	2.3836	5.1535	2.1092	6.5093	3.4667	0.7919	0.3561	1.043	4.9495	1.9741	5.4938	7.7774	0.11484	10.9405	11.3567	6.7245	8.0182	1.3588	2.1155	10.7743	4.0417	8.8787	7.139	9.1687	9.3919
RS_G3127__CLIP3__CLIP3	3.4888	1.9179	2.7426	4.3702	6.1435	3.4575	2.3396	2.7054	2.1188	4.0758	2.5388	0.93666	2.268	1.2496	3.2212	2.7524	5.653	2.6783	6.7723	2.8351	3.3253	7.0782	3.4057	1.4048	2.9147	4.1503	2.98	2.0431	7.9816	3.8348	2.9182	2.9307	1.8797	3.0238	2.909	2.4687
RS_G16556__SLIT3__SLIT3	2.2355	0	2.471	0.90403	8.9874	0.21763	0.33496	7.4124	4.7742	0.68628	0.18968	0.65273	3.7599	0.33265	0.10944	0	3.0493	0.96971	6.6132	0.20772	0.15986	0.57603	1.6904	0	1.9982	5.5376	1.4012	0	7.0337	1.139	1.3114	1.8365	0.83487	0.24237	2.7669	0.36437
RS_G16432__C1orf64__C1orf64	7.5817	5.6156	7.5603	5.6306	0	3.097	0.1454	0.9382	8.8167	1.8555	0.21876	0.25986	0.25555	0.15475	8.3654	0	0.16111	0.15095	0.4392	0.63111	0.17079	1.6817	2.3787	0	6.8421	1.2505	0	8.026	0	0.46451	4.2383	0	0.096899	2.7013	6.8627	5.9547
RS_G1983__CCDC80__CCDC80	3.047	4.5842	0.24634	0.95276	10.2098	0.12049	5.2177	5.0089	0	1.3406	1.1731	5.231	6.9418	3.9554	0.11679	7.2517	8.6794	7.4749	9.7159	2.3768	1.9402	0.12167	4.6807	6.4667	0.23618	0.2076	3.8	1.7652	4.6926	6.5604	0.13246	6.081	5.2147	2.8761	0.45007	0.086745
RS_G8562__RGS16__RGS16	3.6383	7.9152	3.1434	4.2812	0	2.3833	0.82754	4.8652	7.453	2.0693	4.5062	4.3101	2.672	4.8678	2.4771	1.5237	0.53533	2.5687	0.83849	5.7894	7.078	4.9839	6.6086	2.0042	4.5416	3.1614	10.591	6.6121	8.0521	3.1614	5.7208	4.6667	4.6968	5.3382	6.9381	6.5567
RS_G27296__IGHE__IGHE	0	6.9908	1.3543	4.0388	0	0.60738	0	0.51827	1.5466	1.1694	0	0.87206	0.6756	4.4599	0.58338	0.48354	0	0	0	4.756	1.6579	1.583	2.7019	0	1.3237	0	0	2.7515	0	0	0	0.68655	6.537	1.5464	4.3878	2.5552
RS_G5810__CD70__CD70	2.1298	0	0	0	9.7205	0	0	1.7744	0	0	2.6289	1.0273	7.8922	0	0	6.1861	6.9112	1.3388	6.277	2.7908	0	0	0	0	0	0	5.1436	0	9.1854	7.1955	0	5.7209	1.9353	4.0443	2.2205	0
RS_G2294__HMOX1__HMOX1	5.2324	7.003	4.0314	6.9044	8.3669	7.1545	6.8174	8.6229	4.7288	5.8914	7.281	6.3735	5.5572	5.7747	6.1383	8.4909	6.3885	7.3288	7.8988	5.4815	5.1931	6.5675	7.3741	6.3582	7.0571	5.3533	6.0138	7.157	13.0503	7.1352	7.3386	7.2448	6.2813	5.8474	9.0714	8.756
RS_G13164__FABP6__FABP6	2.3614	5.0613	0	1.2049	0	0	0	1.3002	6.2218	0.68448	0	5.6808	4.4541	2.3389	5.7149	0.74174	0	0	1.7984	3.477	3.3971	0	1.042	3.6119	0.39506	1.3707	0.94948	1.4427	0	0.53013	3.8371	0	6.9112	4.9649	0.70066	0
RS_G5988__EVI2A__EVI2A	1.2756	0.13752	0.30944	0	7.1056	0.15699	0.24882	4.0118	0	1.0625	0	0	1.3617	1.032	0.28992	0	6.1551	0.48768	3.8192	0	0	1.3205	0	6.7313	0.074104	0	0	0	1.1689	0.54354	0	0	0	0	0	0.40834
RS_G1700__WNT11__WNT11	0.95554	0.84773	1.4629	4.0612	2.4978	0.26815	2.2228	0.15487	0	2.7953	7.6623	1.9448	1.5183	0.12823	0	1.0841	1.9585	4.9662	1.6509	6.8246	2.6715	4.2544	3.4588	0.64391	1.6128	0	3.2041	0	0.94427	8.51	4.5096	3.1453	1.8569	2.1116	0.65293	0.19576
RS_G12889__AR__AR	4.6371	4.6227	6.4437	4.4301	5.9187	7.5601	0.19231	1.476	6.5225	6.1875	0.10622	0	0.18004	5.5774	9.2235	0.97224	0.22082	3.9166	3.5014	5.9163	6.3628	4.5895	2.3964	0.40029	7.5779	9.2818	0.68318	3.9527	5.974	0.23057	4.0998	2.03	0	4.8483	6.3137	3.0122
RS_G11429__CXCL3__CXCL3	0.33948	0	0	0	3.4106	0	2.5204	3.2775	0	0	4.4838	3.1649	1.7437	1.4393	0	4.6319	3.5497	3.3576	4.5588	0.22001	0	0	0.6239	2.2938	0	0	6.3879	0	6.9196	8.1321	1.9658	2.8659	0	0	0	0
RS_G5919__SLURP1__SLURP1	1.6964	3.5263	0.83884	1.8081	0	0.79327	0.67817	0	6.8835	1.3081	0	0	3.6621	0.41528	6.3316	0	0	2.1742	0	4.2731	2.746	0	5.2151	0	2.0254	0.72351	1.335	0	0	0.79023	4.85	0	2.5992	3.9811	2.0289	1.0161
RS_G7__CFH__CFH	1.2601	0.21358	0	0.12495	6.8359	0	0.20366	5.8212	0	0.86297	0.11269	5.1026	0.50616	6.0005	0	1.4161	4.6605	6.9368	6.3026	0	0	0.24742	0.19249	5.7137	0	0	0.17479	0	0	4.5765	1.8511	1.5146	0	0	0.17597	0
RS_G16566__CSF1__CSF1	4.9267	3.3068	0.63581	2.0826	5.2612	3.3153	1.4233	5.6818	2.1574	3.7992	8.8161	4.2899	6.4616	5.0175	0.91289	5.9173	8.2679	5.7738	6.5134	2.7338	1.7785	2.7317	4.4905	7.9524	1.6766	0.68883	8.8887	2.3696	8.6661	7.9034	3.0812	5.3272	1.8363	3.2028	2.5385	0.98173
RS_G1232__CRMP1__CRMP1	3.3209	0	3.014	5.2991	3.059	0.64075	0	2.2175	0.16006	3.0892	5.3528	2.3382	2.547	2.0576	0	5.2997	3.5543	0.87195	3.3146	0.28254	0.15011	9.1072	0	2.1643	5.713	3.2428	5.8901	0	2.8821	0.8311	2.2466	1.6613	2.1455	2.2182	5.8315	4.9652
RS_G35581__APOBEC3C__APOBEC3C	0.345	1.8556	0	1.6981	0	0	4.6314	6.3901	0	0	0.69901	7.656	7.9072	4.2884	0	6.6221	7.1835	5.6152	7.1315	2.1893	0	0.77854	7.2322	7.4238	6.7343	2.0552	0.57933	0	1.5503	7.4712	2.4223	7.3631	2.0175	0	0	0.59024
RS_G2940__PDGFRL__PDGFRL	2.6739	4.1099	2.9019	3.515	0	4.2179	3.9699	7.0584	1.7974	3.4083	3.6951	1.7797	1.169	2.143	3.6444	4.6062	1.2527	2.0745	4.794	4.7959	5.5508	0	4.1599	3.2887	1.1575	0	6.684	0	1.1272	1.7769	1.2043	0	1.0353	0	4.5822	3.1866
RS_G2541__SNPH__SNPH	2.8925	3.9239	4.8906	0.84562	2.9285	0.14503	0.11904	0.30233	0.35199	0.4352	2.042	2.2632	3.0856	0.067811	0.14062	2.5012	2.9514	0	3.3989	0.38045	0	0.34071	4.7678	3.1149	5.7164	7.3115	3.6028	0.38449	4.4226	0.91702	0.9952	1.9761	0.79539	2.1071	0.85718	1.1361
RS_G3514__ACTA2__ACTA2	1.4899	0.17287	2.2023	3.075	12.7191	6.5566	1.9507	8.7055	0.81938	1.9902	4.283	3.2771	4.8169	3.5235	3.9435	12.9136	9.2125	4.7159	8.2158	8.823	4.6158	0	6.0772	3.4109	1.6547	2.3654	9.0502	0	8.7349	3.9007	5.1671	4.9748	4.4277	7.0622	4.7747	5.8747
RS_G18078__SH2D5__SH2D5	0.21811	2.3234	1.2762	2.4179	5.7967	1.1809	4.2305	4.8873	0.91539	1.4472	5.1697	7.1606	4.7174	0.25198	1.0908	3.3957	4.006	0.24591	5.9778	3.6847	1.5134	2.4549	1.9279	4.9347	1.5129	0.72962	1.0212	0	8.9352	3.609	0.23661	3.6942	0.88422	0.72472	0.20018	0.38111
RS_G11127__OLFML2B__OLFML2B	0.42875	0.13423	0.23792	0.40981	5.7677	4.4756	3.339	9.4493	0.30186	0	1.2164	0.33768	1.2905	0.97504	0	1.9934	7.0512	2.5686	5.708	0.40258	0.28477	6.7681	1.3501	2.3956	0.30446	0.37271	2.8528	0	5.2065	0.9963	0	0.51857	7.5456	0	0.70319	0.30943
RS_G3823__CCND1__CCND1	11.467	10.2873	9.7956	11.0955	7.5774	10.8624	12.4704	7.9377	9.8988	10.1898	6.9323	10.1513	11.3166	11.978	7.0419	7.8671	9.0157	9.3554	10.1335	11.149	10.4301	15.2047	9.4841	10.5959	11.1601	10.8596	5.726	8.7887	8.7105	7.5246	10.0655	9.6036	9.6678	8.5391	11.3211	11.0084
RS_G922__CHI3L2__CHI3L2	3.2198	0.51024	0	0.56368	5.798	0.56836	0.66931	5.9387	0.46306	1.1011	8.7973	0	4.899	3.6758	0.55634	5.7246	5.4771	8.3731	1.2346	0	0	0.16809	3.2906	0	0.15241	0	9.8113	1.528	1.3437	1.671	4.1672	1.328	3.3623	0.96833	0	0
RS_G7983__GLIPR1__GLIPR1	0.55287	0.2859	0.94121	0.19873	8.8142	0.67508	3.8198	6.0225	0.83764	0.62063	3.6456	5.4165	4.5642	4.8421	0.25714	6.5035	8.1578	4.0803	7.825	0.6577	0.57361	0.73209	1.9436	6.5993	0.1263	0	4.548	1.235	1.7892	3.8954	0.71376	4.6243	0.72126	1.595	0.35881	0.094808
RS_G14028__SUSD5__SUSD5	4.1374	0.2278	1.652	1.4189	7.4136	0.79899	3.8409	6.9339	2.5299	0.95948	0.80769	2.9449	2.9382	3.1619	1.2317	4.0329	6.9944	0.6891	4.6281	0.52125	0.29324	2.9912	3.0817	7.5128	1.1616	0.81957	3.0604	1.4101	6.1608	1.8309	4.5563	2.0915	0.27212	3.4141	0.075385	0.35588
RS_G6259__MMP28__MMP28	0	0	0	1.6614	0	0	0	3.1625	0.41036	0.39913	0	3.4994	6.8926	1.2407	0	0.21236	0.10499	3.6345	0.4363	0	0.62521	1.5814	1.8646	0	1.1152	0.35892	0	0	0	3.2915	2.044	8.2419	0	2.4898	0.82317	0.15459
RS_G7748__IFI44__IFI44	3.8056	0.59385	0.46246	6.1055	2.1195	0.30353	2.8333	7.1034	0.31583	4.6246	9.3298	6.5299	7.3962	6.8635	4.9226	2.6237	7.0366	10.8415	2.8004	0	1.098	2.4211	0.44083	6.4009	0	0	6.2452	0	0.88563	5.9345	7.5377	4.7341	0.59359	4.5095	1.2093	0.41488
RS_G16319__SERHL2__SERHL2	5.5576	9.6885	4.2228	5.1276	3.5316	4.1391	4.4021	2.9824	9.3149	3.0556	6.0929	4.8312	4.2306	3.487	4.2993	5.1006	5.2126	4.4447	4.1099	5.1008	8.2175	3.9131	8.19	3.8247	5.6157	3.797	4.0032	11.2439	4.1716	4.2778	10.349	4.8636	3.1849	6.6946	10.0126	9.7217
RS_G13093__TM4SF1__TM4SF1	10.4225	8.9741	6.3961	10.5422	10.2741	5.8997	11.4386	9.303	3.5257	7.7572	12.9126	7.6636	9.4061	10.3038	6.8407	8.7437	10.129	12.1941	10.6962	5.09	6.0437	9.1954	9.319	10.9392	7.3568	10.462	11.4483	7.2096	10.7158	7.7496	10.4649	8.9015	9.9612	5.7164	8.242	3.2361
RS_G2004__TGM1__TGM1	5.3721	9.4474	2.3286	3.8808	1.7513	2.7163	4.4828	2.8924	2.0639	4.04	2.0162	2.9572	6.9913	2.9415	4.3939	4.9255	3.0329	2.556	1.8108	6.114	3.719	1.9212	6.4252	3.1641	2.8856	2.5922	5.9739	7.4251	2.4886	6.8145	5.2442	4.2484	3.6189	4.1613	4.3151	2.8052
RS_G7745__IFI44L__IFI44L	0.23732	0	0	4.5645	0.60514	0	0.99127	3.5141	0	2.0578	9.2152	1.5653	3.916	4.217	4.1907	0.47385	1.9555	10.2427	1.0245	0	0.60717	0.55766	1.1744	1.9467	0	0	5.3729	0	0	7.3195	7.3714	2.6778	0.41582	0	0	0
RS_G8682__OSR1__OSR1	0.11123	0.23849	0.2896	0	0.48045	0	4.8216	6.3439	1.8828	0	4.1075	0.57369	0.83199	0	0	4.8445	2.7179	0.34605	7.5551	0	0	0	4.4393	4.3569	0.57157	0.45115	7.4307	0	3.2881	3.4287	0	3.2369	0.52938	0	0	0.36537
RS_G1492__DUSP13__DUSP13	1.1639	3.9306	0	3.4195	0	0.39666	0.7545	0	4.3288	4.8779	0.46004	0	0	0.476	0.27248	0	0.26614	0	0.56268	4.1128	4.8187	2.0092	0.887	1.9107	4.6054	0	0	3.3152	0	0.88679	0	1.9153	1.3829	2.1176	2.0528	2.255
RS_G5325__CXCR4__CXCR4	1.569	1.7543	7.2597	2.8288	0	4.3832	5.1793	1.1974	3.2863	1.6411	1.3463	0.68114	1.3972	1.1626	5.2171	4.8636	1.6438	0.8891	0	6.3193	8.9219	8.2798	6.9471	0.23797	6.9206	5.7786	8.4628	0	1.0431	2.7266	0	3.6026	0.70369	3.4114	5.259	0.87922
RS_G2752__C13orf15__C13orf15	1.6778	0	0.2523	1.5405	1.0073	0	7.0141	5.6897	0	1.543	1.4384	2.3605	3.5916	1.9013	0	5.5066	1.8871	5.2724	0.83926	0	0.42973	0.44241	2.8603	4.7928	0.80035	0	3.8145	0	0.40215	4.3445	2.1148	2.0999	2.9343	1.478	2.636	1.8022
RS_G16385__ASCL2__ASCL2	1.3561	1.7678	6.3934	5.118	0	0.60927	3.6364	0	7.9802	1.7904	3.6262	1.2266	0.97424	1.6838	2.9164	0	0	0	0	6.1358	5.1486	2.6192	3.8314	0	4.9558	2.2584	3.9371	1.324	0	0	5.8229	3.1506	4.2456	3.9544	5.2367	5.0406
RS_G14377__NRIP3__NRIP3	0.68301	2.6914	2.4942	4.8866	3.843	0.17753	4.5493	4.685	5.3121	6.9244	3.4385	4.4969	2.6701	2.4016	0	0.6097	5.4067	2.5642	6.5177	0	0	8.4655	1.8015	0	1.9129	0	2.0344	1.5919	2.9304	1.0302	3.3696	2.0757	0	5.4952	2.2752	2.24
RS_G14859__SAMD9L__SAMD9L	3.4575	0.067225	0	2.1607	0.21202	0.077493	0.12401	3.0939	0	2.5986	4.7979	3.7721	2.6339	3.1608	1.4916	1.4255	2.658	6.9834	3.9452	0	0	0.1525	0.1189	3.4066	0	0	4.3633	0	0	0.41083	4.653	2.4155	3.3204	1.6339	0.10744	0.10906
RS_G10836__FGFR4__FGFR4	5.2034	7.7635	8.2284	8.4723	3.6823	11.0861	6.4162	5.236	9.6719	7.2021	7.4945	6.5832	6.241	8.4301	9.4006	5.9966	6.3794	4.5084	2.9314	7.9454	7.7888	7.8124	6.2404	4.8446	12.8321	13.6847	4.5816	6.4864	6.0949	5.9918	9.5218	6.8846	7.9866	6.6089	10.4536	9.5726
RS_G4856__MUC5B__MUC5B	5.381	6.3991	4.9033	7.2056	0	5.3345	6.1164	0.65399	1.8113	5.2883	6.5749	0.35429	2.0415	0.42452	4.7976	0.20737	0.10243	0.47117	1.1133	5.5399	4.5554	5.2356	5.2064	3.5201	7.1076	2.7576	8.4507	0.22595	0.60314	1.5779	1.4391	1.351	0.050499	0.13512	4.8458	6.9805
RS_G1328__ADD2__ADD2	0.20263	0.2254	0.4463	0.25086	0	0.13381	6.7679	7.3903	0	4.9889	4.1361	6.0514	7.516	0.33157	0	6.6719	5.0306	0.81879	0.28117	1.5899	0.13083	1.1201	3.7528	6.9199	4.0692	0.42801	3.3359	0	4.463	6.2682	1.4621	3.5953	0.073313	0	0.18417	0
RS_G8719__DQX1__DQX1	5.6099	3.965	0.20971	1.1459	0.57524	3.789	0.78162	0.57264	1.3792	0.37708	1.3782	1.3153	1.5275	0.84184	5.4246	4.096	0.87143	0.3289	1.2424	1.3906	1.5839	4.8405	0.98642	0	3.7419	4.363	0.38452	3.8751	1.7522	0.36883	0	3.2749	1.7461	2.8997	0.49587	0.69789
RS_G12225__A2ML1__A2ML1	0.55235	3.015	2.3348	1.6963	0.051186	0.20298	5.7466	0.4159	1.5662	4.2978	0.67252	2.6485	4.0087	2.6029	0.099228	1.1693	0.099944	5.3202	0.059283	1.3786	1.1201	0.84535	0.083725	0.049173	1.9963	0.48814	5.6281	5.0462	0	3.9701	3.2228	0.36821	4.9828	0.50916	1.3113	0.21477
RS_G35559__TMEM91__TMEM91	4.2382	1.256	1.804	2.3785	3.4402	2.3681	3.4004	4.0543	2.8339	3.9981	2.0048	0.82592	2.8736	2.3574	2.3332	1.9341	3.137	3.3686	4.3998	3.1478	3.2823	4.0808	2.882	2.6306	3.6812	4.6905	2.0237	1.8129	4.9835	4.6054	3.4734	3.0028	3.194	1.7962	3.0086	3.1924
RS_G4506__FN1__FN1	4.4659	5.6734	2.1232	6.6339	12.0664	2.308	6.2799	13.1575	2.6835	8.1794	5.3713	6.1008	6.4374	6.0504	5.7624	10.4557	11.6619	6.9695	14.314	7.9571	5.8399	8.6337	7.242	8.9032	4.4927	4.0323	12.6716	5.2383	3.1511	10.3215	1.9746	11.44	5.2825	5.777	3.9021	1.7401
RS_G6312__CDKN1C__CDKN1C	1.5663	3.4209	1.4135	4.1129	2.0193	1.5752	3.2115	1.6214	0.43044	1.3211	3.7532	1.1465	0.74775	1.2033	1.8338	1.872	1.8139	0.74747	2.187	2.5887	0.62031	5.8987	3.0673	3.0532	2.5782	2.8636	3.4979	0	3.0329	4.9828	4.3871	5.6167	2.6888	0.80526	3.0998	4.1276
RS_G14453__NR2F1__NR2F1	0	0.62002	0.26207	0	8.065	0	1.6759	1.1938	1.1083	3.4171	0.14742	3.5416	4.981	4.7643	0.56207	4.1435	1.2267	4.8295	7.9087	2.6308	0.72901	1.9212	1.1957	8.0721	9.375	10.4319	6.0049	0	6.7984	3.8738	4.7493	4.3224	1.7813	4.5034	4.6681	8.2892
RS_G10056__ADAMTS1__ADAMTS1	0.40649	0.19684	2.7451	4.6542	9.1222	3.9788	5.5768	5.2846	2.2992	7.1431	5.8779	7.4379	3.0483	2.3121	3.8107	6.6168	5.8881	3.6986	9.0055	0.10674	0.26857	2.8343	3.8711	3.8867	5.6499	6.545	7.2146	0	2.307	6.9795	5.0715	2.4462	1.1737	1.1843	4.9621	4.8179
RS_G8983__ODZ2__ODZ2	0.46196	0.21261	4.1691	1.3937	9.125	1.6831	0.51807	1.6057	1.8836	1.7042	0.025184	1.9378	4.7939	0.52982	0	2.6967	1.4508	0.84724	4.5337	0.10886	0.056207	4.5033	0.27275	0.89421	3.1193	0.47793	0.079403	0.449	0	4.3607	1.9389	1.3205	0	5.1209	3.252	0.48681
RS_G9937__PID1__PID1	3.531	3.4933	0.99515	2.4397	2.7231	0	3.8103	7.2734	3.7721	1.9968	4.77	1.9694	1.4947	1.1073	0.17537	5.107	5.6305	3.47	5.7238	0.46569	1.2408	3.3321	0.79121	3.9905	0	0	4.7638	4.4948	5.1605	9.1818	2.9212	4.2784	5.3652	0.53315	2.6993	1.5765
RS_G7026__NGF__NGF	0	0	0	0.44039	8.2263	0	1.5055	5.462	0	0	0	5.0698	3.456	0.41902	0	7.7309	6.0518	0	7.9757	1.5749	0	0	0.80236	4.6169	0	0	4.7268	0	4.7581	0.80466	3.4721	3.6174	0	0	0	0
RS_G9411__PAK1__PAK1	9.7379	3.6126	5.4375	6.8348	6.7525	4.9493	5.9938	7.1121	2.1414	5.6631	7.8099	8.5733	6.5653	6.9548	1.7217	6.8913	6.8685	7.7419	6.4967	3.6134	5.5626	11.6469	4.7882	7.3965	5.7512	5.6661	6.6821	5.3053	3.3435	6.0138	6.3652	4.9205	9.5501	7.7022	5.4982	5.2907
RS_G28782__AC132872.17__AC132872.17	6.5308	6.1527	0.42328	2.2275	0	1.6808	4.4574	1.9204	0	0.51717	6.643	0	0.56922	3.0712	5.0791	0	0	2.6223	3.7589	0	0	0.40071	0	0	3.9703	0	6.3505	4.6956	0	2.7046	3.2558	1.785	0.74842	0	1.8735	3.4862
RS_G2073__TDRD1__TDRD1	6.424	5.8676	0	0	0	0.10419	0.085849	0.055694	0.10872	6.1381	0.21942	0	0.080184	6.8676	0	1.2116	0	5.9104	0.11527	3.3172	4.4935	0	0.041047	0	0	0	0	6.8683	0	0	4.7758	0	6.067	1.306	1.0273	0
RS_G19300__APCDD1L__APCDD1L	0.069099	0.73015	0.34728	0.1681	0.31255	0.46148	3.8937	5.4361	0.98939	1.19	0	2.4493	3.5305	0	0.56885	1.4309	3.6234	2.4928	8.2577	0	0.57933	0.32832	2.602	1.7279	0.46267	0	0	0	0	4.6435	3.2218	6.2723	0	0.099032	0	0.34479
RS_G16526__ALDH1A3__ALDH1A3	6.9869	6.6244	3.4412	2.4634	1.2073	2.8938	11.2405	5.3582	10.9346	1.4376	5.1885	8.2874	10.8421	12.6084	5.5356	10.846	3.2546	8.3779	5.4292	5.6338	1.6124	1.2527	9.3386	4.3207	2.1737	1.7792	7.1079	7.9504	1.5677	6.6021	7.6667	9.1305	3.6909	6.7618	5.1568	3.5552
RS_G6626__MAP1B__MAP1B	1.6802	0.12335	2.6488	3.0439	5.4526	0.64596	7.5131	8.3394	1.0717	2.1305	6.6239	3.8912	4.0338	2.7093	5.0187	4.8936	8.088	4.8333	9.1024	2.9921	3.5005	3.9959	2.2071	7.6542	1.7013	0.79208	6.6151	0.17791	7.6968	2.768	5.9852	4.2327	2.5995	0.081101	2.7946	0.59431
RS_G7892__FGF2__FGF2	0.3704	0	0	0.15516	7.5818	0	5.2899	3.8378	0.38255	0.26018	7.8975	2.3116	5.2507	0.14505	0	6.8459	6.6202	2.6134	4.9625	0.11633	0.15511	0.26957	2.1954	0	0.019091	0.20773	6.8107	0	4.444	2.0561	0.77491	2.5446	0	0	0.72312	0.11461
RS_G11561__PRSS12__PRSS12	1.496	0.54609	0.25057	0.080545	5.6392	0.8661	5.8391	2.788	0.085993	0.31015	10.2082	5.2016	4.7765	2.0344	0.29579	9.7569	4.8767	1.5091	5.9064	0.22633	0.48493	0.61684	3.2744	4.7183	0.48861	0.70177	5.0703	0	4.227	6.4227	1.9942	5.4288	0.17025	0	1.3084	2.2724
RS_G3807__LPXN__LPXN	4.4572	3.8249	4.6454	3.0135	4.0192	4.0199	3.3559	5.9285	1.6903	3.703	5.2704	7.4217	5.7899	3.8946	3.3023	5.7034	3.7592	6.6655	8.9465	4.1342	2.9364	4.5474	3.5991	6.0065	3.4461	4.0319	6.1177	3.5122	4.9321	3.6065	5.8063	1.4933	4.6376	4.4154	3.882	3.6265
RS_G13766__MUCL1__MUCL1	8.2971	9.2684	12.3825	10.0828	0	8.4661	0	0.90826	7.872	5.344	1.4703	1.545	2.4156	8.9393	4.3595	0	0	5.508	0	7.4503	7.7859	7.1029	9.5099	0	13.1852	9.8025	5.3187	9.1199	1.9667	0.85403	14.8568	1.8097	13.9402	2.6873	11.3802	3.1773
RS_G1779__PTHLH__PTHLH	0	0	2.2732	1.8152	2.1658	0	7.2097	4.2484	0	0	0.32391	9.1068	2.3649	2.1959	0	2.287	1.3148	1.5258	4.0306	0	0.76599	3.356	1.957	0.83936	2.8815	1.3368	1.0677	0	1.8976	0.5104	2.0936	3.4073	2.0487	0	0.48471	0
RS_G3436__AMBP__AMBP	5.5216	4.1249	2.8804	5.6693	0	4.4106	0.30004	0.55576	3.6561	3.1994	0.31932	0.72738	0	0.32997	1.6721	0	0.34272	0	1.0688	2.9627	1.5467	6.1453	3.7678	0	9.687	5.2492	1.5675	0	0	0	3.1016	0	3.3531	0	3.6158	2.5328
RS_G17647__ARL4C__ARL4C	6.4058	3.9508	6.5819	4.9192	8.0292	4.7101	7.6877	9.0067	6.0138	2.9942	6.2663	7.0619	6.2607	5.9989	2.1991	6.9743	7.5755	6.7168	7.9861	5.7583	4.3584	5.9484	7.7683	7.5221	4.073	1.3609	5.306	5.4578	10.7033	6.3785	4.8348	5.2782	6.5854	3.1525	3.7385	3.6318
RS_G3861__SCGB2A2__SCGB2A2	13.9607	7.2469	8.4444	3.1721	0	5.1291	2.0737	4.905	7.1077	7.7127	0	0	0.67662	0	0	0	0	0.75343	0	1.9939	2.7482	1.1297	9.2795	0	12.9283	1.2589	1.064	9.6874	0	0	16.6899	0	11.1134	0	14.5809	5.6558
RS_G10899__PERLD1__PERLD1	7.7632	10.8788	10.843	8.1343	5.7015	7.023	5.4851	6.0545	11.6693	6.7597	1.9356	4.6347	4.808	11.5693	10.3273	7.3482	6.5941	7.0206	5.8111	6.5555	5.7895	6.5318	7.7669	5.3794	9.638	8.0489	7.0386	10.3657	5.6013	6.5852	14.7454	6.0695	5.4877	7.267	7.3184	6.7812
RS_G18071__CXCL17__CXCL17	1.6218	1.6066	6.1534	1.2095	0	0.74132	0.6322	0.45695	3.1228	1.3713	0	0	3.6124	9.5671	6.8488	3.7511	0	12.3037	0	2.1353	2.7126	0	7.6157	0	5.9685	0.3767	2.0065	0	0.38286	0	3.7402	1.4859	0	0	6.5787	4.2359
RS_G1917__LEPREL1__LEPREL1	1.6812	1.213	1.016	0.15032	9.6328	0	8.6274	7.5555	0	0.20528	2.3881	6.6588	10.0755	7.8581	0	6.0855	6.9596	8.8539	6.6718	0.14834	0	0.54021	4.5962	7.6461	0.14506	0	5.0402	1.8994	2.7188	5.8777	1.6577	6.3893	3.8936	2.3297	2.3917	0
RS_G13473__C18orf4__C18orf4	2.916	0.19285	1.8636	0.81516	6.8813	2.0898	3.5813	2.2879	0.32997	0.85351	1.2471	4.2512	0.70224	0.051857	2.0646	2.9336	0.30277	0.5877	5.6726	0.27885	0.83484	5.3935	0.6096	3.6129	0.593	0.79273	2.0735	0.074512	4.3534	3.7589	0.58445	2.8849	3.8849	0.37249	1.2527	2.7154
RS_G19176__ITGBL1__ITGBL1	0.16651	0	0	0	0.20264	0	4.0493	0.68818	0	0.28041	0	4.3601	7.3595	0.1923	0.54398	0	6.5539	0.69579	6.9503	0	0.29988	0	3.9306	6.4769	0.052559	0	0	0	6.6087	4.4647	0.23086	1.0651	0	1.5074	0	0
RS_G6735__POPDC3__POPDC3	0.57665	0.54819	0	1.155	5.5701	0	5.6997	0	1.7365	1.6638	9.4619	5.2097	3.2583	5.1209	0.49723	5.0981	5.9485	5.433	2.9252	0	1.0232	0.71731	3.294	5.9295	0.20004	0	4.2033	2.4234	4.7089	4.6043	3.7261	3.2768	6.8346	0.44169	0	1.6355
RS_G16982__IFIT1__IFIT1	4.0272	0.24404	1.6038	8.4349	2.6931	1.5317	3.5077	4.2694	0.73486	5.2973	9.1722	6.0939	6.5673	6.0911	6.388	1.8643	3.3544	10.3925	2.1393	3.6083	3.6486	6.109	2.752	6.2823	1.4311	1.9978	5.2218	0	1.8031	5.7124	8.5429	3.6724	3.048	5.5259	1.7547	0.9293
RS_G9624__KCTD14__KCTD14	1.3345	0	1.3939	0.15538	1.2875	0	1.4303	0.82766	0.44881	0.39689	4.2721	6.4763	4.9359	1.9413	0.53673	6.991	6.1103	3.674	4.8691	0.92268	1.2413	6.1017	6.5793	8.2157	0.66947	0	2.2392	0	1.3039	0	0	0.7793	2.9725	2.6382	0	0.41275
RS_G10339__NRG1__NRG1	0.58693	0	0	0	7.7389	0.19465	1.7934	2.0408	0	1.7451	0.088641	8.0487	5.3378	0.13453	0	4.7885	5.8443	0.70526	6.4738	0.096448	0	0	1.3846	6.0583	0	0	0.13811	0	5.8239	1.5169	0	1.5046	0.30151	0	1.9553	0.64638
RS_G9462__TAGLN__TAGLN	2.8945	4.626	4.3649	5.0176	12.9074	2.7645	8.6642	6.4471	4.1793	6.7896	7.2393	4.7579	8.3802	3.7555	5.0574	12.7347	3.7073	4.379	11.2783	6.5618	4.1273	4.3295	8.1001	7.1779	5.9616	5.788	11.5147	4.45	5.9423	5.8261	5.9848	9.884	2.3748	5.4031	4.2217	3.2621
RS_G1317__SEMA3A__SEMA3A	0	1.446	0	0	4.8682	0	0.22776	5.911	0	0.55754	0.085551	5.9332	2.6768	1.7369	0.55589	0	4.2407	4.3885	4.1137	0	0	0	1.2805	5.4226	0.046512	0	0	0	0.32428	0.92652	0.62186	2.2665	0	0.83084	0.13429	0
RS_G12262__NNMT__NNMT	8.5516	2.0132	0.48442	0	9.4448	0	1.147	7.6778	0	0	1.6205	1.4637	5.9883	7.7288	0	5.9076	6.1323	8.4278	6.7404	1.7656	0	0.46256	3.0779	0.7415	0.55533	0.52928	6.6938	0	9.0646	10.6571	6.6568	6.8006	9.2782	0	0.22668	0
RS_G28377__AL450306.14__AL450306.14	3.5215	4.8024	0.74196	2.0401	1.496	2.6412	2.3114	1.9374	1.9689	3.5546	1.9543	3.28	2.8507	2.0548	3.1078	2.2624	1.7205	2.1189	1.5042	3.1047	3.2992	2.9209	5.057	2.1669	2.5187	2.2729	3.5583	3.5767	2.7609	5.8757	2.1186	2.6059	4.5232	2.9519	2.4941	7.538
RS_G566__CSPG2__CSPG2	0.20025	0.043506	1.2122	0.88034	1.8343	0.21093	4.7871	6.1112	1.7258	0.13026	0.20687	1.5527	1.0484	0	3.3124	1.5387	8.8786	0.043736	8.7002	0.046891	0.11893	0	0	0.61441	1.3727	1.9183	0	0	3.5182	3.6374	0.39102	2.7013	0.27189	0.80559	0.66906	0.65313
