Cell lines	600MPE	AU565	BT20	BT474	BT483	BT549	CAMA1	HCC1143	HCC1187	HCC1428	HCC1569	HCC1806	HCC1937	HCC1954	HCC2185	HCC3153	HCC38	HCC70	HS578T	LY2	MCF7	MDAMB134VI	MDAMB157	MDAMB175VII	MDAMB231	MDAMB361	MDAMB415	MDAMB453	SKBR3	SUM1315MO2	SUM149PT	SUM159PT	SUM185PE	SUM225CWN	SUM52PE	T47D	UACC812	ZR751	ZR75B
Response	-1	1	-1	1	1	-1	1	1	1	1	-1	1	-1	-1	1	-1	1	1	-1	-1	-1	1	1	-1	-1	1	1	1	-1	-1	1	1	1	1	1	1	-1	-1	1
U133A__TESK1	6.1277	6.4533	6.6844	6.2831	7.0087	6.1632	6.7421	6.6612	6.773	6.5293	6.5209	6.533	5.8371	6.3716	10.6915	6.4996	6.3326	7.0714	6.205	6.4097	6.3519	6.8934	6.7607	6.6341	5.7422	7.5346	6.8662	7.7649	6.2511	6.2481	5.9159	6.4373	7.9816	6.5213	6.8686	6.5403	6.1772	7.1722	6.9118
U133A__NBL1	5.9735	5.5208	5.2898	6.5773	8.0088	6.4156	7.816	6.1978	6.1135	8.2531	6.5199	7.0638	7.4328	5.614	6.0307	6.2699	6.1127	8.421	6.6186	5.6648	5.5864	8.6762	7.2315	5.4859	6.2246	6.6967	8.0563	7.9575	5.6058	5.9892	8.1472	6.4818	5.802	6.6236	5.6896	6.7591	5.391	5.5293	6.3593
U133A__SLC24A3	5.6004	5.5097	4.5251	7.0284	8.6046	4.2919	7.6789	5.7657	8.3801	7.8815	6.0192	4.488	4.5344	4.5142	7.7085	4.6155	4.9532	6.8012	6.2703	4.6445	6.0407	7.2196	4.3953	5.5787	4.6406	6.2134	5.5668	7.404	5.3517	4.4037	4.821	4.696	7.0271	5.4589	6.5218	6.8955	5.7622	5.5253	5.9244
U133A__SHOC2	6.4196	6.4652	5.5	6.926	7.4526	6.3936	7.5677	6.5926	7.2378	8.2063	5.6342	7.8995	6.1507	6.0135	6.8143	6.356	6.268	7.263	5.3781	6.6247	6.8352	7.1692	6.6768	6.7138	7.1528	7.9108	8.2722	8.0058	6.3408	6.6276	5.6485	6.6845	7.9337	7.0982	6.8114	8.0742	7.641	10.5269	9.7141
U133A__EFNB2	5.4764	4.7613	4.9303	7.0119	6.4386	8.6207	7.4791	8.8445	5.5096	6.4622	4.9044	8.2395	7.0896	7.4331	9.9666	5.9393	6.9153	7.5536	5.9236	6.4018	6.9459	6.1413	8.3547	5.5304	5.5961	7.2819	7.5891	7.6132	4.8166	4.7258	8.8053	8.021	8.057	5.2698	4.9264	5.6351	4.1326	4.9242	7.1568
U133A__FNBP1L	5.7282	6.3494	5.7353	6.3034	7.1137	5.7258	7.0659	4.9683	6.9366	5.9928	5.0314	4.7531	5.4856	5.0975	6.6526	6.1696	6.4593	6.5269	4.7117	4.8914	4.3192	7.5094	4.6485	3.3218	5.9207	6.0796	6.3206	7.3428	5.9159	4.2674	4.7058	3.693	6.4658	6.9367	6.033	5.5292	7.0101	5.9501	6.1131
U133A__FST	6.5894	6.5399	6.4906	6.4947	6.3964	7.1555	6.4063	8.1138	6.729	6.605	6.9497	8.7649	7.1819	8.1031	6.4535	7.3188	6.6246	6.2073	9.2037	7.1295	6.879	6.71	6.9117	6.6957	8.7976	6.5755	6.6662	6.6393	6.7865	6.843	6.7208	6.5052	6.9549	6.5913	6.8367	6.4505	6.228	6.782	6.685
U133A__TPM4	7.5354	5.8557	6.4431	7.0182	5.6134	8.444	7.8344	7.5265	6.9576	5.253	7.0015	7.1745	8.3884	7.7741	7.5146	8.8621	8.0885	6.9763	8.6658	7.2559	8.5262	6.3231	8.5185	7.7302	7.3272	6.6417	6.7652	6.6924	7.4954	9.1089	8.7288	7.4332	3.4831	6.4929	4.6367	4.0479	6.0027	6.1841	6.0462
U133A__KDM4B	7.0519	7.1044	6.0515	7.4491	8.6966	7.1928	8.1492	6.1444	7.9974	8.6306	5.6694	6.594	6.2074	5.1967	6.7817	6.8032	6.8838	6.5409	5.945	6.1848	6.9393	9.4039	7.2455	6.7971	6.6163	7.5952	6.4755	8.2976	6.1498	6.6724	6.5498	6.4961	7.8561	6.9118	6.5551	8.9722	7.696	8.1269	7.1149
U133A__CXADR	7.6356	8.125	5.9299	8.0181	6.1243	6.7715	6.9799	9.6569	8.9106	5.2516	7.8702	7.8678	7.9469	7.8178	8.9819	8.0862	7.9097	9.6282	6.0306	5.2912	5.231	8.6152	6.9797	8.4334	6.2083	8.1996	7.5407	8.7362	7.2304	4.3852	7.5256	5.8744	9.329	8.3891	8.1198	8.1157	8.0455	7.9043	7.8021
U133A__HMGCS1	4.7548	6.6928	6.068	8.4489	5.7519	6.6066	5.2763	6.7535	7.7171	7.8134	6.283	6.4676	6.3959	6.2914	7.887	6.3859	6.4413	6.6387	6.5232	5.2901	6.2517	7.4989	7.1959	6.4676	6.68	6.8716	6.897	7.225	5.5922	4.89	5.3679	5.1532	6.8847	8.9645	5.7117	6.1708	6.9066	5.231	6.3642
U133A__MAFB	4.2939	5.2209	6.2054	6.0526	7.1675	4.5699	8.118	4.4545	6.0147	5.8886	5.9523	4.6033	8.0513	5.6472	5.899	5.4665	8.7595	6.8573	6.4104	4.5053	5.7821	6.9794	6.131	5.4416	4.4014	6.1242	5.0501	8.6345	4.3436	4.4115	6.6507	4.4563	7.0732	7.0174	7.4185	5.1496	5.3409	5.6559	6.4191
U133A__KLK6	5.4123	4.917	9.4507	4.8753	4.8251	4.9481	5.1348	9.2735	8.0249	4.9307	5.5788	5.2118	9.1099	11.2762	4.9339	8.6374	5.5375	4.5087	5.3166	5.1605	6.1085	4.7658	4.9606	5.3853	4.769	4.9731	5.1898	5.2134	5.3923	4.8629	4.7454	4.6814	5.0521	8.6083	6.9941	5.0235	5.6345	5.0571	4.6177
U133A__NRIP1	5.5528	7.2417	7.4096	7.0521	7.9732	4.3597	5.9207	6.3574	6.5283	8.4802	5.5339	7.3417	7.1886	7.2016	7.5251	6.4286	8.3895	7.2883	5.6035	6.477	8.2701	9.7614	7.0626	7.0664	5.2151	8.0484	6.1913	8.4174	5.9009	3.7583	6.4733	5.6841	7.5076	7.1235	6.9367	7.2135	7.6569	6.1168	6.4789
U133A__ADORA2B	6.2311	6.1615	8.2451	5.3114	5.5734	8.4773	5.51	7.9456	5.3852	6.126	7.0501	8.6464	7.6821	8.9669	7.1201	7.0246	7.5635	7.1372	8.0401	6.1847	5.779	5.1524	9.0234	6.3393	8.2953	5.5289	6.2769	5.5188	6.1711	7.4778	6.8111	6.6939	5.2126	6.4237	5.9435	5.4204	6.5418	6.1897	6.3068
U133A__GRB10	4.7959	5.4919	6.2638	8.5374	8.2707	5.3595	7.4569	5.402	10.2075	6.5732	6.3604	4.9465	4.8583	6.6414	6.2955	4.6338	6.1154	7.6347	7.8401	5.8101	5.4498	9.6632	7.1144	5.4158	6.6734	6.0157	7.1687	5.4992	4.9824	5.3711	4.4084	7.763	6.053	7.6325	5.8099	6.8667	7.2711	4.8448	6.1565
U133A__CTSH	7.7912	7.8723	8.9284	7.1516	7.8606	7.6416	5.9081	8.2239	6.6067	7.394	8.0708	7.8029	9.1521	8.9282	7.4304	8.2436	7.9671	9.1895	6.2436	7.3984	9.0816	6.3329	6.9505	8.1891	6.9421	6.8663	7.6441	6.3931	7.6669	7.427	8.1701	6.6331	5.5263	8.3996	7.2394	7.1167	9.3313	7.7488	7.101
U133A__SMAD1	6.1768	8.0307	6.0679	7.0053	6.9269	4.9053	6.5586	6.5566	9.9596	6.5567	6.8041	7.2639	7.3547	6.1045	8.6213	6.2115	6.5284	8.183	5.8833	5.9847	5.9323	7.9384	4.5864	6.6644	5.352	7.1573	6.8609	6.1689	6.9091	6.698	5.7876	6.9541	8.3608	8.491	6.0181	6.3538	6.7073	7.2564	7.3093
U133A__SH3GLB2	6.5425	6.1316	5.2045	7.5758	6.9276	5.7078	7.1346	6.1178	5.6393	7.6168	5.069	5.9234	7.0037	5.1924	6.4713	5.3567	5.5879	6.4594	5.1439	5.1173	7.4452	7.2121	5.1126	7.0174	5.9868	6.6336	6.07	6.1606	5.7669	4.7977	6.3724	5.9489	9.1407	6.4003	6.9105	7.6052	6.7678	5.9303	6.9862
U133A__FGFR4	5.2867	5.3796	4.6769	5.932	7.0564	4.6014	8.8352	4.8179	5.08	5.6192	5.5987	5.5846	4.808	6.2914	5.3225	4.6994	5.1195	4.6729	5.1249	5.0994	4.7136	6.0483	5.4814	5.1906	5.0617	7.1829	6.8866	10.4891	5.3601	5.2254	5.1338	5.1372	5.6779	6.7871	6.0534	5.1223	5.6953	8.0318	7.52
U133A__PSMD6	8.5665	8.6993	10.152	8.3642	8.8256	9.7455	8.3163	8.2829	8.6801	8.2862	8.5112	8.5596	9.2404	9.5267	8.3989	8.7111	8.5784	8.739	9.7554	11.9775	12.0073	9.7716	8.8803	8.9574	9.6493	9.3167	7.7253	9.076	8.5109	8.6482	9.3608	9.6836	8.4333	8.8076	8.7697	8.7334	9.082	9.3153	9.1403
U133A__ST6GALNAC2	9.2262	6.011	5.93	8.851	7.7077	6.409	8.5175	7.0245	7.166	6.5847	6.2859	6.3744	6.8142	6.3756	7.364	6.3358	7.542	7.0362	6.505	6.3558	7.1622	9.1084	6.5767	9.2193	6.2919	10.5822	8.0335	8.8748	5.9877	6.0963	6.6151	6.6624	9.496	6.5505	9.0304	7.8321	8.3814	8.9466	9.3208
U133A__TSPAN13	9.6774	10.0953	8.3777	10.249	10.7603	5.511	9.5712	7.7338	7.6575	9.9233	6.7565	9.5285	9.5561	9.2752	10.611	8.413	7.5481	10.2011	5.4571	9.1734	9.4408	9.5767	7.3108	10.1409	5.6786	10.1128	10.3424	9.7301	9.8614	8.6711	6.8176	6.1061	11.0026	10.0425	11.2545	10.2015	10.0762	10.0917	10.3821
U133A__HIST1H2BG	4.8283	4.2641	3.7738	5.0005	8.9158	4.5763	5.5262	4.4331	5.2718	9.2574	5.3945	5.7249	6.471	4.4167	6.6603	4.5105	7.4535	4.1956	4.0378	5.3949	6.6731	6.9855	5.2408	5.3898	4.1684	8.9951	6.9417	6.9214	4.4134	4.9449	4.4145	4.68	5.8657	6.7726	3.6731	5.8628	4.7131	4.8942	4.9211
U133A__ACSL1	5.8954	8.2165	6.9153	8.658	6.2343	5.1716	7.2737	7.9344	5.8146	6.185	8.0636	6.2	8.2443	6.2225	6.7455	5.5297	7.044	8.7631	4.7826	4.917	6.1018	6.4659	5.6861	7.0502	5.928	7.5073	7.6861	8.5253	6.84	4.6924	7.4148	6.8998	6.3058	9.291	8.5472	6.3515	8.1543	5.7848	5.8106
U133A__DDHD2	5.7329	5.1869	5.7385	6.3218	7.5291	7.3764	7.6679	5.7755	7.0075	6.4243	6.4252	6.0938	5.7536	5.0022	5.3877	4.7849	8.2977	5.5132	5.3983	4.8431	5.0398	9.4371	6.2164	4.9926	5.8959	7.1894	5.1896	5.0304	5.7845	5.3218	6.174	6.0806	6.4773	5.8549	8.5294	5.6816	7.1608	6.7111	8.0634
U133A__VAV3	6.6139	7.1379	7.0703	8.3207	8.416	8.4371	8.5097	7.4218	5.5936	6.3399	6.8818	5.7202	6.9613	6.2428	8.366	6.9085	7.5863	7.8535	6.6148	5.7006	6.4528	8.4579	6.1239	6.0939	5.5022	8.7219	7.0271	8.7019	6.3496	5.5358	5.611	5.8513	9.0343	7.2773	7.438	8.7886	7.663	6.9197	6.7062
U133A__MKNK2	8.8547	9.1024	8.1041	9.4367	9.134	7.54	8.4693	7.416	9.167	9.0655	7.1375	8.6892	8.2033	7.7142	8.9706	7.5959	9.0658	8.9596	7.0119	7.0536	7.6164	8.2146	7.3453	8.596	8.3944	8.5317	7.9915	9.8256	9.3436	6.5736	8.5994	8.4037	11.1721	8.9377	8.8276	8.2748	9.5034	10.562	9.1577
U133A__SEPP1	6.7939	8.2703	4.9517	6.4515	7.7486	4.5723	7.1106	4.7281	4.5017	7.5343	8.2599	4.836	8.2811	4.6901	8.1246	5.8341	6.3741	4.8683	4.9177	4.4563	4.5954	9.4429	6.2604	5.3088	4.3451	10.806	10.2101	9.6458	6.2624	4.7379	4.6913	5.1189	8.3721	8.0684	8.6532	8.6522	5.8956	9.6879	6.5472
U133A__EFEMP1	7.4576	8.4777	3.9936	4.9476	7.2537	9.8537	9.8452	11.5931	3.9406	9.5939	4.5082	9.0406	7.8452	6.2124	9.5684	8.5328	11.2032	9.9411	5.6562	6.8707	6.1881	4.3448	9.1576	7.5869	6.0508	5.3781	9.5557	4.4232	8.7332	3.8355	9.2272	9.7898	10.0329	9.0876	4.2679	10.1096	7.0931	6.9504	7.616
U133A__DIP2C	6.0306	5.6	4.8042	6.1426	7.3021	5.8184	7.2703	5.9785	7.7083	7.6453	5.5877	6.3643	5.5528	4.2909	5.8443	5.318	7.5229	3.946	5.2792	6.2597	6.5002	7.245	7.9021	6.0921	5.9908	7.1526	6.9179	6.2128	5.3484	6.081	4.2421	5.8763	8.1831	5.9789	5.1349	5.6502	6.3524	6.2191	6.4159
U133A__CCNG2	6.4336	6.4736	4.9784	8.8661	7.9676	6.148	7.2863	6.6605	7.9378	6.2712	7.1643	6.5364	5.9897	4.6778	6.7081	6.0424	7.5071	6.8682	5.8272	4.8462	6.6988	7.5543	6.4808	7.4897	5.8436	8.5074	7.0697	8.2579	6.3197	6.1248	5.9026	3.8867	7.83	7.0928	4.4897	6.7813	7.3914	8.2052	6.0948
U133A__RAB11FIP1	7.0112	6.3265	6.0089	6.3952	10.1852	4.1652	7.5606	6.1832	5.5435	7.7345	6.5955	5.6248	6.6226	5.2897	7.879	5.1828	6.1834	5.6434	4.4743	5.1289	5.3596	9.2312	5.4449	6.7784	5.3435	6.8999	5.2841	5.1493	6.3631	3.4957	5.5237	5.5979	7.3772	10.4161	7.5511	7.0406	7.0536	8.8087	8.0265
U133A__FANCG	5.7529	6.8231	6.2545	7.6	6.4537	7.0761	7.065	6.4867	7.2667	6.451	6.1187	6.9206	6.517	6.4031	9.5935	6.5269	6.0361	7.6104	6.1079	6.78	6.4459	6.9052	6.4125	6.4774	6.8825	6.9184	6.8003	7.3341	6.1179	6.1296	6.6838	6.6105	5.5828	5.7232	5.3223	6.4065	6.3229	5.9315	7.0228
U133A__HIST1H3H	4.5987	5.0394	5.7959	5.2954	7.0262	5.1973	7.1901	5.2309	5.1804	7.7752	4.9774	5.3258	6.7115	4.903	8.3387	5.3894	8.3287	4.9466	4.5073	5.3057	6.6563	5.6775	4.9412	4.668	4.3556	8.4879	6.8346	6.7291	5.1044	5.9021	5.0129	4.7309	5.8351	6.2272	4.5009	5.9355	5.0129	5.2029	5.5379
U133A__GLUL	10.5059	9.8161	6.2556	7.5359	11.0773	3.4309	8.1531	9.8361	8.8808	10.5978	8.4556	10.201	9.1487	6.6296	9.8783	3.3355	8.385	9.3406	5.584	6.555	8.4217	10.7981	8.1008	9.5265	6.7947	10.4427	9.8707	8.2571	10.11	8.1982	5.7105	9.0594	9.5098	10.1961	10.0047	9.2132	10.0695	9.5704	8.8812
U133A__PDCD4	6.1441	4.7881	3.469	6.8825	8.2694	4.4945	8.2124	5.7415	6.9783	9.3378	4.8222	5.4742	6.1414	3.284	6.8198	4.9423	4.4933	7.5575	3.7218	4.8931	6.3885	6.384	3.7962	5.9022	7.4032	7.8862	9.6151	7.2734	3.8107	5.177	4.0607	4.2696	6.9303	6.7761	6.487	7.7569	8.1883	9.0148	8.2637
U133A__NEBL	7.1562	7.471	6.4486	7.9659	8.3793	4.4277	8.0852	8.1581	5.8258	8.7265	4.729	4.5974	6.1047	4.8275	8.4438	4.7794	5.3089	8.8448	4.5196	7.2791	7.7379	7.7128	4.3245	6.2351	4.2596	7.1621	7.8028	6.5042	7.6328	4.692	4.966	5.6682	9.7977	8.5099	6.3427	7.0842	8.2432	8.448	7.1828
U133A__FAR2	6.3903	8.0677	5.6978	6.9496	6.2868	5.9047	5.7329	6.2657	5.466	7.1439	6.4881	6.0924	5.6582	5.9597	7.204	5.8775	6.299	8.1854	7.381	5.6307	5.8298	6.5426	6.0009	6.0981	5.3047	6.5191	7.4616	5.4745	7.7824	5.6838	6.4978	6.3407	8.1011	8.018	7.6185	5.7586	5.2172	8.6558	8.0705
U133A__SYBU	5.6057	7.1378	6.8216	6.5622	5.2884	4.403	6.7934	7.1796	6.7974	5.8583	5.5895	6.0793	5.6074	5.9371	9.1381	6.3094	6.2101	5.5562	4.806	5.187	5.4624	5.308	6.1226	6.7923	5.5903	7.0347	6.491	5.8738	6.9754	4.5873	6.0303	4.8434	5.5518	7.0199	6.6599	5.2925	4.8361	5.1108	6.1545
U133A__ADD3	6.6598	6.5922	5.3978	6.785	7.3626	4.6305	5.8974	7.5616	6.7554	6.0067	5.9834	8.9014	7.7653	5.2378	6.6912	4.2227	7.5595	8.6087	8.3932	5.0474	4.6928	6.3464	7.5729	4.5674	5.9771	9.2733	8.7003	4.1664	5.7824	6.9891	7.4625	3.7616	4.5454	8.7778	8.6528	6.232	7.0666	6.5704	6.4893
U133A__VIM	5.8226	4.9592	5.965	7.7481	5.6063	11.6511	5.8908	11.3821	8.7797	5.3502	10.7222	4.9413	5.8206	9.4913	5.6946	10.5693	11.5151	8.134	12.5403	5.7703	5.8608	8.4895	12.7467	6.4138	11.4408	5.516	5.4939	5.091	5.6462	12.9893	9.5774	12.4633	5.4996	5.2009	5.4907	5.7024	7.8423	5.528	5.1392
U133A__COL4A2	6.4635	5.4771	6.2726	4.9197	4.4398	9.5328	4.7309	6.7139	4.8079	4.9894	7.5194	8.2333	5.6191	5.1904	5.0157	9.3085	8.3007	4.2182	8.3461	4.7889	4.7039	4.7941	9.7331	5.177	5.9915	4.8098	5.2981	4.7465	5.4106	6.024	9.0196	4.8637	4.61	4.6647	4.8703	4.9757	4.6655	5.105	4.6821
U133A__RDX	6.2849	7.0989	8.185	5.5424	5.2777	9.8431	4.669	6.885	8.2381	4.714	7.2261	8.2444	7.3477	6.6441	7.49	6.8925	7.3649	7.5288	7.2916	8.6552	8.7689	3.9994	7.5706	6.3754	7.8273	6.2957	6.3962	5.5619	7.7306	7.8101	6.6603	7.7876	6.3776	6.9522	7.0507	7.4451	8.1581	6.8784	7.3748
U133A__APOD	9.7815	7.0284	6.0701	6.285	6.7823	6.0931	6.2108	6.2081	5.8998	6.1683	6.3706	5.6952	6.6942	6.2645	8.9069	6.3223	5.9225	5.7288	6.1374	6.3176	7.3443	6.6797	6.0506	10.0771	6.1221	6.443	10.7247	6.2183	7.7596	6.2803	5.9412	6	5.9374	5.8299	8.0883	8.1551	9.0423	10.6398	5.9344
U133A__TIMP2	6.9407	8.1437	7.5463	5.9061	6.7268	6.8093	6.4559	7.4862	6.1842	6.645	7.2158	7.4453	6.6229	7.8937	6.1997	7.5739	7.5759	6.5576	6.9703	6.4701	6.6941	6.911	9.6382	6.6629	6.7168	5.6529	6.2677	5.5385	7.5049	8.0501	6.498	6.5791	5.934	6.7798	5.9121	6.6794	7.9524	5.8372	7.0237
U133A__PLCG2	6.5168	6.5628	6.8862	6.6357	6.3363	6.7695	6.7472	6.8618	7.0184	6.6858	6.8866	6.5975	7.3542	6.9606	6.522	6.9216	7.2069	10.2967	6.8883	6.7778	6.8881	6.5643	6.5345	6.3556	6.7718	6.6133	6.7417	6.3532	6.7498	7.1081	6.2739	6.6263	6.5003	6.4407	6.699	6.9178	6.6411	6.4317	6.4792
U133A__HIST2H2BE	5.2169	6.1555	6.3954	5.9939	9.4664	4.7581	6.4892	7.028	5.845	9.4831	6.6393	5.1986	7.3397	5.9223	8.9328	6.3304	8.0707	6.4151	4.9797	7.2026	8.2043	7.1567	5.8962	6.2671	5.0337	9.2133	6.6612	6.7257	5.8532	5.39	5.6544	5.0466	7.1041	7.1433	5.9142	6.7795	5.2721	5.3079	6.1542
U133A__MYST4	7.0787	6.8894	5.2493	6.0654	8.0895	5.6758	5.793	5.4408	7.1973	6.6176	5.3211	6.4505	5.2011	5.0087	5.5126	5.0508	5.4213	5.8407	5.1085	4.9302	6.0605	6.3682	5.4057	5.8903	6.1108	6.9664	7.4141	6.5656	5.5771	5.5914	4.719	5.0868	7.9743	6.9307	5.7341	5.835	6.4515	7.4708	8.7538
U133A__NLRP2	6.9582	8.4793	5.0348	7.6657	7.8933	4.764	5.0248	4.8855	6.4806	7.8545	5.032	9.1216	4.6322	6.5268	8.656	4.7964	7.7795	7.8198	5.2571	4.9573	5.2798	7.4121	7.515	7.621	4.6412	7.7192	4.8763	4.826	6.0291	4.8136	6.4483	4.9886	5.2006	4.588	6.8504	7.7586	8.0687	4.9008	4.7108
U133A__ALDH3B2	6.5658	8.7068	6.0898	9.5624	8.1606	5.2722	7.965	6.0893	7.5457	8.0414	6.9725	4.847	7.2269	5.3528	10.1542	6.3245	4.9788	4.7615	5.3712	6.066	6.2633	10.8627	5.4095	7.7902	4.5362	10.3719	7.7701	8.9937	7.1355	4.5919	5.4648	4.9338	7.1044	9.7612	8.5803	7.4248	8.7639	9.0773	8.4681
U133A__HLA-C	9.5023	8.7854	8.8479	10.5686	11.6679	10.3256	10.1351	11.0708	12.5864	10.813	11.4648	11.0759	11.8655	10.9118	8.252	11.0232	11.783	12.3098	9.4587	7.7843	9.2536	10.7895	12.1352	10.024	8.9901	11.4528	11.0879	10.2412	7.1053	10.2763	9.6461	9.7808	10.8914	12.488	10.2614	10.7571	11.1958	9.1612	9.2981
U133A__ID1	7.5488	8.458	7.3176	9.202	5.6677	8.8821	8.9097	9.9643	9.5179	4.83	7.5484	9.8832	11.5212	8.5198	11.6982	9.9092	12.1237	9.877	8.8602	8.3347	9.1138	9.3942	9.3329	8.6759	9.2361	9.5439	9.8859	9.7659	7.7427	9.1492	8.3101	10.132	8.381	9.4306	10.2033	9.0256	5.3317	9.1427	8.2074
U133A__C1orf115	7.2949	6.9475	4.7813	5.8685	6.449	5.1898	6.9003	6.3547	7.1337	5.0147	6.5582	6.3223	6.1112	4.7567	7.3154	6.2642	6.4033	5.1145	5.007	5.4686	5.3279	5.574	4.9872	7.0146	4.8072	7.4573	8.5627	7.4798	6.4155	4.7245	5.8825	5.5547	5.9571	8.6383	9.0861	6.4767	6.1671	9.6618	6.7793
U133A__RPS11	8.733	5.8508	7.0788	7.4744	7.2067	7.6569	6.6613	7.6723	6.1	7.294	7.0191	5.7544	6.6921	7.6675	6.7869	6.3032	7.2814	5.7429	8.4126	9.6242	7.3204	7.1407	7.695	7.8463	8.7658	7.2222	7.9554	7.207	10.1389	6.8246	6.6546	6.9884	7.0745	6.1506	6.37	6.8314	5.6956	7.144	5.9172
U133A__METTL7A	6.9451	7.266	6.3437	7.5847	8.1422	4.3841	6.851	7.3172	6.7391	8.7913	6.6125	5.1798	8.321	4.1851	7.5515	8.8087	6.7329	6.9387	4.9186	4.7595	5.9162	8.1643	6.6631	7.4639	4.2725	9.2273	7.6442	7.6979	8.0295	4.2081	4.95	5.9051	4.6698	9.855	7.7331	8.8341	6.5752	7.8531	6.9736
U133A__SORL1	5.7086	8.3488	6.9424	6.2947	7.7962	3.6815	5.7057	7.3847	5.8328	7.1687	4.6981	6.6514	5.1493	4.9174	7.6933	5.6486	4.043	5.3373	4.3902	5.4828	4.6985	6.2511	4.3243	7.3687	3.9044	7.8562	7.1221	6.9027	7.7997	4.4591	4.9864	4.7273	7.0604	8.2421	7.5793	7.4088	8.5574	6.4981	5.8997
U133A__UBE2L6	7.0686	6.0578	7.2897	6.009	9.2064	6.4877	7.7691	6.5728	9.9793	8.4731	7.8909	9.2682	9.8403	7.5473	5.2854	5.8958	8.4849	9.1647	7.392	6.342	6.1751	9.54	8.7362	6.4095	6.0392	6.8248	7.4593	6.5761	5.9433	6.3902	7.134	7.3836	7.5516	9.2236	8.1028	7.7105	8.2647	5.9847	5.3484
U133A__C10orf116	9.1902	8.2899	5.318	9.178	8.9706	4.472	9.695	10.0032	4.7791	9.3951	5.1718	8.9521	4.3801	5.2636	9.8931	6.1048	6.8811	4.7923	4.7919	6.3825	5.6946	10.1961	4.8802	11.1909	5.2037	11.2659	10.0249	6.4343	9.0689	5.2127	7.5886	5.4465	4.9414	8.3863	10.4616	9.125	9.852	9.5303	10.8611
U133A__CYR61	7.9058	8.1337	8.7486	7.2872	6.0591	9.9464	5.4504	7.7791	4.4815	7.6012	8.4784	6.7943	8.0849	8.6439	7.6799	9.575	10.4785	5.9019	10.6077	5.8235	5.4758	5.6887	7.6585	7.316	11.0284	6.8624	7.1407	6.9966	8.7828	10.4135	8.5484	9.6697	6.1964	9.4093	7.826	8.5165	6.9877	5.8984	5.861
U133A__SYDE1	6.8379	7.2472	6.8609	7.0885	6.6727	8.0843	6.5162	7.3569	6.8825	6.6175	6.6774	6.5162	6.9342	6.5962	6.8248	6.8539	7.4273	8.6698	7.7618	7.0502	6.8468	6.2236	7.6436	6.8661	8.3824	6.3775	6.5334	6.6439	7.3526	7.8582	7.1119	8.1386	6.6154	6.164	6.431	6.8578	7.313	7.1023	6.6196
U133A__DNM1	5.6161	5.646	5.4321	5.8578	5.8727	6.6942	5.6352	6.4943	8.8086	5.9955	6.2088	7.913	6.0178	5.36	6.3878	5.7923	8.6169	8.4682	5.7741	5.5244	7.1578	6.3168	7.6517	5.6249	5.6326	6.4587	6.9409	5.6904	5.7951	5.5233	6.324	5.5619	5.3328	5.261	5.5189	5.5842	5.462	5.8005	8.0049
U133A__SEMA3C	5.5063	7.8535	6.2973	7.2138	8.9072	7.9184	8.3292	8.5165	6.515	6.9541	4.8101	6.5634	5.7918	5.1109	6.6837	6.0845	8.9521	5.6476	7.3771	8.3973	8.6625	6.3229	7.9666	8.2876	5.6302	7.8415	8.0204	6.4005	5.7378	6.6405	3.8054	6.3761	8.6192	8.9705	5.6067	8.6439	7.6228	5.8646	8.8128
U133A__DEGS1	6.8249	6.0243	7.0363	6.6615	6.8731	6.713	6.61	5.8782	5.2917	6.7579	7.0455	6.6837	6.4182	7.6759	6.2588	6.8383	7.5211	6.5886	6.7486	8.3607	6.5126	5.6159	8.0834	7.77	7.2396	5.7017	7.1705	7.9357	7.0837	6.7336	8.0758	7.3776	5.5452	5.4043	6.8749	6.2224	6.518	8.4512	6.7358
U133A__CKB	5.3442	7.7875	5.6154	5.4548	7.2727	7.2986	7.9556	7.8831	5.951	7.7218	5.4318	7.4084	6.4976	6.0638	6.8017	5.8878	6.9659	6.6128	5.5701	5.7784	6.5721	8.3052	7.7159	5.8863	5.9212	7.0171	6.8611	9.5775	7.0333	9.5311	5.9426	5.512	8.4104	7.5521	5.1422	6.9092	7.7166	9.1697	9.3753
U133A__KIAA0040	7.4994	6.4763	6.2241	6.3177	8.4261	5.5327	7.1961	6.3227	5.7125	7.9873	6.0097	7.8512	6.4646	6.2896	6.4563	6.0658	5.6974	6.5026	5.7298	5.6006	5.9483	7.6846	5.955	6.4962	5.278	6.0962	7.1032	6.9009	7.0973	5.2923	5.7746	5.1966	6.184	6.4999	8.7619	6.5898	6.2826	7.188	6.3955
U133A__HIST1H2BK	7.8626	9.2518	9.6636	9.211	10.265	7.7061	10.2513	7.6802	8.4455	9.6962	8.8744	9.1657	10.3357	8.5626	11.4476	8.3287	10.8107	9.2549	7.4624	9.4798	10.0636	8.8671	9.2992	9.3189	8.3553	10.3908	10.9972	9.5832	8.6993	9.5496	8.6964	7.2105	9.793	10.1358	9.1875	10.0889	8.8459	9.1856	8.8304
U133A__NRAS	5.5548	6.1408	7.7102	6.0264	5.2946	7.6303	6.9143	5.5279	5.2327	6.1487	4.6216	7.2599	7.2058	6.6215	4.2955	7.6456	7.144	6.1282	7.0791	8.2575	8.4564	5.858	6.3052	4.9996	7.7325	5.1749	5.0033	5.4207	5.5992	7.5259	7.0119	7.2775	4.3038	4.2994	5.9637	5.7282	4.6213	4.1235	4.3905
U133A__TTC39A	6.7363	7.9537	4.4192	6.888	8.6528	3.8361	6.2428	4.6311	5.2211	9.349	4.463	4.6581	5.3975	4.1091	6.965	5.4051	4.311	6.2015	3.7661	4.5869	7.2805	6.8676	3.4222	5.9355	4.2968	7.8908	7.3398	7.8998	7.1437	4.1734	3.6019	4.3341	7.0522	7.0384	6.696	7.1654	8.5979	6.5769	7.4901
U133A__PDLIM2	6.1838	6.4469	6.5686	5.0195	5.6124	8.445	5.1054	6.7985	7.5575	4.7108	6.3607	5.2325	5.6691	6.1512	6.3079	7.0536	6.8265	6.1954	8.6963	6.1059	5.2037	5.8817	6.625	6.3894	6.7859	4.9201	6.5696	4.5589	7.137	7.7536	6.8021	7.2215	5.3168	5.6906	4.947	5.8226	6.1853	6.1648	6.9082
U133A__AXL	4.5848	4.3447	4.36	4.6163	4.3957	9.7332	4.3709	7.011	4.3959	4.4975	4.5981	4.2906	4.9826	5.1863	4.2474	5.2312	9.2723	4.1729	10.475	4.5906	4.4261	4.7784	8.3136	5.0443	10.3645	4.1508	4.614	4.2537	4.0831	9.5546	7.5369	9.6852	4.2137	3.971	4.2126	4.5153	4.3396	4.2859	4.2316
U133A__SIDT2	5.8856	8.986	6.2933	7.3246	8.4842	6.6145	6.7782	5.727	7.0085	7.2121	6.4307	6.7302	6.8686	5.6188	8.9948	6.3065	6.9148	6.7901	5.7854	7.1027	6.6763	6.7265	7.3668	6.6904	6.4539	7.618	6.7863	7.0954	7.2985	7.8062	5.4073	6.5306	8.0395	7.2792	6.6182	7.7683	8.1148	7.4488	7.262
U133A__AHNAK	5.281	5.7218	6.4729	5.9388	5.7781	5.2206	5.2713	6.1827	6.0559	6.224	5.2952	5.0968	6.7373	7.6819	6.8806	5.6812	5.9843	7.446	5.8018	5.7293	4.9851	8.2307	5.331	5.487	5.0914	7.506	6.7486	6.7658	6.1605	5.0432	4.7147	5.4686	5.7549	8.1404	7.3006	5.636	5.4948	6.6421	7.5269
U133A__C6orf211	4.7061	5.7621	5.6679	7.0185	8.9986	4.6285	6.9624	4.5967	4.1924	8.487	5.0896	6.0769	4.6395	5.7836	6.7831	4.2786	4.0272	5.9741	4.6184	6.7797	7.9113	8.0697	4.908	6.42	5.865	8.5915	6.0873	5.0652	5.1504	4.4327	4.8395	5.1406	4.7754	6.2025	7.0532	6.7713	6.982	4.5541	9.4202
U133A__BHLHE40	4.8137	9.0104	7.5841	7.9928	10.568	7.966	8.0251	9.1001	8.8729	7.9228	7.9559	6.8667	9.1255	7.9007	9.1491	9.1102	9.058	9.8461	6.9324	6.5935	7.2855	9.8204	8.4766	7.7957	6.2979	6.4938	6.725	9.0946	7.9858	6.6069	8.2761	6.3476	9.8552	9.0027	5.9998	9.1508	10.0326	7.6047	7.3721
U133A__HLA-B	8.2861	6.5287	6.9258	8.4347	9.7896	8.1642	8.915	9.9839	12.112	8.8869	10.6615	9.8035	11.5088	10.0633	6.3218	9.5062	10.8249	12.3107	8.5989	6.9006	8.3908	9.4948	11.9091	8.045	8.1669	9.2382	9.8055	7.5816	6.226	9.7036	8.7843	9.7905	9.8309	11.646	8.6981	10.2594	9.7333	7.8149	7.1263
U133A__KIF14	6.6803	6.4582	6.7575	5.5932	5.6142	7.1136	4.9453	5.6646	8.1398	5.3265	6.9909	7.2605	6.414	5.3583	5.431	6.481	6.2668	7.5613	5.9016	5.7401	6.9772	5.3392	6.6024	5.8901	7.6284	5.4955	6.6597	5.9754	6.0151	5.7495	5.9024	6.1868	4.6193	5.8014	5.3477	5.6868	5.8779	6.7918	7.0268
U133A__ANK3	6.4478	7.308	5.8183	7.5215	7.0276	2.7342	6.8733	7.1104	5.6934	7.8747	7.0227	5.117	6.4182	4.6788	7.3358	6.7191	6.6335	6.6594	2.6483	5.8109	6.8444	5.6613	3.2294	6.2805	3.5943	7.386	7.623	5.2949	7.0939	2.7388	3.1715	5.8833	9.1143	7.5673	5.702	6.1148	6.4416	6.837	6.6091
U133A__FADS2	5.0818	5.4816	5.1322	9.6465	5.6504	8.0394	6.7684	6.6788	9.8575	5.5179	6.906	6.5907	5.6059	5.1901	5.744	5.9413	6.749	8.3327	5.5382	5.4518	6.5012	8.1996	5.9069	7.7532	6.8656	6.9474	8.2342	5.3166	5.3886	6.9133	8.1528	4.4817	6.0448	10.0084	7.0889	5.6521	6.3014	5.7343	8.0881
U133A__MEGF9	6.1887	5.2454	5.728	7.1921	7.8359	5.352	6.5592	5.4416	7.4246	8.1128	5.4149	5.8697	5.8965	5.6407	5.7681	5.6285	6.0475	6.4887	5.5942	7.7911	6.5321	7.1962	5.0869	7.0854	5.5495	9.258	7.1866	6.6597	5.7238	5.1876	5.0277	5.331	6.8868	6.9558	6.8659	6.6887	6.5666	6.1345	6.9286
U133A__GCLC	5.843	7.7352	8.5104	7.0728	7.3417	4.4612	8.2977	6.4867	6.2695	7.3886	7.0978	10.3234	7.6686	8.2588	7.4149	7.2031	7.159	7.8009	7.0854	7.2652	7.0561	7.2205	6.7749	5.4782	7.1358	7.9446	7.7615	7.1739	6.5993	7.1532	7.3949	6.4673	5.7956	10.6962	8.8522	7.1964	6.587	5.5308	6.9443
U133A__TOP2A	8.3218	7.635	7.5818	6.7714	7.6466	7.4354	8.2835	7.4427	7.6015	6.105	7.0173	6.9158	7.6242	7.2079	7.0333	7.8213	8.1878	6.9581	8.3969	7.9242	6.9241	9.1534	8.2413	6.8402	9.352	6.7271	7.4424	6.3468	9.4954	7.4665	7.6737	8.2323	5.1247	5.1761	6.7477	8.6761	8.3956	8.563	6.896
U133A__RCAN1	9.5061	7.1303	7.6573	5.82	5.6035	7.7765	5.7191	7.9377	6.1191	5.2347	8.8541	4.8444	6.9518	5.967	6.6797	7.3532	6.7074	8.7816	5.7036	5.7352	4.0112	4.6964	6.4032	8.3341	6.0613	5.947	7.4427	5.2858	6.2714	7.7167	5.6586	6.4412	5.1797	8.8791	7.3375	7.707	9.0319	6.8817	5.7304
U133A__PLA2G16	7.1982	8.495	6.5464	8.0667	6.7911	5.2454	6.3602	6.5026	6.8197	7.8318	5.449	8.3152	7.9048	6.0987	8.3904	5.2744	7.1345	7.8377	6.4017	6.4259	7.1985	9.0873	8.8867	7.7284	8.576	5.7546	9.345	5.7119	8.4557	5.8096	8.2032	7.7789	6.2083	6.7106	9.2644	9.5939	8.748	5.3636	5.4294
U133A__ACTL8	7.2689	6.6188	6.8011	6.9101	6.7162	6.7304	6.789	6.7821	6.4917	7.0359	9.48	6.4103	6.6844	6.801	6.7823	6.5964	6.6881	6.9857	6.7492	7.0368	6.9253	6.7076	6.7121	7.0124	6.5698	6.7753	6.6986	6.6741	6.9823	6.8612	6.8399	6.7522	6.656	6.0329	6.6576	6.9007	6.3788	6.9607	6.7018
U133A__DENND1B	6.3564	7.0433	6.0849	6.7197	7.3619	5.4436	5.5455	6.0512	6.8209	6.9892	5.5922	7.1538	5.8176	6.1389	7.6322	6.0845	6.1378	8.7131	4.9544	5.3848	5.9119	5.8	5.6715	6.3586	6.0179	6.6521	6.3554	9.1288	6.1495	4.6695	5.3525	5.3775	7.1013	7.9586	6.5288	4.5367	7.9641	7.925	10.3512
U133A__SHANK2	7.3481	5.9045	4.943	7.6843	6.9359	3.9882	5.1612	5.641	5.3585	5.1934	4.0531	4.7244	4.8992	5.345	6.5754	4.4562	5.1162	6.8101	3.9503	5.2678	5.5006	7.2976	3.8321	6.9453	4.2847	7.5141	6.359	7.3884	5.3379	3.9945	3.8673	4.0287	6.3054	7.4714	6.2082	6.502	6.8877	6.5888	7.1964
U133A__PON2	6.9905	8.545	6.3746	6.9593	7.6992	6.8894	7.5751	7.1908	6.3066	7.1999	8.0402	6.9952	6.2384	7.0837	7.9459	7.2793	7.6566	7.9654	7.5685	6.838	6.2501	8.0083	8.0485	6.7746	6.4667	7.1855	7.0361	6.9661	8.2261	7.6251	7.2494	8.6669	7.4132	9.4905	10.4159	6.8371	7.2709	8.3466	7.3836
U133A__TRIL	6.45	7.691	4.9883	5.7803	8.2706	4.3206	6.0987	4.8923	6.7164	6.9271	4.5574	4.0993	4.5377	4.618	7.1386	4.4006	4.3815	5.8478	4.3545	4.9991	5.0011	7.308	4.4089	5.3409	4.5657	5.6758	4.9838	5.7791	7.6403	4.4034	4.3459	4.6801	7.0693	7.903	5.9149	7.3008	6.3524	6.3898	4.6888
U133A__LOXL2	4.6838	4.8373	7.2684	5.2765	4.931	11.2532	5.0339	5.1123	8.9399	4.9087	6.8644	4.7623	5.0723	7.4659	4.8991	7.0953	7.9161	6.9804	9.527	6.8229	5.5615	5.0457	9.013	4.8066	8.2858	5.1224	5.0076	5.0073	5.2823	8.7674	8.8033	7.5966	5.225	6.1602	5.0957	4.983	7.7962	5.0515	4.9497
U133A__SPARC	3.7712	3.66	3.5138	3.5735	3.4648	10.4223	3.5195	4.282	3.8571	3.5912	8.829	3.6301	5.2953	3.922	3.632	9.6467	9.8987	3.695	11.0811	3.9276	3.715	4.7207	11.7943	4.1587	5.5428	3.6311	10.9894	3.6342	4.0483	8.1684	3.7031	9.5455	3.8431	3.6479	3.7304	3.9174	3.54	3.7679	3.658
U133A__EFHD1	9.5837	9.9173	6.1706	9.7862	10.4842	6.3996	10.6224	8.6955	9.7906	10.8012	8.6042	5.8168	7.3487	6.7717	10.3268	8.7539	6.6386	5.7835	6.4648	6.0895	7.4306	9.3281	6.4413	9.8417	6.5019	8.6508	9.4486	9.002	9.7556	6.3446	5.8119	6.6156	9.3171	10.3552	9.4809	9.9842	9.4813	9.006	8.7483
U133A__PYGL	6.1764	6.1307	4.7939	4.9125	8.0597	7.5817	4.3046	7.4084	4.163	8.6838	7.7568	7.3237	4.9142	7.3781	4.8757	7.8709	7.0616	6.0458	5.7669	6.1285	5.7923	5.2368	6.3293	4.9706	7.8474	4.3501	4.681	4.8473	5.8791	7.3971	8.3703	4.7817	4.7269	4.6629	4.499	5.5812	7.9852	4.661	4.5797
U133A__PMP22	5.2565	4.7053	5.1463	5.1319	5.4801	8.5525	5.7927	10.0992	5.4421	5.429	9.3067	5.4072	5.1737	5.345	5.9816	6.3296	6.8562	5.0425	8.2183	6.5357	9.0143	7.1606	8.7543	9.7452	8.7851	6.3452	8.5414	4.8371	5.3986	8.7837	6.0432	7.9716	4.706	4.6818	5.7261	4.7756	6.5781	5.5308	5.6785
U133A__GSN	9.2268	8.1061	8.1573	10.15	8.785	7.3084	8.6184	10.9304	10.6582	9.1008	8.4068	6.8738	9.206	8.4359	8.3216	10.0933	8.9772	9.9856	6.6957	6.9336	8.5384	9.311	5.7017	8.1205	6.2354	10.0492	9.4899	6.2992	7.8979	9.4176	8.1646	6.513	9.9793	9.7309	8.8637	10.1924	8.7947	7.6626	8.7535
U133A__NQO1	9.0155	8.3288	11.5842	8.3661	9.2423	9.9761	8.6179	9.1845	5.7607	9.5916	8.9917	8.9205	9.8127	9.3353	8.1832	8.4577	9.8392	8.2246	9.8275	10.157	8.9371	7.248	8.5633	10.5185	9.8231	10.2816	11.265	8.9245	7.6779	10.7929	7.7514	7.6389	8.7586	11.0555	10.7305	8.4283	8.0755	8.4671	8.0085
U133A__BCAS2	6.976	7.1565	9.033	6.483	7.4139	8.0901	7.4672	6.8205	6.4102	7.746	7.7915	7.7371	8.8231	7.59	6.9229	8.1268	8.5233	7.5586	7.7816	9.8199	9.9917	7.849	7.5805	6.1488	8.9237	6.9103	7.386	7.3388	7.0325	7.6049	7.6677	7.9908	6.7666	7.831	7.5694	7.1844	6.6756	6.4719	6.8578
U133A__CLDN3	7.7269	8.5775	5.1292	7.7776	9.2494	4.7725	8.7299	8.1731	6.2573	8.0305	4.4347	5.0398	6.8845	4.4998	3.9735	3.9722	6.2876	7.4706	4.6249	8.2015	10.1075	7.6582	4.2289	5.683	4.4656	7.8263	8.3076	7.829	7.6463	5.0252	5.2019	3.7519	9.1572	10.4226	6.5411	9.7858	10.169	5.8151	7.4535
