Cell lines	AU565	BT474	BT483	BT549	CAMA1	HBL100	HCC1143	HCC1187	HCC1428	HCC1569	HCC1954	HCC202	HCC2185	HCC3153	HCC38	HCC70	HS578T	LY2	MCF7	MDAMB134VI	MDAMB157	MDAMB175VII	MDAMB231	MDAMB361	MDAMB415	MDAMB436	MDAMB453	MDAMB468	SKBR3	SUM1315MO2	SUM159PT	SUM185PE	SUM44PE	SUM52PE	UACC812	ZR751	ZR75B
Response	1	-1	1	1	-1	1	-1	-1	-1	-1	-1	-1	1	-1	1	-1	-1	-1	-1	1	-1	-1	-1	-1	-1	1	1	1	1	1	-1	1	-1	1	1	1	1
Meth__cg12781218__C7orf31	0.038067	0.055007	0.033145	0.038039	0.045644	0.064295	0.045402	0.025956	0.04683	0.049498	0.072155	0.29747	0.041474	0.043728	0.030602	0.051714	0.050824	0.77427	0.76632	0.079963	0.040519	0.04541	0.068326	0.04473	0.074485	0.037882	0.79455	0.041323	0.041513	0.037243	0.045795	0.034473	0.71308	0.034239	0.044678	0.038676	0.037926
Meth__cg05786809__CKB	0.03768	0.50526	0.77559	0.39666	0.14572	0.13628	0.28973	0.040628	0.29722	0.9252	0.59556	0.96953	0.046988	0.69089	0.032388	0.1302	0.13512	0.97487	0.92624	0.042852	0.046993	0.47699	0.87091	0.28237	0.077203	0.80188	0.092308	0.076836	0.077774	0.022652	0.54216	0.065794	0.76081	0.060561	0.040936	0.080353	0.049088
Meth__cg25823578__PTGER2	0.05354	0.85727	0.11311	0.61724	0.33956	0.049773	0.8466	0.0483	0.4929	0.84458	0.79349	0.40286	0.11844	0.94228	0.045986	0.056402	0.52365	0.92655	0.72142	0.31794	0.18399	0.46828	0.81805	0.84305	0.06477	0.054178	0.251	0.72461	0.08196	0.050728	0.91751	0.58146	0.5798	0.51197	0.050568	0.14639	0.28882
Meth__cg00929855__HSPA1A	0.043052	0.077232	0.0222	0.0258	0.03973	0.14679	0.080687	0.023704	0.0354	0.077596	0.043223	0.035603	0.07303	0.74541	0.032446	0.10251	0.026788	0.035553	0.13637	0.031794	0.094091	0.039478	0.97628	0.073347	0.050056	0.036658	0.087891	0.031935	0.032948	0.034988	0.094567	0.023587	0.021443	0.021286	0.028421	0.022959	0.031318
Meth__cg18335068__ZNF677	0.051365	0.95047	0.29806	0.61395	0.93149	0.72502	0.96116	0.20221	0.80268	0.95149	0.40136	0.5159	0.17876	0.66161	0.027996	0.3627	0.041031	0.88043	0.64354	0.036104	0.03575	0.079372	0.66219	0.67995	0.33768	0.042886	0.90756	0.038185	0.15916	0.10864	0.098178	0.48366	0.94111	0.25807	0.033494	0.088111	0.05029
Meth__cg04609859__HOXB4	0.03755	0.64059	0.036734	0.031238	0.82236	0.11576	0.87354	0.48533	0.42034	0.32749	0.73548	0.16273	0.41116	0.11962	0.030202	0.074571	0.44629	0.89809	0.69944	0.30421	0.28431	0.94034	0.75829	0.63583	0.04459	0.036976	0.48567	0.041697	0.070417	0.29009	0.21774	0.38674	0.047131	0.048776	0.10772	0.47201	0.83944
Meth__cg10887021__PCDHB2	0.082121	0.90936	0.064935	0.064721	0.36651	0.35104	0.70043	0.15851	0.092952	0.51425	0.19434	0.065021	0.13203	0.88396	0.067827	0.14608	0.097206	0.80335	0.40337	0.55965	0.71833	0.46516	0.11835	0.098481	0.15736	0.072429	0.51543	0.096316	0.077164	0.65543	0.31382	0.076358	0.099459	0.077309	0.090652	0.12471	0.086715
Meth__cg07654934__LXN	0.65417	0.19624	0.48811	0.90713	0.062351	0.52011	0.052002	0.068215	0.52379	0.89896	0.81605	0.34616	0.35237	0.049567	0.11277	0.069308	0.88067	0.065195	0.057981	0.8992	0.47364	0.10524	0.17951	0.081334	0.059394	0.91204	0.86394	0.060179	0.11847	0.26883	0.86942	0.88333	0.35221	0.90891	0.0843	0.88144	0.87017
Meth__cg00474209__DLL1	0.04739	0.10244	0.10234	0.052378	0.15539	0.14218	0.098332	0.10188	0.088023	0.28492	0.22306	0.1143	0.11423	0.68988	0.078526	0.15819	0.30549	0.065263	0.06555	0.064966	0.10561	0.073883	0.91921	0.09009	0.18295	0.073478	0.074466	0.069407	0.098198	0.053646	0.066968	0.10825	0.073985	0.066941	0.078782	0.085815	0.07314
Meth__cg21224049__ATP5I	0.081666	0.11629	0.056037	0.06379	0.11607	0.037547	0.76259	0.068309	0.094463	0.11567	0.13144	0.095295	0.10028	0.069536	0.092964	0.12025	0.28655	0.076926	0.11511	0.079723	0.11861	0.074742	0.093606	0.11971	0.13166	0.08479	0.19736	0.089208	0.076931	0.07133	0.076935	0.064002	0.055017	0.06104	0.071442	0.072792	0.1106
Meth__cg02422694__HOXB4	0.040165	0.62235	0.062092	0.038815	0.79084	0.038348	0.57267	0.29239	0.42335	0.48432	0.79198	0.21999	0.26402	0.28696	0.062763	0.1021	0.50899	0.69523	0.63029	0.47695	0.35063	0.8913	0.87256	0.77022	0.087323	0.040328	0.7091	0.058646	0.10436	0.51582	0.81624	0.59284	0.053397	0.51045	0.25375	0.34509	0.57776
Meth__cg05129930__PFKL	0.04635	0.041504	0.023541	0.02814	0.060466	0.024081	0.052034	0.065105	0.049373	0.056717	0.088067	0.023849	0.039246	0.037499	0.032012	0.092128	0.024957	0.030328	0.048224	0.032836	0.42508	0.034668	0.06296	0.077358	0.085801	0.033056	0.069282	0.044307	0.063241	0.030726	0.035651	0.028076	0.032429	0.020445	0.035952	0.029269	0.04037
Meth__cg22762180__PERP	0.050166	0.045861	0.054812	0.37717	0.050992	0.44397	0.026063	0.035773	0.050543	0.12366	0.11214	0.034652	0.03755	0.035885	0.075398	0.04712	0.067503	0.095328	0.04282	0.26215	0.17739	0.049809	0.09559	0.041905	0.044971	0.21255	0.13786	0.045794	0.060436	0.064476	0.042898	0.47154	0.035952	0.046966	0.045376	0.11257	0.10509
Meth__cg22307908__ZNF264	0.03154	0.033727	0.034736	0.032296	0.055505	0.040741	0.032747	0.036389	0.042542	0.044712	0.38389	0.49821	0.039228	0.044361	0.032251	0.07455	0.045038	0.26962	0.32206	0.033509	0.052636	0.035181	0.076972	0.039231	0.035779	0.02783	0.066996	0.041785	0.074032	0.031939	0.040245	0.039189	0.048259	0.033194	0.04046	0.043775	0.04509
Meth__cg05472874__SULT4A1	0.041662	0.19498	0.045082	0.025783	0.95879	0.2097	0.34824	0.026995	0.036507	0.031342	0.55127	0.15933	0.23071	0.039873	0.031849	0.056776	0.41749	0.97946	0.97727	0.022207	0.53656	0.040721	0.94193	0.89912	0.060984	0.030557	0.92013	0.92031	0.05074	0.035115	0.040775	0.035097	0.50988	0.023489	0.03883	0.036223	0.029095
Meth__cg23614979__NAV2	0.06306	0.29357	0.11625	0.040339	0.59223	0.038781	0.048904	0.058711	0.87385	0.14444	0.30526	0.4261	0.19056	0.041782	0.060536	0.09563	0.040008	0.81271	0.41345	0.056419	0.069758	0.11366	0.067404	0.14085	0.084446	0.04974	0.2202	0.13573	0.11451	0.040182	0.045818	0.038146	0.50449	0.028196	0.057895	0.050558	0.053477
Meth__cg18108623__FLJ34922	0.047571	0.91194	0.44684	0.040587	0.87042	0.039832	0.44943	0.048214	0.83359	0.19178	0.60872	0.089523	0.053182	0.77523	0.041857	0.13461	0.73477	0.92731	0.89752	0.73239	0.38979	0.36355	0.87113	0.57632	0.74308	0.043148	0.84745	0.074711	0.10458	0.53508	0.04187	0.88908	0.89779	0.55394	0.062218	0.2376	0.10762
Meth__cg07849904__MN1	0.16014	0.20315	0.22837	0.072058	0.20299	0.057198	0.11854	0.068817	0.14889	0.22686	0.16876	0.12669	0.104	0.093405	0.079578	0.16016	0.068605	0.18325	0.20656	0.095834	0.11802	0.11723	0.54005	0.094433	0.14148	0.062361	0.15875	0.091155	0.096903	0.075348	0.066674	0.061412	0.52021	0.11822	0.082399	0.086831	0.12024
Meth__cg08917718__PCBP4	0.058189	0.28017	0.042514	0.048059	0.24997	0.072831	0.59831	0.062188	0.087259	0.14148	0.30456	0.073191	0.069599	0.30685	0.045201	0.11142	0.035266	0.1088	0.091277	0.067709	0.15017	0.055049	0.36362	0.38306	0.13365	0.04888	0.13356	0.48438	0.070143	0.048707	0.093298	0.76977	0.051195	0.048837	0.081215	0.051487	0.065433
Meth__cg04785227__CHRNA7	0.032114	0.27321	0.04951	0.065836	0.34008	0.11168	0.068878	0.050995	0.09099	0.066357	0.87487	0.037754	0.050063	0.28031	0.047152	0.039802	0.036881	0.93841	0.23411	0.070184	0.04735	0.14532	0.33097	0.081907	0.079516	0.029479	0.2322	0.05738	0.03716	0.03663	0.039934	0.045074	0.45396	0.16262	0.053014	0.038851	0.04567
Meth__cg00818693__TTC14	0.050201	0.69562	0.036749	0.042307	0.40868	0.035355	0.12799	0.040366	0.044588	0.18129	0.069172	0.7951	0.048675	0.038849	0.038516	0.13669	0.042606	0.29496	0.21431	0.43952	0.040718	0.041879	0.18086	0.049398	0.054295	0.039659	0.093109	0.041972	0.061155	0.044491	0.05244	0.036759	0.033629	0.037691	0.044973	0.036773	0.042388
Meth__cg20001829__TMEM25	0.032306	0.39257	0.09387	0.32354	0.44295	0.57235	0.12943	0.12191	0.12155	0.9362	0.51803	0.10206	0.09477	0.25627	0.10046	0.37048	0.48599	0.8814	0.91296	0.11203	0.53025	0.15034	0.77817	0.10785	0.16091	0.91289	0.13214	0.50264	0.138	0.07416	0.63033	0.10346	0.13788	0.10321	0.057824	0.1141	0.17051
Meth__cg15846641__HTLF	0.041806	0.4057	0.052103	0.066496	0.19341	0.13999	0.055919	0.19812	0.097207	0.054158	0.13573	0.035045	0.14092	0.04591	0.034031	0.29239	0.50731	0.17232	0.17581	0.072444	0.12015	0.074998	0.10623	0.15032	0.22769	0.04257	0.13164	0.068248	0.077645	0.037863	0.070052	0.069544	0.044561	0.040874	0.064373	0.059852	0.070732
Meth__cg16983211__HOXC5	0.5562	0.09748	0.89062	0.54065	0.50225	0.66427	0.16705	0.12214	0.13138	0.1053	0.79241	0.060952	0.44363	0.88026	0.083365	0.77355	0.083379	0.12947	0.10984	0.32799	0.37078	0.87593	0.4309	0.08344	0.14189	0.12764	0.16521	0.27376	0.34513	0.82127	0.25805	0.92233	0.31872	0.9055	0.88682	0.80522	0.88522
Meth__cg15948326__C11orf45	0.015478	0.016524	0.019576	0.64771	0.019323	0.045674	0.013055	0.023218	0.01767	0.017257	0.034362	0.01485	0.013316	0.015058	0.023631	0.023281	0.062886	0.019133	0.021716	0.026802	0.022917	0.018942	0.50529	0.018879	0.024894	0.29807	0.059541	0.020054	0.026897	0.039816	0.017688	0.20894	0.021451	0.8196	0.020673	0.02459	0.10596
Meth__cg04084157__VGF	0.055263	0.089861	0.042585	0.044898	0.080985	0.028875	0.048595	0.24848	0.062039	0.10372	0.19397	0.12265	0.23033	0.046732	0.059562	0.23951	0.87165	0.04824	0.096779	0.059002	0.064363	0.11056	0.88487	0.082092	0.098429	0.052972	0.88941	0.12509	0.0756	0.043426	0.059642	0.035773	0.09526	0.067304	0.063261	0.050518	0.050005
Meth__cg26336164__FEM1A	0.032944	0.036571	0.023017	0.025571	0.047094	0.018542	0.030297	0.025963	0.037017	0.042941	0.04935	0.3787	0.024857	0.032488	0.023507	0.099555	0.018237	0.038261	0.057352	0.024659	0.050765	0.018587	0.06859	0.031935	0.059455	0.024219	0.097179	0.02892	0.076489	0.020349	0.023916	0.019309	0.020606	0.015206	0.023727	0.0295	0.026991
Meth__cg15808558__EPHA4	0.031696	0.060263	0.036372	0.037056	0.048675	0.17531	0.061572	0.039878	0.051822	0.089797	0.10289	0.039958	0.041789	0.04954	0.04006	0.095316	0.041488	0.08273	0.051626	0.056025	0.060866	0.061351	0.089243	0.052437	0.073509	0.041937	0.088525	0.04304	0.090615	0.052314	0.042318	0.033093	0.258	0.032779	0.049665	0.04099	0.039896
Meth__cg01572266__PTPRG	0.055654	0.10294	0.086734	0.073594	0.094551	0.071254	0.2873	0.099546	0.41056	0.090331	0.40668	0.10191	0.13087	0.15075	0.073835	0.10759	0.046617	0.06843	0.10118	0.12958	0.091284	0.052083	0.19535	0.077221	0.16964	0.078443	0.17057	0.072652	0.087658	0.059479	0.52452	0.063232	0.20334	0.16825	0.065382	0.069079	0.10043
Meth__cg16792800__GPC6	0.067094	0.072961	0.030554	0.041833	0.55223	0.16965	0.96319	0.29942	0.89934	0.083026	0.64295	0.76942	0.41544	0.059979	0.56858	0.18589	0.04729	0.52496	0.074363	0.081161	0.088337	0.10651	0.13141	0.079054	0.13638	0.051736	0.17857	0.053771	0.085842	0.040158	0.063068	0.057396	0.94936	0.41226	0.049348	0.063996	0.05752
Meth__cg26309134__ZNF542	0.019986	0.9819	0.032272	0.54365	0.98064	0.93504	0.97477	0.031371	0.028213	0.98064	0.89469	0.63587	0.029665	0.88318	0.029058	0.11529	0.22461	0.98613	0.98058	0.02782	0.55875	0.022947	0.96333	0.59054	0.11555	0.03108	0.94905	0.030371	0.036343	0.021331	0.66275	0.017876	0.96445	0.95729	0.033802	0.96055	0.97855
Meth__cg04351979__CTXN1	0.029721	0.049884	0.02491	0.025434	0.034915	0.029534	0.038649	0.029566	0.033712	0.033655	0.064566	0.02718	0.036792	0.026401	0.046204	0.099346	0.12873	0.034185	0.038206	0.028725	0.36952	0.020473	0.046263	0.037381	0.051998	0.028119	0.041901	0.02888	0.06586	0.017654	0.047773	0.021085	0.031582	0.019903	0.043951	0.02753	0.028023
Meth__cg14601560__SCLY	0.08518	0.16414	0.080434	0.084485	0.096664	0.071064	0.67811	0.082814	0.097187	0.11528	0.14468	0.073566	0.10303	0.095025	0.09425	0.17969	0.11028	0.12511	0.09561	0.095213	0.11154	0.10431	0.10764	0.098058	0.11868	0.1059	0.13529	0.092012	0.12503	0.099448	0.082875	0.093346	0.099027	0.088259	0.084868	0.081757	0.091196
Meth__cg09903430__ST3GAL3	0.03659	0.069402	0.034032	0.038991	0.061026	0.06943	0.15427	0.04293	0.055826	0.040857	0.12715	0.050886	0.049613	0.042703	0.035958	0.07089	0.032996	0.052267	0.056344	0.079691	0.10878	0.213	0.11413	0.12139	0.4365	0.040773	0.097434	0.04902	0.068913	0.03757	0.04297	0.045723	0.042254	0.032039	0.10648	0.040219	0.038513
Meth__cg05922972__TSPAN3	0.042797	0.17799	0.042105	0.028965	0.047341	0.046213	0.045611	0.060789	0.050935	0.041836	0.071043	0.044609	0.040079	0.030367	0.034028	0.082556	0.025405	0.040859	0.048328	0.078263	0.047792	0.055429	0.10553	0.069773	0.087642	0.036619	0.13632	0.042966	0.053681	0.030643	0.034433	0.04054	0.18854	0.034103	0.037981	0.036393	0.034771
Meth__cg00468146__ID4	0.091625	0.10912	0.048574	0.14526	0.42955	0.082522	0.14252	0.058396	0.15301	0.13898	0.09629	0.30099	0.058815	0.053969	0.087453	0.080972	0.56694	0.39763	0.41309	0.10785	0.085063	0.29694	0.32127	0.062174	0.45491	0.77547	0.68686	0.063477	0.10402	0.055763	0.29249	0.050633	0.45637	0.044445	0.069941	0.058496	0.059412
Meth__cg03933322__CSAD	0.18652	0.3121	0.061424	0.11079	0.2467	0.05978	0.96276	0.081313	0.16347	0.37706	0.13559	0.19238	0.23324	0.057476	0.088347	0.30855	0.063844	0.18331	0.26353	0.25669	0.26398	0.31524	0.10291	0.18069	0.1708	0.12006	0.23947	0.060779	0.082491	0.16355	0.55183	0.060982	0.044648	0.08012	0.073333	0.070257	0.17652
Meth__cg11946769__NME6	0.02268	0.26304	0.028399	0.024424	0.046625	0.037767	0.024322	0.035846	0.039951	0.029718	0.076321	0.026449	0.030296	0.028148	0.024345	0.031333	0.02433	0.029023	0.036604	0.034478	0.046079	0.1779	0.054402	0.13723	0.084401	0.028518	0.047789	0.036603	0.10466	0.025821	0.39962	0.024339	0.036082	0.027989	0.032559	0.026342	0.02396
Meth__cg06719391__KCNQ1	0.047485	0.073827	0.027472	0.072405	0.046272	0.049219	0.18894	0.052554	0.044918	0.11917	0.075212	0.030659	0.10192	0.03435	0.023067	0.12197	0.029239	0.0468	0.084959	0.050897	0.14486	0.047173	0.039727	0.042351	0.070913	0.037248	0.15442	0.034678	0.025185	0.029241	0.13795	0.025362	0.031465	0.023138	0.034649	0.027469	0.02503
Meth__cg14037413__ZNF143	0.019496	0.024913	0.016058	0.018004	0.023268	0.029312	0.15108	0.014803	0.025762	0.060538	0.027936	0.022356	0.022576	0.020684	0.017405	0.05745	0.019133	0.028699	0.031796	0.11619	0.041625	0.026567	0.028689	0.022955	0.025174	0.019772	0.036702	0.022717	0.018941	0.024436	0.35178	0.013489	0.015268	0.02304	0.021775	0.018749	0.01676
Meth__cg14865868__TRIB2	0.64561	0.90034	0.47951	0.92525	0.34918	0.70175	0.06615	0.12181	0.087788	0.10818	0.15318	0.36293	0.34573	0.21309	0.076984	0.082829	0.059734	0.53975	0.11093	0.93116	0.076992	0.1001	0.10791	0.80564	0.24542	0.41727	0.32624	0.60627	0.74625	0.21996	0.55821	0.68587	0.81389	0.40836	0.87268	0.45903	0.085101
Meth__cg18931815__COL8A2	0.33521	0.43238	0.055919	0.89354	0.05915	0.38102	0.10811	0.19427	0.045365	0.88215	0.71347	0.028156	0.20362	0.66722	0.45648	0.049191	0.52184	0.044053	0.042625	0.8777	0.64855	0.089071	0.14	0.17866	0.24618	0.32071	0.3053	0.3831	0.3514	0.23482	0.21465	0.88523	0.040309	0.80195	0.87961	0.11043	0.2816
Meth__cg02376703__EPHA1	0.058166	0.054508	0.038427	0.5081	0.043358	0.27921	0.057901	0.054558	0.058448	0.040735	0.11305	0.022049	0.061279	0.046489	0.048034	0.047358	0.043597	0.032219	0.054098	0.058939	0.055269	0.024481	0.33556	0.076585	0.084487	0.70441	0.098926	0.055521	0.099753	0.050258	0.049411	0.056678	0.045598	0.073457	0.062116	0.064134	0.052697
Meth__cg13799206__ASRGL1	0.063399	0.164	0.020308	0.026843	0.95013	0.026953	0.030381	0.0427	0.027753	0.068293	0.59316	0.46028	0.04461	0.025902	0.02817	0.13156	0.061462	0.50852	0.50466	0.49365	0.039805	0.023023	0.61518	0.047754	0.072302	0.04214	0.53225	0.034159	0.046228	0.025758	0.10298	0.026757	0.032858	0.029112	0.031937	0.030517	0.032918
Meth__cg08700306__LRP3	0.34655	0.029985	0.038212	0.037435	0.038887	0.041216	0.82744	0.047049	0.28144	0.044869	0.41217	0.048698	0.043019	0.40806	0.027445	0.41259	0.054136	0.088368	0.10149	0.028419	0.13541	0.035374	0.52712	0.034702	0.13183	0.039621	0.043153	0.42666	0.39009	0.079143	0.41659	0.046393	0.037456	0.033679	0.033749	0.03356	0.033209
Meth__cg07684796__DKK1	0.041861	0.052029	0.02878	0.037552	0.057752	0.02796	0.90908	0.037937	0.60137	0.059309	0.044254	0.72464	0.28328	0.58059	0.038628	0.091394	0.53325	0.031821	0.047029	0.59975	0.043747	0.034524	0.052819	0.73334	0.61115	0.034351	0.63656	0.045247	0.050923	0.035332	0.044874	0.049527	0.89158	0.026794	0.44237	0.03886	0.055356
Meth__cg13958614__FOXD1	0.085385	0.09293	0.044101	0.052312	0.88175	0.02738	0.14169	0.041184	0.062029	0.068294	0.086414	0.89939	0.041285	0.086733	0.088682	0.16677	0.045584	0.47162	0.5081	0.57108	0.064971	0.59489	0.86824	0.086926	0.63331	0.048672	0.48553	0.065197	0.12866	0.052463	0.063003	0.048512	0.57974	0.89858	0.052637	0.058232	0.061593
Meth__cg25448636__FLCN	0.034145	0.031067	0.09201	0.026761	0.036393	0.065947	0.34646	0.032222	0.029961	0.031826	0.032329	0.030551	0.033239	0.029044	0.030002	0.044462	0.019825	0.031511	0.035347	0.049313	0.031382	0.03201	0.041963	0.021608	0.048937	0.038211	0.11296	0.034582	0.060802	0.93113	0.038435	0.044317	0.027113	0.032015	0.03387	0.042256	0.045118
Meth__cg04796162__IGFBP3	0.025759	0.093385	0.054941	0.25092	0.13361	0.72081	0.61219	0.021772	0.43325	0.85131	0.81539	0.5564	0.02923	0.054714	0.028851	0.083178	0.071536	0.87279	0.36231	0.53255	0.071658	0.53995	0.048183	0.66288	0.19383	0.31071	0.74935	0.02769	0.055612	0.037197	0.97643	0.048794	0.80799	0.81849	0.043231	0.036342	0.027316
Meth__cg01116966__TCF7	0.021816	0.056336	0.023155	0.62987	0.28248	0.11125	0.038427	0.020988	0.034332	0.1675	0.12615	0.027278	0.021659	0.034669	0.018378	0.035643	0.029488	0.25765	0.02535	0.054086	0.046766	0.29196	0.070231	0.028737	0.023714	0.018439	0.83891	0.11164	0.016935	0.032791	0.22247	0.015531	0.25573	0.014548	0.018027	0.025386	0.022346
Meth__cg02755525__NETO2	0.045455	0.039326	0.023219	0.025823	0.97071	0.030073	0.030038	0.027203	0.037931	0.047465	0.14172	0.020418	0.02566	0.43742	0.026377	0.11332	0.01865	0.041971	0.056156	0.0269	0.039233	0.97544	0.92225	0.042056	0.059448	0.384	0.10043	0.02925	0.047677	0.027044	0.017661	0.025167	0.96601	0.022044	0.037761	0.030265	0.031315
Meth__cg20886062__DCI	0.069646	0.48218	0.055692	0.036938	0.062254	0.032242	0.066955	0.039182	0.12752	0.082616	0.0494	0.17027	0.048899	0.074253	0.041076	0.095444	0.029379	0.042261	0.064174	0.049026	0.068568	0.17771	0.11756	0.39317	0.091827	0.034302	0.13478	0.050423	0.072422	0.034458	0.030023	0.033209	0.083813	0.031896	0.04083	0.40998	0.056119
Meth__cg11503011__EBF	0.12608	0.52755	0.11872	0.11646	0.13705	0.31385	0.70878	0.18492	0.18503	0.1433	0.17091	0.13838	0.19921	0.28647	0.19811	0.19726	0.23043	0.20634	0.31805	0.17156	0.12153	0.15144	0.56351	0.38205	0.21012	0.10481	0.69204	0.15919	0.22551	0.083273	0.16425	0.11064	0.64854	0.11326	0.19887	0.14967	0.11487
Meth__cg26805528__CRAT	0.30632	0.12195	0.65056	0.11697	0.30845	0.13225	0.9238	0.17688	0.85046	0.17715	0.72172	0.13021	0.19306	0.19769	0.15953	0.46852	0.1696	0.96417	0.90691	0.2819	0.1911	0.14388	0.15479	0.52306	0.2635	0.14595	0.15289	0.6416	0.38261	0.14945	0.96599	0.12397	0.96647	0.14099	0.16276	0.16409	0.17465
Meth__cg09874752__SFRP5	0.042928	0.65626	0.045226	0.51225	0.81316	0.34316	0.2371	0.038552	0.11061	0.63952	0.89858	0.054809	0.041333	0.53221	0.055901	0.082062	0.037566	0.94747	0.95539	0.12495	0.90829	0.47688	0.91906	0.60734	0.074098	0.18106	0.91788	0.052115	0.088973	0.040454	0.067201	0.063371	0.93694	0.27297	0.048482	0.55043	0.076095
Meth__cg18219951__GABRG2	0.060276	0.37071	0.085969	0.07614	0.11421	0.085762	0.19981	0.29191	0.084848	0.68721	0.17578	0.076949	0.22915	0.15073	0.098958	0.1468	0.095361	0.071571	0.10273	0.11866	0.10928	0.20169	0.11689	0.088433	0.089539	0.045005	0.20181	0.065384	0.077028	0.057186	0.28276	0.28195	0.1664	0.069846	0.088407	0.11147	0.097542
Meth__cg10481417__CYP1A1	0.033206	0.051886	0.021262	0.034352	0.039017	0.016335	0.036351	0.030628	0.035077	0.03526	0.051497	0.016864	0.029912	0.03059	0.033385	0.085169	0.21632	0.031908	0.042968	0.028898	0.038511	0.024123	0.089353	0.02625	0.13507	0.025925	0.067885	0.039578	0.042121	0.03174	0.1778	0.027025	0.037442	0.022356	0.03191	0.031272	0.030768
Meth__cg08026144__PCSK5	0.062046	0.079865	0.052849	0.05981	0.54397	0.1184	0.10539	0.074978	0.086678	0.069419	0.23705	0.095082	0.10693	0.076087	0.056458	0.13753	0.066531	0.59688	0.51864	0.074306	0.064605	0.064311	0.12052	0.070415	0.089798	0.061644	0.13645	0.09307	0.10158	0.067478	0.068783	0.058572	0.84033	0.063326	0.077068	0.08149	0.080531
Meth__cg03361068__TRIM9	0.025567	0.34726	0.030048	0.022941	0.17252	0.11683	0.025973	0.033151	0.039274	0.061642	0.32895	0.48727	0.029089	0.04464	0.026377	0.051163	0.025271	0.81623	0.38472	0.029857	0.051557	0.053914	0.82344	0.19485	0.062065	0.052903	0.48978	0.10095	0.039786	0.03363	0.038796	0.087456	0.11143	0.031192	0.02757	0.039998	0.041536
Meth__cg03046445__BHLHB3	0.1373	0.087394	0.31591	0.059842	0.3974	0.30457	0.49079	0.24161	0.048805	0.1029	0.1309	0.14037	0.1497	0.80998	0.050072	0.080779	0.047302	0.17109	0.10812	0.87728	0.060499	0.067536	0.11092	0.089826	0.096876	0.52762	0.10671	0.3636	0.3161	0.27524	0.092856	0.40083	0.45493	0.9034	0.19048	0.46626	0.6889
Meth__cg21039631__CD58	0.13439	0.21295	0.53791	0.37054	0.52876	0.25767	0.048417	0.67701	0.18618	0.37086	0.045403	0.031703	0.62359	0.12084	0.26389	0.0362	0.3026	0.16322	0.032422	0.4367	0.26233	0.16627	0.039522	0.047417	0.067412	0.070423	0.03824	0.40181	0.45474	0.23446	0.27838	0.37367	0.086838	0.3644	0.041597	0.4901	0.61963
Meth__cg11732619__SLIT3	0.040291	0.051743	0.03326	0.032471	0.38912	0.070031	0.90191	0.047453	0.04744	0.96157	0.70434	0.09537	0.041075	0.048377	0.518	0.15651	0.030693	0.9653	0.73138	0.048627	0.045762	0.042643	0.89602	0.050471	0.091818	0.048583	0.57943	0.8642	0.070068	0.029545	0.12443	0.038552	0.96687	0.077493	0.044735	0.04783	0.05521
Meth__cg00746981__HDGF	0.063848	0.081265	0.039327	0.041391	0.05108	0.049722	0.10627	0.053103	0.052413	0.064124	0.3539	0.10934	0.059836	0.062294	0.049956	0.12694	0.059103	0.056249	0.050281	0.044865	0.055475	0.060301	0.081697	0.080466	0.052916	0.043489	0.081078	0.24102	0.082679	0.050786	0.053446	0.036297	0.021665	0.039202	0.062135	0.049097	0.051035
Meth__cg08797471__DAPK1	0.076237	0.1122	0.05904	0.7454	0.48532	0.05001	0.048839	0.080762	0.074662	0.12939	0.09317	0.10787	0.098447	0.071923	0.084055	0.14986	0.51893	0.80396	0.29405	0.081095	0.089703	0.072648	0.92606	0.08167	0.1103	0.081774	0.10853	0.072366	0.090526	0.064949	0.10207	0.05559	0.058869	0.055736	0.082333	0.079283	0.069249
Meth__cg01555431__AKAP12	0.13082	0.62169	0.062559	0.78183	0.8872	0.048574	0.29257	0.082846	0.092812	0.23604	0.62416	0.20205	0.10368	0.062353	0.074953	0.25497	0.13808	0.88649	0.88202	0.78703	0.09297	0.84198	0.85168	0.85804	0.13139	0.077252	0.85312	0.56555	0.14228	0.071943	0.085334	0.060199	0.87838	0.87831	0.085628	0.082408	0.092129
Meth__cg13765785__SCN3B	0.12824	0.61181	0.098868	0.82963	0.82203	0.056813	0.53261	0.42545	0.121	0.73936	0.17427	0.091211	0.33211	0.11728	0.45274	0.1343	0.25719	0.87833	0.88038	0.40906	0.15386	0.096199	0.80561	0.81554	0.18991	0.10472	0.49012	0.1392	0.15432	0.10611	0.17136	0.10558	0.85262	0.090089	0.11201	0.25977	0.11249
Meth__cg04466253__ACBD5	0.022479	0.03411	0.016693	0.022516	0.026894	0.032138	0.039624	0.027467	0.029449	0.04432	0.06678	0.17774	0.020433	0.025396	0.01975	0.051738	0.02099	0.02418	0.030793	0.022916	0.034399	0.023253	0.038086	0.035417	0.085288	0.021767	0.05027	0.036337	0.047569	0.020797	0.020428	0.015321	0.019205	0.026253	0.031249	0.024654	0.024483
Meth__cg20166532__EDG1	0.059168	0.1478	0.57552	0.056678	0.87288	0.04001	0.91116	0.056329	0.63674	0.3702	0.70214	0.37579	0.055415	0.65042	0.047442	0.15215	0.46839	0.66689	0.85237	0.73482	0.065538	0.89128	0.77479	0.81224	0.35453	0.053036	0.82819	0.57701	0.11004	0.077375	0.26194	0.44945	0.84956	0.47955	0.56245	0.61782	0.43341
Meth__cg11638200__PRKCQ	0.026217	0.61618	0.38287	0.8574	0.95295	0.1613	0.040155	0.07169	0.73692	0.055092	0.17508	0.89029	0.24602	0.049483	0.040014	0.34859	0.59855	0.97385	0.95191	0.18961	0.12546	0.082265	0.87647	0.066708	0.30926	0.053953	0.82251	0.061085	0.073962	0.040106	0.06873	0.048711	0.94576	0.69069	0.056112	0.045198	0.0448
Meth__cg15534084__ZNF649	0.16107	0.1768	0.11398	0.090142	0.7291	0.31361	0.60356	0.15627	0.14071	0.27986	0.30303	0.10494	0.11848	0.20793	0.11283	0.17528	0.21687	0.90452	0.80229	0.10891	0.54778	0.16865	0.70985	0.19171	0.24618	0.22139	0.24873	0.23137	0.21886	0.14647	0.15812	0.098605	0.25907	0.24579	0.11292	0.21064	0.24302
Meth__cg24262469__TIPARP	0.080182	0.17654	0.22471	0.35652	0.10936	0.57158	0.1131	0.1382	0.099487	0.12877	0.10193	0.03931	0.13066	0.11335	0.10668	0.10777	0.27078	0.12296	0.075863	0.20526	0.13476	0.059788	0.26542	0.083076	0.11029	0.60605	0.13598	0.12356	0.16137	0.062443	0.29223	0.25586	0.23987	0.17879	0.2126	0.22713	0.2947
Meth__cg09441152__PQLC1	0.16024	0.11591	0.04213	0.046882	0.063189	0.030164	0.41019	0.16606	0.25134	0.059142	0.31427	0.074494	0.12126	0.11387	0.12675	0.080542	0.053522	0.19749	0.47201	0.053412	0.047244	0.062399	0.56516	0.065917	0.077737	0.054463	0.11418	0.54398	0.064336	0.036657	0.25167	0.083817	0.14795	0.11963	0.056541	0.040995	0.045957
Meth__cg07160163__SYK	0.44521	0.040283	0.037514	0.88107	0.062463	0.79451	0.084334	0.03164	0.064848	0.59895	0.046453	0.040498	0.041803	0.028983	0.1386	0.060597	0.033209	0.025822	0.03286	0.2368	0.049264	0.03287	0.83051	0.028272	0.048763	0.50464	0.1385	0.039733	0.17771	0.033415	0.044803	0.068081	0.024552	0.039067	0.044321	0.07595	0.045057
Meth__cg14894216__CATSPER1	0.10667	0.76334	0.42162	0.095629	0.31169	0.16354	0.47553	0.12248	0.14807	0.28099	0.44097	0.092901	0.1176	0.55625	0.10633	0.23094	0.11407	0.5594	0.23439	0.36617	0.14918	0.80384	0.83939	0.11046	0.10566	0.079673	0.13832	0.20462	0.15314	0.11629	0.11648	0.16649	0.27988	0.22973	0.14059	0.09937	0.10644
Meth__cg14409941__ADAMTS2	0.032123	0.038249	0.031036	0.22597	0.81407	0.018975	0.33908	0.035625	0.053343	0.16776	0.33071	0.071525	0.046102	0.032795	0.029032	0.095328	0.03091	0.93831	0.94281	0.90534	0.040288	0.96161	0.88275	0.52219	0.13702	0.0328	0.91943	0.12799	0.051305	0.030017	0.060583	0.037153	0.74042	0.25959	0.10587	0.035239	0.039681
Meth__cg23456306__EFNA2	0.02774	0.030948	0.029992	0.027907	0.031861	0.021715	0.040391	0.022949	0.035293	0.031079	0.055137	0.030529	0.026658	0.028518	0.021642	0.086184	0.072963	0.024011	0.030724	0.028103	0.042446	0.032874	0.51538	0.032866	0.32364	0.025423	0.95307	0.033756	0.066965	0.021604	0.10671	0.034079	0.033773	0.029046	0.031257	0.027168	0.03382
Meth__cg13526007__LRFN5	0.053142	0.22045	0.054878	0.077474	0.42909	0.69519	0.74563	0.078052	0.066157	0.81977	0.75084	0.84123	0.071568	0.61867	0.1192	0.27837	0.069556	0.35605	0.49383	0.29434	0.062395	0.15479	0.69951	0.071872	0.14764	0.15244	0.37485	0.51541	0.12695	0.055329	0.068207	0.066624	0.86487	0.11578	0.06346	0.10288	0.10904
Meth__cg23696949__LAMC2	0.38947	0.28954	0.36787	0.96158	0.95648	0.51435	0.026137	0.78823	0.037495	0.96713	0.94721	0.032234	0.81557	0.021684	0.037037	0.026976	0.76602	0.042347	0.20842	0.9516	0.29109	0.046606	0.2476	0.029235	0.028318	0.92979	0.36608	0.045806	0.18948	0.60021	0.47259	0.88801	0.023638	0.96697	0.032773	0.52507	0.66589
Meth__cg15416233__PAX2	0.030239	0.026239	0.022163	0.020675	0.035199	0.016345	0.023703	0.018042	0.027306	0.038976	0.034277	0.025028	0.026206	0.035011	0.021935	0.070834	0.018673	0.034662	0.093843	0.025282	0.026026	0.049893	0.36343	0.028576	0.038601	0.022126	0.14005	0.021194	0.043181	0.026939	0.019708	0.017411	0.036878	0.026202	0.028149	0.022706	0.028228
Meth__cg01765461__TNFRSF11A	0.051308	0.059468	0.029116	0.049245	0.058169	0.017515	0.082374	0.040906	0.11634	0.093657	0.050958	0.031388	0.042672	0.045711	0.041319	0.086271	0.16674	0.031788	0.05982	0.056005	0.0538	0.054746	0.06859	0.043332	0.11777	0.040678	0.33813	0.036855	0.080348	0.032841	0.027829	0.026985	0.030523	0.041433	0.041015	0.037244	0.04021
Meth__cg00908551__FANCF	0.091072	0.1045	0.061214	0.52566	0.093215	0.050363	0.099178	0.08552	0.090905	0.13581	0.69352	0.10258	0.098628	0.067714	0.065872	0.10502	0.44151	0.11231	0.094707	0.095152	0.10562	0.076443	0.45626	0.09966	0.075219	0.10693	0.13902	0.078959	0.1148	0.069437	0.11993	0.061247	0.065179	0.057227	0.065499	0.068342	0.075328
Meth__cg20339230__ST8SIA2	0.028654	0.037346	0.034037	0.96698	0.79202	0.25926	0.82534	0.033827	0.21312	0.97084	0.79465	0.1951	0.29086	0.1181	0.071529	0.1615	0.15336	0.96721	0.97541	0.72879	0.039068	0.97439	0.96064	0.84263	0.74677	0.033461	0.94044	0.60247	0.083859	0.017664	0.94207	0.018038	0.98708	0.94849	0.060312	0.14175	0.48773
Meth__cg26199493__LIN9	0.35998	0.16922	0.13358	0.04427	0.086643	0.17518	0.04963	0.036318	0.1064	0.038645	0.20723	0.026558	0.032468	0.071772	0.022137	0.06938	0.03782	0.089777	0.055176	0.64844	0.044501	0.16348	0.066051	0.050694	0.084076	0.037187	0.1042	0.072274	0.17983	0.24695	0.088805	0.32303	0.15721	0.27379	0.34636	0.31634	0.53061
Meth__cg10137155__KBTBD8	0.03869	0.93851	0.043842	0.042169	0.92974	0.056908	0.041497	0.062375	0.065338	0.053819	0.076067	0.73029	0.052952	0.071768	0.055419	0.10886	0.034596	0.03663	0.073575	0.048805	0.081869	0.033861	0.52969	0.051726	0.091175	0.033233	0.126	0.053847	0.057439	0.040591	0.050732	0.061747	0.69951	0.053034	0.048707	0.05351	0.060027
Meth__cg26649005__ZNF32	0.030617	0.099447	0.023249	0.029812	0.043056	0.016052	0.030838	0.029736	0.053678	0.04241	0.099201	0.043679	0.041345	0.040445	0.046128	0.069957	0.030267	0.039971	0.039777	0.038429	0.047482	0.030787	0.12927	0.04418	0.093502	0.039053	0.092906	0.038161	0.049426	0.037033	0.058401	0.030581	0.034788	0.035513	0.041115	0.033779	0.040115
Meth__cg21290885__TMEM47	0.062763	0.18901	0.060406	0.062848	0.071924	0.093412	0.090258	0.43515	0.059998	0.092899	0.23375	0.53079	0.40465	0.070954	0.067028	0.089618	0.072499	0.084061	0.077889	0.10823	0.063609	0.31454	0.27394	0.095177	0.1219	0.0675	0.18289	0.059856	0.11158	0.093421	0.33159	0.05602	0.30599	0.14784	0.071065	0.063647	0.069699
Meth__cg07639720__BNC1	0.15118	0.18854	0.50791	0.33556	0.86212	0.098266	0.84776	0.44675	0.8318	0.60121	0.45326	0.084565	0.35651	0.14814	0.035921	0.075965	0.22299	0.49725	0.78595	0.42252	0.06153	0.57083	0.83083	0.60236	0.11994	0.058646	0.29475	0.18852	0.14946	0.19236	0.039314	0.050582	0.92084	0.17807	0.075212	0.24006	0.20858
Meth__cg11618577__KRTCAP3	0.56951	0.97246	0.84277	0.97121	0.015931	0.95152	0.027563	0.62178	0.32949	0.020156	0.95464	0.78333	0.692	0.018964	0.97336	0.056379	0.97335	0.31636	0.22678	0.029379	0.9675	0.19384	0.94986	0.34096	0.024756	0.9743	0.039089	0.80668	0.60624	0.87465	0.96868	0.97415	0.012715	0.97928	0.97338	0.45358	0.016067
Meth__cg17592734__ZNF175	0.012552	0.38772	0.0097757	0.011775	0.50161	0.017776	0.0091931	0.018559	0.012676	0.9467	0.1938	0.015647	0.13364	0.012167	0.011885	0.036751	0.011817	0.97132	0.89746	0.016186	0.016211	0.014436	0.024965	0.016648	0.027518	0.010489	0.018811	0.016181	0.51851	0.018328	0.015151	0.010303	0.016172	0.011184	0.014337	0.011766	0.016655
Meth__cg18718102__SURF6	0.029333	0.48481	0.32196	0.12772	0.22737	0.04569	0.022635	0.15508	0.60169	0.034259	0.10871	0.5914	0.1451	0.087228	0.48267	0.077883	0.32307	0.46938	0.18319	0.14745	0.1839	0.060235	0.1614	0.66064	0.10087	0.028903	0.066857	0.19127	0.058604	0.037514	0.2424	0.15631	0.082596	0.036013	0.069437	0.031687	0.033715
Meth__cg03192551__CGI-69	0.37818	0.94186	0.91837	0.067224	0.79715	0.62138	0.037424	0.64133	0.93083	0.048387	0.5771	0.93743	0.59144	0.6476	0.08292	0.27532	0.062931	0.82364	0.60592	0.92657	0.45696	0.12414	0.059511	0.7956	0.23197	0.040489	0.10326	0.83569	0.45726	0.033137	0.76488	0.032031	0.93902	0.030667	0.10366	0.033806	0.038808
Meth__cg09405612__GLI3	0.0161	0.025546	0.030979	0.026733	0.043004	0.12684	0.056904	0.034946	0.037476	0.051442	0.056563	0.016283	0.025315	0.078192	0.027012	0.0441	0.036503	0.035829	0.060066	0.038588	0.030945	0.026135	0.049297	0.048784	0.074487	0.031736	0.055344	0.049581	0.039741	0.026781	0.037397	0.024466	0.034107	0.025962	0.021201	0.030932	0.036272
Meth__cg12839593__SIX1	0.051188	0.054259	0.030997	0.035162	0.5651	0.051437	0.052913	0.048529	0.043618	0.055063	0.087456	0.075858	0.048262	0.056931	0.045972	0.11089	0.038487	0.65393	0.57227	0.60249	0.073869	0.032342	0.10051	0.040514	0.4949	0.046831	0.1306	0.045826	0.098924	0.042813	0.034231	0.033742	0.96388	0.044569	0.050371	0.041327	0.035161
Meth__cg26717786__FLJ44861	0.17057	0.12935	0.038215	0.035858	0.18186	0.76389	0.20069	0.035831	0.043108	0.37572	0.77518	0.045447	0.042974	0.44779	0.052985	0.12743	0.044455	0.10875	0.16476	0.040646	0.93725	0.049965	0.37934	0.087889	0.045414	0.086678	0.26006	0.07655	0.1015	0.03978	0.11065	0.038754	0.068621	0.052663	0.042889	0.06075	0.049158
Meth__cg24714666__TRAPPC2	0.04625	0.057326	0.031951	0.051725	0.049916	0.054588	0.055444	0.054136	0.052628	0.055484	0.058083	0.56179	0.057105	0.046681	0.048518	0.41578	0.041984	0.044797	0.056796	0.043033	0.056029	0.035686	0.1211	0.059054	0.2126	0.044754	0.068905	0.044348	0.48975	0.046455	0.038459	0.042109	0.55325	0.03589	0.051142	0.042551	0.055404
Meth__cg10685945__HMFN0839	0.50907	0.11739	0.36681	0.31151	0.066506	0.093137	0.033043	0.057971	0.094486	0.039084	0.082976	0.047265	0.06373	0.044537	0.082882	0.11391	0.056099	0.055852	0.055662	0.095545	0.24665	0.053387	0.092331	0.050637	0.078123	0.10002	0.56094	0.068376	0.15353	0.046453	0.055606	0.0822	0.086679	0.047049	0.063407	0.18571	0.050346
Meth__cg00557354__ARHGEF7	0.068212	0.1719	0.14791	0.78027	0.84247	0.51649	0.094429	0.2563	0.10893	0.8499	0.57493	0.096785	0.24878	0.06335	0.052672	0.11709	0.028276	0.95523	0.96515	0.087101	0.05731	0.25547	0.93294	0.93046	0.55884	0.028492	0.95106	0.29689	0.061517	0.045405	0.26328	0.067483	0.97065	0.85923	0.040697	0.040531	0.076937
Meth__cg10689889__MAF	0.044304	0.029423	0.039799	0.60228	0.031847	0.038999	0.017065	0.028865	0.02536	0.04113	0.04794	0.020911	0.03131	0.038083	0.20417	0.06753	0.026528	0.020209	0.025743	0.03243	0.027904	0.021392	0.75018	0.026459	0.079661	0.027798	0.053983	0.15367	0.091042	0.022786	0.021598	0.037439	0.050883	0.035293	0.038404	0.031595	0.039285
Meth__cg07748017__PEX5	0.042162	0.083729	0.02706	0.044053	0.053742	0.12944	0.11209	0.070064	0.43013	0.051444	0.074265	0.05208	0.044166	0.033935	0.034199	0.085598	0.037711	0.031839	0.18866	0.052864	0.18764	0.040416	0.15249	0.078544	0.074867	0.037778	0.068693	0.03834	0.067526	0.037685	0.042186	0.03485	0.042484	0.13913	0.041263	0.043466	0.041258
Meth__cg06186861__ZNF501	0.049734	0.79956	0.054842	0.91917	0.89038	0.26439	0.9266	0.10336	0.077431	0.87701	0.75688	0.37534	0.097584	0.068877	0.067059	0.10883	0.056629	0.73613	0.46592	0.27569	0.10211	0.066858	0.6073	0.44239	0.17997	0.040047	0.39256	0.07978	0.07561	0.049744	0.073196	0.24574	0.57356	0.094812	0.29549	0.089722	0.21957
Meth__cg24778383__TNFSF7	0.034587	0.10529	0.12018	0.033324	0.4776	0.037856	0.97661	0.12437	0.043073	0.70501	0.63657	0.10331	0.1645	0.53102	0.032018	0.078248	0.11206	0.95896	0.95806	0.24698	0.068591	0.56411	0.85419	0.84079	0.069421	0.069014	0.83127	0.52745	0.049117	0.58923	0.061033	0.044973	0.78159	0.29678	0.56351	0.058197	0.49613
Meth__cg23257840__ZNF264	0.027767	0.033824	0.023047	0.032769	0.037956	0.043594	0.057439	0.025413	0.031327	0.036666	0.71011	0.52463	0.030077	0.037886	0.036586	0.052029	0.028818	0.55682	0.52515	0.035488	0.039278	0.031221	0.077844	0.038622	0.055162	0.029978	0.079802	0.036583	0.087776	0.03557	0.035105	0.026488	0.039498	0.020056	0.037695	0.038697	0.036146
Meth__cg24838010__SLC26A11	0.043678	0.080653	0.027524	0.050659	0.061192	0.86421	0.84472	0.036511	0.32794	0.049852	0.31811	0.030673	0.043237	0.07811	0.097455	0.72459	0.17316	0.033988	0.05	0.033958	0.14231	0.046223	0.81635	0.041175	0.062295	0.036245	0.070986	0.11264	0.038888	0.036295	0.83486	0.059154	0.047322	0.034056	0.045784	0.033385	0.031746
Meth__cg03812067__SERINC3	0.021863	0.042129	0.021922	0.027933	0.024698	0.025515	0.71854	0.022697	0.026737	0.034085	0.041119	0.018079	0.024905	0.023793	0.020374	0.030071	0.017518	0.024659	0.02807	0.024627	0.030757	0.028846	0.042479	0.030945	0.022031	0.019307	0.0495	0.021684	0.022579	0.025236	0.024854	0.023559	0.012035	0.018179	0.023979	0.021955	0.02348
Meth__cg07215749__SOCS2	0.068343	0.044757	0.036325	0.03901	0.075611	0.027455	0.52875	0.03925	0.12014	0.20028	0.079746	0.02998	0.042153	0.046516	0.067219	0.12212	0.044752	0.15489	0.079343	0.051356	0.053373	0.5871	0.10097	0.046743	0.3324	0.044072	0.094729	0.14632	0.056763	0.041506	0.073044	0.052116	0.07023	0.32228	0.045788	0.046619	0.054746
Meth__cg16334840__SCLY	0.017957	0.34493	0.016813	0.019653	0.019679	0.019738	0.073446	0.021263	0.024559	0.020597	0.051597	0.035704	0.025784	0.014351	0.017212	0.03224	0.019944	0.02425	0.034741	0.023586	0.32459	0.052225	0.063488	0.030496	0.033674	0.019966	0.043595	0.025235	0.02477	0.021694	0.018509	0.022277	0.018713	0.014534	0.022355	0.022583	0.022414
Meth__cg04683240__HLX1	0.021614	0.04166	0.019313	0.038197	0.73655	0.11792	0.29582	0.028968	0.066514	0.027207	0.068583	0.029631	0.032511	0.043798	0.025771	0.06718	0.030909	0.41685	0.492	0.039769	0.029875	0.021544	0.80357	0.042211	0.052421	0.030051	0.047359	0.040581	0.039211	0.02512	0.029154	0.030483	0.98811	0.49069	0.056402	0.024625	0.02705
Meth__cg11037818__C1orf132	0.047574	0.16324	0.048415	0.099168	0.17609	0.33358	0.11035	0.14427	0.082835	0.14003	0.10777	0.18796	0.14557	0.065712	0.083669	0.095319	0.069522	0.13041	0.23742	0.091874	0.78673	0.073139	0.18751	0.16948	0.10078	0.16493	0.15356	0.11671	0.086957	0.068785	0.093161	0.086716	0.072092	0.090301	0.063736	0.061235	0.061678
Meth__cg14989191__ASPHD1	0.14462	0.87051	0.091988	0.062201	0.3984	0.12265	0.31664	0.12707	0.12573	0.072359	0.41481	0.048088	0.11545	0.10364	0.19408	0.10356	0.10342	0.06971	0.2004	0.092861	0.25413	0.11427	0.12136	0.38852	0.33032	0.073544	0.30667	0.091596	0.15794	0.069386	0.087998	0.075578	0.13744	0.058858	0.10207	0.093128	0.079214
Meth__cg26677448__PAX2	0.034816	0.059781	0.047982	0.050929	0.086744	0.058609	0.84997	0.3288	0.044162	0.068906	0.079432	0.29089	0.251	0.064816	0.044314	0.1416	0.043939	0.69652	0.699	0.047306	0.034303	0.071982	0.8835	0.052369	0.032316	0.030161	0.1243	0.043371	0.078807	0.037268	0.047349	0.033944	0.96464	0.23788	0.057497	0.087003	0.042624
Meth__cg00187380__HOXC5	0.059799	0.030275	0.89137	0.57297	0.47585	0.71741	0.043439	0.03797	0.051731	0.04396	0.72613	0.029504	0.42276	0.9002	0.033419	0.8742	0.046594	0.031791	0.053287	0.34487	0.2088	0.81231	0.44335	0.04274	0.070476	0.037356	0.090641	0.15568	0.088631	0.87407	0.27712	0.77024	0.26381	0.9047	0.8965	0.7538	0.90023
Meth__cg04626574__LOC402055	0.021214	0.028748	0.021626	0.022143	0.032045	0.044427	0.68798	0.028089	0.023337	0.030569	0.030986	0.034092	0.026276	0.022107	0.022222	0.073147	0.026093	0.023212	0.026309	0.022759	0.035375	0.026998	0.042551	0.02818	0.023321	0.020469	0.047544	0.029108	0.025551	0.031358	0.022023	0.020294	0.017328	0.021557	0.023145	0.021327	0.027586
Meth__cg21331821__ZSCAN1	0.027893	0.056944	0.041584	0.046315	0.22248	0.85968	0.83473	0.049336	0.050751	0.91472	0.69691	0.67798	0.05959	0.88785	0.034463	0.12479	0.033978	0.58172	0.070351	0.045114	0.062077	0.95587	0.83739	0.042555	0.050487	0.043173	0.875	0.039492	0.12563	0.037137	0.31109	0.051885	0.056552	0.89078	0.42474	0.032354	0.043284
Meth__cg10082991__RNF44	0.049489	0.066654	0.040798	0.04207	0.06405	0.059006	0.74393	0.055507	0.051053	0.065326	0.088359	0.037328	0.048687	0.056973	0.054809	0.14064	0.046471	0.062026	0.063542	0.045892	0.054638	0.040817	0.088228	0.060836	0.092074	0.048894	0.10041	0.047059	0.074307	0.047005	0.04274	0.041553	0.043064	0.038513	0.055083	0.05466	0.0496
Meth__cg25946374__IL22RA1	0.20023	0.87656	0.84988	0.51361	0.18179	0.13704	0.66206	0.15704	0.10315	0.11942	0.59003	0.1559	0.15451	0.66402	0.11638	0.076669	0.082558	0.11708	0.44636	0.59315	0.132	0.58707	0.1072	0.13992	0.13512	0.89488	0.27102	0.1003	0.46772	0.46259	0.11584	0.52884	0.07563	0.20243	0.89508	0.5131	0.77855
Meth__cg25456959__ASB12	0.08723	0.19534	0.11709	0.12259	0.38251	0.15112	0.5606	0.5598	0.10734	0.66447	0.12532	0.21758	0.50335	0.33044	0.3191	0.27728	0.17775	0.23532	0.21251	0.11591	0.087883	0.091853	0.24105	0.15867	0.15901	0.095777	0.1513	0.128	0.23349	0.10499	0.10394	0.087188	0.13999	0.15369	0.10063	0.17351	0.18332
Meth__cg09479015__KIRREL2	0.071672	0.9636	0.81224	0.031431	0.95752	0.3125	0.93964	0.039045	0.95909	0.0617	0.9347	0.22125	0.11349	0.25654	0.064565	0.18923	0.19374	0.95825	0.95868	0.050253	0.64257	0.28474	0.87813	0.91586	0.12804	0.058963	0.92419	0.17994	0.15898	0.053487	0.038565	0.22381	0.93467	0.73594	0.45598	0.59731	0.92828
Meth__cg13756879__IGF2	0.026439	0.044643	0.026202	0.62157	0.24536	0.25974	0.80555	0.033054	0.035355	0.76613	0.39144	0.038892	0.031729	0.036356	0.037971	0.13813	0.07572	0.83533	0.7575	0.15088	0.04175	0.79324	0.90291	0.046713	0.041808	0.036945	0.78247	0.41088	0.054709	0.038643	0.49396	0.030444	0.94987	0.21551	0.12218	0.031401	0.03039
Meth__cg12998491__FAM78A	0.44075	0.63086	0.98719	0.98085	0.97513	0.068211	0.35311	0.12518	0.45759	0.90345	0.97501	0.98461	0.098489	0.50134	0.027317	0.13122	0.97965	0.97928	0.98225	0.611	0.020669	0.98401	0.95712	0.02614	0.68789	0.070812	0.95915	0.2551	0.047645	0.026514	0.90417	0.013612	0.98134	0.87489	0.10811	0.054665	0.56508
Meth__cg13814950__DAPK1	0.081718	0.075342	0.28866	0.13524	0.82032	0.062345	0.046157	0.044666	0.070341	0.08925	0.11136	0.062116	0.060428	0.049418	0.0393	0.14594	0.47768	0.63092	0.69178	0.053524	0.062792	0.046968	0.81339	0.06233	0.49021	0.043752	0.12374	0.057133	0.068366	0.056622	0.078646	0.045294	0.71787	0.060172	0.4763	0.053179	0.050737
Meth__cg16315923__KIAA0195	0.040037	0.057765	0.042542	0.060448	0.05441	0.039047	0.058369	0.048203	0.058118	0.058684	0.083633	0.061894	0.052356	0.062591	0.042686	0.090686	0.041579	0.061178	0.060986	0.052678	0.1643	0.054294	0.37777	0.061235	0.078602	0.050017	0.082287	0.04964	0.073835	0.050019	0.048099	0.042537	0.033583	0.050285	0.058687	0.053957	0.062067
Meth__cg06677140__MSX1	0.070709	0.42789	0.64942	0.053606	0.83146	0.023695	0.87344	0.16341	0.094186	0.072578	0.85758	0.90007	0.5827	0.84751	0.076985	0.11198	0.30311	0.73661	0.72921	0.041356	0.14692	0.062075	0.89826	0.5848	0.11486	0.038779	0.86694	0.89691	0.085137	0.036591	0.03777	0.062238	0.079288	0.11774	0.047814	0.51565	0.32457
Meth__cg11538128__ZNF354C	0.039662	0.42772	0.023673	0.026538	0.92049	0.19993	0.29691	0.11088	0.042473	0.034506	0.76748	0.12697	0.10655	0.028823	0.025579	0.081885	0.037631	0.24824	0.35578	0.741	0.035269	0.027479	0.83853	0.85919	0.064036	0.10634	0.087925	0.032703	0.083617	0.032161	0.069188	0.047755	0.39993	0.26094	0.037876	0.033754	0.047652
Meth__cg24646710__FLJ23191	0.026227	0.10223	0.024589	0.032536	0.21923	0.17957	0.059717	0.038799	0.02856	0.043528	0.39525	0.022242	0.025593	0.045646	0.11811	0.065097	0.03022	0.3677	0.27719	0.068437	0.056781	0.12623	0.064898	0.66079	0.1108	0.037586	0.32252	0.073251	0.032687	0.033474	0.047209	0.023928	0.62102	0.069051	0.034246	0.036126	0.028125
Meth__cg04688368__KCNMA1	0.083148	0.081713	0.064329	0.065887	0.096815	0.054898	0.23114	0.3513	0.07517	0.71577	0.2704	0.25695	0.3395	0.092153	0.096959	0.19321	0.070239	0.13155	0.099244	0.09799	0.080308	0.15577	0.75946	0.097687	0.13795	0.075885	0.12017	0.56755	0.13525	0.078981	0.076041	0.071052	0.39898	0.10085	0.086505	0.082975	0.094045
Meth__cg15056412__APBA2BP	0.12145	0.26992	0.12182	0.02161	0.086879	0.35197	0.26364	0.072315	0.23118	0.02532	0.55477	0.17219	0.085778	0.2259	0.013313	0.11946	0.021026	0.31791	0.22512	0.11342	0.24542	0.25709	0.12112	0.19671	0.055241	0.10412	0.090095	0.11048	0.18077	0.015501	0.58453	0.259	0.37972	0.032724	0.020569	0.24169	0.1167
Meth__cg12251804__C10orf125	0.1157	0.94631	0.32377	0.040166	0.92978	0.03163	0.095258	0.053538	0.73198	0.055991	0.95959	0.36292	0.073784	0.040043	0.53192	0.099178	0.18101	0.53789	0.70543	0.041072	0.12069	0.39248	0.94554	0.93336	0.58733	0.042645	0.61241	0.27526	0.047053	0.061282	0.041114	0.028156	0.98238	0.03882	0.55671	0.6878	0.96891
Meth__cg19786920__FLJ14001	0.70646	0.30985	0.30841	0.86979	0.75015	0.82223	0.088742	0.4135	0.20254	0.20117	0.31142	0.070808	0.34743	0.10999	0.10463	0.15839	0.15064	0.090183	0.12138	0.7741	0.57598	0.35932	0.23716	0.094129	0.16934	0.83676	0.13601	0.10186	0.3425	0.8925	0.63103	0.24501	0.70492	0.89783	0.083211	0.69196	0.90538
Meth__cg00359973__RIBC1	0.017949	0.02142	0.016603	0.019072	0.026402	0.012658	0.018789	0.02486	0.027839	0.027218	0.027262	0.023147	0.024196	0.022022	0.021755	0.31293	0.019242	0.019339	0.021578	0.023173	0.028255	0.020296	0.056242	0.018613	0.042494	0.019155	0.57153	0.017972	0.028887	0.018217	0.028599	0.021157	0.036419	0.025809	0.025933	0.024116	0.020545
Meth__cg01816336__MINPP1	0.028772	0.042253	0.023717	0.026037	0.041945	0.030594	0.044299	0.032057	0.031381	0.037497	0.087667	0.02762	0.042038	0.51674	0.034885	0.060337	0.032151	0.034721	0.044703	0.037249	0.039661	0.030751	0.1353	0.035496	0.057363	0.030488	0.095422	0.033526	0.04327	0.036689	0.036898	0.030588	0.029454	0.028603	0.036514	0.034254	0.037331
Meth__cg10729531__TCFL5	0.071107	0.1275	0.064344	0.046083	0.089063	0.049787	0.10962	0.078057	0.16855	0.093476	0.088855	0.10057	0.1151	0.081128	0.1133	0.088266	0.04699	0.045814	0.11202	0.073276	0.070491	0.41356	0.11201	0.082955	0.12129	0.040529	0.11924	0.072415	0.13274	0.043909	0.12971	0.054183	0.041875	0.056127	0.054989	0.061185	0.088553
Meth__cg08687958__PDZD8	0.020409	0.066069	0.024557	0.048241	0.042946	0.030154	0.036602	0.027329	0.031961	0.17673	0.12021	0.03359	0.027926	0.20754	0.027309	0.046271	0.041102	0.095533	0.065859	0.038118	0.046673	0.035141	0.11493	0.030785	0.066373	0.2781	0.067623	0.19696	0.049078	0.025241	0.04818	0.023072	0.079336	0.044845	0.027249	0.035199	0.032631
Meth__cg26426223__NICN1	0.045094	0.08989	0.06458	0.038249	0.061153	0.080483	0.04015	0.06239	0.065482	0.074374	0.085265	0.043556	0.048862	0.056518	0.064483	0.071067	0.24092	0.071696	0.076538	0.055654	0.069555	0.035995	0.083692	0.064808	0.088218	0.037322	0.068033	0.059259	0.092806	0.037938	0.050028	0.044891	0.078804	0.065118	0.048067	0.055025	0.056723
Meth__cg09906309__C11orf46	0.049317	0.71353	0.073916	0.1626	0.80316	0.10473	0.23649	0.070702	0.061008	0.049383	0.20502	0.29889	0.068147	0.059033	0.049962	0.12073	0.050507	0.1697	0.137	0.050335	0.1211	0.046358	0.13707	0.71069	0.11246	0.060872	0.073663	0.2427	0.11423	0.028727	0.054515	0.068244	0.38073	0.070402	0.054782	0.13337	0.055203
Meth__cg26551843__RPS6KL1	0.041156	0.047187	0.042974	0.042429	0.045228	0.036175	0.24348	0.83103	0.050692	0.78221	0.74692	0.035152	0.65579	0.075109	0.039093	0.088331	0.070789	0.045614	0.049128	0.050551	0.66637	0.040293	0.062549	0.16214	0.068792	0.047717	0.085059	0.343	0.076859	0.042084	0.75386	0.04283	0.037721	0.045145	0.046523	0.040208	0.046512
Meth__cg08210616__ZNF502	0.071199	0.83655	0.27249	0.31149	0.8168	0.46471	0.86536	0.079035	0.39156	0.83127	0.63679	0.62838	0.088518	0.082533	0.20359	0.23818	0.071943	0.75719	0.59422	0.25855	0.18191	0.4459	0.53921	0.083609	0.24635	0.069186	0.58191	0.088674	0.19133	0.092692	0.10121	0.15523	0.78034	0.28857	0.38156	0.28897	0.17659
Meth__cg01557297__SLC22A17	0.029478	0.048042	0.02043	0.57069	0.034454	0.011353	0.025227	0.020445	0.024879	0.026033	0.056705	0.03953	0.020349	0.037585	0.024676	0.13441	0.021003	0.02422	0.029557	0.019183	0.029957	0.032419	0.93921	0.026268	0.060867	0.031463	0.050417	0.021816	0.045115	0.028868	0.035557	0.019379	0.026387	0.030241	0.024615	0.02183	0.028634
Meth__cg24599739__DDT	0.55288	0.97456	0.13907	0.031453	0.4202	0.034325	0.97818	0.12049	0.96723	0.028793	0.95969	0.53901	0.37469	0.96726	0.025299	0.26369	0.60455	0.64339	0.96772	0.029468	0.55407	0.39723	0.048058	0.035868	0.055177	0.036279	0.047608	0.042648	0.43616	0.86588	0.020525	0.6929	0.95554	0.018443	0.035451	0.56346	0.95016
Meth__cg16551326__ERF	0.074043	0.06976	0.047699	0.070194	0.079486	0.045365	0.74801	0.071475	0.07655	0.064995	0.077651	0.098462	0.065641	0.065796	0.059959	0.10694	0.075253	0.061304	0.069724	0.067666	0.056107	0.055077	0.11871	0.069635	0.10728	0.060324	0.077079	0.062887	0.10058	0.067541	0.069666	0.051806	0.055866	0.048818	0.070986	0.069484	0.072862
Meth__cg11262815__CACNA1G	0.056209	0.28519	0.08788	0.1288	0.14564	0.061243	0.27805	0.13552	0.053037	0.44398	0.33091	0.26311	0.075125	0.058082	0.03946	0.13449	0.039083	0.37765	0.72037	0.09402	0.055508	0.83005	0.75535	0.075605	0.47601	0.032028	0.39922	0.31836	0.12736	0.036129	0.051841	0.031724	0.26954	0.12301	0.37002	0.21061	0.065138
Meth__cg07611177__LOC91137	0.050362	0.26388	0.036082	0.04992	0.49936	0.078388	0.58482	0.06368	0.070719	0.075976	0.18621	0.047776	0.13651	0.081587	0.26242	0.10044	0.055856	0.39974	0.35949	0.062921	0.07285	0.049064	0.30035	0.069695	0.099744	0.053196	0.45982	0.073982	0.10825	0.045894	0.066021	0.038849	0.1001	0.24253	0.05118	0.054944	0.05642
Meth__cg02661879__FLNC	0.027093	0.065155	0.03428	0.86047	0.9165	0.038033	0.81117	0.029506	0.95046	0.84259	0.90672	0.30645	0.037216	0.9563	0.033364	0.077961	0.022092	0.96026	0.95657	0.37733	0.38911	0.37636	0.10096	0.68195	0.074946	0.50412	0.94053	0.55298	0.053289	0.09066	0.049024	0.035429	0.93835	0.95108	0.054954	0.044405	0.24182
Meth__cg15898840__IGFBP3	0.03062	0.038406	0.020063	0.026767	0.053513	0.13902	0.032258	0.019318	0.067939	0.85913	0.058712	0.72887	0.02423	0.026125	0.038422	0.043459	0.015511	0.90299	0.71196	0.022423	0.019447	0.14952	0.057064	0.88567	0.082194	0.026233	0.80228	0.028154	0.04259	0.030117	0.8161	0.025539	0.86893	0.75182	0.031362	0.042242	0.032715
Meth__cg12005703__HEMK1	0.046387	0.053251	0.03948	0.046833	0.066937	0.063046	0.084505	0.049539	0.072152	0.12179	0.11588	0.057451	0.0547	0.049907	0.053892	0.12883	0.038037	0.068777	0.075291	0.061684	0.0725	0.029099	0.087202	0.065286	0.15057	0.037148	0.078273	0.054355	0.10863	0.038541	0.059562	0.83294	0.06926	0.062797	0.04377	0.040782	0.060187
Meth__cg26908611__MFSD2	0.061099	0.065551	0.048003	0.061391	0.10217	0.045208	0.068933	0.065001	0.057211	0.10597	0.48201	0.053181	0.061458	0.05412	0.065215	0.15355	0.047114	0.53612	0.5195	0.064292	0.12052	0.046577	0.12011	0.068758	0.1048	0.05722	0.1091	0.078659	0.090744	0.055505	0.053549	0.044893	0.069719	0.041563	0.055471	0.079075	0.065259
Meth__cg25766046__ROR2	0.067673	0.58464	0.059433	0.9783	0.56496	0.066035	0.078498	0.62785	0.088808	0.69946	0.66671	0.59906	0.60339	0.064875	0.08094	0.17866	0.10204	0.82514	0.58312	0.45415	0.058291	0.41851	0.94328	0.046652	0.047198	0.12832	0.060775	0.52059	0.25959	0.37691	0.10256	0.029614	0.9838	0.02841	0.046673	0.040112	0.044992
Meth__cg20477318__TIMM23	0.057025	0.0564	0.050666	0.048076	0.060968	0.053307	0.47	0.061137	0.060864	0.059416	0.083444	0.053651	0.057845	0.07594	0.052326	0.14513	0.064221	0.065849	0.059818	0.06919	0.059443	0.059068	0.12513	0.062921	0.097936	0.055039	0.10769	0.062919	0.108	0.044364	0.068026	0.041869	0.079296	0.065123	0.059458	0.071191	0.064622
Meth__cg19734228__DAPK1	0.071775	0.33332	0.19845	0.43517	0.90288	0.082591	0.03846	0.032479	0.83677	0.7755	0.17315	0.42422	0.036508	0.58932	0.031482	0.099833	0.58261	0.60488	0.6733	0.1075	0.20736	0.068408	0.74439	0.28333	0.094099	0.50759	0.17	0.55014	0.10997	0.031871	0.18585	0.25237	0.24067	0.44707	0.037416	0.2504	0.048396
Meth__cg20919799__CDKN1C	0.023225	0.14196	0.037997	0.6609	0.60686	0.66267	0.037621	0.045384	0.042184	0.69542	0.13176	0.049168	0.047097	0.04222	0.039305	0.14228	0.13852	0.9137	0.58992	0.051878	0.047471	0.25867	0.17487	0.062481	0.065342	0.048156	0.068128	0.04506	0.048356	0.033754	0.045682	0.061075	0.4954	0.039137	0.052828	0.053412	0.038702
