Cell lines	600MPE	AU565	BT474	BT483	BT549	CAMA1	HCC1143	HCC1395	HCC1419	HCC1428	HCC1569	HCC1806	HCC1937	HCC1954	HCC3153	HCC38	HCC70	HS578T	LY2	MCF7	MDAMB134VI	MDAMB175VII	MDAMB231	MDAMB361	MDAMB453	MX1	SKBR3	SUM1315MO2	SUM149PT	SUM225CWN	SUM229PE	SUM52PE	T47D	UACC812	ZR751	ZR75B
Response	-1	1	1	1	-1	1	-1	-1	1	-1	1	-1	-1	1	1	-1	1	-1	1	-1	-1	1	-1	1	1	-1	-1	1	1	1	1	-1	1	-1	-1	1
RS_G13359__HAS2__HAS2	0	0	0	0	6.2901	0	0.50167	7.8174	0.34679	2.7205	0	8.4229	1.3124	0	0	3.943	0.54231	8.0381	0	0	0	0	3.7323	0	0	5.7447	0	0	2.9735	0	1.4913	0.35491	0	0	0	0
RS_G9666__DPYSL4__DPYSL4	2.1402	2.0732	0.10834	2.7477	6.5065	0.36733	0.66651	6.9015	0.20354	0.57452	5.8937	5.5149	3.6203	0	0.89312	7.2924	0	8.4033	5.9845	5.4214	7.126	3.1706	0.18027	2.5149	2.3566	4.7578	1.5021	3.1696	0.35504	3.2394	0	5.5632	1.3874	7.3126	1.3908	0
RS_G2069__IKZF5__IKZF5	5.7021	4.4128	5.3513	5.0351	5.3352	5.5475	4.9167	5.9685	5.2985	5.6042	5.5172	6.1113	6.074	5.4231	5.4279	5.283	5.6724	4.1876	4.6831	5.8147	6.2913	4.6276	5.7219	5.5635	5.2171	5.3581	5.5553	4.6446	4.5729	5.2434	4.1707	11.8927	5.4297	5.0336	5.5195	4.6727
RS_G8360__GRB7__GRB7	8.0056	12.1647	10.381	7.194	0.81984	5.4189	6.1071	2.0939	11.6616	5.7069	12.2019	5.2958	5.5994	12.9359	7.5671	0.68484	7.2676	0.69935	6.6271	5.5221	6.5424	7.9202	4.3394	9.092	9.3835	7.9355	11.2459	0	5.772	14.3583	7.3719	7.0799	6.8735	11.3881	7.0867	7.2831
RS_G28096__CRIP1__CRIP1	7.9844	4.1652	10.7307	13.429	1.4617	2.9972	3.1334	1.3965	13.7478	3.9517	9.5409	7.9296	1.0811	2.5807	4.013	2.5551	10.3575	2.4509	6.32	4.123	11.2384	9.4178	0	11.4462	10.3518	3.5508	3.7792	3.5393	12.4211	6.1301	12.4714	1.3665	11.503	12.5563	13.3168	13.0061
RS_G18399__COL27A1__COL27A1	8.0644	3.0828	2.0741	2.2689	4.6199	1.0949	3.2578	2.9569	0.90782	3.614	5.2826	5.3374	4.1576	2.523	3.6506	5.6747	0.97574	3.8578	2.98	2.2347	3.7904	2.5515	4.1375	4.2895	0	6.1948	0.59387	3.3792	4.4903	2.0468	2.0487	0.68578	1.3211	3.9043	3.7676	2.8506
RS_G380__AC115090.8__AC115090.8	5.5401	4.5937	8.2773	5.6462	1.8168	4.4074	1.7069	2.3845	3.3208	3.0223	3.7229	1.0776	3.1471	4.6588	2.4415	0.71518	3.2748	1.9988	4.269	3.2441	5.2386	4.9617	1.7625	5.7094	6.0719	2.0778	3.1752	2.8722	3.1587	5.4452	3.6614	5.309	4.1984	9.4664	4.2942	3.8001
RS_G16598__PROS1__PROS1	4.6854	0	0	0	6.3048	0.91111	3.1664	1.7086	0.9029	1.3688	2.6571	2.8994	1.0067	1.4914	4.4328	2.7055	0.13375	1.5091	0.71549	2.8721	0	0.12149	6.4587	0.13992	0	4.1969	0	4.4556	2.5764	0	0.42536	1.3477	0	0.10127	0.55269	0.21169
RS_G10899__PERLD1__PERLD1	7.7632	10.8788	10.843	8.1343	5.7015	7.023	5.4851	6.0545	11.6693	6.7597	1.9356	4.6347	4.808	11.5693	7.3482	6.5941	7.0206	5.8111	6.5555	5.7895	6.5318	7.7669	5.3794	9.638	8.0489	7.0386	10.3657	5.6013	6.5852	14.7454	6.0695	5.4877	7.267	11.6018	7.3184	6.7812
RS_G8887__PLAC8__PLAC8	3.4307	0.78955	1.4119	1.8455	6.3471	2.1601	3.6961	2.6576	2.0722	2.8257	3.7442	4.2756	6.833	4.3387	2.138	2.6302	1.977	3.3026	2.9326	2.2767	3.133	3.0243	7.9065	2.0243	1.8874	2.3395	2.7574	2.9311	5.5878	2.4519	7.3535	6.9757	3.1961	4.5752	2.3072	1.8458
RS_G8194__TGFB1I1__TGFB1I1	4.2726	2.3439	1.5566	3.0164	9.8909	0.51218	4.6719	3.9998	1.9533	0	6.8274	5.2331	4.7585	0.25652	0.71603	6.9022	4.8033	9.6163	5.4314	2.0027	4.1516	2.6547	8.2845	0.19792	0	8.5533	1.3892	0.97629	7.6316	0	6.9564	2.8172	1.8548	4.6982	3.2699	2.7503
RS_G9764__SPOCK1__SPOCK1	0.73188	1.8385	1.5447	1.885	8.7612	0.26671	2.8401	8.7292	0.11606	1.9726	0.51264	3.357	5.8754	3.6344	2.2589	3.2299	1.9918	9.0647	2.0412	0.30801	5.5589	1.2868	1.0533	0.76718	0	5.2564	1.6003	3.5414	1.622	0.23799	3.8591	0.52115	0	4.5238	0.29584	0
RS_G2077__IL11__IL11	3.4847	0.65823	0.84332	2.3378	1.8507	1.5802	1.6045	1.9073	1.491	2.5485	1.9424	2.9882	2.5019	2.4814	0.99259	8.3724	1.1164	7.9127	3.2063	1.2969	3.355	1.8068	7.0334	1.8519	1.8727	2.2327	2.0687	1.0365	3.2079	0	4.6154	1.221	0.34981	1.0126	1.2655	1.2031
RS_G10339__NRG1__NRG1	0.58693	0	0	0	7.7389	0.19465	1.7934	2.0408	0	1.7451	0.088641	8.0487	5.3378	0.13453	4.7885	5.8443	0.70526	6.4738	0.096448	0	0	1.3846	6.0583	0	0	0.13811	0	5.8239	1.5169	0	1.5046	0.30151	0	0	1.9553	0.64638
RS_G10326__NMNAT2__NMNAT2	6.6	0.30207	0.5195	4.1564	2.4102	0.093162	5.2476	3.0218	2.6025	1.3761	1.4049	3.0914	4.7602	1.6212	4.0426	0.32631	0.33832	4.3466	0.089314	0.54336	0.88415	4.3612	5.3772	2.181	0.62001	5.1991	1.6548	1.5533	4.0954	0.10382	0.6965	1.1755	4.3552	4.8679	4.2739	1.8525
RS_G4506__FN1__FN1	4.4659	5.6734	2.1232	6.6339	12.0664	2.308	6.2799	13.1575	2.6835	8.1794	5.3713	6.1008	6.4374	6.0504	10.4557	11.6619	6.9695	14.314	7.9571	5.8399	8.6337	7.242	8.9032	4.4927	4.0323	12.6716	5.2383	3.1511	10.3215	1.9746	11.44	5.2825	5.777	7.7872	3.9021	1.7401
RS_G19132__NRARP__NRARP	3.3563	5.9645	5.6026	7.2418	4.5032	7.7172	8.3562	1.8067	6.2538	6.2684	6.799	7.1035	7.1614	3.1299	6.3495	3.617	9.4205	1.5323	8.106	7.4106	6.849	6.6626	3.5847	8.322	8.5739	7.4719	4.9533	5.5331	8.1234	5.6934	7.2971	5.8926	7.7073	5.4552	6.8244	8.6855
RS_G2995__SLC39A14__SLC39A14	6.5459	5.6769	5.6594	5.6152	8.7657	6.1716	7.0063	7.7195	6.3535	6.2607	9.1892	7.0224	6.7042	5.8478	7.8421	8.046	5.0282	8.6902	5.9951	5.871	5.7726	6.4523	7.8138	5.2543	5.461	9.0738	6.3889	11.4705	6.4913	4.5856	7.4146	6.5071	6.5466	6.7714	6.9246	7.2669
RS_G11751__DLC1__DLC1	0.52174	1.3191	0.98144	2.5792	0.43438	3.7499	4.3824	3.6961	0	5.6513	3.3982	3.7535	2.7178	0.031946	2.4551	5.2094	0.060786	8.0268	4.6003	3.4051	0	0	7.5742	0.45432	0.22823	5.2461	2.4852	0.53131	2.3611	0	4.4893	0	1.6785	1.2521	3.4241	3.5875
RS_G424__FHL1__FHL1	2.0586	0.14817	0	0.62912	8.4195	0	7.8581	7.6811	0	0.22544	5.2396	7.0935	5.4999	1.6533	8.1859	4.294	0.90187	10.0365	3.4656	2.4039	0.32044	3.163	4.1986	1.521	0.52788	3.2163	0.9089	7.0593	5.007	3.6967	2.9989	7.6498	0	4.6859	0.6065	1.4646
RS_G9411__PAK1__PAK1	9.7379	3.6126	5.4375	6.8348	6.7525	4.9493	5.9938	7.1121	2.1414	5.6631	7.8099	8.5733	6.5653	6.9548	6.8913	6.8685	7.7419	6.4967	3.6134	5.5626	11.6469	4.7882	7.3965	5.7512	5.6661	6.6821	5.3053	3.3435	6.0138	6.3652	4.9205	9.5501	7.7022	5.9554	5.4982	5.2907
RS_G18071__CXCL17__CXCL17	1.6218	1.6066	6.1534	1.2095	0	0.74132	0.6322	0.45695	3.1228	1.3713	0	0	3.6124	9.5671	3.7511	0	12.3037	0	2.1353	2.7126	0	7.6157	0	5.9685	0.3767	2.0065	0	0.38286	0	3.7402	1.4859	0	0	3.4737	6.5787	4.2359
RS_G10836__FGFR4__FGFR4	5.2034	7.7635	8.2284	8.4723	3.6823	11.0861	6.4162	5.236	9.6719	7.2021	7.4945	6.5832	6.241	8.4301	5.9966	6.3794	4.5084	2.9314	7.9454	7.7888	7.8124	6.2404	4.8446	12.8321	13.6847	4.5816	6.4864	6.0949	5.9918	9.5218	6.8846	7.9866	6.6089	9.7925	10.4536	9.5726
RS_G11774__DEFB1__DEFB1	1.993	2.346	1.9138	0	0	0	0	1.7511	0.92315	0	1.0764	2.6711	4.6884	10.3764	8.1565	0	9.3815	0	0	0	0	5.5335	0	1.9353	4.1392	0	0	0	0.89009	5.4286	4.2375	2.4838	0	1.9013	0	0
RS_G9860__DAB2__DAB2	2.8095	2.6767	1.9608	0.84202	7.8425	1.0483	5.6917	7.6059	9.6164	8.572	3.2249	4.2838	2.5393	4.435	5.0783	5.6126	6.3679	7.6893	0.22032	2.9612	1.2783	2.7123	6.6862	1.4309	0.99415	5.6683	4.3122	5.9163	3.1804	5.6376	1.1255	5.8937	2.6474	2.0384	2.1991	0.16587
RS_G4349__WNT5A__WNT5A	3.982	2.045	1.8769	1.9481	4.5212	0	3.6975	6.6438	0	0.12663	2.9122	2.7777	4.8234	4.5715	3.6876	7.6926	5.9567	8.5689	0.47057	0.98972	1.5977	1.009	4.6257	0.93054	3.3416	4.6322	6.5403	5.0767	6.3914	3.2081	0	5.2859	0.33479	0.364	3.2077	1.2231
RS_G477__SH2D2A__SH2D2A	0.94001	4.6893	0.32589	2.6798	0	0.29969	3.9685	1.0373	0	2.4134	6.2239	1.8472	3.8194	0.97591	2.5234	2.1292	3.9223	0.48031	1.0982	0	0.1632	2.1868	0	3.6932	2.1948	3.755	0	1.9177	4.4467	2.5454	3.6017	0.81263	3.7963	2.6117	3.0212	5.6658
RS_G12846__TMEM22__TMEM22	0.12489	0	0.32872	0.95172	4.2412	0.87813	2.461	4.4274	0.80793	3.5709	4.2807	6.2727	4.3571	0	0	7.038	2.6853	6.3906	0	0.5475	1.363	0.4634	7.9347	1.5709	0.51138	3.5586	0	0.28293	4.4032	1.3373	4.1658	0	0	0.88919	0	0
RS_G9902__PLEKHG4B__PLEKHG4B	6.3025	1.1634	6.0986	2.2017	4.8105	1.1858	2.7352	4.7612	1.0371	0.79057	0.80203	3.5459	3.1902	0.29089	0.15565	6.0216	0.17461	2.09	1.2126	0.3254	3.4452	2.5655	0.64973	0.83209	0.45843	4.3927	2.5006	0.52445	0.43644	4.1108	0.1378	1.1431	7.1028	2.3368	0.7708	0.83625
RS_G13165__AC055839.9__AC055839.9	2.1562	0	1.3571	3.4608	4.4711	0	3.2713	1.452	1.0082	0.41047	0.39879	3.2727	0	0.52644	1.1335	1.8594	4.3024	4.3497	0.76491	0.55378	4.8256	1.2695	2.6327	1.5017	0	1.1214	0	3.9832	0	0	2.0505	2.5645	2.4145	4.2536	3.4531	0.88875
RS_G22179__AC104692.1__AC104692.1	0	1.0213	6.1553	5.323	4.6508	0	0	1.8859	5.2296	1.4075	5.5417	2.2715	0	4.987	7.6104	0	4.8789	0	0	0	0	7.8349	5.5001	0.65229	0	6.8873	0	6.7274	5.1084	7.147	0	0	0	0.84432	0	0
RS_G14619__GJC3__GJC3	5.1109	1.8959	1.5143	3.8425	0.41479	2.0959	4.3671	0.96981	5.4889	2.1872	4.8849	1.0688	1.8684	4.541	2.8968	0.86946	6.1687	2.0321	1.4189	1.6812	2.2311	2.9997	0.56527	4.4185	4.9652	4.0407	0	0	2.9844	3.916	1.0534	4.0553	3.7645	1.1652	3.6653	3.406
RS_G1917__LEPREL1__LEPREL1	1.6812	1.213	1.016	0.15032	9.6328	0	8.6274	7.5555	0	0.20528	2.3881	6.6588	10.0755	7.8581	6.0855	6.9596	8.8539	6.6718	0.14834	0	0.54021	4.5962	7.6461	0.14506	0	5.0402	1.8994	2.7188	5.8777	1.6577	6.3893	3.8936	2.3297	1.1214	2.3917	0
RS_G16205__GJD3__GJD3	3.1176	4.0109	3.5918	6.6279	2.6413	6.0198	3.3731	3.2862	3.8815	4.1918	4.3841	3.7817	5.7324	3.8259	4.9358	1.284	4.8715	5.2909	8.3706	6.0581	5.7523	5.9434	3.391	5.5551	4.4163	4.9115	1.5739	4.5895	5.3604	5.9421	6.7631	5.0239	6.609	9.9345	4.7824	4.8136
RS_G12055__IFI27__IFI27	4.0922	4.7513	0.72205	6.7926	1.0972	0	3.8876	3.2258	0.38186	2.8312	8.1137	6.5826	10.0905	12.0844	3.6058	0.89527	13.3216	2.2262	7.8184	2.6569	2.6229	6.5223	0.62258	1.4227	1.8776	6.1896	0	3.5761	10.5207	14.2497	10.7408	1.7041	6.718	0.48054	1.8182	1.1944
RS_G826__SLC2A3__SLC2A3	0.69254	0.061538	0	0.37073	6.4407	0.13515	2.8137	5.088	0.55696	0.3447	0.23364	3.3262	0.29792	0.064317	6.6068	0.25129	0.43349	3.7661	0.3097	0.19758	0.071217	1.2539	5.7836	0.18471	0.77274	0.18822	1.0205	3.9255	2.1931	0	0	0.33768	0	0.046556	3.5598	0.099332
RS_G12178__SERPINB7__SERPINB7	0.9442	0	0	0	5.6432	0	4.7067	3.7483	0	0	5.5995	5.3599	5.0834	3.2114	4.5919	3.2161	2.0948	3.124	0	0	0.75502	3.0792	2.3119	0	0	9.9222	2.1682	0	4.6954	0.18709	3.6766	0.6301	0	0	0	0
RS_G11080__DNAJB4__DNAJB4	5.2481	2.6683	2.103	2.8453	9.2845	3.4604	3.6926	7.1968	4.45	2.7546	4.4632	4.5992	3.4336	4.2361	5.9018	6.3162	5.4822	6.7432	1.3773	2.6579	4.1523	2.2465	5.9448	1.8261	2.2012	4.6909	3.7086	3.9964	3.852	4.2055	4.099	3.7067	1.7083	0.85314	3.1523	0.8945
RS_G13489__LRRC8C__LRRC8C	2.418	1.5417	1.7488	2.4041	6.0762	1.4049	4.2775	5.247	3.3365	3.6831	5.1997	6.6789	3.9768	4.0136	6.0583	4.9818	5.6925	6.064	0.087916	2.0266	4.3586	2.1772	8.3452	1.0245	0.97754	5.5085	0	2.3141	2.6248	0.61749	3.3056	1.4293	1.3006	1.0774	1.2874	1.824
RS_G2913__KIAA1199__KIAA1199	7.641	2.9944	1.7452	2.2245	8.7442	1.1372	1.3566	4.1092	1.6288	1.1836	1.0036	0.63034	1.6954	1.9755	1.4692	3.9475	1.0185	8.171	2.3433	3.1087	4.1294	3.0434	4.72	2.3213	0.96256	1.8888	0.42582	3.094	0.79594	1.1095	0.6955	2.814	1.156	4.3478	0.37723	0.75076
RS_G692__DKK3__DKK3	0.44322	0	0	0.54068	8.236	0.18041	2.3601	6.9924	0	0.99415	0	5.0446	1.443	0.084903	3.855	7.9864	1.2245	6.1166	0.81839	0	5.6363	1.0711	3.1985	0	0.7714	6.85	0	6.645	0.60379	0	5.2981	0	0	0	0	0
RS_G13473__C18orf4__C18orf4	2.916	0.19285	1.8636	0.81516	6.8813	2.0898	3.5813	2.2879	0.32997	0.85351	1.2471	4.2512	0.70224	0.051857	2.9336	0.30277	0.5877	5.6726	0.27885	0.83484	5.3935	0.6096	3.6129	0.593	0.79273	2.0735	0.074512	4.3534	3.7589	0.58445	2.8849	3.8849	0.37249	0.51605	1.2527	2.7154
RS_G7852__SLC40A1__SLC40A1	8.1261	6.0053	7.765	8.1177	0	7.1984	1.8182	1.1013	7.0717	9.5596	4.9572	4.0017	0.11962	2.6831	2.3757	3.5437	5.1833	0	0	0.15331	0.15829	5.071	2.5055	7.5995	9.0335	0	6.8656	0.27233	0.42348	6.3631	0.91534	4.6019	10.0753	3.8126	7.1722	6.288
RS_G8362__PNMT__PNMT	0.44623	4.8999	7.3726	5.2727	0	1.4466	0.33162	0.4332	11.4553	1.7285	1.4818	0.57924	0	3.0748	0	2.0961	0.97013	0.42865	1.4931	0.68934	7.0506	4.7939	0	6.2953	2.8879	1.0688	4.8305	0	1.6774	5.8587	2.6683	0	2.3264	10.3755	2.1811	0
RS_G16786__FLRT2__FLRT2	1.0968	0.067234	0	0	6.8695	0	5.9944	6.4562	0.0804	0.1038	0	4.3235	1.0275	0	4.8096	0	0.89689	3.9788	0	0	0.077287	0	5.2419	0.10757	0.13413	0.20421	0.54347	8.0176	0.94572	0.99638	4.5865	0.43488	0	0.32293	0	0
RS_G663__RSF1__RSF1	8.1363	5.4289	6.1763	6.8727	6.4504	6.052	6.5173	6.1058	5.822	6.5063	6.8923	7.1095	6.3098	6.3111	6.0201	6.6896	6.0028	5.5633	5.8166	7.0255	10.9701	6.3038	6.2483	6.0367	7.033	6.1716	5.0067	5.3046	6.2564	5.9217	5.2559	8.0708	5.3748	5.8319	5.3245	5.4744
RS_G11747__CTSB__CTSB	9.8416	8.2842	7.3598	8.8658	10.7399	7.7915	10.2099	9.493	8.6772	9.5489	8.9823	9.516	9.74	8.7557	10.2834	9.9357	8.3334	11.0293	8.6087	8.539	8.406	9.6896	9.0618	8.77	8.7307	8.5938	7.9661	14.2059	8.7494	7.516	9.1268	7.5318	8.3295	9.5108	9.6418	9.0078
RS_G11127__OLFML2B__OLFML2B	0.42875	0.13423	0.23792	0.40981	5.7677	4.4756	3.339	9.4493	0.30186	0	1.2164	0.33768	1.2905	0.97504	1.9934	7.0512	2.5686	5.708	0.40258	0.28477	6.7681	1.3501	2.3956	0.30446	0.37271	2.8528	0	5.2065	0.9963	0	0.51857	7.5456	0	0.44843	0.70319	0.30943
RS_G21732__AL136362.10__AL136362.10	3.6177	1.379	2.4086	2.3687	6.8619	2.9602	8.6421	5.8491	4.1982	5.6378	2.8629	7.9821	8.2796	3.0449	4.9523	3.5242	4.687	7.4838	1.6056	2.2294	4.1893	2.5963	5.016	2.5979	2.9509	8.6236	1.0728	4.8527	7.0765	2.0186	7.1972	2.0514	2.0133	2.6182	1.9024	2.0164
RS_G3849__UPK2__UPK2	1.2179	2.5918	2.4864	2.9857	2.6149	1.444	2.281	2.1097	3.0251	2.428	2.8133	5.2106	4.5908	3.0002	1.4478	0	3.7605	0	8.8632	6.3477	1.2022	6.0449	1.1257	4.7025	2.0134	2.0921	0.63424	0.47434	5.77	3.8561	5.3843	3.8374	6.7099	8.458	0.91701	2.3886
RS_G5550__INHA__INHA	2.803	4.8975	2.2334	4.1783	3.3355	2.7597	0.72731	1.7803	2.3328	2.9138	4.8991	0.72573	2.4269	4.5893	4.3798	0.93674	3.1222	0.68198	5.5781	5.2467	4.2458	4.8462	0	5.8881	4.6199	5.2265	5.7173	4.7246	9.0315	3.2059	5.2734	8.0172	4.0025	1.9518	4.4776	1.5657
RS_G11045__AKR7A3__AKR7A3	1.5004	9.0838	2.8319	5.5429	2.3864	5.6015	0.33305	2.1664	10.1604	6.9813	3.9476	2.5796	2.6553	2.5611	1.6885	1.8247	3.6119	3.3894	2.2465	2.6067	6.6687	2.6739	2.2116	8.4881	9.7412	2.8796	7.4822	2.8625	4.159	3.7916	3.0998	3.0519	5.115	7.2329	8.6879	8.2294
RS_G4492__LOXL3__LOXL3	3.9342	3.899	4.0538	3.1695	0.36243	3.2813	6.1376	2.3251	0.55202	3.1632	4.854	4.583	4.4703	3.6321	4.0132	5.0728	3.1669	9.4901	5.2671	3.7001	4.5109	3.8202	4.004	3.3395	3.0077	6.2279	4.4572	3.3937	4.9542	1.8223	3.4845	3.6618	3.0611	4.5489	3.3379	3.4962
RS_G17301__KRT17__KRT17	5.3276	2.3353	2.1138	5.2677	2.8894	1.9821	13.2654	2.0369	0.62214	1.7849	4.7247	11.1935	13.0163	9.171	13.8349	0	9.2183	4.3464	7.482	1.5306	0.60515	13.2263	1.9	4.2829	5.4408	11.7876	0.99742	3.7136	13.3069	9.6792	13.2998	0.35345	3.8105	3.5577	2.8037	1.9077
RS_G15100__GLDC__GLDC	0.26029	7.2337	0.40726	4.2944	3.4418	1.2426	4.4118	2.22	0.14607	4.7534	2.0712	1.7273	4.4029	3.9346	6.0442	2.116	0.61603	1.9099	2.7527	2.1304	4.7021	3.7115	0.45811	0.48042	0	5.2427	7.546	3.6024	1.4389	0	0.89962	7.1951	4.7089	7.464	4.8515	3.1124
RS_G7629__CLPS__CLPS	0.64757	0.39797	0.47804	4.1686	0	0	2.6577	2.6416	0	7.2248	5.6025	0	0.63906	0	0	0	1.542	0.84833	0	0	3.3994	0	0	1.6654	0	5.4581	0	0	0	0	0	4.9291	0.86004	3.2082	3.7855	0
RS_G8221__CDH11__CDH11	0.79052	0.19957	1.1551	0	8.6171	1.5558	5.8768	8.8783	0.1995	0.15665	0.46098	2.9491	6.0302	4.7511	2.1427	5.2153	0.78652	7.7193	0	0.078446	0	0.063857	7.6977	0.12672	0	0.52377	0	6.0073	0.74857	1.9015	0	0	0	0.55314	0.40122	0
RS_G6626__MAP1B__MAP1B	1.6802	0.12335	2.6488	3.0439	5.4526	0.64596	7.5131	8.3394	1.0717	2.1305	6.6239	3.8912	4.0338	2.7093	4.8936	8.088	4.8333	9.1024	2.9921	3.5005	3.9959	2.2071	7.6542	1.7013	0.79208	6.6151	0.17791	7.6968	2.768	5.9852	4.2327	2.5995	0.081101	1.4591	2.7946	0.59431
RS_G2956__CALB1__CALB1	0.16433	3.2689	0	0	0	0	8.3575	0.7572	0.31228	0.88353	0	7.4103	6.0953	0	0	0.19873	7.4913	2.0952	0	0	0.63215	0.16333	0	0.050539	0.63474	0	3.062	0	0	0	0	0	0	0	0	0
RS_G29783__AC144831.2__AC144831.2	0	4.3952	3.2758	6.2777	0	0.3922	0	2.6289	2.7059	1.1858	0.34947	1.3084	1.2662	3.4779	3.4223	0	5.2168	6.3619	7.8127	7.1816	1.1752	4.5495	0.36377	2.6483	0	0	3.9376	0	4.0265	2.1563	5.3041	1.2159	0.75936	4.1777	0	1.8723
RS_G6523__AKAP12__AKAP12	0.48642	0.34772	0.16809	2.1495	5.5885	0.33163	6.7678	0.96527	0.96731	3.3321	2.3494	6.1267	4.1382	1.0678	2.8552	8.078	0	5.7452	2.4205	3.1946	0.68596	1.622	8.2417	0.16066	0.07179	1.6561	0	4.598	3.5179	0.14966	6.5708	0.9599	3.6759	1.7645	0.4458	0.6065
RS_G15650__OXTR__OXTR	2.6453	2.4034	1.4046	5.5286	5.2587	3.3789	7.0907	3.0554	3.0154	3.3339	2.5851	2.3122	6.7918	1.8936	5.7407	2.9858	0.11011	5.3866	1.6268	2.3399	3.0596	3.9592	0.87158	2.2215	1.958	4.4511	1.8969	2.2283	0.53598	2.6827	2.7785	1.9298	0.59396	4.8693	3.8192	4.1112
RS_G5988__EVI2A__EVI2A	1.2756	0.13752	0.30944	0	7.1056	0.15699	0.24882	4.0118	0	1.0625	0	0	1.3617	1.032	0	6.1551	0.48768	3.8192	0	0	1.3205	0	6.7313	0.074104	0	0	0	1.1689	0.54354	0	0	0	0	0	0	0.40834
RS_G3327__AQP1__AQP1	3.3896	3.1971	1.3026	0.31439	0	0.802	7.2628	3.9445	0	8.4883	1.2749	1.4662	2.9131	3.276	3.9418	1.6443	3.7024	4.2338	1.0147	0.7386	2.6185	4.4648	2.2511	0.1945	0.73355	4.5255	3.6431	2.4303	2.9121	3.0402	1.4988	1.5861	1.084	1.5626	1.926	1.1021
RS_G5427__SRGN__SRGN	0	0.86436	0	0	1.889	0	0	5.5557	0	0	0.63384	1.3082	1.2829	0.89407	3.0125	6.0192	0	9.3304	0.3731	0	0	0	9.9268	0	0	3.2169	0	2.0368	0	0	0.57078	3.6571	3.931	0	0.7318	0
RS_G17313__GPR103__GPR103	0.2541	0.19648	0	0	2.3885	0.31353	5.8962	5.3647	0	0.64283	7.2065	1.4331	0.4547	0.10611	0	3.9701	4.8501	0.24643	0.11209	0.30443	0.32413	0.092657	0	0.15618	0.19049	5.8225	0	0.38243	6.3115	0.064452	0.47337	0.44342	0	0.28476	0	0
RS_G41__TFPI__TFPI	1.8179	0.2174	0.72568	0.79129	8.5146	4.5244	0	4.3639	0.37081	3.8782	0	2.3925	3.7167	5.6665	2.9865	5.668	6.5509	6.9449	4.0401	7.4224	4.2219	2.2633	7.667	0.35548	0	0	0.67722	3.6419	0	0.60216	5.6653	4.1591	0	0.79281	0	0
RS_G1887__ARHGAP4__ARHGAP4	4.1786	3.0121	1.9665	7.2583	1.9084	2.7376	1.9753	1.4454	1.9656	6.1295	2.5424	1.2974	1.0461	1.8831	1.9435	1.0348	1.9753	1.5813	6.2534	4.0368	2.8938	5.8286	1.1546	3.2345	4.0066	4.2606	2.8494	9.6532	5.0163	4.6067	3.4539	3.2018	6.2045	5.5849	8.5811	8.4355
RS_G3098__CASP14__CASP14	0.47819	2.8812	0.34768	2.4466	0	5.5281	0.86281	1.5601	1.3701	4.2897	0	0	7.3872	6.0441	0	0	7.715	0	0.79253	0.57994	1.3325	11.4558	0	1.1322	4.9381	0	0	0	10.0896	5.401	8.6198	11.4304	0	0.41325	4.2526	0.44405
RS_G5087__C10orf88__C10orf88	5.1036	3.4635	4.2138	5.1065	4.9616	5.2668	4.111	5.3159	4.8793	4.9919	5.6166	4.2636	4.7725	4.5133	5.2514	4.5469	4.3564	3.4724	4.1536	5.0384	5.6538	3.335	5.6358	4.0063	4.4706	4.7802	4.3227	4.8347	2.9816	4.2625	4.1654	10.5242	4.5255	3.7896	5.0102	3.5253
RS_G9341__ANKRD1__ANKRD1	6.4828	0	0	0.8261	4.6532	0	6.6578	0.82492	0	0.1835	1.1514	3.337	4.898	2.6463	5.0848	1.2721	0.23193	3.6273	3.9893	0.25672	0	1.1723	10.4614	0.49467	0.6149	0	0.82193	2.257	3.3586	0.34827	1.9709	4.3821	1.2895	2.7655	1.0823	0
RS_G7254__AC021066.37__AC021066.37	8.1194	8.0151	1.9938	1.7593	0	1.8586	2.6817	0.47574	1.6761	3.8582	8.4794	1.4097	5.2308	5.7233	7.9259	1.4142	2.5484	0.25763	5.3005	1.7531	0.90338	4.226	0.40172	4.3953	1.5203	5.558	6.4764	0	10.2525	9.2565	3.039	7.9921	3.4039	4.1756	1.157	2.2421
RS_G12106__FBN1__FBN1	1.2014	1.8895	2.1102	0.65511	7.5586	2.1463	1.108	8.4746	0.6436	0.18388	0.66708	3.0923	4.1752	1.0146	4.3982	6.9848	4.5742	9.8221	0.29333	1.5016	1.6413	0.80989	5.7106	1.3307	3.0962	2.8548	1.224	5.4877	1.9859	0.49329	2.2667	1.2437	0.29429	1.1637	1.0261	0.5397
RS_G16696__PRR16__PRR16	0.41506	0.24797	2.8974	0	8.729	0.51715	5.5895	5.757	0.29138	2.5036	5.5104	2.0171	2.0923	0.25845	5.8394	6.3792	1.3786	7.437	0	0.88141	0.1435	0	6.9914	0.32306	0.65491	4.8509	0	7.3612	3.379	1.175	1.7352	0	0	1.625	0.80822	0.6793
RS_G16239__CCBE1__CCBE1	1.1161	0.50662	0.87902	0.61557	0.55127	0.78538	1.6318	1.3054	1.0989	1.887	0.44792	1.9175	2.0205	0.58084	1.3956	1.9127	0.50876	6.035	0.6116	0.6678	1.8377	0.77331	6.1112	0.45356	1.0472	0.67266	0.6324	2.1768	3.0047	0.37002	4.2038	0.17808	0.74833	0.72401	1.2971	0.83157
RS_G4919__CTGF__CTGF	9.505	4.4992	0.78195	1.8219	12.8527	0	8.7089	7.2404	1.2136	1.2462	8.3956	5.4822	6.3887	7.5308	10.7526	9.5522	5.6891	12.5646	2.5154	1.758	0.22651	5.5647	10.5691	3.2516	1.4824	11.3633	4.5607	6.2663	7.3857	6.1576	5.3545	6.591	2.1019	4.4628	1.8454	1.1337
RS_G14071__HOXB2__HOXB2	0	1.4939	0.61128	3.8831	6.8712	2.1445	0	0.49328	8.0832	0.41649	0.51773	5.0166	1.9303	6.6224	0	4.6361	7.1941	3.1744	0.43886	1.9508	0.16898	5.5597	0	5.126	7.0143	0	0	1.9493	0	5.5557	5.4183	7.3697	8.5803	7.6631	1.4454	1.5406
RS_G6637__RARA__RARA	7.4958	9.1151	6.2662	9.3666	5.5867	8.6755	5.3	5.5698	6.1388	8.1484	6.2953	6.0039	5.8682	7.1367	6.4304	5.9595	5.8703	6.0758	9.2031	7.118	7.7675	7.7624	5.7313	7.2389	5.8846	6.0231	8.386	6.6856	6.8134	7.2525	7.9308	6.8151	8.3269	12.7129	8.5605	8.8544
RS_G8395__COL6A1__COL6A1	5.4602	5.1508	3.3975	4.7457	7.3394	3.4729	9.921	10.6743	1.6458	3.4276	8.8942	7.4773	8.2099	3.563	4.938	10.6909	0.88895	13.8151	5.0202	3.678	1.0221	5.5817	7.6313	5.1513	0.86484	10.1471	2.4509	9.1319	9.7023	7.0085	9.4911	5.3568	5.7383	6.3313	5.3044	5.3749
RS_G31237__RP11-314P12.3__RP11-314P12.3	5.1108	4.7786	1.0891	0.72198	3.0541	0.76693	9.1926	1.5589	0.43528	2.6438	0.38715	8.2861	8.0064	7.3593	6.2174	5.1254	2.5452	4.2085	1.007	1.237	1.0416	4.7344	3.9704	1.091	0	2.9622	1.4768	1.1666	6.063	0.66767	7.9529	2.0039	0	0.9313	0	0.58419
RS_G15449__PSTK__PSTK	3.0441	2.5953	2.506	2.888	3.4201	1.9302	3.6997	3.918	3.1924	3.047	4.0419	3.5195	3.7742	3.8694	4.1269	3.8838	3.0608	2.759	3.2617	3.0766	3.4609	2.7387	4.1285	3.3489	3.8483	5.2788	2.2706	4.3471	3.1501	3.2526	2.3549	9.5518	2.9723	3.3824	3.321	2.3236
RS_G6363__APOE__APOE	4.2881	4.7187	0	2.382	5.2995	1.3208	2.9543	2.0475	0.42935	4.4855	2.5012	5.566	3.0563	1.0451	1.0041	2.1619	3.6414	4.6007	6.7091	5.158	1.0037	2.8448	2.0232	0.83225	1.4749	6.4436	4.0786	4.4021	3.4789	2.8382	8.3738	2.2518	10.4583	5.5087	5.8134	0.56077
RS_G6413__KLHDC7B__KLHDC7B	0.44351	1.5307	0.26069	3.0774	0	0.36018	2.9582	0	0.57664	0.17453	6.5033	2.0385	8.7777	1.2454	3.2379	0.23533	9.8389	0.27498	1.5856	0.44704	0.36343	1.4672	0.51994	0.11993	0.41783	5.7495	0	3.5951	9.2685	6.0434	4.1718	0.85166	0.80079	1.2281	2.9772	0
RS_G11572__GUCY1A3__GUCY1A3	2.1771	3.1726	6.4643	3.3749	2.7359	0	6.4477	4.1023	6.8828	0	3.6806	4.4499	2.4961	6.7048	0.41764	2.2033	8.1568	0.45496	0.056954	2.1317	0.22101	4.4527	0	5.9314	6.7064	4.7362	0	1.7081	3.0364	3.5309	1.891	0	0	1.1889	3.6042	3.0295
RS_G3189__FAM83E__FAM83E	5.5054	1.2887	6.353	0.46463	0	0.66648	2.1666	0.72379	2.2539	2.0567	0	0.54652	0.91415	0.6177	1.8641	1.3612	6.4207	0.62619	0.24924	0.64938	2.6827	3.2312	0.43665	6.4674	1.5424	1.724	0.31951	1.7205	1.4596	2.1883	3.2627	0.50302	0.72718	0.71148	0	1.3318
RS_G9937__PID1__PID1	3.531	3.4933	0.99515	2.4397	2.7231	0	3.8103	7.2734	3.7721	1.9968	4.77	1.9694	1.4947	1.1073	5.107	5.6305	3.47	5.7238	0.46569	1.2408	3.3321	0.79121	3.9905	0	0	4.7638	4.4948	5.1605	9.1818	2.9212	4.2784	5.3652	0.53315	1.9316	2.6993	1.5765
RS_G17030__AL391099.12__AL391099.12	0.79472	0	0.34856	3.2495	7.0864	0.12082	0.50749	2.7995	0.34788	1.7984	0.38468	6.4598	0.47817	0.21289	3.135	7.1336	0.29773	4.0806	0	0.59638	0.61194	0	5.5472	0.11398	0.92648	6.6016	0	5.2696	1.9796	0	2.6767	0	3.4413	0.35791	0.16657	3.3942
RS_G3221__UPK1A__UPK1A	0.8528	1.0252	6.1111	8.1689	0.3617	1.1309	1.2971	0.73223	8.1177	2.4971	0.47554	0	2.2747	1.1508	2.1001	1.0908	0.93519	4.0595	6.4552	2.0695	3.8393	6.4601	0	4.3151	3.5316	0	0	2.1671	1.3118	1.9598	0.94107	0	2.1181	7.8605	4.9489	0.50994
RS_G1983__CCDC80__CCDC80	3.047	4.5842	0.24634	0.95276	10.2098	0.12049	5.2177	5.0089	0	1.3406	1.1731	5.231	6.9418	3.9554	7.2517	8.6794	7.4749	9.7159	2.3768	1.9402	0.12167	4.6807	6.4667	0.23618	0.2076	3.8	1.7652	4.6926	6.5604	0.13246	6.081	5.2147	2.8761	0.70055	0.45007	0.086745
RS_G12889__AR__AR	4.6371	4.6227	6.4437	4.4301	5.9187	7.5601	0.19231	1.476	6.5225	6.1875	0.10622	0	0.18004	5.5774	0.97224	0.22082	3.9166	3.5014	5.9163	6.3628	4.5895	2.3964	0.40029	7.5779	9.2818	0.68318	3.9527	5.974	0.23057	4.0998	2.03	0	4.8483	5.5328	6.3137	3.0122
RS_G16693__ZBTB7C__ZBTB7C	4.9082	2.1996	7.6395	5.8051	0	0.99374	5.0083	4.4477	6.063	5.4933	0	0	2.3605	3.7543	0.27205	0.62879	6.1524	1.113	1.7838	0.14048	5.198	5.4074	0.36556	7.5242	8.3673	0.28509	3.3857	2.6545	2.9881	7.4648	1.5913	1.2642	2.1151	5.5966	5.5484	2.8967
RS_G5426__PLAU__PLAU	4.9652	0.36757	1.2876	2.2999	9.0614	0.22386	9.1713	2.5209	1.9585	3.1838	1.0194	9.2365	7.5055	2.119	3.1276	9.1874	5.9535	8.605	4.6866	2.3653	0.4213	9.4252	10.184	2.873	1.8798	7.5009	3.0319	11.8438	4.8632	4.4882	6.6779	1.2837	2.4118	5.7631	0	0.16276
RS_G19080__ZIM2__ZIM2	6.3995	0	1.6217	3.8248	0.068706	2.3328	0.17028	6.1929	0.14616	0	0.063162	0.10869	4.8515	0.3263	5.5466	0.12794	4.134	0.079499	0	0	7.342	1.0229	0.72704	0.034218	0	4.3588	1.0769	3.3596	0	1.666	0.21099	7.7102	0	7.3298	2.6177	0.099799
RS_G7220__AC009656.11__AC009656.11	2.7728	1.3543	0.21494	0.13307	4.9473	0.67267	6.6933	2.7947	0.27108	1.5657	0.47824	3.1129	2.6674	3.6353	1.6047	4.259	2.2956	5.8737	2.3902	0.25327	2.2197	4.3194	4.3125	0.93459	1.2714	3.1148	0.17347	2.0208	6.7593	0	1.1061	0.50532	0.53125	0.44155	0.56996	1.2237
RS_G1450__HOXA9__HOXA9	0.17011	0	0	0	0	0	4.2747	6.0684	0.42162	1.0745	0.51342	2.9381	3.8685	6.2627	0	2.0643	3.0713	5.5064	0	0.1108	0	1.3105	0	0.20088	0	7.564	0	0	4.3002	0.78151	3.8141	2.6181	0	0.14669	0.54402	0
RS_G7939__LL22NC03-75B3.6__LL22NC03-75B3.6	2.4782	0.1394	0.49211	1.2766	4.5176	0.15466	4.1286	7.2692	0.15764	0.053937	1.2511	3.8732	4.4105	0.61415	3.9325	6.1773	0.071757	8.1771	0.83738	0	1.5554	1.6898	2.2202	0.76908	0.13865	1.1217	0.10411	3.9719	0	4.6122	1.4349	0.63433	0.25885	0.50332	0.21832	0.31876
RS_G12257__B2M__B2M	11.205	9.5507	10.0365	10.7284	12.7723	9.9151	11.1783	13.0887	9.4968	10.4742	13.8925	12.2174	12.0721	13.0742	12.5616	11.9706	15.751	10.0038	8.7483	10.1023	11.7189	9.3765	12.5876	9.4284	10.1329	11.3039	11.3537	9.1302	10.4107	11.9582	10.8859	11.3149	11.3883	8.6614	10.9148	8.6662
RS_G8410__EMP3__EMP3	2.911	2.2536	0	5.4885	10.665	3.4648	8.5826	10.5314	2.4683	3.5154	2.9505	6.6359	7.2148	2.5904	3.8705	10.036	5.246	12.2115	4.767	4.5667	2.7647	3.9866	11.253	3.255	3.7386	5.7953	1.1597	11.5916	9.0071	4.185	8.949	4.0601	3.8818	2.6646	3.7137	1.0148
RS_G9369__ADAM12__ADAM12	0.37678	0.38403	0.24804	0.42494	8.3315	0.049067	5.2786	9.4472	0.32772	0.19292	0	3.2172	3.5568	1.5722	5.4117	9.4437	3.6546	8.4025	0.09372	0.095561	2.8231	0.14991	1.2518	0.04683	0	4.3271	0	8.5985	2.6669	0	2.3223	0	0.767	0.51386	0.25878	0.42998
RS_G13227__CD14__CD14	4.5079	2.146	0	2.1032	1.7905	2.0092	5.0494	1.3892	0.86762	0.93813	0.75898	3.0681	4.1249	2.2887	1.3699	3.1865	9.9831	2.4861	0.81232	2.7439	1.229	2.5762	1.3486	1.2355	0.47784	0.70237	2.2491	0.49366	6.0549	6.8506	3.0821	6.2816	1.3333	4.5229	2.5184	0.4014
RS_G7167__ADAM19__ADAM19	5.0712	6.9435	0.69705	2.9636	7.4741	0.38305	6.6385	5.3497	0.17265	0.22092	1.5558	4.4122	1.7055	5.2338	4.4636	5.8058	3.8545	7.6783	1.6872	0.69548	3.9726	2.9015	6.0789	0.040708	0.28145	2.3256	4.8527	5.6307	2.7338	4.0595	6.556	3.2612	2.3468	1.6562	3.1471	2.3855
RS_G7943__ERP27__ERP27	7.6388	1.2801	6.1285	5.5273	0	3.4983	3.2757	0.3565	6.1989	0.7548	4.0817	1.5752	3.8164	4.7452	7.2268	0	8.7732	0	0.79097	2.1126	2.4821	5.1998	2.4509	5.4332	2.3241	7.6761	4.3544	0	5.1827	4.9496	1.7343	1.2358	3.9084	3.4227	6.7415	1.574
RS_G2210__PRODH__PRODH	6.6996	8.8601	8.1502	4.8255	0.12095	8.7378	5.7577	0.77143	8.8848	5.7828	1.603	2.3836	5.1535	2.1092	3.4667	0.7919	0.3561	1.043	4.9495	1.9741	5.4938	7.7774	0.11484	10.9405	11.3567	6.7245	8.0182	1.3588	2.1155	10.7743	4.0417	8.8787	7.139	7.072	9.1687	9.3919
RS_G19421__ANKRD43__ANKRD43	0.68894	0.2593	3.6807	5.9951	0.14915	8.0828	0.2467	0.39425	4.0266	5.3162	2.7259	0.3412	1.4485	1.9012	1.8589	0.34528	2.0114	0.32538	1.9544	1.3813	4.5803	1.4627	0.073516	2.734	0.68446	2.4367	0	0	1.9312	0.58703	0	0.7374	6.731	7.7023	2.4612	3.3888
RS_G5919__SLURP1__SLURP1	1.6964	3.5263	0.83884	1.8081	0	0.79327	0.67817	0	6.8835	1.3081	0	0	3.6621	0.41528	0	0	2.1742	0	4.2731	2.746	0	5.2151	0	2.0254	0.72351	1.335	0	0	0.79023	4.85	0	2.5992	3.9811	3.3385	2.0289	1.0161
RS_G27910__CR381670.5__CR381670.5	4.1178	5.7688	0.62829	5.0352	1.4721	0.41785	4.2117	6.8566	2.0622	7.2552	1.0275	4.8	2.9294	7.5782	2.0201	2.1241	0.3738	5.8515	0.7092	2.0929	3.8594	1.2196	2.2834	3.0966	0.37898	5.1289	0.70831	2.4725	1.7426	4.4	0.60599	2.4172	4.8267	2.1014	1.1252	4.0839
RS_G13907__ADCY5__ADCY5	4.7972	9.5091	1.3853	2.137	3.3713	0.73212	1.1076	0.25153	7.8828	0.56612	0.10578	0.27387	0.74037	2.3353	0	2.0944	0	1.1236	6.8663	8.0975	4.6028	7.1349	0.71745	0.38401	0.38978	1.3778	7.1157	2.8061	0.43515	0.19881	0.18466	0.60349	0	8.1408	0.69567	0.088049
RS_G12350__NKX3-1__NKX3-1	4.0111	3.0421	4.5967	3.2193	5.9168	0.20679	3.4163	2.8754	8.2383	2.2197	2.5014	4.5082	5.0436	4.5614	2.108	3.6481	2.9619	4.6247	2.6249	2.2666	4.0113	4.4838	5.0431	1.9725	0.74777	5.608	3.6696	4.5496	2.7666	2.43	4.7663	3.8792	4.0238	4.3938	2.1251	2.5927
RS_G10674__PIP__PIP	2.9964	1.7353	9.5819	4.291	0	0	0	0	6.2869	1.4841	0.66661	0	0	6.4468	0	0	3.1539	2.713	0.71805	1.8507	2.0123	6.3497	0	4.4832	5.3906	0.94948	6.4578	0	0	7.2874	0	3.8345	13.277	2.2284	6.4281	3.0258
RS_G14428__C7orf10__C7orf10	3.7743	1.0982	0.7662	0.89114	5.2894	0.14994	3.7882	2.8196	2.0669	0.37628	4.9639	4.3508	2.6963	2.255	2.9243	4.0509	0.65512	4.1949	0.3938	0.96976	1.5258	1.2013	2.0049	0.13633	0	4.5349	0	4.8912	2.9044	0	1.2329	0.30448	2.8094	1.8546	1.8441	2.0889
RS_G8354__PMAIP1__PMAIP1	4.0124	3.1341	5.0862	4.7247	5.4108	3.4802	5.7681	5.6443	0.25956	3.9484	9.8502	4.4074	4.8414	5.4832	2.9297	7.3392	6.0246	5.9079	2.6823	2.1942	6.0173	3.7396	6.9079	4.193	0.73814	7.4225	1.8729	4.2525	4.0255	3.8656	5.387	2.6193	2.8566	3.0695	4.9198	3.01
RS_G21575__AC073585.8__AC073585.8	3.8264	0	2.278	3.2495	3.6652	3.6842	0	3.0824	0	3.6266	0	3.0862	4.9089	3.2126	3.227	3.6645	3.961	1.468	2.1498	3.7007	0	0.704	2.0993	1.1956	2.5717	2.823	2.3436	1.2864	2.8635	0	1.5066	10.4013	1.8729	1.8412	0	0
RS_G13448__KRT15__KRT15	5.6084	7.3499	6.7924	10.1044	1.6019	2.1401	8.8359	2.2532	11.4728	6.5404	9.0315	5.7168	10.5476	12.5316	9.7623	1.8575	5.6722	2.3194	4.8297	3.9225	3.523	9.0893	2.5715	3.421	2.6323	8.4361	6.2237	2.157	5.7716	4.1064	6.2661	5.9218	8.0833	5.988	5.8624	6.6787
RS_G3361__SERPINE1__SERPINE1	3.34	3.0676	0.59751	2.4332	5.0316	0.27016	6.6992	3.2308	0.83167	1.6028	2.0024	7.2689	6.7282	7.1883	6.7085	6.8413	0.30685	12.9763	5.4003	1.4898	1.9126	6.056	9.7718	2.0705	3.8827	2.3465	2.1126	7.2491	0.86367	4.6185	11.3681	8.7657	0.75362	1.085	1.8838	0.90015
RS_G19430__TGM2__TGM2	5.7731	4.6351	0.075916	1.8639	2.1072	1.5359	1.1001	3.5707	1.4478	2.0468	2.7949	4.4499	9.0075	9.2277	2.5436	7.904	4.964	6.8507	5.4294	2.0974	2.9293	4.6858	7.9893	1.2109	1.8048	3.27	2.1179	2.6677	8.7502	0	12.5541	5.6263	0.8381	10.315	1.5682	0
RS_G8626__S100A7__S100A7	0	2.9737	0	3.7002	0	1.3655	0	0	0.49492	1.8871	4.1975	0	3.9463	5.5511	7.4029	0	5.0528	0	0	0	0	7.7248	0	0.92604	0	6.0079	6.0961	0	0	1.8616	6.3833	0	0	4.4876	5.5475	2.3016
RS_G11101__FAM5C__FAM5C	0.21266	3.6632	2.4902	0.60928	0	0.91414	0	0.38169	7.4316	0	0	1.3209	0	0	1.0654	0.72076	4.5769	1.4133	3.7182	0.61657	0	2.7863	0	6.0253	7.372	0	0.68983	0	0	5.1657	0	0.90882	0	6.6578	9.1072	8.0858
RS_G7983__GLIPR1__GLIPR1	0.55287	0.2859	0.94121	0.19873	8.8142	0.67508	3.8198	6.0225	0.83764	0.62063	3.6456	5.4165	4.5642	4.8421	6.5035	8.1578	4.0803	7.825	0.6577	0.57361	0.73209	1.9436	6.5993	0.1263	0	4.548	1.235	1.7892	3.8954	0.71376	4.6243	0.72126	1.595	0.29975	0.35881	0.094808
RS_G17577__P2RX2__P2RX2	1.3699	5.6587	1.7281	7.6192	0.25976	0.69501	1.6549	0.15633	5.106	3.9282	4.3574	2.5458	0.38581	0.63772	0.69729	0.25811	0	0.54424	6.4267	5.6475	0.38942	5.1452	0.63987	2.6185	1.1863	0	4.2646	0.45772	0	1.0983	0.71099	0	8.5345	6.106	4.7114	5.3932
RS_G7__CFH__CFH	1.2601	0.21358	0	0.12495	6.8359	0	0.20366	5.8212	0	0.86297	0.11269	5.1026	0.50616	6.0005	1.4161	4.6605	6.9368	6.3026	0	0	0.24742	0.19249	5.7137	0	0	0.17479	0	0	4.5765	1.8511	1.5146	0	0	0	0.17597	0
RS_G14301__CHST2__CHST2	1.0835	0.13336	0.23835	2.7032	4.1777	0	3.102	3.8426	0.1568	0	2.6096	1.3665	1.1804	0.13922	1.2898	4.074	0	6.1227	0.14698	0	0.15375	1.5489	4.6798	0	0.26037	6.8572	0	5.0333	4.8977	1.8192	2.0316	2.7945	0	4.0125	0.62457	1.5682
RS_G29190__AC023300.19__AC023300.19	0	1.2367	0	1.186	0	0	0.51339	0	0	0	0	0	2.5168	3.9066	1.3632	1.6846	5.3328	0	1.327	0	0	1.6133	0	0	0	0	0	0	4.4664	0	6.5868	0.35615	0	0.99619	1.3003	0.45052
RS_G8036__ITGB7__ITGB7	2.8381	3.0819	1.1466	2.1593	0.68558	1.0459	1.566	1.2253	2.9661	2.2489	2.0587	1.0802	2.7707	2.6655	0.71429	1.6216	2.2171	0.30674	3.9679	2.3043	2.6539	3.0913	0.258	2.0046	0.91278	2.8123	1.8192	2.9868	1.7663	2.7812	2.6722	1.5759	3.646	2.6657	0.84553	0.26265
RS_G16049__EPGN__EPGN	0.62908	1.2748	0.81396	1.382	0	0	2.3756	0	0.79607	0.96975	0.49786	3.9373	1.4815	5.3723	2.3909	0	3.8394	0	0	0	0.56023	0.80166	0	1.4689	0	1.9751	1.4898	0.88324	4.5126	5.4435	2.7586	6.7991	2.2266	0	0	0
RS_G17647__ARL4C__ARL4C	6.4058	3.9508	6.5819	4.9192	8.0292	4.7101	7.6877	9.0067	6.0138	2.9942	6.2663	7.0619	6.2607	5.9989	6.9743	7.5755	6.7168	7.9861	5.7583	4.3584	5.9484	7.7683	7.5221	4.073	1.3609	5.306	5.4578	10.7033	6.3785	4.8348	5.2782	6.5854	3.1525	4.5654	3.7385	3.6318
RS_G13766__MUCL1__MUCL1	8.2971	9.2684	12.3825	10.0828	0	8.4661	0	0.90826	7.872	5.344	1.4703	1.545	2.4156	8.9393	0	0	5.508	0	7.4503	7.7859	7.1029	9.5099	0	13.1852	9.8025	5.3187	9.1199	1.9667	0.85403	14.8568	1.8097	13.9402	2.6873	12.0261	11.3802	3.1773
RS_G7332__DOCK10__DOCK10	1.1769	0	0.81907	4.3261	6.4728	0.034377	3.5572	7.0449	1.688	0.096607	0	3.778	0.15905	0.59306	3.6414	6.408	2.3596	5.7244	0.39855	2.8215	3.2391	3.6964	4.7719	0.9992	0.58083	2.2482	0	6.6391	0.38286	0.87349	0.2106	0	2.1623	0.047303	2.6	2.0998
RS_G5593__PTGIS__PTGIS	3.0378	0.50905	0.24849	0.58746	0.70782	0.66543	0.79291	5.3109	1.0653	0.87824	6.5345	0.52663	5.969	0.73956	0.88407	2.4779	3.1099	3.4734	0.78877	0.5584	4.7485	4.5107	0.36191	0.50222	0.45283	3.6031	0	0.52522	1.4475	2.7148	0.93871	1.9172	0.38671	4.2777	1.414	0.47916
RS_G17559__CARD9__CARD9	2.0174	7.0099	0.6706	5.6672	1.4088	2.6325	2.0393	1.4984	3.6816	5.0528	2.7027	1.4486	2.5832	2.3415	4.4666	3.4205	1.4162	4.6677	3.0093	1.3258	0.86781	4.6972	1.1757	2.3871	2.5131	8.2604	6.5049	3.0512	2.7976	2.6832	2.6337	1.2984	7.1332	2.2405	4.3282	2.7942
RS_G1729__CEACAM6__CEACAM6	11.2531	7.9363	10.8111	5.9404	0	1.8647	1.1825	1.3513	10.349	2.7211	0	3.8865	5.1973	10.3268	2.3833	0	9.8898	0.33274	7.0239	6.9464	1.0683	5.9412	0	8.5402	0.18692	3.1528	7.701	0.64487	0	10.0528	1.3566	4.5531	5.094	6.3261	7.8943	9.4952
RS_G16319__SERHL2__SERHL2	5.5576	9.6885	4.2228	5.1276	3.5316	4.1391	4.4021	2.9824	9.3149	3.0556	6.0929	4.8312	4.2306	3.487	5.1006	5.2126	4.4447	4.1099	5.1008	8.2175	3.9131	8.19	3.8247	5.6157	3.797	4.0032	11.2439	4.1716	4.2778	10.349	4.8636	3.1849	6.6946	6.6957	10.0126	9.7217
RS_G13794__SLFN11__SLFN11	0.90388	3.9958	0.21697	4.8183	6.7477	0.052023	4.7006	0.22325	0	0	0.17932	5.2052	0.85204	1.2043	0	7.3164	0.13555	0.11312	0.1012	0	0.053939	4.6084	1.3692	4.19	1.0505	0.60708	5.0278	0.1846	0.1044	2.0677	0.81293	6.0743	6.0277	4.5582	3.2933	0
RS_G17665__FAM25A__FAM25A	0.91608	7.1962	4.2358	5.7438	0	3.7671	0	0	3.3216	3.1388	0	4.8461	0	2.0457	2.761	0	0	0	6.2332	0	3.654	6.0496	0	4.6771	0	0	5.606	0	2.74	0	0	3.3555	4.3747	9.3534	0	2.0778
RS_G14028__SUSD5__SUSD5	4.1374	0.2278	1.652	1.4189	7.4136	0.79899	3.8409	6.9339	2.5299	0.95948	0.80769	2.9449	2.9382	3.1619	4.0329	6.9944	0.6891	4.6281	0.52125	0.29324	2.9912	3.0817	7.5128	1.1616	0.81957	3.0604	1.4101	6.1608	1.8309	4.5563	2.0915	0.27212	3.4141	3.0074	0.075385	0.35588
RS_G18796__ZNF323__ZNF323	4.0592	4.7404	4.0046	3.0955	0.64925	4.6182	4.4034	5.7516	3.7182	1.871	1.786	3.694	2.5334	3.3804	4.7592	3.1953	5.4161	2.505	2.6108	3.7035	3.4829	4.5911	2.41	4.2997	3.2401	2.8491	4.3569	1.7508	4.3278	7.3598	2.2784	3.8048	3.1218	2.3392	2.4992	3.5796
RS_G21817__COL5A2__COL5A2	2.0325	2.4879	4.2716	1.7192	11.4161	1.8125	2.7886	3.2901	2.1766	2.6395	1.0823	4.7681	2.9836	1.2547	2.2847	10.9635	3.0288	8.2933	2.2846	2.8326	2.1198	3.2509	2.519	1.951	2.3008	1.2735	2.4832	10.0055	1.6485	5.2249	1.7676	2.5043	3.9287	1.6189	2.0477	2.0215
RS_G1180__TRIP13__TRIP13	7.5721	7.4435	7.9846	7.1647	9.1263	8.0353	8.804	9.0066	7.5718	7.523	7.8106	9.3162	9.2501	12.9158	9.1767	9.4439	9.3182	8.6357	6.9338	7.2772	7.6464	8.421	8.7378	7.7527	7.2485	6.4602	8.6847	6.8113	6.8324	5.5775	8.2887	8.6085	8.8612	7.3171	7.5677	7.2672
RS_G10072__APCDD1__APCDD1	3.6283	0	3.4981	1.7279	5.1196	0.94106	8.1676	5.0126	4.698	4.311	0.49093	0.3134	4.4235	0.7662	5.3693	0.79178	4.2019	6.4553	4.2763	1.278	2.5733	3.1425	0.77135	4.5634	0	1.0504	0	1.5594	0	3.3661	0	3.1684	0.75881	4.9168	3.3698	2.6144
RS_G13378__SOX7__SOX7	1.0588	0.80182	0.33529	0.37561	2.2023	0.73492	1.4256	0.908	1.4048	0.41113	3.8063	7.2916	4.6599	0.35444	0.57451	3.0217	1.1564	1.5305	0.49771	0.44132	1.1929	1.6638	1.6426	1.246	1.1283	3.1652	1.9944	0.7326	1.8712	0.048543	6.6796	0.17357	1.1133	0.74282	0.95838	1.3032
