Cell lines	600MPE	AU565	BT20	BT474	BT549	CAMA1	HCC1143	HCC1187	HCC1428	HCC1569	HCC1806	HCC1937	HCC1954	HCC2185	HCC3153	HCC38	HCC70	HS578T	LY2	MCF7	MDAMB134VI	MDAMB157	MDAMB175VII	MDAMB231	MDAMB361	MDAMB415	MDAMB453	SKBR3	SUM1315MO2	SUM149PT	SUM159PT	SUM185PE	SUM225CWN	SUM52PE	T47D	ZR751	ZR75B
Response	1	-1	1	-1	-1	-1	1	1	-1	1	-1	-1	-1	-1	-1	1	-1	1	-1	1	-1	1	-1	-1	-1	-1	-1	-1	1	1	1	1	-1	1	-1	-1	1
U133A__LOXL1	7.6117	4.1966	5.1158	4.3121	8.338	5.7862	4.933	8.9195	5.1848	5.3431	3.9845	4.0034	4.3856	4.1953	4.8002	6.8359	4.9628	9.1502	5.6646	8.9368	6.588	8.3756	3.6902	5.6773	6.3196	7.3211	4.5602	4.2818	9.7542	8.8104	6.6159	5.6259	3.9347	8.3171	4.6056	5.3135	5.2119
U133A__SLC39A14	6.6658	6.3508	8.5567	5.7462	9.7025	6.6078	6.3584	10.0436	5.8834	7.972	7.7405	6.3612	6.229	6.6312	7.0261	7.3375	6.1078	8.8219	6.2226	6.0328	6.4296	7.3106	6.5998	7.9923	5.6425	6.5311	5.5457	6.6012	10.1244	7.5401	8.3297	7.8884	5.1832	6.6665	6.7652	5.9987	8.1011
U133A__CLU	8.4866	9.6574	5.7652	8.3959	8.5782	9.8983	5.8172	5.9712	9.1287	6.7046	7.4377	7.591	6.1048	10.3969	8.8984	8.0404	5.3966	7.3871	9.4302	9.0676	9.8273	8.1812	9.9721	6.3767	9.5532	10.0333	8.4353	10.2838	7.7568	5.1932	6.4965	7.0545	9.8177	8.4618	11.489	8.2621	5.8636
U133A__DPYSL2	6.5499	4.3957	6.3934	5.6905	9.755	6.403	8.6685	6.876	6.4028	8.1874	7.4548	6.1458	4.9671	5.8342	7.3601	7.5697	6.8732	9.3498	4.9229	6.4398	8.4362	7.9753	6.9726	7.9353	6.4448	4.2048	6.5866	3.6449	9.0406	8.4346	8.7608	6.6997	7.2071	7.204	5.519	4.2719	7.339
U133A__MAP1B	5.2828	4.7448	6.4849	4.9262	7.9119	4.5738	6.6054	8.1982	4.5955	5.1547	5.4784	4.3322	4.8752	4.6449	6.1241	8.077	7.8322	9.7287	4.2933	5.1401	5.3466	8.6245	5.0681	8.226	4.7169	4.9647	4.3393	4.5124	7.7301	5.7202	8.3276	10.7187	6.9184	4.8221	4.5797	4.8576	4.5338
U133A__LEPRE1	6.2087	5.7091	6.5775	6.1438	8.4052	6.4342	6.4995	7.6492	6.3773	6.8821	6.2714	6.0789	6.569	6.3589	6.4817	8.1628	6.4934	8.3715	6.5539	6.4152	6.7285	8.5048	6.4054	7.3179	6.1017	6.1139	6.4774	6.1745	9.4289	6.5793	7.5538	7.6954	6.7493	6.6992	5.7279	6.3163	5.9634
U133A__ATP2C2	6.3307	6.2095	5.2594	6.78	4.7505	6.4084	5.4049	4.9367	6.2669	4.6402	5.5946	6.105	5.0725	6.7137	6.1365	4.8823	5.9041	4.6599	6.1516	5.6878	5.0964	4.7406	6.6441	4.5629	6.3763	7.4543	5.9877	6.6966	5.0115	5.5817	4.528	7.6748	7.6835	6.0596	5.6751	7.0079	5.4811
U133A__KRT19	11.6554	11.9776	10.9191	11.935	3.995	11.6489	10.8671	10.3292	12.2228	3.8177	10.8381	4.5913	4.6342	12.4618	11.0216	10.3341	11.7799	3.831	10.65	11.6347	12.2467	4.0939	12.0447	7.2772	11.6624	11.784	10.9377	12.0028	3.9802	10.1275	3.2941	11.8623	11.6439	11.4468	12.1604	11.9516	11.561
U133A__GCHFR	7.0875	7.7336	7.3299	7.4086	5.9174	7.0334	6.0695	5.6255	6.5892	6.057	5.9386	5.6697	6.4225	7.2153	6.4454	5.5521	9.3148	5.7151	6.6593	6.6104	6.846	5.6439	8.0588	4.8651	7.7018	7.5975	8.9348	8.3753	6.5251	6.4883	5.3529	6.5813	7.5842	5.7935	6.8521	8.7278	7.0875
U133A__CBS	5.9765	5.4492	7.8767	5.6544	7.3369	6.087	7.4403	8.4846	5.7384	8.0993	6.5391	5.9537	6.3435	5.1559	6.6224	6.4994	7.6089	5.9747	6.9595	7.2635	5.6818	6.6504	6.1478	5.3068	5.6614	5.2172	8.0108	5.5159	8.1012	5.822	5.7536	8.3385	6.9199	6.5534	5.6538	5.2268	6.395
U133A__PTPLA	5.6938	4.6823	8.4154	5.182	10.3468	6.3568	6.7459	5.8693	5.5657	8.0611	5.5909	5.7785	6.5564	4.9583	7.3047	7.8945	6.0142	6.1322	5.8509	6.5989	6.5047	9.4651	5.5866	7.4552	6.2385	5.0439	5.0779	4.2583	7.0215	6.8608	6.9817	6.4239	5.1713	5.2383	6.5071	4.9885	5.9094
U133A__ATAD2	6.8306	9.7425	6.8257	7.2074	7.5005	8.1133	7.5445	7.4831	9.109	7.4683	8.4138	8.6117	9.0584	9.6902	7.8008	7.7841	8.4046	7.5952	7.8972	8.2899	8.0551	7.8695	7.1376	7.9276	7.1281	6.9105	8.5164	9.6147	6.7236	7.8568	7.4166	5.1149	7.7748	6.8203	7.7042	6.7952	7.5119
U133A__MAP4K4	6.0673	5.1091	8.0032	6.3952	7.3226	5.7528	6.1253	7.425	6.5388	7.2464	7.61	6.8356	7.0288	5.4528	6.7248	7.8366	6.6207	7.9799	6.3307	6.1541	6.5299	8.1798	5.703	6.5193	5.9015	5.0642	4.9385	5.1327	8.1638	8.3236	7.7847	5.9041	6.5972	6.1144	6.0063	5.3321	6.2691
U133A__DAAM1	5.7712	6.9394	6.7256	7.4256	5.7426	6.5441	5.5412	5.8286	7.3134	4.3108	6.1768	6.3515	5.6336	9.0542	6.947	5.6935	6.8334	4.2798	6.7682	7.0736	7.5356	5.712	6.5563	4.2843	6.6937	6.402	7.1325	6.6966	5.278	5.2773	4.3674	7.2789	7.6872	5.4127	6.6933	7.2217	7.1886
U133A__ST14	6.2778	7.5491	6.1897	6.5451	3.9898	6.2206	6.3367	7.2561	6.6181	4.9063	6.9803	7.7047	7.101	7.1576	7.4406	4.7531	6.3258	3.7092	6.126	6.1322	5.9004	4.5615	6.1623	3.929	6.3002	6.4807	6.4503	7.2871	4.9825	6.7263	4.1953	5.3351	6.6592	5.1746	8.3697	5.7941	6.2579
U133A__MREG	7.2904	7.4837	6.8632	7.3162	4.1264	6.9158	4.9852	4.4452	7.6384	6.6941	7.6708	6.2989	5.9287	7.3828	6.2187	6.2332	6.664	4.6508	8.3801	8.8786	8.0033	5.5713	7.5852	5.3909	8.2337	7.7519	7.482	6.9532	4.3075	6.558	4.6489	4.8388	7.7298	7.2458	7.0424	6.0785	6.4466
U133A__DENND2D	7.4958	7.4556	4.9648	5.7265	4.6513	8.6196	5.5103	5.2798	7.1097	6.1298	6.2403	6.9926	5.5069	4.5585	4.9996	6.5644	7.7754	5.2324	7.2123	6.653	7.6433	4.7386	6.6939	5.02	7.1371	7.3444	6.518	7.5157	5.1945	4.5415	4.1664	5.338	7.6249	7.0955	6.6906	6.7653	6.5483
U133A__XBP1	10.8344	9.815	7.6964	10.7009	7.9069	10.6604	7.6036	7.9543	9.2154	7.8611	8.1184	8.313	7.637	10.5899	8.1677	7.1544	8.6517	7.6438	9.3516	10.7117	11.2426	7.2265	11.6896	7.889	11.5911	11.2322	11.2977	10.1574	7.1282	7.1631	8.0768	11.2015	11.1151	10.9035	10.9459	11.6974	10.5644
U133A__SGCB	5.8037	4.345	4.4165	4.5248	7.8458	4.0945	5.9386	7.1406	5.1858	7.0696	6.3675	4.4416	5.602	3.9234	7.0299	6.7798	4.7882	7.8291	5.4336	5.8159	8.2976	8.6534	5.0713	7.4406	4.5614	4.3851	4.0615	4.7536	6.9454	6.2714	7.184	4.3896	4.0284	5.3401	5.106	4.3728	5.1227
U133A__METTL7A	6.9451	7.266	6.3437	7.5847	4.3841	6.851	7.3172	6.7391	8.7913	6.6125	5.1798	8.321	4.1851	7.5515	8.8087	6.7329	6.9387	4.9186	4.7595	5.9162	8.1643	6.6631	7.4639	4.2725	9.2273	7.6442	7.6979	8.0295	4.2081	4.95	5.9051	4.6698	9.855	7.7331	8.8341	7.8531	6.9736
U133A__ZHX2	6.6374	9.2638	6.7542	7.8713	4.9952	6.5017	6.0232	7.4021	7.1239	5.0842	5.9716	7.2131	6.5772	8.4563	6.9501	6.0953	8.0637	5.4724	6.7913	7.4885	6.2762	4.9739	7.7711	6.05	7.6426	6.7416	7.0132	6.648	6.059	6.029	4.8623	6.4096	7.6708	6.0315	5.7254	7.2085	7.0087
U133A__UCP2	9.6294	10.6891	8.7103	11.051	9.2555	7.9243	8.9817	5.642	10.1599	7.6198	8.3911	5.8092	6.2556	8.7794	8.1962	9.2716	8.7817	5.512	8.6396	9.2632	11.818	7.505	10.7462	9.3588	10.4657	9.2304	9.6833	10.2665	6.2975	5.8019	5.5516	9.1125	9.8997	7.4515	9.3054	7.9376	8.6715
U133A__DCTD	6.7368	5.2551	7.543	5.1467	6.3193	7.0626	6.191	5.2222	5.2165	8.2899	7.0776	7.2563	7.3378	5.1893	5.3932	7.6038	6.9105	6.8982	5.9638	6.1875	3.9253	7.3325	7.087	8.1583	6.0793	6.8102	6.0422	5.4363	7.4175	8.6957	7.8895	6.5288	6.9611	7.7797	6.4909	6.6284	7.042
U133A__ATP1B1	9.9985	10.6555	8.987	9.0894	7.953	10.5124	10.7765	9.4161	5.5723	7.0005	8.0635	9.8683	9.024	8.4916	8.8909	8.4836	11.1555	5.7904	10.2571	8.5593	9.4818	4.4435	10.2751	9.3408	9.7824	9.7554	9.9854	9.7093	7.8881	8.672	7.3406	8.7469	10.6697	8.8248	8.5279	9.3935	8.2913
U133A__SERPINE2	4.1494	4.4242	7.97	4.9022	9.6075	4.4355	6.6807	6.0426	3.9813	8.4672	7.9594	4.2132	7.2359	4.2348	6.9187	8.2237	4.4336	10.6755	4.6808	4.5754	4.2682	9.6812	3.944	6.4409	6.9121	5.0607	4.343	4.6083	5.8042	7.156	4.8219	4.8116	4.3567	4.627	3.9897	4.3236	4.6368
U133A__PPP1R3C	5.3507	5.3831	5.4618	6.9823	7.049	7.3675	5.4099	5.1707	6.4353	5.3367	5.5783	6.4418	5.2825	5.6056	5.5377	6.2115	6.2363	5.8868	6.9161	7.2075	5.7518	6.3184	8.2775	6.2228	6.6878	8.1684	5.5832	5.8696	5.6742	5.4275	5.9204	6.3529	7.8932	5.4165	5.5653	6.3951	5.2313
U133A__KIAA0040	7.4994	6.4763	6.2241	6.3177	5.5327	7.1961	6.3227	5.7125	7.9873	6.0097	7.8512	6.4646	6.2896	6.4563	6.0658	5.6974	6.5026	5.7298	5.6006	5.9483	7.6846	5.955	6.4962	5.278	6.0962	7.1032	6.9009	7.0973	5.2923	5.7746	5.1966	6.184	6.4999	8.7619	6.5898	7.188	6.3955
U133A__FANCG	5.7529	6.8231	6.2545	7.6	7.0761	7.065	6.4867	7.2667	6.451	6.1187	6.9206	6.517	6.4031	9.5935	6.5269	6.0361	7.6104	6.1079	6.78	6.4459	6.9052	6.4125	6.4774	6.8825	6.9184	6.8003	7.3341	6.1179	6.1296	6.6838	6.6105	5.5828	5.7232	5.3223	6.4065	5.9315	7.0228
U133A__MSN	3.841	4.5404	7.0857	3.5172	8.5121	3.3393	9.342	8.9229	4.7864	8.964	8.5521	7.2232	8.4309	3.4629	7.7602	8.5216	9.8294	8.6483	3.9182	3.857	4.7157	8.0642	3.6968	8.6962	3.3597	4.1423	3.5368	3.4264	8.8511	9.046	8.7758	3.5774	5.7481	3.4357	3.3212	3.5565	6.796
U133A__KDELR3	7.7574	6.0177	6.3733	7.3768	8.4164	5.4499	8.6357	6.8337	6.2748	7.8566	7.4485	7.0864	5.1006	6.8283	8.3566	7.4494	7.6389	8.6264	6.6977	5.9754	6.0059	7.9155	7.6533	7.7169	7.0497	8.1051	5.3789	5.5027	7.7253	6.8508	6.7554	8.6796	7.3828	7.6741	5.9734	7.138	9.1425
U133A__C14orf147	7.7955	8.3373	6.6856	8.171	6.8873	8.2934	6.7264	6.9095	8.3919	6.5508	5.5822	7.4452	6.6456	8.6093	8.602	9.9961	7.2904	5.9391	7.7385	7.521	7.7687	6.7347	7.8353	7.4272	8.6416	8.0875	8.3295	7.9421	6.3528	6.4246	6.1853	7.4063	8.0512	8.3688	6.4358	8.4628	7.7993
U133A__ALDH4A1	6.0591	7.4246	6.5647	8.3471	6.082	7.9374	5.962	6.3012	7.4468	6.466	6.4855	7.1706	5.8314	7.2935	6.2652	5.8633	7.3004	6.2349	6.5478	7.738	7.2079	6.0012	7.847	5.8512	7.521	6.2685	9.9506	7.4964	5.9475	6.3586	5.7202	7.4961	6.7301	6.5002	7.6683	7.7586	7.7793
U133A__CAMK2N1	7.984	9.1459	9.4608	8.3458	5.1483	8.6556	6.3505	6.2577	8.6715	6.6419	7.179	7.922	9.9631	8.3152	6.6618	7.3195	10.0484	8.0878	9.553	7.2483	11.0058	7.6561	10.238	6.867	9.2583	9.8342	9.6245	9.5868	5.7111	9.1636	7.9183	9.6719	9.5142	9.8937	8.0816	8.5041	6.3299
U133A__PLEKHF2	7.8227	5.5542	5.4206	8.353	5.3539	7.7758	6.2048	6.0169	8.5369	6.5492	6.6429	8.251	6.1642	9.5057	6.5501	5.6869	6.6621	5.3134	7.6518	7.2111	8.3373	5.1421	7.3073	5.4357	9.0386	6.3531	8.0942	4.8166	4.8152	4.6651	5.4296	6.1804	9.5436	9.1234	7.8132	8.9253	8.4682
U133A__TGFB1	5.9513	4.8708	6.8974	5.4725	7.6091	5.426	7.5996	5.0132	6.1979	6.213	7.3059	5.6044	5.7321	5.1609	5.4784	8.1482	6.8518	9.5736	6.1038	7.11	6.7	9.5702	4.9982	7.0412	7.021	5.5408	5.1952	5.4666	7.4693	8.4618	8.5279	4.7022	5.8055	5.0334	5.4006	5.4893	7.0574
U133A__CSTA	3.3672	5.2138	4.1429	4.492	4.0291	3.9406	3.8298	3.1942	5.5298	4.8696	10.7546	10.2411	6.2854	4.0758	8.8013	5.8523	8.0961	4.0575	4.9609	6.884	3.5562	3.861	9.2798	3.9751	7.9998	4.3999	3.701	4.7564	4.0488	8.603	4.9863	3.2478	8.2146	4.8553	4.1182	9.6093	3.562
U133A__CALD1	4.2559	5.8786	8.3527	3.9365	7.9225	3.6763	6.2884	9.1905	3.4181	8.0223	6.0784	7.1754	4.4506	5.5558	9.2409	8.6378	8.8403	9.3954	3.6019	3.9175	4.3435	7.5768	4.9728	7.2995	5.0421	4.1759	3.5041	4.7812	7.3616	7.3157	7.8436	7.7707	8.0238	6.7517	4.3805	4.0081	3.6434
U133A__ARHGDIB	8.5293	8.1199	5.8842	6.4501	4.7304	4.7976	5.607	6.4063	8.0311	5.4551	9.4922	9.2045	7.5589	10.3184	8.841	4.8659	9.2277	6.0753	4.7729	5.4535	5.0219	5.5393	10.2407	10.0378	9.1753	10.118	6.7721	8.9124	5.2272	8.2832	6.2232	9.5105	9.0231	7.7081	6.377	8.9659	6.9107
U133A__ISOC1	5.1663	6.6553	6.119	7.541	5.287	9.2407	5.7943	7.3405	8.0976	6.9094	6.4093	6.761	6.1868	6.9766	6.6684	5.8931	5.609	5.2129	7.5138	8.045	8.8911	5.4164	6.7959	6.9834	7.4249	7.287	7.952	6.9193	5.8083	6.542	6.1968	6.8505	6.9708	5.616	6.3399	7.5794	7.608
U133A__FTL	9.9572	7.7744	11.2056	10.0591	10.2013	8.6878	10.819	10.2002	9.6632	9.4582	11.7469	11.211	10.81	10.6899	9.2376	9.8686	11.1678	11.7066	8.6347	9.802	9.7402	10.2633	9.1036	11.4905	9.5794	9.595	8.687	7.3449	12.0038	10.5268	11.4457	11.6906	9.9193	10.7519	8.3996	9.0406	8.4759
U133A__VIM	5.8226	4.9592	5.965	7.7481	11.6511	5.8908	11.3821	8.7797	5.3502	10.7222	4.9413	5.8206	9.4913	5.6946	10.5693	11.5151	8.134	12.5403	5.7703	5.8608	8.4895	12.7467	6.4138	11.4408	5.516	5.4939	5.091	5.6462	12.9893	9.5774	12.4633	5.4996	5.2009	5.4907	5.7024	5.528	5.1392
U133A__COL6A1	6.9732	6.3156	6.0991	6.3956	7.7987	5.9948	8.9878	5.7568	6.6083	8.0962	7.3804	6.3507	5.6124	5.8936	6.4987	9.1927	5.4538	10.8531	6.5479	6.2493	5.8409	11.2448	6.8487	6.5369	6.4207	5.7732	6.0757	5.7873	9.5167	7.8725	6.8032	6.018	7.0157	6.5026	6.3931	5.7191	5.9583
U133A__LOXL2	4.6838	4.8373	7.2684	5.2765	11.2532	5.0339	5.1123	8.9399	4.9087	6.8644	4.7623	5.0723	7.4659	4.8991	7.0953	7.9161	6.9804	9.527	6.8229	5.5615	5.0457	9.013	4.8066	8.2858	5.1224	5.0076	5.0073	5.2823	8.7674	8.8033	7.5966	5.225	6.1602	5.0957	4.983	5.0515	4.9497
U133A__HSPB1	9.8381	11.9878	10.658	11.1392	10.9092	12.4619	9.7586	9.4377	11.9863	10.4327	9.9008	11.9422	9.7152	7.6241	10.821	9.9102	10.7294	10.9497	11.5674	12.3547	11.3351	10.3616	12.8993	10.0079	11.75	11.1248	7.7425	11.0928	10.9232	10.4221	10.3461	8.3736	11.3463	7.4763	12.0345	10.7593	11.8178
U133A__MB	7.4236	8.8244	7.795	8.3925	6.4009	7.7355	8.32	6.2043	7.2	6.8466	6.6614	7.0329	7.5746	9.3254	8.8972	6.5353	7.1009	6.1489	7.3687	7.2662	6.8012	5.9791	8.9188	5.6782	8.6018	8.4996	7.5244	9.1745	6.167	6.6543	6.5481	7.8482	8.0214	7.9644	7.1885	9.4389	8.2806
U133A__PDLIM2	6.1838	6.4469	6.5686	5.0195	8.445	5.1054	6.7985	7.5575	4.7108	6.3607	5.2325	5.6691	6.1512	6.3079	7.0536	6.8265	6.1954	8.6963	6.1059	5.2037	5.8817	6.625	6.3894	6.7859	4.9201	6.5696	4.5589	7.137	7.7536	6.8021	7.2215	5.3168	5.6906	4.947	5.8226	6.1648	6.9082
U133A__FOXA1	9.1328	7.7572	6.523	9.0263	4.7595	8.7472	5.2283	5.7444	8.14	5.0961	5.822	6.5694	7.5076	8.8813	6.9658	5.4233	5.6401	5.6268	8.3942	8.6803	9.0814	4.7116	8.5308	5.3926	8.8057	8.3218	9.2428	7.9736	5.241	5.689	5.6432	8.73	9.3117	8.6746	8.6077	8.9553	8.3695
U133A__PPP1R3D	6.0376	6.2841	6.5806	5.8836	5.5115	7.3522	5.3847	5.2179	8.4079	6.0031	6.2885	6.1268	6.9745	6.7862	5.4457	5.3754	5.7838	5.1445	6.6139	6.9967	9.3097	5.3464	7.7236	5.2928	7.7316	6.1594	7.5285	6.4306	4.8825	6.1016	4.8641	8.1589	6.6839	6.8287	5.7656	7.205	6.5275
U133A__HTRA1	6.7003	6.2736	6.3885	6.5619	6.4306	5.9744	6.5707	6.7075	5.904	6.5307	7.7992	8.3177	6.4915	6.4236	6.16	6.9112	5.9653	8.1098	7.5058	6.8794	6.3703	9.3958	6.821	6.888	8.4262	6.0692	6.4565	6.2344	11.4172	9.6218	7.5158	6.3811	8.6427	8.5513	6.7275	6.294	6.4095
U133A__NNMT	7.4816	6.4025	8.9292	4.3441	10.43	4.4886	4.4447	4.5027	4.0426	5.1421	4.462	6.0129	6.8071	4.2145	5.8981	7.0081	7.6329	7.5692	4.5485	4.4465	4.6024	10.1086	4.1548	4.4358	4.2956	4.9538	4.3555	4.6834	8.5814	8.774	9.9583	4.671	5.6167	5.758	4.3408	4.1626	4.082
U133A__LGALS8	9.6652	6.93	6.3346	7.7823	4.0492	6.3609	6.2438	4.4525	7.5037	4.2296	6.4287	7.3981	5.7325	8.0335	3.8314	5.7469	5.9013	4.1778	3.8058	5.3444	7.2931	3.8368	7.8755	7.5299	7.1015	8.0029	7.9816	6.8287	4.3027	6.2919	4.594	4.0473	8.7099	8.0004	6.0748	8.9952	6.5759
U133A__MYH10	7.7391	7.0683	8.5681	7.7365	9.7416	5.8115	6.4076	8.7884	6.8916	7.9537	8.356	7.6228	7.1923	7.5968	7.6521	8.4861	6.6804	8.1849	7.1557	7.4958	6.7144	8.8112	6.7401	7.0599	7.7911	5.3969	6.3497	6.0481	7.4316	8.043	6.0291	7.5215	6.3579	6.4442	7.2604	6.0016	7.2706
U133A__TIMP1	10.3333	7.0824	8.6722	6.0084	10.3319	6.3865	7.5051	5.2107	9.0007	10.0557	7.8295	7.3896	9.965	5.853	8.1505	8.566	7.5314	9.0919	9.1396	8.942	7.7057	10.7712	9.0823	8.6568	8.1735	9.2124	7.044	5.6415	10.4042	10.5345	11.5046	6.6035	7.0967	8.7976	6.351	5.2706	7.571
U133A__SLC9A3R1	9.519	9.6155	8.3819	9.3381	7.3427	10.3084	7.7895	7.6797	11.4694	8.4963	8.6198	9.0035	8.2239	9.0584	8.1738	7.8626	8.8965	7.1743	9.7706	10.4869	10.1918	6.8074	8.9042	7.6842	11.736	8.9875	10.9463	9.4829	6.4568	7.3574	6.9491	9.7921	9.1212	9.2263	10.2388	10.2528	11.1031
U133A__MCFD2	5.4711	6.2773	7.5503	5.0626	6.386	6.4827	5.7931	4.3098	5.5137	6.2944	8.0238	6.3483	7.2626	5.5338	6.2847	6.213	5.9582	8.8193	6.5741	6.1142	5.5427	7.6131	5.3628	7.2542	6.0619	5.909	6.2241	5.4566	7.0765	7.4358	7.5063	7.3567	5.6655	7.341	5.5784	5.351	6.6413
U133A__DSP	8.0337	8.7599	8.19	10.2272	4.1204	8.9093	9.9995	10.3829	5.1408	8.2259	9.6499	10.3321	8.5612	10.8212	10.0141	8.0855	10.7105	4.4382	8.5645	8.7556	10.6943	6.7151	8.9162	6.2146	8.9265	9.3477	6.8808	8.7908	4.2093	8.6303	4.4257	9.3172	9.9535	9.0121	9.2126	10.2253	8.4497
U133A__ETV5	6.1958	5.3512	8.7998	6.0268	6.6768	4.9464	6.3476	5.5852	5.6541	6.9955	7.4543	6.374	7.529	5.628	6.483	8.1696	5.9095	7.7918	6.185	5.4223	5.673	7.7123	6.6378	8.0412	6.1711	5.7368	5.7878	5.0177	7.3943	7.3494	6.991	7.0011	7.7549	7.809	5.5572	5.4015	5.2783
U133A__GSTM3	8.5295	9.9259	4.9703	9.4319	8.1387	11.2723	7.3368	5.4105	9.6692	8.0063	8.8447	9.2218	7.8898	6.2024	9.0328	10.1601	8.6205	6.615	8.9141	10.139	11.697	9.2361	9.8598	8.5632	10.802	10.9899	4.8628	10.3404	9.0037	7.5544	5.2365	5.819	10.9552	11.8676	11.191	5.4191	4.9216
U133A__SDC2	7.6839	4.4758	4.5208	5.471	4.5404	5.3484	10.2929	6.6377	9.2915	8.7747	4.4879	4.6024	4.7327	9.7014	7.0364	7.5149	4.7632	8.8181	4.7019	6.728	7.8196	9.0147	5.4896	7.431	4.4419	4.9399	5.0457	4.8889	6.2214	4.7253	5.4138	6.0161	4.8645	4.9022	6.7886	4.8569	6.2833
U133A__AGR2	10.3169	10.6821	4.8118	11.0027	4.8801	9.5473	4.7238	4.9574	5.6983	5.7322	9.8422	7.8487	8.9628	11.018	5.5521	4.8807	6.5245	4.9432	9.0223	9.5307	5.3115	4.1066	11.5908	5.8781	10.7955	11.9865	9.8595	9.5144	5.8546	5.7616	4.7808	12.2035	10.6989	11.3355	11.4831	9.3155	10.4286
U133A__DERL1	5.475	8.3416	5.0389	5.9092	6.0889	5.9957	5.7088	5.9916	7.7607	5.6934	6.8211	6.503	7.2959	8.4643	6.2926	5.7426	6.9287	6.1283	6.7508	6.2364	6.6886	6.4555	5.8625	5.6717	5.9146	5.5712	5.5019	8.4292	6.1425	5.7119	5.7651	6.4365	6.9492	7.6148	6.2023	5.956	6.161
U133A__POPDC3	4.9801	4.9063	8.8153	4.6823	4.9301	4.7796	5.9364	4.6287	4.9503	7.1219	6.8476	4.7879	6.7287	4.8478	5.5473	6.8111	6.8852	5.7957	4.8642	4.8038	4.6629	6.6873	4.8127	7.3238	4.7884	4.741	4.6897	5.0638	6.7314	7.1693	4.899	5.0638	5.0716	9.3478	4.6326	4.8257	4.8086
U133A__KYNU	3.1107	7.5015	4.3378	3.7016	4.199	6.8799	3.3451	3.3778	5.2812	5.0897	9.7837	6.6414	8.1632	5.8705	8.3008	4.2979	3.6763	3.9397	9.3041	9.2168	3.205	6.7245	6.0479	5.4828	6.253	3.5387	3.4423	4.7613	3.2793	9.6851	5.4603	3.4978	7.9465	4.0878	8.121	5.7334	3.5004
U133A__CEACAM6	11.5329	9.4214	4.7174	10.8388	4.9611	5.2365	5.2078	4.8552	4.8702	5.0137	6.169	7.6943	7.9434	9.7564	6.0992	4.9348	7.757	5.6867	7.1518	7.4223	4.6502	4.7137	7.7183	5.1115	10.5666	10.2236	4.9072	5.7482	4.7969	5.0174	4.96	9.9143	11.0544	6.1476	5.309	6.6025	5.6763
U133A__KIAA0182	8.7175	8.7547	8.2326	9.4399	5.5927	8.9031	7.0695	8.2032	9.5198	6.5335	7.1268	7.6521	7.6461	8.5395	7.194	7.6429	7.7941	6.6802	9.3437	9.2681	7.1592	5.5687	8.3507	6.8539	9.4821	8.1927	8.8215	8.4014	6.3604	6.768	6.9346	9.4211	8.9541	8.2608	10.1651	9.5845	8.7069
U133A__C4orf19	7.472	6.995	6.1152	5.7927	5.2571	5.9706	5.259	4.7316	6.7285	5.4242	6.6961	7.585	5.7606	10.2326	6.1892	5.0874	6.2435	4.9288	5.7074	6.7407	6.5187	5.4766	6.6493	4.9949	7.6176	8.3724	6.8461	6.9588	5.0222	4.9962	5.2601	8.0656	6.9566	7.7508	8.4822	5.3883	6.2493
U133A__NXN	7.5201	5.0095	6.0575	5.7535	8.3716	6.529	7.7664	8.4054	5.6117	8.0771	8.1691	6.7657	7.223	5.3557	6.4697	7.3231	7.8487	7.2476	5.4589	6.0448	5.3731	9.1328	6.9807	7.7845	6.3448	5.8264	5.2453	5.2668	8.8314	7.8895	6.2312	5.8514	8.3257	6.6533	7.0094	5.6373	5.9735
U133A__AZGP1	11.0784	9.5652	4.1337	4.3722	3.828	4.9144	9.7205	4.6557	3.8861	7.4406	3.8669	7.7823	6.7995	6.6826	8.834	3.7841	10.0723	4.0968	4.4819	3.7957	3.9856	3.0804	7.5474	4.0232	6.4078	9.4461	9.2802	5.7217	4.0741	3.8247	3.7598	4.1752	9.6783	4.0009	5.3704	8.8218	4.9162
U133A__FXYD3	11.5397	11.0245	8.0183	10.1672	5.6784	10.1874	10.7614	6.2523	10.0586	7.166	10.7566	11.6944	10.7079	9.3959	11.2081	6.987	11.426	6.3006	7.5367	10.2466	10.2571	5.9241	11.9506	6.3403	11.0188	11.5663	10.5882	10.2691	6.2193	8.8516	6.3659	10.3356	11.292	11.1506	8.8209	10.5311	10.7219
U133A__AIM1	6.2106	8.7963	9.3408	8.6813	6.0558	6.8131	8.9159	4.982	8.2196	8.2287	8.0492	8.7932	9.4742	11.7793	8.8987	8.7905	9.2289	5.3024	8.576	7.7136	7.7323	7.4837	7.2483	7.8501	9.1928	8.7391	8.6797	8.0793	8.5952	7.7807	5.5788	7.1878	8.6909	8.4594	7.3956	8.6011	6.7955
U133A__MFAP2	6.1012	6.6076	6.4087	5.9402	7.5045	5.7163	6.9391	8.4452	7.7932	6.2262	8.1355	7.0665	6.1253	6.7741	5.872	7.9716	6.0081	8.2035	5.8531	6.5901	7.7756	6.9779	6.299	6.5138	6.3103	6.1716	6.4924	6.7567	7.848	8.0483	6.2524	9.4332	5.8981	6.033	6.5117	6.4525	6.9361
U133A__FHL2	6.8345	7.5313	10.607	6.7725	6.7465	4.7439	8.3456	5.4334	4.6551	7.6402	7.5109	8.0003	9.859	5.3809	7.916	7.8709	7.455	9.4441	6.409	6.7517	6.052	8.0689	7.7059	7.9957	5.0216	7.9393	4.7353	6.6008	10.66	8.0581	7.9105	7.7389	9.5596	9.8828	8.7644	6.2594	5.9175
U133A__KMO	5.7671	7.6837	5.6079	6.0018	5.4186	4.9161	5.6305	4.6965	5.4732	5.4523	4.9175	5.0193	5.6756	7.1436	7.2444	5.8379	4.714	5.3228	4.7488	4.7064	4.5188	5.1243	7.3547	4.6571	7.0098	5.6323	8.8071	6.233	5.1258	5.2933	4.7453	5.5913	8.7828	4.6167	6.1682	6.2072	4.8873
U133A__TTC39A	6.7363	7.9537	4.4192	6.888	3.8361	6.2428	4.6311	5.2211	9.349	4.463	4.6581	5.3975	4.1091	6.965	5.4051	4.311	6.2015	3.7661	4.5869	7.2805	6.8676	3.4222	5.9355	4.2968	7.8908	7.3398	7.8998	7.1437	4.1734	3.6019	4.3341	7.0522	7.0384	6.696	7.1654	6.5769	7.4901
U133A__CAT	9.2728	8.6882	8.9651	8.6094	7.6458	7.9778	7.1926	8.5442	9.183	8.3309	11.1759	8.5523	9.9741	8.1137	9.9591	7.7908	8.3007	7.9061	7.4298	7.812	9.1065	7.2563	8.7414	8.3873	9.0302	7.4691	8.3149	8.1271	8.2005	8.7364	8.0446	6.1542	10.075	8.6121	9.4779	7.6033	7.5928
U133A__CDK14	8.6483	5.1017	5.5914	6.7216	4.9859	5.9636	6.0433	7.151	5.5382	5.5826	6.0146	6.2902	5.8351	5.5811	6.4406	6.7865	5.4488	6.9009	5.2891	5.3301	6.5698	5.5064	5.8304	6.4005	5.6448	6.3828	5.0626	5.0038	5.8604	7.3179	6.1089	6.4645	7.2559	8.4385	5.6363	5.5939	5.8693
U133A__ALDH3B2	6.5658	8.7068	6.0898	9.5624	5.2722	7.965	6.0893	7.5457	8.0414	6.9725	4.847	7.2269	5.3528	10.1542	6.3245	4.9788	4.7615	5.3712	6.066	6.2633	10.8627	5.4095	7.7902	4.5362	10.3719	7.7701	8.9937	7.1355	4.5919	5.4648	4.9338	7.1044	9.7612	8.5803	7.4248	9.0773	8.4681
U133A__FSCN1	3.369	3.2745	4.1782	4.2562	6.8288	3.5641	7.4718	7.3668	3.5026	4.799	8.6923	4.2376	6.351	3.3774	5.0647	4.406	8.2875	6.7558	3.4491	3.7885	3.2768	6.3371	3.2977	4.8134	3.4193	3.3392	3.2127	3.3518	4.4109	7.3365	8.0143	4.1927	4.202	3.2502	3.4463	3.2264	5.344
U133A__RHOB	10.4942	9.873	6.3164	11.0388	6.7962	11.0472	6.5967	5.3472	11.2735	6.8223	5.304	6.3977	6.8571	9.5881	6.7605	5.6554	4.5314	6.3916	9.3614	9.9117	11.0411	7.4355	10.1894	6.7163	10.5222	9.9235	10.7721	10.9564	5.3243	5.6316	8.7454	9.5754	8.1457	9.765	9.1037	10.6561	10.3209
U133A__GSTP1	10.2691	5.9505	6.2737	6.0305	9.0029	6.4265	9.802	10.165	6.0055	9.9335	10.5334	5.7453	6.4435	9.7716	9.4364	8.9042	6.7726	8.5415	6.0689	6.0078	6.0434	8.826	6.3304	7.3513	5.9938	9.6938	6.2589	7.3166	9.2902	9.987	9.2485	10.4558	5.822	5.7574	6.2469	5.9376	5.7957
U133A__PAM	6.5936	4.9904	5.7176	7.0863	8.1748	5.0662	9.5932	7.0482	4.3977	8.7907	6.5625	5.8	6.8941	4.3226	7.3707	8.0552	9.9862	6.6152	4.9939	6.885	5.1649	7.0219	5.2092	7.6517	5.7571	4.5287	5.2073	4.5169	7.177	6.6648	6.9385	8.2732	8.5536	5.5328	7.2031	5.8766	6.8036
U133A__RAB31	6.2413	8.0673	8.3752	5.1431	8.3412	5.7159	8.1732	6.3882	5.2803	6.3372	7.6547	6.0256	7.7825	5.7421	7.6507	9.5565	6.5396	8.4846	8.4498	8.1669	5.4419	9.649	4.7638	8.3981	8.3539	8.6618	5.3344	8.156	9.8536	8.2197	8.2362	5.2265	6.1315	5.4669	6.4993	5.4727	8.7646
U133A__C6orf211	4.7061	5.7621	5.6679	7.0185	4.6285	6.9624	4.5967	4.1924	8.487	5.0896	6.0769	4.6395	5.7836	6.7831	4.2786	4.0272	5.9741	4.6184	6.7797	7.9113	8.0697	4.908	6.42	5.865	8.5915	6.0873	5.0652	5.1504	4.4327	4.8395	5.1406	4.7754	6.2025	7.0532	6.7713	4.5541	9.4202
U133A__FKBP11	7.9289	6.4379	5.5652	6.3087	6.2289	6.1656	6.6499	7.5506	5.6176	7.9529	9.0723	7.8138	5.4419	5.5132	5.3126	7.9303	6.8288	8.0248	6.7806	7.6343	6.1916	6.2166	7.3477	5.901	7.3897	7.3281	6.3326	6.706	8.2381	7.5382	9.006	6.0829	6.3245	6.5844	6.1287	7.7315	6.2447
