Cell lines	600MPE	AU565	BT474	BT483	BT549	CAMA1	HBL100	HCC1143	HCC1187	HCC1428	HCC1569	HCC1806	HCC1937	HCC1954	HCC202	HCC2185	HCC3153	HCC38	HCC70	HS578T	LY2	MCF7	MDAMB134VI	MDAMB157	MDAMB175VII	MDAMB231	MDAMB361	MDAMB415	MDAMB436	MDAMB453	MDAMB468	SKBR3	SUM1315MO2	SUM149PT	SUM159PT	SUM185PE	SUM52PE	T47D	UACC812	ZR751	ZR7530	ZR75B
Response	-1	1	1	1	-1	-1	-1	-1	1	-1	-1	-1	-1	1	1	1	-1	-1	1	-1	-1	-1	1	-1	1	-1	-1	-1	-1	1	-1	1	1	-1	1	1	1	1	1	-1	1	1
U133A__TRIL	6.45	7.691	5.7803	8.2706	4.3206	6.0987	4.2621	4.8923	6.7164	6.9271	4.5574	4.0993	4.5377	4.618	7.1587	7.1386	4.4006	4.3815	5.8478	4.3545	4.9991	5.0011	7.308	4.4089	5.3409	4.5657	5.6758	4.9838	4.5005	5.7791	5.5015	7.6403	4.4034	4.3459	4.6801	7.0693	5.9149	7.3008	6.3524	6.3898	6.3861	4.6888
U133A__TSPAN13	9.6774	10.0953	10.249	10.7603	5.511	9.5712	6.4062	7.7338	7.6575	9.9233	6.7565	9.5285	9.5561	9.2752	10.1883	10.611	8.413	7.5481	10.2011	5.4571	9.1734	9.4408	9.5767	7.3108	10.1409	5.6786	10.1128	10.3424	5.3507	9.7301	9.6136	9.8614	8.6711	6.8176	6.1061	11.0026	11.2545	10.2015	10.0762	10.0917	10.4436	10.3821
U133A__COL4A2	6.4635	5.4771	4.9197	4.4398	9.5328	4.7309	7.1	6.7139	4.8079	4.9894	7.5194	8.2333	5.6191	5.1904	5.6325	5.0157	9.3085	8.3007	4.2182	8.3461	4.7889	4.7039	4.7941	9.7331	5.177	5.9915	4.8098	5.2981	5.5286	4.7465	6.0811	5.4106	6.024	9.0196	4.8637	4.61	4.8703	4.9757	4.6655	5.105	5.0212	4.6821
U133A__BCAS2	6.976	7.1565	6.483	7.4139	8.0901	7.4672	7.6244	6.8205	6.4102	7.746	7.7915	7.7371	8.8231	7.59	6.1797	6.9229	8.1268	8.5233	7.5586	7.7816	9.8199	9.9917	7.849	7.5805	6.1488	8.9237	6.9103	7.386	7.2148	7.3388	8.4958	7.0325	7.6049	7.6677	7.9908	6.7666	7.5694	7.1844	6.6756	6.4719	7.2344	6.8578
U133A__TGFB1	5.9513	4.8708	5.4725	7.8468	7.6091	5.426	8.1271	7.5996	5.0132	6.1979	6.213	7.3059	5.6044	5.7321	5.3338	5.1609	5.4784	8.1482	6.8518	9.5736	6.1038	7.11	6.7	9.5702	4.9982	7.0412	7.021	5.5408	6.2917	5.1952	7.1898	5.4666	7.4693	8.4618	8.5279	4.7022	5.0334	5.4006	5.4102	5.4893	5.1232	7.0574
U133A__PGAP3	6.0798	7.7235	7.8242	5.9351	5.2618	5.6344	5.7326	6.0077	5.363	5.2591	5.2674	5.2901	5.1176	8.224	7.6509	5.914	5.4419	5.4125	5.624	5.2056	5.12	5.6348	5.6203	5.1433	5.5062	4.8408	7.3947	5.4054	4.7	5.9113	5.2243	6.9123	5.3523	5.1623	5.3377	5.4946	5.4472	5.34	7.9766	5.7382	8.6703	5.5235
U133A__CAV1	4.2859	4.1942	4.49	4.2497	10.769	3.9335	9.4857	10.2245	4.1066	5.7522	4.5139	10.4314	9.7651	8.6141	5.5414	5.3759	8.5934	9.5218	8.7912	11.4435	5.6543	6.486	3.9209	10.4205	4.2274	10.5667	4.3654	4.8546	9.7885	3.8748	8.9838	5.5985	10.5467	9.5059	10.8746	4.009	4.2529	4.2671	4.1429	3.9104	3.9215	3.9756
U133A__MKNK2	8.8547	9.1024	9.4367	9.134	7.54	8.4693	8.4639	7.416	9.167	9.0655	7.1375	8.6892	8.2033	7.7142	8.8308	8.9706	7.5959	9.0658	8.9596	7.0119	7.0536	7.6164	8.2146	7.3453	8.596	8.3944	8.5317	7.9915	7.5164	9.8256	7.9628	9.3436	6.5736	8.5994	8.4037	11.1721	8.8276	8.2748	9.5034	10.562	8.6244	9.1577
U133A__CD44	4.7486	5.2851	4.5395	6.9448	9.4833	4.1435	8.3319	8.4113	5.113	7.9968	9.5046	10.7234	9.0773	11.1618	4.3106	4.529	9.4828	9.1421	9.166	11.6044	5.1419	5.1402	7.6727	9.821	4.0806	9.3837	7.2156	8.5655	10.2823	4.2934	10.3147	3.3122	10.2795	9.5681	9.6161	4.206	3.3732	4.9207	6.2961	5.8441	6.1734	4.1655
U133A__SHANK2	7.3481	5.9045	7.6843	6.9359	3.9882	5.1612	3.8208	5.641	5.3585	5.1934	4.0531	4.7244	4.8992	5.345	4.6605	6.5754	4.4562	5.1162	6.8101	3.9503	5.2678	5.5006	7.2976	3.8321	6.9453	4.2847	7.5141	6.359	4.7217	7.3884	5.3635	5.3379	3.9945	3.8673	4.0287	6.3054	6.2082	6.502	6.8877	6.5888	7.1154	7.1964
U133A__LAMC2	6.4531	6.0777	5.6348	5.93	6.002	6.0625	6.4877	8.5082	5.881	5.7732	6.2261	8.5525	7.7384	6.1018	7.1326	5.9453	8.8207	6.4814	7.7414	6.8578	6.3223	5.9447	5.8067	7.0817	6.0721	6.1309	6.0593	6.7055	5.9876	5.7604	6.9467	5.9867	6.0108	10.3401	6.2632	5.755	5.8722	5.8433	5.9923	5.9061	6.3937	5.7819
U133A__AUTS2	8.2188	8.3114	8.4291	7.2653	7.3927	3.7114	4.054	5.8691	8.7868	6.4949	8.1057	6.1945	7.6533	4.4486	7.6466	8.6231	6.8757	5.9822	8.5624	4.3504	6.3258	5.1607	5.2775	4.39	8.7609	4.093	3.561	7.8198	4.5523	8.4658	6.7304	6.084	4.5523	3.3971	4.0043	7.8252	7.7387	7.5901	7.1483	5.5548	8.1908	5.9426
U133A__IGFBP7	2.9865	2.8753	2.8187	2.8488	2.9678	2.9102	6.2946	8.1639	2.9617	3.057	9.0694	7.7424	4.9465	2.8659	3.0689	2.8328	7.664	6.8087	5.298	9.287	2.953	2.8392	2.8773	8.7334	2.9882	8.5718	2.8618	4.331	4.3887	2.7709	2.9252	3.7421	3.4559	3.1532	4.3464	2.9303	2.8623	3.2633	3.1601	2.8804	2.8511	2.8224
U133A__TPM4	7.5354	5.8557	7.0182	5.6134	8.444	7.8344	8.6083	7.5265	6.9576	5.253	7.0015	7.1745	8.3884	7.7741	6.8116	7.5146	8.8621	8.0885	6.9763	8.6658	7.2559	8.5262	6.3231	8.5185	7.7302	7.3272	6.6417	6.7652	7.7766	6.6924	6.9241	7.4954	9.1089	8.7288	7.4332	3.4831	4.6367	4.0479	6.0027	6.1841	6.0879	6.0462
U133A__MYL9	4.7297	4.7978	4.3871	5.1373	9.1832	8.8391	8.6873	8.4341	4.0346	5.7648	9.6218	6.0583	4.625	4.5724	4.7069	4.813	9.5538	8.1157	4.8778	9.6227	4.8854	4.7024	4.6027	8.4701	5.1536	7.1009	4.6393	6.8697	6.3832	4.2936	4.1384	4.5311	8.308	6.9483	4.9714	4.4915	4.7852	7.4332	7.2213	4.811	4.9805	4.1039
U133A__AGR2	10.3169	10.6821	11.0027	11.4133	4.8801	9.5473	6.1277	4.7238	4.9574	5.6983	5.7322	9.8422	7.8487	8.9628	11.0145	11.018	5.5521	4.8807	6.5245	4.9432	9.0223	9.5307	5.3115	4.1066	11.5908	5.8781	10.7955	11.9865	5.409	9.8595	7.8941	9.5144	5.8546	5.7616	4.7808	12.2035	11.3355	11.4831	10.6889	9.3155	11.2101	10.4286
U133A__ITGA3	7.0347	5.904	7.0003	6.2149	8.0259	6.2689	8.8922	7.8936	5.0259	6.8603	5.3603	7.6743	7.3976	8.3943	7.9867	5.562	7.1843	8.7137	6.5616	7.4535	6.6455	6.406	6.3636	8.2664	6.2884	7.5132	7.5224	6.7249	7.7298	6.8296	6.9427	5.5944	6.0298	7.3832	7.7502	5.8839	6.8074	5.8556	6.1491	5.7229	6.6238	5.9956
U133A__SELENBP1	8.8083	9.7924	7.6433	9.2375	4.404	8.985	5.7129	8.8748	7.4447	7.9249	6.8402	4.8861	6.996	5.9103	9.6817	8.3716	5.1255	6.3603	8.2953	5.4059	5.6645	7.5547	7.3078	5.0839	7.755	5.9437	7.8378	7.8349	5.555	9.293	6.6074	9.5222	5.4631	4.9068	5.4815	8.5464	8.8177	7.1748	8.0832	9.6663	9.2892	8.0155
U133A__CAV2	3.628	3.1779	3.3923	3.0698	7.8986	2.8462	5.1588	7.2226	3.0586	4.8437	4.7763	8.5945	8.2912	7.4602	2.8226	3.682	7.035	7.4937	8.1446	7.6605	4.8362	4.751	3.1371	7.6109	3.3443	7.438	2.9043	3.4366	6.8305	3.0974	7.613	3.3199	7.4425	7.9614	7.5886	3.3399	4.8789	2.8856	3.9524	2.9463	2.8217	2.6443
U133A__FAM174B	7.6688	7.039	7.2556	6.398	5.5542	6.0659	6.0848	5.9859	5.9155	6.0452	5.895	5.4407	6.3246	6.3647	7.21	7.2938	5.6754	5.7021	6.1376	6.1391	6.7886	7.0665	6.8153	5.7914	7.8239	5.7429	7.5637	7.1023	5.641	6.5758	6.168	6.7257	6.0008	5.608	5.8132	8.5023	6.56	6.7379	8.822	6.8445	7.4751	6.1006
U133A__AKR1B1	5.4264	6.9517	5.9901	5.6065	8.7781	5.6946	10.595	5.6857	6.894	7.4072	8.1445	9.6667	9.0128	6.1103	6.0593	5.5161	9.8841	10.5542	10.1821	10.9824	5.9497	5.9629	5.5375	10.7395	7.1787	9.6852	6.313	7.2479	11.7579	5.7109	10.7006	5.7104	9.5693	11.8108	11.2588	5.2415	5.3117	5.4185	5.0463	5.5959	5.9962	6.4257
U133A__CD58	6.4278	6.9993	5.1218	5.9691	7.2698	7.0005	6.2556	6.5853	6.1494	5.5493	6.654	7.2465	7.9814	7.1512	4.8445	5.828	7.2986	7.4893	8.4123	7.5015	6.8778	6.6956	6.5988	7.6528	5.1406	7.857	5.4702	6.611	6.5498	5.2182	7.7288	6.4312	6.6742	8.3999	6.6873	6.3553	5.3401	6.1602	6.1292	6.199	6.6752	6.7084
U133A__SERPINE2	4.1494	4.4242	4.9022	4.2554	9.6075	4.4355	7.5807	6.6807	6.0426	3.9813	8.4672	7.9594	4.2132	7.2359	4.7087	4.2348	6.9187	8.2237	4.4336	10.6755	4.6808	4.5754	4.2682	9.6812	3.944	6.4409	6.9121	5.0607	10.279	4.343	5.3284	4.6083	5.8042	7.156	4.8219	4.8116	4.627	3.9897	4.2821	4.3236	4.7262	4.6368
U133A__SIDT2	5.8856	8.986	7.3246	8.4842	6.6145	6.7782	5.5119	5.727	7.0085	7.2121	6.4307	6.7302	6.8686	5.6188	6.7115	8.9948	6.3065	6.9148	6.7901	5.7854	7.1027	6.6763	6.7265	7.3668	6.6904	6.4539	7.618	6.7863	6.0924	7.0954	6.1609	7.2985	7.8062	5.4073	6.5306	8.0395	6.6182	7.7683	8.1148	7.4488	6.6886	7.262
U133A__SORL1	5.7086	8.3488	6.2947	7.7962	3.6815	5.7057	4.7523	7.3847	5.8328	7.1687	4.6981	6.6514	5.1493	4.9174	6.5956	7.6933	5.6486	4.043	5.3373	4.3902	5.4828	4.6985	6.2511	4.3243	7.3687	3.9044	7.8562	7.1221	4.3067	6.9027	7.1802	7.7997	4.4591	4.9864	4.7273	7.0604	7.5793	7.4088	8.5574	6.4981	6.8762	5.8997
U133A__SLC24A3	5.6004	5.5097	7.0284	8.6046	4.2919	7.6789	4.5472	5.7657	8.3801	7.8815	6.0192	4.488	4.5344	4.5142	6.0343	7.7085	4.6155	4.9532	6.8012	6.2703	4.6445	6.0407	7.2196	4.3953	5.5787	4.6406	6.2134	5.5668	4.1616	7.404	5.2417	5.3517	4.4037	4.821	4.696	7.0271	6.5218	6.8955	5.7622	5.5253	8.3469	5.9244
U133A__CLDN4	7.8095	7.8886	7.4307	8.0102	4.3947	6.203	4.3468	7.5458	8.2974	7.4553	7.4055	6.5293	7.7536	7.9433	8.4582	7.7545	7.8168	6.8585	7.604	4.6864	7.6706	6.9713	6.7166	4.3184	9.4105	4.2514	7.1352	7.4668	4.2431	6.7302	7.1481	8.1243	4.5668	6.7523	3.8645	9.26	6.2457	8.066	7.7975	7.5057	8.4006	6.617
U133A__SGK1	4.5039	4.9334	4.7827	5.0255	8.6493	4.9394	7.5162	7.9635	4.3632	4.5738	6.4205	8.1867	7.2171	5.7353	4.9836	4.2787	5.4377	7.4515	6.0284	7.7563	5.059	5.5643	4.8025	7.6973	4.6129	7.0334	6.3626	4.4837	9.4257	4.4109	8.2431	4.9636	8.6062	6.7889	7.1807	4.5583	6.1684	4.7328	5.5696	4.6854	5.0869	4.8292
U133A__FASN	10.7788	11.1828	11.2606	9.3724	9.1052	8.5659	8.5505	7.7698	10.3198	11.0689	8.5587	9.2366	8.003	8.7145	11.0383	9.0543	8.8339	8.8259	9.3731	8.0922	10.2977	10.5056	8.8362	9.0354	11.1126	9.0868	10.2173	9.2182	8.4683	10.1033	9.25	11.7652	8.8803	9.9972	8.5825	11.0307	9.0381	9.5315	10.6165	10.1347	11.3211	11.2674
U133A__CPD	8.2101	8.1216	7.6179	7.5848	6.7762	5.6894	6.5485	6.4387	5.4846	5.716	5.8418	6.9123	6.7767	7.1457	9.0313	6.9298	6.9384	7.8036	6.9833	6.223	5.6333	5.8221	7.2464	6.1744	7.3296	6.9398	9.0281	6.4524	6.1381	6.7077	6.6432	7.2602	6.3593	5.2009	6.5355	8.9923	7.2562	7.5889	9.3538	8.3809	6.8	7.1765
U133A__ERBB2	9.3202	12.1579	12.0098	9.58	7.0802	8.4009	6.6464	8.7493	7.9295	7.6523	11.8139	7.294	7.8108	11.5446	12.1228	9.3757	8.9136	8.1445	7.98	6.6782	7.0358	8.5128	6.8815	7.0918	9.2857	6.6117	11.035	7.8448	6.9505	10.215	7.107	11.611	6.9193	6.6093	7.3643	8.4025	7.652	8.3078	12.1946	9.1095	11.9268	8.3688
U133A__SASH1	6.8729	8.0514	6.2097	6.3274	5.5121	5.0593	5.4916	6.3964	7.9624	5.8275	5.5587	7.1532	6.4264	4.9592	5.8088	8.5103	5.5314	5.4471	6.5303	6.0764	5.3468	5.6008	4.5609	5.7093	6.2216	6.4312	4.7488	6.2194	5.5758	8.058	6.0697	7.0212	7.7444	5.3774	6.1138	6.2486	6.7125	6.0433	8.1355	5.8784	6.7449	5.0383
U133A__SDC1	7.7805	8.9564	7.34	8.0596	6.396	7.35	6.6208	6.8305	8.6221	6.73	7.0919	7.2113	8.2425	7.4928	10.0456	7.8995	7.043	6.0373	8.8431	6.7277	7.6374	6.5287	5.6989	6.5597	10.0445	6.9291	7.3329	7.3949	5.8591	7.469	6.9685	8.3341	5.6999	6.0831	5.4268	9.4931	8.0011	6.2336	8.0672	6.6757	8.7536	6.7627
U133A__FST	6.5894	6.5399	6.4947	6.3964	7.1555	6.4063	7.1739	8.1138	6.729	6.605	6.9497	8.7649	7.1819	8.1031	7.2197	6.4535	7.3188	6.6246	6.2073	9.2037	7.1295	6.879	6.71	6.9117	6.6957	8.7976	6.5755	6.6662	7.6607	6.6393	6.8589	6.7865	6.843	6.7208	6.5052	6.9549	6.8367	6.4505	6.228	6.782	6.7813	6.685
U133A__NDC80	5.5522	5.0453	6.0641	4.7678	7.5886	4.8913	6.9694	6.2093	8.2113	4.6458	5.6359	6.8255	7.5058	5.4579	4.6172	4.7843	6.5212	6.879	6.771	7.0702	5.4314	5.1758	5.1286	6.8271	4.2246	7.4584	5.221	4.9644	5.8619	4.8313	8.502	4.8279	6.9992	6.9676	6.0043	3.5759	3.7379	5.2985	5.7214	5.8115	4.4922	6.0871
U133A__INPP1	4.5957	4.4569	4.9835	4.834	5.0794	5.1826	7.3585	5.963	4.6759	5.639	5.6827	7.4891	8.6164	5.1384	5.125	5.405	5.9736	7.2265	6.8993	6.1595	5.0695	5.2167	5.3192	7.3656	4.5652	7.1876	5.2332	5.0871	5.0822	5.2625	5.1707	4.6214	5.2558	5.5906	7.2272	4.1464	4.8667	4.4657	5.4371	4.7565	5.2376	4.867
U133A__GATA2	5.8131	6.4959	7.0628	5.9166	5.8371	6.0767	6.2741	5.5235	5.1149	6.8274	6.0557	6.199	6.531	5.905	7.2357	7.617	5.5053	6.3955	5.9139	7.2402	6.6668	6.4408	8.5363	5.4748	6.7948	6.4999	6.0874	5.9896	5.4497	7.0691	5.5843	7.9656	6.0365	5.4024	6.4666	9.1988	6.9075	6.2461	6.4558	5.9673	6.7508	6.3448
U133A__IRS2	8.2646	5.3993	6.1831	6.7845	6.2723	5.228	5.7221	9.8849	5.6423	6.4241	5.833	9.3915	7.7954	6.0032	5.6418	5.453	8.6129	6.621	5.3606	5.4758	5.921	6.2504	6.3569	6.8503	5.6481	7.0768	7.1192	5.6215	6.9995	5.0591	9.2111	5.6329	6.3412	7.299	7.7423	7.3676	5.7346	6.0545	5.8869	5.9846	5.1704	6.0265
U133A__KRT19	11.6554	11.9776	11.935	12.491	3.995	11.6489	4.3819	10.8671	10.3292	12.2228	3.8177	10.8381	4.5913	4.6342	12.1027	12.4618	11.0216	10.3341	11.7799	3.831	10.65	11.6347	12.2467	4.0939	12.0447	7.2772	11.6624	11.784	2.7874	10.9377	11.6762	12.0028	3.9802	10.1275	3.2941	11.8623	11.4468	12.1604	12.1037	11.9516	10.8513	11.561
U133A__NRAS	5.5548	6.1408	6.0264	5.2946	7.6303	6.9143	5.426	5.5279	5.2327	6.1487	4.6216	7.2599	7.2058	6.6215	4.9542	4.2955	7.6456	7.144	6.1282	7.0791	8.2575	8.4564	5.858	6.3052	4.9996	7.7325	5.1749	5.0033	6.8065	5.4207	6.9687	5.5992	7.5259	7.0119	7.2775	4.3038	5.9637	5.7282	4.6213	4.1235	5.1072	4.3905
U133A__MT1E	7.8851	7.3809	7.1994	7.283	8.052	7.2057	10.8902	8.2554	6.7525	10.3763	8.6888	9.325	7.7407	8.1952	7.4243	7.1704	8.6778	10.2166	7.6766	10.4822	6.9449	7.3634	7.9805	8.8841	8.1675	11.072	7.7895	10.3548	10.1295	7.9851	9.5845	7.853	10.6588	10.8935	10.8512	7.4854	9.3421	7.187	7.2065	8.0755	9.9936	6.722
U133A__CRIP2	8.2574	9.2634	9.209	9.9678	7.8746	8.3415	6.5901	7.7681	8.0402	9.0021	7.6044	5.5453	6.6722	6.6952	9.1442	8.8685	7.8221	7.9649	7.9883	7.3507	8.6357	8.6983	8.9642	6.3079	8.3729	5.1886	9.2302	8.0924	6.1297	7.8109	6.317	8.3547	8.1304	6.4487	5.4693	9.8773	7.1792	9.294	7.9542	9.0175	7.8351	9.4029
U133A__KDM5B	8.1465	7.4558	8.3674	9.3575	7.7621	6.8057	6.3016	6.7703	9.3637	6.7633	6.888	7.5471	7.688	6.1548	8.1849	7.2104	6.6561	7.2374	7.8139	5.2883	6.9218	8.0348	7.1544	7.1837	8.3026	6.3683	7.883	7.3634	7.3276	7.4506	7.2707	6.7803	6.9829	6.1166	5.7313	8.4742	8.648	7.9186	10.1097	9.667	8.2108	8.2752
U133A__EFHD1	9.5837	9.9173	9.7862	10.4842	6.3996	10.6224	6.1782	8.6955	9.7906	10.8012	8.6042	5.8168	7.3487	6.7717	10.3858	10.3268	8.7539	6.6386	5.7835	6.4648	6.0895	7.4306	9.3281	6.4413	9.8417	6.5019	8.6508	9.4486	6.8756	9.002	9.6148	9.7556	6.3446	5.8119	6.6156	9.3171	9.4809	9.9842	9.4813	9.006	9.2977	8.7483
U133A__IGFBP6	5.6731	5.3829	5.5177	5.4819	5.8921	6.136	9.5022	6.4634	6.072	5.3744	6.0119	8.7753	8.4806	5.5659	6.2527	5.5465	5.6679	9.4268	6.2516	8.8554	6.6417	6.2663	5.9126	7.9486	6.1228	6.8116	5.5454	5.6252	8.3815	5.7893	5.6333	6.0209	5.8285	8.1014	8.1687	5.7392	5.5176	6.0702	5.4302	5.9415	6.0548	5.281
U133A__WBP5	6.7541	3.6889	3.8423	5.822	6.6526	3.4188	8.2125	7.1545	8.993	6.1042	6.1205	7.6216	7.5367	4.0715	3.9169	3.6347	6.549	7.9524	4.1972	6.6648	3.9113	3.5138	3.6334	7.6132	3.816	8.2161	7.0278	3.947	8.8637	3.6362	3.6369	3.6496	7.7813	5.9192	5.6305	3.7521	5.4815	5.2695	3.583	6.6206	6.5312	6.4357
U133A__C9orf3	7.366	6.5794	6.6357	7.8892	6.6726	5.1043	6.2287	8.9507	5.7797	7.6312	7.4943	6.3704	7.4047	5.8919	5.6705	6.1052	8.818	8.935	5.2379	8.0265	6.0234	6.2445	6.3347	8.4646	5.741	7.1594	7.1312	5.9799	6.1224	5.7451	7.2871	6.7186	5.992	7.3108	6.71	5.6671	6.4093	7.8139	5.9673	5.5812	6.6993	5.5698
U133A__CTNNAL1	6.8072	5.2576	6.5586	5.9492	9.2333	6.7237	8.9145	8.725	5.2291	7.0447	7.3007	9.0378	6.3929	8.7139	6.2145	6.4033	6.7594	7.8544	6.5949	8.1258	6.7643	6.5967	7.0346	9.6872	6.7579	10.2032	7.1815	7.3743	9.1127	6.467	6.1202	5.4645	8.052	8.7128	8.9356	7.388	6.401	7.5563	7.1744	5.9706	6.8629	7.1552
U133A__IL8	4.0745	4.3172	4.1479	4.0587	6.6	4.1697	5.8725	5.1717	4.2146	4.2386	4.7313	7.1824	4.7397	6.9478	4.3148	4.0815	7.3904	5.6492	4.6508	8.9614	4.2436	4.1859	4.3014	5.4975	4.6944	4.452	4.2646	4.5124	8.3977	4.2893	7.6142	4.2288	4.3639	10.3657	7.7098	4.2191	3.4927	4.0444	4.273	4.2045	4.3166	4.2885
U133A__FOXA1	9.1328	7.7572	9.0263	9.4147	4.7595	8.7472	5.2356	5.2283	5.7444	8.14	5.0961	5.822	6.5694	7.5076	8.5585	8.8813	6.9658	5.4233	5.6401	5.6268	8.3942	8.6803	9.0814	4.7116	8.5308	5.3926	8.8057	8.3218	5.1007	9.2428	6.7332	7.9736	5.241	5.689	5.6432	8.73	8.6746	8.6077	7.9866	8.9553	9.0709	8.3695
U133A__COL6A1	6.9732	6.3156	6.3956	6.2876	7.7987	5.9948	7.9622	8.9878	5.7568	6.6083	8.0962	7.3804	6.3507	5.6124	6.3969	5.8936	6.4987	9.1927	5.4538	10.8531	6.5479	6.2493	5.8409	11.2448	6.8487	6.5369	6.4207	5.7732	7.6372	6.0757	5.4333	5.7873	9.5167	7.8725	6.8032	6.018	6.5026	6.3931	7.0413	5.7191	5.9481	5.9583
U133A__CHN1	6.5311	5.9812	6.8807	6.9491	7.0345	7.4646	7.5213	6.5837	6.6716	7.5815	6.5206	5.833	5.8687	6.1969	6.8903	5.689	6.1582	8.0957	6.6152	6.58	7.1704	6.9188	6.3722	9.1868	6.0755	7.0938	6.8787	6.7295	8.035	6.1745	5.9018	6.2256	6.4345	9.1519	8.3679	5.7574	6.5288	6.2308	5.9554	7.3065	6.0956	7.0723
U133A__BAG2	3.9484	3.6233	3.847	3.6546	6.779	3.7302	6.7389	4.687	5.112	3.9445	6.6817	8.2798	6.0631	5.3853	4.0193	4.1116	5.402	5.1323	4.2779	6.4596	4.6848	4.244	4.0731	6.4698	3.909	7.9802	4.5399	3.9434	6.3208	3.9206	5.8701	3.9939	8.1652	7.0594	7.9745	4.0376	3.8011	4.8384	4.0353	3.5252	4.6713	3.6305
U133A__CDS1	6.9342	8.169	6.1529	6.9943	4.6661	6.6883	4.9304	5.7098	6.1086	5.7983	6.1974	6.6959	6.7502	7.3118	5.9499	6.8258	6.321	5.7782	6.6791	5.005	6.6497	6.3397	7.0044	4.9123	6.9792	5.0018	7.4359	6.9108	5.352	6.7669	6.738	7.3771	4.7441	6.4201	5.4182	9.0847	6.8814	6.4939	6.8096	7.0282	7.287	7.4944
U133A__ADORA2B	6.2311	6.1615	5.3114	5.5734	8.4773	5.51	7.5576	7.9456	5.3852	6.126	7.0501	8.6464	7.6821	8.9669	7.12	7.1201	7.0246	7.5635	7.1372	8.0401	6.1847	5.779	5.1524	9.0234	6.3393	8.2953	5.5289	6.2769	7.0087	5.5188	7.702	6.1711	7.4778	6.8111	6.6939	5.2126	5.9435	5.4204	6.5418	6.1897	6.3217	6.3068
U133A__LAMB2	8.1243	6.9331	5.3368	6.0646	6.7282	5.7382	6.2908	6.9642	6.1662	5.2838	5.4219	4.8086	6.058	5.2916	6.5472	6.3258	6.2431	6.0447	7.3694	6.4274	5.1666	6.2658	7.1113	5.9146	7.8648	6.107	6.676	5.6942	6.538	6.7376	5.6879	6.1559	6.6505	6.0157	6.1049	8.712	6.7894	7.122	7.2784	6.3862	7.3197	6.0386
U133A__KIAA0100	8.8681	9.2054	8.8628	8.6047	7.4282	8.9246	7.5337	7.7525	7.5068	7.9503	8.0312	8.2047	7.8415	8.2902	9.0749	8.4022	8.2701	7.8823	7.6288	7.6848	8.8026	8.3881	7.8276	7.2512	8.327	8.6738	9.0547	7.8274	7.5392	8.4813	7.605	9.7569	7.9615	8.3141	8.6067	7.8017	8.3358	9.2605	10.2621	8.2115	10.903	8.5997
U133A__PIP	6.4355	7.3069	7.061	7.2807	6.2596	6.2897	6.2978	6.4685	6.4454	6.2459	6.3056	5.9752	6.0752	6.4284	10.9177	6.7761	6.4129	6.1173	5.7083	6.2892	6.0998	6.2914	6.1608	6.1202	10.0061	5.8344	7.7157	6.8376	6.0985	7.9615	6.1975	7.0196	6.1485	6.3994	6.1424	11.8405	6.0735	11.2874	8.8185	7.5776	7.7769	6.1976
U133A__CYFIP2	6.119	7.2214	7.2856	7.9177	5.0692	8.2878	5.1518	5.5729	5.7304	7.8867	5.7349	5.1345	5.1257	5.5263	5.2595	7.4708	6.2103	5.5828	4.7354	5.6666	5.6376	6.6199	6.1386	5.2283	7.4	5.4525	6.2671	5.9559	5.7349	6.8642	5.1087	6.9614	5.7687	5.5363	5.436	8.0359	8.5498	7.3658	8.2599	5.8194	5.5973	7.1325
U133A__PLS3	7.4402	8.1478	6.684	6.6342	10.0973	5.9543	9.0506	9.6656	8.887	8.3576	8.6835	9.5501	9.8794	9.4261	3.407	9.6483	11.1688	10.1743	10.073	9.1672	7.7474	5.0117	3.273	8.691	5.8468	9.2106	7.8484	9.2009	9.4815	7.8326	9.7297	8.6187	9.3368	8.8304	8.2318	4.6121	7.5828	7.7544	2.9017	8.1646	8.7256	8.5997
U133A__MSL1	8.4973	11.0616	7.6567	8.9254	7.246	7.5161	6.9702	6.2351	7.9444	6.4312	7.5699	7.3185	7.0968	7.4843	7.1746	7.6938	6.777	7.3462	7.9972	7.5341	7.7231	7.2066	8.0309	7.4204	7.6825	7.3756	7.8424	7.0973	7.4219	7.0433	7.2279	11.0407	7.3822	7.534	8.238	7.4681	7.1078	8.3011	11.0363	8.2656	6.6441	8.1269
U133A__PPFIBP2	6.7549	6.3345	7.4348	6.1149	4.4968	6.0418	5.0472	6.4455	5.3026	5.1869	5.4586	4.7554	5.4037	4.6165	6.349	7.4999	5.2311	4.6232	5.0742	4.2075	5.4242	4.8287	5.6702	4.5175	7.6244	4.6322	6.4314	7.3432	4.962	7.8022	5.152	6.3835	5.0991	4.7511	4.6531	7.8773	6.8047	4.696	7.4245	6.0795	6.9192	4.9504
U133A__LIMCH1	6.0867	7.0559	5.9547	4.5506	3.4312	4.4364	6.1294	6.6193	6.9381	3.4256	6.7857	4.222	6.9595	5.566	6.6578	8.4483	5.7588	5.1467	7.6226	5.4328	4.0459	3.9423	6.553	4.4139	6.8992	6.5312	5.033	5.5271	4.3894	6.2939	6.7973	6.1873	3.4676	5.11	6.8599	8.4582	7.9542	4.2224	6.6392	7.7023	7.1453	3.813
U133A__SMAD1	6.1768	8.0307	7.0053	6.9269	4.9053	6.5586	6.3497	6.5566	9.9596	6.5567	6.8041	7.2639	7.3547	6.1045	6.815	8.6213	6.2115	6.5284	8.183	5.8833	5.9847	5.9323	7.9384	4.5864	6.6644	5.352	7.1573	6.8609	7.2431	6.1689	8.2154	6.9091	6.698	5.7876	6.9541	8.3608	6.0181	6.3538	6.7073	7.2564	7.3161	7.3093
U133A__SMURF2	5.3079	5.6089	5.405	5.7355	6.9838	3.5189	6.6816	7.3907	5.6463	5.7139	5.1517	7.2388	5.353	6.3549	4.6842	5.0893	5.7892	6.8505	5.6735	6.5155	6.906	6.1958	4.5026	6.9682	4.4935	8.3902	7.8146	4.9734	6.5385	6.1146	6.1733	4.805	7.3581	6.5988	5.5586	5.2551	5.0942	4.8824	5.9768	5.5258	8.0841	5.7758
U133A__GRB7	8.3996	10.2608	10.6507	7.1976	6.3286	7.053	6.2482	8.3948	6.9301	7.1531	9.4888	6.7622	7.2019	11.2984	9.5524	7.5151	8.0687	6.7119	7.5479	6.7995	6.1629	7.5126	6.6554	6.355	7.4331	6.1061	8.6563	6.8747	6.2324	7.812	6.9745	9.662	6.2945	6.9855	6.7471	7.4331	7.0393	7.1024	10.4791	7.1442	10.6534	6.9964
U133A__TTC39A	6.7363	7.9537	6.888	8.6528	3.8361	6.2428	4.2693	4.6311	5.2211	9.349	4.463	4.6581	5.3975	4.1091	5.2844	6.965	5.4051	4.311	6.2015	3.7661	4.5869	7.2805	6.8676	3.4222	5.9355	4.2968	7.8908	7.3398	5.0521	7.8998	5.7429	7.1437	4.1734	3.6019	4.3341	7.0522	6.696	7.1654	8.5979	6.5769	7.6768	7.4901
U133A__GALNT6	8.8821	7.3905	6.7568	9.7521	5.1143	8.8841	5.7714	6.8554	6.1052	8.3463	5.6143	6.7577	6.284	8.1603	7.455	8.2228	6.9834	5.9045	7.5279	5.4304	8.8602	7.768	8.6096	5.6215	8.65	5.8084	8.4236	9.1485	5.9203	9.1731	6.4012	8.7939	5.665	7.8211	5.8236	10.0613	9.245	7.746	9.7446	7.8728	8.6079	9.2057
U133A__UPP1	5.0584	5.6322	4.9845	5.0589	6.9232	5.299	6.6679	5.9974	4.9958	5.0688	5.6954	7.8197	6.1613	9.6091	5.2682	5.0163	6.3642	8.1216	6.4785	7.3965	6.2153	5.1453	5.9254	8.1145	5.4148	6.9723	4.8951	5.5995	8.0609	4.8817	8.3517	4.624	6.9538	8.4167	7.2426	5.2043	5.3043	5.2285	5.6796	5.0327	5.0486	5.1655
U133A__MT1P2	10.1084	9.8881	9.719	9.2436	10.5395	9.2019	11.5542	10.3683	8.2837	10.6617	9.531	10.1679	9.6322	10.9101	9.1045	9.0536	10.1399	10.8309	10.1722	11.5302	9.2927	9.0609	9.141	10.3507	9.5369	11.052	9.9655	11.5305	11.07	9.8421	10.8688	10.038	11.0822	11.8502	11.6559	9.2834	10.1061	8.6721	8.6118	9.5654	11.309	8.5364
U133A__MXRA7	7.3883	4.9898	6.1786	7.3459	8.8708	7.5332	9.6161	7.994	7.5735	8.5232	8.4778	9.4836	7.0129	5.6822	5.7562	5.2279	10.1797	9.496	8.2414	9.2301	5.9779	6.369	8.1878	10.6844	7.7324	9.4217	6.698	5.4442	8.4748	5.2076	6.249	5.147	8.9371	8.2772	8.9797	5.5672	5.2859	7.7395	8.9281	5.6894	8.0299	7.6177
U133A__PRSS8	8.8288	8.984	8.4017	8.4845	5.5972	7.5995	6.1579	7.1231	8.7157	7.8521	7.897	6.8913	7.7276	7.1033	9.1171	9.0244	7.8961	6.167	9.0988	5.8126	6.6594	7.696	7.6602	5.2863	8.842	5.6892	8.4368	7.7911	5.3989	7.8115	7.4117	8.3283	5.4722	7.4115	4.5504	10.1071	6.0866	7.2982	9.366	8.0536	7.5094	7.1875
U133A__CAMK2N1	7.984	9.1459	8.3458	8.7947	5.1483	8.6556	6.5119	6.3505	6.2577	8.6715	6.6419	7.179	7.922	9.9631	8.7955	8.3152	6.6618	7.3195	10.0484	8.0878	9.553	7.2483	11.0058	7.6561	10.238	6.867	9.2583	9.8342	6.2862	9.6245	9.273	9.5868	5.7111	9.1636	7.9183	9.6719	9.8937	8.0816	9.4807	8.5041	9.041	6.3299
U133A__ERBB3	9.0074	7.5004	8.3846	9.4643	4.1332	7.8718	3.9425	7.0488	7.2396	8.1221	7.1116	6.5673	7.1065	5.2443	8.1957	8.2884	6.1232	6.1179	7.809	3.9223	7.4837	7.907	7.5422	5.1573	7.8977	4.7362	8.49	7.7735	4.4635	8.3471	6.2743	7.8318	4.3134	6.0561	4.2768	8.8454	6.8618	8.571	8.2939	8.3354	8.1268	7.6055
U133A__RAB31	6.2413	8.0673	5.1431	7.7963	8.3412	5.7159	8.009	8.1732	6.3882	5.2803	6.3372	7.6547	6.0256	7.7825	6.0134	5.7421	7.6507	9.5565	6.5396	8.4846	8.4498	8.1669	5.4419	9.649	4.7638	8.3981	8.3539	8.6618	8.0149	5.3344	8.4926	8.156	9.8536	8.2197	8.2362	5.2265	5.4669	6.4993	7.2702	5.4727	5.523	8.7646
U133A__TSC22D3	8.6296	7.6905	8.0938	8.2768	6.8298	8.046	6.6455	6.3736	7.4189	7.9939	6.8413	6.5075	8.4426	6.8274	8.6658	9.6233	7.1738	7.9296	9.0921	5.9813	7.7376	8.113	8.7906	6.4745	9.6575	5.5423	7.798	9.5332	6.1585	8.5134	9.1427	8.297	7.2593	7.1095	8.0444	7.5857	10.701	6.4267	10.173	9.4171	9.2635	7.5559
U133A__PMP22	5.2565	4.7053	5.1319	5.4801	8.5525	5.7927	6.8597	10.0992	5.4421	5.429	9.3067	5.4072	5.1737	5.345	5.2663	5.9816	6.3296	6.8562	5.0425	8.2183	6.5357	9.0143	7.1606	8.7543	9.7452	8.7851	6.3452	8.5414	7.0211	4.8371	5.5181	5.3986	8.7837	6.0432	7.9716	4.706	5.7261	4.7756	6.5781	5.5308	7.1613	5.6785
U133A__DKK1	4.4374	5.0117	9.4756	4.5936	6.5014	4.5847	9.7796	3.8903	4.6547	9.8575	5.5531	9.7499	6.6482	8.9757	5.8126	4.3313	6.5983	7.3948	4.6587	8.431	9.3303	8.505	4.4631	8.7426	6.0065	10.0983	6.1811	9.4083	9.3932	4.3075	8.2598	5.0502	5.9542	8.2824	10.4274	5.6311	9.043	4.323	4.5639	4.4719	5.8789	4.6765
U133A__GLS	4.4195	5.7518	4.0759	4.3543	6.6791	3.7784	5.6804	7.3472	5.1229	5.2186	7.3126	7.012	5.7987	5.3433	3.5858	5.3827	5.5398	7.1731	7.3676	5.5516	5.2015	5.0259	4.7226	6.4009	4.2736	7.034	4.1183	4.9112	6.675	3.4156	6.1462	4.8237	7.9906	6.7428	6.0561	4.4919	4.4406	4.5268	4.8293	4.3555	4.6226	4.9851
U133A__CTSL2	6.6891	6.6544	6.1776	5.8575	7.9594	6.6191	7.1295	10.2184	5.7305	6.0333	7.4727	7.4576	7.8409	7.0974	6.5739	6.0122	8.0945	7.7367	8.1816	5.7412	7.1939	6.6615	6.6808	8.3407	7.0612	5.8619	6.3803	7.5018	7.1926	5.5789	6.3476	6.5624	6.5317	6.8619	5.7468	7.4294	5.8074	7.2087	6.9109	6.678	6.5078	7.0021
U133A__MYB	7.1063	6.9468	7.1427	8.3619	5.2382	6.1754	5.2894	5.4142	6.3239	6.4602	5.2946	4.9253	6.2981	5.4064	5.8573	7.3429	5.4122	4.8759	5.6105	5.5049	6.3934	7.2538	7.4732	4.4327	7.1898	5.3734	8.3463	6.7762	4.8808	7.5681	6.1527	6.5134	5.2487	5.4891	4.8102	5.5343	6.4074	6.262	6.73	6.2372	6.1827	7.4982
U133A__HK2	7.7927	8.267	9.3905	8.5865	7.1092	7.2637	6.5737	6.3978	6.9276	5.9444	7.0521	6.4244	7.008	7.3448	7.9834	7.8368	6.4973	5.5445	7.3185	6.4854	8.2568	7.2834	7.5312	7.3908	7.8934	7.3739	8.0615	7.0305	8.7597	8.3238	7.3081	8.5453	6.3299	6.9952	7.351	8.6042	7.3711	5.651	8.9271	9.8284	7.3916	7.313
U133A__MED24	6.9285	9.2036	9.9268	7.0736	6.0922	6.891	6.5397	5.784	8.2819	5.4771	6.6253	6.4028	6.381	6.6928	6.5315	6.5348	7.3363	7.2212	6.7101	6.2124	5.7215	6.6214	7.3983	6.8359	6.0875	6.6819	6.1646	5.9338	5.963	7.5758	6.1313	8.7567	6.3423	5.967	6.9219	5.7808	5.8922	6.9161	9.9358	6.1301	5.8114	7.3933
U133A__DENND1B	6.3564	7.0433	6.7197	7.3619	5.4436	5.5455	5.2652	6.0512	6.8209	6.9892	5.5922	7.1538	5.8176	6.1389	6.1945	7.6322	6.0845	6.1378	8.7131	4.9544	5.3848	5.9119	5.8	5.6715	6.3586	6.0179	6.6521	6.3554	5.4668	9.1288	7.9616	6.1495	4.6695	5.3525	5.3775	7.1013	6.5288	4.5367	7.9641	7.925	7.4448	10.3512
U133A__C17orf81	6.0932	6.0039	6.305	6.9719	9.3034	6.3511	8.2392	6.528	6.1772	6.1791	7.2188	7.2754	8.6325	7.7116	8.0863	6.1739	6.8238	7.0527	6.0851	6.985	7.2643	7.5321	6.0424	7.7869	6.1349	7.3204	7.7804	7.7558	9.3014	5.8973	6.1552	5.7549	7.1647	6.3775	6.465	7.2237	6.835	6.6208	7.2873	5.8677	7.3918	5.7307
U133A__SH3BP5	4.5669	6.8751	6.3726	7.6208	5.3896	6.2074	6.9909	5.7432	8.4108	7.7287	6.5201	5.893	6.0643	6.2105	6.1593	6.5372	4.3785	6.5156	7.5147	5.231	8.6417	8.4431	6.9531	6.5498	6.6958	5.8189	7.3821	6.1776	6.072	6.3141	5.8103	6.571	7.6624	5.2193	4.8949	6.9699	6.8418	6.3893	7.6927	5.6068	6.5363	6.8504
U133A__GPX1	8.9739	4.0916	9.13	4.1978	9.7074	8.7943	8.0487	8.6375	3.8954	7.8047	3.5472	8.4418	9.4091	9.7496	9.301	3.7548	10.5188	9.1911	8.6679	9.1332	5.2514	5.269	9.851	7.3749	3.9513	9.7794	9.7769	8.2842	10.3552	9.6262	9.4756	4.1969	8.82	10.2252	9.2677	3.2767	3.978	3.5145	4.9552	3.7776	3.3897	4.1642
U133A__TRIB3	9.0028	9.4839	9.3851	8.2841	8.1789	9.2784	7.2441	7.8627	8.1408	7.3561	7.9885	8.0431	8.3225	8.1897	8.7604	9.1229	7.2537	7.8749	8.5921	7.3169	7.7317	7.7524	6.9773	7.7019	9.4918	7.0513	9.2248	9.1973	7.9912	9.2415	9.8454	9.2335	6.7173	8.1263	7.6057	10.2862	10.5917	8.0399	8.4322	8.2995	9.0522	8.6039
U133A__P4HA1	5.7618	8.9855	8.818	8.1603	9.0919	7.1902	7.6475	6.5065	8.2364	6.6997	6.2185	7.4434	5.8957	7.3668	7.9664	6.2182	6.7204	7.365	7.7865	7.4218	6.5969	7.6202	7.498	7.5294	7.6432	7.5739	7.4626	7.2203	9.1006	7.9305	5.9222	9.3707	8.5351	7.5698	7.0624	8.8927	6.1585	6.9841	9.5099	10.0873	7.4844	8.6853
U133A__PBX1	10.6681	9.5764	9.4725	9.8965	7.1982	8.9231	6.5424	8.3278	6.6554	8.7516	7.3662	6.3245	8.2703	4.0816	6.8856	9.1327	6.7302	7.2431	8.0011	5.482	7.1916	8.0443	8.9407	5.4143	8.5418	4.6607	8.253	8.9907	5.5921	9.1773	7.7912	9.2953	7.468	4.6159	4.8149	9.5481	7.913	8.3759	9.2425	9.5066	9.3962	9.2392
U133A__TPM2	2.9737	3.2967	2.7023	3.0083	9.2246	3.0307	8.8236	6.6508	2.7736	3.2918	9.0163	7.0455	3.3028	3.2698	3.2636	3.8763	6.7663	7.9299	8.1468	9.5375	3.3478	3.2518	3.2009	4.4389	3.1689	3.4678	2.8649	3.6268	5.1117	3.157	6.4564	3.4752	8.5825	7.37	8.2812	2.8239	5.6483	3.0476	3.3862	3.4566	3.5368	2.9659
U133A__ALDH3B2	6.5658	8.7068	9.5624	8.1606	5.2722	7.965	4.8835	6.0893	7.5457	8.0414	6.9725	4.847	7.2269	5.3528	8.9681	10.1542	6.3245	4.9788	4.7615	5.3712	6.066	6.2633	10.8627	5.4095	7.7902	4.5362	10.3719	7.7701	4.6051	8.9937	8.7803	7.1355	4.5919	5.4648	4.9338	7.1044	8.5803	7.4248	8.7639	9.0773	8.5878	8.4681
U133A__AXL	4.5848	4.3447	4.6163	4.3957	9.7332	4.3709	9.0689	7.011	4.3959	4.4975	4.5981	4.2906	4.9826	5.1863	4.9555	4.2474	5.2312	9.2723	4.1729	10.475	4.5906	4.4261	4.7784	8.3136	5.0443	10.3645	4.1508	4.614	7.5333	4.2537	4.6935	4.0831	9.5546	7.5369	9.6852	4.2137	4.2126	4.5153	4.3396	4.2859	4.6527	4.2316
U133A__MAP4K4	6.0673	5.1091	6.3952	5.9184	7.3226	5.7528	7.3885	6.1253	7.425	6.5388	7.2464	7.61	6.8356	7.0288	5.4933	5.4528	6.7248	7.8366	6.6207	7.9799	6.3307	6.1541	6.5299	8.1798	5.703	6.5193	5.9015	5.0642	7.3707	4.9385	6.5018	5.1327	8.1638	8.3236	7.7847	5.9041	6.1144	6.0063	5.6747	5.3321	5.0344	6.2691
U133A__BCAM	10.151	8.1702	8.9493	8.1994	6.1925	7.2428	7.4964	8.1735	7.7114	8.0871	7.3462	6.5328	7.6031	6.7278	8.1161	7.4603	7.2592	7.7261	6.6556	7.1254	7.5406	7.3836	8.8748	6.9566	8.1709	6.6431	9.5823	7.5033	6.4178	7.9197	7.0762	9.1546	6.9064	6.5732	6.4991	9.2367	9.1207	8.013	8.2831	7.997	9.1362	7.2864
U133A__INHBB	8.9319	9.0488	9.0222	7.2062	4.1472	9.3761	5.0339	9.6701	5.4203	7.5198	6.4504	6.9645	5.8516	8.5289	9.0537	9.8052	7.5508	5.3406	7.9114	6.0214	9.2939	8.3263	6.5851	5.2305	8.5668	6.0086	6.9465	8.4557	4.3769	9.7103	8.3352	9.4064	5.8637	4.8836	5.3548	8.8214	9.0283	8.3476	7.9003	8.528	8.2419	7.9564
U133A__FSTL1	6.755	6.2572	5.936	6.4877	11.5266	6.0422	9.2564	6.8735	6.4112	6.7142	7.1585	8.8436	9.9158	7.9294	6.0962	8.8284	9.2432	9.4494	8.6058	10.846	5.9821	5.6398	5.7112	9.7716	6.2036	8.6291	5.7009	5.857	10.7336	5.6561	5.3421	5.9557	9.5334	9.6656	8.1824	5.4895	5.6432	6.6733	5.5658	5.9264	6.0053	5.6587
U133A__GRB10	4.7959	5.4919	8.5374	8.2707	5.3595	7.4569	4.8131	5.402	10.2075	6.5732	6.3604	4.9465	4.8583	6.6414	6.6836	6.2955	4.6338	6.1154	7.6347	7.8401	5.8101	5.4498	9.6632	7.1144	5.4158	6.6734	6.0157	7.1687	8.0491	5.4992	6.6179	4.9824	5.3711	4.4084	7.763	6.053	5.8099	6.8667	7.2711	4.8448	7.2124	6.1565
U133A__TSPAN1	9.3745	7.2603	8.5961	6.8959	6.4918	6.9411	7.0293	7.4681	6.6056	6.7279	6.943	8.2162	7.0272	8.0192	9.2937	8.5001	6.9583	6.4954	8.0456	6.7756	7.154	7.1847	6.8627	6.7157	8.2545	6.6297	8.6439	9.9854	6.3176	8.653	7.8154	7.2301	7.0815	7.0146	6.8299	10.7266	9.5972	7.2844	7.9478	7.472	9.315	7.3267
U133A__NEBL	7.1562	7.471	7.9659	8.3793	4.4277	8.0852	4.1247	8.1581	5.8258	8.7265	4.729	4.5974	6.1047	4.8275	6.2376	8.4438	4.7794	5.3089	8.8448	4.5196	7.2791	7.7379	7.7128	4.3245	6.2351	4.2596	7.1621	7.8028	3.7526	6.5042	5.5637	7.6328	4.692	4.966	5.6682	9.7977	6.3427	7.0842	8.2432	8.448	8.1131	7.1828
U133A__XBP1	10.8344	9.815	10.7009	11.15	7.9069	10.6604	7.5297	7.6036	7.9543	9.2154	7.8611	8.1184	8.313	7.637	9.3929	10.5899	8.1677	7.1544	8.6517	7.6438	9.3516	10.7117	11.2426	7.2265	11.6896	7.889	11.5911	11.2322	7.2602	11.2977	8.939	10.1574	7.1282	7.1631	8.0768	11.2015	10.9035	10.9459	11.0313	11.6974	11.2028	10.5644
U133A__CRAT	6.1327	7.0301	8.5392	5.3326	6.6085	4.9208	5.7106	5.0816	7.4136	5.5972	6.259	4.5969	4.802	4.7328	9.3471	6.135	5.24	6.8102	4.6552	5.6507	4.7699	4.963	5.0092	6.6468	6.8732	4.6449	6.5012	7.3414	6.3033	9.0429	6.1147	5.5132	6.5242	6.0194	4.8625	8.281	6.3673	6.9289	7.6199	7.4963	6.8954	7.0787
U133A__RPS11	8.733	5.8508	7.4744	7.2067	7.6569	6.6613	10.6295	7.6723	6.1	7.294	7.0191	5.7544	6.6921	7.6675	7.8685	6.7869	6.3032	7.2814	5.7429	8.4126	9.6242	7.3204	7.1407	7.695	7.8463	8.7658	7.2222	7.9554	7.5845	7.207	8.088	10.1389	6.8246	6.6546	6.9884	7.0745	6.37	6.8314	5.6956	7.144	7.1044	5.9172
U133A__SNX7	7.2258	6.9361	6.3575	7.242	8.2264	6.3147	7.9095	7.2735	6.4903	7.5596	7.2552	8.0102	8.1539	7.6537	6.9576	5.9321	7.1316	8.3416	7.9242	8.5314	5.7752	7.1402	5.4831	8.5363	5.4501	9.0729	6.7602	6.3801	7.3863	7.3553	8.9996	7.4533	9.1969	8.5021	8.5449	5.1871	5.9201	4.634	7.2475	6.574	4.966	7.2083
U133A__PTRF	6.1143	6.0022	6.2617	5.8685	9.7082	5.8463	9.004	8.3455	6.1188	5.7173	6.9987	8.6548	8.2281	7.4855	6.7332	6.6073	6.763	9.0215	7.1768	9.9604	6.0237	6.3204	5.3083	9.1023	6.1647	9.8031	6.2294	7.3507	8.0369	6.3333	7.3438	5.6802	9.5435	8.2916	9.4023	5.267	6.5915	6.796	6.1726	5.4646	6.4682	5.981
U133A__PHLDA1	5.8382	4.4531	4.5088	4.1534	6.2364	3.6929	5.3714	5.9748	4.3261	4.9452	5.4819	8.5993	8.0713	8.0033	4.3273	5.8991	6.5052	8.8726	6.6058	9.3967	4.738	4.353	4.468	7.4466	6.5506	9.4625	4.3342	4.674	8.6611	3.9009	7.3799	3.6627	8.757	7.7525	6.9589	3.8358	3.679	6.5088	4.2782	3.659	5.4414	3.5303
U133A__SPHK1	6.5756	6.2039	6.0943	6.0422	6.0261	6.3492	6.8063	6.9162	6.4991	6.5431	9.0799	7.0979	6.5235	7.3219	6.5062	6.0867	6.6053	6.6958	7.362	7.0201	7.6825	6.8751	6.2242	8.3971	6.2919	6.1954	8.0365	6.0921	6.7337	7.3532	6.1624	6.2097	9.1271	7.5901	6.415	6.2242	6.052	6.0584	5.9343	7.0085	6.227	7.0155
U133A__PTPLA	5.6938	4.6823	5.182	6.3219	10.3468	6.3568	6.56	6.7459	5.8693	5.5657	8.0611	5.5909	5.7785	6.5564	4.3065	4.9583	7.3047	7.8945	6.0142	6.1322	5.8509	6.5989	6.5047	9.4651	5.5866	7.4552	6.2385	5.0439	7.4421	5.0779	5.7677	4.2583	7.0215	6.8608	6.9817	6.4239	5.2383	6.5071	7.8667	4.9885	4.6789	5.9094
U133A__MT1H	9.7691	9.9144	9.4742	8.8859	10.3299	8.7427	11.4441	10.344	8.326	10.4489	9.4932	10.0553	9.4289	10.9063	8.6699	8.4144	10.0575	10.9054	10.2961	11.2855	8.4115	8.8273	9.1557	10.2353	9.3853	10.9772	10.1181	11.5502	10.8867	9.7013	11.0968	9.8995	11.3317	11.9502	11.5849	8.9971	10.0943	8.5934	8.495	9.4841	11.1866	8.3513
U133A__SFRP1	5.1117	5.3705	5.4813	5.2707	8.5268	5.2428	8.8216	9.9972	5.5535	5.1718	9.5246	5.3062	10.0981	5.6955	5.8066	5.5267	9.5855	5.8497	6.0073	6.2385	5.3056	5.4548	5.5234	8.2226	5.0257	5.1371	5.8117	5.2424	6.0577	5.5989	9.2322	5.185	5.4689	9.8611	5.3713	5.4951	5.3988	5.3516	5.0277	5.5497	5.545	5.2553
U133A__MT2A	10.9552	11.1401	10.4878	10.1506	11.974	9.7104	12.6273	11.2993	9.0299	11.5175	10.4585	11.412	10.5068	12.4137	9.6896	9.637	11.1486	12.017	10.5049	12.7479	9.4434	9.8433	9.9102	11.5674	10.5695	12.3499	11.3019	12.5433	12.2377	10.9416	12.3951	11.1928	12.3549	12.769	12.9115	10.216	11.154	9.7036	9.4884	10.4759	12.5701	9.1116
U133A__CRABP2	7.7927	6.2883	7.1272	11.2478	7.1984	9.2384	7.2001	10.2575	11.042	10.4868	7.9145	5.679	11.2348	9.6855	11.4223	10.9394	9.1947	9.329	11.2675	6.4565	10.9021	10.0104	10.3883	6.0832	10.5335	6.5894	7.7354	10.3027	6.352	10.8015	10.3695	9.5601	7.2299	6.7276	6.367	9.2587	9.1007	10.4822	11.9965	9.367	8.7205	8.6028
U133A__ZNF395	7.4726	6.25	7.9846	7.9481	7.4351	6.8778	6.088	6.4956	7.314	5.7144	6.4154	6.2816	6.0554	5.9469	6.9334	7.4823	5.7542	5.4415	6.401	5.4669	6.7954	6.6674	6.5065	6.0353	7.5409	7.4972	6.382	7.082	6.7328	7.743	6.7761	5.4936	6.093	6.0597	6.9636	7.2497	6.8049	6.9056	9.5092	8.7508	6.9152	7.2073
U133A__SLC16A1	5.5794	5.7645	6.0565	5.5591	7.9693	6.5954	7.3612	7.3152	6.2764	5.9809	7.3342	8.5427	8.3794	8.0237	5.8946	5.2666	7.0439	8.327	8.4403	7.6278	6.1698	6.5289	6.4164	7.8131	4.8744	5.4479	5.6483	8.4516	8.7246	5.5286	6.8735	5.5178	8.0539	8.2358	8.9896	5.3126	6.7675	5.835	6.0467	4.937	5.5224	7.0823
U133A__TGFBR2	4.7952	5.333	5.0315	4.0804	6.7765	4.5064	6.7981	6.3664	4.7365	4.2208	4.6006	6.7692	5.9237	8.2695	5.0056	4.2784	5.3755	7.5116	6.5588	7.6766	4.5196	5.7419	4.3473	6.6819	4.3361	7.685	4.9647	5.073	6.9129	4.4376	6.2656	5.0651	7.2266	7.6333	8.8984	4.4958	4.7649	4.3031	4.2663	4.2258	4.2648	4.3092
U133A__LAMB3	6.3544	4.6146	4.2523	4.5548	4.2692	4.8434	5.8752	8.3716	4.0661	4.4141	5.2448	9.146	6.9705	7.8459	5.559	4.6953	7.4785	6.003	7.8037	5.974	5.226	5.0082	4.3568	5.795	5.5	8.1853	5.2156	7.5624	5.0024	4.2693	6.2723	4.6992	5.7854	9.5937	5.9034	5.4211	7.4778	4.4149	5.1624	4.6983	5.1626	5.6776
U133A__MET	4.1684	7.1117	6.3733	6.3704	7.8015	3.681	7.2627	7.5974	4.7232	5.4852	5.2012	8.5363	6.9785	8.3372	4.3959	5.3306	7.3328	6.2434	7.4069	8.8939	5.544	5.1935	3.8401	6.8282	4.3847	7.7522	6.4167	4.6308	7.4226	3.6139	7.5616	5.2515	7.6225	7.4948	8.1415	4.3291	5.477	3.9143	3.4815	4.67	3.614	3.9095
U133A__RNASET2	8.128	8.9614	8.3523	7.6879	6.5304	7.4109	5.2228	6.2817	7.1632	7.2288	8.724	8.1106	6.9623	7.4644	8.3347	7.8744	5.444	5.712	7.6474	6.5863	7.8307	8.1873	8.1991	6.5105	7.9749	6.851	9.2695	6.9932	7.9543	8.1165	6.6871	8.4278	6.555	7.8822	6.0853	9.1341	9.2691	6.3693	10	7.9327	7.1693	8.4503
U133A__KIF14	6.6803	6.4582	5.5932	5.6142	7.1136	4.9453	6.9587	5.6646	8.1398	5.3265	6.9909	7.2605	6.414	5.3583	5.0707	5.431	6.481	6.2668	7.5613	5.9016	5.7401	6.9772	5.3392	6.6024	5.8901	7.6284	5.4955	6.6597	6.4616	5.9754	6.2016	6.0151	5.7495	5.9024	6.1868	4.6193	5.3477	5.6868	5.8779	6.7918	6.1667	7.0268
U133A__DERL1	5.475	8.3416	5.9092	6.4988	6.0889	5.9957	5.5655	5.7088	5.9916	7.7607	5.6934	6.8211	6.503	7.2959	5.6843	8.4643	6.2926	5.7426	6.9287	6.1283	6.7508	6.2364	6.6886	6.4555	5.8625	5.6717	5.9146	5.5712	6.2623	5.5019	5.8745	8.4292	6.1425	5.7119	5.7651	6.4365	7.6148	6.2023	6.4948	5.956	6.8543	6.161
U133A__SGCB	5.8037	4.345	4.5248	5.746	7.8458	4.0945	5.911	5.9386	7.1406	5.1858	7.0696	6.3675	4.4416	5.602	5.0206	3.9234	7.0299	6.7798	4.7882	7.8291	5.4336	5.8159	8.2976	8.6534	5.0713	7.4406	4.5614	4.3851	8.0454	4.0615	6.1206	4.7536	6.9454	6.2714	7.184	4.3896	5.3401	5.106	5.3055	4.3728	4.3337	5.1227
U133A__GATA3	4.3432	3.6303	5.039	9.974	4.1358	8.5593	3.5801	2.9041	5.2215	8.0058	4.0984	4.9866	4.7334	5.0131	7.259	7.9089	3.0972	5.915	5.4572	3.2756	8.2784	9.0129	8.8407	2.9786	7.4635	3.0718	7.1761	6.9304	3.0294	9.0051	5.2047	4.2017	3.2494	3.2905	2.7796	8.2158	7.0477	8.5736	7.9187	6.4257	7.0591	8.156
U133A__ARL4C	5.0372	5.4113	6.7865	5.2082	8.6102	5.4432	6.8605	8.2727	5.3763	5.1972	5.7854	6.2923	6.6579	6.6568	5.1034	7.1242	6.4012	8.4927	7.7619	8.1936	5.7452	4.8309	5.8689	8.3712	5.9178	7.2348	6.0425	4.1099	8.1192	4.347	7.2786	5.107	9.1009	6.2938	4.6692	5.4439	5.766	4.7769	6.1884	6.1871	4.5286	5.0522
U133A__KYNU	3.1107	7.5015	3.7016	3.7004	4.199	6.8799	3.4469	3.3451	3.3778	5.2812	5.0897	9.7837	6.6414	8.1632	3.6599	5.8705	8.3008	4.2979	3.6763	3.9397	9.3041	9.2168	3.205	6.7245	6.0479	5.4828	6.253	3.5387	4.3284	3.4423	9.3122	4.7613	3.2793	9.6851	5.4603	3.4978	4.0878	8.121	5.0006	5.7334	3.7515	3.5004
U133A__FGFR4	5.2867	5.3796	5.932	7.0564	4.6014	8.8352	4.6243	4.8179	5.08	5.6192	5.5987	5.5846	4.808	6.2914	6.8329	5.3225	4.6994	5.1195	4.6729	5.1249	5.0994	4.7136	6.0483	5.4814	5.1906	5.0617	7.1829	6.8866	4.8499	10.4891	4.42	5.3601	5.2254	5.1338	5.1372	5.6779	6.0534	5.1223	5.6953	8.0318	5.2999	7.52
U133A__GCHFR	7.0875	7.7336	7.4086	6.3534	5.9174	7.0334	6.3875	6.0695	5.6255	6.5892	6.057	5.9386	5.6697	6.4225	7.5495	7.2153	6.4454	5.5521	9.3148	5.7151	6.6593	6.6104	6.846	5.6439	8.0588	4.8651	7.7018	7.5975	6.2477	8.9348	6.592	8.3753	6.5251	6.4883	5.3529	6.5813	5.7935	6.8521	6.8993	8.7278	6.7703	7.0875
U133A__LEPREL1	5.2728	5.3422	5.4569	5.0282	9.3138	5.5085	8.5248	7.9786	5.848	5.3502	6.5309	7.5076	8.3214	7.2828	5.5782	5.1026	5.8493	7.0181	9.188	7.5821	5.5045	5.6844	5.199	6.6369	4.9666	7.9034	4.9339	4.9033	5.4406	5.3148	6.4193	5.5942	6.252	5.3512	7.3962	5.376	5.1657	5.3306	5.109	5.1199	5.1608	4.9922
U133A__FOSL1	4.9248	5.3058	5.233	5.3308	7.6711	5.4235	8.2125	6.1157	5.0024	5.1796	5.4742	8.448	5.8887	8.4594	5.524	5.2056	5.8006	7.7595	5.3363	8.6803	5.7547	5.2672	5.2622	8.0784	5.6895	9.0559	5.1136	5.2681	8.321	5.017	6.4426	5.2985	7.8919	9.0164	8.8942	5.1416	5.2537	5.2915	4.5174	5.1363	5.7142	5.52
U133A__COTL1	3.8873	6.1669	4.9965	7.057	8.685	3.9985	8.114	6.2075	4.6672	5.8737	7.9639	9.1007	8.7132	9.1908	5.7679	4.9764	9.1278	8.7305	8.2581	8.4075	6.502	5.7289	4.8017	7.2017	5.5067	8.776	5.4758	5.1598	7.8233	5.832	9.0136	5.7785	6.831	8.3543	8.6649	5.26	6.4731	6.115	5.3958	4.3443	4.0865	5.3925
U133A__CTSD	9.7858	9.5957	7.1763	8.323	6.9866	6.4872	5.7232	8.2899	6.7151	7.5811	7.2047	7.275	8.3106	8.6724	7.5869	8.1006	7.8089	7.6112	7.4579	8.1864	6.5121	10.1375	8.6215	7.6491	9.6629	6.2229	8.6821	8.955	7.778	7.1412	7.7043	9.2908	7.8084	7.3249	7.2014	8.1671	8.7805	8.9881	10.763	7.1248	9.3241	10.2609
U133A__TUBB6	4.8682	6.5678	6.253	4.4901	9.8768	4.9213	9.5493	8.3339	9.2657	7.3934	8.5949	8.9081	8.7762	7.6112	5.3791	6.6415	9.8152	9.8057	8.0943	9.7499	8.3425	7.4325	7.8191	10.4802	5.4732	9.0045	7.5802	5.0843	9.3439	5.1846	8.4845	6.5456	10.1106	9.4057	9.6441	5.1798	5.5564	7.8651	8.1612	6.4891	7.0332	9.5322
U133A__TRIM16	6.1574	6.1974	5.7526	6.4896	7.8195	6.6675	6.4563	6.8223	7.0869	5.7686	6.3137	9.1814	8.2659	7.3056	7.7113	6.6343	7.8839	7.5431	5.7772	7.4161	6.4079	6.7198	6.2253	7.6578	5.7971	5.9195	7.4512	6.3	7.3268	8.2898	7.1158	7.0752	6.5095	7.3537	6.161	7.2962	6.0595	6.0184	6.2297	6.5469	6.0031	6.4635
U133A__SPARC	3.7712	3.66	3.5735	3.4648	10.4223	3.5195	10.3546	4.282	3.8571	3.5912	8.829	3.6301	5.2953	3.922	3.8213	3.632	9.6467	9.8987	3.695	11.0811	3.9276	3.715	4.7207	11.7943	4.1587	5.5428	3.6311	10.9894	3.8228	3.6342	3.8551	4.0483	8.1684	3.7031	9.5455	3.8431	3.7304	3.9174	3.54	3.7679	3.5586	3.658
U133A__PLOD2	4.3063	7.3206	4.5369	6.9176	9.2988	4.8502	7.713	6.7221	4.8014	5.6396	6.5382	6.0955	7.4393	8.281	5.5341	4.2286	6.6365	8.4281	8.6329	8.0595	6.0565	7.9788	4.0323	7.7046	4.7658	7.3204	6.5491	6.0127	5.7272	5.6189	7.2919	6.3062	5.0164	7.6348	5.9357	4.2051	4.8868	7.4106	8.3946	5.5846	3.8126	6.5638
U133A__MT1F	8.8457	8.4682	9.0415	8.2996	9.723	8.3702	10.1491	9.3606	7.3736	10.1497	8.895	9.2237	8.6485	10.1593	8.2385	8.1514	9.0099	10.0446	9.6652	10.7	7.8613	8.0034	8.7306	9.3064	8.6793	10.6159	9.1573	10.5503	10.3282	8.8884	10.4899	8.8961	10.4918	11.0993	11.1161	8.3957	9.1751	8.0095	8.3509	9.2106	10.4592	8.4788
U133A__KRT7	10.1211	11.0636	10.6804	10.0912	3.555	8.9173	5.3362	9.7258	8.9656	4.8813	7.8858	9.3769	10.4135	11.0505	10.8063	10.5188	10.3118	9.5229	9.7402	4.6072	6.1713	6.5574	8.418	4.0198	10.127	8.702	10.5889	10.3833	4.1635	9.0756	10.5973	10.8183	3.5269	11.4685	10.7265	10.5658	9.6603	6.9013	10.3015	6.8825	8.9429	5.5108
U133A__DSP	8.0337	8.7599	10.2272	10.7384	4.1204	8.9093	5.3527	9.9995	10.3829	5.1408	8.2259	9.6499	10.3321	8.5612	9.3468	10.8212	10.0141	8.0855	10.7105	4.4382	8.5645	8.7556	10.6943	6.7151	8.9162	6.2146	8.9265	9.3477	4.8909	6.8808	9.7884	8.7908	4.2093	8.6303	4.4257	9.3172	9.0121	9.2126	10.4274	10.2253	9.0556	8.4497
U133A__CTSC	6.462	7.8213	5.6429	6.511	8.7733	6.0613	6.6398	7.1267	6.1393	6.1285	7.7895	8.61	7.1706	9.9228	7.5757	7.5029	7.5712	9.5726	9.4375	8.1937	5.3937	6.3418	5.3429	7.5387	6.0198	8.1208	6.9996	7.2767	9.555	6.7308	8.1037	7.4898	5.6283	9.7333	8.6939	5.451	5.3268	6.5055	5.8231	6.0762	4.8574	6.4382
U133A__C2CD2	6.774	8.7407	7.1994	7.3698	5.6435	5.9359	6.2586	6.1188	7.8405	7.7948	6.9643	7.2193	6.2788	6.0795	6.2893	5.1897	5.3207	6.1441	7.489	6.3777	5.4927	5.9892	4.3464	7.1836	6.9948	6.1461	6.8773	5.5821	6.136	4.915	7.6658	8.4905	6.6962	7.2271	6.4275	7.5738	6.9045	6.6834	8.2981	6.738	7.3499	7.3067
U133A__DNM1	5.6161	5.646	5.8578	5.8727	6.6942	5.6352	7.1763	6.4943	8.8086	5.9955	6.2088	7.913	6.0178	5.36	5.3172	6.3878	5.7923	8.6169	8.4682	5.7741	5.5244	7.1578	6.3168	7.6517	5.6249	5.6326	6.4587	6.9409	5.3333	5.6904	5.5864	5.7951	5.5233	6.324	5.5619	5.3328	5.5189	5.5842	5.462	5.8005	5.6035	8.0049
U133A__MSN	3.841	4.5404	3.5172	3.4371	8.5121	3.3393	8.5499	9.342	8.9229	4.7864	8.964	8.5521	7.2232	8.4309	3.3175	3.4629	7.7602	8.5216	9.8294	8.6483	3.9182	3.857	4.7157	8.0642	3.6968	8.6962	3.3597	4.1423	8.2181	3.5368	7.6773	3.4264	8.8511	9.046	8.7758	3.5774	3.4357	3.3212	3.8634	3.5565	3.039	6.796
U133A__GGT1	6.3598	7.8753	6.9381	7.2095	5.218	6.6358	5.2716	5.9838	5.8612	5.8938	6.2897	5.7906	5.633	5.6301	8.5877	6.5264	5.9789	5.836	5.2491	6.162	5.6221	5.586	7.1572	5.3165	6.8532	5.7474	9.3288	5.4845	5.6819	6.6688	5.8497	7.0597	5.7279	5.4076	5.5316	5.1897	6.0135	6.5047	6.6745	7.9471	7.2381	5.6866
U133A__SH3YL1	8.3113	7.6952	9.2864	7.4904	5.2336	7.0931	4.8884	9.887	6.1393	6.2999	7.4269	7.9322	6.8086	6.3395	8.0232	9.4126	7.2892	7.2825	9.0259	3.7104	7.45	7.8371	6.4369	5.2003	8.1147	4.1523	7.4942	6.9545	5.4848	8.6375	8.2604	7.9384	5.1517	8.2469	4.371	9.2451	8.7861	7.9012	9.2607	9.9867	9.0553	8.5619
U133A__RND3	9.2212	8.0358	6.583	5.7807	9.5701	6.3813	8.8505	10.1356	7.1855	4.6386	8.8115	8.5677	9.8172	9.7581	8.3455	10.8218	9.5237	9.8118	8.7922	10.6323	8.3719	7.8108	8.0078	9.4195	8.1009	9.0001	6.4467	7.7819	9.5531	9.1513	10.135	7.8503	8.2474	8.9026	7.7138	7.7559	9.2065	7.8362	7.1121	5.8681	7.3291	5.3049
U133A__ANXA1	8.3863	5.1813	6.8058	4.8279	10.1509	4.9132	10.8697	10.2727	4.9733	4.6701	10.5859	11.0167	11.8721	11.347	5.6928	5.3504	11.3303	10.7389	11.4584	11.0326	4.9591	4.9942	5.0231	10.6713	6.8432	11.1804	5.5085	9.4097	11.2499	5.0185	10.4199	5.8809	10.9965	10.7391	9.9079	9.1288	9.263	4.6556	4.9519	4.8945	6.9477	4.9117
U133A__OPN3	7.3667	7.9089	8.3329	6.7708	7.5352	6.2531	4.9373	5.5276	7.6964	5.7019	4.2432	4.6319	6.4417	8.5415	7.2765	8.6586	6.7565	6.8693	7.7497	5.5873	6.009	7.0329	5.8583	5.4766	7.5529	5.7904	6.102	6.958	6.8791	7.2383	7.4865	7.1835	4.5531	6.7869	6.5327	6.1301	4.4406	4.4907	7.1688	9.0612	8.308	6.9189
U133A__PSMD3	8.2836	10.1567	10.9679	7.4334	7.0583	7.8847	7.0327	6.5305	7.5896	7.2693	7.2269	8.5095	7.8073	7.9887	7.4173	7.5412	7.8983	7.6875	7.627	7.5954	7.4128	7.8714	7.6951	7.6183	7.296	7.7875	7.2688	7.4941	6.9896	8.1391	7.507	9.5126	7.7735	7.5639	8.0665	6.9437	7.4112	8.182	10.762	6.9633	7.3654	8.6239
U133A__TNFRSF21	6.9434	7.383	6.2411	5.8168	7.6132	6.2938	6.7414	9.4794	6.2643	6.3644	8.9963	8.8483	7.9123	8.4644	7.3763	8.9154	9.1783	7.7884	7.9115	10.028	7.0946	6.9593	7.6411	8.7664	8.4893	9.2021	7.3706	7.6864	7.8007	5.8836	9.4798	6.6581	6.831	9.0621	5.5389	7.9016	6.9565	7.1457	7.9318	5.8725	7.7789	6.4674
U133A__TM7SF2	6.3544	7.7736	8.9903	7.2452	5.9644	6.5563	5.6411	7.4551	7.1445	7.2359	5.6688	6.2564	7.1204	5.884	8.8806	7.2668	6.8554	6.8658	5.6005	5.6277	7.5725	8.4942	7.3491	5.3969	7.9643	5.339	8.007	7.0843	6.0313	8.3892	6.3963	6.8779	5.8961	6.7959	5.3671	7.9074	6.2127	9.688	8.7472	7.5838	7.0529	7.4074
U133A__PADI2	9.0532	9.5063	8.9317	7.4656	6.5261	6.2835	6.6613	8.362	7.6195	7.363	6.7937	6.3117	8.02	6.7172	9.0101	8.6758	7.7384	7.1875	9.2437	6.653	7.3278	6.7349	7.0423	6.4413	9.6267	6.1664	8.651	9.3973	6.5009	6.8629	9.4772	8.3672	6.5707	6.1414	6.3046	9.8863	8.5155	6.4094	9.871	8.2785	7.392	7.0584
U133A__ELF3	7.5457	9.7151	8.6588	7.6365	4.5443	6.8332	5.2965	8.8709	8.6235	7.3098	7.955	6.3115	8.395	8.3632	9.1607	9.5127	8.8539	7.0033	8.8438	5.3407	7.0076	8.1508	5.7695	5.0759	8.4196	5.1225	7.6662	7.8192	5.8174	7.1622	9.0809	8.9949	5.89	6.1304	4.9205	8.3142	7.5694	7.2921	8.2882	9.5173	8.2508	7.633
U133A__PCGF2	7.2304	6.2567	9.7272	7.4853	7.0408	6.5164	6.487	6.6069	6.7373	6.1658	6.2166	6.365	6.6828	6.5128	8.0515	6.891	6.8682	7.7879	7.873	5.75	7.2575	6.8517	7.15	6.5602	7.3088	6.8132	8.2729	6.4638	6.0002	6.6856	6.507	5.9863	6.0909	6.3687	7.1004	6.9964	6.4112	7.4182	9.9785	7.1873	9.7258	7.5539
U133A__PLAU	5.5718	5.8756	5.6696	5.1491	7.8668	5.3929	7.9168	6.0278	5.2362	5.2184	5.332	7.874	6.7758	5.664	6.2216	5.9968	5.3077	7.0242	5.1726	7.9917	5.4641	5.6808	5.4287	6.8126	5.511	7.6491	5.3504	5.7285	8.5978	5.3338	6.9324	5.507	10.1668	9.6993	5.9627	5.292	5.2565	5.5545	5.8024	5.0415	5.4286	5.2204
U133A__GLUL	10.5059	9.8161	7.5359	11.0773	3.4309	8.1531	5.7282	9.8361	8.8808	10.5978	8.4556	10.201	9.1487	6.6296	10.0567	9.8783	3.3355	8.385	9.3406	5.584	6.555	8.4217	10.7981	8.1008	9.5265	6.7947	10.4427	9.8707	8.1394	8.2571	9.4537	10.11	8.1982	5.7105	9.0594	9.5098	10.0047	9.2132	10.0695	9.5704	9.8766	8.8812
U133A__C4orf19	7.472	6.995	5.7927	6.3656	5.2571	5.9706	5.8058	5.259	4.7316	6.7285	5.4242	6.6961	7.585	5.7606	7.2136	10.2326	6.1892	5.0874	6.2435	4.9288	5.7074	6.7407	6.5187	5.4766	6.6493	4.9949	7.6176	8.3724	5.0262	6.8461	5.2637	6.9588	5.0222	4.9962	5.2601	8.0656	7.7508	8.4822	7.0379	5.3883	6.407	6.2493
U133A__TRPS1	8.6584	7.3827	7.0458	9.6951	6.9494	8.2062	3.4593	8.634	5.392	8.5305	7.8165	3.8643	6.1183	4.2236	6.5161	8.4291	7.4467	7.9026	6.7044	5.5976	7.4086	7.1694	8.6372	5.0367	7.8186	3.923	6.8585	7.5954	6.8846	8.5243	6.1981	8.38	7.5346	3.3148	4.1508	10.0281	9.272	9.1202	8.4461	8.5384	8.553	8.6575
U133A__PCK2	6.284	6.7214	7.826	7.0049	6.9382	7.006	7.0844	6.6359	6.756	6.5554	5.8093	6.4794	7.416	6.5607	9.1067	6.4475	6.7694	6.1271	8.2428	6.1926	7.1246	7.2563	7.2173	6.0304	7.2309	6.7161	7.0416	6.961	6.5039	7.5692	7.22	6.43	7.0357	6.5541	5.9544	9.2728	8.2243	6.6431	6.8268	6.8368	6.9264	7.7107
U133A__TSPYL1	7.1208	6.83	6.8499	7.5148	6.8558	6.6155	6.5439	6.3823	6.2805	7.2393	6.7611	6.3812	7.6203	7.1452	4.9774	9.9714	7.4672	6.6912	6.8775	6.14	6.7769	7.2514	7.9883	6.4733	7.0354	6.9656	8.3367	7.0077	7.0289	8.116	6.782	6.3896	6.688	6.094	7.0528	7.2503	7.8928	7.6083	8.0874	5.4603	7.5674	7.6037
U133A__PPL	7.2713	8.6978	7.5989	7.4733	5.343	7.0375	5.1253	7.7172	7.1606	6.3943	5.6236	8.6777	7.8406	6.9215	7.4366	9.0138	6.3552	6.8729	8.4826	4.9562	8.1627	7.1625	6.2894	4.9658	7.221	5.0623	8.1619	8.0623	5.8596	6.3576	4.7159	7.8424	6.0512	6.4286	4.7362	7.7004	7.1074	6.9717	8.5963	6.9001	7.4454	7.5252
U133A__IGF2BP2	5.0062	4.5534	4.8	4.3562	8.3006	4.1691	6.9416	7.2592	4.7481	4.6949	6.5841	8.2459	7.525	6.8804	5.012	4.5955	5.6289	7.2659	7.8875	6.6469	5.3637	4.7528	4.5492	6.7268	4.5693	7.693	4.58	4.6515	5.5628	4.5057	6.0043	4.383	6.4305	7.5201	7.0731	7.1142	5.3714	5.2241	6.4819	4.4216	4.6614	5.3226
U133A__RAGE	6.0153	6.1349	5.6582	5.9482	7.2698	6.0013	6.7008	6.0206	5.8776	6.0351	5.5039	7.6833	5.9007	7.0987	6.3245	5.9309	8.8647	6.6317	5.7582	8.3499	6.0592	5.9778	6.0999	6.24	5.936	7.0726	5.6932	6.5152	5.9202	5.9935	6.5255	5.614	7.5141	5.9461	7.6006	5.8088	5.7914	6.1698	5.6803	5.8604	5.3095	5.4439
U133A__UNC13B	5.8654	6.5725	8.6947	6.836	6.2814	7.5756	6.3921	6.0785	6.0703	6.063	6.198	6.356	6.456	6.2065	6.365	10.5586	7.1594	6.4438	6.3226	6.2149	6.499	7.2795	7.301	6.063	7.1499	6.3471	6.8049	6.9117	6.7771	7.4585	7.2927	6.1252	6.9704	5.8598	6.6068	6.5921	6.4418	6.7886	7.3338	5.8494	6.7137	6.6952
U133A__ALDH4A1	6.0591	7.4246	8.3471	6.7169	6.082	7.9374	6.3639	5.962	6.3012	7.4468	6.466	6.4855	7.1706	5.8314	9.2661	7.2935	6.2652	5.8633	7.3004	6.2349	6.5478	7.738	7.2079	6.0012	7.847	5.8512	7.521	6.2685	6.068	9.9506	6.211	7.4964	5.9475	6.3586	5.7202	7.4961	6.5002	7.6683	7.696	7.7586	5.9932	7.7793
U133A__PLXND1	8.0278	8.0521	6.8569	8.0591	6.1152	6.932	6.9463	6.7389	7.6025	7.7119	7.432	6.9718	7.012	6.7294	7.4985	8.5089	6.3405	7.3005	7.767	7.1712	7.5315	8.1479	7.045	8.3326	9.6295	6.9015	7.1637	6.9815	6.9543	8.0254	6.6018	6.8911	7.248	7.013	6.1165	9.3213	7.2942	7.5523	8.2313	6.6068	7.6864	6.7508
U133A__AHNAK	5.281	5.7218	5.9388	5.7781	5.2206	5.2713	4.9275	6.1827	6.0559	6.224	5.2952	5.0968	6.7373	7.6819	5.6581	6.8806	5.6812	5.9843	7.446	5.8018	5.7293	4.9851	8.2307	5.331	5.487	5.0914	7.506	6.7486	5.7884	6.7658	6.1818	6.1605	5.0432	4.7147	5.4686	5.7549	7.3006	5.636	5.4948	6.6421	7.3673	7.5269
U133A__SPRY4	9.1625	7.666	7.0909	6.6778	6.1402	6.2326	6.2548	6.5822	6.2255	6.1928	6.858	6.8281	6.4451	6.6843	7.6043	6.3436	6.0899	6.4449	6.0177	6.9419	6.1993	6.3284	6.8972	6.7042	8.6704	9.0079	6.9669	6.9797	7.0684	7.1359	6.7391	7.2561	6.6597	6.6632	7.669	6.9477	7.2227	6.3081	7.6452	6.1551	9.786	6.3391
U133A__POPDC3	4.9801	4.9063	4.6823	4.7037	4.9301	4.7796	5.5058	5.9364	4.6287	4.9503	7.1219	6.8476	4.7879	6.7287	5.0516	4.8478	5.5473	6.8111	6.8852	5.7957	4.8642	4.8038	4.6629	6.6873	4.8127	7.3238	4.7884	4.741	7.6503	4.6897	7.1886	5.0638	6.7314	7.1693	4.899	5.0638	9.3478	4.6326	4.7804	4.8257	5.132	4.8086
U133A__THBS3	6.2912	5.8276	6.275	6.7039	7.1068	6.3338	5.5685	8.126	6.7233	6.0136	6.1875	5.1508	5.7931	5.6536	6.6141	6.7703	6.3532	7.2496	6.8148	6.0048	5.9467	5.9646	5.7134	6.1586	6.4049	5.3286	5.9381	6.1711	5.9741	6.1654	5.9068	6.0105	8.1531	5.5847	6.1891	8.5329	6.0802	6.2639	7.7209	6.9753	6.6468	6.1098
U133A__CYB5A	6.6338	7.709	6.3098	6.617	5.7624	7.9642	4.8279	6.9887	4.4315	6.1598	6.0589	5.0605	5.3328	6.0628	7.199	8.2505	5.2687	4.701	6.1142	3.8628	6.5067	6.1092	7.8149	4.6541	7.0276	6.1533	6.26	7.9185	5.411	7.5663	6.3495	6.7328	4.648	7.3606	7.1314	6.3256	5.551	6.3159	8.6476	7.8435	7.2546	8.1908
U133A__ASAH1	6.782	7.6309	6.3725	8.8965	6.263	7.5971	4.7702	6.3153	6.9968	5.0105	5.7667	4.9323	6.2513	6.0697	5.0817	8.3842	5.5519	5.7256	5.6042	5.8445	5.7707	5.2513	5.7445	5.9329	8.181	5.5178	6.9474	6.1367	6.8027	6.0655	7.0752	7.0733	5.3256	5.8795	4.5582	8.1595	6.4194	6.6742	7.7847	7.9367	6.6268	7.1685
U133A__MT1X	8.4084	8.2002	8.1249	7.4471	9.3471	8.3782	9.6993	10.0479	6.6892	9.4273	8.2086	8.6822	8.4598	10.1523	7.0356	8.178	8.9091	10.0628	10.8713	10.1184	6.7858	7.3453	7.4573	9.6321	8.505	10.0782	8.8258	10.9035	9.7955	8.2451	10.3187	8.777	9.7324	10.4715	10.7999	8.8989	9.7216	6.9663	7.1999	9.2386	9.9108	6.7383
U133A__ALDOC	6.5777	8.3205	6.6705	8.4622	5.9173	6.748	8.2793	8.3786	7.6054	6.2571	8.268	6.8246	5.9627	7.5516	9.5103	6.3166	7.6059	5.9395	5.9531	6.084	7.2912	7.7475	7.8802	5.3038	6.7481	7.1603	6.11	6.5345	6.252	6.1454	5.4054	8.8374	6.2906	6.7714	6.409	6.929	6.3134	7.7955	11.3442	6.2557	6.4764	6.2591
U133A__PSCA	6.6794	6.7882	5.2285	4.9533	4.2226	4.8065	4.7535	5.209	4.548	4.64	4.7495	4.3334	5.1205	5.3627	6.3379	7.273	4.5253	4.1651	4.4817	4.9353	4.7136	5.3853	4.4292	4.5383	9.04	4.3378	10.8662	8.2352	4.1869	4.6424	5.0975	5.1155	4.7656	4.5504	4.7827	9.1162	6.9657	4.3908	5.4954	4.3161	8.8131	4.4651
U133A__FABP5	4.1904	4.0367	3.7473	6.4085	3.5435	5.3344	3.9169	9.2366	8.4386	7.491	9.3953	9.7792	11.1944	3.3571	3.6996	3.6829	8.758	9.6872	11.0183	8.9013	5.7227	6.7429	3.8621	8.3248	8.5209	9.7444	8.3436	6.9507	8.5762	3.6349	3.1469	5.3397	10.4027	8.9495	9.9405	3.7177	3.5081	3.7815	3.5285	4.8338	3.7601	9.0063
U133A__MCFD2	5.4711	6.2773	5.0626	5.1834	6.386	6.4827	6.3448	5.7931	4.3098	5.5137	6.2944	8.0238	6.3483	7.2626	5.7939	5.5338	6.2847	6.213	5.9582	8.8193	6.5741	6.1142	5.5427	7.6131	5.3628	7.2542	6.0619	5.909	7.0597	6.2241	6.2628	5.4566	7.0765	7.4358	7.5063	7.3567	7.341	5.5784	5.8902	5.351	4.7251	6.6413
U133A__ZHX2	6.6374	9.2638	7.8713	7.8561	4.9952	6.5017	6.1914	6.0232	7.4021	7.1239	5.0842	5.9716	7.2131	6.5772	6.5952	8.4563	6.9501	6.0953	8.0637	5.4724	6.7913	7.4885	6.2762	4.9739	7.7711	6.05	7.6426	6.7416	5.0924	7.0132	7.2631	6.648	6.059	6.029	4.8623	6.4096	6.0315	5.7254	6.6176	7.2085	7.2749	7.0087
U133A__SH3GLB2	6.5425	6.1316	7.5758	6.9276	5.7078	7.1346	5.6773	6.1178	5.6393	7.6168	5.069	5.9234	7.0037	5.1924	6.6129	6.4713	5.3567	5.5879	6.4594	5.1439	5.1173	7.4452	7.2121	5.1126	7.0174	5.9868	6.6336	6.07	6.0047	6.1606	5.8607	5.7669	4.7977	6.3724	5.9489	9.1407	6.9105	7.6052	6.7678	5.9303	6.2513	6.9862
U133A__MT1G	9.5396	9.8014	9.5375	9.1879	10.2389	9.5497	10.9803	10.1966	8.9364	10.0569	9.4293	10.1144	9.3626	10.3956	9.6338	8.9171	9.9396	10.5941	10.0105	11.0897	9.5614	9.4205	9.4776	9.8725	9.5197	10.9873	9.9641	11.216	10.8516	9.6989	10.5912	9.9504	10.9458	11.5697	11.2823	9.5986	9.9742	9.6423	8.985	9.3284	10.8216	8.7799
U133A__BIN1	6.4237	8.362	6.4352	6.1854	8.6377	6.2759	7.0051	6.655	6.2781	7.1999	6.9047	7.8473	6.3914	7.5205	6.575	5.867	6.5609	8.452	6.4451	7.2778	6.4746	6.324	5.8916	8.4158	6.2689	6.4772	6.4021	6.3341	9.1825	6.0966	6.3768	7.052	9.2603	7.9808	8.5909	6.3494	6.4031	6.3309	6.8244	6.3347	6.2817	6.2291
U133A__MYH10	7.7391	7.0683	7.7365	8.0332	9.7416	5.8115	8.0637	6.4076	8.7884	6.8916	7.9537	8.356	7.6228	7.1923	6.6651	7.5968	7.6521	8.4861	6.6804	8.1849	7.1557	7.4958	6.7144	8.8112	6.7401	7.0599	7.7911	5.3969	9.3994	6.3497	7.7655	6.0481	7.4316	8.043	6.0291	7.5215	6.4442	7.2604	8.1056	6.0016	6.5593	7.2706
U133A__CLIC3	4.5666	8.3548	6.491	6.4612	3.6425	6.6116	3.7317	6.5625	4.1162	9.4396	3.2494	4.1193	7.3005	3.2852	3.8082	7.8558	3.5136	3.8325	4.8032	3.4001	4.7747	7.6637	4.0788	3.6152	7.5984	3.714	6.3844	4.7366	3.0339	7.8342	4.5989	6.9665	3.6517	3.9377	4.0323	7.4723	4.2879	9.4402	9.412	5.9785	3.5347	6.9891
U133A__LGALS1	9.2382	7.7525	5.8446	8.8126	11.9757	12.336	12.3419	12.1952	11.1399	10.6651	11.5613	8.1987	9.9206	10.3303	10.8452	5.0472	11.7356	11.486	11.2154	12.9455	7.8464	8.893	10.3526	12.5884	11.124	11.6327	5.2613	11.3986	11.7984	10.2053	9.4923	8.8885	12.472	11.6862	11.8188	5.4749	9.5798	11.0411	10.1593	6.0697	9.5206	8.6626
U133A__FNBP1L	5.7282	6.3494	6.3034	7.1137	5.7258	7.0659	3.4285	4.9683	6.9366	5.9928	5.0314	4.7531	5.4856	5.0975	5.066	6.6526	6.1696	6.4593	6.5269	4.7117	4.8914	4.3192	7.5094	4.6485	3.3218	5.9207	6.0796	6.3206	3.9647	7.3428	7.1583	5.9159	4.2674	4.7058	3.693	6.4658	6.033	5.5292	7.0101	5.9501	6.0866	6.1131
U133A__GALNT7	10.2749	7.7966	7.8677	6.8942	5.9383	6.9964	6.9831	6.6851	5.6639	3.9737	5.7113	6.7685	7.3988	7.0344	6.2122	7.7397	4.6655	5.1799	8.3199	6.9868	6.8564	5.8593	6.8119	5.811	7.398	7.0977	8.8145	8.7549	5.1126	8.0766	7.2616	7.524	6.8101	7.2673	6.1104	10.1522	9.6661	5.5302	7.9458	7.9301	9.1525	7.8191
U133A__CARD10	5.7778	6.6189	6.0074	5.6113	7.1832	6.9806	7.1831	5.8013	5.447	5.0291	6.8955	7.94	6.4404	6.6995	4.8749	5.3041	6.1251	5.6387	6.8007	8.2432	6.0254	5.8035	6.6709	6.9111	6.3909	6.3107	6.2227	6.8504	5.2046	5.0682	7.0436	5.6466	5.2563	6.1299	5.5845	8.1902	5.6863	5.8941	5.8825	5.1234	6.2024	6.1903
U133A__SPDEF	10.4241	9.495	10.1198	9.8359	5.8444	10.4996	6.3272	6.2908	5.8013	9.2013	6.2848	5.3899	6.8656	7.0677	10.3649	9.5734	6.6571	5.9869	5.2999	6.5909	10.0367	8.9085	8.9427	5.5694	9.9494	6.027	10.078	9.6299	6.3312	10.1262	8.3452	9.8712	6.631	6.472	6.5064	10.0966	9.9188	9.3052	9.6714	10.8242	10.4874	10.1563
U133A__IGFBP5	11.2847	8.6852	11.7481	11.5887	6.1922	12.1021	5.0776	6.8264	6.4959	9.6121	5.288	4.8427	9.2046	5.4966	12.4229	11.1816	7.78	9.9612	5.5974	5.609	5.3545	8.3505	5.423	4.852	10.1337	5.0172	10.895	11.2849	5.3314	11.5891	8.2681	8.5214	5.4366	4.9226	4.9351	6.1866	8.988	10.8465	11.82	8.0394	11.4846	6.0761
U133A__TOB1	8.8416	8.1199	9.54	10.0412	5.6991	8.2963	6.2978	8.2331	6.9626	9.9774	7.4185	7.3983	7.7978	6.7211	9.922	8.3342	7.3782	8.2944	7.4541	4.4955	8.4614	8.9689	8.6463	7.562	8.9663	5.935	10.6432	8.5555	5.5873	9.5297	7.5843	8.6703	5.2081	4.7449	5.9356	8.5847	8.8228	9.8445	9.2366	9.6404	9.9614	9.1081
U133A__SUSD4	6.6086	6.9508	6.7363	7.677	6.2558	6.0884	5.9114	8.035	9.813	6.3402	6.2625	6.3492	7.6664	6.2718	6.2591	6.1387	6.5387	6.4985	8.0919	6.1728	6.4318	7.0102	8.3366	6.7017	6.6934	6.3552	6.9363	6.3086	6.1736	7.1127	6.8838	6.7029	7.0237	6.5651	6.4004	6.1749	6.7666	6.2368	7.3472	7.9352	7.3727	7.4194
U133A__ACSL1	5.8954	8.2165	8.658	6.2343	5.1716	7.2737	4.6456	7.9344	5.8146	6.185	8.0636	6.2	8.2443	6.2225	6.6356	6.7455	5.5297	7.044	8.7631	4.7826	4.917	6.1018	6.4659	5.6861	7.0502	5.928	7.5073	7.6861	6.6647	8.5253	7.5371	6.84	4.6924	7.4148	6.8998	6.3058	8.5472	6.3515	8.1543	5.7848	9.1911	5.8106
U133A__KRT8	10.7115	11.2525	11.1708	11.8105	4.6994	10.4767	8.954	9.9402	9.7313	11.932	8.4941	8.913	10.6646	11.1743	11.3477	11.4994	9.9269	9.5922	9.5457	5.7145	11.6793	12.1159	10.506	7.5837	11.0665	8.3426	11.2063	10.4653	7.4827	9.1194	10.6725	11.5414	4.6224	9.8963	8.3775	10.5897	9.9593	11.9459	11.5683	9.9995	10.623	11.4816
U133A__NLRP2	6.9582	8.4793	7.6657	7.8933	4.764	5.0248	4.7665	4.8855	6.4806	7.8545	5.032	9.1216	4.6322	6.5268	5.4387	8.656	4.7964	7.7795	7.8198	5.2571	4.9573	5.2798	7.4121	7.515	7.621	4.6412	7.7192	4.8763	4.6838	4.826	8.1008	6.0291	4.8136	6.4483	4.9886	5.2006	6.8504	7.7586	8.0687	4.9008	6.8533	4.7108
U133A__AHNAK2	4.3732	3.6455	3.7668	4.2833	7.8526	4.6283	6.6866	9.299	3.5509	4.9391	3.8991	6.3896	4.45	6.0159	3.693	4.1841	7.2624	6.7199	6.3673	5.4933	3.9157	4.2351	4.6591	8.267	4.9602	5.1847	4.0095	4.1542	8.1732	3.6524	5.7244	3.8567	9.5019	5.603	7.6929	8.3787	4.0909	4.2427	4.4986	3.8844	4.0133	4.6233
U133A__TESK1	6.1277	6.4533	6.2831	7.0087	6.1632	6.7421	6.238	6.6612	6.773	6.5293	6.5209	6.533	5.8371	6.3716	7.4384	10.6915	6.4996	6.3326	7.0714	6.205	6.4097	6.3519	6.8934	6.7607	6.6341	5.7422	7.5346	6.8662	6.654	7.7649	7.5919	6.2511	6.2481	5.9159	6.4373	7.9816	6.8686	6.5403	6.1772	7.1722	7.1283	6.9118
U133A__DCTD	6.7368	5.2551	5.1467	5.2233	6.3193	7.0626	6.6695	6.191	5.2222	5.2165	8.2899	7.0776	7.2563	7.3378	4.372	5.1893	5.3932	7.6038	6.9105	6.8982	5.9638	6.1875	3.9253	7.3325	7.087	8.1583	6.0793	6.8102	7.0588	6.0422	5.5091	5.4363	7.4175	8.6957	7.8895	6.5288	7.7797	6.4909	6.1735	6.6284	5.2744	7.042
U133A__RARRES3	6.2411	9.4968	5.5572	6.055	5.0381	5.4944	6.3901	5.277	9.0935	6.0281	5.4879	6.1373	9.54	7.6356	9.1496	7.8721	5.3288	7.4354	9.2101	6.0114	5.3198	5.0877	8.4487	8.6168	6.2465	5.42	5.3185	8.767	5.0975	4.7062	10.6594	6.5872	5.4085	5.0522	5.5527	5.5433	7.481	6.2309	9.4509	5.626	6.9221	4.9116
U133A__CASC3	8.0662	9.5254	7.896	7.8331	7.3214	7.8822	7.6086	7.4055	8.0717	6.9048	7.4362	7.247	7.6934	7.357	6.7513	7.24	7.5153	7.5471	7.7717	7.1902	7.2305	7.0158	7.7874	6.8132	7.0879	7.6189	6.8153	7.1054	6.7842	6.3196	7.4004	9.5638	7.2235	6.6186	7.6981	6.8808	7.7518	8.0652	10.4373	7.5613	6.8273	7.8892
U133A__CDC42EP3	6.5387	5.3841	4.6925	3.6723	4.5565	3.1213	5.8254	6.9265	4.1005	3.5236	5.3886	7.7389	6.2455	6.0531	4.3747	5.6163	6.6861	4.9871	4.6904	8.1804	3.4122	3.5095	4.5022	5.9676	4.1611	8.5465	4.5654	4.5823	5.1224	3.2159	6.6844	3.9786	4.1004	5.9385	6.0244	3.4122	9.3553	4.4616	4.6908	3.2918	4.4069	3.4654
U133A__LMCD1	6.5609	6.4091	6.1756	7.4953	5.3439	6.2751	5.829	7.8319	5.3364	7.8935	7.3762	5.3461	5.7221	5.6691	5.9457	7.0603	5.1047	6.4592	6.3042	5.9992	6.2394	5.9717	8.0941	5.9372	7.2973	5.7364	6.2042	7.0151	5.3802	6.8584	5.0196	6.1463	5.4766	5.0203	5.7004	7.9499	7.4884	7.5056	8.1009	6.6191	8.1152	5.7219
U133A__CRIP1	8.4245	4.9101	9.7016	12.0514	5.0897	4.9873	4.8363	5.2707	8.3369	5.2036	8.8011	6.9537	4.8419	4.9281	6.1535	4.8404	5.1706	5.7282	7.8829	4.6486	5.4919	5.8025	10.1788	4.3166	9.4513	4.6497	9.8876	9.8166	4.7566	8.6704	4.5905	5.2638	5.2501	8.6033	4.6048	5.5028	5.1629	10.2423	9.5778	10.2373	6.3351	11.2244
U133A__MB	7.4236	8.8244	8.3925	7.7501	6.4009	7.7355	6.2279	8.32	6.2043	7.2	6.8466	6.6614	7.0329	7.5746	8.7101	9.3254	8.8972	6.5353	7.1009	6.1489	7.3687	7.2662	6.8012	5.9791	8.9188	5.6782	8.6018	8.4996	6.0373	7.5244	8.5503	9.1745	6.167	6.6543	6.5481	7.8482	7.9644	7.1885	8.5176	9.4389	8.3061	8.2806
U133A__UQCRFS1	10.0269	10.6652	9.9943	10.0223	10.9053	10.2782	10.0072	10.0791	10.9378	10.9334	13.007	10.5304	10.5051	10.2465	9.4942	10.8613	10.4987	10.4377	10.6239	10.3676	10.6056	10.4159	10.2653	11.9652	10.0527	10.5271	10.1782	10.8522	9.9328	10.6767	11.0577	10.6897	10.4716	10.5062	10.0575	9.6761	9.5102	10.0002	10.14	10.4875	8.9402	10.7572
U133A__PLBD1	5.7748	5.8209	6.4016	5.8179	9.6028	6.1258	5.6676	6.4536	6.2081	8.458	6.9179	9.3657	9.8827	5.8011	7.172	7.8974	8.9343	7.8913	8.582	5.7965	6.4143	6.7902	5.583	7.3745	6.331	6.3713	6.3844	10.2417	9.0573	5.9946	6.1715	6.8279	6.8435	6.2724	5.4299	5.8549	7.0457	6.3584	8.2876	6.5022	5.8588	5.8222
U133A__POP4	6.8419	7.4049	7.1197	7.7849	8.0832	7.9172	7.6761	7.8361	7.7486	8.4515	11.1108	10.0044	7.8973	8.0752	6.8166	7.8422	7.7811	7.7881	8.3413	8.1448	8.035	7.5683	7.4469	10.0874	7.6411	8.3447	7.1572	8.2194	6.987	7.8404	8.4244	7.6935	7.7345	7.8677	8.0336	6.7014	6.8998	7.8231	8.2127	7.5607	7.9835	8.1788
U133A__CD164	8.8299	7.4328	9.2592	7.0173	6.725	7.417	6.8778	6.2788	6.6028	7.1499	7.0635	7.0555	8.4732	7.2985	6.4019	8.7913	7.3645	5.813	8.0951	6.2029	6.6221	7.6965	7.5817	6.8808	8.2318	6.227	8.7748	8.5415	7.5302	7.5779	7.7342	7.1225	6.9702	6.1841	7.3245	9.5526	9.2897	7.6503	8.2668	9.5015	9.3	7.5031
U133A__KDM4B	7.0519	7.1044	7.4491	8.6966	7.1928	8.1492	5.8728	6.1444	7.9974	8.6306	5.6694	6.594	6.2074	5.1967	7.3001	6.7817	6.8032	6.8838	6.5409	5.945	6.1848	6.9393	9.4039	7.2455	6.7971	6.6163	7.5952	6.4755	6.3841	8.2976	6.357	6.1498	6.6724	6.5498	6.4961	7.8561	6.5551	8.9722	7.696	8.1269	6.7305	7.1149
U133A__PFDN4	6.2736	8.0407	9.9712	7.5744	7.8459	6.6001	7.1942	7.3549	5.76	8.5312	7.8556	8.1576	7.8759	7.2268	4.7922	6.9091	7.9864	8.1208	7.2717	7.9155	10.2674	10.3283	7.1502	8.4414	7.3345	8.3553	7.0275	6.9578	7.7535	6.7379	7.1611	8.3906	6.4956	8.1635	7.6051	6.7373	6.3582	7.2095	8.4608	6.8423	7.2809	7.7724
U133A__OPTN	6.6894	6.7093	5.5393	6.345	8.1659	6.364	7.1064	7.7235	9.3179	7.3846	7.9131	7.5348	7.1387	6.3321	6.0953	6.655	7.9647	8.647	8.9296	7.0793	4.8093	6.1075	7.0115	8.782	5.5732	6.5546	5.5827	6.3509	7.7492	5.1888	7.6344	6.4005	8.6671	7.8784	6.3001	6.4963	5.9897	6.853	7.3481	5.5903	4.9479	6.235
U133A__IFI35	5.4977	6.6211	5.9007	8.0682	6.7676	7.0366	7.7739	6.3878	6.7278	6.8486	7.4278	6.9672	8.0101	6.8443	7.6942	5.418	6.0747	7.3015	7.4774	7.0745	5.9294	6.2196	6.5578	8.5606	5.4165	7.0996	6.7662	6.195	7.0669	5.2079	8.0044	5.7756	8.126	6.2137	6.6562	5.3685	5.7674	7.0133	6.0084	5.5399	5.9985	5.1334
U133A__PYGL	6.1764	6.1307	4.9125	8.0597	7.5817	4.3046	7.4555	7.4084	4.163	8.6838	7.7568	7.3237	4.9142	7.3781	4.8608	4.8757	7.8709	7.0616	6.0458	5.7669	6.1285	5.7923	5.2368	6.3293	4.9706	7.8474	4.3501	4.681	6.8424	4.8473	4.9647	5.8791	7.3971	8.3703	4.7817	4.7269	4.499	5.5812	7.9852	4.661	4.7526	4.5797
U133A__PLAUR	7.2636	7.0817	6.3774	6.0661	7.9196	6.3478	7.0145	8.6018	7.3217	6.6571	6.7499	6.7768	7.13	8.4113	6.868	6.8516	8.1211	7.2534	7.3607	8.1234	6.4877	6.4579	6.6082	6.9693	6.7436	8.9904	6.1449	6.6998	7.9687	6.2084	8.0323	6.715	7.4222	9.277	7.1697	6.0395	6.7814	6.3108	6.3435	6.3425	6.1753	6.7746
U133A__PLSCR1	5.7683	6.133	5.6899	7.381	7.0623	5.5627	7.7485	9.5252	8.7953	6.0307	7.8496	7.6944	10.6908	8.7217	7.12	6.6667	8.7989	7.5371	10.1561	6.8395	6.7902	6.9671	6.7378	7.3472	6.7924	7.2952	6.6431	6.6225	6.6973	5.9994	10.0131	5.5298	6.3075	8.9766	8.1261	4.5375	6.4163	6.1377	6.1938	4.9059	4.7673	6.114
U133A__C2orf54	7.7605	8.4685	6.8355	6.3039	5.7915	6.2505	5.9893	6.405	6.0855	6.3454	6.0255	5.9557	6.8201	6.0669	7.3183	7.6327	6.4253	6.0383	5.8493	5.9139	6.2292	6.1448	6.1992	5.841	7.4306	6.0411	7.0844	6.0172	6.344	7.549	7.2735	8.1948	6.0615	6.1171	6.017	6.361	7.5534	5.9837	8.6595	8.4196	9.2578	6.0049
U133A__HERPUD1	7.8504	9.9706	10.0646	9.0896	8.6585	9.142	7.5796	7.0075	7.9117	8.656	7.5817	9.2323	9.0643	6.9124	9.0105	8.1682	8.0528	9.5369	8.9705	7.9078	6.5098	7.4347	8.0214	8.0284	8.3141	8.3246	9.9331	9.6455	7.1893	8.3991	9.0018	10.3633	9.0879	7.3524	8.4577	10.0106	10.7658	8.1685	9.0364	10.0959	9.6204	7.8382
U133A__ST6GALNAC2	9.2262	6.011	8.851	7.7077	6.409	8.5175	6.781	7.0245	7.166	6.5847	6.2859	6.3744	6.8142	6.3756	8.0541	7.364	6.3358	7.542	7.0362	6.505	6.3558	7.1622	9.1084	6.5767	9.2193	6.2919	10.5822	8.0335	5.7951	8.8748	6.6746	5.9877	6.0963	6.6151	6.6624	9.496	9.0304	7.8321	8.3814	8.9466	8.5084	9.3208
U133A__GAL	5.5668	5.0145	5.1247	5.5186	4.3321	5.1451	4.8246	5.9986	7.9881	4.8284	8.7914	9.0261	6.4929	5.9047	4.7434	5.3813	8.2046	6.7009	4.1139	4.7831	6.4596	6.1713	4.3119	4.8966	4.9348	4.4756	5.308	4.7313	7.4091	4.5764	4.981	4.8875	4.9972	7.4613	5.5538	4.7111	4.6807	4.7853	4.9327	4.9922	4.7946	8.7476
U133A__FAM13A	5.5919	6.9892	7.6893	5.5958	5.3985	4.5903	5.1953	6.2788	5.246	5.0623	6.1014	6.399	6.8109	5.5296	5.684	8.0058	6.729	6.7055	7.4699	5.3064	4.8071	5.3929	5.6785	6.456	7.1306	6.1506	6.2633	6.3947	5.5903	5.3087	6.1806	6.3985	6.1293	5.6016	6.5196	8.7635	6.7885	4.9463	6.9207	7.1884	6.8083	4.9342
U133A__AKR1C3	4.5755	3.9471	3.4576	3.4923	3.5327	3.5596	4.8023	5.9661	4.4479	3.8913	4.2299	11.0316	6.9613	6.4956	4.1821	3.6174	8.1922	8.1221	9.9288	7.8707	3.9479	4.7752	5.2109	8.5158	5.1772	4.3366	5.6304	9.5174	4.2349	3.4918	3.5481	3.5267	3.8637	5.972	7.2755	9.2411	4.8461	3.8538	3.7663	3.6274	4.2163	3.8302
U133A__WSB1	6.239	8.2551	7.3675	7.0195	6.8786	5.492	6.2728	5.8212	7.4104	5.3262	5.914	6.7034	5.8728	6.6474	6.7776	6.0542	6.0579	7.2149	6.6716	5.7828	5.4442	7.4005	6.4023	7.1279	6.0259	6.9566	6.9722	6.3978	7.1028	6.2506	5.5424	6.6178	5.9927	5.4897	5.5857	7.1261	5.8337	6.0556	8.813	6.2851	8.3075	6.3934
U133A__PIP4K2B	7.8862	6.6107	9.8599	7.7197	7.1591	7.569	7.0386	7.1207	7.5916	6.9668	7.0594	6.8351	6.7596	6.8871	8.6439	7.1826	7.0901	7.5117	6.7227	6.8105	7.3119	7.0962	7.674	7.3301	7.2063	6.9886	7.9518	7.133	6.9848	7.2262	6.6757	6.8396	7.4959	6.8553	7.2147	6.9198	7.0625	7.5086	10.0377	7.1649	10.0354	7.4004
U133A__ATP2A3	5.5132	9.319	8.7249	7.3499	5.168	6.038	5.663	6.2331	5.3263	5.7661	5.3368	5.4256	5.7565	5.5403	9.0107	7.0559	5.6157	5.4054	5.0194	5.5112	7.0769	8.6257	5.5436	6.0057	8.129	5.3314	8.17	7.0926	5.6345	5.6003	5.2536	7.7102	5.4588	5.5272	5.605	9.8022	5.9734	6.0096	8.4362	6.5268	5.5722	7.4269
U133A__ST14	6.2778	7.5491	6.5451	6.0697	3.9898	6.2206	4.1856	6.3367	7.2561	6.6181	4.9063	6.9803	7.7047	7.101	7.5368	7.1576	7.4406	4.7531	6.3258	3.7092	6.126	6.1322	5.9004	4.5615	6.1623	3.929	6.3002	6.4807	4.2492	6.4503	6.8841	7.2871	4.9825	6.7263	4.1953	5.3351	5.1746	8.3697	7.4472	5.7941	5.6254	6.2579
U133A__CSRP2	4.6788	4.979	5.0201	4.0119	7.7089	4.3732	7.2517	5.1256	8.5335	4.1902	5.8713	8.9537	4.8602	4.5477	7.3587	5.8602	6.7445	6.1986	3.8214	6.0008	4.9673	4.4735	5.2102	6.9489	4.3389	7.2707	5.5783	4.5925	8.3245	4.4372	4.0297	4.4089	6.4662	6.4077	5.9498	4.0688	4.6758	4.0357	4.863	4.0661	4.3677	5.474
U133A__FAM129A	5.0158	3.7621	4.3398	5.5046	7.9531	3.6722	7.9585	4.8097	5.2083	5.9292	4.647	8.5176	6.8051	3.6708	5.0975	5.0773	6.7572	5.0536	8.9458	4.8652	3.935	3.6517	4.1287	6.924	6.5025	6.8604	6.0223	3.8873	5.4843	3.8552	7.359	3.8009	6.1988	6.8953	4.1109	7.0005	4.7178	5.0793	3.9912	6.4028	4.852	4.0884
U133A__CTSB	8.9033	8.3507	7.895	9.4448	10.3253	7.3919	8.9813	9.8386	7.1998	8.7026	8.7987	10.4713	8.9155	8.2071	7.5955	8.7264	9.6347	10.3193	8.6727	10.1243	7.6852	8.2081	8.7671	9.7003	8.8804	7.8934	8.1404	8.1867	11.1434	7.8041	9.4426	7.0968	12.1734	8.6588	8.6083	10.4251	7.1327	8.8929	9.6935	8.6247	8.1411	8.6464
U133A__IRX5	7.7399	6.5809	7.7145	8.7913	6.7582	9.7052	5.397	6.7088	8.4982	9.2355	7.8438	5.0398	8.2703	6.928	8.3002	6.9459	7.2265	6.0328	7.8287	5.68	6.4979	7.5153	9.0702	5.4402	8.0494	5.6562	8.26	7.8134	5.4866	9.0329	8.114	6.3151	7.6172	6.2181	4.7753	8.3988	7.2192	7.8621	7.0565	8.7904	8.207	8.8174
U133A__MBP	5.1637	4.6214	4.9599	4.6325	4.7642	4.382	4.4656	8.2963	4.0408	5.2755	5.3637	5.5559	5.0395	7.3797	4.2052	7.7157	6.2399	6.1055	8.4056	4.443	5.7006	5.2573	4.7936	4.2088	4.3579	7.526	6.2173	5.1686	6.9766	5.3124	7.7513	4.4824	5.3162	7.4457	4.8437	4.3446	6.1251	4.5642	4.795	5.4945	4.8257	6.3904
U133A__MEGF9	6.1887	5.2454	7.1921	7.8359	5.352	6.5592	4.9552	5.4416	7.4246	8.1128	5.4149	5.8697	5.8965	5.6407	5.6619	5.7681	5.6285	6.0475	6.4887	5.5942	7.7911	6.5321	7.1962	5.0869	7.0854	5.5495	9.258	7.1866	5.7579	6.6597	5.1058	5.7238	5.1876	5.0277	5.331	6.8868	6.8659	6.6887	6.5666	6.1345	6.8859	6.9286
U133A__MYST4	7.0787	6.8894	6.0654	8.0895	5.6758	5.793	5.2378	5.4408	7.1973	6.6176	5.3211	6.4505	5.2011	5.0087	5.4608	5.5126	5.0508	5.4213	5.8407	5.1085	4.9302	6.0605	6.3682	5.4057	5.8903	6.1108	6.9664	7.4141	5.7057	6.5656	5.521	5.5771	5.5914	4.719	5.0868	7.9743	5.7341	5.835	6.4515	7.4708	6.5154	8.7538
U133A__FXYD5	9.4366	8.8706	6.3544	6.9093	10.5229	6.5905	8.4872	9.7949	7.3967	6.6968	9.5407	10.4388	9.0421	11.5641	7.4501	7.8566	10.3211	8.4657	10.2902	9.5227	6.2427	6.8433	6.25	10.5826	6.4736	9.5884	6.6844	7.9084	8.5436	8.14	10.4145	8.7157	7.1906	10.2745	9.6556	8.4212	6.5669	8.3634	9.4597	6.2665	7.3764	6.3151
