Cell lines	600MPE	AU565	BT474	BT483	BT549	CAMA1	HCC1143	HCC1395	HCC1419	HCC1428	HCC1569	HCC1806	HCC1937	HCC1954	HCC202	HCC3153	HCC38	HCC70	HS578T	LY2	MCF7	MDAMB231	MDAMB361	MDAMB453	SKBR3	SUM1315MO2	SUM149PT	SUM225CWN	SUM229PE	SUM52PE	T47D	UACC812	ZR751	ZR75B
Response	1	1	-1	-1	1	1	-1	-1	-1	1	-1	-1	-1	-1	1	-1	1	-1	-1	-1	1	1	1	1	1	-1	1	-1	-1	1	1	-1	-1	1
RS_G13225__KRT75__KRT75	0.1001	0.48837	0.13704	2.6322	0	0.24517	5.1256	5.5198	0	0	2.0876	2.7652	3.4922	6.9589	0.61436	8.326	0	2.9312	1.6538	1.0494	0	0	0	0	1.8503	2.1211	0.93863	2.1169	3.1433	0.25517	0.87163	3.2242	0	0
RS_G3853__C11orf41__C11orf41	0.10845	0.061167	0.16984	0.13559	1.3798	0	4.781	3.4279	0.097979	0.21235	5.1998	6.1774	4.1824	1.2452	0.089237	1.3581	2.648	2.5653	6.7553	0.80288	0.11354	0.14799	0	0	0.11867	2.9811	0.64591	0.3339	1.7011	0.51858	0	0.7605	0.27734	0.58324
RS_G6274__KLK10__KLK10	0.71878	0.20625	1.3396	1.2238	0	0.62219	9.15	0.25601	0.39295	2.0282	2.7793	6.3945	10.9516	1.8961	0.1524	6.979	0.22273	3.3567	0.33246	2.017	0.95155	0.22033	1.1275	0.28013	0	0.27978	1.6485	7.2578	10.3954	0	4.1029	4.0939	1.8135	0.42331
RS_G11215__EN1__EN1	0	1.6203	1.7416	2.0997	3.3363	0	6.9753	4.5556	2.3857	0	6.6847	4.0274	2.9926	1.3909	0.92511	6.7749	1.863	2.198	4.1982	0	0	0	0.12776	0.30582	0	5.4291	7.244	3.8745	1.2845	0	0	0.33268	0	0
RS_G6413__KLHDC7B__KLHDC7B	0.44351	1.5307	0.26069	3.0774	0	0.36018	2.9582	0	0.57664	0.17453	6.5033	2.0385	8.7777	1.2454	1.3979	3.2379	0.23533	9.8389	0.27498	1.5856	0.44704	0.51994	0.11993	0.41783	0	3.5951	9.2685	6.0434	4.1718	0.85166	0.80079	1.2281	2.9772	0
RS_G3267__ITGB8__ITGB8	5.1564	0.27889	2.0303	3.4893	0.14738	0.36513	4.6975	2.6815	3.0352	2.3442	8.4305	4.611	4.1636	5.4276	2.5057	5.2617	1.3995	6.1267	1.6822	0.35153	0.93842	0.53386	0.59803	0.30829	0.15176	0.8868	5.8392	3.6533	5.3211	1.0727	1.298	2.2218	0.45843	0.59579
RS_G13984__TNFRSF10D__TNFRSF10D	0.47373	0	0	0	0.27889	0	7.3456	0.24361	0.43255	0.61535	3.624	5.9027	4.4719	4.3597	0	7.4006	7.5913	1.9892	8.1692	0.93493	0.14914	7.4603	0	0.13627	0	6.4505	0	5.4051	5.1856	0.30762	0	0.68226	4.0385	0.11014
RS_G28377__AL450306.14__AL450306.14	3.5215	4.8024	0.74196	2.0401	1.496	2.6412	2.3114	1.9374	1.9689	3.5546	1.9543	3.28	2.8507	2.0548	3.1078	2.2624	1.7205	2.1189	1.5042	3.1047	3.2992	2.1669	2.5187	2.2729	3.5767	2.7609	5.8757	2.1186	2.6059	4.5232	2.9519	1.7691	2.4941	7.538
RS_G748__FOXC1__FOXC1	1.3467	0	0.44926	2.662	6.5029	0	5.6404	4.9248	2.525	1.692	6.4469	6.2567	3.7813	5.4285	0.63345	5.0029	5.1006	7.1906	5.3363	5.2142	3.7327	4.0817	1.8569	0.68469	0	5.4878	4.8565	4.7414	6.0806	4.0297	4.116	3.9332	2.8678	2.8369
RS_G7480__IL1RN__IL1RN	2.0463	0.66889	2.8104	4.7974	0	2.1334	3.2427	0.13026	1.045	3.8693	1.7232	3.4976	6.3153	4.7985	0.57981	4.6906	0.21629	4.1087	2.7149	3.2843	1.6923	0	1.396	1.4041	1.7651	0	4.5067	4.2315	3.3613	0.2421	0.64061	4.6217	1.8077	1.5411
RS_G17307__KRT14__KRT14	0.24717	1.1678	1.781	1.2666	2.595	1.5424	12.9384	11.6802	1.0895	3.3626	2.6226	13.5674	10.8786	2.5079	0.55228	9.1398	0	7.7913	12.0549	2.3875	0.29759	0.91201	0.29051	5.7017	0.54968	0	7.0103	6.5301	4.5846	0.71452	0.85755	1.1256	0.41714	0.5899
RS_G11693__AC010990.3__AC010990.3	1.7961	0.68784	0	0	0	0	1.0911	1.222	2.59	0	2.9069	1.745	3.1818	6.7489	0	0.13845	2.4197	7.4569	3.2872	2.5149	0.36743	0.63123	0	0	0	2.4176	2.4682	1.5552	3.7252	0.27953	0	0	0	0
RS_G7892__FGF2__FGF2	0.3704	0	0	0.15516	7.5818	0	5.2899	3.8378	0.38255	0.26018	7.8975	2.3116	5.2507	0.14505	0	6.8459	6.6202	2.6134	4.9625	0.11633	0.15511	0	0.019091	0.20773	0	4.444	2.0561	0.77491	2.5446	0	0	0.053869	0.72312	0.11461
RS_G8446__RCN3__RCN3	2.5656	5.646	0.1561	1.0231	6.0513	0.50087	6.6643	7.1184	4.6093	1.7805	6.5676	7.7882	4.1885	2.6545	3.7535	3.5399	4.4844	5.4142	8.2599	4.8105	2.497	0.46976	1.1202	1.2148	4.6915	9.0074	0	5.2147	5.4759	0.54176	3.3249	2.4497	3.0716	0
RS_G2763__MSLN__MSLN	1.9172	1.1072	0.26865	1.2587	0	0.65029	3.3609	0.69047	0.922	0.46614	3.6581	8.9361	4.948	1.1454	0	3.8141	0	4.6543	1.4248	1.3942	0.55045	1.9546	0.64745	0.59172	1.0695	1.0139	12.2802	3.7565	2.7117	1.1483	1.5429	1.1955	1.4456	0.34563
RS_G463__VIM__VIM	2.9652	2.2052	5.3309	4.7875	13.722	3.764	13.663	13.843	4.156	0	10.3261	6.4127	8.4787	10.5793	0.47968	11.7234	13.9024	10.1043	15.089	6.8882	3.1521	13.7198	1.8929	3.5908	2.3972	16.3769	9.8039	3.625	11.237	3.9594	5.7587	8.8159	3.9298	0.37376
RS_G1779__PTHLH__PTHLH	0	0	2.2732	1.8152	2.1658	0	7.2097	4.2484	0	0	0.32391	9.1068	2.3649	2.1959	0	2.287	1.3148	1.5258	4.0306	0	0.76599	0.83936	2.8815	1.3368	0	1.8976	0.5104	2.0936	3.4073	2.0487	0	0	0.48471	0
RS_G6275__KLK8__KLK8	0.33827	2.1437	0	4.4067	0	0	6.9642	0	0	0	0	6.7567	8.6102	9.0065	0	4.5337	0	2.8049	0.24842	1.3141	0	0	0.38986	0	0	0.69648	0.74274	7.5473	9.9341	7.1862	4.1111	7.1867	5.4714	0.31492
RS_G10060__WNT7A__WNT7A	0	0.25843	0	0.29061	0	0	5.6309	0.17319	0	0	0.78406	7.7833	5.9134	0.27412	0.28646	3.6197	0	0	1.9243	0	0	0	0	0.86159	0	1.2965	0	1.2984	4.7626	0.79903	0	0.80956	0	1.6436
RS_G12538__KLK5__KLK5	6.1288	4.2346	0	4.9387	0.87783	0.32442	9.7741	0.50368	0	0	1.7287	9.0743	12.8418	11.5097	0.31511	10.0348	1.7585	4.9998	0.87841	1.9651	0	0	1.6783	2.1958	0	0.54237	1.3136	14.2018	7.7474	10.6798	0	5.3638	4.337	0
RS_G6987__IRAK2__IRAK2	3.1643	1.4718	0.5092	1.1488	4.7227	3.1634	5.6254	5.2952	2.5617	0.94193	6.0897	3.9784	5.1855	5.6527	1.2703	4.5118	4.398	2.653	4.8247	2.0925	1.0345	5.3682	0.65158	0.48601	0.99949	7.2984	3.1827	3.3124	3.6375	0.5055	2.5127	2.9404	1.6147	0.48699
RS_G13648__CALB2__CALB2	7.6915	2.1737	1.662	6.2908	0	0	5.2036	3.9799	1.7043	5.3998	10.1444	5.0336	6.1106	8.6075	1.028	8.2301	3.0522	9.9809	0.80746	0.82851	2.3077	2.8203	1.4489	0.55944	0	0.79094	2.0732	8.9452	4.5404	7.127	0.38243	3.7476	2.8904	0.46928
RS_G16526__ALDH1A3__ALDH1A3	6.9869	6.6244	3.4412	2.4634	1.2073	2.8938	11.2405	5.3582	10.9346	1.4376	5.1885	8.2874	10.8421	12.6084	5.5356	10.846	3.2546	8.3779	5.4292	5.6338	1.6124	4.3207	2.1737	1.7792	7.9504	1.5677	6.6021	7.6667	9.1305	3.6909	6.7618	5.3565	5.1568	3.5552
RS_G17022__IFITM1__IFITM1	4.1688	6.5642	0	9.3264	6.1064	4.4432	9.9995	9.2552	2.5984	3.4169	14.0221	6.7156	9.6267	10.438	3.9334	7.6444	4.3719	13.821	7.8255	8.2274	7.9265	5.5216	1.1189	0	6.0727	7.1558	11.4136	10.9242	7.8003	0.67796	8.022	3.0564	5.2924	0
RS_G14674__FOXC2__FOXC2	0	0	0	0	0	0	5.0339	5.3056	0.44201	0.21381	3.25	5.8163	4.8008	0	0	2.4171	1.153	0	8.6324	0.64546	0	0	0	0	0	5.6112	3.0385	0	3.8454	0.5871	0	0	0	0
RS_G17301__KRT17__KRT17	5.3276	2.3353	2.1138	5.2677	2.8894	1.9821	13.2654	2.0369	0.62214	1.7849	4.7247	11.1935	13.0163	9.171	5.215	13.8349	0	9.2183	4.3464	7.482	1.5306	1.9	4.2829	5.4408	0.99742	3.7136	13.3069	9.6792	13.2998	0.35345	3.8105	3.5577	2.8037	1.9077
RS_G16393__AC011443.6__AC011443.6	0.78149	0	0	2.0242	0.98271	0	2.6501	0.13026	0.43563	0.15815	5.8548	2.0264	5.1701	0.82457	0	0	0	0	1.7873	3.5388	0.57774	0	0.39217	0	0	0.38765	4.7857	2.489	5.3562	0	1.979	6.2604	2.0745	0.97076
RS_G11400__ADAMTS9__ADAMTS9	0.2465	0	1.37	0.39237	0	0	4.9386	0.89744	0.15387	0.10069	4.6682	0.17282	4.183	1.6897	0	2.1726	0.46728	0.55645	0.5346	2.1523	3.539	0.57193	0.16876	0	0	1.1799	3.8561	0	2.6306	0.299	0	0.098299	0	0
RS_G3762__SLC2A9__SLC2A9	1.4954	0.57568	0.93317	0	0	0.89166	2.8768	0.14422	0.84178	0	2.7674	2.9945	4.708	2.8274	0	3.9188	0.23875	4.7518	0	0	0	0	2.0806	2.3324	0.56566	0	0.79858	5.2984	5.7181	2.0498	0	3.8285	2.6854	0.18248
RS_G16902__KRT6B__KRT6B	1.2631	0.29312	0.45573	1.0087	0	0	12.8673	8.4677	0	0.30435	3.7711	4.255	6.035	7.1664	0	6.3173	0.86115	9.8119	0.25307	0.93721	0.22481	0	0.78126	1.425	0	0.95256	9.1282	6.9081	6.0318	5.5408	0	0.1545	0	0.31691
RS_G7114__DSC3__DSC3	0.49573	0.39677	0.62504	0.63213	0.2795	0.3894	7.5985	4.3602	0.60605	0.84273	0.60086	5.608	7.081	1.5077	0.72148	0.39204	7.2272	8.0574	1.0849	0.31427	0.28104	0.35268	0.20643	0.58525	0.098493	0.32785	5.5162	1.6246	4.2751	0.20067	0.45929	0.40609	0.80168	0.44014
RS_G7939__LL22NC03-75B3.6__LL22NC03-75B3.6	2.4782	0.1394	0.49211	1.2766	4.5176	0.15466	4.1286	7.2692	0.15764	0.053937	1.2511	3.8732	4.4105	0.61415	0	3.9325	6.1773	0.071757	8.1771	0.83738	0	2.2202	0.76908	0.13865	0.10411	3.9719	0	4.6122	1.4349	0.63433	0.25885	0.50332	0.21832	0.31876
RS_G5593__PTGIS__PTGIS	3.0378	0.50905	0.24849	0.58746	0.70782	0.66543	0.79291	5.3109	1.0653	0.87824	6.5345	0.52663	5.969	0.73956	0.48911	0.88407	2.4779	3.1099	3.4734	0.78877	0.5584	0.36191	0.50222	0.45283	0	0.52522	1.4475	2.7148	0.93871	1.9172	0.38671	4.2777	1.414	0.47916
RS_G11943__C10orf10__C10orf10	6.4294	2.4145	3.8936	2.0915	3.4013	0.56101	6.3853	5.9015	2.378	1.5633	7.4403	1.1295	5.9323	4.8405	1.5111	5.9809	4.172	7.2064	3.6636	0.63589	2.0915	2.4972	2.1318	2.6079	0	6.2562	1.5369	5.9749	4.0583	1.1558	2.2516	3.1047	1.3846	2.7746
RS_G7338__SERPINE2__SERPINE2	2.3994	0.79327	3.83	2.2086	10.1196	0.18958	7.4411	11.5894	0.28363	0.46684	9.8235	6.7055	2.8475	7.0236	0	8.1647	6.4473	2.5456	9.5902	2.7962	1.3238	6.5495	4.3532	2.126	0	6.0111	6.9672	2.2537	5.6749	0	0.83906	1.3572	3.4753	1.5784
RS_G12875__MFSD7__MFSD7	5.9134	5.9466	0	5.134	0.87243	1.5542	0.39831	0.27981	2.9756	3.974	0.50965	1.6432	2.5464	0.69369	0.24852	0	1.8338	0.32742	1.3851	1.148	1.087	3.1895	1.7338	2.1995	5.7598	1.462	3.5056	0	0.37387	4.665	7.7798	7.0837	5.0269	3.5491
RS_G16371__NOG__NOG	1.0519	0	2.2697	0	2.4767	0.38977	5.9809	0.41694	0	0	5.9691	2.4824	4.4078	2.8449	0	1.7954	0.37246	0	1.2498	2.0981	0.67981	4.0505	0.28562	0	0	4.5948	2.2238	1.4442	5.7748	2.1665	0	0.68639	1.1986	0
RS_G16041__SATB1__SATB1	6.0421	2.9048	4.5156	1.7351	4.6044	4.9151	0.62464	0.44662	0	6.1525	3.5614	2.9978	1.8601	2.3152	5.7141	0	0.54059	0.17482	3.9261	0.19144	0	4.2964	2.5852	1.3192	2.5172	0	4.0193	4.1944	0.4817	3.277	8.8591	0.067936	1.4858	0.14377
SNP__TRBV6-2	0.0098	0.453	0.355	0.322	-0.135	-0.257	0.042	-0.706	-1.599	0.29	-2.535	-0.782	-0.251	-0.206	0.557	-0.3346	0.434	-2.904	-0.1446	-2.003	-0.2195	-0.0176	0.343	-0.0298	0.459	0.526	-0.864	-0.273	-0.282	0.0294	-0.2956	-0.317	-0.042	0.028
RS_G1585__FYB__FYB	0.2113	0.19141	0.061937	0	0.20909	0	0.34147	1.9912	1.9119	1.2528	0.39857	6.1426	3.5975	2.5922	0	3.3846	0.15854	9.0496	0.12508	0.10911	0	0	0	0	0	0	0.11113	0	4.1615	5.2149	0	0	0.42518	0
SNP__IGL@	-1.694	-1.159	0.248	-2.86	-0.961	-3.126	0.818	1.28	-0.012	-0.384	0.122	-0.092	-2.723	0.714	-3.047	0.611	0.439	0.55	0.535	-0.404	-0.171	-0.122	0.659	0.716	-1.059	0.226	-0.148	0.383	-0.163	-3.338	-3.43	0.69	0.757	0.514
RS_G9764__SPOCK1__SPOCK1	0.73188	1.8385	1.5447	1.885	8.7612	0.26671	2.8401	8.7292	0.11606	1.9726	0.51264	3.357	5.8754	3.6344	0.39341	2.2589	3.2299	1.9918	9.0647	2.0412	0.30801	1.0533	0.76718	0	1.6003	3.5414	1.622	0.23799	3.8591	0.52115	0	4.5238	0.29584	0
RS_G17229__CYP4F3__CYP4F3	2.8276	0.42396	0.82997	2.1145	0	0	1.9205	3.0475	0.096044	0.23782	0.76	3.2897	5.8049	5.0833	0.17316	0.17701	0	3.2122	0	0.58609	0.71066	0	0.99839	0	0	0	3.0069	2.4756	1.7387	4.6287	0	2.4083	3.1686	0.3519
RS_G1762__MMP2__MMP2	0.4728	0.51784	0.16333	0.14627	1.1858	0.21659	6.7222	10.4729	0.2313	0.53378	1.1497	4.3334	3.1849	4.7367	0.71871	0.74091	5.5154	4.458	10.0294	0.50701	0	0	0.47804	0.67254	0.71178	8.0913	6.8538	1.7789	5.4073	1.6774	0	3.3427	0.5521	0
RS_G13459__KRT9__KRT9	0.41554	1.4828	0.54886	0.32451	0	0.1191	4.4878	3.1374	4.9813	0.76367	0	3.221	6.3236	1.2658	0	4.1905	0	2.8564	3.3175	0.58252	0.58379	0	0.70049	0	2.5455	0	3.6507	3.1486	1.0384	1.7982	0	0.42014	0.97419	0.5673
RS_G22042__HLA-F__HLA-F	4.748	2.4472	0.95172	6.5911	0	4.0757	5.6306	6.511	1.1434	3.8771	9.1074	6.966	7.902	5.9406	2.5906	6.6764	6.4276	9.9102	1.1237	5.6214	3.8954	3.2625	3.8368	1.838	0.99069	6.9802	8.3968	8.494	6.9181	5.328	7.0422	7.5762	6.3212	6.1653
RS_G5394__HOXA7__HOXA7	2.1316	0	0.91753	0.40299	2.1784	0.11467	1.9831	5.33	0.89799	1.7442	0.7897	6.9085	5.3889	1.1347	0	1.2664	4.1871	4.3038	4.4576	4.0079	2.4767	0	0.24811	0	0	2.2872	1.7227	5.8073	3.9677	0.23142	1.0135	0	0.76165	1.3313
RS_G17613__DNER__DNER	2.294	0	2.4646	3.4789	3.6529	1.1389	5.8237	1.9231	1.3251	0	2.8314	3.7397	2.2167	3.9148	0	4.4929	0.54296	1.5037	6.9983	0.29029	0.8161	0.99509	5.2065	0	0	4.4448	7.0268	3.188	5.3424	5.9503	0	2.1153	2.4246	1.2397
SNP__WWOX	-2.18	-0.55	0.092	0.19	-2.109	-1.822	-0.105	0.091	-0.139	-2.381	-1.667	-0.81	0.304	0.23	-2.29	-0.412	-1.319	0.442	-2.607	0.572	0.448	-2.395	0.457	-1.648	-0.561	-0.206	-2.091	-2.344	1.107	-0.132	-2.033	0.479	-0.056	-0.372
RS_G2255__SLC5A1__SLC5A1	7.3639	0.18874	0	0	0	0	7.3973	0.4324	0.32026	0	3.7281	0.59098	3.9327	4.9666	0.1983	2.8481	0	6.8247	0	0	0	0	0.37256	0	0	0	0	6.317	1.9414	0	0.23941	0.14429	0	0.29703
RS_G6626__MAP1B__MAP1B	1.6802	0.12335	2.6488	3.0439	5.4526	0.64596	7.5131	8.3394	1.0717	2.1305	6.6239	3.8912	4.0338	2.7093	5.0187	4.8936	8.088	4.8333	9.1024	2.9921	3.5005	7.6542	1.7013	0.79208	0.17791	7.6968	2.768	5.9852	4.2327	2.5995	0.081101	1.4591	2.7946	0.59431
RS_G11321__IGFBP7__IGFBP7	0.48984	0.20472	0.64677	0.22802	4.9569	0.60953	10.1072	4.3762	0	0.96387	5.4059	8.8986	8.1983	0.71009	1.6	9.7724	4.1764	5.9428	11.5239	1.4949	0.22795	9.8327	0.10584	0.93944	0	0.70873	4.6982	7.9681	9.9865	0	2.6526	3.9518	0.57635	0
RS_G12878__KLK7__KLK7	0.43855	0	0.13593	1.9992	0.11677	0.12675	2.968	0	0.25641	2.2202	1.3488	2.5039	6.8763	5.6672	0.43133	5.4814	0	2.4911	0.14189	0.2323	0.1255	0.22201	0.12111	0.41216	0.30901	0.22455	0.24511	8.0034	11.1557	3.7048	0.50406	0.37498	2.2158	0.33096
RS_G4086__MDGA1__MDGA1	0.20459	1.4234	2.8025	5.1274	2.4437	0.5006	0.86399	2.5515	2.8983	2.6328	0.054683	3.6425	4.1003	2.3021	0	2.7875	1.4903	0.99925	3.0637	2.9232	0.0898	2.9841	3.8918	0.15742	0	2.1952	1.4983	3.3356	1.6953	0.82755	3.5697	6.7219	1.8872	0.85363
RS_G17716__IGFL1__IGFL1	0.51855	5.2215	1.994	2.7983	2.2231	3.3051	6.3222	1.5139	0.66238	0	0	4.3337	5.2263	2.9253	0	8.5702	0	3.1231	0	4.8811	0	0	0	0	2.1947	1.5873	4.1314	0	6.8497	0	0	5.5371	0.83279	2.5156
RS_G1552__TCF7__TCF7	0.61235	1.4587	0.64978	2.1217	4.4365	2.2157	4.4352	6.929	1.4072	1.8359	1.2298	4.6583	4.6643	2.1895	2.2238	5.6227	5.6906	6.4672	6.8571	2.1142	1.3186	3.0334	2.127	0	1.9959	10.0385	4.341	5.0887	4.6908	0.4835	3.2071	2.4257	3.3383	1.8283
RS_G10552__CDA__CDA	0	1.6466	0.52859	0	0	0.49703	6.438	1.2407	0.51588	1.0834	0	6.746	7.4997	3.0522	0	1.2901	0	7.0228	2.4749	1.9161	0	4.9695	1.8659	0	0	2.2379	9.57	4.4328	10.6457	4.0751	1.987	2.0333	1.9565	0
RS_G7673__TMPRSS4__TMPRSS4	2.699	7.5287	3.7492	3.3157	0	0	4.5026	0.31816	8.8153	1.9174	1.9884	4.8015	5.6948	7.7551	0.89178	4.0871	0	6.8365	0.168	5.3764	5.8953	0.26802	3.6486	0.47906	7.1336	0	0	5.449	4.4458	0.96487	0	3.3235	5.4337	1.2718
RS_G7269__HEY2__HEY2	3.6871	0	4.2335	5.6502	1.3674	1.1515	2.5575	0.48244	3.959	1.6937	2.4811	2.3717	2.5058	0.93292	0.35462	1.007	0	6.9965	3.4334	4.8089	0.82328	2.29	5.3855	0.59431	0	4.2589	0.77271	1.6052	0.28944	3.3842	0.64409	6.0077	5.5727	5.2139
RS_G18988__AKR1B10__AKR1B10	6.0862	6.4031	3.4204	4.4495	3.4368	1.0699	3.6936	13.2877	6.9807	1.5061	1.9267	6.7916	5.592	11.1161	5.4083	6.367	3.9192	8.1433	2.5406	4.3702	1.7214	1.9461	3.7713	0.52788	3.873	1.0774	4.063	8.6727	9.6947	2.5692	0.50493	2.3659	1.4491	1.9367
RS_G2649__SRPX__SRPX	2.5884	1.0314	2.6197	0.97679	2.7858	0.26305	6.6006	9.7982	0.70231	2.9338	7.0833	1.997	1.2447	5.9047	0	3.9004	4.6477	1.8195	5.4903	2.0271	1.2433	5.0677	1.48	0.77069	0	9.8027	4.4822	1.5505	2.81	0	0	1.0759	2.558	1.0927
RS_G7127__TCN1__TCN1	3.0187	0.28564	12.4902	0.57705	0	0	2.1014	0.35529	0.33689	0.22798	0.15109	3.8921	1.106	7.5608	0	0.46196	0	10.507	0.18873	0.56437	0	2.6547	9.5381	0	0	0	4.6244	1.8932	0.47354	0	0	0.98567	4.0451	0.92242
RS_G9403__SESN3__SESN3	2.3465	0.95592	1.9433	1.1053	1.9298	0	2.8601	6.7706	0.38727	1.3803	2.9138	1.2586	3.1787	5.218	0	3.7349	1.2617	5.7426	0.72009	1.0257	3.5018	3.829	1.2595	2.6745	0	2.2333	1.6506	2.2977	3.064	0	0	2.0062	3.2095	1.8699
RS_G4911__TNFAIP3__TNFAIP3	3.4229	2.5241	1.0022	2.341	3.086	2.2536	6.0137	4.7093	4.1702	1.7707	7.0341	7.7645	7.6887	3.9834	3.1691	6.975	4.977	4.4333	6.6145	3.1333	1.8825	4.8906	1.4189	0.39628	3.774	3.5072	5.7983	4.0861	3.8722	2.863	2.6747	2.037	1.5191	2.18
RS_G8168__RHCG__RHCG	0	0.76408	0	1.7502	0	0	1.4873	0.74178	0.50384	0.96672	3.6706	3.1828	3.8711	0	1.3439	2.7996	1.6309	4.9588	0.29197	3.3408	2.7627	0	1.7348	0	1.8421	5.4309	2.1324	3.9305	4.4168	0	2.9171	0	1.7677	0
RS_G10072__APCDD1__APCDD1	3.6283	0	3.4981	1.7279	5.1196	0.94106	8.1676	5.0126	4.698	4.311	0.49093	0.3134	4.4235	0.7662	0	5.3693	0.79178	4.2019	6.4553	4.2763	1.278	0.77135	4.5634	0	0	1.5594	0	3.3661	0	3.1684	0.75881	4.9168	3.3698	2.6144
RS_G6975__LOXL2__LOXL2	1.5391	2.7296	1.2016	5.6888	11.6528	0.8968	6.3164	9.3974	1.5447	2.0715	6.3622	3.9725	6.3672	6.8128	0.54448	8.6672	8.2651	5.7011	11.1125	7.6294	3.625	8.9271	1.3338	2.0015	1.078	8.2155	10.5325	5.5342	7.3102	1.0611	1.131	6.4413	3.8986	1.1635
RS_G3022__DHDH__DHDH	2.4187	2.2579	0	2.616	0.76248	0.93381	3.6498	0	0.9645	2.8425	5.3073	3.5907	4.9283	1.7072	3.3883	2.7314	0.60282	5.2884	0.84227	3.6193	2.6151	1.1133	1.3322	1.9645	0	4.6054	2.7517	4.3504	4.0578	3.0985	3.2846	4.2986	3.1819	1.8332
RS_G3465__GLIS3__GLIS3	1.0417	0	0.7201	0.39469	5.7482	0.065496	2.5089	2.5399	0.25445	0.088391	2.7287	0.32897	0.90898	4.199	0.28977	1.6833	7.1394	4.1606	5.2637	0.31311	0	3.7762	0	0.11367	0	5.3004	1.2236	1.4032	3.5116	0.2903	0.073385	0.27842	0.090949	1.0128
RS_G10667__TPPP3__TPPP3	2.2526	0	2.186	6.7959	0.41479	1.8475	2.3133	1.109	7.6865	0	4.4312	2.1008	0.83472	0	3.8775	0.90646	1.6514	5.3208	2.3318	1.3278	0.42247	0	1.9225	0	0	3.6597	4.4601	0	3.6464	0.64202	2.8537	5.2787	7.4528	1.5766
RS_G7879__HERC5__HERC5	2.3699	0	1.1018	4.8412	0.14696	1.4218	4.5886	2.5298	0.90345	1.1983	8.0916	2.7091	5.6631	4.4059	1.7557	2.964	4.5001	7.8085	0.083816	0.81141	0.62941	5.3756	0.78169	0	0	3.9803	3.3359	4.2521	3.2928	2.1255	1.4633	1.096	0.70351	0.21229
RS_G6622__BARX1__BARX1	0.22949	0	0	0.14871	0	0	0.23826	0	0.30134	0.36785	7.1091	3.5355	2.0759	0.38231	0.27778	1.3499	7.1959	0	0.31829	0.51427	0.28343	0	0	0	0	5.4178	0	2.1329	4.5806	0.55638	0.58125	2.9156	0	0
RS_G802__LAMC2__LAMC2	7.8004	1.3479	2.8528	5.2033	1.2503	0	9.9091	3.9319	2.2628	1.8877	2.4189	10.3037	10.1862	2.1806	2.5928	9.101	4.8812	8.625	4.9635	4.5273	2.5351	6.7557	4.1532	3.7465	0	1.5224	8.3867	6.5568	11.0569	0.69749	5.7706	5.35	3.5768	2.2536
SNP__GNTIVH	0	0.087	-0.287	0.024	-1.829	0.268	-0.35	-0.324	0.09	0.473	-0.406	-0.148	-0.224	-0.173	-0.316	-0.286	-0.029	-5.759	-0.242	0.183	0.043	0.167	0.747	-0.018	0.049	-0.21	-4.154	-0.014	-0.004	0.916	0.315	0.074	-0.046	-0.007
RS_G4882__NRP2__NRP2	0.9771	0.20883	0.35126	0.070484	5.1284	0	4.7753	5.4477	2.767	0	6.9605	5.4682	6.1647	1.8408	0	5.4395	6.3585	3.0381	4.719	0.93829	0.60902	4.1193	0.27601	0.53772	1.3656	9.3677	1.3344	1.1954	6.321	2.2134	0.87418	0.047311	0	0.1009
RS_G12120__LARP6__LARP6	4.2188	1.299	3.6514	2.9647	6.568	0.41765	5.2848	8.1059	3.3645	1.9411	9.7435	4.7567	5.4148	3.8387	1.199	5.773	5.0126	6.7561	5.8904	3.7507	2.9315	6.7601	4.6908	0.67497	0	8.9712	6.2283	6.3424	5.1701	5.3971	3.8833	5.3123	3.6215	3.6772
RS_G2624__MXRA5__MXRA5	5.0837	3.4195	7.5759	6.375	0.20632	0	1.6586	1.0157	0.058217	0	0.23401	2.3124	1.2112	3.8501	6.5451	0	4.6149	4.8628	3.9665	0.15856	0.66448	0	0	0.09952	1.2267	2.57	0	4.8102	3.7177	0.22955	0	4.5144	4.9451	1.5408
RS_G12539__KLK6__KLK6	4.2761	5.0602	0.45573	4.9239	0	0.54484	9.0328	0	0	1.2661	7.0963	4.1068	10.7456	12.9326	0	7.5906	0.40914	1.5357	0.17355	2.609	2.5633	0	1.8049	1.0046	1.0202	0	1.5005	7.4241	10.6741	8.8709	0	6.5776	7.003	0.72126
RS_G17302__KRT16__KRT16	5.7658	3.1764	2.3818	5.6129	0.28859	6.0805	10.7235	6.7007	1.2431	1.4693	6.9239	6.7744	12.4501	7.6521	3.4383	9.9669	2.3008	10.6566	3.9295	6.0096	1.6805	0.72684	3.0384	2.1965	1.5744	1.8388	11.3122	12.7978	9.5632	12.3241	3.8277	0.69855	3.2686	3.0416
RS_G15926__RGMA__RGMA	6.6212	0.66506	2.3204	1.4114	3.8693	0	2.3197	7.0042	0.32865	1.3678	8.8727	1.2891	5.0712	0.52872	0	3.1229	0.60114	5.4599	0.17933	3.2546	0.92041	0	1.6905	0	0	3.5632	3.6555	4.1386	1.3777	0.33244	4.1545	1.8524	1.9628	1.7706
RS_G178__GAS7__GAS7	0.23393	0.79868	3.7512	0.60208	0.060325	0.26435	0.4579	0.89591	1.6052	0.58061	7.4591	0.81088	3.7882	3.5067	0.18004	2.8269	0.42668	0.02884	0.46526	0.091648	0.1238	0.059891	0.18529	0.057997	0.53052	0.11579	0.34439	5.4391	0.43877	3.5497	2.8263	4.9676	0.13361	0.17756
RS_G11659__FOXQ1__FOXQ1	1.3317	0	0	0.32199	0	0	4.9799	0.24861	0	0	1.0826	8.1771	6.1798	2.8295	0	0	0.11238	5.7483	4.8724	0.21695	0	4.4486	0.59161	0	0	0	4.3107	3.5072	6.8165	3.8679	0	0.47536	0	0
RS_G17087__KRT5__KRT5	0	2.3682	3.2544	0.87342	2.2491	1.3894	13.5262	9.5837	1.8734	1.1887	4.0154	14.3688	13.5652	7.6892	1.3019	10.3691	4.1397	12.707	1.2187	4.3174	1.3229	0.83413	2.4598	5.6981	3.0627	2.8132	13.5919	11.225	14.182	8.7706	0.4696	1.6355	0.16138	1.5571
RS_G15383__ARL14__ARL14	0	0.18019	0.72953	2.3706	0	0	0.58572	0.42152	0.40015	0	0	2.6526	4.8541	3.8349	1.1272	0.93297	0.36786	3.4795	0	0	0	0	0.57875	0	0	0	1.3343	1.231	1.8454	0.98861	0	0	0	0
RS_G11366__IFI16__IFI16	1.3751	1.0912	0.088938	0.077879	0.1516	0	0.25526	8.0208	0	0	6.9257	7.8901	6.2163	8.4592	0.15631	1.9825	7.2647	10.0474	5.8672	0.47945	0	6.093	0	0	0	0	5.6095	5.4474	6.2941	1.6259	3.4074	0.10754	0.73329	0
RS_G402__CD74__CD74	4.4509	2.0172	0.18629	6.0079	0	2.2892	5.7658	5.5748	0	3.7089	3.9676	8.1818	9.1643	2.2907	2.4563	0	2.0276	10.3163	0.89633	2.7804	0.59187	0.96601	0.79006	0.54729	0	3.046	4.6483	3.806	9.5475	0.35449	6.7285	8.8965	0.93132	0
RS_G406__GPR124__GPR124	1.8829	1.7232	0.053107	4.3719	5.7625	0.78853	2.0625	4.8648	1.0604	1.6615	8.1524	1.1026	2.1843	1.0762	1.0557	3.9021	3.3607	3.4824	6.1456	1.9608	1.1512	1.8291	1.3221	0.94288	0.60658	4.189	0.5674	3.2144	1.2619	2.3916	2.0141	2.5418	2.0064	1.8159
RS_G4465__FNDC4__FNDC4	2.0609	0.96004	3.9996	2.8072	4.2327	0	3.2685	4.1418	3.2899	1.4867	5.815	3.9698	3.0605	0.28662	3.4906	4.4007	2.7242	1.864	5.8787	1.1879	0.3037	1.0742	3.3088	0	1.589	5.801	1.1384	0	1.8508	0.60227	3.2523	4.2561	0.74175	2.5291
RS_G5811__C3__C3	7.1207	1.6685	0.69203	2.2919	1.3461	1.109	9.5755	2.9582	0.52857	1.3027	11.5641	5.0096	9.6169	3.7993	0.8653	8.5745	3.1161	10.7546	3.071	1.0739	0.71163	1.766	0.54314	1.4735	0.3753	3.3306	13.2011	3.4851	7.8954	3.5917	3.7685	3.7365	3.2756	2.3797
RS_G16369__FAM101B__FAM101B	2.9511	1.0265	1.5763	2.6268	9.3524	1.5603	6.5765	7.1081	2.1504	3.8254	6.532	4.3797	5.5651	3.7832	1.8953	4.0257	6.4778	1.8729	8.5698	3.835	2.3843	0.79962	2.1654	1.441	0.18891	6.972	2.6499	2.5583	4.7299	1.4567	2.4444	0.63941	3.7364	5.4731
RS_G3929__WNT5B__WNT5B	0.17786	0.10307	1.1297	1.7302	8.87	0.74258	6.8221	4.4856	4.0543	1.1046	0	1.3045	5.6642	0	0.72298	6.0588	4.6812	7.2372	8.6155	3.7836	1.3629	6.5414	0.86647	0.68258	0	7.6602	1.0118	6.464	2.4135	0	0.36393	0.63445	0.77869	0.87589
RS_G18405__S100A2__S100A2	5.2484	3.6935	3.4186	3.8443	8.6925	2.6605	13.4485	7.4326	2.2239	2.1404	3.8567	13.4345	10.1256	11.0365	3.6585	11.2875	8.0382	9.5068	5.9126	5.1554	2.1463	4.8228	3.2845	5.5373	1.1917	8.571	10.041	5.5117	13.4869	5.0461	4.175	3.2161	3.0922	4.4221
RS_G1450__HOXA9__HOXA9	0.17011	0	0	0	0	0	4.2747	6.0684	0.42162	1.0745	0.51342	2.9381	3.8685	6.2627	0	0	2.0643	3.0713	5.5064	0	0.1108	0	0.20088	0	0	0	4.3002	0.78151	3.8141	2.6181	0	0.14669	0.54402	0
RS_G1435__LAMP3__LAMP3	0.62064	1.9683	1.0047	1.3769	0.22252	1.1839	5.1333	1.5909	0.88608	2.8659	9.5505	4.2488	5.5942	4.0768	1.8962	4.792	1.4715	6.877	0.97266	1.1293	1.0233	1.085	0.59349	0.78725	0	3.2642	2.8191	5.5633	3.373	4.535	5.5329	0.78899	0.7314	0.65096
RS_G9893__GPR115__GPR115	0.88809	0.93221	1.9514	1.7075	0	0.94757	2.6098	0	1.0104	3.4159	0	4.497	5.1172	6.1597	2.3917	2.4067	0.15086	6.748	1.3793	2.005	3.5805	0	0.8928	0.49825	0.19789	0	0.65625	2.9011	4.9229	2.3835	0	0.37429	1.4797	0
RS_G8354__PMAIP1__PMAIP1	4.0124	3.1341	5.0862	4.7247	5.4108	3.4802	5.7681	5.6443	0.25956	3.9484	9.8502	4.4074	4.8414	5.4832	0	2.9297	7.3392	6.0246	5.9079	2.6823	2.1942	6.9079	4.193	0.73814	1.8729	4.2525	4.0255	3.8656	5.387	2.6193	2.8566	3.0695	4.9198	3.01
RS_G961__COL17A1__COL17A1	0.78057	1.2182	3.5799	0.57122	0.52555	0.13654	5.7701	0.37132	1.2112	0.4913	1.2963	10.0366	7.6715	3.2624	0.17465	7.6051	0	0.081001	3.6348	1.1037	0.13294	3.5943	3.3934	2.6571	1.3123	0.97317	5.6195	4.52	6.5876	5.2315	0	2.4278	1.6642	0.77239
RS_G19080__ZIM2__ZIM2	6.3995	0	1.6217	3.8248	0.068706	2.3328	0.17028	6.1929	0.14616	0	0.063162	0.10869	4.8515	0.3263	2.839	5.5466	0.12794	4.134	0.079499	0	0	0.72704	0.034218	0	1.0769	3.3596	0	1.666	0.21099	7.7102	0	7.3298	2.6177	0.099799
RS_G11102__GFI1__GFI1	0.32649	0.70051	0.50763	0.76649	0.1702	0.33559	3.5668	0	2.6593	2.4133	0.98299	2.49	4.7036	3.765	0.46497	1.5354	1.2021	6.8254	1.0088	2.8421	2.4123	0.67616	1.2161	0	0.58898	0.30683	2.5007	0.98621	3.8698	0.27475	0	0.42066	2.0723	3.9364
RS_G7618__TUBB2B__TUBB2B	0.6419	1.2852	2.7343	2.1775	4.6515	2.6451	5.2601	2.1866	2.6752	0.88256	2.2056	4.5164	2.3003	2.5969	0	0	4.9227	0.12196	4.3648	3.706	1.1441	0.24815	6.4618	1.07	1.8673	5.1284	0.27039	3.4292	3.8959	2.2462	1.4548	3.7105	5.3435	1.9697
RS_G2301__RASD2__RASD2	4.5481	6.2115	2.1119	2.4793	1.3613	2.4544	5.2822	5.7371	1.482	1.2282	6.6562	1.6672	4.6446	4.05	6.7502	4.0684	0.46126	5.3658	2.0311	2.7243	1.2697	1.6692	1.3274	1.8435	5.8517	6.667	1.033	3.8066	6.1902	4.075	1.5484	3.506	6.948	4.7369
RS_G12055__IFI27__IFI27	4.0922	4.7513	0.72205	6.7926	1.0972	0	3.8876	3.2258	0.38186	2.8312	8.1137	6.5826	10.0905	12.0844	8.451	3.6058	0.89527	13.3216	2.2262	7.8184	2.6569	0.62258	1.4227	1.8776	0	3.5761	10.5207	14.2497	10.7408	1.7041	6.718	0.48054	1.8182	1.1944
RS_G22652__SERPINB3__SERPINB3	0	0.25379	0	0	0	0	0	0.57895	0	0	0.82008	1.9225	3.3203	7.064	0	0.7401	0	9.5735	0	0	0	0	0	0	0	0	5.6438	0	4.325	0	0	0	0	0
RS_G15970__C1S__C1S	1.1454	2.4353	2.1969	1.3139	7.0906	0.2046	3.227	10.2073	2.1667	0.75472	9.4664	4.1604	5.9223	5.6662	1.0551	6.9319	7.4507	8.7764	5.3335	0.61186	1.8366	1.1111	3.0973	1.1785	2.0352	3.0277	6.111	1.6759	2.1257	1.762	1.0168	0.55144	3.8718	0.89723
RS_G1562__PKP1__PKP1	0.15156	0.83599	6.0682	6.0765	0.18638	0.40659	9.1236	0.52118	0.42248	0.19294	6.8236	8.7046	7.6667	0	0.097656	1.0626	1.1375	8.3043	0	7.5597	4.8379	0.41271	5.5674	1.1903	3.8358	1.2462	8.7949	6.8734	1.8114	0.9191	0.68334	5.1307	0.77356	0
RS_G12319__C15orf48__C15orf48	2.1146	1.6974	0	3.7823	2.2301	0.70837	5.6117	0	3.5244	1.1154	7.4558	0.74656	4.7277	2.963	0	7.2539	2.7038	6.9069	0	1.7123	1.816	0	0.25971	0	2.9274	4.4591	4.7801	0	4.7663	0	3.5026	4.6825	3.9788	3.1076
RS_G5561__PI3__PI3	3.0706	3.6429	3.0152	0	2.5138	0.73253	5.0806	3.2166	0.42835	0.53604	11.0888	3.8493	12.335	8.9357	0	5.0919	5.1559	10.2125	0.7907	1.1857	0	0	0.39099	0	7.5841	0.66256	11.976	8.1079	9.9971	2.5749	0	1.8475	0	0
RS_G17647__ARL4C__ARL4C	6.4058	3.9508	6.5819	4.9192	8.0292	4.7101	7.6877	9.0067	6.0138	2.9942	6.2663	7.0619	6.2607	5.9989	2.1991	6.9743	7.5755	6.7168	7.9861	5.7583	4.3584	7.5221	4.073	1.3609	5.4578	10.7033	6.3785	4.8348	5.2782	6.5854	3.1525	4.5654	3.7385	3.6318
RS_G13448__KRT15__KRT15	5.6084	7.3499	6.7924	10.1044	1.6019	2.1401	8.8359	2.2532	11.4728	6.5404	9.0315	5.7168	10.5476	12.5316	4.4646	9.7623	1.8575	5.6722	2.3194	4.8297	3.9225	2.5715	3.421	2.6323	6.2237	2.157	5.7716	4.1064	6.2661	5.9218	8.0833	5.988	5.8624	6.6787
RS_G6259__MMP28__MMP28	0	0	0	1.6614	0	0	0	3.1625	0.41036	0.39913	0	3.4994	6.8926	1.2407	0	0.21236	0.10499	3.6345	0.4363	0	0.62521	0	1.1152	0.35892	0	0	3.2915	2.044	8.2419	0	2.4898	2.5609	0.82317	0.15459
RS_G18635__AL390294.19__AL390294.19	3.2266	0	0.25251	6.1877	0	2.0959	0.18879	0	1.4648	4.1179	0.62467	0.76578	0.95932	1.0309	6.4133	0.61877	0.66985	2.2412	0.37138	7.1617	6.5877	0.21678	5.6484	7.8851	1.0982	0.40247	3.0376	0.13339	0.49741	4.3264	8.3645	2.7329	3.6191	5.5031
RS_G11429__CXCL3__CXCL3	0.33948	0	0	0	3.4106	0	2.5204	3.2775	0	0	4.4838	3.1649	1.7437	1.4393	0	4.6319	3.5497	3.3576	4.5588	0.22001	0	2.2938	0	0	0	6.9196	8.1321	1.9658	2.8659	0	0	0	0	0
RS_G29779__HMX1__HMX1	0	0.12473	3.8952	5.4103	0	0	0	0	0	0.63916	6.1664	3.6621	2.6571	2.9916	0	1.7597	0.2596	0	0.29934	0	0	0	0	0	0	1.3222	0	4.5457	0	2.5287	4.5008	5.8831	0.6615	4.6114
RS_G10310__B3GNT7__B3GNT7	1.9575	6.7957	2.5367	2.8094	0.71449	2.0155	3.0554	2.9018	4.9398	2.4987	5.2298	3.0633	2.2075	0.78054	1.7377	4.3722	1.6533	5.1816	0.60552	2.4525	1.9281	1.8291	1.8655	1.1453	2.2539	0.5586	2.7381	2.8803	5.1953	1.9897	1.9283	2.9366	1.892	3.3691
RS_G18787__SERPINB2__SERPINB2	0	0	0	0	1.1115	0	3.2226	0	0	0	0.68625	8.935	7.0426	1.6439	0	3.9413	0.41102	8.0819	6.2158	0	0	0.56362	0	0.38777	0	0	4.3306	3.1332	4.8748	0	0	0	2.543	5.4605
RS_G9455__FEZ1__FEZ1	0.11989	0.25622	0.88065	0	0	0	2.4745	0.69568	0.86168	0.6851	2.2646	6.9104	4.3227	2.9029	0.89921	1.0831	3.6465	0.13447	2.796	4.9761	4.7184	0	0.33508	0	0	1.2689	0	0	0.42745	0	6.2858	0.66453	0.95527	1.079
RS_G16610__AC022080.37__AC022080.37	0.93267	0.59414	1.9349	4.8707	2.2902	1.5979	5.2245	2.7741	1.498	0.84547	2.84	5.0291	5.2462	7.0423	5.5808	0.37193	2.7053	5.812	2.6303	0	1.2721	0	1.0648	0	0	1.0378	2.9934	0.40875	2.7794	2.9208	0	3.2585	3.4213	4.9887
RS_G5395__INHBA__INHBA	0	1.4027	0.57218	4.9365	8.116	0.34649	7.4763	6.8731	0.24841	0.79254	1.0776	6.6774	5.5305	6.203	1.0348	7.1808	4.9604	4.2951	9.2718	0.8871	1.8265	3.1375	0.27195	1.5506	0	2.5634	8.5917	1.4331	4.6019	0	1.2706	1.4108	1.0054	0
RS_G10920__ITGA5__ITGA5	4.1991	5.5787	1.8799	6.3514	6.6272	0.30001	4.6947	7.953	5.2777	2.5252	7.8276	7.3246	5.4091	6.3575	2.6269	6.6635	8.0876	7.691	10.758	5.5302	4.2158	6.9234	5.1389	2.9675	4.6841	7.707	6.7365	6.0906	9.7669	6.3055	5.2446	4.5489	5.4798	6.7465
RS_G10592__HOXB13__HOXB13	0.13852	0.41729	7.3933	4.8456	3.0727	0.090791	3.2697	0.58562	4.225	0	4.5096	4.0837	3.6472	0	7.497	0.82986	4.5798	0	2.4854	0.90775	0.86504	0	1.7184	0	0	2.9856	0	5.5425	3.0351	5.4196	0	6.077	0	0
RS_G11572__GUCY1A3__GUCY1A3	2.1771	3.1726	6.4643	3.3749	2.7359	0	6.4477	4.1023	6.8828	0	3.6806	4.4499	2.4961	6.7048	5.4754	0.41764	2.2033	8.1568	0.45496	0.056954	2.1317	0	5.9314	6.7064	0	1.7081	3.0364	3.5309	1.891	0	0	1.1889	3.6042	3.0295
RS_G22179__AC104692.1__AC104692.1	0	1.0213	6.1553	5.323	4.6508	0	0	1.8859	5.2296	1.4075	5.5417	2.2715	0	4.987	1.7182	7.6104	0	4.8789	0	0	0	5.5001	0.65229	0	0	6.7274	5.1084	7.147	0	0	0	0.84432	0	0
RS_G9080__IGFBP3__IGFBP3	6.2987	3.3656	2.9054	5.2494	11.5393	1.034	12.0229	11.5965	1.9904	0.38514	2.9917	8.8113	10.5079	11.6002	3.293	10.8788	9.9252	12.5244	9.3982	3.8586	4.4452	6.9804	4.4091	8.3923	0.25393	4.3852	7.1035	6.5264	7.3456	7.1766	0.7413	7.3833	2.4343	0.70512
RS_G11696__TBX20__TBX20	0	0.54258	0	3.0286	1.6728	0	3.7326	0.86015	0	0	4.8599	4.7882	0.401	0.46689	0	3.4022	0	2.7749	0.94599	0.77223	0	0.65824	0.19456	0.44958	0	0	5.4335	0	0	0	0	3.8545	0	0
RS_G269__PRSS3__PRSS3	0.35343	0.82397	0	0	0	0	1.1189	0.48236	0.79957	0.31429	3.9888	10.2482	0.33195	1.0975	0	4.0374	0	3.7863	0.24885	0.22944	0	7.8197	0.50247	0.96621	0	0	3.352	1.0003	7.0381	0	0.26426	3.8493	0	0
RS_G4607__VAX2__VAX2	1.4432	1.8844	3.974	3.8759	3.4125	0.22902	1.6805	2.9375	5.2561	2.1684	5.0317	2.0847	4.534	4.1031	0	4.9933	2.1951	3.6814	2.863	5.0721	4.0924	2.8868	3.6965	0	0	4.5437	4.884	2.8086	0	4.6918	4.6119	5.8267	4.4224	3.2489
RS_G5188__TGFBI__TGFBI	5.034	7.8938	4.4353	2.9263	3.9121	0.64517	3.9922	12.5626	5.0232	2.457	1.7131	9.6873	8.6593	10.3838	2.5591	5.9284	12.1863	10.1886	13.0785	6.3418	5.2622	8.6722	3.0034	3.5245	6.2873	11.1203	9.0184	3.4824	11.8996	1.0937	2.4821	4.288	2.7243	0.84147
RS_G12982__SPRR1B__SPRR1B	2.2988	0.63608	0	3.8097	1.4994	0	7.092	1.2683	0	0	0.64046	4.8334	7.6626	4.7816	0	0	0	4.001	0	0.69033	0	0	1.214	1.092	2.0942	1.1062	1.5367	5.0083	7.3536	0	2.1888	3.3389	0	1.2275
RS_G18127__AKR1C3__AKR1C3	7.8865	3.0139	0	3.2792	1.3543	0	7.2095	11.8158	6.4508	2.379	1.5848	10.1685	6.4967	9.7433	0	9.7141	6.0956	11.7722	4.3654	2.3442	4.7688	5.5606	5.2548	0.65854	0	0	5.2862	10.6807	7.8458	3.9155	3.6783	0.87677	3.7279	4.4293
RS_G22653__SERPINB5__SERPINB5	5.5773	0.48724	1.0519	0.8082	0.37229	0.20657	9.0874	5.7456	0.71494	0.39411	6.5654	9.9021	7.8999	8.3625	0	8.4593	3.95	8.3206	0	0.66939	0.37159	0.27736	1.948	1.6061	0	0	7.6307	5.8722	8.0227	7.3521	1.3471	0.13854	1.1275	1.3386
RS_G28022__MIA__MIA	5.1437	0	0.42927	0	0	0.40284	9.9635	4.6515	1.5945	3.5642	10.5841	0	2.2968	1.7421	0.69924	5.5567	1.908	7.7692	0.44122	0	0.70418	0.37373	1.8796	0	2.7548	3.1847	6.1002	3.3097	3.6894	0	0	2.5977	3.6171	0
RS_G28921__AP002448.3__AP002448.3	0.15678	2.16	4.5166	1.1037	0	0	0	0.40965	3.7876	3.4604	4.2473	0	3.7405	4.6547	0	0.36884	0.35732	6.8538	0.72705	0.36192	0.36419	0	4.6525	0	4.0954	0.60887	0	0	2.9716	0	5.3124	4.4783	5.8805	0.5014
RS_G7026__NGF__NGF	0	0	0	0.44039	8.2263	0	1.5055	5.462	0	0	0	5.0698	3.456	0.41902	0	7.7309	6.0518	0	7.9757	1.5749	0	4.6169	0	0	0	4.7581	0.80466	3.4721	3.6174	0	0	0	0	0
RS_G900__NGFR__NGFR	1.1441	0.38067	1.2778	0.88604	3.7143	1.2219	4.0738	5.5255	2.9879	7.1268	2.5018	2.9437	5.9425	1.2113	0.83527	6.9239	2.2422	0	0.47037	3.4035	1.7957	0	1.6963	0.27023	0.52661	2.0089	3.646	5.5817	4.6135	2.3282	2.8422	2.3659	3.1049	0.21761
RS_G1917__LEPREL1__LEPREL1	1.6812	1.213	1.016	0.15032	9.6328	0	8.6274	7.5555	0	0.20528	2.3881	6.6588	10.0755	7.8581	0	6.0855	6.9596	8.8539	6.6718	0.14834	0	7.6461	0.14506	0	1.8994	2.7188	5.8777	1.6577	6.3893	3.8936	2.3297	1.1214	2.3917	0
RS_G12983__SPRR1A__SPRR1A	2.6766	0	1.2073	4.6224	0	0	4.4152	0	0	1.1468	1.0479	0.96978	5.1369	4.8631	0	0	0	4.4045	0	0.3708	0	0	0.35494	0	0	0	1.1341	2.8241	2.8212	1.2049	4.8655	3.6111	2.3955	2.8989
RS_G2195__SUSD2__SUSD2	9.5721	12.9805	4.5994	6.4995	0.77228	6.1627	4.8384	0.6937	7.5174	10.8044	1.7112	4.6173	6.3905	5.5285	10.1244	8.6238	3.3648	2.2529	5.9218	6.0348	5.1737	5.7008	10.4084	9.9673	12.6232	1.6938	8.6608	11.9002	6.8074	10.2734	4.6774	8.3618	3.7359	2.6465
RS_G17866__FZD9__FZD9	0	4.6771	0.4403	2.9437	3.445	2.5305	3.3357	2.1183	0.12145	0.93021	5.7118	3.3851	3.5463	2.3341	1.4657	3.7746	0	2.9777	2.2666	4.1247	1.9509	0	0.16042	0	4.2909	4.2862	1.9381	2.3712	4.1039	2.547	3.9233	2.9662	0	0
RS_G2495__BMP7__BMP7	0.16836	6.9255	10.0501	6.3611	0	2.0604	5.351	3.0984	8.6894	4.3807	4.587	3.1715	7.535	3.4675	0	6.6048	4.2437	0	0.6962	11.1485	8.2041	0.37066	5.0916	0	7.9847	3.247	0.39782	8.1684	1.2355	4.2213	2.7631	7.1515	5.1115	4.2664
RS_G7676__MMP7__MMP7	0.47687	0.94026	0	0.42652	0.74274	0	11.7365	5.5087	0.45203	0	4.8989	1.9117	1.6535	4.5871	0	7.6055	7.0237	11.0385	0	0.22602	0.2289	0	0	0	0	0	7.3366	0	2.6851	0	2.303	4.0563	0	0
RS_G1328__ADD2__ADD2	0.20263	0.2254	0.4463	0.25086	0	0.13381	6.7679	7.3903	0	4.9889	4.1361	6.0514	7.516	0.33157	0	6.6719	5.0306	0.81879	0.28117	1.5899	0.13083	6.9199	4.0692	0.42801	0	4.463	6.2682	1.4621	3.5953	0.073313	0	0.089001	0.18417	0
RS_G4435__IL1A__IL1A	0.69823	0	0.28336	0.54584	0	0	0.15257	0.20064	0.35738	0.23797	1.0015	6.1503	3.2881	0	0	3.1838	0.76755	0.77038	0.20083	0.17577	0.17804	0.4537	0.044939	0	0	0	2.6039	0.33376	1.5682	0.36359	0	0.062155	0	0
RS_G7562__NOV__NOV	6.3991	0.7816	3.3497	1.5592	0.39352	0.80455	6.7812	3.3477	0	0.15448	0	2.2916	5.127	2.5802	0.97304	2.5852	1.0721	3.7115	8.1961	0.56584	0.57226	6.3971	2.8916	1.217	0	8.2172	4.5959	4.2666	4.8195	0.69733	0.95114	1.2699	0.76414	0
RS_G28763__AC004510.1__AC004510.1	4.18	3.003	2.4121	1.6074	0	0.35542	3.6551	0.20787	4.8439	0.65083	1.3738	8.3064	10.732	8.894	0	2.8922	0.17524	8.3564	0.54728	1.6529	0.49128	3.2587	3.0726	0.58147	1.8833	0.59034	8.2401	1.6626	9.2063	1.1354	2.6933	4.6852	0	0.48286
RS_G13159__ADRA1B__ADRA1B	0.18329	1.0437	0	0.11811	0	0.23221	3.1228	2.5203	0.44765	0	0.38564	2.2667	0.17378	3.1453	0	4.6405	1.2095	0.38458	4.1574	0.32467	0.6723	4.5454	0.30935	0	1.7875	7.9508	2.9802	2.2674	6.7332	1.8183	1.1225	0.92045	1.1506	0
RS_G7638__FGFBP1__FGFBP1	3.164	0.32048	0	0.64706	0	0	7.6669	1.0801	0	0	1.0119	9.4925	9.0146	4.5033	0	8.2218	0.34645	8.4893	0.71108	1.9018	0	0.84613	1.2575	2.2024	0	0.60805	9.1328	8.0219	6.5232	4.3913	4.5377	0.45881	0	0
RS_G6639__KHDRBS3__KHDRBS3	2.7656	1.8859	6.3116	2.5982	3.6717	3.9119	7.3774	8.9619	0.14162	3.5335	5.9593	3.7957	4.6798	4.5205	1.334	3.9564	3.1927	3.2543	5.0197	0.13271	1.6897	7.1711	4.1739	3.1378	0.99985	6.8705	2.3588	5.4535	0.69378	2.4602	2.8818	4.0823	4.0691	5.0319
RS_G8626__S100A7__S100A7	0	2.9737	0	3.7002	0	1.3655	0	0	0.49492	1.8871	4.1975	0	3.9463	5.5511	0	7.4029	0	5.0528	0	0	0	0	0.92604	0	6.0961	0	0	1.8616	6.3833	0	0	4.4876	5.5475	2.3016
RS_G22410__KRT6A__KRT6A	3.5895	2.5889	2.9468	0.55164	2.2719	0.71416	10.8969	3.7479	0.58643	0.5174	4.0519	13.3732	10.576	4.7344	0	5.5642	0.38198	5.0609	0.61854	3.3575	0.83309	0.66193	2.9479	4.5726	0.69475	1.5973	12.9285	9.936	14.7791	14.0538	1.3901	1.238	1.3633	1.0956
RS_G1436__FAP__FAP	0	0	0	0.18706	0.18332	0.19117	0.94484	3.9543	0	0	0	0.83298	0.5157	4.0178	0	5.4188	3.9292	0.45519	5.6902	0	0	0	0	0	0	3.5532	5.4313	0	4.7177	0.20414	0	0	0	0
RS_G4220__LOX__LOX	0	0.68991	0.90169	0.66555	10.7791	0.13865	4.9709	5.7714	0.79742	0.96733	5.2774	4.4823	2.895	0.54503	1.9725	5.5501	7.6689	5.766	10.1643	0.90667	0.75454	6.0679	0.45546	0.44199	0	11.6434	8.3827	2.7516	9.2551	0.4056	2.3981	0.6104	1.3457	0
RS_G4968__GDA__GDA	0.10563	0.60521	0	0.089202	0.08965	0.04757	6.0545	0.10286	0.047751	0.23587	0	5.0147	3.2095	0	0	5.0122	0	2.4387	3.1359	0	0	0.38708	0.044528	0	0	0.084976	5.2678	0.79784	2.3435	0.050969	0	0.091997	0.066214	0
RS_G22701__ATP10A__ATP10A	7.5074	0.25087	0	2.7124	0	0	4.4453	2.6536	0	0.069701	4.892	0.22617	4.9408	0	0	4.6253	0.75404	4.7523	3.1988	1.6168	0	3.3339	0.08933	0.17543	0	6.5671	0.10086	3.9696	4.7707	6.3999	5.6339	5.6284	3.9525	1.7496
RS_G14377__NRIP3__NRIP3	0.68301	2.6914	2.4942	4.8866	3.843	0.17753	4.5493	4.685	5.3121	6.9244	3.4385	4.4969	2.6701	2.4016	0	0.6097	5.4067	2.5642	6.5177	0	0	0	1.9129	0	1.5919	2.9304	1.0302	3.3696	2.0757	0	5.4952	1.0017	2.2752	2.24
RS_G3221__UPK1A__UPK1A	0.8528	1.0252	6.1111	8.1689	0.3617	1.1309	1.2971	0.73223	8.1177	2.4971	0.47554	0	2.2747	1.1508	1.9535	2.1001	1.0908	0.93519	4.0595	6.4552	2.0695	0	4.3151	3.5316	0	2.1671	1.3118	1.9598	0.94107	0	2.1181	7.8605	4.9489	0.50994
RS_G2490__SALL4__SALL4	0.87541	3.0032	3.7493	1.5847	0	0.22779	2.8696	2.4846	1.3087	0.46749	2.5464	5.4893	4.1678	1.6176	0.15106	0.48619	4.7341	2.6721	2.5211	3.5542	6.0056	0	3.7915	0	1.9441	2.9444	2.851	2.0342	4.282	0	0	0.28931	0.30869	1.1997
RS_G11812__GEM__GEM	3.4128	0.39241	0.65863	3.922	5.2987	6.9453	3.3766	6.9016	3.2647	1.7787	5.7468	2.6702	1.7895	3.1414	1.255	3.4334	7.1501	4.5528	7.2633	2.3845	2.808	6.6694	2.2264	0	0	9.784	1.7987	4.2186	4.1378	1.5477	3.517	5.196	2.6213	0.81572
RS_G11051__LAPTM5__LAPTM5	2.8393	0.20669	0	1.2492	0.22567	2.6129	1.7293	2.6516	0.45429	2.2405	3.3755	3.4596	4.1543	2.745	0.87362	1.1634	0.66768	0.69552	0.91454	1.473	0.33275	9.5586	0.73502	0.39464	0	7.01	2.1102	0	6.916	0.65062	0	1.4999	1.1637	0
RS_G7046__SAA2__SAA2	2.9556	0.70957	0	0	0.74843	0	3.3906	0	0	0	4.3264	1.932	4.8681	1.4123	0	6.5567	0.42948	6.1314	0	0.76858	0	0	0	0	3.0788	0.73192	6.3223	0	8.5787	0	0	0	2.1893	0
RS_G1266__PTGS2__PTGS2	4.9768	0	0	0.1192	0	0	2.1508	0.52235	0	0	2.0328	6.9215	5.1045	0.64111	0	3.1963	2.374	6.6243	2.758	0	0	3.1961	0	0	0.74749	2.9427	3.9296	0	4.3372	0	0	0	0	0
RS_G133__CX3CL1__CX3CL1	0.24547	6.7838	7.0627	7.822	0	0	6.7812	7.5633	1.391	8.2104	6.6072	0.25047	4.6676	7.3727	6.7783	6.6963	6.137	9.7259	0.67937	0.15441	0.30007	0.075576	2.585	0.27955	7.4488	0	0	9.7126	1.1972	0.59899	0.094372	0.69842	0	0.22386
RS_G12507__LY6D__LY6D	0	7.9331	1.51	0.56206	0	0	6.0624	0	0	0	0.89626	3.238	9.526	4.072	0	3.4716	0	1.1886	0	4.3203	1.421	0	3.1397	0	5.8242	0	4.0858	6.2628	10.4361	3.3461	0	2.5339	1.2481	0.42717
RS_G16320__PCBP3__PCBP3	0	1.233	2.8412	5.1319	4.7329	0	1.8135	7.1215	2.717	1.4734	6.7411	1.1414	3.7919	3.7675	0	3.7909	4.1238	5.8191	0.75128	4.5505	4.5556	3.5964	0.47491	0	0	3.3797	3.9459	5.3921	1.2824	5.3456	0	0	0	0
RS_G4751__ST6GALNAC5__ST6GALNAC5	1.3493	1.0504	1.3399	1.0143	5.9416	0.2507	6.665	1.5309	5.1082	0.17517	7.3934	0.37743	6.2258	5.5602	0.23447	8.2988	7.1961	7.0426	1.3656	0	2.2612	5.7759	0	0	0	0.75056	6.2159	0.6064	0.52553	0	0	1.0276	1.2189	0.95463
RS_G12862__LGALS9__LGALS9	6.1513	3.8085	2.4838	4.3619	1.2065	0.16906	1.1498	2.0604	1.6809	0.81283	3.6725	3.8578	4.5519	8.239	2.1576	3.5171	1.8164	8.8117	1.1612	0.30805	0	1.098	1.1014	0	4.3563	0.74292	5.2937	7.885	4.2458	2.1547	2.1856	2.0067	1.8861	0.97357
RS_G16925__AHNAK2__AHNAK2	2.7225	0.32426	0.85377	2.7863	5.6329	5.2479	8.636	6.0167	1.9327	4.4501	1.9293	5.065	4.1081	4.5002	0.58031	5.196	4.1838	4.2729	5.531	2.8578	2.6507	4.6099	0.72887	0.4055	0	9.8171	6.7573	4.612	6.1168	1.6537	2.9451	3.4654	2.6246	3.0882
RS_G9462__TAGLN__TAGLN	2.8945	4.626	4.3649	5.0176	12.9074	2.7645	8.6642	6.4471	4.1793	6.7896	7.2393	4.7579	8.3802	3.7555	5.0574	12.7347	3.7073	4.379	11.2783	6.5618	4.1273	7.1779	5.9616	5.788	4.45	5.9423	5.8261	5.9848	9.884	2.3748	5.4031	5.6312	4.2217	3.2621
RS_G14914__PGBD5__PGBD5	2.5018	2.9794	3.1999	5.547	1.9775	5.1598	6.6397	3.0331	0.22966	1.317	4.4039	1.9745	2.6064	4.145	0.14608	5.9063	4.2302	7.2011	0	5.1453	2.4298	0	5.1969	0	0.70583	0.26209	6.4248	5.2064	4.7336	3.9571	2.1338	4.951	6.1655	4.287
RS_G1513__PTPRH__PTPRH	3.6863	4.9381	0.81529	4.0987	4.148	0.13715	3.7678	1.6872	4.3044	1.2026	3.5699	1.7871	4.2665	5.5253	2.6446	1.1762	1.6527	5.0929	3.5538	2.4093	0.67046	2.2747	0.48253	0	4.3622	8.1775	1.54	3.0494	4.222	5.0748	0.53648	2.1391	4.5197	5.4053
RS_G8167__HAPLN3__HAPLN3	0.97429	3.796	0	1.3925	4.9751	0	5.7826	5.9487	0	0.19085	3.582	2.0912	1.8122	2.3328	0	5.5488	1.5702	3.4771	5.8556	1.9629	1.2117	4.7196	0.067181	0	1.043	3.0194	6.4629	2.2116	2.8552	1.4751	0	3.0774	0	0.19905
