Cell lines	600MPE	AU565	BT20	BT474	BT483	BT549	CAMA1	HCC1143	HCC1187	HCC1395	HCC1419	HCC1428	HCC1569	HCC1806	HCC1937	HCC1954	HCC2185	HCC3153	HCC38	HCC70	HS578T	LY2	MCF7	MDAMB134VI	MDAMB157	MDAMB175VII	MDAMB231	MDAMB361	MDAMB415	MDAMB453	SKBR3	SUM1315MO2	SUM149PT	SUM159PT	SUM185PE	SUM225CWN	SUM52PE	T47D	UACC812	ZR751	ZR75B
Response	1	1	-1	-1	-1	1	1	1	-1	-1	1	1	-1	1	-1	-1	-1	1	1	-1	1	1	1	1	1	1	1	1	1	-1	1	-1	1	-1	1	-1	-1	1	-1	-1	1
EA_G__KLK8	5.603	5.4796	7.03	5.5998	5.8405	5.5788	5.5953	6.4393	7.535	5.6125	5.5485	5.4818	5.7206	6.9128	7.8264	8.2141	6.7011	5.7217	5.5303	5.979	5.4428	5.856	5.6216	5.4979	5.4527	5.6829	5.5983	5.2973	5.6231	6.3025	6.042	5.828	5.8264	5.921	5.6875	6.9151	6.9526	6.0285	7.1964	5.9249	5.5943
EA_G__KLK5	8.8612	5.7268	10.7442	6.0015	6.5371	5.7592	5.6518	9.3419	10.3177	5.8366	5.3934	5.4802	5.8684	9.1285	11.5373	11.1011	7.6912	9.4852	5.6833	10.4309	5.7396	6.3454	5.8009	5.6215	5.6034	6.2514	5.7069	5.5741	7.0938	6.284	5.6274	6.8851	5.9581	5.7464	5.8626	11.8009	9.7617	5.9085	7.268	6.058	5.8419
EA_G__GSTM3	8.0698	7.449	3.4929	5.7313	4.5577	6.0098	9.8597	4.8644	4.4013	3.8976	7.5289	7.5689	6.5758	6.3519	6.6997	6.1129	5.4939	7.4629	7.5308	6.716	4.9597	7.8988	9.2639	9.4711	7.7049	8.4579	7.2508	8.4069	10.4361	3.6536	8.2088	6.8352	5.3282	3.5419	4.5874	7.3592	9.5481	8.8951	4.6443	3.9974	3.6998
EA_G__SEMA3C	8.069	9.1401	7.5785	9.1859	10.4515	8.8093	10.252	8.3533	6.0853	8.7488	8.0163	8.2561	2.9137	7.5603	8.189	6.9055	7.6525	7.8528	9.5119	5.7494	8.8637	9.3505	9.0614	9.376	8.7573	9.5439	7.5268	8.9922	9.0283	7.2292	8.1014	8.6894	8.9908	8.3935	9.8733	8.7874	7.4464	10.0913	7.4908	7.3997	7.5159
EA_G__PGM1	7.8898	8.6544	7.9477	6.894	5.8824	8.622	4.6605	7.3383	10.4094	8.5205	6.1105	6.4397	8.8014	7.6357	8.8727	8.9912	7.8702	8.6363	7.5637	9.1468	8.202	6.5508	6.1904	7.3897	7.7642	6.6494	8.2013	6.8272	5.1604	7.7994	8.4064	8.5244	9.113	8.4196	4.5141	7.6432	8.3836	7.488	8.3279	8.1875	7.4485
EA_G__IFI27	7.372	5.8765	5.8672	5.9634	6.5869	5.8995	5.4532	5.5807	8.8289	6.063	5.688	5.9176	5.9609	7.0174	8.4091	9.0494	5.719	5.6297	5.5432	10.2193	5.4534	6.2246	5.9099	5.7179	5.6424	6.2605	5.5659	5.7446	7.0341	6.5357	5.8964	6.6504	8.3749	6.7455	5.9171	10.8426	5.8441	6.2312	5.7468	5.9358	5.876
EA_G__OXCT1	7.2396	3.8296	8.3114	8.4114	6.6974	7.6963	5.013	7.1334	8.0745	7.4034	7.2139	5.189	6.4591	7.4007	8.9635	7.5756	7.5346	8.2972	6.5524	9.2401	7.5998	4.8802	6.6138	7.6144	8.2942	6.3135	6.3182	7.2839	6.4151	7.5831	3.8325	7.0297	6.6852	8.4107	4.7164	6.7266	4.0608	4.1641	7.1322	7.5781	6.675
EA_G__FBXO32	6.4224	7.6783	8.1937	7.0116	6.2259	4.8769	6.54	7.873	5.993	8.6203	8.3564	6.1378	8.2483	4.2313	6.6466	7.1545	8.4864	6.8305	7.3539	5.7434	6.2022	4.9185	4.3157	5.8681	5.6122	6.6177	4.7735	5.5186	6.6536	7.4219	8.3307	9.0189	9.1506	7.231	7.0251	8.3507	8.4703	7.8346	7.6307	6.7079	5.3246
EA_G__TM4SF1	10.5837	9.103	8.6444	7.0223	10.4072	10.5797	6.7515	10.7816	9.0133	9.5101	4.7912	8.7278	11.0193	8.0929	10.0698	9.8907	10.7058	8.5726	9.7746	11.0964	10.8372	6.659	6.9126	9.4039	8.5816	5.4335	10.4572	4.2343	10.6986	10.1197	8.2184	11.0903	9.3613	9.8035	4.5973	10.3292	8.9507	6.8106	7.9421	9.8794	5.3992
EA_G__PXMP4	8.0834	8.9046	7.882	5.2497	7.8843	7.8873	8.6164	7.7706	6.0246	7.3667	9.3589	8.5329	7.1034	7.101	7.44	6.2103	5.7135	7.4931	7.5792	5.2531	7.1659	8.1338	8.2939	8.034	7.0092	9.098	6.47	8.0163	8.7127	8.6084	8.904	7.1319	7.7288	6.6909	8.0563	8.6365	8.1254	9.6272	4.7825	9.4987	7.5512
EA_G__TRAM2	7.4919	7.4497	7.1947	7.7429	7.2405	8.3778	8.3583	8.7676	5.9855	7.3391	8.2415	7.5937	7.8997	7.765	7.4105	7.6465	7.4326	8.3299	7.2095	6.8508	10.1703	7.1988	7.4153	7.3019	8.4506	7.2469	9.3195	7.9978	8.0145	7.3065	7.4146	8.1999	6.9641	7.2903	7.6341	6.5949	6.9516	7.3451	7.2498	6.8629	6.4375
EA_G__EPHX1	8.2368	8.5449	8.8577	7.6023	8.2299	6.921	7.7573	7.2243	8.8179	9.4485	7.7586	8.0552	8.617	7.0746	8.533	8.0586	7.8291	8.0577	8.9611	9.1177	6.9566	6.3676	6.7438	7.6533	8.5492	8.131	6.303	8.2123	7.4755	7.969	8.3315	7.8131	8.8805	7.4374	7.6259	10.4028	9.0237	8.343	7.7343	8.826	6.7631
EA_G__SESN3	4.5583	4.7487	2.8018	4.9115	4.4541	3.021	3.1262	5.8558	8.0847	8.6996	3.2049	4.5252	7.9282	4.7009	6.0989	7.462	4.0826	5.7533	4.1203	7.8565	4.078	3.8719	6.2761	6.9638	5.4794	4.7308	5.6164	6.2569	6.7313	5.2385	4.3555	6.3237	4.5309	3.2875	4.8698	7.5135	7.2797	3.0218	6.6973	6.2231	5.3527
EA_G__RASD2	6.9149	7.0317	6.3163	5.414	5.5278	5.5651	5.2306	7.0133	4.9303	7.2952	5.0267	4.3904	7.5323	5.709	5.8891	5.7056	8.57	4.9134	4.7322	6.8847	4.9978	5.4107	4.2452	5.6581	5.2652	7.1076	4.7861	4.6176	5.3761	6.0954	7.4073	8.1158	5.2831	5.2284	5.0798	6.1446	6.8398	5.5065	5.077	7.3208	6.4781
EA_G__RARRES1	6.9524	4.9938	5.5542	5.4808	4.6972	5.1318	4.9996	5.5363	7.9107	5.1588	4.5294	5.4825	6.4837	4.5616	9.337	9.7619	9.473	7.1774	4.7131	11.4794	5.0363	4.7482	4.9179	4.6705	4.6755	6.991	4.6488	4.7304	6.6189	5.6596	5.7265	4.9607	7.808	5.0319	4.7158	5.5045	5.1869	5.1753	5.3781	4.7181	4.6711
EA_G__LOC342897	6.8877	9.3215	7.5298	6.5232	6.405	6.341	6.1959	5.9222	7.6628	6.4521	6.3118	6.4283	6.2297	6.6868	7.9023	6.4686	8.5321	6.0562	6.1129	9.8111	6.3895	6.4818	6.8347	6.4992	6.3021	7.7221	6.2784	6.5222	7.442	7.3158	8.7168	6.8808	6.9333	6.6187	6.6136	9.7598	7.336	6.8452	7.8893	7.4687	6.4656
EA_G__KLK6	7.0631	5.1518	10.5243	4.8512	5.8665	5.2192	4.6448	8.8704	8.905	5.1136	4.7495	4.8798	5.6861	5.5909	9.742	11.2708	5.6391	7.5474	5.0016	6.7784	5.0055	5.3676	5.2398	4.9524	4.568	5.7877	4.9383	4.943	5.4919	5.7632	5.2367	4.7431	5.2022	4.9939	5.2092	6.61	8.0331	5.256	6.6689	5.0143	4.7424
EA_G__CST3	10.0647	8.3718	6.0505	11.2622	11.3026	10.076	9.6505	8.7754	7.4043	10.2791	10.4498	11.5438	11.0344	10.895	5.2619	7.3686	9.9545	7.8763	10.6237	6.9838	10.6584	10.9571	11.0955	11.5165	10.9746	12.3157	10.4303	11.2597	11.6755	9.2305	9.1846	9.4857	10.9825	10.4127	11.7364	9.8738	10.5733	10.0425	10.6168	9.1089	9.5064
EA_G__XYLT1	5.2317	6.9895	7.1485	5.7365	6.6981	5.0699	4.8446	4.7954	5.1637	6.8135	4.9647	4.9793	6.7744	5.4631	6.0867	6.7221	8.1534	4.4744	4.8526	6.1864	8.2443	5.5817	6.2135	6.4594	4.9722	6.7751	4.6559	5.9876	6.7302	5.8468	7.241	9.0893	6.4884	6.0094	5.3108	5.6381	5.653	5.5988	6.3338	4.979	5.3589
EA_G__CALB2	8.0751	4.3682	9.4484	4.991	7.6983	4.5283	4.2529	6.6151	6.014	5.4987	4.9633	6.5905	9.8532	6.3751	6.9999	9.7141	6.0323	9.3111	5.3211	9.8956	4.8503	4.3033	4.8289	4.4451	4.5107	8.4755	5.5838	4.4435	4.3592	5.5252	5.0455	5.3978	5.355	4.3414	6.2369	9.2125	4.9478	4.5061	5.5055	4.6117	4.5077
EA_G__CDCP1	8.534	6.3089	8.9565	8.0251	7.65	4.5396	7.6241	9.0594	7.5934	5.7738	6.733	7.5561	6.2779	9.0341	9.1124	8.9327	8.5008	9.5947	6.558	8.4237	4.6847	5.0267	5.1655	8.1914	4.6864	7.5262	8.0631	7.9998	6.7411	8.0166	6.3926	10.3823	8.3255	9.0246	5.3489	7.6336	7.2998	7.685	8.3503	7.7927	7.2571
EA_G__EFEMP1	8.9932	7.9469	4.1539	5.1865	7.8477	9.5279	9.8558	10.6762	4.3132	6.7744	5.8441	8.2369	4.4974	8.7016	8.8237	7.8833	9.5514	9.4495	10.4554	9.7036	7.9544	6.7067	7.2431	4.2682	10.2084	7.8036	6.9153	6.0749	8.1426	4.4023	9.074	4.0759	10.5316	9.6474	10.1493	7.0303	4.5549	9.4677	7.1217	7.8647	5.6764
EA_G__PYGL	8.2279	8.3211	5.4124	4.5482	8.5657	8.6049	3.8718	9.3095	3.8507	6.1698	6.4332	9.2013	9.2196	8.4187	6.1846	9.0332	4.9662	9.6848	8.9714	6.8818	7.9592	8.0777	7.1207	6.9183	8.1479	6.5905	9.1658	4.2731	4.9804	4.6456	7.7447	9.0854	9.7038	4.1135	5.0333	4.6464	4.4254	7.2832	7.6898	3.8629	4.711
EA_G__HOXC10	4.74	6.9683	8.1828	7.8332	9.4461	6.9178	5.1939	6.9379	5.1428	7.1737	8.5486	5.3777	8.2195	7.3622	7.208	7.7071	7.6059	7.2768	6.7651	7.9149	6.8844	6.6844	5.3594	4.7996	6.5243	8.4752	4.9652	8.4344	8.7743	8.7311	6.6801	6.7435	7.9778	7.779	9.1746	7.9355	8.816	8.9938	8.9917	9.3653	8.1466
EA_G__PNPLA3	7.2811	5.5648	6.6519	4.9407	6.4017	7.4872	5.7505	6.6264	7.5731	7.0269	4.619	8.8619	8.0043	6.6288	6.294	7.2937	6.9787	5.1807	7.2279	8.0173	6.3625	5.5723	5.0879	5.952	5.9585	5.8705	4.9472	4.7538	7.3528	7.4951	5.7974	5.933	7.725	6.646	5.0905	6.9222	8.0881	6.5966	5.8743	6.1496	6.9942
EA_G__KRT5	5.6583	5.8647	11.8335	5.8158	5.7928	6.1841	5.6275	12.3391	11.7328	9.6928	5.683	5.7326	5.9572	12.6685	12.0415	7.1179	6.212	10.3753	5.594	12.0293	5.5336	6.1731	6.055	5.6596	5.7219	6.1329	5.8241	5.9914	6.7276	6.3146	7.1845	6.0938	11.8827	6.3071	6.1514	9.9957	6.1381	6.3179	6.1874	6.1794	5.8452
EA_G__FLJ33790	6.6866	7.7222	7.3971	7.557	7.2318	6.5064	8.2235	6.9082	6.9404	7.3245	6.6492	7.3755	9.4994	6.7278	7.2245	6.7675	7.2427	6.7291	6.6399	7.2212	6.2331	6.5074	7.7906	6.5877	6.9103	7.6832	5.9928	6.5489	6.2324	9.313	7.5911	6.9989	8.1377	6.4363	6.4097	8.3494	7.2226	7.5509	8.5104	7.5982	7.5542
EA_G__OASL	6.3575	4.6211	4.5901	4.8774	7.4263	4.9747	4.704	4.6733	6.4553	5.86	4.8026	5.6794	7.0772	5.3296	8.9251	8.3453	6.7479	4.7037	6.6389	9.1771	4.9312	5.9856	6.1575	6.4121	5.2985	6.0756	6.5005	6.3562	5.4957	5.9698	4.8039	5.0465	7.4899	5.3478	5.3834	6.8892	6.7932	5.8265	5.3369	5.187	5.1827
EA_G__S100A9	9.9286	10.4677	9.3762	5.0812	6.9142	4.3949	4.6743	6.0501	8.569	5.7944	4.4989	4.2624	6.1371	5.9066	7.4444	9.4016	10.6024	7.5374	5.7237	8.3124	4.4361	5.5374	5.7212	4.7981	5.1561	7.6995	4.9199	4.4352	4.3882	5.3761	9.4696	5.0333	6.3185	5.2789	5.5378	7.0502	7.3179	5.8982	7.8924	4.854	4.7601
EA_G__PEG3	8.333	4.0029	3.9245	4.5297	5.6461	4.0271	4.8626	3.2884	4.0877	7.773	3.8743	3.6482	4.1597	3.9488	6.875	3.923	8.1593	7.9688	3.6556	4.3159	3.6734	4.3652	4.1998	8.7497	8.9885	6.2322	3.8592	3.977	3.5198	4.8486	4.8078	6.6983	4.3192	4.3046	3.7508	5.4255	10.9733	4.4931	10.1271	3.9747	3.7608
EA_G__EPHB6	5.857	8.4969	7.4338	6.3002	5.5279	5.4516	5.5827	5.6146	9.9697	5.9448	5.2634	5.6494	5.536	6.0019	6.8125	6.5558	8.6402	6.1908	5.7022	7.7802	7.2581	5.9095	5.8963	6.0219	5.4641	6.9214	5.4894	6.0295	6.1026	6.261	7.3595	5.6583	6.4799	6.0107	5.5256	7.1052	6.6515	6.5689	5.6638	6.4258	5.5975
EA_G__ITGB8	7.0563	4.3345	6.4719	5.1465	5.9577	4.0873	4.1401	7.5286	5.774	5.2072	5.7826	5.2163	8.4625	7.1158	7.234	7.3067	4.659	6.9491	5.0819	7.6877	5.151	4.2771	4.6015	4.2081	5.1207	5.038	4.0543	4.6954	4.9463	4.3102	4.6555	5.4208	9.0265	5.8961	5.499	7.0729	4.6554	4.8433	7.1037	4.1332	4.4104
EA_G__NFIA	8.7219	7.9826	8.0354	7.8386	8.0413	4.1739	6.7501	6.6336	5.2372	4.5819	7.9987	6.797	6.7164	6.497	7.8099	7.5085	8.33	7.7521	3.6404	8.4696	5.6756	6.9786	5.9519	5.0951	4.647	6.5191	6.7285	7.501	8.4243	8.3092	7.9186	7.3501	5.5137	6.8647	8.2188	9.3077	9.5288	8.6585	7.846	7.8989	6.3366
EA_G__ETV5	6.2865	4.3272	9.1423	7.3578	5.0088	6.9009	4.2365	5.8917	6.4816	7.5422	7.6289	4.0637	6.2938	6.6339	8.6748	8.1477	4.5278	8.0022	8.106	6.3993	8.4113	5.8307	5.215	4.6177	7.0525	6.8419	7.8838	4.0658	6.391	5.5641	4.6071	8.3688	6.1142	7.3205	7.1489	8.6807	7.6779	4.437	7.0861	4.0131	3.8071
EA_G__B3GNT5	3.7793	3.4685	6.5159	6.1603	3.4095	7.3741	3.4778	6.7891	7.2792	5.5026	2.7919	4.23	7.8987	8.0016	8.0347	8.5495	6.1118	8.2947	6.0722	8.3827	5.2203	4.1337	3.8927	3.425	6.7749	3.9863	6.2757	6.2889	3.2818	5.3898	3.9481	3.9823	7.6143	8.2305	3.8217	7.2146	4.389	4.0838	4.0239	3.3395	3.122
EA_G__S100A8	7.2676	10.1954	6.7219	4.7807	6.3767	4.0005	5.3255	4.6069	6.6263	7.1282	3.9801	6.3518	4.7881	5.1313	6.4967	9.2427	9.4726	6.0559	6.0686	6.1721	4.7518	4.5702	4.9561	4.5268	4.1872	5.7241	4.7909	4.5536	3.6908	5.3875	8.9045	4.823	6.3458	4.9514	5.3488	5.5872	6.402	5.059	6.7147	4.5989	5.9159
