Cell lines	600MPE	AU565	BT20	BT474	BT483	BT549	CAMA1	HCC1143	HCC1187	HCC1428	HCC1569	HCC1806	HCC1937	HCC1954	HCC2185	HCC3153	HCC38	HCC70	HS578T	LY2	MCF7	MDAMB134VI	MDAMB157	MDAMB175VII	MDAMB231	MDAMB361	MDAMB415	MDAMB453	SKBR3	SUM1315MO2	SUM149PT	SUM159PT	SUM185PE	SUM225CWN	SUM52PE	T47D	UACC812	ZR751	ZR75B
Response	-1	1	1	-1	-1	1	1	1	-1	1	-1	-1	-1	-1	-1	1	1	1	-1	1	-1	-1	-1	-1	-1	-1	1	1	-1	1	-1	1	1	-1	-1	-1	-1	-1	-1
U133A__ALG8	9.4128	8.4278	7.6914	6.5356	8.3549	7.9405	6.6033	6.2182	7.6456	7.6652	7.8702	8.7761	7.8004	8.0008	7.6089	7.3049	7.2125	7.3278	7.5191	7.5858	7.9871	10.7193	7.7998	8.8685	8.7431	7.2719	7.4657	8.1124	8.2403	6.5926	8.0269	7.7542	7.5285	7.8622	9.2336	8.4518	8.2776	7.1673	8.0229
U133A__HMOX1	5.9805	6.3462	7.4205	6.2042	6.0583	9.3758	6.8273	6.6101	6.269	6.5746	7.1662	6.0146	6.2742	5.9549	6.7426	7.6179	6.5557	6.0875	7.9038	5.9175	5.8619	6.4551	6.459	6.0077	6.365	6.3473	6.6004	6.3751	6.243	9.709	5.7164	8.5448	6.5511	6.6615	5.9153	5.9068	5.6787	6.4186	6.8615
U133A__MT1G	9.5396	9.8014	11.1459	9.5375	9.1879	10.2389	9.5497	10.1966	8.9364	10.0569	9.4293	10.1144	9.3626	10.3956	8.9171	9.9396	10.5941	10.0105	11.0897	9.5614	9.4205	9.4776	9.8725	9.5197	10.9873	9.9641	11.216	9.6989	9.9504	10.9458	11.5697	11.2823	9.5986	10.4865	9.9742	9.6423	8.985	9.3284	8.7799
U133A__CDKN1A	8.2831	7.2923	7.3268	7.7668	9.5202	6.794	7.442	8.4726	7.4215	6.9593	8.0665	7.8881	9.2323	8.3044	6.6142	10.089	7.0906	7.2666	8.4832	8.0984	8.6455	9.5528	7.835	8.8575	6.9282	9.465	7.5943	7.1964	7.4332	7.7385	9.0587	7.7207	7.994	8.4722	6.635	8.1709	8.8133	8.4019	9.8192
U133A__RNASET2	8.128	8.9614	7.3384	8.3523	7.6879	6.5304	7.4109	6.2817	7.1632	7.2288	8.724	8.1106	6.9623	7.4644	7.8744	5.444	5.712	7.6474	6.5863	7.8307	8.1873	8.1991	6.5105	7.9749	6.851	9.2695	6.9932	8.1165	8.4278	6.555	7.8822	6.0853	9.1341	8.5411	9.2691	6.3693	10	7.9327	8.4503
U133A__COL5A2	3.6592	4.0376	3.5026	4.6751	3.4526	10.0719	3.8191	3.8886	3.4847	3.7263	3.4448	6.5973	3.7802	3.6864	3.3421	3.6693	9.4833	3.5658	7.0179	3.8522	3.5233	3.4666	8.4776	3.9137	3.5334	3.4515	7.5595	3.711	3.7488	9.9755	3.6722	5.1542	9.1244	7.2526	3.6895	3.8055	3.6153	3.8998	3.5822
U133A__RAB6A	8.3478	8.1354	7.602	9.6089	8.5203	8.235	7.0744	7.5458	8.9785	9.6511	8.2605	8.7391	8.1772	8.2082	9.3203	8.6921	7.8781	8.3045	7.1215	8.4947	8.5233	10.7149	8.1531	8.4794	7.9162	7.769	7.67	7.9761	8.2774	7.0141	8.7486	7.4315	8.176	8.9419	8.722	7.9143	8.5491	7.9982	7.7061
U133A__DUSP6	9.086	4.5862	4.7356	7.2517	5.9772	4.8545	3.8179	3.2318	4.2026	3.781	5.2299	8.0553	4.5799	7.6182	4.4033	4.5763	3.9989	3.4463	6.0844	3.8725	4.1192	7.7835	5.8583	8.4975	9.3144	6.7839	6.3629	7.4639	3.4721	4.239	6.1233	5.2699	7.8927	10.078	10.1408	5.8571	6.0751	3.7037	3.6122
U133A__DUSP4	10.5675	7.7073	7.2673	8.7557	6.0843	4.1033	3.6137	3.1114	3.4129	3.194	3.6057	4.3157	3.8377	6.9902	8.2093	3.5935	6.8971	3.1519	5.7101	6.7026	5.4863	8.3122	5.4229	10.2336	8.0304	8.4695	6.9283	6.4106	9.2095	3.1016	6.4878	3.4488	10.6614	8.006	8.6117	6.152	9.8113	8.4149	6.4699
U133A__HTRA1	6.7003	6.2736	6.3885	6.5619	6.5603	6.4306	5.9744	6.5707	6.7075	5.904	6.5307	7.7992	8.3177	6.4915	6.4236	6.16	6.9112	5.9653	8.1098	7.5058	6.8794	6.3703	9.3958	6.821	6.888	8.4262	6.0692	6.4565	6.2344	11.4172	9.6218	7.5158	6.3811	8.6427	8.5513	6.7275	7.4804	6.294	6.4095
U133A__SARS	7.7374	8.322	11.1448	8.1394	8.1342	9.4981	9.6965	7.7344	7.4681	8.0177	8.2959	8.6775	8.9196	8.2049	7.1093	8.7586	9.6745	9.0718	8.3933	8.447	8.5561	8.4441	8.8517	7.1754	9.7475	7.8395	8.1705	8.5303	8.3585	9.224	8.73	8.4421	9.1614	9.4498	8.9271	7.9232	7.8378	7.7401	8.0215
U133A__TPBG	8.362	9.3082	9.5497	10.0326	9.716	9.0389	8.1457	8.6684	8.0417	9.4877	7.0253	9.8269	9.1174	9.7268	8.3264	9.6879	7.878	9.2793	10.0826	8.4052	10.3529	11.3764	9.4309	9.3753	8.789	11.2864	9.3918	8.2486	8.6674	6.8472	9.796	9.0604	8.4863	9.5087	7.8683	10.1331	10.3387	9.525	9.7759
U133A__MT1P2	10.1084	9.8881	12.0742	9.719	9.2436	10.5395	9.2019	10.3683	8.2837	10.6617	9.531	10.1679	9.6322	10.9101	9.0536	10.1399	10.8309	10.1722	11.5302	9.2927	9.0609	9.141	10.3507	9.5369	11.052	9.9655	11.5305	9.8421	10.038	11.0822	11.8502	11.6559	9.2834	10.2496	10.1061	8.6721	8.6118	9.5654	8.5364
U133A__MSL1	8.4973	11.0616	7.1325	7.6567	8.9254	7.246	7.5161	6.2351	7.9444	6.4312	7.5699	7.3185	7.0968	7.4843	7.6938	6.777	7.3462	7.9972	7.5341	7.7231	7.2066	8.0309	7.4204	7.6825	7.3756	7.8424	7.0973	7.0433	11.0407	7.3822	7.534	8.238	7.4681	7.4342	7.1078	8.3011	11.0363	8.2656	8.1269
U133A__LGALS8	9.6652	6.93	6.3346	7.7823	8.9898	4.0492	6.3609	6.2438	4.4525	7.5037	4.2296	6.4287	7.3981	5.7325	8.0335	3.8314	5.7469	5.9013	4.1778	3.8058	5.3444	7.2931	3.8368	7.8755	7.5299	7.1015	8.0029	7.9816	6.8287	4.3027	6.2919	4.594	4.0473	8.7099	8.0004	6.0748	7.5306	8.9952	6.5759
U133A__MT1X	8.4084	8.2002	10.7098	8.1249	7.4471	9.3471	8.3782	10.0479	6.6892	9.4273	8.2086	8.6822	8.4598	10.1523	8.178	8.9091	10.0628	10.8713	10.1184	6.7858	7.3453	7.4573	9.6321	8.505	10.0782	8.8258	10.9035	8.2451	8.777	9.7324	10.4715	10.7999	8.8989	9.62	9.7216	6.9663	7.1999	9.2386	6.7383
U133A__RAB11FIP1	7.0112	6.3265	6.0089	6.3952	10.1852	4.1652	7.5606	6.1832	5.5435	7.7345	6.5955	5.6248	6.6226	5.2897	7.879	5.1828	6.1834	5.6434	4.4743	5.1289	5.3596	9.2312	5.4449	6.7784	5.3435	6.8999	5.2841	5.1493	6.3631	3.4957	5.5237	5.5979	7.3772	10.4161	7.5511	7.0406	7.0536	8.8087	8.0265
U133A__FKBP4	7.8938	7.2314	7.3501	7.8308	8.6332	6.4693	7.5977	6.4888	7.6079	10.106	8.0188	7.4516	7.9534	8.2485	6.7073	8.3906	6.7943	7.4821	6.6219	7.3035	8.5173	9.1486	6.0714	8.2269	7.0025	8.2281	5.9213	7.3097	8.068	6.4055	8.0056	7.8416	7.6881	7.3206	7.2406	8.8391	7.4746	8.1696	8.6481
U133A__EFEMP1	7.4576	8.4777	3.9936	4.9476	7.2537	9.8537	9.8452	11.5931	3.9406	9.5939	4.5082	9.0406	7.8452	6.2124	9.5684	8.5328	11.2032	9.9411	5.6562	6.8707	6.1881	4.3448	9.1576	7.5869	6.0508	5.3781	9.5557	4.4232	8.7332	3.8355	9.2272	9.7898	10.0329	9.0876	4.2679	10.1096	7.0931	6.9504	7.616
U133A__RAGE	6.0153	6.1349	6.009	5.6582	5.9482	7.2698	6.0013	6.0206	5.8776	6.0351	5.5039	7.6833	5.9007	7.0987	5.9309	8.8647	6.6317	5.7582	8.3499	6.0592	5.9778	6.0999	6.24	5.936	7.0726	5.6932	6.5152	5.9935	5.614	7.5141	5.9461	7.6006	5.8088	6.554	5.7914	6.1698	5.6803	5.8604	5.4439
U133A__CPT1A	10.5883	8.887	7.4665	9.5016	8.6701	8.4327	9.4235	7.6056	6.2671	7.5383	8.2799	8.953	7.8024	7.5517	9.0395	7.646	7.5211	7.2006	7.6178	10.0183	8.1697	9.418	8.0684	10.2031	7.2216	9.6018	11.1624	6.6204	9.3272	7.9409	8.4929	6.4225	7.706	9.0136	9.8477	8.9331	8.9083	8.9262	9.9244
U133A__GGT1	6.3598	7.8753	6.1146	6.9381	7.2095	5.218	6.6358	5.9838	5.8612	5.8938	6.2897	5.7906	5.633	5.6301	6.5264	5.9789	5.836	5.2491	6.162	5.6221	5.586	7.1572	5.3165	6.8532	5.7474	9.3288	5.4845	6.6688	7.0597	5.7279	5.4076	5.5316	5.1897	6.2766	6.0135	6.5047	6.6745	7.9471	5.6866
U133A__ZNF238	6.9296	3.6984	8.1969	7.2027	8.8738	7.2082	4.9441	6.3162	7.6741	3.3173	8.3037	5.0206	6.5104	5.7289	7.2653	6.3071	4.5975	6.9448	5.6544	3.3741	3.5935	4.9768	7.0301	5.758	7.4201	6.4543	4.1213	4.6561	3.2385	4.123	5.4605	4.4145	7.3186	7.2616	7.108	4.5444	8.6131	7.2481	4.7902
U133A__CTSD	9.7858	9.5957	7.9406	7.1763	8.323	6.9866	6.4872	8.2899	6.7151	7.5811	7.2047	7.275	8.3106	8.6724	8.1006	7.8089	7.6112	7.4579	8.1864	6.5121	10.1375	8.6215	7.6491	9.6629	6.2229	8.6821	8.955	7.1412	9.2908	7.8084	7.3249	7.2014	8.1671	9.185	8.7805	8.9881	10.763	7.1248	10.2609
U133A__NMU	7.7687	4.1757	5.3381	4.3252	6.8641	4.1752	4.6813	8.636	7.3185	5.2777	6.318	7.1706	9.1284	4.9977	4.242	7.6872	6.8751	4.3367	4.0377	4.0093	4.3863	4.6474	5.4827	5.9742	7.7496	6.7082	4.4051	6.521	3.9427	4.1099	7.0073	4.7095	4.1234	7.0702	6.565	6.9468	5.598	7.6505	8.6929
U133A__AHNAK2	4.3732	3.6455	4.6633	3.7668	4.2833	7.8526	4.6283	9.299	3.5509	4.9391	3.8991	6.3896	4.45	6.0159	4.1841	7.2624	6.7199	6.3673	5.4933	3.9157	4.2351	4.6591	8.267	4.9602	5.1847	4.0095	4.1542	3.6524	3.8567	9.5019	5.603	7.6929	8.3787	4.9678	4.0909	4.2427	4.4986	3.8844	4.6233
U133A__SLC16A3	4.8204	8.7523	4.7778	7.5024	8.6788	3.8512	4.5588	5.858	4.6259	4.682	6.8934	8.3892	5.8137	7.6306	4.7371	5.944	7.2585	5.2284	5.8389	5.5231	5.6305	5.6692	6.9724	5.9795	8.9113	5.1973	4.6446	4.4335	8.1393	6.7169	10.4205	7.0373	5.8006	6.4482	4.1816	5.4415	9.251	7.172	9.6262
U133A__MT1H	9.7691	9.9144	12.0323	9.4742	8.8859	10.3299	8.7427	10.344	8.326	10.4489	9.4932	10.0553	9.4289	10.9063	8.4144	10.0575	10.9054	10.2961	11.2855	8.4115	8.8273	9.1557	10.2353	9.3853	10.9772	10.1181	11.5502	9.7013	9.8995	11.3317	11.9502	11.5849	8.9971	10.3979	10.0943	8.5934	8.495	9.4841	8.3513
U133A__DUSP10	5.4056	5.5071	5.7777	6.4654	5.6859	5.7191	5.4751	7.6259	5.1666	5.1364	5.7942	6.3954	5.891	6.5779	5.8496	5.5188	5.3402	5.015	5.8129	4.966	5.4438	7.04	8.1295	5.503	5.3919	6.9872	5.2603	6.2669	5.8129	5.0123	8.1863	6.0591	5.8395	7.5178	6.2508	5.2379	5.489	6.5841	5.1311
U133A__NRAS	5.5548	6.1408	7.7102	6.0264	5.2946	7.6303	6.9143	5.5279	5.2327	6.1487	4.6216	7.2599	7.2058	6.6215	4.2955	7.6456	7.144	6.1282	7.0791	8.2575	8.4564	5.858	6.3052	4.9996	7.7325	5.1749	5.0033	5.4207	5.5992	7.5259	7.0119	7.2775	4.3038	4.2994	5.9637	5.7282	4.6213	4.1235	4.3905
U133A__CRIP1	8.4245	4.9101	4.4423	9.7016	12.0514	5.0897	4.9873	5.2707	8.3369	5.2036	8.8011	6.9537	4.8419	4.9281	4.8404	5.1706	5.7282	7.8829	4.6486	5.4919	5.8025	10.1788	4.3166	9.4513	4.6497	9.8876	9.8166	8.6704	5.2638	5.2501	8.6033	4.6048	5.5028	5.7352	5.1629	10.2423	9.5778	10.2373	11.2244
U133A__KDM5B	8.1465	7.4558	6.7369	8.3674	9.3575	7.7621	6.8057	6.7703	9.3637	6.7633	6.888	7.5471	7.688	6.1548	7.2104	6.6561	7.2374	7.8139	5.2883	6.9218	8.0348	7.1544	7.1837	8.3026	6.3683	7.883	7.3634	7.4506	6.7803	6.9829	6.1166	5.7313	8.4742	8.0702	8.648	7.9186	10.1097	9.667	8.2752
U133A__CYBA	7.5824	8.4801	6.1991	8.2641	9.4769	5.9814	9.258	6.4165	8.8793	7.1529	9.324	9.0523	10.2521	6.2915	9.1399	6.2252	9.4901	5.747	6.4921	9.1755	10.2423	8.7674	8.5241	9.1094	8.7282	6.2271	7.4685	9.3142	7.853	6.143	10.2727	7.7619	6.4983	5.6748	6.4006	6.3661	8.2007	9.3755	9.5046
U133A__MTSS1	6.1643	5.7383	5.3768	7.3643	7.6215	4.9656	5.9102	5.6476	7.3985	7.25	5.0706	7.6595	6.7544	5.934	5.6185	5.7008	5.9595	5.9118	5.8551	5.6033	6.7478	6.1281	5.0839	6.6973	5.4931	6.2973	5.9324	6.0706	5.5902	5.4629	5.0714	6.036	5.7336	6.3201	6.996	5.2492	8.4561	7.5645	6.722
U133A__TSPYL5	3.6622	4.0244	6.8694	3.6776	9.022	3.6848	3.8648	8.5831	7.8475	10.848	6.2106	7.8231	7.0585	3.8296	3.6174	8.1839	8.8496	5.7356	3.7217	9.129	8.4795	3.8889	5.8008	8.0107	3.5589	3.5408	4.4057	3.6938	4.7196	8.2136	6.338	3.9169	8.5555	3.6322	3.9345	3.9492	8.9721	3.3756	3.5561
U133A__ADI1	7.576	8.4126	9.9636	6.0904	7.5485	8.1381	7.1524	7.9559	5.7867	7.111	7.2265	8.4107	8.9165	8.3018	7.5084	6.2243	7.7446	7.2521	7.0495	8.7333	8.131	6.9574	8.6245	5.8795	7.4451	8.669	7.2065	8.8698	7.9541	8.3028	6.8774	8.8092	7.8845	7.8338	7.9971	6.6821	7.0726	6.8236	7.0473
U133A__CAT	9.2728	8.6882	8.9651	8.6094	8.1768	7.6458	7.9778	7.1926	8.5442	9.183	8.3309	11.1759	8.5523	9.9741	8.1137	9.9591	7.7908	8.3007	7.9061	7.4298	7.812	9.1065	7.2563	8.7414	8.3873	9.0302	7.4691	8.3149	8.1271	8.2005	8.7364	8.0446	6.1542	10.075	8.6121	9.4779	9.0364	7.6033	7.5928
U133A__PLEKHF2	7.8227	5.5542	5.4206	8.353	9.5772	5.3539	7.7758	6.2048	6.0169	8.5369	6.5492	6.6429	8.251	6.1642	9.5057	6.5501	5.6869	6.6621	5.3134	7.6518	7.2111	8.3373	5.1421	7.3073	5.4357	9.0386	6.3531	8.0942	4.8166	4.8152	4.6651	5.4296	6.1804	9.5436	9.1234	7.8132	8.0893	8.9253	8.4682
U133A__ALDH3B2	6.5658	8.7068	6.0898	9.5624	8.1606	5.2722	7.965	6.0893	7.5457	8.0414	6.9725	4.847	7.2269	5.3528	10.1542	6.3245	4.9788	4.7615	5.3712	6.066	6.2633	10.8627	5.4095	7.7902	4.5362	10.3719	7.7701	8.9937	7.1355	4.5919	5.4648	4.9338	7.1044	9.7612	8.5803	7.4248	8.7639	9.0773	8.4681
U133A__RGS3	7.3396	7.3194	7.4449	7.1317	6.8211	7.9865	7.1868	7.3192	6.932	7.2255	7.079	6.1877	7.0754	6.7835	6.8538	6.6612	7.1936	6.9064	7.5345	6.4823	6.5597	7.2539	6.4331	7.161	6.9934	7.1745	7.2838	9.0562	7.3575	9.8179	6.9968	7.3523	6.5829	7.6718	7.8599	7.1022	6.2931	6.3998	6.6534
U133A__LGALS1	9.2382	7.7525	11.1622	5.8446	8.8126	11.9757	12.336	12.1952	11.1399	10.6651	11.5613	8.1987	9.9206	10.3303	5.0472	11.7356	11.486	11.2154	12.9455	7.8464	8.893	10.3526	12.5884	11.124	11.6327	5.2613	11.3986	10.2053	8.8885	12.472	11.6862	11.8188	5.4749	9.8542	9.5798	11.0411	10.1593	6.0697	8.6626
U133A__SDF2	8.2388	7.8829	7.5004	7.8306	7.8227	7.654	7.6603	7.7701	7.4071	6.8821	7.8707	7.3082	7.6121	8.0018	7.3506	7.6774	8.1304	7.2951	7.6302	7.522	7.5795	7.8303	7.9851	7.4936	7.8295	7.9517	7.635	7.3677	8.152	7.4198	7.2358	7.2845	7.5697	8.1691	7.5493	8.2573	8.6775	7.5268	7.6639
U133A__UPF3B	5.4087	7.4007	8.996	6.0208	6.4356	8.5935	6.8089	6.7156	8.967	5.7916	6.9372	7.1397	6.7902	7.4767	6.9753	7.8309	7.9876	7.8404	6.1483	7.3708	7.4787	6.5789	7.2884	5.6376	7.2472	6.0651	7.2458	7.3178	6.6988	6.1282	5.6486	6.551	5.1739	6.9342	6.3386	5.4531	6.7	5.4613	6.7386
U133A__ESR1	6.6831	4.5396	4.5822	6.3976	9.5319	4.5782	6.6629	4.3235	4.353	8.2688	4.2264	4.7002	5.0748	4.3154	4.4719	4.0143	4.271	4.5688	4.0522	6.4113	7.7469	9.7696	4.5068	6.1899	4.216	8.2838	6.551	4.4076	4.7332	4.2618	4.2987	3.6143	4.1637	4.8123	6.8369	7.3126	6.7535	5.0044	7.8658
U133A__CBS	5.9765	5.4492	7.8767	5.6544	6.2438	7.3369	6.087	7.4403	8.4846	5.7384	8.0993	6.5391	5.9537	6.3435	5.1559	6.6224	6.4994	7.6089	5.9747	6.9595	7.2635	5.6818	6.6504	6.1478	5.3068	5.6614	5.2172	8.0108	5.5159	8.1012	5.822	5.7536	8.3385	6.9199	6.5534	5.6538	6.9704	5.2268	6.395
U133A__CRYAB	5.9769	6.6645	5.5916	5.2189	5.2365	5.1263	5.5506	8.962	10.349	5.5635	10.0838	5.3294	7.6599	5.5014	5.2775	8.9366	7.7718	8.6936	5.6617	5.4935	5.4123	5.2084	5.1464	5.1888	5.1236	5.2909	5.2474	5.3376	5.6819	6.1253	5.0584	5.4355	5.2794	9.1503	5.5079	5.4755	4.7935	4.6965	4.9777
U133A__BIN1	6.4237	8.362	8.6512	6.4352	6.1854	8.6377	6.2759	6.655	6.2781	7.1999	6.9047	7.8473	6.3914	7.5205	5.867	6.5609	8.452	6.4451	7.2778	6.4746	6.324	5.8916	8.4158	6.2689	6.4772	6.4021	6.3341	6.0966	7.052	9.2603	7.9808	8.5909	6.3494	7.856	6.4031	6.3309	6.8244	6.3347	6.2291
U133A__DEPDC6	6.5775	5.651	5.4249	7.3238	6.9351	5.3355	6.1073	6.4586	5.8382	6.8016	5.4454	5.018	5.9569	5.7007	7.0469	5.6039	5.2684	6.8221	7.3107	5.2826	7.2091	6.8144	6.7692	6.3997	5.2031	8.2562	7.3802	6.37	6.1324	5.3696	5.477	5.4188	5.853	8.0495	5.8502	6.5351	7.6139	5.8068	5.7792
U133A__GPRC5C	7.4235	6.1309	5.8727	6.7046	6.796	5.3902	6.9703	5.6507	5.5117	6.314	5.8513	5.5639	5.7202	5.8357	6.4456	5.8599	6.2879	5.6807	6.194	6.4966	6.7739	7.9681	9.0957	7.5182	5.7214	8.3154	6.1173	7.1564	6.0889	5.7109	5.5935	5.16	6.7736	6.437	6.2738	7.4572	7.4876	7.2886	6.3964
U133A__SLC16A1	5.5794	5.7645	8.3004	6.0565	5.5591	7.9693	6.5954	7.3152	6.2764	5.9809	7.3342	8.5427	8.3794	8.0237	5.2666	7.0439	8.327	8.4403	7.6278	6.1698	6.5289	6.4164	7.8131	4.8744	5.4479	5.6483	8.4516	5.5286	5.5178	8.0539	8.2358	8.9896	5.3126	5.4203	6.7675	5.835	6.0467	4.937	7.0823
U133A__LEPREL1	5.2728	5.3422	8.3477	5.4569	5.0282	9.3138	5.5085	7.9786	5.848	5.3502	6.5309	7.5076	8.3214	7.2828	5.1026	5.8493	7.0181	9.188	7.5821	5.5045	5.6844	5.199	6.6369	4.9666	7.9034	4.9339	4.9033	5.3148	5.5942	6.252	5.3512	7.3962	5.376	5.3514	5.1657	5.3306	5.109	5.1199	4.9922
U133A__DTX4	8.5534	9.0599	7.5579	7.4076	6.3974	6.0917	6.706	6.3983	8.0553	6.4963	8.0591	7.1172	8.3881	7.9724	9.3534	6.8807	5.8196	7.6493	6.1719	6.0955	6.0561	6.6433	6.6331	8.2983	5.8898	7.0834	7.3844	6.6527	7.4584	6.2423	7.1386	5.167	7.0847	7.7214	7.9261	5.7985	9.3252	6.781	6.6645
U133A__TMEM97	7.9988	7.4968	7.8134	8.0862	8.2533	8.169	8.1593	6.9567	8.4639	6.6066	8.3934	7.6408	6.7473	7.9736	7.4076	7.1745	7.9142	7.8347	7.7135	8.5816	8.5359	9.5737	7.8827	8.5164	8.8979	7.8895	7.5503	8.4304	7.6014	6.1747	7.2433	7.5153	7.243	10.8166	6.1129	8.4702	9.4899	6.622	8.3972
U133A__PAPSS2	7.0707	5.8816	3.9695	5.3602	5.2108	6.6711	3.8394	4.8937	4.6984	3.9281	5.1435	5.5366	3.971	6.3733	4.9065	3.897	5.6995	8.2559	6.008	6.3637	6.5578	3.9412	7.408	6.6677	8.8003	6.8324	5.2034	4.2712	5.4182	4.7146	5.0383	4.0733	11.0443	7.0197	7.4545	6.4273	9.8404	8.3648	5.2131
U133A__ADD3	6.6598	6.5922	5.3978	6.785	7.3626	4.6305	5.8974	7.5616	6.7554	6.0067	5.9834	8.9014	7.7653	5.2378	6.6912	4.2227	7.5595	8.6087	8.3932	5.0474	4.6928	6.3464	7.5729	4.5674	5.9771	9.2733	8.7003	4.1664	5.7824	6.9891	7.4625	3.7616	4.5454	8.7778	8.6528	6.232	7.0666	6.5704	6.4893
U133A__LMO4	7.4737	7.1325	7.3624	8.5532	7.9792	9.7098	5.7002	8.2677	7.6793	8.0974	7.6477	7.0389	7.4546	6.855	7.7206	8.0476	7.8791	8.7906	7.5205	6.2739	5.9112	7.0129	7.6279	7.9445	7.5364	7.9322	9.2733	7.7056	6.1979	8.918	6.745	6.2862	9.1307	8.2001	7.5695	8.3962	6.7757	4.2304	6.628
U133A__MXRA8	6.6814	6.4226	6.3526	6.5751	7.5162	6.4677	6.6606	6.8139	7.0584	6.6413	6.635	6.1241	6.1358	6.3597	6.7322	6.5515	6.2424	6.1817	8.7616	6.6178	6.5441	6.7218	7.6211	6.8253	6.8696	9.6105	6.5215	6.4176	6.9123	10.373	6.457	6.6133	6.658	5.9355	6.3683	8.0331	7.8369	7.0696	7.8033
U133A__GLS	4.4195	5.7518	7.2918	4.0759	4.3543	6.6791	3.7784	7.3472	5.1229	5.2186	7.3126	7.012	5.7987	5.3433	5.3827	5.5398	7.1731	7.3676	5.5516	5.2015	5.0259	4.7226	6.4009	4.2736	7.034	4.1183	4.9112	3.4156	4.8237	7.9906	6.7428	6.0561	4.4919	4.9067	4.4406	4.5268	4.8293	4.3555	4.9851
U133A__ALDH2	9.3805	9.7677	5.4141	10.227	9.9024	6.8361	9.4075	5.5016	8.2046	6.0363	8.5911	8.8455	5.5621	4.9952	5.4287	5.4604	8.6838	7.2193	5.5024	6.2979	6.6812	6.8677	7.5525	6.3535	7.9242	10.2982	8.6058	5.4285	10.0471	7.2277	7.8676	5.8958	5.3037	10.5581	5.8761	7.3889	6.6914	9.1299	7.0443
U133A__CDK14	8.6483	5.1017	5.5914	6.7216	6.7512	4.9859	5.9636	6.0433	7.151	5.5382	5.5826	6.0146	6.2902	5.8351	5.5811	6.4406	6.7865	5.4488	6.9009	5.2891	5.3301	6.5698	5.5064	5.8304	6.4005	5.6448	6.3828	5.0626	5.0038	5.8604	7.3179	6.1089	6.4645	7.2559	8.4385	5.6363	6.2927	5.5939	5.8693
U133A__MYB	7.1063	6.9468	5.5605	7.1427	8.3619	5.2382	6.1754	5.4142	6.3239	6.4602	5.2946	4.9253	6.2981	5.4064	7.3429	5.4122	4.8759	5.6105	5.5049	6.3934	7.2538	7.4732	4.4327	7.1898	5.3734	8.3463	6.7762	7.5681	6.5134	5.2487	5.4891	4.8102	5.5343	6.6125	6.4074	6.262	6.73	6.2372	7.4982
U133A__NDRG1	8.6805	9.5465	6.8656	10.7596	9.778	5.7369	8.7552	8.7441	8.9747	8.2843	8.3586	8.4558	8.8067	7.6502	8.7344	8.4931	6.3697	8.1136	7.8216	6.8145	8.2818	7.5775	7.4456	7.5	6.9756	7.9262	7.0386	8.4733	10.6886	7.7033	8.1369	6.9465	8.0954	9.5387	8.3876	6.9584	10.4157	10.0224	6.6565
U133A__PRKRIR	9.1253	7.7476	7.8076	9.338	7.918	7.5965	6.9452	7.0352	8.6927	8.1006	7.8564	8.7561	7.6003	8.2642	8.4684	7.7516	7.5375	8.1211	7.1304	8.2839	7.9468	10.7632	6.8576	8.5159	8.0769	7.458	7.2631	8.25	7.5467	6.8547	8.0119	7.9799	7.1922	7.8581	10.7226	7.8441	7.7156	6.7416	7.6098
U133A__THBS3	6.2912	5.8276	5.7381	6.275	6.7039	7.1068	6.3338	8.126	6.7233	6.0136	6.1875	5.1508	5.7931	5.6536	6.7703	6.3532	7.2496	6.8148	6.0048	5.9467	5.9646	5.7134	6.1586	6.4049	5.3286	5.9381	6.1711	6.1654	6.0105	8.1531	5.5847	6.1891	8.5329	6.6929	6.0802	6.2639	7.7209	6.9753	6.1098
U133A__ST3GAL5	9.5805	6.4839	6.6923	7.1715	6.4751	6.5116	7.1656	6.8297	6.4177	6.6646	6.2875	6.5189	7.4825	7.0233	6.7829	6.2111	6.6579	6.0716	7.1331	6.6666	7.2166	7.8029	7.2347	7.3281	7.1366	8.5636	7.8383	6.8596	6.6984	6.6962	6.5316	6.736	6.7353	6.6495	8.4997	6.4642	6.9124	8.0021	6.7229
U133A__EMP3	4.327	3.9888	4.4028	4.2731	4.2246	9.9908	4.5129	5.9249	4.5177	4.8069	4.4271	6.169	4.4585	4.1728	4.8236	4.8179	9.0618	5.7623	10.2742	4.4979	4.6047	4.5679	9.169	4.2846	9.3624	4.4717	4.519	4.3967	4.5344	9.6246	8.36	9.3993	5.4208	4.3435	4.3907	4.6524	4.1567	4.2003	4.5004
U133A__HSPB8	7.1855	6.051	8.3424	6.117	10.5584	4.8732	8.9372	5.2653	5.2554	9.9574	5.3779	7.1384	7.7295	5.5586	5.7058	5.2302	6.0879	4.9705	7.4722	5.9505	7.092	7.9963	5.6915	7.4217	5.354	9.502	7.0711	5.3281	5.3147	5.3216	5.8513	6.7961	5.3147	7.2769	8.4231	7.8393	9.15	5.4253	7.0301
U133A__PYCARD	8.3425	4.2244	4.7298	5.4701	7.3246	4.447	5.1843	5.0099	4.8594	5.9409	5.1793	7.5264	9.1393	4.5935	6.2626	4.5237	6.4245	5.2816	5.108	6.9726	6.9218	7.3557	4.5675	7.1603	4.9364	7.8265	8.0508	7.5019	4.0792	4.5829	7.3411	4.6416	7.1454	5.9713	7.4295	5.4483	8.3358	5.9965	6.5847
U133A__DSP	8.0337	8.7599	8.19	10.2272	10.7384	4.1204	8.9093	9.9995	10.3829	5.1408	8.2259	9.6499	10.3321	8.5612	10.8212	10.0141	8.0855	10.7105	4.4382	8.5645	8.7556	10.6943	6.7151	8.9162	6.2146	8.9265	9.3477	6.8808	8.7908	4.2093	8.6303	4.4257	9.3172	9.9535	9.0121	9.2126	10.4274	10.2253	8.4497
U133A__C6orf211	4.7061	5.7621	5.6679	7.0185	8.9986	4.6285	6.9624	4.5967	4.1924	8.487	5.0896	6.0769	4.6395	5.7836	6.7831	4.2786	4.0272	5.9741	4.6184	6.7797	7.9113	8.0697	4.908	6.42	5.865	8.5915	6.0873	5.0652	5.1504	4.4327	4.8395	5.1406	4.7754	6.2025	7.0532	6.7713	6.982	4.5541	9.4202
U133A__WIPF2	7.8898	9.6083	7.3695	7.5985	8.5238	6.9901	7.5467	7.046	7.4943	7.0421	7.2034	7.7741	7.5312	7.0628	7.8499	7.4139	8.121	8.031	6.801	6.8968	7.2167	7.3216	6.9982	7.2732	7.0631	6.9269	7.0783	6.7501	9.2517	6.8638	6.9429	6.4372	6.7552	7.6318	7.3093	8.1352	11.4709	7.2703	8.1868
U133A__ARHGDIB	8.5293	8.1199	5.8842	6.4501	7.2463	4.7304	4.7976	5.607	6.4063	8.0311	5.4551	9.4922	9.2045	7.5589	10.3184	8.841	4.8659	9.2277	6.0753	4.7729	5.4535	5.0219	5.5393	10.2407	10.0378	9.1753	10.118	6.7721	8.9124	5.2272	8.2832	6.2232	9.5105	9.0231	7.7081	6.377	9.6437	8.9659	6.9107
U133A__PLA2G16	7.1982	8.495	6.5464	8.0667	6.7911	5.2454	6.3602	6.5026	6.8197	7.8318	5.449	8.3152	7.9048	6.0987	8.3904	5.2744	7.1345	7.8377	6.4017	6.4259	7.1985	9.0873	8.8867	7.7284	8.576	5.7546	9.345	5.7119	8.4557	5.8096	8.2032	7.7789	6.2083	6.7106	9.2644	9.5939	8.748	5.3636	5.4294
U133A__NETO2	4.1866	5.2203	8.556	5.5229	7.0904	8.3314	3.6251	4.9915	7.0426	7.6731	6.7208	7.6539	7.7076	8.3348	6.592	6.4802	7.0906	8.0553	7.0052	6.605	6.4807	8.0547	5.8595	3.8496	4.3	7.2842	7.0955	8.1756	5.1442	7.8191	7.5577	8.059	8.5558	7.8592	7.8868	4.4382	6.024	6.2995	7.593
U133A__FJX1	6.5939	4.9534	5.2022	5.1338	5.6537	7.6143	5.2415	5.7766	5.3144	5.5751	8.4788	9.4197	5.9251	7.3678	6.3201	5.9498	5.4115	4.6526	6.5954	5.4403	5.4523	6.721	7.1474	6.4742	7.4808	5.9475	6.7105	6.7111	4.6379	6.7667	7.656	7.4484	6.3312	7.0899	7.5153	7.9006	6.3415	5.6275	6.4607
U133A__COL1A1	4.8595	4.5017	4.3453	6.7347	4.1388	11.3634	4.9378	5.8092	4.8212	5.5465	4.0655	4.7173	4.1605	3.5882	4.5906	7.139	10.8683	4.5265	10.6014	3.8974	5.0738	5.193	10.155	4.7577	3.982	5.968	4.0965	6.6127	3.9594	11.1959	5.4949	8.7142	5.5253	4.1782	4.3818	5.6643	3.9736	5.6976	5.9443
U133A__CEBPD	6.6929	8.6335	8.0005	6.0731	7.3742	9.5029	6.3522	8.0968	9.7249	7.1484	7.2111	7.8098	8.6922	7.3539	6.9569	9.2087	8.8963	8.6788	6.0953	6.5099	7.0844	6.2396	8.7538	7.4876	5.9531	6.0972	6.213	6.2153	6.6089	8.2928	8.4856	8.7118	7.0693	6.7231	5.3927	7.6899	7.834	7.6569	6.9549
U133A__AKR1B1	5.4264	6.9517	12.2474	5.9901	5.6065	8.7781	5.6946	5.6857	6.894	7.4072	8.1445	9.6667	9.0128	6.1103	5.5161	9.8841	10.5542	10.1821	10.9824	5.9497	5.9629	5.5375	10.7395	7.1787	9.6852	6.313	7.2479	5.7109	5.7104	9.5693	11.8108	11.2588	5.2415	5.4299	5.3117	5.4185	5.0463	5.5959	6.4257
U133A__AGR2	10.3169	10.6821	4.8118	11.0027	11.4133	4.8801	9.5473	4.7238	4.9574	5.6983	5.7322	9.8422	7.8487	8.9628	11.018	5.5521	4.8807	6.5245	4.9432	9.0223	9.5307	5.3115	4.1066	11.5908	5.8781	10.7955	11.9865	9.8595	9.5144	5.8546	5.7616	4.7808	12.2035	10.6989	11.3355	11.4831	10.6889	9.3155	10.4286
U133A__ASAH1	6.782	7.6309	6.5642	6.3725	8.8965	6.263	7.5971	6.3153	6.9968	5.0105	5.7667	4.9323	6.2513	6.0697	8.3842	5.5519	5.7256	5.6042	5.8445	5.7707	5.2513	5.7445	5.9329	8.181	5.5178	6.9474	6.1367	6.0655	7.0733	5.3256	5.8795	4.5582	8.1595	6.9545	6.4194	6.6742	7.7847	7.9367	7.1685
U133A__MYL9	4.7297	4.7978	8.5122	4.3871	5.1373	9.1832	8.8391	8.4341	4.0346	5.7648	9.6218	6.0583	4.625	4.5724	4.813	9.5538	8.1157	4.8778	9.6227	4.8854	4.7024	4.6027	8.4701	5.1536	7.1009	4.6393	6.8697	4.2936	4.5311	8.308	6.9483	4.9714	4.4915	5.1012	4.7852	7.4332	7.2213	4.811	4.1039
U133A__PLS3	7.4402	8.1478	10.5953	6.684	6.6342	10.0973	5.9543	9.6656	8.887	8.3576	8.6835	9.5501	9.8794	9.4261	9.6483	11.1688	10.1743	10.073	9.1672	7.7474	5.0117	3.273	8.691	5.8468	9.2106	7.8484	9.2009	7.8326	8.6187	9.3368	8.8304	8.2318	4.6121	9.0743	7.5828	7.7544	2.9017	8.1646	8.5997
U133A__KDM2A	7.2137	6.0776	5.4846	6.8307	6.8577	5.1137	6.4261	5.2782	6.9905	5.6064	5.5117	6.6561	7.0595	4.6201	6.8906	5.157	6.1068	5.6614	4.1525	6.0098	5.9119	7.6322	4.4139	6.3875	5.1802	6.2027	8.3951	6.7402	5.0631	4.418	4.6811	4.8195	5.0138	6.3186	6.2171	6.0868	6.6318	6.6085	7.1312
U133A__SIK1	5.5407	6.6616	6.0677	4.9096	5.4238	6.6913	5.4221	7.7282	8.163	5.4636	5.4409	6.6593	5.7017	6.0411	5.3807	7.5037	6.582	5.9786	5.4702	6.3386	6.4975	5.7459	5.7844	5.5274	5.4881	5.517	5.6329	4.9697	5.7079	6.6356	7.7926	6.1986	5.6693	5.94	6.413	5.5653	6.0509	5.3543	5.5297
U133A__GOLGA7	7.8627	7.1818	7.7299	7.3188	9.2393	8.597	9.1869	7.8963	8.1613	8.3657	7.9391	7.8112	8.6586	8.9611	7.9552	8.1564	8.4016	6.6522	7.8128	6.9887	6.9504	7.3033	8.6761	8.0589	7.7669	8.218	6.831	7.5845	6.547	6.8417	8.3803	7.5855	8.834	7.4587	10.2354	8.4365	8.9759	9.4111	9.0354
U133A__APOD	9.7815	7.0284	6.0701	6.285	6.7823	6.0931	6.2108	6.2081	5.8998	6.1683	6.3706	5.6952	6.6942	6.2645	8.9069	6.3223	5.9225	5.7288	6.1374	6.3176	7.3443	6.6797	6.0506	10.0771	6.1221	6.443	10.7247	6.2183	7.7596	6.2803	5.9412	6	5.9374	5.8299	8.0883	8.1551	9.0423	10.6398	5.9344
U133A__SCGB1D2	12.0295	5.9787	4.3246	7.4401	4.2367	4.2012	5.4419	4.6072	4.468	4.4654	4.979	4.1649	4.2359	4.5342	4.6409	4.3858	4.3554	4.1849	4.42	4.4166	4.8656	4.8114	4.6315	7.8355	4.3171	10.0737	11.5815	4.2609	4.5471	4.4279	4.1243	4.5642	4.1517	10.427	7.4584	4.425	11.9399	6.8625	4.441
U133A__CPD	8.2101	8.1216	5.649	7.6179	7.5848	6.7762	5.6894	6.4387	5.4846	5.716	5.8418	6.9123	6.7767	7.1457	6.9298	6.9384	7.8036	6.9833	6.223	5.6333	5.8221	7.2464	6.1744	7.3296	6.9398	9.0281	6.4524	6.7077	7.2602	6.3593	5.2009	6.5355	8.9923	8.5259	7.2562	7.5889	9.3538	8.3809	7.1765
U133A__IGFBP4	11.0146	5.2361	5.7082	9.7198	9.3935	7.2318	8.0076	7.3593	7.5275	9.1421	8.2795	8.0721	7.2479	6.0637	6.3741	6.0228	8.3002	8.3906	8.9442	7.3456	9.23	9.7558	7.7929	7.1647	10.3468	9.1055	9.0012	5.6107	6.7255	5.6586	7.7099	9.881	6.4871	5.3041	5.5116	9.5902	10.2401	6.4333	8.2681
U133A__CTSL2	6.6891	6.6544	7.9888	6.1776	5.8575	7.9594	6.6191	10.2184	5.7305	6.0333	7.4727	7.4576	7.8409	7.0974	6.0122	8.0945	7.7367	8.1816	5.7412	7.1939	6.6615	6.6808	8.3407	7.0612	5.8619	6.3803	7.5018	5.5789	6.5624	6.5317	6.8619	5.7468	7.4294	6.7808	5.8074	7.2087	6.9109	6.678	7.0021
U133A__SPRY4	9.1625	7.666	6.7206	7.0909	6.6778	6.1402	6.2326	6.5822	6.2255	6.1928	6.858	6.8281	6.4451	6.6843	6.3436	6.0899	6.4449	6.0177	6.9419	6.1993	6.3284	6.8972	6.7042	8.6704	9.0079	6.9669	6.9797	7.1359	7.2561	6.6597	6.6632	7.669	6.9477	7.7472	7.2227	6.3081	7.6452	6.1551	6.3391
U133A__PFKFB3	6.4163	5.8115	6.0536	6.5643	8.0618	6.4057	5.4033	5.7092	4.2179	5.9599	5.4297	6.8708	5.8142	6.5936	6.17	5.7306	5.9454	7.4158	5.4595	5.3191	5.7956	6.0067	7.654	6.5726	5.85	5.5781	7.4072	5.907	5.1845	4.5678	5.6563	5.1913	4.7671	6.7484	7.6179	8.8019	8.5879	5.527	6.0006
U133A__FOXA1	9.1328	7.7572	6.523	9.0263	9.4147	4.7595	8.7472	5.2283	5.7444	8.14	5.0961	5.822	6.5694	7.5076	8.8813	6.9658	5.4233	5.6401	5.6268	8.3942	8.6803	9.0814	4.7116	8.5308	5.3926	8.8057	8.3218	9.2428	7.9736	5.241	5.689	5.6432	8.73	9.3117	8.6746	8.6077	7.9866	8.9553	8.3695
