Cell lines	600MPE	BT20	BT474	BT483	BT549	HCC1143	HCC1187	HCC1395	HCC1419	HCC1428	HCC1569	HCC1806	HCC1937	HCC1954	HCC2185	HCC3153	HCC38	HCC70	HS578T	LY2	MCF7	MDAMB134VI	MDAMB157	MDAMB175VII	MDAMB361	MDAMB415	SKBR3	SUM1315MO2	SUM149PT	SUM185PE	SUM225CWN	SUM52PE	T47D	UACC812	ZR751	ZR75B
Response	-1	1	1	1	1	-1	1	-1	1	-1	-1	-1	1	1	1	-1	-1	1	-1	1	-1	1	-1	-1	1	1	1	1	-1	-1	-1	1	-1	1	-1	1
EA_G__GAS6	8.408	6.3458	6.2495	7.4227	8.7318	8.0175	9.3997	8.2738	5.6314	8.2318	6.8698	9.5241	8.0954	7.6018	6.0168	7.7492	8.9542	6.1677	8.4841	6.3184	6.3637	6.9333	9.0093	7.2096	6.1465	6.9816	6.2172	7.3513	9.7676	6.3654	8.4263	6.6006	7.6072	6.1753	7.0646	7.1115
EA_G__TMEM64	7.4041	5.8112	6.028	9.2968	7.3777	8.9803	5.8561	6.7361	5.2219	10.6582	7.683	7.2797	6.1302	7.2179	4.6514	7.647	8.3857	6.3327	7.7196	8.6717	8.8982	5.4313	8.2295	7.2697	6.6667	4.4371	6.7572	7.2563	7.0071	6.2322	7.0455	5.7483	6.4495	6.4628	7.4725	7.0964
EA_G__SIPA1L2	8.5694	6.6343	6.2572	7.815	6.6993	8.0341	4.755	8.1819	5.7364	6.2709	8.5011	5.8838	6.6326	6.3733	6.6001	7.5926	6.5025	7.2377	8.3601	6.329	7.5923	8.1742	9.4275	9.3835	7	7.7765	5.2007	4.996	8.2684	8.2074	7.1722	6.4728	6.4571	6.7491	7.4216	6.5946
EA_G__EDIL3	4.2675	4.1222	4.2003	4.1091	10.3398	7.7527	10.7627	10.9328	4.1415	6.574	4.1486	5.3387	3.582	5.0077	4.3808	6.4883	10.5374	4.466	10.2267	4.3709	4.7425	3.968	9.6383	4.9919	3.9369	3.9483	4.7088	7.9988	6.332	4.3348	4.5551	4.1115	4.1293	3.8469	4.2709	3.9187
EA_G__COL4A2	6.36	6.9582	5.9927	5.6818	9.1358	8.5657	5.8659	8.1435	5.706	5.736	8.5431	8.8082	7.6081	6.3498	6.3447	9.6397	9.1724	6.1702	9.4784	6.189	6.2593	5.9015	11.3453	6.2475	5.8093	5.7943	6.5292	6.5386	8.0359	6.0159	6.3401	6.3543	6.1933	5.9988	6.2438	5.8257
EA_G__LHFP	6.1614	5.5954	5.4274	5.774	8.7766	7.2268	5.5358	7.5145	5.1002	7.5025	6.0825	7.0349	6.7126	5.8718	5.3806	6.8659	7.1626	5.8128	7.4787	5.8162	5.6178	4.9328	7.6395	5.7058	5.1617	5.2191	6.4466	7.4815	5.9507	7.117	5.2327	5.7135	6.1764	5.4187	5.6329	5.9481
EA_G__TNFRSF10D	5.7276	5.2505	5.3309	4.8569	5.2122	9.4386	6.0713	4.6306	4.9172	5.1315	7.0982	8.2606	6.855	6.3335	5.0042	9.7195	8.7209	5.5037	10.295	5.3911	5.5728	5.0353	7.8567	5.239	4.9642	4.8413	5.1046	8.6491	5.4883	5.4891	7.3926	5.5695	5.3514	5.244	7.0936	5.5706
EA_G__TPD52L1	8.589	9.1708	8.3592	9.0401	6.2365	7.9181	9.0282	7.0258	8.5648	9.8594	7.6164	7.7196	8.9348	8.6555	8.4093	8.1532	5.9294	9.421	6.1162	9.7039	9.0037	8.9357	4.6259	7.8134	9.4654	10.4202	9.0714	4.5757	8.3261	8.4985	9.6596	9.4114	8.3839	8.9009	7.5603	8.1797
EA_G__SDC2	7.2099	5.2874	6.6995	6.1249	5.2366	9.0296	6.5592	8.762	6.3787	10.0049	7.7125	5.2973	5.1487	4.9227	8.355	7.8557	10.219	6.1073	9.8266	5.5128	5.6541	8.8078	11.0232	7.0777	5.3263	6.5136	5.3587	6.1784	6.1023	7.483	5.8203	5.2344	7.3972	7.2475	5.6634	6.5775
EA_G__SFRP1	4.6986	5.765	4.5424	4.5532	6.6239	7.3617	5.3977	5.5117	4.5348	4.5497	7.4503	5.8191	7.7735	4.5245	4.7684	8.1133	5.4268	4.9546	5.1001	4.8552	4.8744	4.6306	7.8071	4.9372	5.3745	4.4019	4.9286	4.7019	8.6736	5.3775	5.3896	5.2089	4.9447	4.5128	5.2018	4.7946
EA_G__MB	5.5817	6.3524	7.2958	5.4405	5.2965	4.99	4.7298	4.5217	6.6331	5.3755	4.4841	4.3542	5.2556	5.9544	8.1329	5.7617	4.0266	5.7767	4.4095	5.9646	5.6589	5.4337	3.8807	7.0531	7.3515	7.1651	7.5111	4.3969	4.8076	5.781	6.2852	6.3506	5.5164	6.4085	7.0086	6.8752
EA_G__SPG20	6.4757	3.0776	3.5577	5.1113	7.816	5.5456	6.6799	7.0237	4.4108	4.0133	5.9425	7.2958	3.4923	3.9953	3.519	5.1023	6.697	5.8755	6.5782	3.5495	5.1681	4.2738	5.3775	4.8571	3.8283	3.2704	5.2663	7.3736	6.6888	6.0086	4.8501	4.7567	4.7806	5.011	4.7522	4.8467
EA_G__PAM	6.5052	5.5615	4.5272	6.1303	7.0171	7.2144	6.0641	8.2595	3.1025	4.9383	7.1762	4.9999	6.0377	6.6389	4.5273	6.7896	7.1617	8.613	7.5186	5.2341	5.5056	4.6225	7.5426	5.3885	5.0625	4.3787	4.9324	6.9623	7.0458	7.6836	8.1557	5.5748	6.8696	6.1874	5.2083	6.1323
EA_G__TMEM164	7.0979	7.5251	7.6781	8.5025	8.6222	6.4544	7.9946	7.5203	7.2907	10.3866	7.6298	6.9435	6.7799	7.3942	7.5043	6.098	6.9625	8.2039	6.4079	7.2698	7.5322	8.1896	6.8379	7.2051	7.6833	8.395	8.247	6.3434	7.049	7.9599	6.9667	8.2506	6.4222	8.5694	7.892	7.3908
EA_G__GSTP1	11.5172	6.1295	6.0346	5.6096	11.1308	12.02	11.7468	11.734	5.8607	5.9335	11.77	12.0193	5.513	5.9581	11.1635	11.2713	11.265	8.5568	10.561	6.195	5.9383	6.017	11.1738	6.1668	5.7978	11.6968	9.2514	11.0721	11.5502	11.9288	6.2721	6.4486	6.3612	5.7143	6.0423	7.4988
EA_G__PGF	5.602	6.0041	5.772	5.406	6.2008	6.0163	5.8025	5.8768	5.3008	5.5795	7.2205	6.9579	5.8713	5.7716	6.156	6.2143	6.1993	6.1518	7.7203	5.8004	6.2033	7.841	8.116	5.7095	5.7111	5.3044	6.159	5.5805	6.3683	7.055	6.285	5.8603	6.2237	5.9724	5.9649	5.7674
EA_G__TTYH2	6.2957	5.3886	6.0106	6.5553	5.9514	7.415	5.2801	6.7154	5.6287	6.4406	7.8237	7.6494	5.8357	5.2787	5.5356	7.1352	7.4015	5.3558	5.6399	6.1033	5.7759	5.4237	7.2426	6.2308	5.9844	5.3898	6.9804	7.2142	6.6988	5.921	5.5468	5.4572	6.5865	6.6331	6.2074	8.1749
EA_G__SDC1	9.8678	9.9144	9.5408	10.3	8.2603	8.3541	10.0467	8.3696	10.5063	8.5726	8.8345	9.0355	9.2236	9.4389	9.8784	8.3024	7.9464	10.0645	8.4409	9.4673	8.7275	8.6508	8.7282	10.8626	9.0714	9.007	10.3639	7.9955	7.9054	9.8965	9.1961	9.5786	8.4186	9.5167	8.2436	8.615
EA_G__EFEMP1	8.9932	4.1539	5.1865	7.8477	9.5279	10.6762	4.3132	6.7744	5.8441	8.2369	4.4974	8.7016	8.8237	7.8833	9.5514	9.4495	10.4554	9.7036	7.9544	6.7067	7.2431	4.2682	10.2084	7.8036	6.0749	8.1426	9.074	4.0759	10.5316	10.1493	7.0303	4.5549	9.4677	7.1217	7.8647	5.6764
EA_G__LTBP2	6.4939	6.5526	5.8484	5.7214	5.8612	7.2573	9.4343	6.9893	5.5716	5.7214	6.0676	6.8141	6.828	6.5184	6.3254	6.36	8.5798	6.1362	8.6763	6.3948	6.1604	6.2484	8.5092	6.593	5.7252	5.5235	6.142	7.3028	6.7043	6.5798	6.8782	6.3072	6.3083	5.977	6.2503	6.0799
EA_G__COL6A1	6.4655	6.43	6.468	6.6022	7.7676	9.0875	5.9974	10.3939	5.8722	6.1268	8.5582	7.8176	7.4242	6.2756	6.3333	6.5532	10.1632	6.3377	11.1987	6.6858	6.6419	6.122	11.506	7.7945	6.5551	5.9473	6.3821	8.3978	8.1566	6.2869	7.2379	6.8732	6.525	6.6154	6.361	6.6971
EA_G__C10orf38	6.2483	5.3839	5.3107	5.1599	8.0693	7.2034	9.0347	6.0324	4.802	4.8767	7.5243	7.2618	6.0726	5.855	5.238	6.5257	7.1925	5.3892	7.1998	5.5845	5.4859	4.9971	8.3927	5.5611	5.2761	4.6143	5.3883	5.3581	5.9375	5.5203	5.343	5.5036	5.4112	5.5978	5.3111	5.3004
EA_G__TH	6.264	7.2544	6.6092	6.609	6.1427	6.294	6.2948	6.33	10.9318	6.2102	6.3139	6.5998	6.2511	6.5761	6.8407	6.2144	6.1623	6.4761	6.1416	7.0274	6.8291	6.5394	6.3737	6.4649	7.2187	7.6232	8.1688	6.4326	6.603	6.5796	6.6657	6.9925	6.6708	6.4227	6.4724	6.5847
EA_G__MCAM	5.2407	5.3307	5.1883	5.2259	5.6003	9.3743	7.982	7.1729	5.052	4.9842	9.6692	7.1972	5.6044	5.2324	6.1156	8.2544	7.2642	6.6063	6.1967	5.3892	5.3243	5.0364	10.2004	5.3038	5.0728	5.3592	5.5648	6.5817	8.8252	5.4652	6.1593	5.5898	5.4962	5.4539	5.5286	5.1903
EA_G__HBEGF	5.9666	5.8554	4.9068	5.1174	9.3836	5.5354	5.6776	5.656	4.9952	5.2972	5.4996	8.232	7.5528	5.0328	5.4704	6.2009	5.3934	5.9594	7.3717	5.279	5.3204	5.4978	6.9636	5.6472	4.8683	5.0741	5.1797	6.7088	5.5459	5.4672	6.9455	5.2866	5.6012	5.0115	5.3434	4.9792
EA_G__C19orf21	9.6189	8.9019	8.7564	8.9369	5.9232	8.5302	5.5468	5.8788	9.3517	5.2243	6.8438	8.0179	8.5636	8.8702	9.7186	5.4781	5.5555	6.6279	5.5706	8.7843	8.5778	8.8654	5.7745	9.6936	8.8758	8.9668	9.9506	5.9944	6.0195	8.618	7.5417	8.3524	7.9338	8.3996	8.8792	9.0596
EA_G__COL4A1	5.2274	5.7736	5.0845	4.9534	8.4977	7.7123	5.163	7.1576	4.8711	4.8859	6.8901	7.6945	6.6224	5.5455	5.3043	8.5407	8.3695	5.3973	9.1832	5.3929	5.3075	5.1744	10.8621	5.4841	5.0616	4.8149	5.2895	5.8097	6.7643	5.1567	5.4451	5.4895	5.3269	5.26	5.2465	5.1624
EA_G__FAM59A	7.1098	6.5341	7.2024	7.3453	4.8712	5.9347	5.9744	5.6379	7.3743	6.2539	5.5819	5.5316	4.9289	7.2641	5.9312	5.9031	4.8528	7.5857	5.9462	6.6224	6.0759	7.2006	4.0473	6.5938	7.0464	6.7735	7.0846	5.2325	6.4577	6.2579	7.22	6.1833	5.4105	6.3264	6.358	6.649
EA_G__SYT12	6.5702	7.2923	6.4667	7.2718	5.6842	5.3679	8.048	5.0011	5.5349	7.2782	6.3472	5.9473	6.3003	7.3051	8.2401	5.853	5.1824	7.0638	5.2108	8.037	7.7083	6.7108	5.4029	6.0574	6.4297	7.8238	7.193	6.263	8.7831	5.3229	6.7599	7.2041	6.3496	8.237	7.9768	6.5939
EA_G__PTPRM	6.1723	6.3564	5.8235	4.0196	4.3371	6.9291	4.1798	6.622	4.0832	3.8877	6.3608	4.1431	5.9112	5.6496	3.9882	6.5661	8.2248	6.089	7.8979	4.417	4.1385	4.2472	7.2107	6.9261	5.921	4.5732	4.3981	6.7359	8.1968	5.2382	5.5253	5.3613	4.3122	5.5276	7.1118	5.9902
EA_G__BMP4	6.759	5.0114	6.0309	6.098	6.0715	6.7259	4.6689	6.2272	4.4739	6.9521	5.1107	6.0793	7.2095	5.0103	7.2881	5.2657	6.2001	5.1243	5.8727	6.6692	6.7862	6.3408	6.9458	4.7369	6.0005	4.8624	4.8065	4.6613	8.2492	8.2262	6.6187	5.3941	6.9863	5.8698	5.6496	5.4777
EA_G__UNC13B	5.793	6.0376	9.2627	6.7893	6.8557	6.1135	6.5985	4.7743	8.1912	6.3839	5.7764	5.9227	5.9355	5.9763	10.2206	6.573	5.9399	4.9792	6.2561	6.4183	7.4598	7.4711	5.3058	6.8949	6.8314	6.8136	6.1782	7.1852	5.2062	6.2335	6.8873	6.5187	6.9894	6.8792	6.4913	7.3279
EA_G__BCAT1	3.559	3.5691	3.6425	3.4845	3.6725	3.8186	5.6875	4.1368	3.6033	3.645	6.6512	8.3436	4.4085	3.8989	3.9405	3.6893	7.2425	4.7664	7.319	4.3085	4.3023	3.8038	6.9113	4.4397	3.6262	3.5873	4.3198	8.4699	7.2623	7.984	5.3429	4.0087	4.0349	3.7986	4.0382	3.8361
EA_G__CTGF	7.8838	5.9156	5.884	6.0218	9.3777	7.7782	6.5942	7.1026	5.7885	5.882	8.7018	6.664	6.8898	6.9109	7.1419	8.6485	7.6684	6.5018	10.62	6.0448	6.3716	5.976	7.6168	6.9053	5.7406	6.065	6.6274	9.1454	7.3645	6.5749	6.6338	6.6145	6.0636	6.0606	5.9837	6.0465
EA_G__GPR176	5.2765	5.7606	4.458	5.1443	7.1887	7.4156	4.6433	6.7334	4.2781	5.7714	5.2195	6.5779	6.6746	5.21	4.4455	6.8578	6.1532	4.8029	8.7365	5.2116	5.7415	6.1286	7.3208	5.634	4.5879	4.3922	5.0005	7.254	6.2727	4.8269	4.2057	5.2999	6.1686	4.6943	4.4512	5.0169
EA_G__AHNAK2	6.4315	6.6197	5.7758	6.5778	8.7237	11.0055	6.8184	8.9185	6.0669	7.319	5.8046	8.2741	7.0113	8.4468	6.8208	9.6726	7.9732	7.629	8.2223	6.3356	6.7179	7.2793	9.2604	7.7131	5.8029	5.5643	5.8413	11.1983	8.7533	8.6161	7.8498	6.7657	6.6229	7.0651	6.7233	6.8062
EA_G__ZNF813	6.2326	7.226	6.7361	7.2282	6.8674	4.1479	6.621	6.2869	6.5393	7.3003	6.3642	6.6557	6.7048	4.6271	7.3694	5.5668	6.7917	5.8578	5.268	5.8046	5.9842	6.3494	4.9736	5.7928	6.4775	7.8527	5.7723	6.4753	4.5741	5.4974	6.9684	8.2917	5.8546	6.2948	5.0226	5.1622
EA_G__MYB	6.4454	5.8315	7.7499	7.6455	5.0163	5.9692	6.8993	5.1898	8.3839	7.6386	5.2504	4.5412	5.2464	5.6456	8.0208	5.3536	4.5154	5.93	5.8028	7.1808	8.0709	7.0712	4.4789	6.9476	8.6746	7.4365	6.6892	4.7019	5.5426	6.1985	6.1338	6.9719	6.8456	7.1594	6.537	7.2111
EA_G__DFNA5	4.4375	5.0814	4.5784	4.6557	8.4986	4.6458	5.1282	6.5279	4.5264	5.0703	5.5616	7.8414	5.9883	5.1072	4.5042	5.8293	6.3843	4.7786	6.9984	4.8523	4.6266	4.4233	7.4631	5.4062	5.284	4.3728	5.0627	7.5676	6.6997	5.0913	6.9021	4.6634	5.3806	5.5044	5.7413	4.8228
EA_G__MYL9	5.9827	8.1376	6.0403	7.3947	9.0829	8.8326	6.3362	7.2937	6.7514	6.7845	8.7136	7.7516	5.6411	6.2977	6.4925	8.9906	9.4131	7.2959	9.2271	6.6307	6.5607	6.0219	9.6946	7.5745	5.9337	7.4537	7.2278	7.8784	7.6641	6.9746	6.8768	6.5586	7.8883	7.8833	6.2851	6.2681
EA_G__ADAMTS1	3.866	3.8497	4.9445	6.1346	9.1875	7.4012	7.7787	6.7049	4.7688	8.5666	7.7289	8.5801	4.9283	4.8579	5.3417	6.6879	6.7456	5.8341	9.9661	4.0274	4.2892	4.9542	7.0998	5.7379	8.3916	6.7812	4.1083	5.9809	8.316	6.4922	7.0801	4.6768	4.1177	4.0955	8.0823	6.4513
EA_G__ATP9A	7.7378	8.4643	9.6947	8.5683	4.9667	7.3539	7.6664	7.4794	9.2023	7.5494	7.3262	6.8931	8.1434	7.4705	7.6805	7.2789	6.4211	8.0206	6.994	8.2624	10.0036	8.2567	8.236	8.8712	8.9556	8.3913	8.6902	7.0679	6.8544	7.7354	8.3107	7.6248	6.9771	7.7443	7.5794	7.9673
EA_G__PAK1	9.811	7.5725	6.1028	7.211	7.2208	6.8378	6.3034	7.3413	4.2157	6.4608	7.7411	8.7149	6.9446	7.451	6.1986	7.7684	7.6308	7.6557	7.5158	4.6218	6.0492	11.1391	7.7746	7.3823	6.4291	6.8502	5.2566	5.7809	7.3487	7.2088	7.9232	9.3218	7.9048	7.2703	6.7669	6.197
EA_G__ERMP1	9.1233	9.421	7.7073	9.4053	7.401	6.7848	9.633	7.2208	9.9716	8.4253	7.4714	6.4361	8.3757	10.7532	8.2505	8.196	8.1311	9.9705	6.7102	8.8285	8.7303	9.5828	4.9347	9.7925	8.8685	10.2583	9.3062	5.3658	8.9447	9.6522	8.6249	10.0875	9.0246	8.9602	9.9493	9.1495
EA_G__REPS2	6.5275	6.9314	7.1806	7.7358	4.5458	6.6843	6.0354	4.9365	8.4365	8.1252	6.6802	5.4402	5.4823	7.2127	7.2935	8.2511	4.7054	7.2418	5.2193	6.3946	6.8378	8.1829	4.8785	6.7219	7.2359	9.1659	6.8168	5.0851	6.4284	5.5005	6.558	7.4447	7.3572	8.9063	6.1953	7.4236
EA_G__SRPX	4.8418	4.7162	5.1588	4.2865	4.4735	7.2853	4.7073	10.396	4.3236	4.6318	9.3757	4.3267	4.0548	5.2999	4.527	5.7129	5.7652	4.6263	6.3779	4.5545	4.5687	4.7756	6.9883	4.2764	4.3906	5.7889	4.3626	10.949	6.1023	4.8527	4.4114	4.3412	4.962	4.12	4.6042	4.6542
EA_G__BGN	6.5052	6.2955	6.4175	7.254	6.3829	6.6761	11.3189	12.6155	5.9445	8.6713	8.5505	6.821	6.097	6.304	6.4282	6.1757	7.7194	7.9807	10.5772	6.5835	6.4677	6.8554	10.4294	6.6774	6.6293	6.075	6.4412	6.4305	9.5324	6.297	6.9784	6.7846	6.5123	7.2767	6.515	6.373
EA_G__RASA3	6.7536	5.9848	6.1854	6.9515	7.9914	6.9166	5.544	7.3455	5.6888	5.9938	6.6235	8.0798	6.9662	5.7554	6.2026	6.7827	8.3408	5.2362	8.4783	6.8907	6.387	6.2322	9.3533	6.7883	6.3381	5.3877	8.2353	7.4424	7.5334	5.1827	6.6902	5.7501	6.5498	6.1496	6.8251	6.7331
EA_G__PRSS12	4.3777	4.1768	4.706	4.5602	6.369	6.9948	5.4788	5.4348	4.3786	4.8573	9.1774	6.4117	6.7058	4.9165	5.8521	9.6837	6.4128	6.596	7.4233	4.8768	4.8229	4.9016	7.318	4.9399	4.5567	4.3978	5.0102	6.0849	8.1192	5.1428	5.0967	5.2435	4.672	4.4986	5.5805	5.0513
EA_G__ELF3	8.5748	8.8399	8.1308	8.1399	4.9138	7.729	8.3153	4.8811	8.1281	7.8905	8.1319	6.3321	7.717	8.7614	8.9846	7.547	5.2282	9.2539	4.9362	7.7912	7.3381	6.4985	4.9177	8.1983	7.7294	8.0609	8.8807	5.3636	7.1317	7.6445	7.6229	8.2198	8.1507	6.9046	8.6266	9.6058
EA_G__CRABP2	7.4296	7.8329	8.2111	10.912	4.4698	8.6534	10.6063	6.122	10.0004	9.994	6.1523	5.359	9.2933	9.5237	10.1017	7.2807	7.095	10.0598	5.7308	10.0904	10.2988	9.8344	5.4326	9.6052	6.9694	9.4935	8.4814	6.0872	6.2944	9.0317	7.6666	8.6722	10.4906	11.0984	7.8585	8.5211
EA_G__KCNS3	7.8232	8.0016	6.6148	6.2972	5.3846	7.0195	6.4153	5.0912	8.208	5.9488	4.9442	5.1645	7.7079	8.2604	7.0898	5.6055	5.807	7.5989	6.53	5.285	6.4881	6.8143	4.9836	7.24	7.387	7.7146	6.5381	5.0119	6.6703	7.602	7.3123	7.4014	5.9702	8.4243	7.2799	7.6228
EA_G__GRB7	8.5454	8.0083	11.1297	8.1717	6.2075	7.4261	7.5684	6.3606	11.6802	7.283	9.436	7.1132	6.9786	11.7721	8.4244	7.8473	5.9178	8.1182	6.2106	7.3692	7.4325	7.641	5.5442	8.1737	9.8138	7.8417	10.5391	7.3985	7.0859	7.9055	12.3691	8.1468	7.4714	10.6486	7.7878	8.0155
EA_G__CMTM7	7.8658	6.2141	7.1049	5.3678	7.6197	8.8032	7.0911	8.1796	5.1804	5.5291	8.2411	8.1877	7.9604	5.5399	5.849	8.9538	7.5776	8.2734	7.6982	6.3971	5.7649	5.2491	7.7657	6.7889	5.4139	6.5478	6.2854	8.5469	7.8743	7.0904	5.7507	6.2845	7.1193	7.5985	5.557	5.7201
EA_G__WDR32	6.688	6.9373	6.8804	10.0989	7.6017	7.7223	7.6852	6.7785	8.2107	8.427	7.466	6.4857	7.6113	7.4965	9.7947	6.7844	8.4793	8.3966	6.8673	7.0156	7.1314	10.1064	7.2606	7.121	7.3108	8.0252	7.0917	7.6321	5.6922	8.3833	7.1692	7.345	7.1693	7.718	7.6429	8.1755
EA_G__CD109	6.1416	6.5985	3.7921	5.5339	8.3527	9.8252	3.4962	9.2487	3.0817	6.5144	7.1157	8.0877	9.3691	3.591	3.7098	9.8537	8.8739	7.4854	8.6953	4.4126	5.5731	3.3263	8.0959	5.2943	6.1181	7.5862	4.357	10.4754	8.624	5.8117	4.6067	3.6874	4.1718	7.6538	4.3542	4.5237
EA_G__EIF5A2	5.0671	7.8413	5.3636	5.4876	7.0288	6.5229	4.6112	6.4989	4.0049	6.0151	6.4365	8.0195	8.5671	6.6962	4.1127	7.1292	7.9963	5.1445	8.1412	6.4023	6.2623	4.3311	7.3762	6.1378	3.7667	4.1613	5.9985	6.7265	6.2262	5.477	4.3927	4.1756	6.6644	4.8266	4.4717	5.0973
EA_G__CAPN13	7.1311	6.8198	6.7239	6.7757	4.5748	4.4929	4.5142	4.4092	7.9041	4.5065	4.7075	4.6089	5.0453	6.041	6.0129	5.6988	4.2756	5.5895	4.4542	5.7773	6.2634	8.6299	4.4638	6.1777	7.3388	6.8161	7.547	4.4298	4.957	8.1653	7.2106	8.5483	6.0565	6.693	5.6346	5.9757
EA_G__SLC43A3	10.2481	4.8909	5.0821	5.3367	8.7288	9.5914	8.4759	7.4993	4.7459	5.537	8.3557	7.4571	9.5336	8.8491	5.1464	9.1949	8.6046	9.0028	4.8926	5.3934	5.3535	4.8313	7.4724	6.1355	4.4632	4.8479	6.1848	8.0889	10.5361	5.3751	8.7748	5.2881	7.6478	6.5836	6.1981	5.3872
EA_G__ST3GAL1	7.479	8.1484	8.7443	9.373	6.1993	8.1524	6.6271	7.5554	8.8202	6.9143	7.3505	7.6057	8.1354	7.9493	8.5367	6.94	4.6327	6.9953	8.126	7.3542	7.3677	7.9515	5.9274	9.3343	8.2777	8.1796	7.6457	6.6256	6.4164	9.0394	7.2609	9.533	7.1798	8.272	7.5982	7.6796
EA_G__ARSJ	6.7046	3.7627	7.2598	4.4582	8.8682	6.9042	4.5932	7.8876	5.794	4.076	6.2482	7.0085	6.1297	6.2761	5.422	6.2652	6.6957	5.9446	7.9663	4.401	4.4831	3.7109	8.3193	6.0887	5.8497	5.4783	4.3994	6.8218	6.515	4.071	6.0963	5.9841	6.0991	4.5306	4.5496	3.8537
EA_G__C1orf34	8.0896	6.5143	8.6653	9.5229	4.3849	4.9498	6.4694	4.4875	9.621	10.7155	4.7666	5.4992	6.0973	5.9825	8.1981	5.8414	4.7716	8.2159	4.4583	7.4708	8.655	7.6569	4.7734	7.5177	9.2873	8.812	9.2993	4.8324	4.8993	8.0572	7.8121	7.8552	8.6739	9.9698	7.8377	8.6777
EA_G__COL1A1	6.5423	6.2508	7.0552	6.4358	11.619	6.4123	6.3335	8.8737	6.885	6.5766	6.1846	6.4506	5.9671	6.0936	6.3913	7.8403	11.224	6.3257	11.5916	6.6991	6.6985	6.844	11.2898	6.7111	7.2627	6.1977	6.3813	11.2379	6.9361	6.9765	6.3819	6.7742	7.2366	6.2342	7.0746	6.3556
