Cell lines	600MPE	AU565	BT20	BT474	BT483	BT549	CAMA1	HCC1143	HCC1187	HCC1428	HCC1569	HCC1937	HCC1954	HCC2185	HCC3153	HCC38	HCC70	HS578T	LY2	MCF7	MDAMB134VI	MDAMB157	MDAMB175VII	MDAMB231	MDAMB361	MDAMB415	MDAMB453	SKBR3	SUM1315MO2	SUM149PT	SUM159PT	SUM185PE	SUM225CWN	SUM52PE	T47D	UACC812	ZR751	ZR75B
Response	1	1	-1	-1	-1	1	1	1	-1	1	-1	-1	-1	-1	1	1	-1	1	1	1	1	1	1	1	1	1	-1	1	-1	1	-1	1	-1	-1	1	-1	-1	1
EA_G__KLK8	5.603	5.4796	7.03	5.5998	5.8405	5.5788	5.5953	6.4393	7.535	5.4818	5.7206	7.8264	8.2141	6.7011	5.7217	5.5303	5.979	5.4428	5.856	5.6216	5.4979	5.4527	5.6829	5.5983	5.2973	5.6231	6.3025	6.042	5.828	5.8264	5.921	5.6875	6.9151	6.9526	6.0285	7.1964	5.9249	5.5943
Meth__cg19110523__ADRB2	0.088686	0.060577	0.78505	0.10847	0.83385	0.54839	0.092314	0.054837	0.91311	0.3748	0.89507	0.94718	0.65744	0.67749	0.031363	0.13932	0.93108	0.25875	0.088651	0.099612	0.28453	0.079393	0.0702	0.045333	0.073206	0.049006	0.86594	0.079473	0.63702	0.035455	0.092911	0.086909	0.035075	0.94119	0.045059	0.56553	0.82264	0.73407
EA_G__KLK5	8.8612	5.7268	10.7442	6.0015	6.5371	5.7592	5.6518	9.3419	10.3177	5.4802	5.8684	11.5373	11.1011	7.6912	9.4852	5.6833	10.4309	5.7396	6.3454	5.8009	5.6215	5.6034	6.2514	5.7069	5.5741	7.0938	6.284	5.6274	6.8851	5.9581	5.7464	5.8626	11.8009	9.7617	5.9085	7.268	6.058	5.8419
Meth__cg18180155__RIBC2	0.39572	0.04953	0.072695	0.037936	0.034353	0.37333	0.10535	0.31235	0.032711	0.079585	0.039447	0.04625	0.089948	0.033891	0.24395	0.065789	0.051828	0.048177	0.454	0.043552	0.65138	0.34918	0.3227	0.074815	0.062309	0.058407	0.090524	0.1662	0.042181	0.27491	0.049566	0.037159	0.024538	0.024018	0.077699	0.042916	0.12727	0.47528
Meth__cg05228408__CLCN6	0.2548	0.18508	0.10262	0.17733	0.12086	0.3351	0.22947	0.095578	0.067816	0.30068	0.055323	0.13005	0.17672	0.0862	0.16596	0.1123	0.10295	0.44382	0.18686	0.24813	0.3988	0.73759	0.28341	0.35072	0.24403	0.31365	0.063676	0.18291	0.047606	0.039759	0.47595	0.44419	0.072604	0.11229	0.10744	0.14941	0.068446	0.10838
EA_G__SEMA3C	8.069	9.1401	7.5785	9.1859	10.4515	8.8093	10.252	8.3533	6.0853	8.2561	2.9137	8.189	6.9055	7.6525	7.8528	9.5119	5.7494	8.8637	9.3505	9.0614	9.376	8.7573	9.5439	7.5268	8.9922	9.0283	7.2292	8.1014	8.6894	8.9908	8.3935	9.8733	8.7874	7.4464	10.0913	7.4908	7.3997	7.5159
Meth__cg03972838__FLJ20232	0.028581	0.017815	0.020966	0.021194	0.028841	0.6982	0.020481	0.68681	0.021515	0.022309	0.44842	0.05059	0.041092	0.019283	0.22533	0.95374	0.020229	0.083936	0.062454	0.17862	0.48301	0.68524	0.22966	0.53528	0.083977	0.062417	0.024011	0.022876	0.019499	0.17901	0.025816	0.4774	0.016249	0.014743	0.037481	0.04039	0.023372	0.023045
EA_G__GSTM3	8.0698	7.449	3.4929	5.7313	4.5577	6.0098	9.8597	4.8644	4.4013	7.5689	6.5758	6.6997	6.1129	5.4939	7.4629	7.5308	6.716	4.9597	7.8988	9.2639	9.4711	7.7049	8.4579	7.2508	8.4069	10.4361	3.6536	8.2088	6.8352	5.3282	3.5419	4.5874	7.3592	9.5481	8.8951	4.6443	3.9974	3.6998
Meth__cg13560436__DKFZP781I1119	0.076119	0.27891	0.69628	0.5307	0.20292	0.14935	0.18612	0.3894	0.78235	0.12166	0.18736	0.86376	0.63007	0.67324	0.58511	0.08541	0.28827	0.08544	0.14395	0.078363	0.3198	0.096159	0.13309	0.5418	0.23856	0.086503	0.62661	0.1737	0.067579	0.074367	0.29558	0.064764	0.22273	0.12164	0.11102	0.17168	0.23615	0.1984
Meth__cg23503501__RIBC2	0.060055	0.094974	0.044818	0.040833	0.027809	0.33056	0.046689	0.48071	0.038957	0.042076	0.047087	0.090665	0.14866	0.030672	0.33503	0.031644	0.053699	0.060678	0.50067	0.041824	0.30391	0.55301	0.36515	0.058598	0.036693	0.061182	0.065549	0.19894	0.03548	0.14301	0.064183	0.03631	0.018186	0.02599	0.083089	0.037592	0.063898	0.5522
Meth__cg10294836__DYRK1B	0.068206	0.072411	0.616	0.089036	0.11519	0.068847	0.0728	0.063415	0.074121	0.088669	0.5352	0.44593	0.63623	0.15893	0.075541	0.5361	0.59604	0.93363	0.088167	0.078043	0.073339	0.1043	0.072356	0.10307	0.088274	0.097552	0.11697	0.13582	0.080727	0.90781	0.89142	0.056172	0.91942	0.084668	0.13494	0.91606	0.59892	0.38215
Meth__cg21256649__PRKAR1A	0.082843	0.054249	0.10385	0.17263	0.08999	0.061599	0.20011	0.083117	0.36152	0.085165	0.046333	0.12298	0.2874	0.32078	0.043671	0.053021	0.15926	0.31339	0.19868	0.10274	0.14879	0.07871	0.055125	0.21859	0.16919	0.096048	0.38318	0.12571	0.22112	0.043257	0.73943	0.059229	0.10886	0.13826	0.12769	0.21047	0.13462	0.057047
EA_G__IFI27	7.372	5.8765	5.8672	5.9634	6.5869	5.8995	5.4532	5.5807	8.8289	5.9176	5.9609	8.4091	9.0494	5.719	5.6297	5.5432	10.2193	5.4534	6.2246	5.9099	5.7179	5.6424	6.2605	5.5659	5.7446	7.0341	6.5357	5.8964	6.6504	8.3749	6.7455	5.9171	10.8426	5.8441	6.2312	5.7468	5.9358	5.876
Meth__cg01667702__TRAPPC1	0.056086	0.093665	0.067437	0.23535	0.12356	0.041146	0.096364	0.099384	0.42794	0.076868	0.14167	0.76621	0.082978	0.26212	0.12527	0.053302	0.088277	0.05771	0.068763	0.049359	0.10977	0.054223	0.12843	0.051052	0.075316	0.065084	0.15968	0.082492	0.070067	0.11255	0.096967	0.059343	0.098483	0.060585	0.20306	0.094997	0.082504	0.063562
Meth__cg04872051__CHST7	0.66589	0.021583	0.045138	0.38282	0.96257	0.026263	0.057911	0.020534	0.42909	0.11798	0.17823	0.63333	0.59275	0.4512	0.77742	0.03926	0.70698	0.024517	0.026745	0.035959	0.62582	0.64602	0.5716	0.053628	0.62888	0.55763	0.92514	0.57583	0.62303	0.027617	0.70128	0.03786	0.044729	0.9657	0.067134	0.56987	0.31417	0.035185
Meth__cg21092462__KCNH1	0.046638	0.03681	0.3275	0.32301	0.15475	0.061643	0.22267	0.14994	0.18492	0.42183	0.26013	0.21687	0.56402	0.2616	0.086514	0.042716	0.18218	0.032147	0.17265	0.10291	0.17479	0.064897	0.29235	0.52129	0.074399	0.12443	0.36941	0.060483	0.033914	0.061194	0.32661	0.30498	0.28611	0.35525	0.12514	0.094632	0.13817	0.096902
EA_G__OXCT1	7.2396	3.8296	8.3114	8.4114	6.6974	7.6963	5.013	7.1334	8.0745	5.189	6.4591	8.9635	7.5756	7.5346	8.2972	6.5524	9.2401	7.5998	4.8802	6.6138	7.6144	8.2942	6.3135	6.3182	7.2839	6.4151	7.5831	3.8325	7.0297	6.6852	8.4107	4.7164	6.7266	4.0608	4.1641	7.1322	7.5781	6.675
Meth__cg19356189__KLK10	0.11129	0.082353	0.92857	0.41018	0.39302	0.11997	0.24895	0.34246	0.32816	0.078506	0.5566	0.91555	0.57589	0.24072	0.68844	0.4355	0.30062	0.06801	0.18811	0.18347	0.90827	0.22113	0.14488	0.12476	0.41859	0.12415	0.20444	0.11531	0.24514	0.0795	0.10198	0.21146	0.44753	0.71902	0.13391	0.13097	0.15143	0.13023
Meth__cg07448499__CTSH	0.083849	0.45002	0.086418	0.3481	0.16731	0.4902	0.64087	0.10888	0.076454	0.11554	0.093154	0.10081	0.12319	0.11014	0.10981	0.08985	0.094523	0.13918	0.31157	0.12256	0.39036	0.41827	0.082408	0.30371	0.55621	0.17661	0.19431	0.14369	0.09067	0.052864	0.093978	0.48334	0.064184	0.1009	0.17504	0.087278	0.077933	0.12365
EA_G__CDCP1	8.534	6.3089	8.9565	8.0251	7.65	4.5396	7.6241	9.0594	7.5934	7.5561	6.2779	9.1124	8.9327	8.5008	9.5947	6.558	8.4237	4.6847	5.0267	5.1655	8.1914	4.6864	7.5262	8.0631	7.9998	6.7411	8.0166	6.3926	10.3823	8.3255	9.0246	5.3489	7.6336	7.2998	7.685	8.3503	7.7927	7.2571
Meth__cg19769182__PRRT2	0.037045	0.29785	0.96693	0.40754	0.032196	0.092293	0.24132	0.1436	0.95666	0.0377	0.30117	0.95604	0.89284	0.60145	0.45075	0.13072	0.48187	0.38093	0.052162	0.036646	0.035122	0.039123	0.038944	0.51508	0.091804	0.12661	0.18863	0.44018	0.029273	0.03873	0.83291	0.036698	0.30502	0.95193	0.074698	0.084018	0.065829	0.053215
Meth__cg18799866__SLC9A7	0.58096	0.035449	0.048425	0.047203	0.36135	0.027403	0.050901	0.035611	0.29861	0.017432	0.96996	0.53136	0.3449	0.22732	0.51996	0.032104	0.34706	0.030995	0.017329	0.042731	0.54051	0.29026	0.53182	0.090909	0.038588	0.21771	0.40973	0.42979	0.57316	0.02896	0.63887	0.051683	0.037908	0.054901	0.029277	0.45779	0.14227	0.028815
Meth__cg02992632__FGF12	0.053696	0.039929	0.88949	0.047491	0.037733	0.2858	0.046329	0.13297	0.62441	0.040211	0.30802	0.089996	0.27615	0.46875	0.045789	0.7518	0.18002	0.18992	0.03752	0.039647	0.045741	0.080511	0.036344	0.38926	0.047756	0.091996	0.59197	0.063586	0.078201	0.049365	0.1015	0.066135	0.54854	0.04821	0.05356	0.59911	0.04959	0.047053
EA_G__PGM1	7.8898	8.6544	7.9477	6.894	5.8824	8.622	4.6605	7.3383	10.4094	6.4397	8.8014	8.8727	8.9912	7.8702	8.6363	7.5637	9.1468	8.202	6.5508	6.1904	7.3897	7.7642	6.6494	8.2013	6.8272	5.1604	7.7994	8.4064	8.5244	9.113	8.4196	4.5141	7.6432	8.3836	7.488	8.3279	8.1875	7.4485
Meth__cg17803089__FANCE	0.048114	0.055721	0.88901	0.87025	0.10841	0.60572	0.14836	0.55885	0.36952	0.1257	0.25146	0.59345	0.80312	0.31428	0.42465	0.062197	0.92507	0.072333	0.12836	0.058791	0.057908	0.056709	0.26112	0.27816	0.81446	0.11951	0.56634	0.086289	0.040876	0.060325	0.70946	0.34105	0.28035	0.16128	0.14317	0.082691	0.28729	0.20304
Meth__cg25092328__PXMP4	0.044222	0.045294	0.049441	0.89603	0.59255	0.31103	0.083673	0.036136	0.64542	0.061511	0.53938	0.5809	0.53962	0.66569	0.042064	0.038839	0.89714	0.055342	0.04602	0.050468	0.036922	0.042638	0.034108	0.07076	0.44422	0.093869	0.064818	0.087793	0.045192	0.04262	0.043641	0.04471	0.036054	0.074453	0.10053	0.89752	0.046594	0.55754
Meth__cg17710288__NPM3	0.11016	0.1261	0.21759	0.10602	0.11027	0.054491	0.10861	0.057854	0.091743	0.13579	0.1747	0.15485	0.80216	0.23987	0.098165	0.10227	0.15493	0.11954	0.074062	0.07354	0.084078	0.072596	0.068883	0.071213	0.06584	0.19888	0.14697	0.18954	0.076607	0.084053	0.093909	0.093259	0.70425	0.090115	0.11316	0.11169	0.9156	0.87684
Meth__cg26763524__FDX1	0.089277	0.066323	0.21215	0.68926	0.54487	0.07953	0.45331	0.52918	0.46097	0.32301	0.062766	0.47185	0.31148	0.42784	0.10186	0.054111	0.15785	0.077635	0.25079	0.13623	0.26207	0.08044	0.11262	0.077934	0.14088	0.14805	0.61526	0.12728	0.055952	0.05968	0.33532	0.57969	0.52991	0.34929	0.22946	0.18271	0.33126	0.25504
Meth__cg15065896__GOLGA4	0.068394	0.050351	0.053935	0.049893	0.044561	0.58638	0.063921	0.061031	0.048247	0.057754	0.052671	0.04398	0.075534	0.058446	0.053166	0.059259	0.069867	0.049051	0.042313	0.059974	0.056542	0.068704	0.062937	0.10442	0.056308	0.095189	0.065247	0.064077	0.048019	0.054576	0.043191	0.05707	0.046079	0.042394	0.096722	0.054735	0.049081	0.059491
EA_G__LOC342897	6.8877	9.3215	7.5298	6.5232	6.405	6.341	6.1959	5.9222	7.6628	6.4283	6.2297	7.9023	6.4686	8.5321	6.0562	6.1129	9.8111	6.3895	6.4818	6.8347	6.4992	6.3021	7.7221	6.2784	6.5222	7.442	7.3158	8.7168	6.8808	6.9333	6.6187	6.6136	9.7598	7.336	6.8452	7.8893	7.4687	6.4656
Meth__cg08560942__ACHE	0.03743	0.025572	0.050649	0.093884	0.054734	0.039465	0.37955	0.035747	0.12569	0.039174	0.05646	0.050926	0.086077	0.12257	0.03429	0.038303	0.18262	0.037336	0.046157	0.043853	0.05615	0.033182	0.041132	0.32161	0.052203	0.076745	0.16042	0.060819	0.041409	0.056592	0.046019	0.038762	0.046194	0.24965	0.12105	0.049778	0.043637	0.029181
Meth__cg17602451__BCL2	0.063162	0.035492	0.95173	0.055695	0.10524	0.95404	0.070302	0.14865	0.21232	0.038886	0.93365	0.79234	0.74046	0.21557	0.63814	0.27776	0.755	0.4052	0.034002	0.046118	0.038418	0.94636	0.10622	0.90867	0.054939	0.094513	0.93449	0.1315	0.40849	0.21134	0.57873	0.50248	0.69178	0.94823	0.16002	0.61579	0.047757	0.042401
