Cell lines	600MPE	AU565	BT474	BT483	BT549	CAMA1	HCC1143	HCC1428	HCC1569	HCC1937	HCC1954	HCC202	HCC3153	HCC38	HCC70	HS578T	LY2	MCF7	MDAMB134VI	MDAMB175VII	MDAMB231	MDAMB361	MDAMB453	SKBR3	SUM1315MO2	SUM149PT	SUM52PE	UACC812	ZR751	ZR75B
Response	1	1	-1	1	1	-1	-1	1	-1	-1	1	1	-1	-1	1	1	1	1	-1	-1	-1	1	1	1	-1	1	1	1	1	1
Meth__cg03109316__ZNF80	0.79014	0.032029	0.81772	0.3884	0.37761	0.63533	0.94863	0.33488	0.89647	0.8656	0.098093	0.047173	0.74926	0.93805	0.078491	0.22611	0.16289	0.14337	0.91522	0.93575	0.33508	0.057851	0.16853	0.041155	0.31333	0.56294	0.036595	0.045468	0.2955	0.23653
Meth__cg20444256__CKM	0.22579	0.066365	0.69877	0.239	0.32458	0.47305	0.88786	0.11714	0.62306	0.74148	0.4648	0.046079	0.50775	0.39171	0.091906	0.022029	0.38058	0.38725	0.8739	0.75205	0.21918	0.18671	0.17526	0.15681	0.2475	0.13165	0.20606	0.091372	0.10416	0.12821
Meth__cg21660392__ABCA8	0.8877	0.073809	0.43995	0.14474	0.14626	0.5206	0.86946	0.047789	0.81434	0.60688	0.46896	0.081841	0.80437	0.91522	0.22565	0.12478	0.091921	0.064857	0.81434	0.52935	0.81926	0.20355	0.3256	0.11125	0.47744	0.47555	0.12707	0.10566	0.49147	0.31285
Meth__cg05337441__APOB	0.063603	0.030815	0.30368	0.06024	0.08168	0.11445	0.10999	0.045242	0.36328	0.27217	0.32117	0.023443	0.11891	0.3442	0.047721	0.033098	0.040326	0.041781	0.63009	0.098845	0.11382	0.046236	0.11928	0.045032	0.052087	0.035091	0.088126	0.042382	0.039527	0.043158
Meth__cg03020597__SLITRK2	0.50341	0.056474	0.56643	0.060145	0.77923	0.66144	0.89596	0.031888	0.81417	0.60906	0.11995	0.056407	0.23094	0.16237	0.079552	0.095371	0.10374	0.10885	0.17735	0.37363	0.21287	0.069131	0.11129	0.080742	0.18795	0.051107	0.094702	0.040392	0.098337	0.205
Meth__cg10883352__	0.27522	0.01873	0.81738	0.39945	0.30637	0.62023	0.92224	0.024548	0.87016	0.50436	0.37806	0.01914	0.56498	0.93204	0.028314	0.13371	0.098171	0.25553	0.16507	0.87385	0.60691	0.13107	0.31916	0.033218	0.10265	0.54748	0.055989	0.047878	0.075384	0.11702
Meth__cg06952310__CSPG3	0.32804	0.037371	0.19501	0.33379	0.22105	0.2787	0.44652	0.044265	0.5112	0.36931	0.45267	0.050826	0.30482	0.3726	0.098044	0.072194	0.17768	0.076468	0.59345	0.83429	0.22492	0.050766	0.1797	0.1154	0.30733	0.2737	0.12238	0.086306	0.094635	0.076141
Meth__cg10999429__ACVRL1	0.037431	0.018575	0.21001	0.073447	0.043017	0.04854	0.51682	0.029854	0.45684	0.3295	0.091968	0.013603	0.12391	0.10588	0.025773	0.014509	0.051903	0.06923	0.25087	0.54293	0.095569	0.041179	0.063712	0.026466	0.028967	0.13284	0.043972	0.023879	0.020012	0.023508
Meth__cg06276653__C8ORFK32	0.8494	0.0515	0.89647	0.04093	0.079771	0.49104	0.70741	0.096887	0.88454	0.66948	0.13993	0.033301	0.71585	0.46372	0.0821	0.037597	0.040236	0.042983	0.83714	0.89878	0.12648	0.054398	0.32567	0.091195	0.42556	0.31164	0.6451	0.65826	0.27985	0.12771
Meth__cg02121427__LRRC15	0.17036	0.058151	0.62453	0.32408	0.072343	0.51388	0.66406	0.23917	0.29768	0.72387	0.25263	0.11307	0.31442	0.65481	0.13715	0.040348	0.24688	0.50145	0.8732	0.69201	0.24183	0.67445	0.10749	0.064115	0.17112	0.068451	0.13669	0.53201	0.20882	0.16868
Meth__cg04384208__FCGR3A	0.27601	0.036336	0.42684	0.59134	0.067887	0.12286	0.82673	0.10369	0.56283	0.61132	0.40708	0.018803	0.30093	0.61151	0.10917	0.028824	0.1094	0.15634	0.80165	0.9432	0.11288	0.12275	0.071902	0.082844	0.17264	0.049561	0.057503	0.42296	0.30001	0.31545
Meth__cg18133966__PLA2G1B	0.22643	0.078243	0.55288	0.1421	0.20905	0.2758	0.75746	0.11274	0.23434	0.72662	0.7294	0.052111	0.30172	0.7764	0.1027	0.058444	0.22362	0.32263	0.82362	0.73512	0.14572	0.16981	0.23951	0.2193	0.8165	0.26667	0.18668	0.4214	0.16278	0.11995
RS_G1328__ADD2__ADD2	0.20263	0.2254	0.4463	0.25086	0	0.13381	6.7679	4.9889	4.1361	7.516	0.33157	0	6.6719	5.0306	0.81879	0.28117	1.5899	0.13083	1.1201	3.7528	6.9199	4.0692	0.42801	0	4.463	6.2682	0.073313	0.089001	0.18417	0
Meth__cg02417264__RAMP3	0.1142	0.035357	0.8121	0.28958	0.91036	0.3484	0.90897	0.033947	0.90694	0.77753	0.58187	0.022997	0.54688	0.60458	0.053509	0.018621	0.55863	0.35309	0.65164	0.58327	0.40341	0.32347	0.57302	0.038934	0.068299	0.060113	0.045681	0.087338	0.14793	0.069913
Meth__cg13676215__AHR	0.061177	0.029325	0.13172	0.07064	0.04924	0.1732	0.10947	0.062758	0.088562	0.11166	0.089719	0.035959	0.066714	0.078289	0.061636	0.048017	0.055473	0.073671	0.21883	0.11137	0.10571	0.081769	0.089414	0.051548	0.062852	0.45087	0.06815	0.0585	0.065727	0.049481
Meth__cg21602160__AOC3	0.11882	0.10507	0.52162	0.085511	0.34316	0.16892	0.82081	0.18767	0.29037	0.78503	0.27364	0.12308	0.20615	0.44181	0.16472	0.073569	0.12156	0.14726	0.69782	0.21367	0.32335	0.31855	0.24326	0.10149	0.12325	0.28906	0.14666	0.14286	0.11211	0.092162
Meth__cg16547341__USP29	0.69011	0.027226	0.66149	0.34327	0.79112	0.8526	0.90671	0.047901	0.9171	0.83506	0.13375	0.056746	0.80924	0.82524	0.11608	0.024121	0.47502	0.15716	0.71528	0.3767	0.17152	0.17226	0.65585	0.085125	0.091701	0.10762	0.6856	0.4566	0.035877	0.052392
RS_G9624__KCTD14__KCTD14	1.3345	0	1.3939	0.15538	1.2875	0	1.4303	0.39689	4.2721	4.9359	1.9413	0.53673	6.991	6.1103	3.674	4.8691	0.92268	1.2413	6.1017	6.5793	8.2157	0.66947	0	0	1.3039	0	2.9725	0	0	0.41275
Meth__cg19937039__SERPINA10	0.64774	0.042989	0.78556	0.46636	0.098803	0.4085	0.93283	0.14964	0.53551	0.44723	0.56938	0.060902	0.36016	0.87777	0.12491	0.15	0.22955	0.20259	0.92133	0.73609	0.11139	0.21542	0.10148	0.08529	0.72054	0.066276	0.33286	0.67268	0.21574	0.14878
Meth__cg03641225__DIRAS3	0.1618	0.022288	0.37599	0.12301	0.58522	0.080794	0.4938	0.40112	0.41691	0.72091	0.18454	0.26225	0.21576	0.71948	0.070414	0.040952	0.058389	0.087138	0.12571	0.51583	0.20021	0.065258	0.13201	0.036995	0.21668	0.20152	0.045343	0.10204	0.072512	0.056732
Meth__cg11015241__ATP10A	0.8912	0.094203	0.50186	0.88716	0.25921	0.68524	0.9275	0.077586	0.84655	0.93807	0.17355	0.054649	0.88458	0.89032	0.19666	0.26751	0.65833	0.52665	0.78165	0.93221	0.8623	0.33277	0.22716	0.081761	0.93265	0.038654	0.94716	0.87414	0.21598	0.31637
Meth__cg05508558__CR2	0.056057	0.047035	0.41425	0.10619	0.15455	0.19303	0.56419	0.22008	0.13928	0.27273	0.64131	0.047017	0.42987	0.19946	0.10586	0.051002	0.085644	0.083333	0.22345	0.11159	0.25489	0.11374	0.098428	0.053953	0.19841	0.17483	0.27892	0.1375	0.1526	0.12794
Meth__cg01731341__FGF6	0.59495	0.031631	0.94467	0.60298	0.2069	0.23149	0.80334	0.57189	0.94246	0.92999	0.55648	0.033245	0.59819	0.96507	0.20962	0.034019	0.66832	0.37095	0.57098	0.38337	0.41226	0.56983	0.26354	0.044001	0.94626	0.46815	0.33116	0.10139	0.41365	0.13136
Meth__cg12348970__SLC24A2	0.83027	0.061648	0.79221	0.62597	0.10536	0.83973	0.87984	0.42715	0.82377	0.65527	0.40965	0.086327	0.32367	0.84294	0.0694	0.12252	0.10511	0.11404	0.85765	0.86772	0.1592	0.16296	0.52326	0.12852	0.37765	0.78508	0.18968	0.12283	0.50647	0.49118
Meth__cg02992596__MGC27016	0.92418	0.10004	0.70822	0.28646	0.54188	0.62371	0.9746	0.5682	0.72987	0.53501	0.46932	0.097767	0.32167	0.94944	0.12063	0.072472	0.1069	0.082572	0.31172	0.89042	0.45202	0.24036	0.23194	0.045455	0.94295	0.91627	0.040779	0.40398	0.31819	0.42164
Meth__cg07780118__AR	0.56814	0.069545	0.065229	0.15212	0.063224	0.057916	0.89651	0.084843	0.9078	0.90936	0.067031	0.053236	0.84324	0.63073	0.28426	0.057485	0.058025	0.050504	0.57915	0.60641	0.83944	0.048601	0.4298	0.085923	0.58034	0.14375	0.73172	0.49654	0.38091	0.056126
Meth__cg18660898__MLLT11	0.042939	0.075473	0.26911	0.16521	0.51768	0.22381	0.71899	0.21815	0.1714	0.75202	0.10179	0.14411	0.846	0.23616	0.13019	0.055829	0.15139	0.16623	0.11442	0.3906	0.29058	0.042265	0.048133	0.073231	0.56967	0.7985	0.12529	0.59285	0.055004	0.050529
Meth__cg21500966__NAALAD2	0.097567	0.047572	0.73943	0.0992	0.25284	0.64486	0.57505	0.063045	0.73715	0.78935	0.51089	0.065308	0.4921	0.41506	0.1382	0.060565	0.2549	0.23872	0.32139	0.06842	0.42824	0.43375	0.60817	0.1188	0.40573	0.060542	0.37843	0.070238	0.11565	0.20407
Meth__cg07841014__REG1B	0.65353	0.092908	0.87891	0.075168	0.42512	0.73553	0.69477	0.096556	0.88057	0.15293	0.30421	0.37164	0.60014	0.50887	0.19141	0.10129	0.061644	0.13258	0.40553	0.61234	0.45472	0.11636	0.64121	0.14965	0.24584	0.60895	0.29831	0.15085	0.19253	0.1408
Meth__cg13397379__OR2C3	0.66172	0.017001	0.38944	0.048304	0.62305	0.58342	0.67434	0.030705	0.56886	0.79678	0.1192	0.025338	0.48027	0.49497	0.048011	0.018126	0.027299	0.031291	0.87857	0.52188	0.40912	0.056057	0.428	0.035371	0.066727	0.75452	0.074362	0.05713	0.24402	0.26688
Meth__cg01103730__IL20	0.12576	0.10194	0.19263	0.0315	0.37226	0.07774	0.88403	0.085032	0.66099	0.64629	0.50825	0.08987	0.7226	0.9032	0.16592	0.47137	0.25692	0.26578	0.6907	0.79372	0.87106	0.09967	0.070491	0.16741	0.89772	0.47189	0.87165	0.18308	0.12717	0.20886
Meth__cg08947964__CX62	0.56133	0.10784	0.76076	0.29949	0.083034	0.49223	0.79412	0.57106	0.45532	0.38835	0.39449	0.14286	0.23197	0.47268	0.1686	0.10347	0.12781	0.16117	0.84609	0.88186	0.3786	0.11973	0.47803	0.23397	0.43603	0.16323	0.56955	0.21122	0.15323	0.17074
Meth__cg04297329__NAP1L2	0.076532	0.047949	0.099703	0.092889	0.33258	0.87286	0.91096	0.079231	0.90102	0.55696	0.23559	0.12264	0.26339	0.61411	0.093661	0.13708	0.15965	0.11463	0.77634	0.2423	0.61687	0.21111	0.19537	0.10928	0.11022	0.40924	0.61871	0.082182	0.13464	0.094865
Meth__cg03343942__SLC39A5	0.051534	0.029206	0.51285	0.17126	0.65375	0.22165	0.78413	0.23037	0.57483	0.68571	0.52439	0.19106	0.21653	0.59271	0.16633	0.022783	0.50372	0.36777	0.56515	0.81309	0.26681	0.30595	0.23621	0.06852	0.49159	0.12508	0.2884	0.35785	0.23502	0.11707
Meth__cg13722123__GRM1	0.20062	0.064437	0.48291	0.15217	0.15279	0.41528	0.49595	0.081916	0.72913	0.10587	0.24535	0.079689	0.31827	0.3195	0.15603	0.067488	0.16974	0.17702	0.80052	0.37085	0.3185	0.11892	0.2694	0.11808	0.1347	0.16879	0.48428	0.29361	0.091734	0.098739
Meth__cg09837943__ZIM2	0.66324	0.064601	0.34218	0.87892	0.23367	0.6952	0.53941	0.087402	0.7686	0.73891	0.12215	0.11386	0.78077	0.26018	0.11506	0.052262	0.083826	0.1392	0.8381	0.70836	0.15335	0.073446	0.32727	0.096524	0.65414	0.13955	0.66171	0.82494	0.083886	0.067368
Meth__cg26390526__FLG	0.8772	0.042521	0.85113	0.47975	0.066208	0.29524	0.66625	0.23887	0.1566	0.68885	0.54787	0.045537	0.20101	0.63357	0.11397	0.10871	0.10824	0.10746	0.62008	0.89128	0.77665	0.14884	0.19504	0.080599	0.31822	0.27513	0.43952	0.32259	0.089027	0.18012
Meth__cg20291222__CAPS2	0.14991	0.12362	0.77767	0.30081	0.1143	0.2283	0.13413	0.10885	0.43148	0.20505	0.15331	0.14427	0.65286	0.1444	0.27861	0.13165	0.12176	0.12402	0.73683	0.54197	0.2	0.14396	0.24512	0.12871	0.46767	0.12484	0.48055	0.12924	0.18571	0.1634
Meth__cg03764585__FMOD	0.18908	0.022032	0.70248	0.83684	0.17043	0.57589	0.95883	0.05106	0.56682	0.69654	0.75951	0.059159	0.52228	0.85371	0.040591	0.067204	0.2558	0.24216	0.96314	0.71884	0.16766	0.021908	0.51499	0.035364	0.51495	0.099896	0.67137	0.8143	0.19564	0.27861
Meth__cg08886154__PAX4	0.25087	0.036169	0.459	0.095557	0.074402	0.17057	0.61175	0.20327	0.3205	0.50191	0.3387	0.055218	0.096521	0.31146	0.10446	0.048803	0.11396	0.15511	0.30986	0.61198	0.28678	0.16629	0.17976	0.055669	0.078983	0.090213	0.1881	0.14974	0.093719	0.14237
Meth__cg26116400__FUNDC2	0.31232	0.082009	0.11571	0.0908	0.052782	0.1141	0.3302	0.069216	0.10228	0.1498	0.15676	0.090707	0.22961	0.34502	0.13502	0.1385	0.081491	0.08149	0.52071	0.46872	0.19227	0.075472	0.17835	0.1171	0.51151	0.054926	0.17656	0.31793	0.083215	0.071226
Meth__cg00401678__EMR3	0.35557	0.054999	0.30157	0.16115	0.11757	0.25427	0.7799	0.13043	0.49099	0.36387	0.22148	0.085393	0.33759	0.58399	0.087834	0.074921	0.16299	0.17368	0.22916	0.35587	0.1069	0.13081	0.2459	0.078057	0.10537	0.086848	0.26707	0.16778	0.20758	0.24382
Meth__cg06123346__ATP4A	0.072149	0.042943	0.57984	0.37544	0.08304	0.096061	0.4533	0.13282	0.20349	0.57916	0.12375	0.021091	0.41215	0.15139	0.054883	0.044314	0.4666	0.24426	0.36028	0.38825	0.09273	0.089856	0.069293	0.10134	0.093641	0.053729	0.12284	0.11846	0.097931	0.063226
RS_G7879__HERC5__HERC5	2.3699	0	1.1018	4.8412	0.14696	1.4218	4.5886	1.1983	8.0916	5.6631	4.4059	1.7557	2.964	4.5001	7.8085	0.083816	0.81141	0.62941	3.1466	1.6248	5.3756	0.78169	0	0	3.9803	3.3359	2.1255	1.096	0.70351	0.21229
RS_G6987__IRAK2__IRAK2	3.1643	1.4718	0.5092	1.1488	4.7227	3.1634	5.6254	0.94193	6.0897	5.1855	5.6527	1.2703	4.5118	4.398	2.653	4.8247	2.0925	1.0345	3.99	3.2041	5.3682	0.65158	0.48601	0.99949	7.2984	3.1827	0.5055	2.9404	1.6147	0.48699
Meth__cg08162780__GDF15	0.027304	0.016579	0.053497	0.031127	0.55947	0.034346	0.97654	0.017749	0.15771	0.28927	0.029767	0.019602	0.12556	0.57431	0.078351	0.035099	0.016581	0.02372	0.041406	0.020635	0.03405	0.025235	0.03283	0.029333	0.020571	0.024497	0.017367	0.020219	0.022928	0.01984
Meth__cg11879577__ARL6IP	0.091481	0.22247	0.17639	0.17902	0.13008	0.16823	0.033371	0.43612	0.049331	0.19038	0.30291	0.074795	0.055335	0.062934	0.14489	0.15251	0.59804	0.39463	0.16813	0.072186	0.060851	0.3248	0.2377	0.12886	0.030389	0.061196	0.10155	0.37202	0.43772	0.48985
Meth__cg15942481__CAPS2	0.070735	0.081653	0.54776	0.046001	0.053904	0.053376	0.070049	0.062773	0.36596	0.16966	0.14814	0.043762	0.85239	0.21123	0.085414	0.050159	0.049737	0.046974	0.09642	0.34047	0.090944	0.052271	0.13791	0.13456	0.40449	0.054697	0.37944	0.054511	0.059172	0.1214
Meth__cg26616347__IRF5	0.14677	0.058382	0.33128	0.43503	0.81039	0.2491	0.84899	0.13907	0.73231	0.76733	0.31242	0.046891	0.31604	0.29645	0.098395	0.1091	0.40374	0.1771	0.75665	0.41427	0.46016	0.18779	0.11156	0.06692	0.60522	0.12047	0.19644	0.58015	0.31227	0.45994
Meth__cg20648827__MAGEE2	0.35473	0.027257	0.80206	0.039303	0.17979	0.82591	0.78577	0.038537	0.77799	0.53824	0.24779	0.3047	0.21243	0.20918	0.1192	0.037389	0.15024	0.28585	0.40877	0.55164	0.26072	0.064068	0.49219	0.067412	0.10019	0.064253	0.47081	0.082409	0.21347	0.24547
Meth__cg24272559__LOC116123	0.069585	0.060052	0.14199	0.13048	0.58204	0.30614	0.75531	0.1159	0.82939	0.26026	0.14388	0.22478	0.78887	0.5846	0.11879	0.11105	0.10832	0.1105	0.23836	0.084615	0.35921	0.14542	0.34294	0.07621	0.32274	0.15471	0.28251	0.085604	0.12295	0.090744
RS_G463__VIM__VIM	2.9652	2.2052	5.3309	4.7875	13.722	3.764	13.663	0	10.3261	8.4787	10.5793	0.47968	11.7234	13.9024	10.1043	15.089	6.8882	3.1521	9.4838	11.1994	13.7198	1.8929	3.5908	2.3972	16.3769	9.8039	3.9594	8.8159	3.9298	0.37376
Meth__cg08896053__SNTG1	0.64157	0.038702	0.81728	0.18316	0.42803	0.86221	0.67814	0.27086	0.85722	0.5118	0.43229	0.43253	0.63152	0.49782	0.10593	0.039733	0.55152	0.80704	0.65655	0.55273	0.49023	0.056556	0.46458	0.053245	0.06062	0.082041	0.66211	0.073924	0.13104	0.15588
Meth__cg03041841__C9orf75	0.05594	0.037067	0.065725	0.038103	0.046875	0.048605	0.27418	0.053036	0.093883	0.90102	0.25892	0.020311	0.061843	0.33306	0.082342	0.075598	0.048277	0.057387	0.28646	0.0822	0.84772	0.058498	0.085775	0.17515	0.10646	0.11231	0.04592	0.11655	0.043315	0.058742
Meth__cg27584469__SLITRK2	0.80327	0.038156	0.44186	0.03395	0.41557	0.8391	0.90511	0.050768	0.92279	0.52583	0.13562	0.083801	0.17108	0.21872	0.089367	0.044199	0.48982	0.20591	0.57988	0.39215	0.56568	0.063395	0.68938	0.050179	0.10927	0.046836	0.3926	0.32262	0.056336	0.05148
Meth__cg10127415__MAGEB6	0.61068	0.027943	0.88444	0.090824	0.032474	0.78201	0.46273	0.027753	0.75716	0.18035	0.088	0.88096	0.81943	0.90949	0.03716	0.035338	0.030263	0.25531	0.32377	0.67824	0.088616	0.029114	0.46441	0.076416	0.099661	0.72153	0.14477	0.025217	0.14412	0.11365
RS_G4225__SPARC__SPARC	0.1343	0.14978	0.094438	0.083816	14.1217	2.1509	6.2713	0.11392	4.201	6.6944	2.2353	0	11.9638	11.47	4.5495	13.0059	1.8624	0.63481	5.5294	3.5813	6.8619	0.63899	1.2224	0	6.5885	3.3867	0	0.40268	0.4355	0
Meth__cg21789545__COL9A1	0.72267	0.032243	0.84176	0.23715	0.15382	0.60232	0.87411	0.29447	0.81352	0.29131	0.21061	0.049681	0.26305	0.39998	0.09472	0.035937	0.064909	0.11929	0.36511	0.70646	0.17668	0.18448	0.44263	0.087827	0.25976	0.45375	0.1361	0.24205	0.17193	0.4613
Meth__cg15320474__UBD	0.84893	0.053608	0.73548	0.045993	0.038844	0.57624	0.86805	0.13056	0.76804	0.70764	0.55644	0.031794	0.65799	0.89327	0.12168	0.043593	0.23451	0.20068	0.28195	0.47727	0.22509	0.22826	0.19729	0.15523	0.1626	0.54316	0.29137	0.37969	0.40811	0.49143
RS_G4751__ST6GALNAC5__ST6GALNAC5	1.3493	1.0504	1.3399	1.0143	5.9416	0.2507	6.665	0.17517	7.3934	6.2258	5.5602	0.23447	8.2988	7.1961	7.0426	1.3656	0	2.2612	3.6181	7.0606	5.7759	0	0	0	0.75056	6.2159	0	1.0276	1.2189	0.95463
Meth__cg24870391__CCL11	0.12551	0.040778	0.51023	0.48589	0.04363	0.15461	0.77013	0.29987	0.11842	0.53745	0.23622	0.053119	0.24709	0.69726	0.052604	0.059547	0.042172	0.059054	0.13298	0.34717	0.14744	0.03077	0.13186	0.079057	0.21707	0.033424	0.82968	0.2501	0.13241	0.064348
Meth__cg07623294__ELAVL2	0.76984	0.023497	0.76691	0.06047	0.029583	0.75205	0.39253	0.42244	0.22432	0.57208	0.052815	0.013979	0.032964	0.4	0.17369	0.071794	0.060714	0.22229	0.92579	0.13336	0.357	0.0619	0.12652	0.058166	0.26569	0.40747	0.064694	0.055391	0.031217	0.022426
Meth__cg10084993__SLC9A3R2	0.086291	0.063291	0.11748	0.11035	0.9141	0.10997	0.62646	0.23786	0.49253	0.89558	0.68785	0.061791	0.53254	0.2242	0.69926	0.11511	0.1275	0.097779	0.9361	0.17633	0.13651	0.065763	0.090305	0.076187	0.38633	0.082633	0.13306	0.10192	0.071443	0.10927
RS_G11355__NFASC__NFASC	1.5238	2.6199	3.8705	3.5415	0	0.46207	1.1935	1.2733	5.5101	2.2495	0.46045	0.04732	5.5934	4.7633	1.7588	0.053461	0.5979	0.91564	8.5256	2.7015	0.89043	0.83418	0.24318	0.67438	3.7217	1.9647	2.2215	3.4454	0.82443	1.5125
Meth__cg27600794__PNLIPRP1	0.1052	0.13632	0.3492	0.078814	0.40874	0.27605	0.85616	0.18697	0.88735	0.77622	0.8087	0.057305	0.80251	0.87915	0.091109	0.06723	0.72101	0.64601	0.91477	0.90114	0.27956	0.37891	0.19	0.14806	0.91514	0.37189	0.86145	0.90275	0.20511	0.30987
Meth__cg04662594__EPB49	0.14413	0.057739	0.72603	0.43097	0.20208	0.13383	0.42758	0.54104	0.20677	0.91205	0.57936	0.081503	0.43806	0.83929	0.28194	0.029777	0.50257	0.29226	0.62977	0.92844	0.51277	0.22274	0.14622	0.10254	0.2259	0.084931	0.56983	0.16409	0.081246	0.060638
RS_G16371__NOG__NOG	1.0519	0	2.2697	0	2.4767	0.38977	5.9809	0	5.9691	4.4078	2.8449	0	1.7954	0.37246	0	1.2498	2.0981	0.67981	0.39325	1.9775	4.0505	0.28562	0	0	4.5948	2.2238	2.1665	0.68639	1.1986	0
Meth__cg02423618__SPATA8	0.84123	0.14181	0.37424	0.03516	0.086949	0.45914	0.84248	0.045686	0.55982	0.53618	0.24524	0.052777	0.61471	0.46168	0.1039	0.034927	0.081105	0.17011	0.052916	0.46601	0.27635	0.21346	0.3266	0.36264	0.4239	0.63763	0.087993	0.33723	0.36104	0.30162
Meth__cg04420907__WDRPUH	0.10478	0.02509	0.94739	0.034619	0.019636	0.053183	0.48521	0.034502	0.9448	0.051814	0.91523	0.013172	0.34362	0.95502	0.050606	0.020934	0.038247	0.18971	0.14444	0.038001	0.49683	0.028236	0.03937	0.060276	0.60332	0.020734	0.57365	0.035528	0.31068	0.86443
Meth__cg01172484__MAGEH1	0.42991	0.016834	0.054244	0.048371	0.61737	0.054713	0.046959	0.021886	0.91725	0.40807	0.1566	0.041465	0.13567	0.51899	0.095519	0.045887	0.025836	0.050835	0.43136	0.41409	0.74556	0.17038	0.32654	0.037738	0.50935	0.1036	0.034156	0.32193	0.026447	0.03236
Meth__cg19921353__HLA-DPB1	0.26501	0.039591	0.7603	0.29171	0.31357	0.30265	0.86879	0.090205	0.70528	0.42308	0.22964	0.087562	0.31285	0.43791	0.16054	0.065351	0.12064	0.12967	0.76101	0.14786	0.17864	0.18569	0.22606	0.10365	0.13998	0.06756	0.45585	0.10064	0.27645	0.37443
Meth__cg22190114__NALP8	0.56285	0.060613	0.22649	0.070659	0.27576	0.49831	0.46261	0.061829	0.52319	0.78757	0.14409	0.035667	0.18659	0.53689	0.12793	0.088151	0.073372	0.48928	0.81601	0.91777	0.15006	0.08332	0.74505	0.11709	0.32434	0.12575	0.43497	0.66238	0.15209	0.093007
Meth__cg20555507__TRPM3	0.3123	0.057425	0.5755	0.11361	0.09597	0.24156	0.90883	0.071641	0.33544	0.24684	0.12987	0.063584	0.089307	0.080128	0.075572	0.073314	0.091964	0.078435	0.13803	0.57994	0.16434	0.088767	0.51356	0.065849	0.080493	0.23866	0.081314	0.068939	0.083586	0.068346
Meth__cg05997860__ADAM21	0.23264	0.034324	0.67978	0.50797	0.057585	0.36837	0.78136	0.080261	0.16681	0.2504	0.21527	0.10846	0.20881	0.4499	0.053191	0.062792	0.1216	0.19866	0.78004	0.76245	0.10979	0.21511	0.07838	0.12316	0.28709	0.042182	0.38118	0.19574	0.43065	0.30075
Meth__cg20695587__TMPRSS11F	0.20238	0.12043	0.11858	0.096742	0.16994	0.09214	0.57139	0.12716	0.69178	0.22125	0.11706	0.086827	0.80109	0.86621	0.21065	0.10669	0.097585	0.098436	0.15816	0.19054	0.76667	0.10025	0.15465	0.1725	0.66442	0.12962	0.20968	0.12786	0.138	0.093188
Meth__cg05767404__C1orf150	0.84966	0.098382	0.35406	0.07207	0.74786	0.79089	0.80124	0.128	0.68034	0.28351	0.17456	0.058365	0.57807	0.82755	0.098798	0.11981	0.19499	0.1906	0.81099	0.18796	0.69308	0.18261	0.2347	0.21511	0.37755	0.46587	0.20768	0.14307	0.62321	0.71207
Meth__cg03547797__GAS2	0.8394	0.070856	0.87853	0.40818	0.078118	0.70245	0.8524	0.1116	0.53258	0.70606	0.17899	0.20728	0.58797	0.81852	0.29483	0.091724	0.069352	0.15652	0.86408	0.86121	0.099643	0.52959	0.76272	0.091236	0.32335	0.86517	0.29784	0.085931	0.62973	0.35332
Meth__cg23706211__CELSR2	0.066642	0.084048	0.28676	0.039293	0.72559	0.41593	0.44019	0.049425	0.88545	0.47567	0.17902	0.13311	0.41362	0.25575	0.055823	0.14088	0.053288	0.10859	0.037496	0.53166	0.7673	0.2634	0.45314	0.1834	0.50101	0.071149	0.43932	0.11298	0.090696	0.058996
Meth__cg14894216__CATSPER1	0.22781	0.10667	0.76334	0.42162	0.095629	0.31169	0.47553	0.14807	0.28099	0.53892	0.44097	0.092901	0.55625	0.10633	0.23094	0.11407	0.5594	0.23439	0.36617	0.80384	0.83939	0.11046	0.13832	0.15314	0.11629	0.054128	0.22973	0.14059	0.09937	0.10644
Meth__cg10301990__UBXD6	0.057272	0.053883	0.19846	0.11042	0.30804	0.073521	0.16961	0.096185	0.20936	0.23339	0.20572	0.1484	0.10314	0.77876	0.18556	0.070806	0.097011	0.07035	0.086385	0.26304	0.66116	0.36199	0.08766	0.061687	0.30287	0.077175	0.10174	0.070281	0.063254	0.053909
Meth__cg13904968__PCK1	0.22638	0.029321	0.77681	0.30093	0.22964	0.11873	0.91737	0.27324	0.7301	0.79833	0.73655	0.04978	0.6354	0.83553	0.080703	0.053446	0.71984	0.52464	0.4173	0.46327	0.24246	0.069437	0.10702	0.052067	0.40072	0.046142	0.59085	0.84146	0.37982	0.33507
Meth__cg16122592__MAGEB6	0.3911	0.038387	0.82669	0.13282	0.42059	0.79629	0.84436	0.062588	0.80982	0.41088	0.1669	0.81456	0.77423	0.83283	0.1043	0.089068	0.059851	0.44427	0.4303	0.56048	0.10696	0.097366	0.4508	0.10037	0.18556	0.69672	0.27972	0.038741	0.4129	0.44396
Meth__cg07879977__OR1F1	0.17056	0.017291	0.49545	0.62773	0.49756	0.49006	0.96567	0.39958	0.79858	0.90534	0.72173	0.015502	0.55128	0.7278	0.053385	0.015665	0.41807	0.64794	0.4494	0.59044	0.053911	0.016559	0.043405	0.026083	0.44397	0.42209	0.3577	0.95623	0.41716	0.15209
Meth__cg01655355__SLC5A5	0.27949	0.06467	0.30092	0.40528	0.18487	0.17057	0.74151	0.068632	0.52589	0.51692	0.46918	0.024411	0.41315	0.089636	0.060936	0.026614	0.12232	0.11068	0.69482	0.66102	0.16371	0.12148	0.41387	0.11588	0.14825	0.10617	0.089795	0.052179	0.28606	0.35365
RS_G17647__ARL4C__ARL4C	6.4058	3.9508	6.5819	4.9192	8.0292	4.7101	7.6877	2.9942	6.2663	6.2607	5.9989	2.1991	6.9743	7.5755	6.7168	7.9861	5.7583	4.3584	5.9484	7.7683	7.5221	4.073	1.3609	5.4578	10.7033	6.3785	6.5854	4.5654	3.7385	3.6318
Meth__cg00651216__HSP90AB1	0.05165	0.063254	0.37792	0.25791	0.8788	0.45155	0.58833	0.25853	0.23263	0.90971	0.32777	0.038854	0.26017	0.41064	0.42914	0.49139	0.34909	0.25878	0.25451	0.16437	0.68549	0.14942	0.15459	0.12561	0.26386	0.072957	0.19423	0.049258	0.16207	0.11802
RS_G7939__LL22NC03-75B3.6__LL22NC03-75B3.6	2.4782	0.1394	0.49211	1.2766	4.5176	0.15466	4.1286	0.053937	1.2511	4.4105	0.61415	0	3.9325	6.1773	0.071757	8.1771	0.83738	0	1.5554	1.6898	2.2202	0.76908	0.13865	0.10411	3.9719	0	0.63433	0.50332	0.21832	0.31876
Meth__cg18241160__CDC2L2	0.051236	0.028507	0.049259	0.046995	0.017644	0.11881	0.27936	0.029282	0.051181	0.13383	0.091107	0.12899	0.031114	0.070343	0.057386	0.036971	0.042847	0.046387	0.05457	0.056546	0.76748	0.032341	0.056392	0.034954	0.045054	0.031048	0.025651	0.031464	0.043225	0.04156
Meth__cg05215575__FLJ25410	0.034379	0.032988	0.038619	0.023176	0.83166	0.035623	0.92576	0.029324	0.75914	0.85146	0.41107	0.028859	0.58972	0.93361	0.44368	0.045638	0.033524	0.027996	0.031053	0.07105	0.072207	0.026062	0.060245	0.046246	0.62613	0.36891	0.09767	0.031693	0.039973	0.027926
Meth__cg02998425__ADAM21	0.91957	0.022214	0.87992	0.61775	0.060832	0.59729	0.96052	0.34254	0.65188	0.48407	0.28164	0.037316	0.43903	0.74457	0.072522	0.041828	0.14546	0.33397	0.92567	0.94117	0.0625	0.22864	0.2955	0.058077	0.14016	0.24169	0.36878	0.51482	0.55082	0.31261
RS_G6639__KHDRBS3__KHDRBS3	2.7656	1.8859	6.3116	2.5982	3.6717	3.9119	7.3774	3.5335	5.9593	4.6798	4.5205	1.334	3.9564	3.1927	3.2543	5.0197	0.13271	1.6897	3.5037	3.0254	7.1711	4.1739	3.1378	0.99985	6.8705	2.3588	2.4602	4.0823	4.0691	5.0319
Meth__cg02217159__KHDRBS2	0.39619	0.031793	0.92741	0.45692	0.58372	0.83821	0.9614	0.050885	0.86094	0.73576	0.25459	0.91372	0.59603	0.31553	0.36988	0.040216	0.11533	0.12334	0.55324	0.42473	0.80883	0.36369	0.86539	0.057263	0.5262	0.47622	0.34206	0.40433	0.65143	0.6091
RS_G4882__NRP2__NRP2	0.9771	0.20883	0.35126	0.070484	5.1284	0	4.7753	0	6.9605	6.1647	1.8408	0	5.4395	6.3585	3.0381	4.719	0.93829	0.60902	2.8202	1.0506	4.1193	0.27601	0.53772	1.3656	9.3677	1.3344	2.2134	0.047311	0	0.1009
Meth__cg19356189__KLK10	0.11129	0.082353	0.41018	0.39302	0.11997	0.24895	0.34246	0.078506	0.5566	0.91555	0.57589	0.071381	0.68844	0.4355	0.30062	0.06801	0.18811	0.18347	0.90827	0.14488	0.12476	0.41859	0.20444	0.11531	0.24514	0.0795	0.71902	0.13097	0.15143	0.13023
Meth__cg09022808__GAL3ST1	0.60383	0.073743	0.8694	0.54576	0.12929	0.49182	0.93312	0.3581	0.21571	0.81284	0.74854	0.070677	0.33611	0.75651	0.11084	0.042775	0.61612	0.62323	0.88594	0.8527	0.12827	0.36105	0.19813	0.11678	0.55692	0.42261	0.19094	0.71285	0.19396	0.12196
RS_G18078__SH2D5__SH2D5	0.21811	2.3234	1.2762	2.4179	5.7967	1.1809	4.2305	1.4472	5.1697	4.7174	0.25198	1.0908	3.3957	4.006	0.24591	5.9778	3.6847	1.5134	2.4549	1.9279	4.9347	1.5129	0.72962	0	8.9352	3.609	0.88422	1.7876	0.20018	0.38111
Meth__cg21808053__DIRAS3	0.25428	0.028376	0.66978	0.15733	0.47488	0.15558	0.2733	0.3293	0.52381	0.36224	0.10959	0.21326	0.086288	0.68999	0.083697	0.042606	0.07919	0.16006	0.14208	0.283	0.22977	0.10821	0.16906	0.054756	0.2821	0.25525	0.075532	0.20857	0.077445	0.061839
Meth__cg01934790__FBXL16	0.051527	0.1927	0.27971	0.16304	0.16109	0.54812	0.43969	0.047925	0.68644	0.4825	0.78443	0.33629	0.63273	0.33832	0.28018	0.038323	0.35667	0.39315	0.61962	0.12559	0.75061	0.11512	0.16179	0.10304	0.053463	0.10091	0.054936	0.062885	0.15221	0.1294
Meth__cg02989940__ERAF	0.36991	0.033652	0.59051	0.30758	0.45635	0.79674	0.69228	0.56334	0.70852	0.73667	0.05742	0.023081	0.86209	0.84547	0.048571	0.028234	0.80173	0.65135	0.063035	0.4008	0.077367	0.37622	0.058593	0.050573	0.60621	0.037256	0.37178	0.82142	0.3217	0.59799
Meth__cg13905388__CDCA4	0.10255	0.077292	0.11657	0.061063	0.10533	0.12832	0.74455	0.099053	0.12982	0.19693	0.12244	0.071729	0.13941	0.08441	0.13153	0.12389	0.075459	0.1006	0.11992	0.086317	0.15595	0.1056	0.1117	0.095718	0.11265	0.084808	0.06315	0.11334	0.093197	0.11071
Meth__cg21491308__TEX101	0.38903	0.059627	0.29142	0.1313	0.69302	0.24811	0.40108	0.14095	0.25863	0.29641	0.40573	0.042865	0.33692	0.64141	0.052303	0.070131	0.099004	0.10894	0.16375	0.41995	0.34839	0.068798	0.21021	0.099237	0.24074	0.089704	0.64626	0.23892	0.139	0.17735
Meth__cg03475172__USP6NL	0.074178	0.1597	0.23973	0.0503	0.74547	0.19023	0.88775	0.070683	0.58999	0.64735	0.38526	0.08425	0.84397	0.73103	0.257	0.51561	0.20509	0.087166	0.21099	0.16908	0.36386	0.21553	0.2692	0.16346	0.85841	0.37261	0.26178	0.081212	0.14298	0.27074
Meth__cg05593325__GALNT12	0.047858	0.069214	0.049	0.039134	0.68364	0.062393	0.95556	0.054137	0.61865	0.76862	0.2865	0.04416	0.86222	0.61069	0.24941	0.65437	0.047898	0.057826	0.15628	0.29201	0.83304	0.041789	0.08356	0.079646	0.085818	0.082019	0.78032	0.068765	0.063438	0.041036
Meth__cg07139440__MLLT11	0.040097	0.035323	0.083636	0.025956	0.362	0.053269	0.64839	0.068954	0.055016	0.62399	0.022833	0.031535	0.67368	0.069369	0.068966	0.044846	0.047696	0.050943	0.056823	0.1471	0.22795	0.058661	0.057692	0.1109	0.05723	0.5336	0.034902	0.1224	0.037825	0.039804
Meth__cg26822241__CYP2C9	0.89288	0.14968	0.90293	0.23734	0.17096	0.86864	0.75354	0.49225	0.75684	0.69149	0.30614	0.099135	0.35655	0.49862	0.076722	0.11783	0.24726	0.39137	0.85686	0.9275	0.12447	0.38096	0.31697	0.1387	0.47871	0.80308	0.08209	0.081787	0.58843	0.74108
Meth__cg03003745__UNQ473	0.023829	0.021727	0.03205	0.024317	0.76967	0.032516	0.94579	0.028213	0.33372	0.36855	0.11754	0.015164	0.24389	0.92538	0.28638	0.020053	0.022614	0.023669	0.036617	0.020176	0.10883	0.025744	0.069658	0.10154	0.58374	0.10797	0.049721	0.020689	0.024956	0.018402
Meth__cg05019001__AR	0.56703	0.041695	0.047653	0.18276	0.033377	0.041115	0.97755	0.076123	0.97909	0.94776	0.045564	0.028564	0.95135	0.72618	0.20724	0.037655	0.063451	0.057139	0.5413	0.46397	0.94506	0.049561	0.35048	0.063699	0.16346	0.15068	0.86384	0.41686	0.15553	0.048337
RS_G7983__GLIPR1__GLIPR1	0.55287	0.2859	0.94121	0.19873	8.8142	0.67508	3.8198	0.62063	3.6456	4.5642	4.8421	0.25714	6.5035	8.1578	4.0803	7.825	0.6577	0.57361	0.73209	1.9436	6.5993	0.1263	0	1.235	1.7892	3.8954	0.72126	0.29975	0.35881	0.094808
Meth__cg20931907__LOC340602	0.47844	0.17287	0.91524	0.52281	0.2503	0.927	0.96729	0.37128	0.87518	0.80924	0.093101	0.082047	0.32491	0.87743	0.084626	0.03864	0.65959	0.46881	0.5609	0.85336	0.08117	0.17426	0.79872	0.085845	0.64467	0.041988	0.94606	0.78237	0.34536	0.52764
RS_G12839__VAMP5__VAMP5	5.7475	8.4989	5.1276	6.3466	1.0717	4.2899	3.8161	7.4263	5.181	4.28	5.4616	6.2318	3.5479	2.1294	5.8416	0.73065	7.4246	6.901	7.2724	7.3036	3.5044	5.257	6.3869	6.3121	1.0478	5.9949	5.9869	10.8607	7.7928	6.4989
Meth__cg07378350__GDF5	0.54505	0.049725	0.80505	0.11172	0.92972	0.79963	0.82574	0.069669	0.36406	0.49491	0.61789	0.079766	0.26573	0.73576	0.42381	0.4	0.17077	0.14908	0.61453	0.1899	0.83013	0.17538	0.22653	0.069715	0.071293	0.070783	0.61665	0.07062	0.059329	0.12474
Meth__cg12589433__AR	0.44381	0.027046	0.04076	0.058053	0.052533	0.045763	0.46362	0.056102	0.8656	0.94835	0.064918	0.031479	0.81144	0.41988	0.2769	0.038885	0.046393	0.046603	0.36332	0.58539	0.8606	0.039352	0.51362	0.04685	0.4956	0.059393	0.53319	0.35938	0.058683	0.051816
Meth__cg26198807__C11orf49	0.3585	0.050406	0.37388	0.18144	0.40242	0.31939	0.58882	0.093693	0.3008	0.48553	0.44789	0.10242	0.19649	0.78751	0.24759	0.076038	0.087028	0.069327	0.57528	0.18636	0.29339	0.1247	0.30413	0.12077	0.062239	0.14204	0.15319	0.14648	0.10379	0.069735
Meth__cg13311440__CD48	0.6998	0.062975	0.80853	0.67899	0.076119	0.27632	0.9689	0.36003	0.56439	0.83292	0.89302	0.028932	0.45505	0.85646	0.080336	0.023366	0.66873	0.42286	0.055291	0.7917	0.69136	0.17649	0.077495	0.042389	0.84648	0.05504	0.18618	0.7034	0.42955	0.50576
Meth__cg19669036__SNAP29	0.017918	0.019556	0.021344	0.025859	0.037526	0.027585	0.10607	0.025381	0.060621	0.11428	0.035795	0.017285	0.042409	0.023086	0.039591	0.01627	0.01769	0.02	0.032797	0.03905	0.17417	0.024745	0.037789	0.029828	0.032908	0.029614	0.01912	0.019043	0.041272	0.028602
Meth__cg07014174__KRTAP11-1	0.80108	0.066227	0.61858	0.40092	0.083158	0.59849	0.86289	0.075982	0.69621	0.56912	0.16808	0.60216	0.42553	0.2621	0.16827	0.086181	0.047993	0.10855	0.4179	0.79426	0.17119	0.092457	0.25505	0.087419	0.065658	0.41576	0.094361	0.06405	0.26889	0.3176
Meth__cg03139057__DLL3	0.023566	0.016275	0.053216	0.023754	0.87786	0.14077	0.92098	0.041389	0.63066	0.59284	0.66999	0.016933	0.79745	0.50525	0.062588	0.064459	0.16224	0.2523	0.59361	0.027521	0.87085	0.060748	0.072545	0.020128	0.81329	0.04417	0.76187	0.028345	0.025753	0.25695
Meth__cg18809289__ALOX5	0.16115	0.17799	0.23337	0.10928	0.91561	0.14933	0.47892	0.10298	0.65779	0.1651	0.20122	0.22137	0.48377	0.38339	0.1456	0.43729	0.12395	0.20169	0.18772	0.33154	0.84574	0.11345	0.83329	0.13857	0.25603	0.1343	0.1742	0.11811	0.11157	0.13307
Meth__cg21091629__FRAG1	0.022814	0.016036	0.024762	0.021006	0.038032	0.024711	0.030894	0.024567	0.02394	0.025718	0.025535	0.022396	0.021172	0.098538	0.02976	0.01714	0.018889	0.021424	0.03411	0.021977	0.09323	0.024399	0.027207	0.020181	0.0255	0.023872	0.014646	0.022603	0.021099	0.01732
Meth__cg19954000__FGF1	0.043041	0.019314	0.0879	0.037262	0.83658	0.46686	0.26957	0.041957	0.74393	0.070178	0.04373	0.030773	0.087769	0.74644	0.081575	0.039339	0.33012	0.66411	0.55499	0.32187	0.41892	0.11955	0.14081	0.054679	0.89573	0.29834	0.10116	0.069041	0.080525	0.20385
Meth__cg03548857__FFAR2	0.079875	0.087769	0.080786	0.10593	0.77832	0.081151	0.817	0.079142	0.84925	0.76767	0.50164	0.080051	0.89507	0.94083	0.14705	0.086095	0.13614	0.15012	0.10788	0.18836	0.69346	0.095972	0.16752	0.099801	0.88278	0.49872	0.22451	0.083093	0.095078	0.076451
Meth__cg15642035__C8ORFK32	0.77549	0.20043	0.8502	0.0679	0.11184	0.16871	0.5029	0.1487	0.80533	0.17131	0.34635	0.10124	0.1899	0.23436	0.20348	0.11203	0.11913	0.15249	0.57991	0.91675	0.24373	0.13696	0.18506	0.31085	0.43278	0.1562	0.14307	0.34655	0.28151	0.4299
Meth__cg04740359__NTF3	0.67843	0.38991	0.8808	0.76061	0.11359	0.61325	0.82815	0.12563	0.82837	0.88698	0.19111	0.046012	0.47189	0.36413	0.068614	0.034691	0.5113	0.55215	0.14016	0.7022	0.18697	0.75567	0.1662	0.076645	0.34877	0.059185	0.27146	0.2039	0.19684	0.31254
Meth__cg19626078__KNDC1	0.054987	0.03652	0.071466	0.045098	0.048651	0.065951	0.093168	0.0519	0.95812	0.61269	0.11925	0.038163	0.12997	0.060097	0.073171	0.037598	0.05064	0.045738	0.045664	0.085291	0.17112	0.086204	0.95312	0.057941	0.085298	0.05056	0.042937	0.07006	0.065576	0.081958
RS_G11943__C10orf10__C10orf10	6.4294	2.4145	3.8936	2.0915	3.4013	0.56101	6.3853	1.5633	7.4403	5.9323	4.8405	1.5111	5.9809	4.172	7.2064	3.6636	0.63589	2.0915	3.3694	6.6362	2.4972	2.1318	2.6079	0	6.2562	1.5369	1.1558	3.1047	1.3846	2.7746
Meth__cg11884546__ITGAX	0.33788	0.039255	0.60775	0.1173	0.55925	0.12878	0.81854	0.12123	0.3943	0.19131	0.15608	0.034941	0.20822	0.23529	0.047021	0.038861	0.11363	0.1206	0.47438	0.53069	0.081432	0.18442	0.11976	0.074236	0.094502	0.042346	0.1723	0.13918	0.17559	0.15522
Meth__cg06244906__ZIM2	0.90163	0.042749	0.41479	0.91824	0.42462	0.65708	0.32653	0.084705	0.85888	0.62466	0.20225	0.15072	0.80712	0.30622	0.051761	0.044238	0.12761	0.32078	0.91375	0.88519	0.19414	0.04835	0.27518	0.064573	0.75574	0.16317	0.51542	0.9171	0.070821	0.066571
Meth__cg14833385__HLA-DMA	0.055157	0.032845	0.75122	0.44865	0.74249	0.091769	0.54357	0.13254	0.23746	0.17671	0.095985	0.040729	0.50161	0.76054	0.20608	0.14073	0.060226	0.07306	0.41362	0.048464	0.38829	0.16749	0.072768	0.10644	0.43999	0.3504	0.15158	0.052176	0.061522	0.10205
Meth__cg15940569__GABRB3	0.85004	0.060566	0.83643	0.31995	0.2224	0.45226	0.65178	0.11251	0.83161	0.6644	0.15618	0.083212	0.71732	0.12087	0.12602	0.087945	0.11579	0.16034	0.8594	0.71606	0.21775	0.14846	0.34838	0.25565	0.095339	0.062286	0.16701	0.14585	0.32489	0.13651
RS_G1492__DUSP13__DUSP13	1.1639	3.9306	0	3.4195	0	0.39666	0.7545	4.8779	0.46004	0	0.476	0.27248	0	0.26614	0	0.56268	4.1128	4.8187	2.0092	0.887	1.9107	4.6054	0	3.3152	0	0.88679	1.3829	7.1145	2.0528	2.255
Meth__cg27622610__OR1G1	0.84653	0.034333	0.54087	0.050528	0.022104	0.12101	0.22143	0.051416	0.087552	0.55085	0.21361	0.027741	0.11171	0.87147	0.04328	0.042265	0.039789	0.10756	0.81619	0.064272	0.097161	0.039643	0.097703	0.061743	0.027516	0.023632	0.18568	0.040137	0.059112	0.035438
Meth__cg08548888__MYD88	0.077687	0.065282	0.52453	0.10426	0.7097	0.7001	0.24066	0.085967	0.089083	0.31097	0.15785	0.059	0.18224	0.083503	0.1528	0.097357	0.16513	0.11618	0.17724	0.13201	0.52875	0.087104	0.12146	0.078477	0.13257	0.077423	0.11264	0.36847	0.080733	0.087002
Meth__cg18979491__LBP	0.17217	0.048797	0.51741	0.26538	0.088703	0.3393	0.62216	0.24355	0.24041	0.75264	0.43094	0.0578	0.16653	0.34546	0.13072	0.06592	0.27966	0.24283	0.89415	0.17369	0.072552	0.20113	0.11815	0.064395	0.13314	0.061055	0.12134	0.2705	0.15196	0.097749
Meth__cg25736482__TMC4	0.077592	0.051087	0.73013	0.076099	0.91311	0.099056	0.71058	0.49772	0.417	0.81624	0.33098	0.088	0.32839	0.82001	0.073094	0.43358	0.21499	0.12149	0.14838	0.20641	0.79882	0.41641	0.67339	0.074896	0.79501	0.24056	0.33862	0.073974	0.092807	0.093068
Meth__cg15983538__SEMA4A	0.055037	0.074217	0.22341	0.063748	0.84618	0.24595	0.15183	0.082469	0.094494	0.10354	0.11895	0.066634	0.36339	0.8837	0.14457	0.2754	0.097663	0.1093	0.07786	0.11403	0.81885	0.082458	0.11087	0.074811	0.21347	0.36508	0.084733	0.076692	0.066837	0.068948
Meth__cg22268164__TRHR	0.57429	0.048519	0.80406	0.60388	0.040804	0.58111	0.82198	0.041128	0.27461	0.17896	0.19433	0.61646	0.10983	0.8143	0.086848	0.11223	0.024761	0.15936	0.21447	0.89483	0.55575	0.26702	0.43692	0.10635	0.53143	0.27608	0.046432	0.038253	0.33626	0.21672
Meth__cg00540544__CSRP1	0.052805	0.58463	0.034001	0.24706	0.61403	0.065253	0.051289	0.044918	0.55124	0.040902	0.12555	0.18352	0.045583	0.036929	0.073306	0.025514	0.67469	0.56619	0.03481	0.035234	0.059426	0.057306	0.13616	0.11627	0.034514	0.036143	0.13467	0.041238	0.055111	0.24582
Meth__cg15612436__MPPED1	0.29544	0.016418	0.38883	0.23512	0.038556	0.32837	0.79577	0.054453	0.10292	0.36608	0.33508	0.023475	0.060209	0.45336	0.029026	0.023662	0.48399	0.38087	0.65658	0.78027	0.041153	0.11905	0.19388	0.026986	0.26268	0.025477	0.042239	0.36844	0.22685	0.06719
Meth__cg09413557__S100A6	0.030585	0.53436	0.033124	0.14395	0.59541	0.039195	0.034683	0.57648	0.16096	0.017639	0.63744	0.53135	0.10997	0.026498	0.058238	0.034959	0.66241	0.52445	0.22084	0.023695	0.053248	0.033652	0.47544	0.1352	0.029632	0.026279	0.028008	0.1551	0.27423	0.15056
Meth__cg24759821__PAH	0.13827	0.11472	0.9063	0.057556	0.17517	0.37931	0.11178	0.047234	0.71799	0.10105	0.5855	0.056849	0.53574	0.073042	0.086649	0.039733	0.054395	0.046501	0.49971	0.066756	0.41737	0.039509	0.12892	0.099536	0.28511	0.05977	0.80357	0.047568	0.065221	0.2336
Meth__cg07022477__HIF3A	0.064374	0.049826	0.66798	0.53732	0.067326	0.50945	0.41571	0.059675	0.10878	0.6202	0.35864	0.060823	0.16009	0.12497	0.10694	0.072082	0.1991	0.19076	0.7993	0.76254	0.13023	0.25355	0.38807	0.10657	0.27808	0.061911	0.2787	0.29838	0.18839	0.13455
RS_G1470__BPIL1__BPIL1	9.0019	2.3379	6.5411	4.0732	0.67379	1.6678	0	0.35871	0.2413	0.21207	2.5818	3.5613	0	0	0.62709	0.42834	0.26293	0.58624	0.70384	1.2384	0	4.738	4.0067	2.2751	0	0	10.7986	4.7405	1.2949	0.37323
Meth__cg23910835__SFRP2	0.30301	0.070523	0.21503	0.070477	0.17463	0.20075	0.44089	0.072834	0.44984	0.1105	0.17267	0.070812	0.2404	0.19606	0.24881	0.077012	0.092311	0.1344	0.3495	0.3125	0.14959	0.22596	0.24072	0.092015	0.083219	0.048535	0.052525	0.16108	0.094754	0.089463
Meth__cg01911082__CSMD3	0.14959	0.012962	0.20964	0.021941	0.096183	0.7801	0.7405	0.030032	0.17742	0.52549	0.34704	0.1276	0.31183	0.055433	0.053961	0.017936	0.057812	0.56524	0.62828	0.23306	0.89605	0.032069	0.75204	0.027266	0.024689	0.25121	0.068251	0.15682	0.050972	0.021657
RS_G3173__SYNGR4__SYNGR4	2.0634	2.6928	1.8951	3.4784	1.779	1.4674	1.5507	1.7646	1.6931	2.3656	1.0514	4.7824	1.7469	0.45738	2.2555	0.28469	4.6505	2.71	3.4658	1.1654	0	4.58	2.7149	4.2009	0.77481	4.693	10.265	4.6716	1.0684	0.85816
Meth__cg00718440__CDKN2A	0.082699	0.06867	0.082562	0.032447	0.041457	0.078407	0.1032	0.038478	0.17803	0.065664	0.069042	0.033795	0.039581	0.56842	0.16204	0.027694	0.030568	0.059905	0.056444	0.036998	0.61271	0.06185	0.080973	0.071986	0.49263	0.038048	0.026792	0.036668	0.048871	0.072829
Meth__cg01124420__EDAR	0.026976	0.020655	0.17069	0.041342	0.060678	0.052899	0.95085	0.032888	0.17397	0.044727	0.41504	0.027805	0.52541	0.025934	0.092154	0.021796	0.037408	0.034573	0.69804	0.15452	0.06687	0.11133	0.061634	0.049651	0.33316	0.036383	0.23182	0.029316	0.033753	0.054907
RS_G11127__OLFML2B__OLFML2B	0.42875	0.13423	0.23792	0.40981	5.7677	4.4756	3.339	0	1.2164	1.2905	0.97504	0	1.9934	7.0512	2.5686	5.708	0.40258	0.28477	6.7681	1.3501	2.3956	0.30446	0.37271	0	5.2065	0.9963	7.5456	0.44843	0.70319	0.30943
Meth__cg26643856__HLA-DOA	0.48349	0.026974	0.77737	0.66865	0.11739	0.48719	0.78748	0.39578	0.31022	0.54815	0.36664	0.021483	0.1627	0.68436	0.064687	0.017583	0.23163	0.24603	0.82099	0.62537	0.11266	0.057215	0.047282	0.037677	0.14938	0.054486	0.22557	0.70781	0.39178	0.44354
Meth__cg15352315__CD302	0.16573	0.07912	0.43093	0.099405	0.75095	0.43925	0.94651	0.093808	0.16681	0.71138	0.77409	0.12145	0.70488	0.13455	0.43344	0.066828	0.11712	0.091824	0.89241	0.70011	0.13111	0.059661	0.44132	0.23428	0.91139	0.2945	0.63596	0.11237	0.1917	0.1924
Meth__cg03565081__C14orf93	0.5648	0.25483	0.31894	0.28647	0.16453	0.58903	0.58964	0.13611	0.074692	0.41248	0.23514	0.206	0.42725	0.34852	0.15225	0.062252	0.072549	0.23644	0.70816	0.23651	0.67726	0.23807	0.15296	0.25265	0.091634	0.055094	0.31214	0.063679	0.23948	0.35896
RS_G18635__AL390294.19__AL390294.19	3.2266	0	0.25251	6.1877	0	2.0959	0.18879	4.1179	0.62467	0.95932	1.0309	6.4133	0.61877	0.66985	2.2412	0.37138	7.1617	6.5877	6.6266	1.0383	0.21678	5.6484	7.8851	1.0982	0.40247	3.0376	4.3264	2.7329	3.6191	5.5031
Meth__cg06256735__MFAP5	0.36047	0.054363	0.83534	0.47908	0.054447	0.40666	0.75335	0.52194	0.69524	0.39655	0.63729	0.076193	0.28157	0.83392	0.12696	0.090909	0.23179	0.1657	0.8784	0.84331	0.065745	0.21824	0.19701	0.049099	0.058668	0.20204	0.29616	0.1269	0.34018	0.17583
Meth__cg00564163__STEAP4	0.06803	0.037418	0.93583	0.37418	0.92645	0.65849	0.91382	0.0882	0.8647	0.13074	0.10597	0.052919	0.67331	0.62713	0.072762	0.47339	0.32304	0.054873	0.93298	0.067387	0.89562	0.93128	0.29771	0.096047	0.56111	0.038154	0.94419	0.084757	0.12978	0.1586
Meth__cg07102705__HTR4	0.43928	0.015076	0.69156	0.66315	0.54811	0.71804	0.97699	0.76283	0.63935	0.93674	0.53858	0.21897	0.039791	0.31391	0.030165	0.024775	0.22476	0.51853	0.3596	0.56007	0.77642	0.26399	0.76264	0.052542	0.71436	0.037525	0.68262	0.021938	0.52498	0.19737
Meth__cg27015931__MGC50721	0.066943	0.050145	0.63601	0.058292	0.081019	0.07834	0.12373	0.062254	0.072976	0.074566	0.15783	0.056707	0.06653	0.08621	0.13793	0.057399	0.061132	0.068112	0.086963	0.073162	0.1292	0.062049	0.058621	0.067851	0.073974	0.075974	0.057743	0.26761	0.069002	0.062096
Meth__cg08800033__CETN2	0.57626	0.09642	0.14304	0.19934	0.044644	0.12809	0.69356	0.097967	0.13646	0.33611	0.21063	0.059097	0.257	0.34402	0.101	0.14213	0.083447	0.074895	0.48397	0.38961	0.13421	0.074832	0.27839	0.28211	0.43589	0.05696	0.12612	0.66982	0.26299	0.12634
Meth__cg01888566__MEST	0.62762	0.017643	0.3121	0.020258	0.98538	0.65902	0.80943	0.017237	0.98918	0.72074	0.40524	0.016306	0.98138	0.021216	0.31079	0.64246	0.018481	0.017339	0.68134	0.020724	0.65529	0.021608	0.03247	0.0317	0.98076	0.74062	0.98014	0.018447	0.021045	0.025861
Meth__cg21966410__AR	0.56933	0.032125	0.039161	0.23654	0.034815	0.03352	0.82621	0.046639	0.92674	0.93937	0.048535	0.025605	0.93539	0.6363	0.35405	0.029977	0.047704	0.039575	0.53367	0.82955	0.69698	0.047297	0.36496	0.054207	0.53563	0.056747	0.94602	0.51909	0.33454	0.060654
Meth__cg15958424__ACPP	0.081619	0.054936	0.057897	0.17052	0.64915	0.11261	0.42689	0.22954	0.41355	0.24419	0.11825	0.11656	0.36306	0.81598	0.088472	0.64299	0.065888	0.060295	0.30969	0.15278	0.70139	0.094867	0.15679	0.13556	0.82287	0.091768	0.21919	0.14562	0.098747	0.10263
Meth__cg22862656__SCGB2A2	0.055845	0.047079	0.24138	0.22013	0.70361	0.095397	0.84339	0.36142	0.87111	0.17338	0.22479	0.069192	0.46196	0.671	0.090973	0.84613	0.13823	0.13718	0.74933	0.12477	0.82923	0.129	0.16283	0.054846	0.59018	0.30056	0.146	0.18009	0.076393	0.074453
Meth__cg10758292__DEFA1	0.16248	0.068423	0.33185	0.1273	0.066962	0.1376	0.58153	0.10036	0.76492	0.62327	0.86463	0.057351	0.143	0.63345	0.15311	0.033838	0.30105	0.18921	0.15366	0.73651	0.15921	0.13974	0.39428	0.04676	0.10331	0.047098	0.31738	0.37842	0.091669	0.076957
RS_G11561__PRSS12__PRSS12	1.496	0.54609	0.25057	0.080545	5.6392	0.8661	5.8391	0.31015	10.2082	4.7765	2.0344	0.29579	9.7569	4.8767	1.5091	5.9064	0.22633	0.48493	0.61684	3.2744	4.7183	0.48861	0.70177	0	4.227	6.4227	0.17025	0.1576	1.3084	2.2724
Meth__cg07629017__NPBWR1	0.21412	0.026729	0.70462	0.20359	0.24813	0.25824	0.92345	0.082041	0.84587	0.60395	0.84297	0.16056	0.72732	0.075414	0.54651	0.032906	0.35799	0.35577	0.59927	0.9439	0.61655	0.28008	0.4629	0.073766	0.23572	0.048801	0.095186	0.68269	0.65619	0.31899
Meth__cg22477971__C1QB	0.66867	0.042449	0.58753	0.35406	0.055725	0.27506	0.509	0.09166	0.092337	0.26225	0.63026	0.056075	0.48365	0.47889	0.14958	0.058087	0.24202	0.24173	0.90206	0.37689	0.10715	0.21514	0.096581	0.090375	0.25924	0.056673	0.56406	0.10687	0.11169	0.079979
Meth__cg04893119__PI15	0.77355	0.075998	0.56548	0.096756	0.49656	0.14649	0.63203	0.40414	0.093759	0.26595	0.216	0.13487	0.44961	0.72807	0.20727	0.25308	0.088683	0.2787	0.82845	0.26577	0.58963	0.12713	0.10439	0.078378	0.50927	0.64908	0.058219	0.087666	0.18581	0.10349
Meth__cg17027046__ITPA	0.13265	0.13604	0.13155	0.09837	0.099947	0.15497	0.11298	0.38693	0.11572	0.075461	0.15534	0.10328	0.15823	0.10651	0.19297	0.18887	0.16271	0.17405	0.15904	0.099443	0.14937	0.17021	0.25484	0.16724	0.10974	0.13318	0.131	0.18342	0.20188	0.1652
Meth__cg20485165__WFDC12	0.60352	0.02287	0.6111	0.44386	0.37527	0.105	0.94379	0.26209	0.30425	0.96059	0.79015	0.045389	0.48654	0.69452	0.74849	0.02838	0.22083	0.40149	0.90316	0.87012	0.13672	0.14014	0.21203	0.040174	0.89291	0.44841	0.10655	0.3905	0.22681	0.22674
Meth__cg19033555__DEFB1	0.1961	0.11038	0.89048	0.074641	0.047971	0.37876	0.91306	0.37518	0.79391	0.85897	0.84113	0.11622	0.74385	0.90991	0.69503	0.052569	0.54734	0.21381	0.11731	0.92113	0.2122	0.20399	0.76548	0.10563	0.077799	0.45484	0.71953	0.47687	0.15614	0.069029
Meth__cg06185738__SLC17A6	0.096722	0.027128	0.062086	0.025008	0.050647	0.077487	0.85935	0.035328	0.31065	0.080685	0.077636	0.033251	0.066409	0.48566	0.13622	0.043342	0.040822	0.053949	0.89614	0.14529	0.055861	0.042259	0.86002	0.048231	0.032825	0.034096	0.049497	0.032245	0.042905	0.23107
Meth__cg27104271__SLCO2B1	0.20386	0.076145	0.77247	0.45474	0.050422	0.21907	0.51522	0.13397	0.16116	0.51634	0.26347	0.05733	0.20016	0.3351	0.10292	0.06229	0.2839	0.29975	0.76462	0.55458	0.13106	0.17712	0.1048	0.10051	0.07606	0.064228	0.079155	0.29328	0.18993	0.17414
Meth__cg08690031__CDCA7	0.098668	0.076317	0.089914	0.43964	0.081869	0.11293	0.057071	0.077033	0.064507	0.094862	0.061966	0.88304	0.056356	0.070093	0.12813	0.79551	0.80158	0.79193	0.067262	0.069866	0.20309	0.5848	0.16167	0.15338	0.031696	0.043485	0.02967	0.10496	0.70793	0.32012
Meth__cg03602500__FLJ00060	0.11584	0.05722	0.072757	0.062924	0.12062	0.094706	0.40187	0.071063	0.41951	0.6293	0.27524	0.035201	0.098106	0.2786	0.16778	0.0477	0.067395	0.11796	0.079068	0.84499	0.23515	0.060248	0.11128	0.069715	0.066575	0.079573	0.13724	0.10284	0.059836	0.06868
Meth__cg02721374__OR1D2	0.88902	0.12577	0.75777	0.12962	0.17312	0.54779	0.81727	0.15674	0.65628	0.5308	0.61189	0.082999	0.65469	0.88802	0.10727	0.075506	0.27554	0.34278	0.5593	0.48739	0.091254	0.11402	0.33333	0.42159	0.13611	0.069619	0.66685	0.33026	0.36556	0.39387
Meth__cg03464416__RPL10	0.29175	0.10284	0.13926	0.2965	0.044466	0.092711	0.77732	0.067116	0.056461	0.187	0.12142	0.034128	0.39406	0.66814	0.14067	0.10954	0.048007	0.066101	0.65254	0.57267	0.17465	0.087452	0.27435	0.081437	0.41715	0.036505	0.13096	0.69503	0.31173	0.076412
Meth__cg02946850__GRM8	0.54437	0.025803	0.81848	0.031751	0.69226	0.48042	0.27586	0.14019	0.6881	0.15909	0.17997	0.066885	0.21969	0.41247	0.10585	0.069539	0.12884	0.09275	0.76126	0.87078	0.25446	0.2696	0.27641	0.044114	0.10827	0.38338	0.18048	0.13211	0.39904	0.22465
Meth__cg16678925__OR1A2	0.35912	0.059737	0.26526	0.092102	0.049199	0.14652	0.20863	0.077075	0.25049	0.2	0.18696	0.077347	0.4041	0.50873	0.16539	0.047113	0.078709	0.14242	0.13808	0.45299	0.083909	0.061542	0.16904	0.068466	0.07235	0.050005	0.28671	0.16314	0.11151	0.17753
Meth__cg05626013__LRRTM3	0.29061	0.093426	0.63909	0.10767	0.27788	0.21835	0.77333	0.13245	0.25376	0.23782	0.2509	0.16485	0.20077	0.22465	0.14815	0.16475	0.13124	0.15774	0.78845	0.16157	0.45484	0.1721	0.29889	0.087942	0.10622	0.20464	0.10853	0.12659	0.14646	0.14324
Meth__cg11784785__SLC6A5	0.12135	0.042445	0.55237	0.16432	0.082744	0.27229	0.74339	0.063939	0.27194	0.23303	0.17547	0.042355	0.24838	0.072869	0.11032	0.054137	0.13782	0.12033	0.49009	0.60206	0.11908	0.070268	0.23579	0.10913	0.053044	0.059605	0.18932	0.28081	0.13866	0.094408
Meth__cg05828624__REG1A	0.59271	0.11688	0.88003	0.090413	0.14558	0.76402	0.66054	0.12989	0.31849	0.62568	0.14474	0.20107	0.33424	0.12905	0.24965	0.12652	0.090954	0.10497	0.14491	0.47312	0.20518	0.1462	0.70619	0.1746	0.51529	0.8387	0.11224	0.14362	0.3206	0.17422
Meth__cg08159444__PNMA5	0.10401	0.084835	0.79764	0.49079	0.089533	0.35319	0.8699	0.62976	0.2479	0.69585	0.67884	0.030903	0.31986	0.73281	0.14108	0.055721	0.6638	0.53828	0.26706	0.47047	0.15356	0.16386	0.13471	0.251	0.21964	0.039111	0.17077	0.71452	0.15713	0.24173
Meth__cg18869368__MAGEH1	0.46386	0.052479	0.90801	0.063655	0.41904	0.090787	0.17366	0.3382	0.86655	0.415	0.49655	0.12529	0.074251	0.39837	0.25285	0.11209	0.072887	0.08791	0.48039	0.3953	0.78979	0.12046	0.35276	0.077756	0.81638	0.13609	0.10478	0.30174	0.069981	0.077616
Meth__cg15856055__ZNF511	0.10907	0.076625	0.2137	0.07098	0.75434	0.13097	0.1839	0.11932	0.12576	0.48033	0.19231	0.11323	0.14645	0.41767	0.1078	0.50479	0.071195	0.093719	0.15988	0.25448	0.41294	0.091023	0.12438	0.18684	0.10969	0.13865	0.073964	0.25554	0.059835	0.09375
Meth__cg26264314__NALP5	0.52213	0.10505	0.29003	0.087779	0.3019	0.6522	0.14929	0.05931	0.40746	0.50704	0.29776	0.075045	0.11008	0.32294	0.11429	0.070866	0.26136	0.56491	0.78229	0.8903	0.4574	0.054332	0.7319	0.077142	0.45839	0.078236	0.15962	0.63416	0.10879	0.062364
Meth__cg01535453__ACADS	0.50289	0.96803	0.92864	0.15151	0.97295	0.10014	0.04812	0.21009	0.093761	0.071077	0.93647	0.98089	0.072031	0.050949	0.13158	0.048585	0.16734	0.12486	0.091584	0.10465	0.58504	0.96465	0.94702	0.93738	0.1287	0.076404	0.034667	0.062523	0.96573	0.96446
Meth__cg10798171__ICA1	0.12069	0.20148	0.26476	0.20939	0.56121	0.14064	0.1511	0.2617	0.52717	0.52028	0.49772	0.083839	0.18041	0.4088	0.20277	0.22455	0.14369	0.12283	0.15133	0.60317	0.3972	0.12813	0.12587	0.22277	0.16491	0.093974	0.060194	0.11647	0.11336	0.10264
Meth__cg12685753__TEKT1	0.070802	0.054663	0.49705	0.1292	0.89891	0.2017	0.41027	0.13821	0.80118	0.4034	0.33898	0.077705	0.46884	0.12483	0.090134	0.036312	0.07449	0.1263	0.51615	0.1594	0.6563	0.086073	0.59434	0.15785	0.060512	0.041783	0.27729	0.091681	0.17144	0.084378
Meth__cg09226684__KLK10	0.57287	0.087975	0.2924	0.10584	0.38722	0.10052	0.17463	0.10219	0.86567	0.72887	0.12721	0.13035	0.12659	0.27874	0.10526	0.2206	0.095399	0.12513	0.63634	0.36703	0.29566	0.11556	0.56308	0.076601	0.11019	0.11508	0.11587	0.088704	0.1027	0.086381
Meth__cg10011232__FKBP8	0.060302	0.062962	0.2847	0.096478	0.10394	0.066089	0.067281	0.04891	0.18668	0.44289	0.14697	0.059522	0.32332	0.46137	0.44873	0.06358	0.060771	0.055044	0.21091	0.15536	0.12931	0.092035	0.10577	0.23134	0.059636	0.048043	0.064425	0.09758	0.084791	0.069137
Meth__cg19803984__SNRPN	0.91735	0.035401	0.94727	0.044967	0.28995	0.9018	0.85965	0.06949	0.71909	0.47013	0.1563	0.85265	0.31977	0.36252	0.084808	0.044217	0.067084	0.12952	0.18273	0.44604	0.18882	0.8846	0.76663	0.050456	0.069516	0.052778	0.088879	0.046319	0.10863	0.1844
Meth__cg23447996__SYK	0.13343	0.095417	0.14174	0.082443	0.55392	0.37867	0.55779	0.10152	0.7121	0.168	0.098669	0.20413	0.17038	0.43939	0.10948	0.085471	0.14679	0.096425	0.57126	0.23115	0.34617	0.2493	0.84099	0.26182	0.11554	0.30635	0.15646	0.08708	0.1058	0.12679
Meth__cg09212468__C16orf50	0.15963	0.065779	0.69262	0.13229	0.14998	0.16303	0.23542	0.098786	0.41223	0.35375	0.32882	0.12546	0.22174	0.83574	0.28821	0.11559	0.13416	0.12811	0.14257	0.13592	0.29399	0.18077	0.15721	0.11365	0.077495	0.13815	0.21269	0.13571	0.19465	0.18143
Meth__cg10071275__MYT1	0.12511	0.092764	0.10019	0.10137	0.85357	0.13432	0.83154	0.11294	0.84276	0.94948	0.19941	0.11955	0.47015	0.66379	0.18482	0.45813	0.14765	0.21422	0.10606	0.58901	0.70847	0.10562	0.19864	0.13973	0.25298	0.42164	0.10277	0.14533	0.088365	0.087373
RS_G8354__PMAIP1__PMAIP1	4.0124	3.1341	5.0862	4.7247	5.4108	3.4802	5.7681	3.9484	9.8502	4.8414	5.4832	0	2.9297	7.3392	6.0246	5.9079	2.6823	2.1942	6.0173	3.7396	6.9079	4.193	0.73814	1.8729	4.2525	4.0255	2.6193	3.0695	4.9198	3.01
Meth__cg08955609__APOE	0.023596	0.03179	0.29571	0.036658	0.67491	0.067427	0.62356	0.040101	0.80753	0.34698	0.23688	0.024524	0.62586	0.57156	0.067426	0.056207	0.07577	0.036009	0.41677	0.042072	0.56178	0.24307	0.71274	0.040279	0.03766	0.56072	0.28176	0.02875	0.030139	0.11701
Meth__cg08462247__MYEOV2	0.049983	0.045671	0.057271	0.048431	0.04244	0.053238	0.11957	0.062364	0.066574	0.12452	0.063824	0.095431	0.04631	0.13	0.090085	0.045453	0.035637	0.051327	0.060563	0.058912	0.48551	0.060363	0.095276	0.081346	0.065839	0.034881	0.04852	0.061357	0.047894	0.042385
Meth__cg15164103__MEST	0.10477	0.061122	0.10935	0.067746	0.83768	0.32679	0.77847	0.070967	0.7729	0.22371	0.18813	0.048666	0.48316	0.093475	0.086716	0.73864	0.069605	0.075672	0.6032	0.044821	0.39966	0.082264	0.13324	0.084048	0.85847	0.074231	0.4498	0.075451	0.06903	0.080966
Meth__cg24103438__NLGN4X	0.10104	0.055249	0.89519	0.098592	0.60554	0.8119	0.77614	0.075739	0.79332	0.55414	0.20375	0.2094	0.54644	0.21377	0.11096	0.097753	0.09748	0.29677	0.45027	0.91049	0.36429	0.07921	0.86194	0.19376	0.078474	0.43556	0.55461	0.088434	0.60429	0.21661
RS_G15925__TSEN54__TSEN54	7.2344	8.3459	6.4633	7.5892	6.3917	7.9159	7.7411	8.3035	7.0863	7.0836	7.421	8.0853	7.972	6.2994	7.2044	6.6307	10.0525	8.9556	6.8742	8.4277	7.161	9.7546	9.4051	9.1787	7.8424	7.1251	7.997	8.7783	8.8604	8.5107
Meth__cg05592527__ARMCX6	0.50842	0.015967	0.60709	0.024396	0.015995	0.024666	0.12514	0.014175	0.024186	0.052509	0.09996	0.01353	0.13646	0.40133	0.027895	0.017847	0.021919	0.019277	0.31885	0.51303	0.034347	0.021007	0.11808	0.037522	0.024677	0.017078	0.11828	0.63794	0.020721	0.079713
Meth__cg00918005__REG3G	0.26406	0.031475	0.72241	0.02899	0.04975	0.41682	0.31524	0.047778	0.57417	0.41454	0.14365	0.12811	0.051394	0.034809	0.12534	0.040323	0.037726	0.043386	0.39129	0.31686	0.16202	0.049876	0.3855	0.046597	0.039331	0.15312	0.07183	0.044771	0.056515	0.036532
Meth__cg25964007__WDRPUH	0.44006	0.046409	0.956	0.038259	0.031039	0.11515	0.07625	0.055853	0.95395	0.11441	0.89946	0.041344	0.94115	0.96268	0.13531	0.036696	0.036809	0.34898	0.19543	0.049195	0.53691	0.046077	0.15515	0.052408	0.94933	0.042509	0.59001	0.049353	0.57615	0.94144
Meth__cg17267907__DEFA1	0.079797	0.085964	0.27797	0.04751	0.08843	0.066651	0.32653	0.071761	0.45452	0.69664	0.10474	0.063077	0.12358	0.54883	0.16369	0.082422	0.39191	0.22157	0.1132	0.29573	0.10665	0.076552	0.086207	0.15035	0.13807	0.089117	0.085364	0.67088	0.11661	0.11841
Meth__cg03109701__TMEM118	0.10425	0.10342	0.17629	0.093787	0.12641	0.13245	0.23292	0.19932	0.12563	0.62979	0.17258	0.054601	0.12931	0.10072	0.10902	0.10307	0.10046	0.096438	0.11237	0.68031	0.13181	0.091906	0.19869	0.25918	0.9388	0.075434	0.065751	0.45734	0.1321	0.090623
Meth__cg17477756__HNRPM	0.065482	0.069109	0.060962	0.11164	0.30307	0.053649	0.09445	0.088973	0.049769	0.050464	0.089642	0.050901	0.052216	0.049351	0.114	0.070249	0.06431	0.078009	0.058708	0.045672	0.3366	0.083528	0.14249	0.11389	0.031271	0.037675	0.054838	0.068003	0.081102	0.12351
Meth__cg00162401__GSTA4	0.03517	0.026356	0.031388	0.027022	0.023592	0.029733	0.021647	0.68135	0.021013	0.027681	0.047678	0.023375	0.024402	0.026665	0.053233	0.023132	0.61832	0.49014	0.028292	0.032552	0.092873	0.91444	0.92573	0.045995	0.022211	0.027083	0.43231	0.047115	0.056068	0.040998
Meth__cg08935003__MS4A6E	0.14696	0.069858	0.56533	0.08967	0.084832	0.11345	0.20032	0.082323	0.21459	0.078575	0.49254	0.11166	0.15752	0.33098	0.17373	0.070431	0.10775	0.086098	0.7592	0.1585	0.17892	0.097564	0.19215	0.097599	0.083561	0.062073	0.10616	0.080221	0.11311	0.098361
RS_G10674__PIP__PIP	2.9964	1.7353	9.5819	4.291	0	0	0	1.4841	0.66661	0	6.4468	10.9728	0	0	3.1539	2.713	0.71805	1.8507	2.0123	6.3497	0	4.4832	5.3906	6.4578	0	0	3.8345	2.2284	6.4281	3.0258
Meth__cg07141002__H1F0	0.069085	0.063198	0.28667	0.068176	0.74185	0.19321	0.11178	0.07772	0.4004	0.91041	0.82011	0.037489	0.67905	0.25618	0.049072	0.036808	0.054973	0.077499	0.26212	0.14414	0.1156	0.059791	0.12487	0.34537	0.50288	0.91821	0.043365	0.83895	0.064607	0.065383
Meth__cg21179457__INSM2	0.039607	0.048792	0.056435	0.035811	0.036894	0.06103	0.049834	0.04124	0.49247	0.093199	0.069956	0.034169	0.060584	0.065368	0.0428	0.055864	0.04874	0.072793	0.057803	0.59659	0.13776	0.058477	0.073482	0.079641	0.06801	0.037991	0.043634	0.04893	0.076698	0.098369
Meth__cg06716436__EDG5	0.02261	0.034796	0.030067	0.063404	0.24943	0.029095	0.028869	0.04741	0.025488	0.024052	0.073647	0.035394	0.022356	0.026431	0.053688	0.016496	0.03571	0.028851	0.024611	0.033315	0.065283	0.038391	0.035271	0.045621	0.019075	0.019691	0.036588	0.061477	0.038752	0.045031
Meth__cg02611282__CREB5	0.30175	0.060912	0.18208	0.1126	0.28222	0.1517	0.58887	0.099298	0.19469	0.3658	0.45172	0.04998	0.18079	0.45498	0.087625	0.13833	0.22452	0.10819	0.20188	0.08697	0.55852	0.15179	0.16646	0.12054	0.26409	0.18589	0.25208	0.15096	0.10717	0.10962
Meth__cg23799313__PAQR7	0.074643	0.03129	0.090851	0.053866	0.443	0.043641	0.32986	0.053814	0.082471	0.083239	0.081552	0.047554	0.11418	0.37085	0.12001	0.34088	0.064523	0.090024	0.067745	0.19927	0.6003	0.077852	0.066436	0.074615	0.51678	0.12556	0.029388	0.054137	0.037208	0.04449
Meth__cg27519236__KIFC3	0.10299	0.91867	0.71866	0.098568	0.032391	0.5963	0.037754	0.041388	0.049771	0.03909	0.91267	0.53276	0.037426	0.029542	0.1546	0.036692	0.92174	0.89375	0.047158	0.059077	0.10197	0.85888	0.84109	0.43408	0.028421	0.02837	0.94481	0.39809	0.92052	0.89771
Meth__cg05820087__ATP13A4	0.11772	0.092339	0.11928	0.069182	0.32099	0.81292	0.84996	0.10542	0.72547	0.21363	0.72403	0.10641	0.60686	0.38771	0.24422	0.074251	0.40561	0.16886	0.81942	0.076696	0.33599	0.13846	0.62622	0.24858	0.80119	0.40069	0.23072	0.10123	0.14329	0.092671
RS_G12129__GABRB3__GABRB3	6.1029	0.22135	3.7179	0	0	0	0.38963	0	4.6902	0.31319	0	4.453	0.32792	0	0	0	0	0	6.0912	1.1978	1.4035	0	0	0	0.29687	0	0	0.54281	0	2.6963
Meth__cg19580810__RAB25	0.099988	0.050562	0.088267	0.056962	0.86798	0.089921	0.15854	0.14805	0.8073	0.2503	0.23371	0.038933	0.21856	0.86002	0.07881	0.80537	0.088248	0.074521	0.21466	0.06447	0.85185	0.14751	0.078888	0.27169	0.83685	0.080202	0.040285	0.17464	0.037945	0.036921
Meth__cg00660989__BTBD5	0.038142	0.019807	0.041488	0.025568	0.03809	0.061573	0.055036	0.031533	0.087927	0.12939	0.070339	0.038462	0.041461	0.026143	0.12801	0.056867	0.03453	0.033911	0.052216	0.26896	0.10509	0.031804	0.061951	0.042291	0.5815	0.03635	0.043263	0.058079	0.044965	0.031114
RS_G6363__APOE__APOE	4.2881	4.7187	0	2.382	5.2995	1.3208	2.9543	4.4855	2.5012	3.0563	1.0451	3.614	1.0041	2.1619	3.6414	4.6007	6.7091	5.158	1.0037	2.8448	2.0232	0.83225	1.4749	4.0786	4.4021	3.4789	2.2518	5.5087	5.8134	0.56077
Meth__cg04543012__TFCP2	0.055556	0.55941	0.066756	0.5058	0.044228	0.66306	0.049007	0.82217	0.069782	0.039964	0.79522	0.46995	0.042294	0.041877	0.097796	0.041207	0.83399	0.84444	0.079434	0.052965	0.069326	0.22594	0.089238	0.18701	0.043906	0.047447	0.045533	0.048305	0.45878	0.80361
Meth__cg14062083__KRTAP13-4	0.3599	0.092754	0.70426	0.18263	0.31269	0.51225	0.84213	0.088055	0.74122	0.56026	0.136	0.12687	0.26425	0.14473	0.1518	0.10203	0.08579	0.11592	0.45137	0.63552	0.16262	0.10766	0.51998	0.11364	0.060177	0.76776	0.1173	0.093449	0.16195	0.27739
RS_G1435__LAMP3__LAMP3	0.62064	1.9683	1.0047	1.3769	0.22252	1.1839	5.1333	2.8659	9.5505	5.5942	4.0768	1.8962	4.792	1.4715	6.877	0.97266	1.1293	1.0233	1.7863	2.7514	1.085	0.59349	0.78725	0	3.2642	2.8191	4.535	0.78899	0.7314	0.65096
Meth__cg26164184__FCN2	0.9376	0.10469	0.76232	0.76149	0.28841	0.63137	0.45562	0.38554	0.83093	0.91218	0.87724	0.054698	0.6877	0.95427	0.086957	0.045661	0.53506	0.5676	0.93989	0.95076	0.10145	0.23082	0.11448	0.069767	0.2363	0.11086	0.77248	0.64765	0.38241	0.26073
Meth__cg21094154__TNFSF11	0.15516	0.12349	0.25304	0.089754	0.1151	0.16357	0.63327	0.16861	0.43652	0.65955	0.2884	0.20582	0.55016	0.70551	0.10674	0.1881	0.076174	0.17964	0.30939	0.75188	0.16989	0.11537	0.13738	0.12044	0.06226	0.82343	0.20771	0.37284	0.18948	0.10703
Meth__cg12164282__PXDN	0.033207	0.046064	0.3242	0.035923	0.052728	0.95826	0.052586	0.033855	0.98032	0.084798	0.043843	0.028681	0.97095	0.035614	0.043387	0.029765	0.12223	0.047652	0.24873	0.03535	0.058999	0.054987	0.92111	0.058146	0.18982	0.022964	0.82865	0.048988	0.047517	0.054313
Meth__cg02282237__PRKCH	0.037052	0.034112	0.04672	0.045245	0.35064	0.033673	0.047537	0.027137	0.52881	0.062951	0.083862	0.021405	0.033821	0.082258	0.071117	0.23806	0.031315	0.036207	0.051635	0.67167	0.83074	0.029517	0.07084	0.049731	0.38074	0.033077	0.032091	0.034876	0.026521	0.037701
Meth__cg06194808__MGC9712	0.039015	0.030417	0.047525	0.028877	0.95859	0.040862	0.89272	0.039881	0.59916	0.095047	0.1619	0.034433	0.048879	0.96215	0.046484	0.96763	0.050401	0.03651	0.060679	0.20614	0.82698	0.038014	0.089286	0.11732	0.11915	0.12042	0.058457	0.047601	0.035964	0.031224
Meth__cg17240454__SPDEF	0.071921	0.080569	0.16096	0.42174	0.85402	0.15374	0.85936	0.68586	0.87125	0.79173	0.60177	0.08789	0.80445	0.85362	0.74246	0.25603	0.40124	0.61252	0.10161	0.15248	0.4453	0.12263	0.21596	0.14137	0.86674	0.67935	0.058771	0.098917	0.068695	0.068567
Meth__cg25268718__PSME1	0.071893	0.069773	0.17458	0.22885	0.77674	0.24859	0.26522	0.095301	0.8254	0.55866	0.34527	0.041492	0.26614	0.43667	0.24196	0.44847	0.26676	0.17444	0.37581	0.096833	0.5871	0.12062	0.13104	0.098056	0.10086	0.090032	0.17126	0.09019	0.11202	0.14596
Meth__cg23188547__CDC6	0.036233	0.034139	0.079664	0.03191	0.077016	0.046542	0.17391	0.079587	0.04885	0.34936	0.097653	0.029494	0.038057	0.16336	0.067368	0.044665	0.03343	0.11031	0.053757	0.075227	0.10219	0.040303	0.065544	0.029046	0.037251	0.043568	0.039283	0.03158	0.048145	0.04126
Meth__cg10331038__TNR	0.72192	0.10113	0.71691	0.65478	0.10661	0.31627	0.55569	0.30075	0.64481	0.70742	0.58222	0.062142	0.40734	0.80283	0.15589	0.10515	0.1725	0.18641	0.77713	0.77064	0.17413	0.22302	0.75055	0.10235	0.10366	0.13604	0.27883	0.60593	0.16747	0.19026
Meth__cg17667972__KRT4	0.064151	0.055905	0.12257	0.13073	0.82456	0.38613	0.87979	0.24276	0.87293	0.38339	0.59368	0.074512	0.84292	0.91842	0.20487	0.25826	0.53302	0.39959	0.84193	0.26566	0.13789	0.45755	0.12586	0.13727	0.87828	0.86231	0.23067	0.1034	0.15454	0.23901
Meth__cg19421752__SLC6A18	0.27382	0.016742	0.56107	0.15219	0.063318	0.16637	0.39659	0.033522	0.11488	0.48348	0.26336	0.015534	0.093166	0.57447	0.066081	0.029934	0.18047	0.36169	0.044358	0.82287	0.10736	0.043941	0.10925	0.038	0.042168	0.030271	0.048863	0.24922	0.068784	0.0607
Meth__cg15177917__DAND5	0.072618	0.053579	0.32468	0.053425	0.31521	0.044261	0.44975	0.0674	0.56129	0.2634	0.14517	0.053194	0.13683	0.12792	0.082768	0.048202	0.099958	0.14777	0.33144	0.49528	0.26877	0.26071	0.50388	0.091019	0.33094	0.32304	0.11892	0.19341	0.078483	0.25338
Meth__cg22889448__EMR1	0.15658	0.0815	0.46728	0.10172	0.077471	0.17238	0.85497	0.10746	0.093557	0.3285	0.48162	0.076829	0.37262	0.24796	0.081442	0.081274	0.12371	0.17574	0.23575	0.29782	0.081218	0.089414	0.10584	0.11374	0.083968	0.078177	0.088272	0.097588	0.15957	0.0981
Meth__cg15767406__ZNF660	0.3189	0.025519	0.36896	0.088942	0.24494	0.39771	0.74056	0.31861	0.20859	0.61261	0.10127	0.033109	0.10692	0.2686	0.047011	0.059615	0.079303	0.083052	0.76681	0.1631	0.0735	0.11215	0.21966	0.099441	0.039278	0.067362	0.10284	0.37365	0.053632	0.065649
Meth__cg00351011__LASS4	0.040496	0.04971	0.050211	0.051995	0.48613	0.055957	0.049472	0.058807	0.039901	0.037597	0.081024	0.027347	0.037445	0.043697	0.068708	0.13852	0.051858	0.048947	0.032635	0.035575	0.069596	0.043052	0.10399	0.065003	0.032737	0.18913	0.037511	0.047535	0.051959	0.046566
Meth__cg14314889__OR1E2	0.57682	0.033208	0.64087	0.03974	0.11834	0.15843	0.23179	0.063533	0.41599	0.55985	0.16041	0.054154	0.23011	0.37169	0.14849	0.02276	0.10887	0.28114	0.85211	0.39538	0.16138	0.035748	0.15532	0.057372	0.032783	0.12302	0.50192	0.75214	0.21919	0.047609
Meth__cg03529436__ORF1-FL49	0.055066	0.39409	0.80856	0.67765	0.16734	0.056884	0.054205	0.70077	0.075271	0.22571	0.57156	0.57212	0.056963	0.047627	0.24362	0.080625	0.3414	0.35065	0.09823	0.067251	0.06041	0.14851	0.14533	0.4465	0.035335	0.047852	0.17739	0.049671	0.36789	0.40715
Meth__cg08684473__LILRB5	0.75687	0.023954	0.85973	0.37832	0.34512	0.13879	0.83932	0.85345	0.9275	0.88568	0.35306	0.038081	0.48329	0.90611	0.070884	0.021723	0.86906	0.88004	0.35516	0.65536	0.25766	0.13241	0.34857	0.051722	0.39406	0.031293	0.47521	0.84321	0.40336	0.23817
Meth__cg18917378__BCAS1	0.064876	0.044466	0.047498	0.04833	0.27358	0.047544	0.89978	0.046767	0.30694	0.1488	0.073962	0.046452	0.5417	0.82707	0.26178	0.039681	0.037449	0.05945	0.049269	0.041126	0.59626	0.044455	0.14137	0.046566	0.42585	0.70947	0.048967	0.051877	0.039871	0.038021
Meth__cg12277666__TDRD5	0.0742	0.03414	0.18943	0.035659	0.89198	0.038193	0.038334	0.034988	0.75208	0.096427	0.67597	0.024254	0.92768	0.18493	0.083028	0.076846	0.025415	0.032042	0.38973	0.074805	0.91422	0.040459	0.048801	0.035376	0.33224	0.5485	0.94624	0.03263	0.033805	0.04377
Meth__cg01860753__RASSF5	0.1632	0.12248	0.1831	0.087403	0.13263	0.1837	0.14556	0.20926	0.22644	0.22554	0.24363	0.12884	0.17805	0.21542	0.15097	0.18531	0.11562	0.1396	0.19491	0.15421	0.23562	0.19891	0.1592	0.20138	0.19111	0.18933	0.1799	0.11484	0.14272	0.17472
Meth__cg18731813__ARMCX1	0.19047	0.10313	0.89837	0.068381	0.69977	0.61861	0.92446	0.10519	0.93067	0.78371	0.89634	0.42988	0.85411	0.52553	0.1066	0.11544	0.067737	0.059172	0.49528	0.44568	0.13811	0.70909	0.73691	0.22448	0.72694	0.11089	0.78849	0.70974	0.38753	0.90103
Meth__cg14587868__TGM1	0.088428	0.072753	0.47331	0.13028	0.74384	0.10767	0.39387	0.082194	0.75387	0.36723	0.26703	0.15344	0.45122	0.68745	0.18133	0.10752	0.16422	0.22176	0.40781	0.37685	0.282	0.52407	0.32182	0.098021	0.12654	0.71042	0.058632	0.099312	0.19899	0.2383
Meth__cg03872376__ZP4	0.59478	0.14235	0.78115	0.068656	0.78385	0.60791	0.83556	0.12848	0.88164	0.14253	0.48752	0.25132	0.82968	0.91546	0.63965	0.092523	0.082792	0.11629	0.11087	0.77396	0.49071	0.10067	0.22584	0.28165	0.11564	0.64087	0.08604	0.12263	0.5854	0.4338
RS_G6626__MAP1B__MAP1B	1.6802	0.12335	2.6488	3.0439	5.4526	0.64596	7.5131	2.1305	6.6239	4.0338	2.7093	5.0187	4.8936	8.088	4.8333	9.1024	2.9921	3.5005	3.9959	2.2071	7.6542	1.7013	0.79208	0.17791	7.6968	2.768	2.5995	1.4591	2.7946	0.59431
Meth__cg24341236__MTCP1	0.47031	0.023812	0.037464	0.071162	0.024789	0.031663	0.26944	0.027359	0.036051	0.043588	0.034425	0.020773	0.45031	0.41042	0.060484	0.026029	0.020874	0.025317	0.54323	0.4911	0.08364	0.026888	0.36917	0.040748	0.54193	0.018999	0.26193	0.61201	0.35161	0.031114
Meth__cg24889366__GNG13	0.039695	0.034513	0.040614	0.036974	0.55077	0.046729	0.60194	0.045447	0.58631	0.10593	0.20493	0.049939	0.85567	0.47782	0.094947	0.049739	0.049619	0.042227	0.040644	0.16911	0.67336	0.16198	0.24133	0.068439	0.077284	0.038898	0.026613	0.034775	0.044332	0.042113
RS_G19245__PAPSS2__PAPSS2	4.7504	6.5983	4.0619	7.0498	8.042	1.3024	4.17	0.8696	4.569	0.38472	7.7571	6.476	0	6.2425	8.4018	5.8728	5.7819	6.6965	3.3596	6.2762	8.5553	4.5095	0.23329	5.2053	3.3438	5.187	6.5563	8.76	8.8967	4.4862
Meth__cg02397514__HES4	0.054613	0.034298	0.033688	0.022799	0.034801	0.045608	0.081664	0.024197	0.042039	0.07116	0.040636	0.0235	0.68297	0.045846	0.063478	0.40481	0.032468	0.062256	0.11485	0.04412	0.06668	0.042044	0.088115	0.083226	0.056342	0.026103	0.02964	0.031838	0.024017	0.024289
RS_G8573__ECM1__ECM1	4.8617	4.7393	5.8238	4.9641	2.9491	2.9311	7.9628	3.4946	2.8586	4.9619	3.4121	2.5694	4.2049	5.5615	4.459	8.7029	2.4417	2.5781	3.3888	5.2516	8.4389	4.5503	3.36	2.5147	7.9556	5.7183	2.2735	4.0931	1.8392	1.202
RS_G11045__AKR7A3__AKR7A3	1.5004	9.0838	2.8319	5.5429	2.3864	5.6015	0.33305	6.9813	3.9476	2.6553	2.5611	3.5058	1.6885	1.8247	3.6119	3.3894	2.2465	2.6067	6.6687	2.6739	2.2116	8.4881	9.7412	7.4822	2.8625	4.159	3.0519	7.2329	8.6879	8.2294
Meth__cg25072962__MGC35295	0.20874	0.051257	0.75976	0.069154	0.26966	0.18006	0.8811	0.07448	0.37275	0.16182	0.20516	0.03506	0.22709	0.37193	0.24171	0.047082	0.054	0.07149	0.30777	0.097093	0.11116	0.083804	0.31163	0.12887	0.075371	0.16789	0.23765	0.090429	0.1002	0.088808
Meth__cg14598387__OR1N1	0.37592	0.043395	0.68965	0.1336	0.030203	0.19357	0.60861	0.034598	0.21752	0.19306	0.14921	0.026155	0.072892	0.077477	0.041537	0.039569	0.043319	0.060324	0.61344	0.18665	0.044871	0.12951	0.21081	0.039745	0.034736	0.048804	0.064887	0.090808	0.071598	0.10447
Meth__cg02260587__PCDHB2	0.86158	0.028977	0.92344	0.026623	0.03984	0.34554	0.8833	0.048265	0.41957	0.05205	0.26046	0.028875	0.88652	0.04831	0.1143	0.040189	0.85057	0.64029	0.48143	0.3794	0.37807	0.052346	0.36292	0.15313	0.91871	0.8079	0.067242	0.051172	0.61074	0.050703
RS_G22398__MT1A__MT1A	0	3.7604	1.053	0	0	1.9847	4.0185	0	0	0	0	0	0	4.4147	0.90595	0	0.97271	0	0	0.84017	5.5838	0	0	0	0	0	0	0	0	0
Meth__cg26240939__LOC57149	0.092752	0.11019	0.18301	0.11714	0.78985	0.1298	0.45372	0.10776	0.1484	0.53717	0.30401	0.10705	0.7491	0.61561	0.41639	0.70733	0.092926	0.08609	0.11299	0.30139	0.65211	0.13825	0.15576	0.1511	0.69693	0.27541	0.10719	0.12514	0.17127	0.17521
Meth__cg02718725__CNN3	0.095922	0.76956	0.46418	0.685	0.066589	0.078282	0.1107	0.15205	0.079197	0.086041	0.55908	0.1035	0.092466	0.068525	0.12611	0.063976	0.87256	0.84551	0.07334	0.087847	0.17061	0.097633	0.14765	0.35906	0.062677	0.086289	0.080878	0.1228	0.38835	0.78004
Meth__cg07997737__NRTN	0.16461	0.20494	0.23982	0.15686	0.23703	0.12488	0.82267	0.29868	0.84916	0.64207	0.68844	0.061492	0.65751	0.66927	0.41086	0.053234	0.48228	0.47454	0.41555	0.66625	0.16821	0.13173	0.09283	0.3792	0.072664	0.052992	0.27753	0.067509	0.086437	0.10518
Meth__cg14494812__TOB1	0.072696	0.13068	0.048242	0.071856	0.93006	0.073532	0.96071	0.076621	0.8906	0.8944	0.55904	0.060396	0.9174	0.89707	0.84272	0.88012	0.21016	0.12577	0.085239	0.27606	0.89721	0.03816	0.11702	0.23783	0.94165	0.89261	0.070151	0.087179	0.050452	0.035481
Meth__cg20542190__LILRA4	0.044691	0.040528	0.089233	0.040438	0.069662	0.055715	0.63061	0.069508	0.32081	0.28954	0.067973	0.023577	0.077828	0.43249	0.09347	0.029287	0.14215	0.1034	0.053191	0.17699	0.069641	0.055331	0.089783	0.054144	0.050484	0.044436	0.099229	0.058058	0.066338	0.048772
Meth__cg09847584__RIMBP2	0.14844	0.14004	0.76719	0.087589	0.53735	0.44389	0.92924	0.12138	0.17769	0.92905	0.1513	0.10953	0.14112	0.4265	0.19029	0.12452	0.3383	0.23848	0.88833	0.41708	0.19052	0.10845	0.55853	0.19856	0.09904	0.12152	0.15038	0.41408	0.12594	0.19967
Meth__cg08197122__DCC1	0.028681	0.1817	0.21942	0.052707	0.029089	0.033455	0.030134	0.14858	0.025072	0.013252	0.03857	0.54909	0.02045	0.018672	0.030422	0.043072	0.029773	0.024693	0.033851	0.036945	0.046306	0.13954	0.038079	0.046035	0.020744	0.04985	0.037109	0.03136	0.17734	0.12477
Meth__cg15827031__NUP155	0.10555	0.061125	0.94414	0.024191	0.31145	0.022022	0.020388	0.94763	0.024272	0.077929	0.94232	0.014899	0.024186	0.026173	0.22244	0.031827	0.027333	0.041222	0.026277	0.021423	0.070138	0.75859	0.057787	0.088461	0.02651	0.047466	0.18278	0.027653	0.54989	0.8919
RS_G13234__AC135457.2__AC135457.2	4.438	5.5184	2.9816	4.176	0	4.1144	0.57084	3.1298	0.76268	0.3818	0.91582	3.4289	0.58332	0	0	0.90435	1.9106	3.1711	4.0342	2.8411	0.1258	6.1146	7.5507	4.8409	0.23253	0	0.80114	3.6333	6.1201	5.5207
Meth__cg13950558__BLOC1S3	0.0875	0.052052	0.14282	0.12053	0.19013	0.17053	0.17899	0.19968	0.073847	0.72867	0.22522	0.10818	0.25812	0.12371	0.10276	0.057326	0.10871	0.083731	0.19809	0.30502	0.84681	0.13787	0.065945	0.10894	0.061432	0.41672	0.032413	0.10634	0.075351	0.055734
Meth__cg11521325__FLJ32926	0.28701	0.051987	0.5736	0.37893	0.16098	0.18985	0.79586	0.24987	0.31047	0.60519	0.20071	0.02444	0.18714	0.57895	0.10666	0.082371	0.40238	0.40775	0.66196	0.80626	0.11307	0.145	0.14745	0.12227	0.062955	0.1	0.080756	0.75243	0.18562	0.11095
RS_G8867__TM4SF19__TM4SF19	1.6938	0	1.7121	1.2061	1.4021	0.82399	4.2581	1.0244	0.22523	5.4001	3.7259	0	1.5527	2.3795	3.6887	2.0732	0.4553	1.6893	1.6472	2.016	7.2146	1.4234	0.74831	0	2.859	3.8026	1.1632	1.6337	0	0.63044
Meth__cg04733302__TTC18	0.067138	0.030458	0.0866	0.085997	0.065968	0.11834	0.88023	0.082706	0.093983	0.1956	0.15077	0.04637	0.074523	0.075105	0.11223	0.070866	0.067636	0.082955	0.075104	0.057917	0.10884	0.07829	0.1743	0.063786	0.38476	0.070754	0.095089	0.068988	0.067047	0.048474
Meth__cg06747888__TBR1	0.34451	0.14694	0.11045	0.068479	0.91287	0.10154	0.91489	0.086213	0.87401	0.8873	0.92516	0.093604	0.89441	0.69516	0.29074	0.8852	0.073411	0.084	0.36592	0.17871	0.80047	0.066035	0.1454	0.13495	0.93282	0.15766	0.53994	0.11234	0.38505	0.16266
RS_G4338__RBP1__RBP1	1.987	3.1128	6.0775	5.3745	0	5.1226	10.5498	8.8629	1.8734	9.7819	9.0972	2.2301	5.2502	6.3557	8.9415	0.38579	0	2.1658	12.2119	8.6783	1.3317	2.4359	1.5538	0	2.5823	8.2226	0	6.7232	0.47168	0
Meth__cg24423088__KRTAP8-1	0.91932	0.035409	0.87774	0.47099	0.73051	0.91413	0.96024	0.055007	0.87092	0.74529	0.11024	0.49776	0.75947	0.18863	0.053517	0.04127	0.042047	0.040557	0.82177	0.86726	0.13477	0.060967	0.37721	0.067815	0.042549	0.88467	0.047809	0.051495	0.36579	0.83517
Meth__cg13066963__ESPN	0.27401	0.11409	0.059191	0.070203	0.92307	0.88171	0.87689	0.81051	0.9164	0.92632	0.88616	0.66923	0.93966	0.51989	0.25144	0.46764	0.892	0.15161	0.14748	0.34731	0.85341	0.51579	0.089624	0.32096	0.59255	0.04236	0.044711	0.042406	0.041968	0.033587
Meth__cg20632573__SLC6A5	0.023414	0.018858	0.32773	0.023957	0.093084	0.040033	0.1384	0.04042	0.90777	0.44652	0.11321	0.025002	0.062084	0.023897	0.067528	0.018478	0.01751	0.020222	0.17833	0.036913	0.063364	0.026063	0.29525	0.033363	0.029916	0.029574	0.044962	0.41264	0.024328	0.020181
Meth__cg16072462__PF4	0.473	0.054258	0.33941	0.44131	0.88185	0.6641	0.89851	0.064976	0.59639	0.57356	0.74177	0.19378	0.68738	0.42698	0.18243	0.071913	0.11227	0.10756	0.82732	0.087726	0.59927	0.15005	0.55838	0.093232	0.10358	0.39894	0.29733	0.070183	0.080563	0.33198
Meth__cg04962134__TRIM51	0.48978	0.03257	0.41912	0.2148	0.40642	0.60961	0.5416	0.046795	0.53144	0.33468	0.13493	0.4379	0.48944	0.26591	0.13094	0.028118	0.048687	0.067823	0.33735	0.44208	0.14701	0.14533	0.4938	0.051698	0.16284	0.38713	0.068173	0.19256	0.44837	0.41456
Meth__cg21624282__LOC122258	0.9168	0.061139	0.91042	0.075581	0.092154	0.92256	0.93537	0.093969	0.84374	0.83209	0.24851	0.068585	0.13627	0.89124	0.10448	0.10911	0.83868	0.81058	0.22519	0.92934	0.18131	0.15963	0.52431	0.063722	0.081868	0.082086	0.63083	0.78293	0.54141	0.4048
Meth__cg01257202__DKC1	0.45424	0.037193	0.053792	0.035296	0.026485	0.040562	0.43915	0.035977	0.055587	0.10068	0.056974	0.030499	0.064185	0.27932	0.071627	0.040779	0.033702	0.042424	0.42945	0.41684	0.069275	0.04115	0.13476	0.055556	0.077365	0.02251	0.08262	0.55918	0.076783	0.039893
Meth__cg25174591__DNAH9	0.06566	0.050236	0.85282	0.060041	0.65978	0.63207	0.91752	0.081568	0.83707	0.87749	0.20548	0.46861	0.090336	0.80735	0.475	0.066482	0.57532	0.76854	0.072242	0.10274	0.60373	0.069994	0.84158	0.10816	0.092003	0.13996	0.091379	0.45916	0.07919	0.06407
Meth__cg10887021__PCDHB2	0.64448	0.082121	0.90936	0.064935	0.064721	0.36651	0.70043	0.092952	0.51425	0.19202	0.19434	0.065021	0.88396	0.067827	0.14608	0.097206	0.80335	0.40337	0.55965	0.46516	0.11835	0.098481	0.51543	0.077164	0.65543	0.83482	0.077309	0.090652	0.12471	0.086715
Meth__cg18294257__SEC14L3	0.03484	0.017329	0.60894	0.20212	0.02827	0.043394	0.39618	0.035403	0.12446	0.81475	0.16975	0.02135	0.081782	0.047993	0.093863	0.016935	0.19921	0.11077	0.89678	0.16203	0.056557	0.040917	0.055794	0.029602	0.021482	0.032206	0.047182	0.37924	0.052147	0.042684
Meth__cg23159337__ATP13A4	0.15034	0.11465	0.11196	0.12382	0.10113	0.23533	0.72148	0.10021	0.47685	0.12014	0.49082	0.061385	0.23706	0.14292	0.25096	0.10415	0.075832	0.10072	0.66138	0.1097	0.32123	0.13456	0.1723	0.16648	0.65389	0.23474	0.11309	0.12911	0.16658	0.10175
Meth__cg25340403__LYPD3	0.041991	0.035241	0.052266	0.20651	0.83676	0.058992	0.47752	0.15438	0.42546	0.079824	0.18769	0.030084	0.30018	0.66495	0.076535	0.83915	0.03933	0.037908	0.2338	0.035903	0.7884	0.036387	0.26306	0.040486	0.82379	0.028007	0.02642	0.040626	0.040225	0.044181
Meth__cg09831553__LAMA5	0.022807	0.13601	0.57921	0.77813	0.49461	0.67954	0.80604	0.41624	0.75993	0.93924	0.82579	0.25453	0.55471	0.92535	0.41117	0.087648	0.10095	0.23081	0.85003	0.051867	0.035102	0.48174	0.069262	0.2373	0.712	0.26706	0.64056	0.57449	0.23231	0.44521
Meth__cg04084172__CCNG1	0.028308	0.033262	0.045328	0.028029	0.03946	0.04059	0.04159	0.045036	0.03841	0.051385	0.052217	0.027953	0.043792	0.036435	0.047961	0.032665	0.033834	0.035591	0.03514	0.038193	0.092899	0.036955	0.1182	0.050592	0.044245	0.031478	0.033304	0.033308	0.030353	0.031331
Meth__cg16986846__SCGB2A1	0.075058	0.036625	0.21086	0.39271	0.63391	0.088225	0.62762	0.55006	0.60803	0.13615	0.10046	0.034849	0.18538	0.73309	0.12784	0.057083	0.056342	0.15278	0.60775	0.36938	0.22244	0.14196	0.10639	0.10301	0.13376	0.37671	0.06277	0.25454	0.17054	0.058859
Meth__cg01971122__CALCA	0.47155	0.060275	0.667	0.16415	0.6995	0.83724	0.55545	0.093716	0.73723	0.83021	0.41755	0.18373	0.45121	0.47097	0.12958	0.060933	0.8078	0.79652	0.20715	0.31532	0.41123	0.29982	0.49019	0.104	0.78429	0.059228	0.50622	0.86582	0.15464	0.15218
Meth__cg03940966__THEM4	0.035749	0.035263	0.30757	0.033056	0.88868	0.042723	0.036471	0.041622	0.033927	0.031313	0.074321	0.1326	0.030374	0.029011	0.090242	0.025181	0.031479	0.03666	0.03417	0.030449	0.056075	0.035487	0.46763	0.060915	0.031572	0.03594	0.77189	0.037385	0.12139	0.55572
Meth__cg25587233__PPP2R4	0.087756	0.053871	0.078611	0.49451	0.89057	0.093173	0.70143	0.46324	0.72419	0.88853	0.45113	0.032687	0.62916	0.7418	0.073884	0.87954	0.65737	0.59838	0.92441	0.69998	0.75458	0.24133	0.049626	0.11718	0.40441	0.15105	0.47071	0.22651	0.12103	0.074319
RS_G4095__RBM24__RBM24	0	0.18099	2.7361	6.8059	5.2114	5.5365	3.1305	6.8352	1.4929	2.9359	0.57117	0.20004	4.7801	6.5447	0.48409	3.744	3.949	2.8777	9.1516	0.62792	7.44	4.9553	0	0	4.2684	0.54062	0	2.1862	3.1769	2.4745
Meth__cg25961684__STK36	0.050686	0.05214	0.047775	0.068992	0.049013	0.046304	0.031103	0.048771	0.038702	0.061109	0.062972	0.46243	0.039121	0.044528	0.11434	0.043566	0.046932	0.041411	0.052606	0.046082	0.088631	0.053524	0.10691	0.13279	0.040963	0.044741	0.050561	0.05535	0.20973	0.04985
RS_G14028__SUSD5__SUSD5	4.1374	0.2278	1.652	1.4189	7.4136	0.79899	3.8409	0.95948	0.80769	2.9382	3.1619	1.2317	4.0329	6.9944	0.6891	4.6281	0.52125	0.29324	2.9912	3.0817	7.5128	1.1616	0.81957	1.4101	6.1608	1.8309	0.27212	3.0074	0.075385	0.35588
Meth__cg13864937__FAM111B	0.022713	0.01778	0.025661	0.024048	0.023379	0.022844	0.016659	0.026849	0.024413	0.019106	0.029474	0.018901	0.019215	0.020881	0.037695	0.050682	0.022364	0.037119	0.022665	0.019465	0.033803	0.021114	0.025226	0.050146	0.020258	0.34954	0.02252	0.025958	0.031398	0.030884
RS_G7308__CAPN9__CAPN9	6.4438	3.1332	3.5347	3.5598	0	1.0939	0.31269	0.27084	0.18039	0.54781	0.42803	2.2606	0	0	0.48368	0.58627	2.7745	2.9198	2.5747	3.4162	0	6.9213	2.4802	2.4484	0	0	2.8086	4.2802	5.3116	6.7046
RS_G2649__SRPX__SRPX	2.5884	1.0314	2.6197	0.97679	2.7858	0.26305	6.6006	2.9338	7.0833	1.2447	5.9047	0	3.9004	4.6477	1.8195	5.4903	2.0271	1.2433	2.542	2.1877	5.0677	1.48	0.77069	0	9.8027	4.4822	0	1.0759	2.558	1.0927
Meth__cg09424896__CIB3	0.065255	0.063733	0.14757	0.060012	0.63935	0.077577	0.95004	0.090296	0.73891	0.77515	0.26431	0.31089	0.69546	0.7559	0.74622	0.051335	0.078989	0.066937	0.080463	0.052947	0.48722	0.085883	0.18148	0.17021	0.92619	0.33109	0.26824	0.071693	0.088942	0.063621
RS_G21888__SLC44A4__SLC44A4	10.1997	2.5993	3.2179	3.4584	0.35858	1.975	0.68161	1.6234	1.0694	1.3511	0.95468	8.2946	0.2895	0.70528	5.6633	0.79152	1.3571	1.618	5.8168	4.6087	0.18325	5.3455	5.4773	5.7888	0.4787	1.0129	1.277	4.2833	8.7733	7.8269
Meth__cg21949781__PSTPIP2	0.052286	0.059754	0.04488	0.039137	0.049578	0.059145	0.20206	0.061646	0.54434	0.16544	0.26721	0.027619	0.085472	0.053786	0.11416	0.039068	0.042228	0.053241	0.085406	0.059616	0.63408	0.060952	0.1358	0.069578	0.22229	0.032928	0.96194	0.050794	0.038111	0.04199
Meth__cg03609102__MUC5B	0.023048	0.018929	0.025664	0.01365	0.56322	0.019154	0.91849	0.02859	0.22949	0.8021	0.19173	0.020787	0.54421	0.88815	0.036661	0.035204	0.032847	0.23739	0.047714	0.29075	0.20239	0.031602	0.27103	0.073333	0.86762	0.31253	0.69896	0.030479	0.024829	0.023617
Meth__cg14023451__GPLD1	0.18936	0.05207	0.34282	0.21128	0.28268	0.30455	0.88775	0.30841	0.77415	0.65904	0.7038	0.05	0.83146	0.93433	0.56693	0.061822	0.42436	0.31514	0.48566	0.51958	0.44699	0.089206	0.52624	0.13984	0.24222	0.90997	0.70897	0.77966	0.1395	0.25879
Meth__cg19963797__GLT28D1	0.039963	0.026423	0.046532	0.56138	0.030446	0.042169	0.75291	0.80261	0.026449	0.044051	0.052625	0.020391	0.60769	0.71629	0.32057	0.02681	0.020911	0.049884	0.7029	0.65681	0.058102	0.04879	0.56054	0.035501	0.73186	0.028166	0.51646	0.022337	0.029715	0.033673
Meth__cg09146695__LEF1	0.070533	0.055806	0.062928	0.054207	0.81078	0.063236	0.057627	0.05299	0.050982	0.038734	0.16538	0.051988	0.059044	0.057906	0.19928	0.05163	0.057019	0.10165	0.044202	0.047051	0.20767	0.075889	0.15056	0.085915	0.043407	0.054221	0.06466	0.097543	0.072622	0.073252
Meth__cg25104030__RASGEF1A	0.057249	0.04033	0.060835	0.051146	0.4472	0.081241	0.45393	0.044912	0.49508	0.08152	0.36717	0.044909	0.45259	0.053621	0.081723	0.039421	0.035256	0.04827	0.18108	0.064386	0.3243	0.04657	0.13272	0.053804	0.039706	0.049151	0.031162	0.082668	0.07011	0.046049
Meth__cg06668073__C20orf42	0.90337	0.23621	0.11402	0.16595	0.35316	0.59099	0.029798	0.11498	0.069126	0.068892	0.21828	0.084016	0.075404	0.050772	0.093868	0.054367	0.38659	0.16042	0.29746	0.075731	0.078561	0.094229	0.71898	0.12871	0.1113	0.052595	0.62276	0.093095	0.12292	0.10998
Meth__cg23613317__LARP1	0.072952	0.096369	0.13242	0.082979	0.88962	0.086897	0.91516	0.073621	0.88792	0.602	0.72989	0.10704	0.41386	0.89715	0.39357	0.69157	0.083825	0.097112	0.080109	0.090634	0.81449	0.080833	0.18438	0.16238	0.88573	0.11466	0.077075	0.079965	0.084131	0.098184
Meth__cg15479752__FFAR2	0.053974	0.049646	0.07805	0.16886	0.8048	0.043876	0.40519	0.051029	0.87594	0.36013	0.21567	0.06724	0.62324	0.39319	0.12657	0.049021	0.12591	0.1885	0.1677	0.16878	0.53001	0.17385	0.10543	0.13949	0.41349	0.057307	0.19051	0.11779	0.13289	0.10961
Meth__cg00425792__PEX12	0.081914	0.06629	0.07711	0.073325	0.073236	0.079786	0.076636	0.10795	0.066854	0.053341	0.12967	0.084148	0.074762	0.068074	0.10133	0.092063	0.071215	0.08071	0.075026	0.070142	0.12487	0.079252	0.093754	0.192	0.075448	0.089854	0.07251	0.08634	0.090396	0.076298
Meth__cg20319264__NIPSNAP1	0.061101	0.039934	0.043275	0.048743	0.045341	0.04016	0.031652	0.049948	0.039972	0.034208	0.077207	0.028559	0.03956	0.041344	0.050572	0.040964	0.035075	0.06257	0.037691	0.030664	0.083937	0.38276	0.055251	0.12585	0.036979	0.038821	0.039771	0.047251	0.041388	0.040291
Meth__cg20420433__HLXB9	0.047722	0.32756	0.22066	0.13299	0.90805	0.37057	0.56294	0.48623	0.24034	0.94142	0.68498	0.068451	0.80796	0.49582	0.3249	0.45518	0.080023	0.12474	0.8681	0.098483	0.15035	0.10058	0.049322	0.48493	0.10869	0.078449	0.10385	0.061715	0.12841	0.042652
Meth__cg18915211__ZCRB1	0.07878	0.11256	0.1374	0.098738	0.10213	0.33814	0.14363	0.1521	0.15228	0.71831	0.062621	0.33109	0.1002	0.10938	0.10628	0.085695	0.1422	0.094401	0.21014	0.51315	0.68189	0.17826	0.089331	0.20281	0.061441	0.044662	0.073621	0.30666	0.086274	0.069285
Meth__cg23067535__FAM83A	0.048124	0.041366	0.23531	0.72136	0.9363	0.12719	0.94995	0.083708	0.39822	0.61336	0.21697	0.040391	0.73704	0.95298	0.18288	0.89482	0.74221	0.59368	0.93871	0.38987	0.88741	0.49916	0.094499	0.29655	0.94186	0.035759	0.66055	0.88739	0.20083	0.26025
Meth__cg19258882__ERBB3	0.039942	0.036267	0.063007	0.066172	0.13329	0.047175	0.056798	0.071361	0.046058	0.17765	0.071405	0.026029	0.076534	0.088053	0.031152	0.14355	0.06331	0.03822	0.37777	0.041971	0.12185	0.038808	0.051876	0.044444	0.068946	0.071797	0.037677	0.049906	0.03682	0.037791
Meth__cg01816336__MINPP1	0.03692	0.028772	0.042253	0.023717	0.026037	0.041945	0.044299	0.031381	0.037497	0.56965	0.087667	0.02762	0.51674	0.034885	0.060337	0.032151	0.034721	0.044703	0.037249	0.030751	0.1353	0.035496	0.095422	0.04327	0.036689	0.032483	0.028603	0.036514	0.034254	0.037331
Meth__cg04355435__TMEM125	0.03376	0.031498	0.058673	0.034024	0.87813	0.058741	0.040345	0.041456	0.93379	0.062036	0.074948	0.030277	0.13934	0.64199	0.096695	0.052938	0.021999	0.0392	0.034136	0.035908	0.59318	0.03952	0.036822	0.052555	0.040631	0.02143	0.025979	0.041487	0.061021	0.042498
Meth__cg04527363__GRM7	0.82774	0.083151	0.75659	0.88205	0.45654	0.74305	0.32255	0.085175	0.64897	0.7402	0.13475	0.093199	0.70604	0.40217	0.16983	0.074108	0.12142	0.11417	0.89306	0.8474	0.33464	0.078752	0.59117	0.098135	0.081972	0.78245	0.36873	0.26985	0.15638	0.32786
Meth__cg12108912__MGC10993	0.11655	0.095044	0.1282	0.092884	0.86415	0.12486	0.85873	0.10685	0.66053	0.61235	0.296	0.28599	0.85405	0.89793	0.28052	0.78285	0.078471	0.083123	0.10069	0.15758	0.79091	0.1338	0.17964	0.12073	0.41155	0.84576	0.11566	0.13804	0.11306	0.12503
Meth__cg08785534__GAL	0.1055	0.081009	0.30548	0.077289	0.40194	0.40151	0.54361	0.086872	0.11865	0.46917	0.27501	0.078074	0.23006	0.1809	0.10602	0.073618	0.46172	0.3938	0.25457	0.14043	0.5964	0.15616	0.55575	0.12793	0.081558	0.079649	0.19008	0.087473	0.090697	0.085967
Meth__cg19632206__FAM5C	0.092721	0.070135	0.10611	0.064654	0.5951	0.11245	0.59318	0.11617	0.2313	0.14534	0.1777	0.039736	0.26242	0.31917	0.1565	0.33218	0.064621	0.14966	0.50069	0.047569	0.46397	0.093381	0.13924	0.10808	0.40976	0.11321	0.10159	0.057143	0.073786	0.10372
Meth__cg17810944__GDAP1L1	0.10796	0.06367	0.41314	0.68567	0.13108	0.24583	0.25189	0.076903	0.56053	0.48191	0.4434	0.039897	0.16275	0.23208	0.056075	0.053352	0.77191	0.77211	0.6982	0.77216	0.23197	0.14306	0.33554	0.053729	0.12154	0.054475	0.278	0.087869	0.16069	0.1689
Meth__cg13332925__DKFZp451M2119	0.0326	0.025575	0.033151	0.55266	0.028838	0.034656	0.029039	0.034238	0.02602	0.037151	0.52361	0.63628	0.028155	0.026429	0.071435	0.027443	0.9343	0.94636	0.02866	0.023787	0.089595	0.0409	0.16669	0.05525	0.021159	0.024082	0.022809	0.040732	0.038052	0.1042
RS_G10491__RIBC1__RIBC1	3.9264	3.101	2.5422	4.4233	1.5303	4.0011	0.7201	4.2275	2.634	2.2063	3.2129	8.1277	4.1118	2.0924	1.1848	1.4566	3.7258	3.6101	3.7148	3.6913	0.68483	4.1442	4.9097	2.4338	2.1117	3.0577	4.4471	5.6378	4.2151	3.6118
Meth__cg14944362__PDYN	0.52131	0.051197	0.7848	0.56997	0.085092	0.29786	0.5295	0.54058	0.48242	0.45676	0.55692	0.051408	0.53226	0.74576	0.10689	0.045704	0.20691	0.20253	0.34956	0.46232	0.11009	0.23747	0.36102	0.051414	0.33542	0.31969	0.23521	0.50574	0.18156	0.29701
Meth__cg10822172__CREB5	0.29674	0.04953	0.128	0.079303	0.1405	0.15324	0.64048	0.1457	0.23612	0.44351	0.68499	0.087634	0.2327	0.35853	0.13978	0.086753	0.091725	0.11935	0.87467	0.1292	0.28478	0.1395	0.17241	0.12219	0.11268	0.1568	0.67446	0.17871	0.10541	0.081254
Meth__cg21978299__MCTS1	0.11155	0.018232	0.038894	0.019577	0.017234	0.026936	0.11623	0.019368	0.024198	0.16883	0.032049	0.0268	0.046279	0.32144	0.065073	0.034655	0.023453	0.021593	0.27099	0.22108	0.050211	0.052495	0.19769	0.031181	0.097192	0.029166	0.029038	0.37155	0.070154	0.026681
Meth__cg05674444__C21orf99	0.096849	0.10673	0.1332	0.17065	0.10315	0.24778	0.44173	0.11859	0.43303	0.13062	0.14513	0.080585	0.4987	0.22598	0.16163	0.13658	0.21978	0.19328	0.12858	0.096867	0.18908	0.12452	0.14433	0.08493	0.11475	0.080916	0.21556	0.118	0.1184	0.087619
Meth__cg04991214__PFDN2	0.41668	0.094997	0.76353	0.23497	0.94325	0.054593	0.43365	0.087019	0.55952	0.88306	0.32682	0.1261	0.67905	0.95165	0.078295	0.93395	0.217	0.22655	0.42367	0.94217	0.9228	0.11169	0.11834	0.11401	0.38861	0.90557	0.24443	0.9022	0.25074	0.1899
Meth__cg04536922__FAM13A1	0.10051	0.067725	0.37995	0.29121	0.061286	0.31308	0.085555	0.15213	0.062235	0.064948	0.24738	0.35414	0.085069	0.069641	0.15274	0.092938	0.34031	0.15221	0.14144	0.068902	0.13272	0.09634	0.5358	0.14723	0.041696	0.075864	0.12459	0.44957	0.68221	0.82532
Meth__cg12315302__HIST1H4D	0.11961	0.8636	0.089825	0.86715	0.88415	0.30182	0.84254	0.82262	0.44584	0.098472	0.8251	0.94066	0.079524	0.065189	0.21655	0.096731	0.38634	0.1348	0.12772	0.086672	0.76684	0.1398	0.18153	0.81217	0.040789	0.073075	0.58445	0.090053	0.83985	0.80124
Meth__cg25661884__RDH8	0.081234	0.059298	0.29093	0.11973	0.10045	0.18663	0.6501	0.073595	0.56484	0.83948	0.63812	0.054698	0.31018	0.098273	0.1221	0.23613	0.26862	0.45993	0.54122	0.46762	0.15237	0.17146	0.18652	0.10604	0.29765	0.048661	0.46591	0.39482	0.20005	0.48093
Meth__cg26791905__PHGDH	0.042046	0.042928	0.049856	0.046446	0.043146	0.065604	0.047124	0.041954	0.076067	0.057467	0.1302	0.03131	0.043863	0.042978	0.093178	0.039788	0.038405	0.047592	0.69824	0.051027	0.67556	0.041364	0.08963	0.054405	0.04652	0.036841	0.037657	0.046756	0.043637	0.055209
Meth__cg17827767__LRRC21	0.62183	0.17726	0.94227	0.8664	0.077655	0.63996	0.83861	0.17983	0.91993	0.31077	0.12921	0.027831	0.52902	0.9078	0.082295	0.03775	0.66707	0.75731	0.504	0.94794	0.064497	0.32436	0.41783	0.094905	0.32277	0.05735	0.13488	0.77008	0.33146	0.42426
Meth__cg06436504__DOC1	0.079046	0.056552	0.12424	0.12288	0.87227	0.19875	0.94964	0.13671	0.7351	0.39849	0.18633	0.2574	0.18136	0.89733	0.78138	0.87068	0.23943	0.088829	0.45184	0.096903	0.86003	0.095732	0.35787	0.18246	0.90932	0.91649	0.04387	0.066534	0.075999	0.12581
Meth__cg08124030__TM4SF1	0.094851	0.11456	0.24251	0.10174	0.055282	0.15708	0.056399	0.088239	0.065786	0.054996	0.12076	0.39745	0.070286	0.046814	0.16034	0.071211	0.95084	0.93904	0.32143	0.90614	0.098395	0.92625	0.13813	0.4426	0.04858	0.055241	0.33643	0.90603	0.49976	0.92407
Meth__cg08615333__TGFB3	0.058346	0.03908	0.068886	0.072273	0.87989	0.053721	0.89822	0.053832	0.58844	0.86724	0.8214	0.049346	0.83482	0.60806	0.15361	0.47318	0.13361	0.2025	0.057362	0.061009	0.81177	0.057025	0.073597	0.038126	0.88446	0.85737	0.046168	0.037415	0.051905	0.062215
Meth__cg15916061__SLC17A4	0.93751	0.040364	0.79654	0.61731	0.046051	0.65625	0.9271	0.063713	0.32011	0.96488	0.59154	0.058907	0.38316	0.86038	0.047103	0.028122	0.15792	0.29984	0.91708	0.9574	0.105	0.14114	0.079029	0.15706	0.038541	0.80307	0.34599	0.81219	0.55076	0.37641
Meth__cg17665193__GAD2	0.071861	0.026383	0.69791	0.92351	0.087782	0.12247	0.17209	0.037637	0.40791	0.24193	0.13045	0.031187	0.29381	0.13089	0.025253	0.021925	0.098021	0.11009	0.062576	0.45551	0.083913	0.46901	0.079766	0.043105	0.028264	0.17379	0.034806	0.034062	0.037087	0.071497
Meth__cg17327492__FSHR	0.85778	0.073968	0.87912	0.71675	0.089003	0.83817	0.84821	0.28692	0.68529	0.093849	0.32314	0.7453	0.35796	0.83475	0.38181	0.13535	0.061077	0.09776	0.87542	0.8498	0.092186	0.49684	0.55206	0.12072	0.85142	0.81418	0.098994	0.084184	0.53933	0.50964
Meth__cg03959219__TSPYL4	0.084163	0.063144	0.062432	0.054619	0.056932	0.067293	0.059897	0.066477	0.074981	0.061282	0.59228	0.059318	0.05347	0.053472	0.11391	0.056001	0.11536	0.067518	0.054266	0.058678	0.06416	0.073916	0.10283	0.10039	0.05494	0.06178	0.057052	0.061551	0.074631	0.0652
Meth__cg17339202__SYNC1	0.037486	0.054858	0.055413	0.050146	0.85412	0.050583	0.38842	0.054625	0.76055	0.49087	0.082842	0.025333	0.24633	0.13737	0.052632	0.33835	0.10061	0.11572	0.17272	0.34861	0.049193	0.066806	0.075645	0.12037	0.7511	0.47537	0.037457	0.074132	0.047269	0.0357
Meth__cg07711097__GML	0.10916	0.044799	0.9413	0.90593	0.21173	0.39699	0.91371	0.69177	0.85139	0.7763	0.74063	0.020881	0.56019	0.81812	0.071994	0.016556	0.81592	0.79967	0.7901	0.97011	0.34313	0.80075	0.61889	0.049251	0.042108	0.049564	0.81052	0.28551	0.075805	0.074219
Meth__cg13337865__TEKT1	0.061476	0.047768	0.29855	0.093546	0.83946	0.10323	0.62267	0.052388	0.53193	0.68235	0.15611	0.50813	0.6712	0.3694	0.17723	0.21255	0.071258	0.057808	0.25833	0.12388	0.82381	0.087397	0.67945	0.085915	0.049551	0.074002	0.56795	0.041888	0.056362	0.070205
RS_G8221__CDH11__CDH11	0.79052	0.19957	1.1551	0	8.6171	1.5558	5.8768	0.15665	0.46098	6.0302	4.7511	1.4071	2.1427	5.2153	0.78652	7.7193	0	0.078446	0	0.063857	7.6977	0.12672	0	0	6.0073	0.74857	0	0.55314	0.40122	0
RS_G2087__CRISP3__CRISP3	12.2314	7.1355	1.9518	1.8899	0.23487	0	0	2.8094	1.3866	1.6931	3.6823	4.0308	1.6394	0.1214	6.0817	0.26944	0.2365	2.9367	3.4422	4.0547	0	2.0069	0	8.4934	0	1.1939	12.7601	0.31278	4.6837	1.6889
Meth__cg14869028__TINAGL1	0.068228	0.062479	0.83979	0.84893	0.8138	0.83406	0.051463	0.81607	0.060682	0.045756	0.097581	0.87674	0.05152	0.092365	0.10536	0.64931	0.88914	0.86253	0.70222	0.058668	0.10531	0.50548	0.7986	0.075731	0.10345	0.062399	0.82313	0.11027	0.79607	0.79316
RS_G6011__RP11-526D8.3__RP11-526D8.3	2.9849	1.1162	2.0449	2.4218	1.0407	3.8038	3.8918	1.9041	1.3642	2.3432	2.5619	2.1505	1.7005	3.4867	0.83674	1.1684	2.7743	2.0927	4.071	4.1106	1.8802	2.2954	0.84248	0	4.2372	5.5314	1.5343	1.9734	0.70079	2.5296
Meth__cg12914657__GIMAP1	0.89602	0.02523	0.92683	0.88931	0.041187	0.88033	0.4794	0.13846	0.92981	0.72339	0.71466	0.021571	0.58446	0.90651	0.082453	0.045755	0.85059	0.72608	0.94203	0.944	0.12805	0.16241	0.087996	0.069163	0.082321	0.048199	0.77194	0.90845	0.58369	0.73476
RS_G16925__AHNAK2__AHNAK2	2.7225	0.32426	0.85377	2.7863	5.6329	5.2479	8.636	4.4501	1.9293	4.1081	4.5002	0.58031	5.196	4.1838	4.2729	5.531	2.8578	2.6507	4.2443	6.7325	4.6099	0.72887	0.4055	0	9.8171	6.7573	1.6537	3.4654	2.6246	3.0882
Meth__cg10530733__GPR173	0.37395	0.016204	0.37138	0.1511	0.061402	0.07803	0.073673	0.28679	0.44534	0.72474	0.17302	0.022888	0.22199	0.031623	0.03888	0.023633	0.12636	0.13418	0.28393	0.7125	0.26934	0.17103	0.16755	0.055244	0.037207	0.018375	0.21285	0.19587	0.030858	0.030772
Meth__cg22443330__KIAA1018	0.080933	0.075801	0.17445	0.096182	0.10713	0.14815	0.58581	0.14222	0.12661	0.61132	0.19462	0.086074	0.24454	0.70141	0.2029	0.10426	0.15674	0.31798	0.13315	0.11659	0.55452	0.20316	0.29203	0.11289	0.099088	0.44444	0.082564	0.11957	0.075152	0.099894
RS_G16181__NKX2-5__NKX2-5	0	0.14799	0	2.2776	0.30376	0	0	0	5.648	7.2823	0	0	7.3849	5.2771	0	7.6837	0	0	5.3599	6.5462	6.4732	5.7523	0.52732	0	0.74346	0	4.6758	0	3.6568	0
Meth__cg13854874__CHAF1B	0.077457	0.056382	0.17467	0.057022	0.079778	0.057654	0.59474	0.047026	0.067473	0.18003	0.052283	0.050462	0.059102	0.11305	0.092567	0.062471	0.069743	0.060421	0.080774	0.06144	0.2075	0.095427	0.1213	0.073001	0.19061	0.13736	0.049906	0.04872	0.19103	0.066093
Meth__cg18635110__C20orf116	0.068293	0.064308	0.057546	0.046624	0.044366	0.070425	0.036992	0.46486	0.047904	0.041511	0.071131	0.050455	0.075788	0.040466	0.078092	0.055481	0.059754	0.076833	0.06892	0.042235	0.07065	0.06644	0.12055	0.085202	0.054306	0.065625	0.049937	0.070743	0.077949	0.071939
Meth__cg05989054__GAMT	0.053622	0.096064	0.094304	0.066947	0.938	0.092937	0.97686	0.056482	0.78996	0.8594	0.61074	0.036516	0.71222	0.93312	0.26854	0.95589	0.74026	0.19151	0.058247	0.14859	0.89647	0.14617	0.061819	0.13506	0.49665	0.60321	0.057638	0.061422	0.064756	0.054482
Meth__cg07474356__PCDH11X	0.14601	0.032634	0.08627	0.048244	0.63047	0.072035	0.55048	0.039575	0.74754	0.1464	0.14711	0.29898	0.065174	0.13677	0.11013	0.060453	0.094121	0.062249	0.083346	0.33518	0.76032	0.076923	0.39198	0.092858	0.83103	0.055285	0.65767	0.065397	0.045393	0.070401
