Cell lines	600MPE	AU565	BT474	BT483	BT549	CAMA1	HBL100	HCC1143	HCC1187	HCC1428	HCC1569	HCC1806	HCC1937	HCC1954	HCC202	HCC2185	HCC3153	HCC38	HCC70	HS578T	LY2	MCF7	MDAMB134VI	MDAMB157	MDAMB175VII	MDAMB231	MDAMB361	MDAMB415	MDAMB436	MDAMB453	SKBR3	SUM1315MO2	SUM149PT	SUM159PT	SUM185PE	SUM44PE	SUM52PE	T47D	ZR751
Response	-1	-1	1	1	-1	1	-1	-1	-1	1	-1	-1	-1	1	1	-1	-1	-1	-1	-1	-1	-1	1	-1	-1	-1	-1	1	1	1	-1	1	-1	-1	1	1	-1	-1	-1
U133A__RDX	6.2849	7.0989	5.5424	5.2777	9.8431	4.669	7.4389	6.885	8.2381	4.714	7.2261	8.2444	7.3477	6.6441	3.4463	7.49	6.8925	7.3649	7.5288	7.2916	8.6552	8.7689	3.9994	7.5706	6.3754	7.8273	6.2957	6.3962	7.169	5.5619	7.7306	7.8101	6.6603	7.7876	6.3776	5.7458	7.0507	7.4451	6.8784
U133A__PRNP	6.1952	7.6265	4.4988	6.3549	8.3473	2.8621	7.7789	8.8473	8.0052	3.5182	8.5845	9.0397	9.2202	8.6949	3.0417	6.9932	8.0449	9.5522	7.329	9.3616	5.659	4.5659	3.7609	8.366	6.9978	8.3535	5.8395	3.3305	6.5325	4.0872	7.1137	7.4428	8.3248	8.0389	5.8058	4.9449	8.4491	6.0263	4.5816
U133A__FGFR4	5.2867	5.3796	5.932	7.0564	4.6014	8.8352	4.6243	4.8179	5.08	5.6192	5.5987	5.5846	4.808	6.2914	6.8329	5.3225	4.6994	5.1195	4.6729	5.1249	5.0994	4.7136	6.0483	5.4814	5.1906	5.0617	7.1829	6.8866	4.8499	10.4891	5.3601	5.2254	5.1338	5.1372	5.6779	7.7673	6.0534	5.1223	8.0318
U133A__KIF14	6.6803	6.4582	5.5932	5.6142	7.1136	4.9453	6.9587	5.6646	8.1398	5.3265	6.9909	7.2605	6.414	5.3583	5.0707	5.431	6.481	6.2668	7.5613	5.9016	5.7401	6.9772	5.3392	6.6024	5.8901	7.6284	5.4955	6.6597	6.4616	5.9754	6.0151	5.7495	5.9024	6.1868	4.6193	5.4158	5.3477	5.6868	6.7918
U133A__MID1	6.1037	7.7529	5.4843	4.4567	8.6155	4.4247	8.1964	5.3266	5.9754	4.3322	6.3817	6.6804	7.4209	6.1697	4.5019	9.0976	7.9875	6.0331	7.592	5.0431	4.6781	4.4599	4.4484	8.0006	4.8053	6.7265	5.0984	5.5412	4.3858	3.9749	6.4367	6.5315	5.246	6.0018	5.3356	4.3678	5.4337	5.7925	5.3807
U133A__SLC9A6	6.4055	7.0008	5.2708	4.3228	8.7858	4.4773	6.5737	6.7706	7.7514	4.2629	6.1563	7.1961	7.6515	7.1268	4.8025	4.3595	7.158	6.999	7.5777	6.9	5.9238	6.2413	5.5375	6.5963	5.6565	7.8945	6.3295	4.5921	7.2907	4.9043	4.9311	6.407	6.7893	7.3206	6.1149	4.6179	6.3706	5.8012	6.2142
U133A__IRX5	7.7399	6.5809	7.7145	8.7913	6.7582	9.7052	5.397	6.7088	8.4982	9.2355	7.8438	5.0398	8.2703	6.928	8.3002	6.9459	7.2265	6.0328	7.8287	5.68	6.4979	7.5153	9.0702	5.4402	8.0494	5.6562	8.26	7.8134	5.4866	9.0329	6.3151	7.6172	6.2181	4.7753	8.3988	9.79	7.2192	7.8621	8.7904
U133A__CA12	9.2856	6.8362	6.6024	10.0646	4.94	9.4907	5.492	5.3522	5.2704	9.9923	5.8997	5.8965	5.9293	4.8096	8.2238	5.138	5.3006	5.185	5.1204	6.4199	7.0757	8.7923	10.1694	5.1916	8.8035	5.7859	7.8998	10.1217	9.4883	9.7319	8.5665	7.398	5.5183	8.3814	7.6774	9.6668	8.1588	9.8759	8.016
U133A__C14orf132	6.5685	5.8874	7.5794	9.1172	5.7191	8.9151	6.7815	5.7685	5.747	7.4848	6.0918	5.6316	6.0757	6.1224	6.1424	6.5911	5.947	6.5909	5.5007	6.5415	7.2414	7.1242	8.7075	6.9817	8.2171	4.9994	8.7207	8.7824	6.8336	6.2356	6.2289	6.637	6.0698	6.9631	6.5585	7.4704	6.156	6.6175	5.5833
U133A__RHOB	10.4942	9.873	11.0388	10.4831	6.7962	11.0472	8.3443	6.5967	5.3472	11.2735	6.8223	5.304	6.3977	6.8571	10.6523	9.5881	6.7605	5.6554	4.5314	6.3916	9.3614	9.9117	11.0411	7.4355	10.1894	6.7163	10.5222	9.9235	9.2453	10.7721	10.9564	5.3243	5.6316	8.7454	9.5754	11.7815	9.765	9.1037	10.6561
U133A__SLC1A4	6.0902	5.1754	8.2176	6.8155	4.8003	6.8859	4.8683	5.7327	5.1074	7.8823	4.3634	6.4325	5.903	4.3597	7.8159	6.3009	5.1746	4.6385	4.3902	5.7849	5.8689	4.9972	8.3702	6.7636	6.7105	4.5674	8.7053	7.2159	4.9516	6.8512	5.5833	7.6199	6.4011	3.8519	8.9226	8.0044	7.5856	6.4569	8.5448
U133A__WWTR1	5.5378	5.4353	3.966	4.1743	7.3987	3.3913	5.7099	8.3892	5.0729	5.616	6.4266	6.3704	8.6394	6.8808	4.278	8.0557	6.9231	9.3347	8.5677	7.4314	3.8181	3.8193	3.4958	6.5088	4.0356	6.9541	4.5266	3.6265	6.1605	4.75	5.0238	7.8837	6.1643	5.4187	3.2832	3.468	8.0272	5.8601	5.1135
U133A__LDHB	4.1912	9.5557	7.7198	7.4019	11.1499	3.7442	10.385	10.2809	11.5671	9.3184	11.4528	11.4705	11.0616	3.5408	6.3778	11.1987	10.7072	11.2496	8.8148	11.0885	3.5489	4.7582	3.8705	10.5632	11.012	11.6052	10.7455	9.8168	11.3903	3.3627	10.4303	10.9508	11.7129	11.5033	3.5016	3.7288	10.3626	4.7713	3.3083
U133A__CDC42EP3	6.5387	5.3841	4.6925	3.6723	4.5565	3.1213	5.8254	6.9265	4.1005	3.5236	5.3886	7.7389	6.2455	6.0531	4.3747	5.6163	6.6861	4.9871	4.6904	8.1804	3.4122	3.5095	4.5022	5.9676	4.1611	8.5465	4.5654	4.5823	5.1224	3.2159	3.9786	4.1004	5.9385	6.0244	3.4122	3.7137	9.3553	4.4616	3.2918
U133A__KANK1	5.1845	6.3431	4.4629	5.8517	6.3967	4.9071	4.5114	7.1835	6.6344	4.4494	7.8058	6.3191	6.8472	5.5078	4.8784	4.5401	6.1554	7.7999	8.4046	6.2557	5.5361	5.3198	4.7946	4.5636	5.0467	5.6924	4.7356	4.2955	5.8591	5.7617	5.8712	5.7353	5.6835	7.4	5.007	4.7381	6.1543	5.6976	5.7133
U133A__BACE2	9.3765	8.281	6.3105	6.1423	6.0657	5.3419	6.603	7.5574	6.834	6.793	7.912	7.5191	7.95	7.8842	7.7563	9.2403	7.9159	7.0988	9.2209	6.3671	7.1378	6.2433	5.9436	6.2496	7.3922	6.7457	6.6809	7.7806	6.3089	5.4893	9.4037	6.7943	8.3682	6.6684	5.4672	5.1118	6.8133	7.5997	6.8962
U133A__GRB10	4.7959	5.4919	8.5374	8.2707	5.3595	7.4569	4.8131	5.402	10.2075	6.5732	6.3604	4.9465	4.8583	6.6414	6.6836	6.2955	4.6338	6.1154	7.6347	7.8401	5.8101	5.4498	9.6632	7.1144	5.4158	6.6734	6.0157	7.1687	8.0491	5.4992	4.9824	5.3711	4.4084	7.763	6.053	8.7005	5.8099	6.8667	4.8448
U133A__IGFBP2	8.9994	6.5614	8.4756	10.174	4.1337	8.2319	5.5098	6.9756	5.0969	11.3152	6.6399	5.5755	7.4344	6.2061	7.8506	6.7846	6.7353	5.7058	4.1339	5.3651	7.4161	8.4871	9.2672	6.523	6.9218	5.18	9.4817	8.7196	7.0344	9.2216	5.7955	5.3561	5.6784	5.7516	6.6061	11.0486	7.7527	9.675	7.0239
U133A__PDLIM2	6.1838	6.4469	5.0195	5.6124	8.445	5.1054	6.6544	6.7985	7.5575	4.7108	6.3607	5.2325	5.6691	6.1512	4.6418	6.3079	7.0536	6.8265	6.1954	8.6963	6.1059	5.2037	5.8817	6.625	6.3894	6.7859	4.9201	6.5696	5.8757	4.5589	7.137	7.7536	6.8021	7.2215	5.3168	6.0937	4.947	5.8226	6.1648
U133A__CBR1	4.6632	8.0566	5.0839	5.9771	8.1128	6.1108	7.0313	7.0953	6.9501	5.0824	7.8906	8.3527	6.8649	4.8263	5.8994	5.977	7.2162	6.746	7.0213	7.284	7.2775	6.5636	4.8918	7.3525	5.6315	6.639	4.8369	6.4233	7.0842	4.6356	7.4491	8.3041	7.4609	7.6399	5.8024	4.9492	6.1997	7.0802	4.251
U133A__NDC80	5.5522	5.0453	6.0641	4.7678	7.5886	4.8913	6.9694	6.2093	8.2113	4.6458	5.6359	6.8255	7.5058	5.4579	4.6172	4.7843	6.5212	6.879	6.771	7.0702	5.4314	5.1758	5.1286	6.8271	4.2246	7.4584	5.221	4.9644	5.8619	4.8313	4.8279	6.9992	6.9676	6.0043	3.5759	3.7361	3.7379	5.2985	5.8115
U133A__IER5	7.3983	8.4834	5.6405	7.5553	5.9635	6.4142	8.5787	7.3217	7.8547	5.634	7.5246	8.7751	8.6291	8.5956	7.2478	9.4112	7.7493	7.0389	9.4247	6.8806	7.7217	7.0547	7.6119	7.9844	7.7677	7.9227	6.8566	6.0609	7.7524	6.9052	7.4431	4.9517	7.9731	8.0814	7.4049	6.1522	8.2302	8.1897	7.3929
U133A__TUBB6	4.8682	6.5678	6.253	4.4901	9.8768	4.9213	9.5493	8.3339	9.2657	7.3934	8.5949	8.9081	8.7762	7.6112	5.3791	6.6415	9.8152	9.8057	8.0943	9.7499	8.3425	7.4325	7.8191	10.4802	5.4732	9.0045	7.5802	5.0843	9.3439	5.1846	6.5456	10.1106	9.4057	9.6441	5.1798	4.7572	5.5564	7.8651	6.4891
U133A__PLOD2	4.3063	7.3206	4.5369	6.9176	9.2988	4.8502	7.713	6.7221	4.8014	5.6396	6.5382	6.0955	7.4393	8.281	5.5341	4.2286	6.6365	8.4281	8.6329	8.0595	6.0565	7.9788	4.0323	7.7046	4.7658	7.3204	6.5491	6.0127	5.7272	5.6189	6.3062	5.0164	7.6348	5.9357	4.2051	3.5227	4.8868	7.4106	5.5846
U133A__RCAN1	9.5061	7.1303	5.82	5.6035	7.7765	5.7191	5.643	7.9377	6.1191	5.2347	8.8541	4.8444	6.9518	5.967	5.1898	6.6797	7.3532	6.7074	8.7816	5.7036	5.7352	4.0112	4.6964	6.4032	8.3341	6.0613	5.947	7.4427	5.8783	5.2858	6.2714	7.7167	5.6586	6.4412	5.1797	5.8124	7.3375	7.707	6.8817
U133A__FKBP11	7.9289	6.4379	6.3087	6.0502	6.2289	6.1656	8.2107	6.6499	7.5506	5.6176	7.9529	9.0723	7.8138	5.4419	6.5442	5.5132	5.3126	7.9303	6.8288	8.0248	6.7806	7.6343	6.1916	6.2166	7.3477	5.901	7.3897	7.3281	5.245	6.3326	6.706	8.2381	7.5382	9.006	6.0829	6.6262	6.5844	6.1287	7.7315
U133A__IFITM3	8.4091	10.0146	6.7167	8.3572	10.6016	9.229	11.0742	11.5006	11.4092	5.8711	11.2889	9.9326	10.9547	11.2264	6.4969	10.0473	10.7809	9.3056	11.5373	10.4908	8.4582	9.9587	8.9131	11.2401	10.3228	10.0301	8.0254	9.296	10.6385	7.2387	8.8782	8.5192	10.2196	10.8664	5.7721	9.1322	5.3276	7.5005	6.3289
U133A__BMI1	5.2627	6.2853	5.6401	9.3719	6.6391	6.0857	4.1594	5.3895	6.8203	7.5417	5.7456	5.0391	5.5369	5.7849	5.8791	6.4265	5.3789	5.998	6.2942	5.6207	6.3277	6.0755	7.9302	5.5347	5.2115	7.341	7.0147	5.6888	6.1813	7.2058	5.6715	6.5148	6.4517	5.8622	7.106	6.8014	5.8714	5.5429	6.1095
U133A__BTG3	7.0426	7.5953	5.9703	5.3371	7.0791	4.2233	6.8336	8.9466	7.8792	5.0099	8.5942	7.5041	7.8742	8.5126	5.082	7.4848	7.8793	8.5847	8.5934	6.7906	4.2185	4.5037	7.1768	8.6345	6.7812	7.9845	6.3049	6.2882	8.5612	6.0178	6.2314	7.0501	8.9104	7.0772	6.0982	3.6041	7.1067	3.7357	6.5325
U133A__PLSCR1	5.7683	6.133	5.6899	7.381	7.0623	5.5627	7.7485	9.5252	8.7953	6.0307	7.8496	7.6944	10.6908	8.7217	7.12	6.6667	8.7989	7.5371	10.1561	6.8395	6.7902	6.9671	6.7378	7.3472	6.7924	7.2952	6.6431	6.6225	6.6973	5.9994	5.5298	6.3075	8.9766	8.1261	4.5375	4.6893	6.4163	6.1377	4.9059
U133A__CKB	5.3442	7.7875	5.4548	7.2727	7.2986	7.9556	6.9587	7.8831	5.951	7.7218	5.4318	7.4084	6.4976	6.0638	8.1013	6.8017	5.8878	6.9659	6.6128	5.5701	5.7784	6.5721	8.3052	7.7159	5.8863	5.9212	7.0171	6.8611	6.2835	9.5775	7.0333	9.5311	5.9426	5.512	8.4104	7.1249	5.1422	6.9092	9.1697
U133A__IGFBP6	5.6731	5.3829	5.5177	5.4819	5.8921	6.136	9.5022	6.4634	6.072	5.3744	6.0119	8.7753	8.4806	5.5659	6.2527	5.5465	5.6679	9.4268	6.2516	8.8554	6.6417	6.2663	5.9126	7.9486	6.1228	6.8116	5.5454	5.6252	8.3815	5.7893	6.0209	5.8285	8.1014	8.1687	5.7392	5.65	5.5176	6.0702	5.9415
U133A__SPDEF	10.4241	9.495	10.1198	9.8359	5.8444	10.4996	6.3272	6.2908	5.8013	9.2013	6.2848	5.3899	6.8656	7.0677	10.3649	9.5734	6.6571	5.9869	5.2999	6.5909	10.0367	8.9085	8.9427	5.5694	9.9494	6.027	10.078	9.6299	6.3312	10.1262	9.8712	6.631	6.472	6.5064	10.0966	9.9933	9.9188	9.3052	10.8242
U133A__TPM2	2.9737	3.2967	2.7023	3.0083	9.2246	3.0307	8.8236	6.6508	2.7736	3.2918	9.0163	7.0455	3.3028	3.2698	3.2636	3.8763	6.7663	7.9299	8.1468	9.5375	3.3478	3.2518	3.2009	4.4389	3.1689	3.4678	2.8649	3.6268	5.1117	3.157	3.4752	8.5825	7.37	8.2812	2.8239	3.0921	5.6483	3.0476	3.4566
U133A__KRT81	11.938	11.7362	5.7523	6.3613	6.2318	6.3563	6.465	9.5941	5.9887	6.4382	11.5769	5.8215	9.4778	12.3672	6.2151	9.0579	12.2114	8.9762	6.0823	6.4617	12.3512	6.732	5.9285	6.3727	12.6895	6.72	7.5076	11.152	5.9612	5.9101	10.4556	5.9877	12.3689	6.5077	6.5763	5.8487	12.8064	5.8807	6.1844
U133A__DNM1	5.6161	5.646	5.8578	5.8727	6.6942	5.6352	7.1763	6.4943	8.8086	5.9955	6.2088	7.913	6.0178	5.36	5.3172	6.3878	5.7923	8.6169	8.4682	5.7741	5.5244	7.1578	6.3168	7.6517	5.6249	5.6326	6.4587	6.9409	5.3333	5.6904	5.7951	5.5233	6.324	5.5619	5.3328	5.2198	5.5189	5.5842	5.8005
U133A__C5orf13	7.5479	5.1369	6.7214	7.2221	10.5831	8.7053	6.6718	6.8127	10.1445	5.6449	7.1065	5.0964	5.3783	7.077	7.9666	6.914	5.561	7.2038	5.9763	8.7252	5.4808	5.8234	8.3707	9.2578	5.8943	5.5724	6.9229	7.5753	7.8776	8.2068	4.9232	7.1556	5.2497	9.5255	9.8606	8.5908	5.4205	6.0864	6.3202
U133A__FOXA1	9.1328	7.7572	9.0263	9.4147	4.7595	8.7472	5.2356	5.2283	5.7444	8.14	5.0961	5.822	6.5694	7.5076	8.5585	8.8813	6.9658	5.4233	5.6401	5.6268	8.3942	8.6803	9.0814	4.7116	8.5308	5.3926	8.8057	8.3218	5.1007	9.2428	7.9736	5.241	5.689	5.6432	8.73	9.0604	8.6746	8.6077	8.9553
U133A__DIP2C	6.0306	5.6	6.1426	7.3021	5.8184	7.2703	5.3375	5.9785	7.7083	7.6453	5.5877	6.3643	5.5528	4.2909	6.1653	5.8443	5.318	7.5229	3.946	5.2792	6.2597	6.5002	7.245	7.9021	6.0921	5.9908	7.1526	6.9179	5.8195	6.2128	5.3484	6.081	4.2421	5.8763	8.1831	6.9138	5.1349	5.6502	6.2191
U133A__CCNE1	6.8741	7.656	6.0468	6.445	6.8969	7.2893	6.4485	7.2019	7.4141	6.8348	10.73	9.2363	7.2786	7.4831	6.9354	6.9815	7.6167	6.8902	7.2455	6.758	7.6532	6.6415	6.293	8.9341	7.247	6.0525	6.3022	6.87	6.7345	6.3794	7.0469	6.7699	7.6627	7.2453	5.2141	6.221	6.1398	6.3324	6.3656
U133A__EFHD1	9.5837	9.9173	9.7862	10.4842	6.3996	10.6224	6.1782	8.6955	9.7906	10.8012	8.6042	5.8168	7.3487	6.7717	10.3858	10.3268	8.7539	6.6386	5.7835	6.4648	6.0895	7.4306	9.3281	6.4413	9.8417	6.5019	8.6508	9.4486	6.8756	9.002	9.7556	6.3446	5.8119	6.6156	9.3171	10.9233	9.4809	9.9842	9.006
U133A__CALD1	4.2559	5.8786	3.9365	4.9682	7.9225	3.6763	6.3654	6.2884	9.1905	3.4181	8.0223	6.0784	7.1754	4.4506	5.9083	5.5558	9.2409	8.6378	8.8403	9.3954	3.6019	3.9175	4.3435	7.5768	4.9728	7.2995	5.0421	4.1759	7.5142	3.5041	4.7812	7.3616	7.3157	7.8436	7.7707	5.9218	6.7517	4.3805	4.0081
U133A__MAGED2	9.5459	7.1852	9.5445	7.5829	8.6174	7.9693	8.0632	7.5651	7.7693	7.7994	7.5027	6.6761	6.652	7.0565	9.2376	8.4889	6.9181	7.5441	6.8521	6.9591	7.1645	7.6811	9.2966	8.499	8.5682	6.3939	9.5196	9.4359	7.7606	8.0972	7.0496	8.8147	6.8232	6.9957	7.654	9.8545	8.314	9.298	7.8509
U133A__TFF3	12.242	7.4282	11.8098	12.1898	5.9539	7.9505	6.1278	5.6693	5.4995	9.7873	5.9862	5.5639	5.8248	5.9636	6.9685	5.7579	5.9571	5.5964	5.385	6.1336	7.9223	8.6074	8.054	6.0694	12.8617	5.781	12.1275	8.7981	5.6714	6.2142	7.2255	6.0829	5.986	5.7096	12.552	10.8436	6.9097	7.2481	8.677
U133A__ANKRD57	5.9697	4.6663	6.1402	6.2868	5.939	7.7336	6.5621	6.0224	5.2587	6.8299	5.4594	6.5732	6.5182	6.5702	5.2921	5.1079	5.4951	5.5572	6.0201	5.2873	5.7804	5.1389	7.8938	5.3602	5.5994	6.4687	6.098	4.9998	6.7942	6.1175	5.572	5.31	6.1903	6.4324	7.6739	7.499	6.4395	5.5621	5.7018
U133A__GATA3	4.3432	3.6303	5.039	9.974	4.1358	8.5593	3.5801	2.9041	5.2215	8.0058	4.0984	4.9866	4.7334	5.0131	7.259	7.9089	3.0972	5.915	5.4572	3.2756	8.2784	9.0129	8.8407	2.9786	7.4635	3.0718	7.1761	6.9304	3.0294	9.0051	4.2017	3.2494	3.2905	2.7796	8.2158	6.9584	7.0477	8.5736	6.4257
U133A__NMI	5.4002	6.3355	5.7453	6.2096	6.1877	3.8738	6.686	5.7535	7.1553	4.6454	6.3539	7.9995	8.664	7.9398	6.1445	6.8946	7.0581	6.7868	8.4223	6.1866	5.3983	5.7694	4.0752	7.4026	5.436	6.8466	6.5341	3.9968	6.5408	5.6363	5.8808	6.4119	8.0871	6.5488	4.6572	6.5662	5.5115	4.7055	6.4388
U133A__COL4A2	6.4635	5.4771	4.9197	4.4398	9.5328	4.7309	7.1	6.7139	4.8079	4.9894	7.5194	8.2333	5.6191	5.1904	5.6325	5.0157	9.3085	8.3007	4.2182	8.3461	4.7889	4.7039	4.7941	9.7331	5.177	5.9915	4.8098	5.2981	5.5286	4.7465	5.4106	6.024	9.0196	4.8637	4.61	4.8713	4.8703	4.9757	5.105
U133A__CLDN3	7.7269	8.5775	7.7776	9.2494	4.7725	8.7299	4.6935	8.1731	6.2573	8.0305	4.4347	5.0398	6.8845	4.4998	10.8392	3.9735	3.9722	6.2876	7.4706	4.6249	8.2015	10.1075	7.6582	4.2289	5.683	4.4656	7.8263	8.3076	4.5995	7.829	7.6463	5.0252	5.2019	3.7519	9.1572	8.2842	6.5411	9.7858	5.8151
U133A__C9orf3	7.366	6.5794	6.6357	7.8892	6.6726	5.1043	6.2287	8.9507	5.7797	7.6312	7.4943	6.3704	7.4047	5.8919	5.6705	6.1052	8.818	8.935	5.2379	8.0265	6.0234	6.2445	6.3347	8.4646	5.741	7.1594	7.1312	5.9799	6.1224	5.7451	6.7186	5.992	7.3108	6.71	5.6671	6.3159	6.4093	7.8139	5.5812
U133A__H2BFS	7.6939	8.14	9.0151	9.4825	7.5511	10.0856	7.8887	7.4697	7.0381	9.6266	8.3781	8.1802	10.1758	8.4017	10.2471	11.3662	8.0953	10.2003	8.323	7.2868	9.2405	9.6227	8.6025	9.2039	8.9019	7.7851	10.0234	10.8112	7.9547	9.3547	8.8394	9.4932	8.0654	6.9914	9.1738	9.0579	8.557	9.8876	8.7904
U133A__BIK	6.79	6.6526	7.7609	7.8101	4.4661	7.2407	5.8664	6.9484	5.4635	5.8565	5.8302	7.4245	6.541	6.2117	7.1457	6.5191	7.3676	5.0893	5.7594	6.005	6.0503	6.236	6.6067	5.2379	7.4079	5.0096	7.3216	7.224	6.0869	8.0241	6.3969	5.3947	7.7769	5.5715	10.0292	8.9925	6.3561	5.6218	7.1572
U133A__LRIG1	8.4873	6.2785	6.714	7.3323	3.8294	5.7543	4.9765	4.6329	5.669	7.1662	4.7873	4.9515	5.9472	4.8144	5.456	5.5033	5.2939	4.0003	5.209	4.8805	5.4309	5.1228	6.6869	4.104	7.4281	4.2748	8.0802	5.1363	6.123	8.3706	5.1384	5.4354	5.9374	4.1727	5.8208	8.4469	5.0683	6.8777	6.956
U133A__IGF2BP2	5.0062	4.5534	4.8	4.3562	8.3006	4.1691	6.9416	7.2592	4.7481	4.6949	6.5841	8.2459	7.525	6.8804	5.012	4.5955	5.6289	7.2659	7.8875	6.6469	5.3637	4.7528	4.5492	6.7268	4.5693	7.693	4.58	4.6515	5.5628	4.5057	4.383	6.4305	7.5201	7.0731	7.1142	4.4831	5.3714	5.2241	4.4216
U133A__TLN1	6.6588	6.5424	5.7994	5.612	6.5644	5.9856	7.2473	6.3255	7.1334	6.2038	6.5911	6.6526	6.1384	6.1843	6.1211	9.1773	6.3819	6.184	8.0898	6.6104	5.9366	6.2893	5.6054	7.1546	5.8129	7.0731	5.9544	6.3669	7.2488	6.1561	6.3103	6.3312	5.8417	6.5138	6.2184	5.7344	6.1867	6.0613	5.9299
U133A__GLS	4.4195	5.7518	4.0759	4.3543	6.6791	3.7784	5.6804	7.3472	5.1229	5.2186	7.3126	7.012	5.7987	5.3433	3.5858	5.3827	5.5398	7.1731	7.3676	5.5516	5.2015	5.0259	4.7226	6.4009	4.2736	7.034	4.1183	4.9112	6.675	3.4156	4.8237	7.9906	6.7428	6.0561	4.4919	5.1878	4.4406	4.5268	4.3555
U133A__S100A2	5.7104	5.2629	5.0266	5.1361	8.7308	5.1261	9.3678	11.8664	8.1017	4.6494	5.0442	12.1145	9.7223	9.938	6.7237	5.0393	12.6387	7.9326	10.0914	6.775	6.5171	4.9131	4.8508	7.9401	6.4604	5.843	5.1111	6.0773	7.1644	4.8966	5.6079	8.4846	10.926	8.9102	5.3655	5.0966	5.9202	5.5082	5.3529
U133A__ISOC1	5.1663	6.6553	7.541	8.1396	5.287	9.2407	4.9017	5.7943	7.3405	8.0976	6.9094	6.4093	6.761	6.1868	5.981	6.9766	6.6684	5.8931	5.609	5.2129	7.5138	8.045	8.8911	5.4164	6.7959	6.9834	7.4249	7.287	5.4975	7.952	6.9193	5.8083	6.542	6.1968	6.8505	7.2906	5.616	6.3399	7.5794
U133A__HIST1H2BG	4.8283	4.2641	5.0005	8.9158	4.5763	5.5262	4.2147	4.4331	5.2718	9.2574	5.3945	5.7249	6.471	4.4167	7.7626	6.6603	4.5105	7.4535	4.1956	4.0378	5.3949	6.6731	6.9855	5.2408	5.3898	4.1684	8.9951	6.9417	4.4784	6.9214	4.4134	4.9449	4.4145	4.68	5.8657	4.6222	3.6731	5.8628	4.8942
U133A__FABP5	4.1904	4.0367	3.7473	6.4085	3.5435	5.3344	3.9169	9.2366	8.4386	7.491	9.3953	9.7792	11.1944	3.3571	3.6996	3.6829	8.758	9.6872	11.0183	8.9013	5.7227	6.7429	3.8621	8.3248	8.5209	9.7444	8.3436	6.9507	8.5762	3.6349	5.3397	10.4027	8.9495	9.9405	3.7177	3.4136	3.5081	3.7815	4.8338
U133A__CYR61	7.9058	8.1337	7.2872	6.0591	9.9464	5.4504	9.8365	7.7791	4.4815	7.6012	8.4784	6.7943	8.0849	8.6439	6.0084	7.6799	9.575	10.4785	5.9019	10.6077	5.8235	5.4758	5.6887	7.6585	7.316	11.0284	6.8624	7.1407	7.0284	6.9966	8.7828	10.4135	8.5484	9.6697	6.1964	5.4181	7.826	8.5165	5.8984
U133A__CAV2	3.628	3.1779	3.3923	3.0698	7.8986	2.8462	5.1588	7.2226	3.0586	4.8437	4.7763	8.5945	8.2912	7.4602	2.8226	3.682	7.035	7.4937	8.1446	7.6605	4.8362	4.751	3.1371	7.6109	3.3443	7.438	2.9043	3.4366	6.8305	3.0974	3.3199	7.4425	7.9614	7.5886	3.3399	3.0318	4.8789	2.8856	2.9463
U133A__ADORA2B	6.2311	6.1615	5.3114	5.5734	8.4773	5.51	7.5576	7.9456	5.3852	6.126	7.0501	8.6464	7.6821	8.9669	7.12	7.1201	7.0246	7.5635	7.1372	8.0401	6.1847	5.779	5.1524	9.0234	6.3393	8.2953	5.5289	6.2769	7.0087	5.5188	6.1711	7.4778	6.8111	6.6939	5.2126	5.5539	5.9435	5.4204	6.1897
U133A__PLS3	7.4402	8.1478	6.684	6.6342	10.0973	5.9543	9.0506	9.6656	8.887	8.3576	8.6835	9.5501	9.8794	9.4261	3.407	9.6483	11.1688	10.1743	10.073	9.1672	7.7474	5.0117	3.273	8.691	5.8468	9.2106	7.8484	9.2009	9.4815	7.8326	8.6187	9.3368	8.8304	8.2318	4.6121	3.9286	7.5828	7.7544	8.1646
U133A__RND3	9.2212	8.0358	6.583	5.7807	9.5701	6.3813	8.8505	10.1356	7.1855	4.6386	8.8115	8.5677	9.8172	9.7581	8.3455	10.8218	9.5237	9.8118	8.7922	10.6323	8.3719	7.8108	8.0078	9.4195	8.1009	9.0001	6.4467	7.7819	9.5531	9.1513	7.8503	8.2474	8.9026	7.7138	7.7559	6.12	9.2065	7.8362	5.8681
U133A__HTRA1	6.7003	6.2736	6.5619	6.5603	6.4306	5.9744	7.7376	6.5707	6.7075	5.904	6.5307	7.7992	8.3177	6.4915	6.4617	6.4236	6.16	6.9112	5.9653	8.1098	7.5058	6.8794	6.3703	9.3958	6.821	6.888	8.4262	6.0692	7.5822	6.4565	6.2344	11.4172	9.6218	7.5158	6.3811	6.1767	8.5513	6.7275	6.294
U133A__FXYD5	9.4366	8.8706	6.3544	6.9093	10.5229	6.5905	8.4872	9.7949	7.3967	6.6968	9.5407	10.4388	9.0421	11.5641	7.4501	7.8566	10.3211	8.4657	10.2902	9.5227	6.2427	6.8433	6.25	10.5826	6.4736	9.5884	6.6844	7.9084	8.5436	8.14	8.7157	7.1906	10.2745	9.6556	8.4212	6.6578	6.5669	8.3634	6.2665
U133A__IGFBP7	2.9865	2.8753	2.8187	2.8488	2.9678	2.9102	6.2946	8.1639	2.9617	3.057	9.0694	7.7424	4.9465	2.8659	3.0689	2.8328	7.664	6.8087	5.298	9.287	2.953	2.8392	2.8773	8.7334	2.9882	8.5718	2.8618	4.331	4.3887	2.7709	3.7421	3.4559	3.1532	4.3464	2.9303	3.0678	2.8623	3.2633	2.8804
U133A__IPO5	5.6385	6.1856	5.5373	5.8466	7.9162	5.8477	5.2562	5.7546	6.983	5.09	5.8033	6.0464	7.652	6.3657	3.7682	5.9212	6.7812	7.081	6.3979	5.5539	5.2443	4.6709	5.608	6.7947	5.5339	7.5504	6.15	5.044	7.6041	4.7743	5.5769	5.0842	6.1051	6.7795	5.4684	3.6092	4.6487	5.6728	4.7497
U133A__PCK2	6.284	6.7214	7.826	7.0049	6.9382	7.006	7.0844	6.6359	6.756	6.5554	5.8093	6.4794	7.416	6.5607	9.1067	6.4475	6.7694	6.1271	8.2428	6.1926	7.1246	7.2563	7.2173	6.0304	7.2309	6.7161	7.0416	6.961	6.5039	7.5692	6.43	7.0357	6.5541	5.9544	9.2728	7.1871	8.2243	6.6431	6.8368
U133A__HIST1H2BH	5.6812	6.0699	6.6317	7.5581	5.8329	7.5314	6.3963	5.3788	5.4489	7.8848	6.2884	6.3517	8.0459	6.4774	7.6689	8.926	6.4962	8.3146	6.1497	6.5559	6.8639	7.7503	6.9409	7.3871	6.9553	5.6887	8.1245	8.6179	5.9852	7.6452	6.122	7.1496	6.3953	6.4262	6.8218	7.2688	6.1434	7.3149	6.5665
U133A__LAMC2	6.4531	6.0777	5.6348	5.93	6.002	6.0625	6.4877	8.5082	5.881	5.7732	6.2261	8.5525	7.7384	6.1018	7.1326	5.9453	8.8207	6.4814	7.7414	6.8578	6.3223	5.9447	5.8067	7.0817	6.0721	6.1309	6.0593	6.7055	5.9876	5.7604	5.9867	6.0108	10.3401	6.2632	5.755	6.6585	5.8722	5.8433	5.9061
U133A__HIST1H2AC	6.6347	6.1315	6.5263	8.9285	6.3159	8.2325	5.5273	6.2668	5.7625	8.2922	6.892	6.4753	8.9315	5.4115	7.5241	9.1759	6.6311	9.0257	6.3429	6.1112	6.5974	7.5399	6.5756	7.5443	6.7217	5.4127	8.1253	8.7312	9.7477	7.1371	6.148	7.2614	5.7119	5.4892	7.0303	7.081	6.763	7.3041	6.201
U133A__CRIM1	6.6823	5.0556	4.5538	5.2347	6.6582	3.5903	5.9807	7.9088	5.0214	5.8645	5.4013	6.6716	6.0828	6.2967	4.8205	6.6118	6.6738	6.5511	6.4677	7.6681	4.209	4.0619	4.8435	6.3739	5.1213	8.3257	4.25	5.0642	6.0909	4.1324	4.8529	6.1856	4.9762	7.7736	5.3263	5.9058	7.3237	6.0612	3.0831
U133A__IGFBP5	11.2847	8.6852	11.7481	11.5887	6.1922	12.1021	5.0776	6.8264	6.4959	9.6121	5.288	4.8427	9.2046	5.4966	12.4229	11.1816	7.78	9.9612	5.5974	5.609	5.3545	8.3505	5.423	4.852	10.1337	5.0172	10.895	11.2849	5.3314	11.5891	8.5214	5.4366	4.9226	4.9351	6.1866	11.8361	8.988	10.8465	8.0394
U133A__ME1	8.3567	7.7974	5.9976	4.3669	6.2304	3.5126	6.2684	5.2956	7.5277	6.3978	6.0968	8.6735	7.608	7.8782	4.659	6.6291	7.442	6.9336	7.1357	6.5106	5.9111	6.5939	4.2005	8.2989	4.2227	6.5132	6.5847	8.4861	7.0108	3.7088	6.4531	6.6978	6.6297	7.1395	3.7365	3.5909	8.4449	3.91	6.4445
U133A__BAG2	3.9484	3.6233	3.847	3.6546	6.779	3.7302	6.7389	4.687	5.112	3.9445	6.6817	8.2798	6.0631	5.3853	4.0193	4.1116	5.402	5.1323	4.2779	6.4596	4.6848	4.244	4.0731	6.4698	3.909	7.9802	4.5399	3.9434	6.3208	3.9206	3.9939	8.1652	7.0594	7.9745	4.0376	3.9483	3.8011	4.8384	3.5252
U133A__CTGF	7.1473	7.1015	4.1421	3.9205	8.5961	4.3162	8.5365	9.9978	4.0779	4.3177	9.4636	4.2303	4.7664	5.4268	4.3982	6.0839	8.247	7.842	4.0585	9.9469	3.8967	4.0791	3.933	5.2649	5.107	9.6523	4.0025	4.9953	5.0738	4.3345	7.9564	9.3229	4.4806	7.7701	4.498	4.3251	7.0046	4.3973	4.4522
U133A__MYST4	7.0787	6.8894	6.0654	8.0895	5.6758	5.793	5.2378	5.4408	7.1973	6.6176	5.3211	6.4505	5.2011	5.0087	5.4608	5.5126	5.0508	5.4213	5.8407	5.1085	4.9302	6.0605	6.3682	5.4057	5.8903	6.1108	6.9664	7.4141	5.7057	6.5656	5.5771	5.5914	4.719	5.0868	7.9743	7.3526	5.7341	5.835	7.4708
U133A__FNBP1L	5.7282	6.3494	6.3034	7.1137	5.7258	7.0659	3.4285	4.9683	6.9366	5.9928	5.0314	4.7531	5.4856	5.0975	5.066	6.6526	6.1696	6.4593	6.5269	4.7117	4.8914	4.3192	7.5094	4.6485	3.3218	5.9207	6.0796	6.3206	3.9647	7.3428	5.9159	4.2674	4.7058	3.693	6.4658	9.0977	6.033	5.5292	5.9501
U133A__TOP2A	8.3218	7.635	6.7714	7.6466	7.4354	8.2835	9.1849	7.4427	7.6015	6.105	7.0173	6.9158	7.6242	7.2079	5.574	7.0333	7.8213	8.1878	6.9581	8.3969	7.9242	6.9241	9.1534	8.2413	6.8402	9.352	6.7271	7.4424	7.1308	6.3468	9.4954	7.4665	7.6737	8.2323	5.1247	5.6747	6.7477	8.6761	8.563
U133A__GALNT6	8.8821	7.3905	6.7568	9.7521	5.1143	8.8841	5.7714	6.8554	6.1052	8.3463	5.6143	6.7577	6.284	8.1603	7.455	8.2228	6.9834	5.9045	7.5279	5.4304	8.8602	7.768	8.6096	5.6215	8.65	5.8084	8.4236	9.1485	5.9203	9.1731	8.7939	5.665	7.8211	5.8236	10.0613	7.0845	9.245	7.746	7.8728
U133A__TUSC3	7.7061	7.3567	5.277	4.5591	4.9647	4.6926	8.0508	7.6665	6.4646	6.2996	8.2575	8.0232	7.9762	4.8685	4.7861	5.4514	8.2811	9.4858	4.5276	8.1364	7.6041	6.2045	7.4159	7.479	8.6055	8.0955	7.6463	7.7091	8.874	7.1886	7.1896	6.8362	7.6602	7.8885	8.4792	4.8708	7.8483	8.204	5.5605
U133A__MAFB	4.2939	5.2209	6.0526	7.1675	4.5699	8.118	4.2814	4.4545	6.0147	5.8886	5.9523	4.6033	8.0513	5.6472	7.7452	5.899	5.4665	8.7595	6.8573	6.4104	4.5053	5.7821	6.9794	6.131	5.4416	4.4014	6.1242	5.0501	5.8863	8.6345	4.3436	4.4115	6.6507	4.4563	7.0732	8.3306	7.4185	5.1496	5.6559
U133A__EGFR	6.5405	8.8087	9.1916	5.4966	8.9985	4.6032	7.5795	8.5853	8.75	5.4451	6.1574	10.0365	8.0004	9.7369	8.7474	10.2614	7.8659	7.3722	9.5572	8.9579	5.5013	5.3316	4.5102	8.86	6.0289	9.7841	6.2142	4.6987	8.8153	5.0824	8.0587	7.8138	9.152	8.0666	4.8664	5.0313	4.2139	6.1317	8.1672
U133A__TNFRSF21	6.9434	7.383	6.2411	5.8168	7.6132	6.2938	6.7414	9.4794	6.2643	6.3644	8.9963	8.8483	7.9123	8.4644	7.3763	8.9154	9.1783	7.7884	7.9115	10.028	7.0946	6.9593	7.6411	8.7664	8.4893	9.2021	7.3706	7.6864	7.8007	5.8836	6.6581	6.831	9.0621	5.5389	7.9016	5.326	6.9565	7.1457	5.8725
U133A__CD58	6.4278	6.9993	5.1218	5.9691	7.2698	7.0005	6.2556	6.5853	6.1494	5.5493	6.654	7.2465	7.9814	7.1512	4.8445	5.828	7.2986	7.4893	8.4123	7.5015	6.8778	6.6956	6.5988	7.6528	5.1406	7.857	5.4702	6.611	6.5498	5.2182	6.4312	6.6742	8.3999	6.6873	6.3553	6.3629	5.3401	6.1602	6.199
U133A__PTEN	6.0913	6.269	6.7616	6.5673	6.7866	6.3073	6.2833	7.0194	7.0259	7.696	6.2325	8.17	4.6058	7.0343	7.1806	5.6098	4.8611	5.0714	5.7272	7.3598	6.9642	7.2994	7.083	7.3628	6.987	7.1792	6.1864	7.1573	7.4404	6.7947	6.2051	7.5944	4.527	6.9457	7.5813	6.9045	6.3954	7.375	8.3939
U133A__IFNGR1	6.2688	7.5228	6.3571	5.4815	5.8801	5.2355	5.7804	6.8528	8.334	4.6056	6.7327	8.5441	8.1554	6.8216	4.8815	8.3696	6.9811	7.6443	8.2171	6.8533	6.2653	5.2145	6.2502	7.4998	6.6431	6.5338	6.6722	6.1714	7.2957	6.5028	6.212	6.5564	7.4746	7.0159	6.9089	7.1054	6.8947	5.0929	5.7274
U133A__PLAUR	7.2636	7.0817	6.3774	6.0661	7.9196	6.3478	7.0145	8.6018	7.3217	6.6571	6.7499	6.7768	7.13	8.4113	6.868	6.8516	8.1211	7.2534	7.3607	8.1234	6.4877	6.4579	6.6082	6.9693	6.7436	8.9904	6.1449	6.6998	7.9687	6.2084	6.715	7.4222	9.277	7.1697	6.0395	6.2115	6.7814	6.3108	6.3425
U133A__KIAA0040	7.4994	6.4763	6.3177	8.4261	5.5327	7.1961	5.7796	6.3227	5.7125	7.9873	6.0097	7.8512	6.4646	6.2896	6.8359	6.4563	6.0658	5.6974	6.5026	5.7298	5.6006	5.9483	7.6846	5.955	6.4962	5.278	6.0962	7.1032	5.7336	6.9009	7.0973	5.2923	5.7746	5.1966	6.184	9.5563	8.7619	6.5898	7.188
U133A__CAV1	4.2859	4.1942	4.49	4.2497	10.769	3.9335	9.4857	10.2245	4.1066	5.7522	4.5139	10.4314	9.7651	8.6141	5.5414	5.3759	8.5934	9.5218	8.7912	11.4435	5.6543	6.486	3.9209	10.4205	4.2274	10.5667	4.3654	4.8546	9.7885	3.8748	5.5985	10.5467	9.5059	10.8746	4.009	4.0188	4.2529	4.2671	3.9104
U133A__PPP1R3D	6.0376	6.2841	5.8836	8.9569	5.5115	7.3522	4.8917	5.3847	5.2179	8.4079	6.0031	6.2885	6.1268	6.9745	5.6122	6.7862	5.4457	5.3754	5.7838	5.1445	6.6139	6.9967	9.3097	5.3464	7.7236	5.2928	7.7316	6.1594	5.2355	7.5285	6.4306	4.8825	6.1016	4.8641	8.1589	6.7296	6.8287	5.7656	7.205
U133A__CRIP2	8.2574	9.2634	9.209	9.9678	7.8746	8.3415	6.5901	7.7681	8.0402	9.0021	7.6044	5.5453	6.6722	6.6952	9.1442	8.8685	7.8221	7.9649	7.9883	7.3507	8.6357	8.6983	8.9642	6.3079	8.3729	5.1886	9.2302	8.0924	6.1297	7.8109	8.3547	8.1304	6.4487	5.4693	9.8773	9.3237	7.1792	9.294	9.0175
U133A__NFE2L1	8.2804	7.7434	8.2998	7.9707	7.6509	8.0389	8.6661	9.8821	7.1355	7.8831	8.6673	8.0502	8.5971	7.4599	7.7905	7.9417	8.4717	8.445	8.0531	8.0109	8.4411	8.5213	7.4537	7.3248	7.4906	7.9701	8.893	7.935	7.2601	7.7687	7.4362	8.4148	7.889	7.8649	8.3718	6.9966	9.0828	8.5447	7.9741
U133A__ALDH1A3	6.3501	8.1049	5.7829	5.558	5.0371	5.7541	7.5382	10.4029	6.9131	5.5586	5.9053	9.253	9.3821	11.1356	7.3345	7.2073	9.6541	7.0172	8.7778	6.3367	7.9258	5.9722	5.3213	6.7306	7.3828	5.8164	5.5605	7.0272	8.8539	5.6679	7.2823	5.5688	9.2197	5.8794	5.5785	5.2485	4.9809	5.821	6.0094
U133A__FUT8	5.6391	7.1577	7.0649	8.3524	6.9182	8.4013	7.987	5.8561	5.7352	6.273	6.072	7.683	5.5051	7.2262	6.7192	6.3162	5.7325	7.258	5.4207	7.0337	8.5833	8.8413	7.1088	7.2275	7.4477	6.6699	7.9813	6.5994	6.3685	8.5014	6.404	6.9045	6.0776	6.1045	7.824	7.8211	5.6915	5.9146	6.694
U133A__FBP1	6.8861	5.4407	8.7593	9.0806	5.8518	8.9571	6.0355	5.675	5.3145	9.223	5.9597	5.9596	8.9816	6.1031	8.462	5.4783	5.7636	6.0568	6.0106	6.2966	9.2997	10.2366	9.9675	5.5894	10.3739	5.6397	10.3698	8.9993	6.0119	6.1156	7.3014	5.5824	7.2633	5.8976	9.8817	9.0395	7.7395	7.7367	9.0869
U133A__FSTL1	6.755	6.2572	5.936	6.4877	11.5266	6.0422	9.2564	6.8735	6.4112	6.7142	7.1585	8.8436	9.9158	7.9294	6.0962	8.8284	9.2432	9.4494	8.6058	10.846	5.9821	5.6398	5.7112	9.7716	6.2036	8.6291	5.7009	5.857	10.7336	5.6561	5.9557	9.5334	9.6656	8.1824	5.4895	5.5608	5.6432	6.6733	5.9264
U133A__TSPAN13	9.6774	10.0953	10.249	10.7603	5.511	9.5712	6.4062	7.7338	7.6575	9.9233	6.7565	9.5285	9.5561	9.2752	10.1883	10.611	8.413	7.5481	10.2011	5.4571	9.1734	9.4408	9.5767	7.3108	10.1409	5.6786	10.1128	10.3424	5.3507	9.7301	9.8614	8.6711	6.8176	6.1061	11.0026	10.3678	11.2545	10.2015	10.0917
U133A__RHOQ	5.7676	7.464	6.6728	6.7051	8.246	6.4015	6.3382	7.7497	6.7259	6.1135	8.1764	8.5219	6.1786	6.3748	6.9106	7.5691	6.9454	8.572	7.5504	7.8128	7.1904	7.2712	6.8144	9.6917	6.7481	7.2082	8.0844	5.0555	8.6623	6.0637	7.0925	9.122	7.1437	7.3307	6.9376	6.6095	6.7023	6.4535	6.2841
U133A__FZD6	6.7006	3.9422	4.4868	6.9337	6.8117	4.9414	6.26	7.6804	7.2916	6.6098	6.2715	7.5106	7.7584	6.7087	4.3433	8.6151	6.652	6.87	7.1903	6.2951	6.915	6.7272	4.0099	5.152	6.1291	7.589	7.5488	5.7	6.079	6.7718	5.6747	5.1705	6.2643	6.0369	7.8236	3.9941	7.8036	3.7516	6.2593
U133A__PDCD4	6.1441	4.7881	6.8825	8.2694	4.4945	8.2124	4.4722	5.7415	6.9783	9.3378	4.8222	5.4742	6.1414	3.284	6.6053	6.8198	4.9423	4.4933	7.5575	3.7218	4.8931	6.3885	6.384	3.7962	5.9022	7.4032	7.8862	9.6151	4.4749	7.2734	3.8107	5.177	4.0607	4.2696	6.9303	6.6025	6.487	7.7569	9.0148
U133A__HIST1H3H	4.5987	5.0394	5.2954	7.0262	5.1973	7.1901	4.9072	5.2309	5.1804	7.7752	4.9774	5.3258	6.7115	4.903	6.9369	8.3387	5.3894	8.3287	4.9466	4.5073	5.3057	6.6563	5.6775	4.9412	4.668	4.3556	8.4879	6.8346	4.9477	6.7291	5.1044	5.9021	5.0129	4.7309	5.8351	4.9106	4.5009	5.9355	5.2029
U133A__FERMT2	6.0267	7.439	5.3801	8.2001	9.8437	6.2531	9.1807	6.9012	6.5681	6.2655	6.1023	4.3862	7.7149	6.2438	5.1273	8.7037	9.2104	9.7082	8.4669	8.7483	8.2909	7.0989	6.4247	8.4146	6.1627	9.5633	6.3958	5.8793	8.3969	7.5523	7.6505	8.7006	8.3695	8.7763	7.4012	5.6875	5.937	7.0412	4.5512
U133A__CSTA	3.3672	5.2138	4.492	3.8183	4.0291	3.9406	3.9232	3.8298	3.1942	5.5298	4.8696	10.7546	10.2411	6.2854	4.2378	4.0758	8.8013	5.8523	8.0961	4.0575	4.9609	6.884	3.5562	3.861	9.2798	3.9751	7.9998	4.3999	3.7416	3.701	4.7564	4.0488	8.603	4.9863	3.2478	5.9153	4.8553	4.1182	9.6093
U133A__STC2	5.7835	5.2543	6.8332	9.0626	8.0552	6.6726	6.0133	5.5681	5.9542	7.4131	6.0528	6.4054	6.3303	6.3772	6.0836	5.2081	5.032	5.3824	6.2904	9.6068	6.611	7.9495	6.8579	5.3597	5.4272	5.389	5.6758	5.3656	6.0906	5.4505	5.1138	6.5744	6.8228	6.9057	8.8888	8.1781	6.2151	9.9282	5.6601
U133A__TFF1	12.2913	8.7704	12.009	13.0647	4.5823	11.357	4.4645	5.0347	4.9526	12.0586	5.5069	4.6102	4.7953	5.1295	7.7444	6.8636	5.3196	4.6565	4.7428	5.032	12.5113	12.6032	7.2875	4.6427	11.0566	4.7941	12.0723	7.1696	4.5311	5.6426	6.7433	5.0684	4.859	4.9279	10.1664	8.3346	5.2403	4.7042	7.8516
U133A__CRYM	8.9131	6.4583	7.5231	6.4006	6.448	8.1342	6.5025	6.5711	5.9848	7.0052	6.0575	6.1414	6.1539	6.6828	7.7153	7.245	6.4	6.1823	5.9313	6.4998	6.2619	6.3051	6.5764	6.4642	7.5285	6.1593	7.7217	10.0657	6.278	6.3683	6.3247	6.5873	6.6463	6.4344	6.383	7.2611	7.7307	6.4716	9.6367
U133A__LCN2	9.7527	10.3037	5.6982	5.2882	4.8064	5.6482	5.7583	8.7478	6.1202	5.1708	10.8632	9.7416	11.5584	9.2947	6.0226	9.9002	9.4564	6.1647	10.2981	5.6309	5.6594	5.8038	5.3961	4.6992	7.3423	5.1681	5.168	5.1847	5.7672	5.507	7.1916	5.5594	11.2868	5.3011	5.9575	5.4799	5.5349	5.5872	5.6419
U133A__TTC39A	6.7363	7.9537	6.888	8.6528	3.8361	6.2428	4.2693	4.6311	5.2211	9.349	4.463	4.6581	5.3975	4.1091	5.2844	6.965	5.4051	4.311	6.2015	3.7661	4.5869	7.2805	6.8676	3.4222	5.9355	4.2968	7.8908	7.3398	5.0521	7.8998	7.1437	4.1734	3.6019	4.3341	7.0522	7.8303	6.696	7.1654	6.5769
