Cell lines	600MPE	AU565	BT474	BT483	BT549	CAMA1	HCC1143	HCC1395	HCC1419	HCC1428	HCC1569	HCC1806	HCC1937	HCC1954	HCC3153	HCC38	HCC70	HS578T	LY2	MCF7	MDAMB134VI	MDAMB175VII	MDAMB231	MDAMB361	MDAMB453	MX1	SKBR3	SUM1315MO2	SUM149PT	SUM225CWN	SUM229PE	SUM52PE	T47D	UACC812	ZR751	ZR75B
Response	-1	1	-1	1	1	1	1	1	1	-1	-1	1	1	1	1	1	-1	1	-1	1	1	1	-1	-1	1	1	1	-1	1	1	1	1	1	1	1	-1
RS_G10495__KCNB1__KCNB1	1.009	1.6281	1.3342	0.69095	6.7484	0.95534	1.0196	5.9644	1.3974	0.64929	2.7909	0	4.5119	2.4749	3.1757	1.1316	0.29482	1.5145	0.20345	1.4521	4.6198	3.3711	0	1.1101	0.45671	2.97	2.4428	0.46397	0.1431	3.7952	0.85425	4.7037	4.3103	1.4735	1.5389	0.28775
RS_G5851__BMP2__BMP2	0	2.2943	0	0	0.56208	0	6.1433	4.5299	0	0	0	4.5283	4.1967	4.5089	3.7759	1.3779	0.62897	5.0298	0.164	2.2696	0	5.4122	0.80063	0	0	4.4044	1.0794	0.29414	5.7002	0.09744	4.8377	0	0	1.303	0	0
RS_G7269__HEY2__HEY2	3.6871	0	4.2335	5.6502	1.3674	1.1515	2.5575	0.48244	3.959	1.6937	2.4811	2.3717	2.5058	0.93292	1.007	0	6.9965	3.4334	4.8089	0.82328	5.3503	1.4155	2.29	5.3855	0.59431	4.5517	0	4.2589	0.77271	1.6052	0.28944	3.3842	0.64409	6.0077	5.5727	5.2139
RS_G13459__KRT9__KRT9	0.41554	1.4828	0.54886	0.32451	0	0.1191	4.4878	3.1374	4.9813	0.76367	0	3.221	6.3236	1.2658	4.1905	0	2.8564	3.3175	0.58252	0.58379	0.90253	4.5933	0	0.70049	0	5.2496	2.5455	0	3.6507	3.1486	1.0384	1.7982	0	0.42014	0.97419	0.5673
RS_G628__MAGEC2__MAGEC2	0	5.4645	0	0	0.46229	0	0	0.52433	0	0	0	8.2608	0.38012	0	3.0872	0	5.0759	5.5432	0	0	0	0.20818	0	0	0	0	3.3543	0	0.47823	5.1877	0	0.27723	4.9092	0.17544	5.6209	0
RS_G5395__INHBA__INHBA	0	1.4027	0.57218	4.9365	8.116	0.34649	7.4763	6.8731	0.24841	0.79254	1.0776	6.6774	5.5305	6.203	7.1808	4.9604	4.2951	9.2718	0.8871	1.8265	0	6.524	3.1375	0.27195	1.5506	8.0338	0	2.5634	8.5917	1.4331	4.6019	0	1.2706	1.4108	1.0054	0
RS_G9463__JPH2__JPH2	2.9164	6.4318	0.050524	2.0686	6.643	0.13498	3.9489	2.8076	0.049104	4.1973	3.0619	4.5416	6.5243	4.1531	6.73	3.4244	3.5498	4.8069	1.8198	0	0.64612	4.9427	0.41633	1.7217	0.15656	6.7396	4.5877	0.16338	7.7631	6.2006	4.8813	4.0896	5.5659	1.214	1.3387	0
RS_G13254__IRX1__IRX1	0	0	0	0	0	0	9.066	6.4132	0	0	0.24446	2.8355	0.71958	0.25437	3.6235	3.7902	0	0.86673	0	0.14025	0	0	0	0	0	7.2028	0	0	3.8275	2.9194	0	0	0	0	0	0
RS_G1436__FAP__FAP	0	0	0	0.18706	0.18332	0.19117	0.94484	3.9543	0	0	0	0.83298	0.5157	4.0178	5.4188	3.9292	0.45519	5.6902	0	0	0.72062	2.496	0	0	0	0	0	3.5532	5.4313	0	4.7177	0.20414	0	0	0	0
RS_G12470__CORO6__CORO6	1.3736	5.0261	0.59829	1.6239	4.7642	1.2424	0.53723	2.196	0.58695	1.6114	3.6444	2.0788	3.9669	3.775	4.9726	3.2655	1.2535	2.6312	0.73365	0.41837	2.0176	3.8302	3.9416	2.9862	3.0768	3.4635	4.5564	1.1636	4.1819	1.6303	5.1099	4.2711	2.3894	5.3274	2.0977	1.1167
RS_G13227__CD14__CD14	4.5079	2.146	0	2.1032	1.7905	2.0092	5.0494	1.3892	0.86762	0.93813	0.75898	3.0681	4.1249	2.2887	1.3699	3.1865	9.9831	2.4861	0.81232	2.7439	1.229	2.5762	1.3486	1.2355	0.47784	0.70237	2.2491	0.49366	6.0549	6.8506	3.0821	6.2816	1.3333	4.5229	2.5184	0.4014
RS_G5128__C6orf97__C6orf97	3.1578	0	5.1411	4.0963	0	4.1221	0	0.32115	5.2392	6.3162	4.2969	0.082714	0.15617	0.095144	0	0	0.33528	0.36194	6.6388	6.3693	5.8502	0.5478	0.048768	4.0578	0.26259	2.5829	0	0.26705	0	0	0.29656	0	4.7903	4.3059	5.6965	4.9746
RS_G6440__COL5A1__COL5A1	3.8517	3.1224	0.40165	5.4151	10.1958	7.0167	4.1353	8.0257	0.059076	1.7108	0.44888	3.3905	6.243	6.8198	5.9398	8.5532	1.3704	9.4954	4.8717	3.0794	0.85124	2.9642	4.163	1.235	0.099041	1.25	0.20663	2.239	5.6444	4.0102	6.5509	4.9687	3.6637	2.6721	2.6056	1.0735
RS_G2467__MMP9__MMP9	0.3352	4.7331	0	1.8897	7.2801	1.3299	2.8432	7.1538	0.43548	1.2458	3.165	1.5059	6.2936	0.93467	3.1581	0.63889	0.45168	0.35709	3.8095	3.1157	2.482	1.5826	0	1.3653	0	3.4679	2.3144	0.54164	4.3212	0	5.3232	3.8646	1.7067	1.7646	2.9642	1.4825
RS_G11297__AC017048.6__AC017048.6	2.5528	0	0.793	5.4763	0	4.546	2.2023	0	5.1544	4.018	5.1196	4.2404	0.6038	2.0777	0	0	1.8202	5.6593	4.7482	2.4931	1.5275	1.293	7.776	3.7739	0	1.1146	2.5884	5.7413	1.2249	0	3.6146	4.8248	2.2602	4.0825	1.9459	3.7537
RS_G8516__GJA5__GJA5	5.1528	7.3724	0.25609	0.30595	0.75881	0	2.1537	1.8724	0	1.103	0.51023	0.46303	6.1047	3.0129	9.1154	0	1.4256	0.41661	0	0	0.63186	5.1935	0	0	0	7.1706	7.402	0	4.5966	2.5251	1.2018	6.2637	2.113	0.1099	0.3266	0
RS_G21773__GPRIN2__GPRIN2	4.0001	8.3744	0	1.3437	0	0	5.3082	0	0	0	0.23152	4.3886	5.4473	3.7981	5.982	5.0614	3.6002	0.40095	0.65392	0	0	6.6664	0	0.065818	0	4.1445	7.0097	0	6.2273	3.7935	4.7073	0.27671	4.0222	0.54066	0	0.18814
RS_G19397__L1CAM__L1CAM	5.0302	6.9187	1.3538	7.716	0.69507	5.9379	7.576	4.0551	1.4333	4.2916	7.5056	2.0386	4.8733	5.8085	7.6995	6.3652	0	5.7132	9.4903	6.7579	8.1829	9.454	4.142	3.0137	0.26696	5.233	6.4653	1.738	10.535	5.6684	8.13	7.9265	4.4721	9.8766	5.0006	0.9737
RS_G15650__OXTR__OXTR	2.6453	2.4034	1.4046	5.5286	5.2587	3.3789	7.0907	3.0554	3.0154	3.3339	2.5851	2.3122	6.7918	1.8936	5.7407	2.9858	0.11011	5.3866	1.6268	2.3399	3.0596	3.9592	0.87158	2.2215	1.958	4.4511	1.8969	2.2283	0.53598	2.6827	2.7785	1.9298	0.59396	4.8693	3.8192	4.1112
RS_G9080__IGFBP3__IGFBP3	6.2987	3.3656	2.9054	5.2494	11.5393	1.034	12.0229	11.5965	1.9904	0.38514	2.9917	8.8113	10.5079	11.6002	10.8788	9.9252	12.5244	9.3982	3.8586	4.4452	6.8854	9.9608	6.9804	4.4091	8.3923	8.5003	0.25393	4.3852	7.1035	6.5264	7.3456	7.1766	0.7413	7.3833	2.4343	0.70512
RS_G1730__FAT2__FAT2	0.57568	0.94746	0.23243	0.48221	0.63808	0.41813	3.7065	0.74319	0.040265	0.48933	0.74388	6.505	4.6282	1.7543	1.5427	3.8253	3.4034	0.89191	0.30019	0.27443	1.2493	2.9341	0.20058	0.2108	0.46883	5.4965	0.58878	0.59742	0.43138	0.021131	7.0238	0.94431	1.2235	0.23214	0.64995	0.5655
RS_G13794__SLFN11__SLFN11	0.90388	3.9958	0.21697	4.8183	6.7477	0.052023	4.7006	0.22325	0	0	0.17932	5.2052	0.85204	1.2043	0	7.3164	0.13555	0.11312	0.1012	0	0.053939	4.6084	1.3692	4.19	1.0505	0.60708	5.0278	0.1846	0.1044	2.0677	0.81293	6.0743	6.0277	4.5582	3.2933	0
RS_G18710__COL13A1__COL13A1	0	2.1135	0.55156	0.67347	0	0	4.4082	1.5079	0.53924	0.11673	0	3.6721	2.5569	3.6181	1.4184	1.9099	0.34586	6.6691	0.67246	0.62644	0.16907	3.7028	8.2297	0.038306	0	0.51573	2.5261	0.52716	0.78937	2.837	0.81764	1.5798	1.0734	1.5228	0.23092	0.83329
RS_G2464__PLTP__PLTP	0.11482	10.0545	0.75517	1.2357	10.9319	1.1199	0.90633	4.5863	1.0814	0	0.24629	9.5327	6.1663	0.4738	0	7.9012	8.082	6.5859	4.17	1.6206	0.80808	4.8815	3.1098	0.52736	0	3.5639	7.9049	3.0229	6.1828	3.6044	10.4891	2.8626	3.5352	0.76102	0	0
RS_G12538__KLK5__KLK5	6.1288	4.2346	0	4.9387	0.87783	0.32442	9.7741	0.50368	0	0	1.7287	9.0743	12.8418	11.5097	10.0348	1.7585	4.9998	0.87841	1.9651	0	1.4592	12.0662	0	1.6783	2.1958	1.2579	0	0.54237	1.3136	14.2018	7.7474	10.6798	0	5.3638	4.337	0
RS_G15100__GLDC__GLDC	0.26029	7.2337	0.40726	4.2944	3.4418	1.2426	4.4118	2.22	0.14607	4.7534	2.0712	1.7273	4.4029	3.9346	6.0442	2.116	0.61603	1.9099	2.7527	2.1304	4.7021	3.7115	0.45811	0.48042	0	5.2427	7.546	3.6024	1.4389	0	0.89962	7.1951	4.7089	7.464	4.8515	3.1124
RS_G12288__SCNN1G__SCNN1G	0	4.2825	0	4.9145	0	6.1694	5.6465	0.51299	0	4.2032	0.1358	0.4365	1.994	3.6997	2.0358	0	1.0232	0	4.0991	1.07	2.1905	1.7844	0	0.17844	0.26289	0.30298	1.7543	0.49282	0.92144	1.1277	8.2633	6.8146	0.91373	4.3481	3.0802	0.48344
RS_G12786__IL7R__IL7R	0	0.251	0	0.50142	6.5911	0.28503	6.1027	3.2925	0	0	0.65531	4.9125	6.2297	5.4595	4.9738	6.5351	0.25223	5.1619	0	0	0	1.8082	5.4855	0.070492	0.82882	0.68499	0	0	3.6661	0	2.0069	0	0	0	0	0
RS_G11273__ALPP__ALPP	0.61363	3.528	0.28662	0.61007	0.47579	0.3482	6.0634	0.75014	0.094933	0.23971	0.30143	4.7477	9.1099	4.7778	7.3442	0.717	2.647	1.7801	2.5073	0.2582	0.63282	11.8961	6.8379	1.0915	0.79138	0	6.9332	0.45731	9.2234	3.5744	10.3246	7.6574	0.38143	5.5707	0.74304	0.13455
RS_G6259__MMP28__MMP28	0	0	0	1.6614	0	0	0	3.1625	0.41036	0.39913	0	3.4994	6.8926	1.2407	0.21236	0.10499	3.6345	0.4363	0	0.62521	1.5814	1.8646	0	1.1152	0.35892	0	0	0	3.2915	2.044	8.2419	0	2.4898	2.5609	0.82317	0.15459
RS_G13225__KRT75__KRT75	0.1001	0.48837	0.13704	2.6322	0	0.24517	5.1256	5.5198	0	0	2.0876	2.7652	3.4922	6.9589	8.326	0	2.9312	1.6538	1.0494	0	0.44826	7.6739	0	0	0	3.081	1.8503	2.1211	0.93863	2.1169	3.1433	0.25517	0.87163	3.2242	0	0
RS_G8285__BCAS3__BCAS3	6.4726	4.4517	6.8924	6.1476	4.0251	6.3685	4.015	4.6223	5.6088	6.772	5.5922	2.9098	4.2115	4.3633	4.9093	5.4684	4.7074	4.5601	10.9962	10.392	6.1022	4.9169	5.389	5.4788	5.8148	5.8632	3.9992	6.0761	3.7147	6.6211	5.2731	7.1972	6.4245	6.286	5.6277	5.6589
RS_G7127__TCN1__TCN1	3.0187	0.28564	12.4902	0.57705	0	0	2.1014	0.35529	0.33689	0.22798	0.15109	3.8921	1.106	7.5608	0.46196	0	10.507	0.18873	0.56437	0	0.5899	0	2.6547	9.5381	0	0	0	0	4.6244	1.8932	0.47354	0	0	0.98567	4.0451	0.92242
RS_G3172__GRIN2D__GRIN2D	1.2815	7.681	0.11453	0.68008	6.2801	0.3443	5.0838	1.1036	1.736	0.83669	0.90964	7.0748	2.9299	1.246	4.2991	1.361	3.6096	2.9072	3.4213	3.0676	2.3793	3.8963	1.1365	0.84688	0.18568	6.2513	7.0486	4.253	3.6892	1.2689	8.309	7.4344	1.1701	0.90614	2.5652	2.0206
RS_G4856__MUC5B__MUC5B	5.381	6.3991	4.9033	7.2056	0	5.3345	6.1164	0.65399	1.8113	5.2883	6.5749	0.35429	2.0415	0.42452	0.20737	0.10243	0.47117	1.1133	5.5399	4.5554	5.2356	5.2064	3.5201	7.1076	2.7576	8.4507	0.22595	0.60314	1.5779	1.4391	1.351	0.050499	0.13512	9.1755	4.8458	6.9805
RS_G6275__KLK8__KLK8	0.33827	2.1437	0	4.4067	0	0	6.9642	0	0	0	0	6.7567	8.6102	9.0065	4.5337	0	2.8049	0.24842	1.3141	0	0	8.6402	0	0.38986	0	5.6314	0	0.69648	0.74274	7.5473	9.9341	7.1862	4.1111	7.1867	5.4714	0.31492
RS_G26921__DIO2__DIO2	0	5.413	1.0247	0.66823	1.9321	0.30803	0.91034	2.4857	0.46269	0.21916	0	0.95514	3.3564	5.9604	3.0532	5.3403	2.3952	1.5161	0	1.3381	1.6989	5.4614	0.90948	0.96921	0	0	5.1246	0.28482	5.3911	0	0.80293	2.4289	0	0.34973	0.32589	1.8325
RS_G1762__MMP2__MMP2	0.4728	0.51784	0.16333	0.14627	1.1858	0.21659	6.7222	10.4729	0.2313	0.53378	1.1497	4.3334	3.1849	4.7367	0.74091	5.5154	4.458	10.0294	0.50701	0	0.15291	5.9153	0	0.47804	0.67254	6.3519	0.71178	8.0913	6.8538	1.7789	5.4073	1.6774	0	3.3427	0.5521	0
RS_G13159__ADRA1B__ADRA1B	0.18329	1.0437	0	0.11811	0	0.23221	3.1228	2.5203	0.44765	0	0.38564	2.2667	0.17378	3.1453	4.6405	1.2095	0.38458	4.1574	0.32467	0.6723	0.52594	3.0163	4.5454	0.30935	0	1.8242	1.7875	7.9508	2.9802	2.2674	6.7332	1.8183	1.1225	0.92045	1.1506	0
RS_G178__GAS7__GAS7	0.23393	0.79868	3.7512	0.60208	0.060325	0.26435	0.4579	0.89591	1.6052	0.58061	7.4591	0.81088	3.7882	3.5067	2.8269	0.42668	0.02884	0.46526	0.091648	0.1238	0.83713	5.9946	0.059891	0.18529	0.057997	6.4908	0.53052	0.11579	0.34439	5.4391	0.43877	3.5497	2.8263	4.9676	0.13361	0.17756
RS_G7729__STRA6__STRA6	3.1212	4.9445	0.43073	2.7663	2.5699	0.6656	0.51212	3.5324	0.27027	0	0.29404	0.59667	4.9074	6.5711	5.3369	5.7205	8.8652	2.6414	1.7416	1.1844	0.48367	3.9368	0.44146	1.3397	0	0.71356	4.7034	0.16212	7.6926	0	7.8942	2.7278	0.73423	3.3866	0	0.24733
RS_G7676__MMP7__MMP7	0.47687	0.94026	0	0.42652	0.74274	0	11.7365	5.5087	0.45203	0	4.8989	1.9117	1.6535	4.5871	7.6055	7.0237	11.0385	0	0.22602	0.2289	0.4265	6.6786	0	0	0	11.8133	0	0	7.3366	0	2.6851	0	2.303	4.0563	0	0
RS_G13164__FABP6__FABP6	2.3614	5.0613	0	1.2049	0	0	0	1.3002	6.2218	0.68448	0	5.6808	4.4541	2.3389	0.74174	0	0	1.7984	3.477	3.3971	0	1.042	3.6119	0.39506	1.3707	0.94948	1.4427	0	0.53013	3.8371	0	6.9112	4.9649	4.3056	0.70066	0
RS_G7932__FBN2__FBN2	0.019862	0.045061	0.57831	1.1596	1.946	1.6834	5.1368	4.5745	0.054308	0.22874	1.2318	3.0649	0.29171	1.1022	5.0247	7.6781	0.089204	5.8631	0.18858	0.47837	2.2476	0.32467	0.45439	2.9296	1.8496	4.8218	0	0.99648	1.3781	0.61224	3.0375	0	0.11434	0.25183	0.49504	0.20828
RS_G1599__KCNK2__KCNK2	1.0389	0.62798	0	5.2556	5.8207	0	2.2276	6.1906	0.15029	3.4816	1.01	1.3134	2.1757	4.0574	1.2762	2.0309	0	6.6978	0	3.5015	0	4.4907	0.9363	4.4893	4.8645	0.36774	0.74341	0	3.8843	1.4099	0.85665	0	7.8925	0.095964	5.6046	2.9884
RS_G14073__MARCH3__MARCH3	2.7745	3.2569	2.3112	3.8079	7.2639	3.9127	3.3371	3.5078	4.7162	3.7624	3.8529	2.2062	4.095	4.8337	3.733	3.2795	3.1876	5.5727	4.1582	4.2518	5.4319	4.115	5.8431	2.9157	3.9047	8.6586	3.2788	3.641	1.93	5.5269	5.393	3.9215	5.5492	4.9057	4.0362	3.6738
RS_G17185__KRT10__KRT10	5.9492	5.2209	5.8283	7.371	5.8476	5.9456	4.4498	5.5632	5.1588	3.8022	5.252	5.0225	4.9118	5.9015	6.2218	6.2536	5.6795	5.1414	4.6376	5.4135	5.0366	11.1479	6.0369	3.6436	3.5636	5.0658	7.0161	4.5832	5.4914	6.0834	6.391	6.5887	6.7935	4.6743	5.3914	4.6275
RS_G29729__AP005482.1__AP005482.1	2.0156	0	0	2.4431	1.1703	1.2065	2.0745	1.2933	0.75134	0.90003	4.1387	1.6137	0	0	1.8585	2.0315	3.0763	2.4112	5.0255	2.7345	1.8579	0	4.1441	1.8898	1.7327	0	0	7.4059	4.7461	2.2104	2.8134	0	1.967	4.4917	3.877	1.9226
RS_G14072__C1QTNF1__C1QTNF1	1.9438	1.9267	0.35292	1.4322	0.31863	0.33165	4.9839	3.869	2.058	1.4527	2.1146	0.92407	5.6534	3.4904	7.0619	4.1833	2.7546	1.8083	0.32078	0	1.0256	3.8759	0	0	0.54519	8.8061	3.8627	0	7.7482	0	0.92424	0	0.65712	2.3565	0	1.5423
RS_G7727__DUOX1__DUOX1	1.4964	0.31093	0.28904	2.2162	0.41212	1.2062	4.1596	0.88339	0.32501	0.12922	0.62883	4.2651	4.978	0.98382	0.63747	1.434	2.8116	0.46676	0.18092	0.6225	1.7968	0.52095	0.53163	0.71698	1.3439	1.7641	0	0.70113	2.5207	2.265	4.6581	0.56659	1.1404	0.87157	1.2028	0.87454
RS_G8454__PADI3__PADI3	0.46584	6.8211	0.54552	2.2372	0.43485	0.3183	0	1.8696	4.2999	1.9093	0	5.754	5.4543	9.8003	2.9407	1.0326	0.40476	0.42128	6.6389	2.5696	1.7243	6.681	0.35983	0.59354	0.41031	0	4.097	0.41693	0.315	0	4.6738	6.8956	7.7006	4.0201	2.2637	0.52515
RS_G10060__WNT7A__WNT7A	0	0.25843	0	0.29061	0	0	5.6309	0.17319	0	0	0.78406	7.7833	5.9134	0.27412	3.6197	0	0	1.9243	0	0	0	2.5582	0	0	0.86159	0.71338	0	1.2965	0	1.2984	4.7626	0.79903	0	0.80956	0	1.6436
RS_G12720__CMAH__CMAH	0.48171	5.6554	5.1662	4.0198	2.0013	5.0915	2.5327	4.4091	1.3797	0	0.089889	0	4.3521	0.4123	5.4981	2.3863	1.1419	2.4096	0.19054	2.3585	1.4728	6.2953	0.41732	1.4534	0	7.6795	6.3681	0.33939	3.9595	2.7635	0	0.63247	0	0.8565	2.4873	4.7647
RS_G2058__PTGS1__PTGS1	1.2823	5.5913	0.41366	0.89833	0.19889	0.15627	0.3255	0.42546	1.1935	0.50646	0	3.0479	5.1685	2.3629	0	0.59629	4.5669	2.8314	3.7334	1.0897	1.5971	1.4029	0	0.14514	0.49771	0.40252	5.6939	0	6.3472	1.0494	7.7469	0.65876	0.72306	0	0.28281	0.28682
RS_G13151__CHRNB1__CHRNB1	4.1266	5.62	3.3505	3.996	4.6512	4.5831	3.8844	4.1756	3.4636	4.0981	4.9716	5.7781	4.9033	3.0916	4.7566	3.5569	4.1822	5.1481	3.6408	4.0099	4.2154	4.1532	8.963	3.8903	4.0984	5.7327	4.5907	3.9315	5.1261	4.9361	4.862	5.0347	5.0461	4.8739	3.9599	3.1297
RS_G15547__GAS1__GAS1	0	0	0.20138	0.62347	6.8017	0.35442	3.9425	6.4901	0	0	4.9514	0	3.5582	1.1793	5.7523	4.7642	3.202	3.9524	0	0.34607	0.64055	3.8028	0	1.0246	0.98655	6.4512	0	4.0824	5.0688	0.10817	3.4259	0.80311	0.55514	0.12587	0.66117	0
RS_G13287__HOXB9__HOXB9	0.35693	0	3.9845	0.71643	0.35586	0	0.30977	0.40438	2.9167	0.26024	3.9151	4.3474	3.9374	3.1658	1.121	4.0206	1.9987	1.8404	0.98759	0.58499	0	0.30031	5.7397	2.2944	0	0.38427	0	0.48243	0	0	5.3807	1.8711	3.8828	4.1487	0	3.3937
RS_G5403__TWIST1__TWIST1	1.1861	0.26983	4.0614	2.5713	7.0209	4.5511	4.8892	6.1671	5.4578	0	2.0334	3.7229	0.6241	2.8708	3.3893	5.7755	0.27115	6.474	0.1556	3.8512	4.3436	4.386	0	2.9119	0	3.4374	0	9.2954	6.6104	1.3277	5.6725	0.46509	3.096	0.62456	5.3279	4.0443
RS_G1450__HOXA9__HOXA9	0.17011	0	0	0	0	0	4.2747	6.0684	0.42162	1.0745	0.51342	2.9381	3.8685	6.2627	0	2.0643	3.0713	5.5064	0	0.1108	0	1.3105	0	0.20088	0	7.564	0	0	4.3002	0.78151	3.8141	2.6181	0	0.14669	0.54402	0
RS_G12178__SERPINB7__SERPINB7	0.9442	0	0	0	5.6432	0	4.7067	3.7483	0	0	5.5995	5.3599	5.0834	3.2114	4.5919	3.2161	2.0948	3.124	0	0	0.75502	3.0792	2.3119	0	0	9.9222	2.1682	0	4.6954	0.18709	3.6766	0.6301	0	0	0	0
RS_G16526__ALDH1A3__ALDH1A3	6.9869	6.6244	3.4412	2.4634	1.2073	2.8938	11.2405	5.3582	10.9346	1.4376	5.1885	8.2874	10.8421	12.6084	10.846	3.2546	8.3779	5.4292	5.6338	1.6124	1.2527	9.3386	4.3207	2.1737	1.7792	7.1079	7.9504	1.5677	6.6021	7.6667	9.1305	3.6909	6.7618	5.3565	5.1568	3.5552
RS_G14203__IL20RB__IL20RB	2.3285	2.3977	1.9633	2.6694	2.9313	3.6584	3.7298	3.6464	2.6596	2.0501	4.4568	7.3998	6.0774	2.1694	3.8537	4.2693	3.4924	3.1903	2.3034	3.4285	1.2384	2.9665	2.316	2.3458	2.0891	2.8672	1.235	3.8664	6.4871	3.0164	8.9032	4.6157	2.8394	2.9918	2.5497	2.8662
RS_G7555__CTSL2__CTSL2	6.6635	6.2586	5.6688	5.1485	6.7847	5.8017	11.2857	5.654	7.0295	4.9705	6.5726	7.1559	7.1125	7.6576	7.9326	7.0231	7.0512	0.64634	5.9428	6.6346	6.2477	5.3029	3.8935	4.8953	3.6966	6.2073	5.8886	3.3803	4.4155	6.5763	7.4402	5.8106	7.3226	5.8826	7.0084	6.0221
RS_G9666__DPYSL4__DPYSL4	2.1402	2.0732	0.10834	2.7477	6.5065	0.36733	0.66651	6.9015	0.20354	0.57452	5.8937	5.5149	3.6203	0	0.89312	7.2924	0	8.4033	5.9845	5.4214	7.126	3.1706	0.18027	2.5149	2.3566	4.7578	1.5021	3.1696	0.35504	3.2394	0	5.5632	1.3874	7.3126	1.3908	0
RS_G45__SLC7A2__SLC7A2	2.2979	5.257	6.0287	7.8315	0.033499	8.2847	0.21791	3.4194	4.3532	8.2226	3.5612	3.5354	0.61206	0.31931	0.37847	1.1688	0.031074	6.2103	6.5939	10.1412	1.0726	2.6761	5.3274	3.6823	0	3.9993	0	1.1459	2.7482	0.33549	0.46914	1.0828	0	4.9194	8.416	7.9142
RS_G5137__PCDHB8__PCDHB8	4.1245	0	0.40791	0.19959	1.1122	0.29489	0	4.7627	1.7502	1.5596	0.8932	0	4.7931	0.92476	0.75205	1.2825	3.5918	3.0537	5.0151	3.7676	2.0712	4.0203	0.57331	2.9026	0.48847	1.3015	0	4.5919	0	2.5263	0.94975	0.21773	6.7331	0.99402	0.27829	1.5526
RS_G11040__RBP7__RBP7	2.5571	1.1604	2.4051	2.7369	1.2423	2.0812	5.8017	2.4859	4.0832	6.599	0.70929	6.9348	5.6841	1.4072	1.491	3.2908	1.3599	1.9102	1.3471	3.4292	2.3221	2.4849	0.5881	2.2494	1.3534	1.5946	0	1.8559	2.5046	1.9795	2.9517	1.5544	6.9952	4.2168	2.0234	1.3543
RS_G17307__KRT14__KRT14	0.24717	1.1678	1.781	1.2666	2.595	1.5424	12.9384	11.6802	1.0895	3.3626	2.6226	13.5674	10.8786	2.5079	9.1398	0	7.7913	12.0549	2.3875	0.29759	0.44893	10.8776	0.91201	0.29051	5.7017	12.4619	0.54968	0	7.0103	6.5301	4.5846	0.71452	0.85755	1.1256	0.41714	0.5899
RS_G18160__AC110754.4__AC110754.4	3.9514	0.83267	6.4627	8.8805	0.22701	6.9764	1.6741	1.5048	2.9835	9.6862	2.0801	1.2005	1.0817	1.1314	1.6006	1.8395	0.67116	1.6999	9.1222	7.6365	6.6115	1.3	1.7317	8.7503	0.67996	0.23067	0.52524	1.0029	1.9295	1.1951	2.3357	2.9101	7.4037	8.649	8.6863	4.9591
RS_G386__CNTN1__CNTN1	5.1297	4.4821	4.0003	1.6827	0.2822	2.6966	1.4143	0.16983	5.5541	0.38665	0	5.2014	7.4095	5.7192	3.524	0.40369	0	0	0	0	2.5186	0.56659	1.6466	1.0276	0	0.55872	1.9387	0	4.7842	2.2935	2.9306	3.7199	0.17292	1.5049	4.0685	1.9316
RS_G7654__SYTL2__SYTL2	3.1117	0.55508	6.2717	6.9293	4.6446	4.3787	1.7257	3.0294	4.8414	5.7259	3.8285	0.45561	2.6069	7.3332	4.9358	2.1209	6.0929	1.5622	5.7605	8.5593	5.7273	1.8735	3.9775	3.016	2.7933	2.52	1.7332	1.8466	2.4806	3.8628	1.5828	3.198	3.5101	3.9795	4.6369	4.0389
RS_G2407__GALNTL1__GALNTL1	2.7185	1.4373	3.4989	3.4628	4.2839	5.3036	1.4688	1.4409	1.9837	2.218	0.43896	0.71371	1.6141	0.38746	2.6977	1.8837	3.2399	4.0921	5.064	2.5198	7.2783	1.3518	1.3157	3.6006	0.31102	1.207	1.5418	5.9632	0.8547	2.6105	0.50251	0	1.8633	1.7732	2.517	1.8036
RS_G13457__KRT13__KRT13	4.7028	5.6353	0	10.5246	0	0	3.7695	0.17168	0.96284	8.3302	0	10.7883	10.8032	4.6532	0	0.28252	0.37577	0.17184	3.975	0.28982	0.94145	5.2467	0	0.39019	0	1.1797	5.3517	0	0.53341	0.75767	8.4012	4.1338	6.7909	6.459	4.6193	0.40504
RS_G10720__TFF1__TFF1	9.5716	6.8461	12.1442	15.3072	0	8.1211	1.5719	0	12.8985	14.5477	1.9333	1.5228	4.0155	4.0294	0	0	0	3.3081	14.9851	14.3712	8.4157	10.5333	4.5944	14.5594	6.0558	0	3.1878	1.9663	2.5271	2.6641	2.5734	1.4334	3.9827	16.1221	11.9576	13.9006
RS_G2016__COL9A3__COL9A3	1.4993	4.0111	0.88215	3.5012	1.2322	0.70713	6.8804	0.60545	2.0714	1.1249	5.9643	2.9465	2.6759	0	0.21295	2.7092	0.925	0.61144	3.7968	1.6879	3.6563	4.4015	0.36722	3.2525	4.299	9.0893	0.38251	0.35941	9.2432	5.9379	4.908	2.9855	4.585	7.0235	1.077	0.53092
RS_G900__NGFR__NGFR	1.1441	0.38067	1.2778	0.88604	3.7143	1.2219	4.0738	5.5255	2.9879	7.1268	2.5018	2.9437	5.9425	1.2113	6.9239	2.2422	0	0.47037	3.4035	1.7957	2.4715	2.6645	0	1.6963	0.27023	2.3507	0.52661	2.0089	3.646	5.5817	4.6135	2.3282	2.8422	2.3659	3.1049	0.21761
RS_G1779__PTHLH__PTHLH	0	0	2.2732	1.8152	2.1658	0	7.2097	4.2484	0	0	0.32391	9.1068	2.3649	2.1959	2.287	1.3148	1.5258	4.0306	0	0.76599	3.356	1.957	0.83936	2.8815	1.3368	1.0677	0	1.8976	0.5104	2.0936	3.4073	2.0487	0	0	0.48471	0
RS_G12887__ROR2__ROR2	0.99671	0	0	3.2452	0	6.8376	4.2998	2.7187	0	0.28529	1.6518	1.9581	3.8669	0.15018	2.2208	4.9915	0	2.6226	1.7196	0.43584	0.057404	2.4422	0	5.8797	6.4732	0.78917	0	0.52239	7.9269	2.4446	1.6918	4.8317	6.1975	5.4064	5.0886	5.4198
RS_G1552__TCF7__TCF7	0.61235	1.4587	0.64978	2.1217	4.4365	2.2157	4.4352	6.929	1.4072	1.8359	1.2298	4.6583	4.6643	2.1895	5.6227	5.6906	6.4672	6.8571	2.1142	1.3186	4.4461	5.9443	3.0334	2.127	0	3.1249	1.9959	10.0385	4.341	5.0887	4.6908	0.4835	3.2071	2.4257	3.3383	1.8283
RS_G12549__ANGPTL4__ANGPTL4	1.3628	1.7355	0.28988	1.6842	7.1002	2.6448	1.0067	0.41541	3.6172	2.1231	3.7472	4.8525	6.5014	3.8004	3.7687	4.8409	3.5734	5.2861	5.7269	6.1066	1.3524	6.5731	5.4475	1.9371	3.028	3.5753	5.5559	7.218	7.3786	5.6931	6.5586	10.3721	5.9315	5.0877	6.2922	1.8001
RS_G14071__HOXB2__HOXB2	0	1.4939	0.61128	3.8831	6.8712	2.1445	0	0.49328	8.0832	0.41649	0.51773	5.0166	1.9303	6.6224	0	4.6361	7.1941	3.1744	0.43886	1.9508	0.16898	5.5597	0	5.126	7.0143	0	0	1.9493	0	5.5557	5.4183	7.3697	8.5803	7.6631	1.4454	1.5406
RS_G12539__KLK6__KLK6	4.2761	5.0602	0.45573	4.9239	0	0.54484	9.0328	0	0	1.2661	7.0963	4.1068	10.7456	12.9326	7.5906	0.40914	1.5357	0.17355	2.609	2.5633	1.6753	11.1156	0	1.8049	1.0046	5.2303	1.0202	0	1.5005	7.4241	10.6741	8.8709	0	6.5776	7.003	0.72126
RS_G17716__IGFL1__IGFL1	0.51855	5.2215	1.994	2.7983	2.2231	3.3051	6.3222	1.5139	0.66238	0	0	4.3337	5.2263	2.9253	8.5702	0	3.1231	0	4.8811	0	0	9.7328	0	0	0	7.358	2.1947	1.5873	4.1314	0	6.8497	0	0	5.5371	0.83279	2.5156
RS_G2004__TGM1__TGM1	5.3721	9.4474	2.3286	3.8808	1.7513	2.7163	4.4828	2.8924	2.0639	4.04	2.0162	2.9572	6.9913	2.9415	4.9255	3.0329	2.556	1.8108	6.114	3.719	1.9212	6.4252	3.1641	2.8856	2.5922	5.9739	7.4251	2.4886	6.8145	5.2442	4.2484	3.6189	4.1613	6.0171	4.3151	2.8052
RS_G4968__GDA__GDA	0.10563	0.60521	0	0.089202	0.08965	0.04757	6.0545	0.10286	0.047751	0.23587	0	5.0147	3.2095	0	5.0122	0	2.4387	3.1359	0	0	0.048047	2.3507	0.38708	0.044528	0	2.2833	0	0.084976	5.2678	0.79784	2.3435	0.050969	0	0.091997	0.066214	0
RS_G7026__NGF__NGF	0	0	0	0.44039	8.2263	0	1.5055	5.462	0	0	0	5.0698	3.456	0.41902	7.7309	6.0518	0	7.9757	1.5749	0	0	0.80236	4.6169	0	0	4.7268	0	4.7581	0.80466	3.4721	3.6174	0	0	0	0	0
RS_G4506__FN1__FN1	4.4659	5.6734	2.1232	6.6339	12.0664	2.308	6.2799	13.1575	2.6835	8.1794	5.3713	6.1008	6.4374	6.0504	10.4557	11.6619	6.9695	14.314	7.9571	5.8399	8.6337	7.242	8.9032	4.4927	4.0323	12.6716	5.2383	3.1511	10.3215	1.9746	11.44	5.2825	5.777	7.7872	3.9021	1.7401
RS_G5988__EVI2A__EVI2A	1.2756	0.13752	0.30944	0	7.1056	0.15699	0.24882	4.0118	0	1.0625	0	0	1.3617	1.032	0	6.1551	0.48768	3.8192	0	0	1.3205	0	6.7313	0.074104	0	0	0	1.1689	0.54354	0	0	0	0	0	0	0.40834
RS_G12795__NPNT__NPNT	7.6213	2.5915	4.7165	6.7604	0	9.7292	6.8894	0.69471	5.5643	11.2166	9.5247	2.0807	6.5407	4.0569	6.2473	0.95379	7.1449	0.13153	7.0112	6.9973	6.7223	3.7574	0.55913	6.476	7.469	4.2307	2.3733	0.20857	2.0193	2.2592	2.6366	2.0589	3.9583	5.7569	7.4204	3.5592
RS_G10448__WDR66__WDR66	1.3746	0.18268	1.6086	4.0469	0.42893	1.7988	3.3738	0.59354	2.6649	1.5647	2.205	3.8871	1.7485	3.0163	3.1333	1.7256	1.0272	1.8378	0.84535	3.0615	4.6684	1.9986	3.3445	1.963	2.4782	0.3649	0	1.2067	4.3116	0.84815	2.3185	1.8688	3.1701	2.5759	1.3732	1.0671
RS_G3505__UNC5B__UNC5B	1.569	4.6928	2.858	2.9021	1.2545	2.3139	2.4338	4.1346	1.5493	1.6312	3.6245	5.6769	5.2498	2.9491	5.1625	2.3407	2.4117	4.4737	4.1222	2.8653	5.4266	6.9351	0.54177	6.0143	8.494	6.5055	6.1432	7.6038	5.3655	9.7414	6.9528	3.0871	3.181	5.8601	5.5405	5.4248
RS_G1765__GNAO1__GNAO1	2.0236	0.20204	0.16856	3.8761	0	0.5982	2.8474	4.6262	0.62384	0.83309	0.48915	0	3.3957	4.8725	2.618	1.1034	0.13849	5.4802	1.9497	1.3593	6.8449	6.0943	2.2935	3.6542	2.8936	5.2484	0	0.6984	0.65085	2.0498	0.90966	5.5822	0	2.9335	1.0349	0.98333
RS_G11476__GRIK3__GRIK3	0.10161	0.11567	3.4404	6.7434	0	2.7903	0	0.21375	0.13788	5.5946	0.22452	0	0	5.8427	0	0	2.4098	0	3.8784	3.1195	6.9585	0.8144	0	0	0	0	0	0.2254	0	0.073992	0	0	2.2317	7.3857	7.1047	6.2115
RS_G8103__FBLN5__FBLN5	2.4898	3.7031	3.3013	1.7502	4.6055	0.76715	0.54751	5.2391	2.3253	1.2888	2.8473	1.9258	3.8111	2.4345	2.4563	1.81	3.9975	6.5096	0.35073	0.62774	0.88865	4.1303	2.6517	2.5515	1.5994	8.6354	4.668	0.70417	3.152	4.1943	0.82392	3.2984	5.1443	2.8958	4.031	1.544
RS_G17181__CYP4X1__CYP4X1	3.2584	0.19578	3.5439	4.1191	0.40002	0.58507	2.5935	1.6836	1.8874	1.0942	0.19735	0.48011	0.59456	2.6567	0.66645	0	7.9111	0	0	0.64786	1.6739	4.6775	0	1.502	0	2.3717	2.2153	0	5.9057	5.3618	4.6334	8.0328	4.8838	5.4748	1.2638	0
RS_G11011__PDZK1IP1__PDZK1IP1	8.8939	5.1203	0	0.39	1.3271	0	4.385	0.76975	0	0	8.5938	1.1708	7.7195	2.9333	9.5445	0.92984	11.5825	0.436	0	0	0.39925	5.7253	0	0	0.88496	9.365	2.9495	1.1043	8.6643	7.0538	3.5271	0.5957	2.5331	1.0949	2.3211	0.5381
RS_G10476__CLSTN2__CLSTN2	5.8455	0.55251	6.1216	6.7817	1.1877	8.6981	5.6714	2.6739	4.8612	6.8926	0	0	2.5088	1.3812	5.16	5.5442	0	2.1758	1.5753	6.5852	9.3094	3.9052	0	4.6367	6.445	4.5019	0.59842	0.72	0.84752	2.8968	0	1.6132	4.7589	7.2315	4.8856	0.39654
RS_G5715__EREG__EREG	0.90798	0.3735	0.24246	1.7835	0	0.22456	0.63031	0.35404	1.2446	0.48662	0	6.0947	3.8145	1.813	0.55554	0.81807	2.0283	0.45721	0.16657	0.21904	0.67171	1.0966	6.6798	0.47157	0.37437	0.95855	0.21342	0.20656	5.8413	2.5883	6.5644	0.39455	0.30539	1.3575	0.67428	0.16071
RS_G17087__KRT5__KRT5	0	2.3682	3.2544	0.87342	2.2491	1.3894	13.5262	9.5837	1.8734	1.1887	4.0154	14.3688	13.5652	7.6892	10.3691	4.1397	12.707	1.2187	4.3174	1.3229	0.60193	13.9607	0.83413	2.4598	5.6981	5.6289	3.0627	2.8132	13.5919	11.225	14.182	8.7706	0.4696	1.6355	0.16138	1.5571
RS_G11349__FBLN2__FBLN2	0.39761	11.101	0.2534	6.3401	0.23155	0.89252	10.8382	3.7514	1.0239	4.0648	5.9735	4.6059	8.1195	0.93459	1.9516	0.6412	5.0908	1.9731	0.56682	0.52712	1.2761	5.399	0	6.3892	0	11.1067	8.4706	3.8971	5.4564	7.4762	7.0764	7.3138	0	10.8093	8.9052	7.0003
RS_G7696__CASP1__CASP1	4.6632	1.1639	0	0	0.62808	0	0.76601	2.0008	0	0	4.2846	7.1678	5.4234	7.0633	5.507	4.2762	9.1677	3.4113	0	0.35455	0.18699	0	2.6086	0	0.59149	4.4984	3.2346	0	4.6947	5.266	4.4669	3.8963	4.3306	0	0	0
RS_G11215__EN1__EN1	0	1.6203	1.7416	2.0997	3.3363	0	6.9753	4.5556	2.3857	0	6.6847	4.0274	2.9926	1.3909	6.7749	1.863	2.198	4.1982	0	0	0	4.627	0	0.12776	0.30582	7.8873	0	5.4291	7.244	3.8745	1.2845	0	0	0.33268	0	0
RS_G7852__SLC40A1__SLC40A1	8.1261	6.0053	7.765	8.1177	0	7.1984	1.8182	1.1013	7.0717	9.5596	4.9572	4.0017	0.11962	2.6831	2.3757	3.5437	5.1833	0	0	0.15331	0.15829	5.071	2.5055	7.5995	9.0335	0	6.8656	0.27233	0.42348	6.3631	0.91534	4.6019	10.0753	3.8126	7.1722	6.288
RS_G21977__CDSN__CDSN	2.9956	1.1401	1.9282	8.8482	0	7.9711	3.9985	0.95695	0.40357	2.8234	1.1935	1.4924	4.5761	3.2825	2.5207	1.6413	2.6093	1.6494	1.9908	2.5728	6.9357	3.504	1.1401	7.5991	7.4583	2.97	2.0925	0.87848	3.1569	3.2981	3.3602	9.9964	1.8435	6.5285	2.9772	1.9794
