Cell lines	600MPE	AU565	BT20	BT474	BT483	BT549	CAMA1	HCC1143	HCC1187	HCC1428	HCC1569	HCC1937	HCC1954	HCC202	HCC2185	HCC3153	HCC38	HCC70	HS578T	LY2	MCF7	MDAMB134VI	MDAMB157	MDAMB175VII	MDAMB231	MDAMB361	MDAMB415	MDAMB453	SKBR3	SUM1315MO2	SUM159PT	SUM185PE	SUM52PE	T47D	UACC812	ZR7530
Response	1	1	1	-1	-1	1	-1	1	1	-1	-1	1	-1	-1	-1	-1	1	-1	-1	-1	-1	1	1	1	1	1	-1	1	1	1	1	-1	-1	1	1	1
U133A__CYP51A1	7.1379	6.7235	6.252	7.9948	6.9283	6.7289	7.7408	6.9648	7.9976	8.1668	8.4123	6.5777	7.3519	8.1687	7.165	8.4226	7.2755	7.1489	7.556	7.7218	8.3815	7.7393	7.8408	7.125	8.0664	6.2976	7.4839	7.1755	7.9582	6.6826	6.8516	7.0758	9.0446	5.9458	7.5436	6.7678
U133A__GPX3	8.1363	9.0183	5.2304	5.5135	5.2597	4.9768	5.1272	5.336	5.1537	5.6824	5.2059	9.8148	5.1904	5.0707	5.1354	4.915	8.2448	5.1519	5.5082	6.7269	8.0376	7.1621	6.4045	5.4796	7.354	7.9306	6.3995	5.279	6.6626	5.822	5.2433	5.3233	5.3369	8.1058	8.2524	7.7635
U133A__AMIGO2	5.8455	6.5327	5.3052	5.0478	8.1995	8.6579	4.6776	6.3495	4.6129	5.8787	3.9541	4.9778	6.2682	4.6287	5.1466	5.4281	5.7522	5.0069	7.2447	4.8186	7.0588	6.0228	7.047	5.9365	8.2027	7.6933	4.0096	6.5794	5.5099	8.94	7.9447	5.8444	4.696	5.1131	6.6145	5.5833
U133A__CXCR7	3.4505	3.4369	3.5229	6.5177	8.9687	6.7031	3.6681	3.4011	3.3612	7.9158	3.7108	3.5148	3.6332	3.6488	4.1429	3.4287	3.4867	3.3762	3.7256	7.157	7.6049	4.9871	5.3976	7.5315	3.3214	6.8548	3.5821	3.4802	3.4042	3.5035	3.8524	8.5317	3.9559	3.1811	3.3253	3.7854
U133A__LANCL1	6.7689	7.9484	6.1735	7.1973	8.0437	7.4032	6.8113	8.2676	7.471	7.7845	6.858	7.4074	6.1261	6.0262	7.1325	6.5866	8.9228	7.4355	7.3639	6.9245	6.5193	7.6214	7.1381	6.6311	7.2862	7.7475	6.4586	7.6675	9.6917	8.1542	7.5143	6.6789	8.0595	7.3913	7.8901	7.1071
U133A__SQLE	4.6168	4.8927	4.3591	6.8869	5.4736	6.0938	5.7546	5.7628	5.3462	7.445	7.1082	5.9324	6.0501	6.1707	8.6598	6.0786	4.967	7.0212	6.4167	5.7956	7.6022	6.6369	5.7665	6.1527	4.5071	4.947	6.3689	5.9702	6.331	6.4119	5.8236	5.8157	6.6624	5.4748	7.4374	7.6653
U133A__VEGFA	6.0067	7.5865	7.4133	9.3172	8.8928	7.2353	8.7479	7.4108	8.8648	6.898	7.7084	7.3718	8.5349	9.1772	6.1552	7.9471	6.1499	9.1817	7.9602	6.6548	6.5035	6.9542	7.311	6.9627	6.1337	7.1265	7.4277	7.8891	7.5508	6.0449	7.5202	8.2384	8.0846	5.8024	9.2627	7.1004
U133A__ADM	5.277	8.0616	8.6678	6.529	5.3128	7.8679	5.4283	7.2131	7.8738	6.5466	6.1613	8.3814	8.7626	6.6977	6.6973	6.3123	7.5305	5.4869	10.3763	6.8255	6.2425	7.0655	8.2545	7.1649	7.5308	6.2133	6.6996	5.353	6.5454	8.4176	7.011	5.4331	6.3307	7.7379	7.1417	5.593
U133A__TWF1	5.5084	4.4222	5.9488	6.6463	6.0045	5.5635	6.9623	5.9922	4.6291	6.6905	5.6328	6.9483	8.4203	4.8132	7.0744	6.4329	5.2535	6.2329	5.6756	6.0343	7.2103	5.6348	5.244	5.2969	5.6623	5.5977	5.005	5.403	5.5177	6.2422	7.1039	5.8716	6.9819	6.8472	6.2073	5.7632
U133A__IFRD1	5.4877	4.9609	6.223	6.1315	5.37	6.6057	4.5862	4.8029	8.1135	5.2789	8.2698	6.4008	5.8931	5.0595	6.959	7.5063	6.305	7.2214	6.5547	7.5278	5.16	4.7386	6.84	4.7622	6.307	4.2376	5.1419	4.3653	5.7774	5.6285	5.726	8.0212	6.9652	3.9585	4.1403	4.5841
U133A__CDH1	9.4054	3.1026	9.7731	10.1506	10.8025	2.7451	7.2616	8.8869	7.6506	10.3047	8.1115	9.9294	9.3213	10.668	2.9912	9.3955	7.3494	9.9431	3.1604	9.7553	10.3314	4.8896	2.9383	10.1819	3.7691	10.7292	10.1856	5.9099	3.9307	3.1058	3.5212	10.1757	9.7177	9.7436	10.2468	4.1184
U133A__FAR2	6.3903	8.0677	5.6978	6.9496	6.2868	5.9047	5.7329	6.2657	5.466	7.1439	6.4881	5.6582	5.9597	6.8368	7.204	5.8775	6.299	8.1854	7.381	5.6307	5.8298	6.5426	6.0009	6.0981	5.3047	6.5191	7.4616	5.4745	7.7824	5.6838	6.3407	8.1011	7.6185	5.7586	5.2172	6.7164
U133A__MLLT11	6.2166	5.4252	5.4761	5.4696	5.9452	9.2362	5.5842	5.7505	6.2622	6.0969	5.7778	5.6596	5.1106	7.3204	5.3868	5.5513	9.7364	5.8626	8.5124	5.5678	5.6979	8.2225	8.9305	5.5103	5.6819	8.5691	7.7028	7.9421	5.7603	7.4782	7.7591	5.4643	5.7609	6.4866	6.123	5.7367
U133A__SLC9A6	6.4055	7.0008	7.4995	5.2708	4.3228	8.7858	4.4773	6.7706	7.7514	4.2629	6.1563	7.6515	7.1268	4.8025	4.3595	7.158	6.999	7.5777	6.9	5.9238	6.2413	5.5375	6.5963	5.6565	7.8945	6.3295	4.5921	4.9043	4.9311	6.407	7.3206	6.1149	6.3706	5.8012	6.5172	4.9762
U133A__SUSD4	6.6086	6.9508	6.4035	6.7363	7.677	6.2558	6.0884	8.035	9.813	6.3402	6.2625	7.6664	6.2718	6.2591	6.1387	6.5387	6.4985	8.0919	6.1728	6.4318	7.0102	8.3366	6.7017	6.6934	6.3552	6.9363	6.3086	7.1127	6.7029	7.0237	6.4004	6.1749	6.7666	6.2368	7.3472	7.3727
U133A__IPO5	5.6385	6.1856	5.7095	5.5373	5.8466	7.9162	5.8477	5.7546	6.983	5.09	5.8033	7.652	6.3657	3.7682	5.9212	6.7812	7.081	6.3979	5.5539	5.2443	4.6709	5.608	6.7947	5.5339	7.5504	6.15	5.044	4.7743	5.5769	5.0842	6.7795	5.4684	4.6487	5.6728	6.6449	5.8249
U133A__LAMB2	8.1243	6.9331	6.1194	5.3368	6.0646	6.7282	5.7382	6.9642	6.1662	5.2838	5.4219	6.058	5.2916	6.5472	6.3258	6.2431	6.0447	7.3694	6.4274	5.1666	6.2658	7.1113	5.9146	7.8648	6.107	6.676	5.6942	6.7376	6.1559	6.6505	6.1049	8.712	6.7894	7.122	7.2784	7.3197
U133A__ATP2C2	6.3307	6.2095	5.2594	6.78	6.1865	4.7505	6.4084	5.4049	4.9367	6.2669	4.6402	6.105	5.0725	6.6704	6.7137	6.1365	4.8823	5.9041	4.6599	6.1516	5.6878	5.0964	4.7406	6.6441	4.5629	6.3763	7.4543	5.9877	6.6966	5.0115	4.528	7.6748	6.0596	5.6751	6.1125	6.089
U133A__TOP2A	8.3218	7.635	7.5818	6.7714	7.6466	7.4354	8.2835	7.4427	7.6015	6.105	7.0173	7.6242	7.2079	5.574	7.0333	7.8213	8.1878	6.9581	8.3969	7.9242	6.9241	9.1534	8.2413	6.8402	9.352	6.7271	7.4424	6.3468	9.4954	7.4665	8.2323	5.1247	6.7477	8.6761	8.3956	6.8699
U133A__TXNIP	9.0198	6.3159	6.4357	8.3832	9.4834	6.3813	7.8916	9.8559	5.7644	9.3606	6.8518	7.4178	7.8682	9.5912	9.4289	7.6529	6.0667	7.4504	5.6214	6.9145	7.9565	7.329	6.5723	9.169	6.4066	8.9171	8.1792	7.3859	6.7269	5.781	7.9514	10.3303	10.2571	7.8199	8.5902	8.8872
U133A__NDC80	5.5522	5.0453	7.3704	6.0641	4.7678	7.5886	4.8913	6.2093	8.2113	4.6458	5.6359	7.5058	5.4579	4.6172	4.7843	6.5212	6.879	6.771	7.0702	5.4314	5.1758	5.1286	6.8271	4.2246	7.4584	5.221	4.9644	4.8313	4.8279	6.9992	6.0043	3.5759	3.7379	5.2985	5.7214	4.4922
U133A__GBE1	5.9443	6.4724	7.7376	6.6096	6.8172	8.3086	5.6093	6.3136	6.5675	5.634	6.3318	5.9996	6.9661	6.1714	4.7537	6.2946	7.1265	6.681	8.3006	6.7359	6.2895	7.2379	6.9486	5.5154	7.9882	6.2151	4.4946	7.001	6.3652	7.6464	8.4375	4.6733	5.4259	5.6225	8.2007	4.9951
U133A__WBP5	6.7541	3.6889	6.4769	3.8423	5.822	6.6526	3.4188	7.1545	8.993	6.1042	6.1205	7.5367	4.0715	3.9169	3.6347	6.549	7.9524	4.1972	6.6648	3.9113	3.5138	3.6334	7.6132	3.816	8.2161	7.0278	3.947	3.6362	3.6496	7.7813	5.6305	3.7521	5.4815	5.2695	3.583	6.5312
U133A__HIST2H2BE	5.2169	6.1555	6.3954	5.9939	9.4664	4.7581	6.4892	7.028	5.845	9.4831	6.6393	7.3397	5.9223	8.8657	8.9328	6.3304	8.0707	6.4151	4.9797	7.2026	8.2043	7.1567	5.8962	6.2671	5.0337	9.2133	6.6612	6.7257	5.8532	5.39	5.0466	7.1041	5.9142	6.7795	5.2721	6.1089
U133A__ANK3	6.4478	7.308	5.8183	7.5215	7.0276	2.7342	6.8733	7.1104	5.6934	7.8747	7.0227	6.4182	4.6788	5.0538	7.3358	6.7191	6.6335	6.6594	2.6483	5.8109	6.8444	5.6613	3.2294	6.2805	3.5943	7.386	7.623	5.2949	7.0939	2.7388	5.8833	9.1143	5.702	6.1148	6.4416	5.4545
U133A__ABCC5	6.6226	8.0779	7.8607	7.1449	7.6776	6.8408	8.5504	7.4246	7.1746	9.5645	7.9864	7.9396	7.1158	7.6418	9.4831	7.1401	7.208	8.2613	7.2144	8.3302	7.7177	6.6558	7.0907	7.519	6.9575	8.0859	7.7665	8.0521	8.6714	6.9314	6.9156	10.0979	7.4944	8.5541	8.0903	7.1643
U133A__PDLIM2	6.1838	6.4469	6.5686	5.0195	5.6124	8.445	5.1054	6.7985	7.5575	4.7108	6.3607	5.6691	6.1512	4.6418	6.3079	7.0536	6.8265	6.1954	8.6963	6.1059	5.2037	5.8817	6.625	6.3894	6.7859	4.9201	6.5696	4.5589	7.137	7.7536	7.2215	5.3168	4.947	5.8226	6.1853	5.2303
U133A__PDGFC	5.5151	4.7072	6.4241	5.306	4.2114	8.5446	4.2682	7.5679	8.1244	3.5487	4.7294	5.2036	7.8858	6.7858	6.5847	5.6004	6.6393	7.1701	6.9926	4.1352	3.636	4.0802	7.2686	4.8705	9.2966	6.5591	5.3401	5.7983	4.7499	8.8223	7.8914	4.062	5.1023	5.7918	4.4004	4.4081
U133A__RHOD	7.8747	5.2958	7.9209	6.4675	7.5568	5.1077	7.9489	5.7556	6.6789	8.1395	6.8909	7.7422	7.4409	7.2922	7.285	6.8871	6.6721	6.7316	5.5286	7.3222	8.2642	6.9058	5.7004	7.3765	6.1846	7.1356	10.2792	7.6147	5.486	5.0982	5.0527	6.8992	8.2248	8.4567	7.6569	6.6061
U133A__TFF1	12.2913	8.7704	4.8812	12.009	13.0647	4.5823	11.357	5.0347	4.9526	12.0586	5.5069	4.7953	5.1295	7.7444	6.8636	5.3196	4.6565	4.7428	5.032	12.5113	12.6032	7.2875	4.6427	11.0566	4.7941	12.0723	7.1696	5.6426	6.7433	5.0684	4.9279	10.1664	5.2403	4.7042	12.6332	8.9264
U133A__ACAA1	6.1633	8.8997	6.6984	5.2632	6.5332	6.3551	7.0217	6.3772	6.4261	7.1641	7.3011	6.1541	6.6504	7.2811	7.0428	6.9482	6.9299	6.3982	6.6822	7.7278	6.912	5.4479	7.0365	7.5844	6.3811	6.9764	7.9024	6.7552	9.1231	6.4906	6.0876	7.3427	6.6535	6.6359	6.846	6.4082
U133A__KIF14	6.6803	6.4582	6.7575	5.5932	5.6142	7.1136	4.9453	5.6646	8.1398	5.3265	6.9909	6.414	5.3583	5.0707	5.431	6.481	6.2668	7.5613	5.9016	5.7401	6.9772	5.3392	6.6024	5.8901	7.6284	5.4955	6.6597	5.9754	6.0151	5.7495	6.1868	4.6193	5.3477	5.6868	5.8779	6.1667
U133A__MED1	6.789	9.401	6.6315	9.8321	6.7544	6.543	6.5188	6.1616	6.714	5.4657	6.4849	6.2933	5.5168	7.637	6.165	6.7157	6.7015	6.6643	5.9833	5.9938	6.0596	6.5369	6.341	6.0538	7.4592	7.1028	5.6961	6.8213	9.7185	6.1455	6.5327	5.9984	6.2636	7.0154	8.3873	5.1839
U133A__CYR61	7.9058	8.1337	8.7486	7.2872	6.0591	9.9464	5.4504	7.7791	4.4815	7.6012	8.4784	8.0849	8.6439	6.0084	7.6799	9.575	10.4785	5.9019	10.6077	5.8235	5.4758	5.6887	7.6585	7.316	11.0284	6.8624	7.1407	6.9966	8.7828	10.4135	9.6697	6.1964	7.826	8.5165	6.9877	7.9605
U133A__EIF5A	6.1532	10.2322	11.5081	6.6804	8.676	10.141	10.3505	7.0561	6.2771	10.4307	10.9743	7.3039	9.2206	10.7045	10.6954	11.0518	6.7936	10.9733	11.4584	6.2508	7.0806	7.2351	10.9628	6.3987	9.8155	8.213	8.5732	9.7217	9.4725	10.7482	10.6383	7.469	10.9772	6.6051	6.774	6.3053
U133A__RCAN1	9.5061	7.1303	7.6573	5.82	5.6035	7.7765	5.7191	7.9377	6.1191	5.2347	8.8541	6.9518	5.967	5.1898	6.6797	7.3532	6.7074	8.7816	5.7036	5.7352	4.0112	4.6964	6.4032	8.3341	6.0613	5.947	7.4427	5.2858	6.2714	7.7167	6.4412	5.1797	7.3375	7.707	9.0319	5.7327
U133A__DDAH1	8.9187	8.5483	9.3578	7.8829	8.8633	8.3878	7.0164	7.0683	5.6482	8.0142	6.9419	8.3529	7.671	6.9839	8.697	7.4941	8.6928	7.845	9.6453	6.2098	7.4176	9.7077	6.2347	8.0152	10.6373	8.2905	8.9321	8.726	8.7206	8.3137	8.0215	8.5239	8.3946	8.0016	9.3856	9.4862
U133A__RHOBTB3	5.0787	5.0683	6.7277	5.1065	5.6136	6.0473	6.2514	4.9227	5.6696	8.5462	7.9271	7.275	6.0499	4.2318	6.8141	6.2335	6.566	6.6969	5.985	5.5974	8.3924	6.5413	6.3596	3.3827	7.6414	5.9011	7.025	3.8914	5.5555	5.72	6.2604	6.5518	7.0476	5.4977	6.662	4.6308
U133A__SPRY4	9.1625	7.666	6.7206	7.0909	6.6778	6.1402	6.2326	6.5822	6.2255	6.1928	6.858	6.4451	6.6843	7.6043	6.3436	6.0899	6.4449	6.0177	6.9419	6.1993	6.3284	6.8972	6.7042	8.6704	9.0079	6.9669	6.9797	7.1359	7.2561	6.6597	7.669	6.9477	7.2227	6.3081	7.6452	9.786
U133A__MAFB	4.2939	5.2209	6.2054	6.0526	7.1675	4.5699	8.118	4.4545	6.0147	5.8886	5.9523	8.0513	5.6472	7.7452	5.899	5.4665	8.7595	6.8573	6.4104	4.5053	5.7821	6.9794	6.131	5.4416	4.4014	6.1242	5.0501	8.6345	4.3436	4.4115	4.4563	7.0732	7.4185	5.1496	5.3409	4.2219
U133A__TFPI2	7.557	4.6395	8.3102	4.7191	4.3087	6.5383	4.1132	3.9849	4.0743	4.199	4.0486	4.0854	4.3796	4.6333	5.0358	4.0053	6.1919	6.6266	4.2509	4.1836	6.2286	4.2252	8.7661	4.6738	7.4605	7.1817	4.1103	4.1122	4.4394	6.8177	7.5053	5.1922	3.9556	4.0933	4.5088	4.8398
U133A__GDPD3	6.5019	10.0153	6.477	6.1503	6.642	5.7463	7.4532	6.4548	5.9638	6.4119	6.4377	7.0271	6.539	7.1794	7.2005	6.6596	6.229	6.574	5.8339	8.0906	6.7648	6.1995	6	7.6927	6.1031	6.4612	7.043	5.897	8.9869	6.01	6.2605	7.4305	6.1856	6.1103	6.7211	6.3816
U133A__TUBB6	4.8682	6.5678	8.0465	6.253	4.4901	9.8768	4.9213	8.3339	9.2657	7.3934	8.5949	8.7762	7.6112	5.3791	6.6415	9.8152	9.8057	8.0943	9.7499	8.3425	7.4325	7.8191	10.4802	5.4732	9.0045	7.5802	5.0843	5.1846	6.5456	10.1106	9.6441	5.1798	5.5564	7.8651	8.1612	7.0332
U133A__SLC24A3	5.6004	5.5097	4.5251	7.0284	8.6046	4.2919	7.6789	5.7657	8.3801	7.8815	6.0192	4.5344	4.5142	6.0343	7.7085	4.6155	4.9532	6.8012	6.2703	4.6445	6.0407	7.2196	4.3953	5.5787	4.6406	6.2134	5.5668	7.404	5.3517	4.4037	4.696	7.0271	6.5218	6.8955	5.7622	8.3469
U133A__PLEKHF2	7.8227	5.5542	5.4206	8.353	9.5772	5.3539	7.7758	6.2048	6.0169	8.5369	6.5492	8.251	6.1642	5.9198	9.5057	6.5501	5.6869	6.6621	5.3134	7.6518	7.2111	8.3373	5.1421	7.3073	5.4357	9.0386	6.3531	8.0942	4.8166	4.8152	5.4296	6.1804	9.1234	7.8132	8.0893	6.5008
U133A__AGR2	10.3169	10.6821	4.8118	11.0027	11.4133	4.8801	9.5473	4.7238	4.9574	5.6983	5.7322	7.8487	8.9628	11.0145	11.018	5.5521	4.8807	6.5245	4.9432	9.0223	9.5307	5.3115	4.1066	11.5908	5.8781	10.7955	11.9865	9.8595	9.5144	5.8546	4.7808	12.2035	11.3355	11.4831	10.6889	11.2101
U133A__RBPMS	8.4422	7.9156	6.0086	7.3213	7.5491	4.6263	6.6453	6.3405	4.8493	6.4751	6.9032	7.4236	7.5177	5.9548	8.9011	8.4347	5.1093	6.4882	7.4314	6.3886	7.9839	6.0911	6.3852	9.3425	5.4828	6.0819	7.1503	5.089	6.5809	4.624	7.1047	6.7866	6.643	6.4984	9.0655	8.2877
U133A__ISYNA1	7.373	6.2368	7.8092	6.2863	7.5215	6.4988	6.4888	7.3933	9.9775	7.7952	7.6356	6.6568	5.7452	6.9705	5.6818	6.726	7.5231	7.9347	5.4531	6.6	7.3573	8.4527	8.1286	8.0915	5.4333	7.097	6.0186	8.8166	6.7392	8.9433	5.4694	8.0671	5.3948	7.7728	7.9949	5.3419
U133A__PLAU	5.5718	5.8756	5.2088	5.6696	5.1491	7.8668	5.3929	6.0278	5.2362	5.2184	5.332	6.7758	5.664	6.2216	5.9968	5.3077	7.0242	5.1726	7.9917	5.4641	5.6808	5.4287	6.8126	5.511	7.6491	5.3504	5.7285	5.3338	5.507	10.1668	5.9627	5.292	5.2565	5.5545	5.8024	5.4286
U133A__PBK	7.0274	6.7703	6.752	7.0826	6.4642	9.2891	7.091	6.6403	8.3205	5.9385	7.6548	6.4	7.1569	4.3151	7.7515	6.5833	7.6571	6.0256	8.8112	7.1445	6.782	7.9008	7.4454	7.6348	8.4175	6.0122	7.1833	6.8715	7.02	7.6933	8.7212	5.2544	4.2319	7.3545	7.3338	6.7081
U133A__GCLC	5.843	7.7352	8.5104	7.0728	7.3417	4.4612	8.2977	6.4867	6.2695	7.3886	7.0978	7.6686	8.2588	6.9616	7.4149	7.2031	7.159	7.8009	7.0854	7.2652	7.0561	7.2205	6.7749	5.4782	7.1358	7.9446	7.7615	7.1739	6.5993	7.1532	6.4673	5.7956	8.8522	7.1964	6.587	7.6594
U133A__NMU	7.7687	4.1757	5.3381	4.3252	6.8641	4.1752	4.6813	8.636	7.3185	5.2777	6.318	9.1284	4.9977	5.9509	4.242	7.6872	6.8751	4.3367	4.0377	4.0093	4.3863	4.6474	5.4827	5.9742	7.7496	6.7082	4.4051	6.521	3.9427	4.1099	4.7095	4.1234	6.565	6.9468	5.598	5.377
U133A__CEBPD	6.6929	8.6335	8.0005	6.0731	7.3742	9.5029	6.3522	8.0968	9.7249	7.1484	7.2111	8.6922	7.3539	6.7642	6.9569	9.2087	8.8963	8.6788	6.0953	6.5099	7.0844	6.2396	8.7538	7.4876	5.9531	6.0972	6.213	6.2153	6.6089	8.2928	8.7118	7.0693	5.3927	7.6899	7.834	5.6782
U133A__CYP1B1	7.5192	6.2606	8.5069	4.9105	5.5792	8.151	4.1785	5.7873	9.7315	5.5791	4.312	7.1729	8.4376	9.2661	5.8894	4.2552	10.1131	8.1797	3.837	7.9674	7.8669	9.832	10.1758	7.9074	5.0661	9.6657	8.156	7.3836	7.387	8.1346	3.6701	8.3413	8.6291	8.2634	8.1212	8.884
U133A__HTRA1	6.7003	6.2736	6.3885	6.5619	6.5603	6.4306	5.9744	6.5707	6.7075	5.904	6.5307	8.3177	6.4915	6.4617	6.4236	6.16	6.9112	5.9653	8.1098	7.5058	6.8794	6.3703	9.3958	6.821	6.888	8.4262	6.0692	6.4565	6.2344	11.4172	7.5158	6.3811	8.5513	6.7275	7.4804	6.4264
U133A__PPID	5.7543	5.0949	7.5725	4.7081	6.3369	6.4077	6.4478	5.1869	5.9801	4.6728	6.5156	7.1278	7.2762	4.8877	4.8359	4.6655	5.973	4.7282	5.6947	6.2058	5.1748	7.1153	5.4494	5.3947	6.7744	6.0593	5.3653	5.694	6.1165	5.3484	7.1574	5.5997	5.023	4.7731	5.0992	5.1149
U133A__KRT14	4.4711	4.4747	4.6419	4.6816	4.2547	4.3247	4.5264	12.3349	4.6936	4.8159	5.3676	10.5614	4.854	5.407	4.4493	9.9678	4.7483	10.3774	9.2974	4.8152	4.5092	4.4467	4.1072	4.4478	4.2376	4.4884	4.9099	4.823	4.8535	4.6689	4.1673	4.4201	4.4949	4.6096	4.2088	4.8643
U133A__NEBL	7.1562	7.471	6.4486	7.9659	8.3793	4.4277	8.0852	8.1581	5.8258	8.7265	4.729	6.1047	4.8275	6.2376	8.4438	4.7794	5.3089	8.8448	4.5196	7.2791	7.7379	7.7128	4.3245	6.2351	4.2596	7.1621	7.8028	6.5042	7.6328	4.692	5.6682	9.7977	6.3427	7.0842	8.2432	8.1131
U133A__FGFR1	6.1557	5.7798	5.7379	6.852	7.4678	7.5789	7.3779	6.7737	8.6157	6.1787	6.737	6.0116	5.8635	6.4269	6.623	6.2015	9.3113	5.9031	7.4059	6.7359	6.0403	11.6578	8.0272	8.3604	7.1029	8.2599	6.0409	6.4628	6.1317	8.3245	7.9791	6.489	7.2695	6.4819	7.8946	6.1931
U133A__TSPAN13	9.6774	10.0953	8.3777	10.249	10.7603	5.511	9.5712	7.7338	7.6575	9.9233	6.7565	9.5561	9.2752	10.1883	10.611	8.413	7.5481	10.2011	5.4571	9.1734	9.4408	9.5767	7.3108	10.1409	5.6786	10.1128	10.3424	9.7301	9.8614	8.6711	6.1061	11.0026	11.2545	10.2015	10.0762	10.4436
U133A__CITED2	6.5982	7.7415	6.0367	6.6171	6.2217	8.6066	6.6819	8.129	5.4857	5.8681	6.4711	7.2761	5.0942	5.6045	9.6672	5.0741	7.2485	5.5668	7.7101	6.7048	7.0532	7.0748	6.3869	7.4172	7.5293	6.8764	6.7352	7.2716	8.0474	7.6179	7.6259	7.8132	8.3585	6.9528	9.1731	6.2483
U133A__MFAP2	6.1012	6.6076	6.4087	5.9402	7.111	7.5045	5.7163	6.9391	8.4452	7.7932	6.2262	7.0665	6.1253	6.5223	6.7741	5.872	7.9716	6.0081	8.2035	5.8531	6.5901	7.7756	6.9779	6.299	6.5138	6.3103	6.1716	6.4924	6.7567	7.848	6.2524	9.4332	6.033	6.5117	6.0933	6.3861
U133A__TIMP2	6.9407	8.1437	7.5463	5.9061	6.7268	6.8093	6.4559	7.4862	6.1842	6.645	7.2158	6.6229	7.8937	6.3703	6.1997	7.5739	7.5759	6.5576	6.9703	6.4701	6.6941	6.911	9.6382	6.6629	6.7168	5.6529	6.2677	5.5385	7.5049	8.0501	6.5791	5.934	5.9121	6.6794	7.9524	6.304
U133A__BAG2	3.9484	3.6233	4.2663	3.847	3.6546	6.779	3.7302	4.687	5.112	3.9445	6.6817	6.0631	5.3853	4.0193	4.1116	5.402	5.1323	4.2779	6.4596	4.6848	4.244	4.0731	6.4698	3.909	7.9802	4.5399	3.9434	3.9206	3.9939	8.1652	7.9745	4.0376	3.8011	4.8384	4.0353	4.6713
U133A__SLC43A3	8.4498	6.0402	5.8992	6.212	6.1253	6.9124	6.1527	7.4181	7.4411	6.0274	7.9581	8.1366	6.946	6.7228	5.7151	8.4918	7.4582	7.9368	5.8347	6.1997	5.9817	6.1113	7.6993	6.2875	8.9615	6.1498	5.9736	8.3214	6.166	7.6939	6.3855	6.2893	6.2692	6.843	6.1697	6.3803
U133A__RGS3	7.3396	7.3194	7.4449	7.1317	6.8211	7.9865	7.1868	7.3192	6.932	7.2255	7.079	7.0754	6.7835	7.4189	6.8538	6.6612	7.1936	6.9064	7.5345	6.4823	6.5597	7.2539	6.4331	7.161	6.9934	7.1745	7.2838	9.0562	7.3575	9.8179	7.3523	6.5829	7.8599	7.1022	6.2931	7.3774
U133A__ASPH	5.3746	6.8366	8.484	6.5254	8.1324	6.8716	5.3035	6.5755	6.2036	6.0212	7.3679	7.2219	8.1345	4.4642	5.177	5.7293	8.8405	7.2005	8.9386	6.6102	5.3359	6.6341	7.0177	8.5437	7.5871	7.8154	6.9904	8.6886	6.7725	7.7094	7.5512	6.0606	8.6961	5.212	8.2391	8.1709
U133A__NR3C1	5.0765	6.954	7.0652	5.1788	5.9925	8.9925	6.6683	6.9561	9.1735	6.103	6.7952	7.5877	6.4	5.6993	5.6099	4.8193	7.9143	7.896	7.9943	6.4699	6.8241	5.5863	8.052	4.8591	8.189	5.6192	5.6545	7.9997	5.85	7.6812	7.9483	5.625	6.4618	4.868	6.6686	6.0963
U133A__SYDE1	6.8379	7.2472	6.8609	7.0885	6.6727	8.0843	6.5162	7.3569	6.8825	6.6175	6.6774	6.9342	6.5962	7.7383	6.8248	6.8539	7.4273	8.6698	7.7618	7.0502	6.8468	6.2236	7.6436	6.8661	8.3824	6.3775	6.5334	6.6439	7.3526	7.8582	8.1386	6.6154	6.431	6.8578	7.313	6.6359
U133A__BIK	6.79	6.6526	5.7028	7.7609	7.8101	4.4661	7.2407	6.9484	5.4635	5.8565	5.8302	6.541	6.2117	7.1457	6.5191	7.3676	5.0893	5.7594	6.005	6.0503	6.236	6.6067	5.2379	7.4079	5.0096	7.3216	7.224	8.0241	6.3969	5.3947	5.5715	10.0292	6.3561	5.6218	6.5498	6.6471
U133A__GATA3	4.3432	3.6303	5.3574	5.039	9.974	4.1358	8.5593	2.9041	5.2215	8.0058	4.0984	4.7334	5.0131	7.259	7.9089	3.0972	5.915	5.4572	3.2756	8.2784	9.0129	8.8407	2.9786	7.4635	3.0718	7.1761	6.9304	9.0051	4.2017	3.2494	2.7796	8.2158	7.0477	8.5736	7.9187	7.0591
U133A__CEACAM6	11.5329	9.4214	4.7174	10.8388	5.5429	4.9611	5.2365	5.2078	4.8552	4.8702	5.0137	7.6943	7.9434	5.5081	9.7564	6.0992	4.9348	7.757	5.6867	7.1518	7.4223	4.6502	4.7137	7.7183	5.1115	10.5666	10.2236	4.9072	5.7482	4.7969	4.96	9.9143	6.1476	5.309	10.9951	10.1623
U133A__INHBB	8.9319	9.0488	9.6677	9.0222	7.2062	4.1472	9.3761	9.6701	5.4203	7.5198	6.4504	5.8516	8.5289	9.0537	9.8052	7.5508	5.3406	7.9114	6.0214	9.2939	8.3263	6.5851	5.2305	8.5668	6.0086	6.9465	8.4557	9.7103	9.4064	5.8637	5.3548	8.8214	9.0283	8.3476	7.9003	8.2419
U133A__C6orf211	4.7061	5.7621	5.6679	7.0185	8.9986	4.6285	6.9624	4.5967	4.1924	8.487	5.0896	4.6395	5.7836	2.7828	6.7831	4.2786	4.0272	5.9741	4.6184	6.7797	7.9113	8.0697	4.908	6.42	5.865	8.5915	6.0873	5.0652	5.1504	4.4327	5.1406	4.7754	7.0532	6.7713	6.982	4.9268
U133A__KIAA0182	8.7175	8.7547	8.2326	9.4399	8.9626	5.5927	8.9031	7.0695	8.2032	9.5198	6.5335	7.6521	7.6461	9.0573	8.5395	7.194	7.6429	7.7941	6.6802	9.3437	9.2681	7.1592	5.5687	8.3507	6.8539	9.4821	8.1927	8.8215	8.4014	6.3604	6.9346	9.4211	8.2608	10.1651	8.3246	7.8404
U133A__GNE	5.3352	5.3076	6.8641	5.2581	5.499	6.5008	5.4021	5.967	4.4695	4.7172	5.5494	6.9256	5.3405	4.9399	8.1098	5.192	6.4608	8.5545	5.9888	4.7223	4.7803	5.7832	7.899	6.9789	6.4229	6.856	6.3987	5.8493	4.9721	5.7542	5.1636	3.8687	5.399	4.9661	6.9006	5.3768
U133A__CYFIP2	6.119	7.2214	5.5471	7.2856	7.9177	5.0692	8.2878	5.5729	5.7304	7.8867	5.7349	5.1257	5.5263	5.2595	7.4708	6.2103	5.5828	4.7354	5.6666	5.6376	6.6199	6.1386	5.2283	7.4	5.4525	6.2671	5.9559	6.8642	6.9614	5.7687	5.436	8.0359	8.5498	7.3658	8.2599	5.5973
U133A__HIST1H2BH	5.6812	6.0699	6.681	6.6317	7.5581	5.8329	7.5314	5.3788	5.4489	7.8848	6.2884	8.0459	6.4774	7.6689	8.926	6.4962	8.3146	6.1497	6.5559	6.8639	7.7503	6.9409	7.3871	6.9553	5.6887	8.1245	8.6179	7.6452	6.122	7.1496	6.4262	6.8218	6.1434	7.3149	5.5171	6.2141
U133A__CTNNAL1	6.8072	5.2576	9.176	6.5586	5.9492	9.2333	6.7237	8.725	5.2291	7.0447	7.3007	6.3929	8.7139	6.2145	6.4033	6.7594	7.8544	6.5949	8.1258	6.7643	6.5967	7.0346	9.6872	6.7579	10.2032	7.1815	7.3743	6.467	5.4645	8.052	8.9356	7.388	6.401	7.5563	7.1744	6.8629
U133A__SASH1	6.8729	8.0514	6.5801	6.2097	6.3274	5.5121	5.0593	6.3964	7.9624	5.8275	5.5587	6.4264	4.9592	5.8088	8.5103	5.5314	5.4471	6.5303	6.0764	5.3468	5.6008	4.5609	5.7093	6.2216	6.4312	4.7488	6.2194	8.058	7.0212	7.7444	6.1138	6.2486	6.7125	6.0433	8.1355	6.7449
U133A__SIK1	5.5407	6.6616	6.0677	4.9096	5.4238	6.6913	5.4221	7.7282	8.163	5.4636	5.4409	5.7017	6.0411	5.9479	5.3807	7.5037	6.582	5.9786	5.4702	6.3386	6.4975	5.7459	5.7844	5.5274	5.4881	5.517	5.6329	4.9697	5.7079	6.6356	6.1986	5.6693	6.413	5.5653	6.0509	6.0703
U133A__H2BFS	7.6939	8.14	9.1665	9.0151	9.4825	7.5511	10.0856	7.4697	7.0381	9.6266	8.3781	10.1758	8.4017	10.2471	11.3662	8.0953	10.2003	8.323	7.2868	9.2405	9.6227	8.6025	9.2039	8.9019	7.7851	10.0234	10.8112	9.3547	8.8394	9.4932	6.9914	9.1738	8.557	9.8876	7.6589	7.3021
U133A__EGR1	7.1754	8.7708	7.4441	7.4814	7.3888	6.308	5.4248	5.9257	5.5174	5.819	6.5474	8.6843	5.9632	6.5191	5.6021	6.4535	6.9361	5.6816	6.1835	6.0611	7.143	5.7529	5.9859	5.2688	6.1269	7.3378	5.4053	6.8313	9.3693	6.3465	7.1152	5.2344	5.7512	5.1156	6.4399	9.1862
U133A__SERPINA3	6.8994	6.7407	5.9284	6.0681	9.5227	6.1759	6.6065	8.9038	6.9161	6.45	7.4536	6.6308	9.4446	6.3919	6.2763	10.7423	9.6276	11.5627	6.7494	7.0343	7.3838	8.1008	6.2034	6.3582	5.7068	7.5739	7.0322	6.457	6.2601	6.6636	5.8012	6.8784	7.3634	6.35	10.7631	6.3064
U133A__ANP32E	7.7696	7.1675	6.183	4.7827	8.1079	8.5756	6.3299	9.2043	9.8021	7.8249	7.8684	7.8101	3.4688	6.0967	7.0035	8.1617	7.4757	9.4891	7.3647	7.0967	7.6872	7.282	6.932	7.591	9.3323	5.9998	7.3604	7.4851	6.1264	8.0691	8.2153	6.6022	7.1498	7.5878	8.6942	7.7394
U133A__SLC7A5	7.5815	9.742	10.5531	9.556	9.4239	8.8395	8.8866	8.1642	8.7182	9.2909	9.2551	10.4498	10.1983	8.2417	7.9928	9.4584	9.444	9.7265	9.3198	11.4301	9.468	8.2735	8.8589	8.3536	9.5127	10.5304	8.7209	7.0168	9.4987	8.6391	8.9524	10.4316	10.2896	9.0969	8.9767	6.4888
U133A__DKK1	4.4374	5.0117	6.3413	9.4756	4.5936	6.5014	4.5847	3.8903	4.6547	9.8575	5.5531	6.6482	8.9757	5.8126	4.3313	6.5983	7.3948	4.6587	8.431	9.3303	8.505	4.4631	8.7426	6.0065	10.0983	6.1811	9.4083	4.3075	5.0502	5.9542	10.4274	5.6311	9.043	4.323	4.5639	5.8789
U133A__CSTA	3.3672	5.2138	4.1429	4.492	3.8183	4.0291	3.9406	3.8298	3.1942	5.5298	4.8696	10.2411	6.2854	4.2378	4.0758	8.8013	5.8523	8.0961	4.0575	4.9609	6.884	3.5562	3.861	9.2798	3.9751	7.9998	4.3999	3.701	4.7564	4.0488	4.9863	3.2478	4.8553	4.1182	3.3322	3.6782
U133A__SDF2	8.2388	7.8829	7.5004	7.8306	7.8227	7.654	7.6603	7.7701	7.4071	6.8821	7.8707	7.6121	8.0018	7.8745	7.3506	7.6774	8.1304	7.2951	7.6302	7.522	7.5795	7.8303	7.9851	7.4936	7.8295	7.9517	7.635	7.3677	8.152	7.4198	7.2845	7.5697	7.5493	8.2573	8.6775	10.3621
U133A__CYB561	9.3231	8.9941	7.8642	7.9717	8.632	6.2388	8.0748	7.6969	6.9168	8.6582	8.3664	7.8981	7.7693	9.4771	7.5397	7.7448	7.7648	8.0632	6.9285	9.7372	9.1411	8.1277	7.0833	8.4517	7.3983	10.3813	8.2127	8.7824	8.5366	5.2097	6.7225	10.2413	9.4326	8.5092	8.6084	8.2033
U133A__ISOC1	5.1663	6.6553	6.119	7.541	8.1396	5.287	9.2407	5.7943	7.3405	8.0976	6.9094	6.761	6.1868	5.981	6.9766	6.6684	5.8931	5.609	5.2129	7.5138	8.045	8.8911	5.4164	6.7959	6.9834	7.4249	7.287	7.952	6.9193	5.8083	6.1968	6.8505	5.616	6.3399	6.6446	5.5126
U133A__HES1	7.2466	7.8362	6.8655	7.9131	6.4896	5.1651	6.9367	7.8518	7.9219	7.5594	6.5368	7.6893	6.658	8.8103	9.585	7.7168	6.5411	6.9986	6.0367	6.746	7.2969	6.5532	6.3761	7.2673	5.6609	7.8519	6.9642	6.1492	7.3558	5.9077	4.6059	7.9363	7.3246	7.1297	6.625	6.8896
U133A__BMP7	5.505	7.1792	6.1026	10.2899	5.9915	5.5804	5.844	5.7479	5.7537	6.1111	6.2167	7.6113	5.7656	5.9684	8.3614	7.0256	6.2535	5.3106	5.8496	8.2441	8.6872	5.7141	6.8215	5.6201	5.4503	5.7334	5.8301	5.615	8.7775	6.0241	5.5064	5.6985	5.9278	5.9429	6.7478	5.8642
U133A__COL4A2	6.4635	5.4771	6.2726	4.9197	4.4398	9.5328	4.7309	6.7139	4.8079	4.9894	7.5194	5.6191	5.1904	5.6325	5.0157	9.3085	8.3007	4.2182	8.3461	4.7889	4.7039	4.7941	9.7331	5.177	5.9915	4.8098	5.2981	4.7465	5.4106	6.024	4.8637	4.61	4.8703	4.9757	4.6655	5.0212
U133A__DPYSL2	6.5499	4.3957	6.3934	5.6905	6.9064	9.755	6.403	8.6685	6.876	6.4028	8.1874	6.1458	4.9671	4.0143	5.8342	7.3601	7.5697	6.8732	9.3498	4.9229	6.4398	8.4362	7.9753	6.9726	7.9353	6.4448	4.2048	6.5866	3.6449	9.0406	8.7608	6.6997	7.204	5.519	7.3291	6.0031
U133A__SLC12A2	10.8301	7.0721	7.4859	8.1968	7.0689	6.6955	7.2458	6.6463	6.6633	6.7385	7.2896	8.0077	7.9024	7.706	7.6004	7.1788	6.4072	6.7053	7.944	8.54	8.2854	7.0651	6.5537	8.7772	6.7589	10.0865	9.2415	7.9819	6.782	6.9139	6.6781	7.7796	6.9059	6.7363	7.6067	8.1544
U133A__MED24	6.9285	9.2036	6.3673	9.9268	7.0736	6.0922	6.891	5.784	8.2819	5.4771	6.6253	6.381	6.6928	6.5315	6.5348	7.3363	7.2212	6.7101	6.2124	5.7215	6.6214	7.3983	6.8359	6.0875	6.6819	6.1646	5.9338	7.5758	8.7567	6.3423	6.9219	5.7808	5.8922	6.9161	9.9358	5.8114
U133A__S100A4	8.2788	9.1945	5.5449	6.979	6.0435	6.8913	8.9847	11.7528	8.2919	5.0293	6.0555	8.4597	5.8536	6.4269	9.2656	8.6688	6.4832	7.1612	8.8848	6.2022	5.6404	5.3011	8.5526	11.2909	5.8488	8.4842	9.7073	6.064	10.4085	11.1483	10.0084	7.4983	8.0744	7.2883	8.4956	9.9088
U133A__ASNS	5.7555	6.9915	8.9025	8.6184	7.1894	8.7816	8.0217	7.2217	8.7944	7.2405	7.4364	7.3351	6.7055	8.3372	7.0562	7.619	7.5599	9.0102	8.0987	7.5216	7.197	7.7174	7.4411	6.7424	9.2835	6.6397	8.0286	6.3197	7.3892	8.7993	7.3568	10.555	11.7898	6.9057	7.4767	6.7488
U133A__MT2A	10.9552	11.1401	13.2516	10.4878	10.1506	11.974	9.7104	11.2993	9.0299	11.5175	10.4585	10.5068	12.4137	9.6896	9.637	11.1486	12.017	10.5049	12.7479	9.4434	9.8433	9.9102	11.5674	10.5695	12.3499	11.3019	12.5433	10.9416	11.1928	12.3549	12.9115	10.216	11.154	9.7036	9.4884	12.5701
U133A__PSMD6	8.5665	8.6993	10.152	8.3642	8.8256	9.7455	8.3163	8.2829	8.6801	8.2862	8.5112	9.2404	9.5267	7.448	8.3989	8.7111	8.5784	8.739	9.7554	11.9775	12.0073	9.7716	8.8803	8.9574	9.6493	9.3167	7.7253	9.076	8.5109	8.6482	9.6836	8.4333	8.7697	8.7334	9.082	9.5647
