Cell lines	600MPE	AU565	BT474	BT483	BT549	CAMA1	HBL100	HCC1143	HCC1187	HCC1395	HCC1419	HCC1428	HCC1569	HCC1806	HCC1937	HCC1954	HCC202	HCC2185	HCC3153	HCC38	HCC70	HS578T	LY2	MCF7	MDAMB134VI	MDAMB157	MDAMB175VII	MDAMB231	MDAMB361	MDAMB415	MDAMB436	MDAMB453	MDAMB468	SKBR3	SUM102PT	SUM1315MO2	SUM149PT	SUM159PT	SUM185PE	SUM52PE	T47D	UACC812	UACC893	ZR751	ZR75B
Response	-1	-1	-1	-1	-1	-1	1	-1	1	-1	-1	-1	1	-1	-1	-1	1	1	-1	1	1	1	-1	-1	-1	1	-1	-1	-1	-1	1	-1	1	-1	-1	1	-1	1	1	1	-1	-1	-1	-1	1
EA_G__INPP4B	7.4601	5.5609	8.2586	7.8952	6.7976	9.0549	5.5846	5.2547	3.8202	3.6908	6.6821	9.0399	6.2207	7.1384	7.9002	8.0145	5.8217	4.926	6.9207	4.0702	6.683	6.1541	8.4551	8.0536	8.007	6.2776	8.6376	6.7377	9.2115	8.2744	4.0436	4.6256	5.8411	5.9112	7.3532	6.4328	7.1682	6.4642	4.5528	6.9154	7.0869	6.5131	7.803	4.7484	4.2681
EA_G__AREG	6.2041	5.7836	5.8584	10.9135	5.1731	6.7787	5.4119	6.5017	4.8797	4.9522	6.8361	6.199	4.9694	8.1086	7.338	7.7748	4.7889	5.5203	5.7802	4.7099	5.6865	4.9715	6.0426	5.9791	6.5608	4.6884	5.5337	5.8989	6.7826	5.4017	5.678	5.6694	6.1571	5.462	10.5997	5.2824	10.2272	6.2371	5.898	5.7593	6.9511	6.4223	6.0565	6.0466	5.9556
EA_G__NCOA3	8.1052	9.2571	10.8214	9.0906	8.4774	8.7035	7.7347	8.4412	7.5889	8.6077	9.7062	7.983	7.965	8.448	8.4315	9.4085	8.0727	7.9253	7.81	8.1464	7.7562	7.9493	10.8399	11.1574	8.5521	8.1327	8.578	7.2583	8.1256	8.9069	7.2047	7.9599	8.7304	9.2201	8.4439	7.7563	7.9861	7.9172	7.8126	8.8724	8.4034	7.8476	8.7819	8.766	8.1996
EA_G__GPR124	6.1572	6.2907	6.1908	6.7786	6.6865	5.9578	7.3058	6.2679	6.3984	7.2256	5.9889	5.9476	8.1697	6.24	6.1227	6.2101	6.0348	6.7991	6.4929	6.6489	7.1157	7.4119	6.6003	6.3922	6.541	10.3343	6.8439	6.3286	6.0251	6.1809	6.6576	6.7951	6.924	6.4529	6.0167	6.7114	6.3026	6.7205	6.3336	6.7618	6.3279	6.2505	6.2481	6.1435	6.1915
EA_G__NHEDC2	5.1404	4.6241	5.0185	4.8827	6.6627	4.1264	6.27	5.9421	5.7687	7.6438	4.8055	5.3737	6.7333	6.4724	6.1886	5.7758	5.6225	6.4636	6.7411	6.1157	5.8529	7.1676	5.7495	5.4824	4.453	6.4926	5.3535	4.4558	5.0307	4.3183	7.0453	5.1944	7.3446	5.7618	5.6396	7.2622	6.4832	7.8141	6.5272	4.7038	5.6645	5.6493	4.624	4.6542	5.4813
EA_G__DZIP1	3.8423	3.8318	3.9976	3.6467	7.9986	3.7616	6.9908	7.7736	7.865	6.4633	3.7432	3.8025	7.1699	5.7347	7.3229	3.8667	4.0447	3.9119	5.2573	8.0773	5.5767	6.5828	3.9509	3.9015	3.7455	8.5714	4.2862	3.9174	3.8676	3.8059	8.098	4.6561	7.0349	4.3905	6.1114	7.8718	4.8824	6.8542	4.2409	4.2736	4.0125	6.6612	4.0882	4.1754	4.1316
EA_G__GJA7	4.8989	4.8475	5.84	5.5942	7.4714	4.7178	8.1015	8.5742	7.3874	6.8312	5.3196	4.6661	6.5742	6.9284	6.4528	6.9926	4.8027	6.2159	6.8559	7.0645	7.013	7.5561	4.9328	4.7611	4.9592	7.6568	5.2429	4.7212	6.6205	4.4482	6.7532	5.435	6.8885	4.9082	5.4605	8.624	6.5147	7.1838	5.9559	6.474	6.7178	4.9803	4.9229	6.6005	6.5818
EA_G__CCND1	10.5395	9.3268	9.3457	9.8957	7.3944	10.0676	6.6398	11.4027	8.7569	8.04	9.2783	9.2807	5.4172	9.3223	9.806	10.8656	7.3837	9.2462	8.0863	8.1412	8.9279	9.0659	9.317	9.3855	11.9805	8.5732	9.7956	9.4326	9.5072	10.9368	7.7167	9.1561	7.8883	9.1446	8.0608	7.8095	6.6524	8.9671	8.6034	8.793	8.0185	8.4978	9.4889	8.9741	9.6589
EA_G__LEPRE1	6.6604	6.106	6.4096	6.721	8.8094	6.5042	8.5858	6.8624	8.5287	8.9158	6.903	7.1955	7.9912	6.5855	6.995	7.2352	6.5996	6.9778	7.1388	8.5846	7.1597	8.3424	6.6356	6.827	7.2675	9.3727	6.8462	8.1582	6.7103	6.9469	8.4926	7.0673	7.5154	6.3158	7.0666	9.2172	7.4327	8.3081	7.7253	7.4537	6.4544	6.851	7.4008	6.5327	6.3042
EA_G__FBP1	7.5216	5.2071	9.4178	8.9701	4.6472	9.2616	4.761	4.5261	4.8	4.8787	7.7114	7.8887	4.5754	5.8823	8.7709	5.6515	7.9793	4.8183	4.6158	4.5283	7.404	4.6383	9.9041	10.3261	9.9083	4.6404	9.948	4.8766	9.9939	8.753	4.6071	6.105	4.5889	8.9461	4.9142	4.7417	7.7847	4.8368	9.9019	8.5676	8.2741	9.6585	8.7433	9.9927	8.1147
EA_G__TNS4	10.7968	9.7714	5.1035	5.6707	4.9406	8.7542	5.3083	8.8222	4.9742	4.8131	8.2169	4.8104	5.0797	9.8753	7.1148	8.9879	5.137	5.6328	8.1433	5.1679	5.5463	4.9638	5.3947	5.5514	7.6197	5.0328	8.5011	5.5462	5.9443	8.2497	4.9635	5.8093	6.1308	7.4534	11.3002	5.1079	9.5218	5.6571	6.1038	8.6614	7.807	7.7563	7.8129	6.6947	5.159
EA_G__LOC493869	7.5675	4.5883	6.5814	6.1373	9.9093	3.4796	9.1786	6.1974	8.7434	9.0133	2.7338	6.9972	7.0989	7.0566	6.7197	7.9293	7.2688	4.9328	8.408	8.8576	8.31	8.9892	6.3644	5.0232	6.2845	9.1317	6.159	8.3857	6.483	7.7228	9.177	4.5915	7.9309	3.9953	8.4744	9.3612	8.0153	9.2636	9.5856	5.9401	8.3805	5.4012	7.5894	4.2873	7.5247
EA_G__ESR1	7.8103	5.949	7.1801	8.5941	5.6039	8.4071	5.6002	5.601	5.7796	5.8403	7.5436	9.7789	5.8332	6.1272	6.5118	5.9623	5.8451	6.2441	5.6586	5.4846	6.0553	5.6479	8.4338	8.7397	9.4422	5.3713	6.9678	5.413	8.6907	8.0188	5.4613	6.1198	5.7241	5.8501	5.7842	5.7046	5.9209	5.8721	5.7063	7.9154	8.6844	8.1235	6.2841	6.081	8.4263
EA_G__ORAOV1	8.2313	6.4744	7.8938	7.219	6.7332	8.1568	6.6245	9.6947	7.2866	7.9577	7.3624	7.1782	7.0665	7.3266	7.6739	9.2426	6.8291	6.9966	7.0467	6.8871	5.9478	6.6288	7.3092	6.799	9.6775	6.6838	8.0037	7.4794	7.8636	9.6344	6.3117	6.2121	7.1063	6.4221	7.1279	6.4126	6.9603	6.91	6.4525	6.6058	7.1829	6.6734	6.8374	7.3147	7.9994
EA_G__ABAT	8.23	5.4464	8.575	9.4055	5.3302	9.2967	5.7108	5.496	5.4262	5.5373	7.6306	10.8312	5.688	5.6851	6.7821	6.747	6.9225	5.2465	5.5203	5.3154	5.3766	4.9875	9.1146	8.6121	7.7509	5.7589	7.5396	5.0792	10.0971	8.0442	6.0458	7.7377	5.9374	5.8369	6.4155	5.7817	5.8305	5.4758	6.1131	7.1274	7.9643	9.9256	7.9147	7.7029	7.5442
EA_G__BCAT1	3.559	3.487	3.6425	3.4845	3.6725	3.7736	7.2903	3.8186	5.6875	4.1368	3.6033	3.645	6.6512	8.3436	4.4085	3.8989	4.1599	3.9405	3.6893	7.2425	4.7664	7.319	4.3085	4.3023	3.8038	6.9113	4.4397	8.2891	3.6262	3.5873	7.929	4.553	3.6845	4.3198	7.6098	8.4699	7.2623	8.0376	7.984	4.0087	4.0349	3.7986	3.9107	4.0382	3.8361
EA_G__SIDT1	5.7225	7.4447	8.8752	8.5645	4.6729	8.5319	4.7236	4.3608	4.6682	4.3873	8.7279	8.8931	4.4944	4.8537	4.7245	7.2688	7.7584	7.114	4.5267	4.2934	6.0595	4.3148	8.2739	8.5397	8.675	4.4179	8.167	4.9182	8.5383	9.0785	5.1703	8.1899	5.683	7.1021	6.0213	4.6199	4.8109	4.4668	7.8236	7.9518	8.588	7.5637	8.7403	7.6898	6.1964
EA_G__RNF43	5.3598	5.5481	9.0024	6.2745	4.517	7.0424	5.2826	6.9704	4.5084	4.5124	6.8189	7.5374	4.6685	6.1754	6.2646	5.8021	5.4243	7.392	6.6274	4.3808	5.6474	5.393	7.2004	8.5708	7.292	4.3806	6.8899	4.7247	9.1075	8.2078	4.8242	6.6093	6.1516	5.1643	6.4716	4.3623	6.5364	6.1999	7.3213	5.925	6.1298	4.9051	7.8624	7.9528	5.3555
EA_G__LCP1	5.146	6.839	5.6893	5.4391	4.4055	5.8053	5.6161	6.1497	4.4387	9.0783	6.6189	7.492	5.1398	10.7988	10.4284	5.2753	5.1781	4.6537	11.0631	7.0851	6.6132	4.7714	7.4452	7.2867	6.4447	4.1299	9.1857	7.7379	7.1143	11.3924	4.3906	5.5718	5.154	9.4017	9.0702	5.9028	4.9689	9.937	4.7529	4.8614	5.0352	5.244	5.5115	6.6673	5.3981
EA_G__COBL	6.9315	7.3722	7.4904	7.3429	4.9504	7.2341	5.1155	7.084	5.6151	5.0062	7.6344	6.6659	6.0049	5.1724	6.0185	6.5425	6.4602	6.9815	5.7516	4.7727	5.2075	4.9245	6.4901	6.7704	6.272	4.8492	6.4282	5.0952	8.0264	8.5046	5.8414	6.01	4.7346	6.9633	6.359	4.8804	6.3035	5.1492	7.1308	6.8173	6.8655	7.2664	7.094	7.0127	7.0229
EA_G__KRT13	6.9552	7.2847	6.1001	10.33	5.8539	5.749	6.0119	6.2374	5.8131	5.8504	5.8338	8.2877	5.8424	10.3909	10.2844	6.4656	5.9006	5.958	5.8992	5.5661	5.9554	5.8534	6.201	6.0885	5.618	5.3836	6.2938	5.7852	5.6344	5.7481	5.8919	6.6622	5.8605	7.0171	8.9373	5.947	6.2364	5.6979	5.7858	6.0699	7.0802	6.0486	6.0406	5.977	5.6948
EA_G__LIPH	8.4661	7.5135	8.2321	6.8172	3.6755	7.9496	4.4041	6.4182	3.6525	4.0753	9.3901	7.1827	3.6134	6.0356	8.0156	8.1393	7.5188	7.5421	6.9907	4.983	7.9823	3.51	5.738	6.1944	6.2969	3.7329	8.8815	6.2542	7.8334	9.0871	3.646	5.0663	6.4183	7.6077	6.2225	4.2029	4.7425	3.8212	5.1787	8.8942	8.1795	7.7175	8.1537	7.6	5.5122
EA_G__PCOLCE	6.7534	6.7128	6.712	7.2308	6.7364	7.4607	9.2394	6.9746	7.6908	10.842	6.4453	6.5451	7.4562	6.8707	6.4979	6.2802	7.4487	7.2003	6.3125	6.7406	7.4144	10.6903	7.7289	7.314	6.9391	11.8645	7.3984	6.8586	6.6072	6.1781	8.4094	7.129	6.5356	7.0203	6.018	7.1821	7.4437	8.8205	6.6901	7.396	6.5972	6.7696	6.9162	7.103	7.3112
EA_G__HMOX1	6.6282	7.6033	6.4604	7.3781	10.3403	7.8006	7.4373	7.4218	9.441	8.9858	6.3006	6.8771	7.4095	7.0947	6.6083	6.9832	7.1866	7.9572	7.1287	7.5388	7.7313	8.0817	6.7644	6.9032	7.2963	7.0065	7.1569	6.823	6.9709	7.2995	9.4213	6.9214	8.2259	7.8251	6.8276	10.9474	7.5801	9.7875	6.8201	6.622	6.6301	6.6336	6.8436	7.2665	8.529
EA_G__ALDH1L2	3.8704	4.6506	3.8029	4.0778	8.2493	3.8382	5.0807	6.0497	8.1465	8.2078	4.1275	3.7704	7.1758	6.5789	5.668	4.2326	5.146	4.624	6.2321	7.7076	8.421	7.2761	3.9378	4.2675	4.6066	7.2696	4.0337	3.8061	3.6811	3.6515	6.6819	4.2305	9.0307	6.1047	9.9614	8.7186	5.4012	4.4385	5.1538	4.5222	6.1109	4.577	3.7395	3.9143	3.8966
EA_G__GREB1	7.7266	5.1994	8.065	9.9004	4.9192	8.3065	5.6457	5.0069	4.9788	5.0048	5.6605	10.3094	5.0213	5.124	4.7545	5.1244	4.8717	4.9551	5.1207	5.0989	5.1942	4.9357	8.9837	8.8045	7.495	4.9269	5.5524	5.4587	10.088	5.7659	6.0497	5.3925	4.9612	5.4098	5.4519	4.7723	5.3523	4.9276	4.9994	7.1014	8.7221	8.5094	4.9916	5.2315	6.7104
EA_G__MOSC1	7.2047	7.7244	7.4006	7.5815	5.2325	8.0611	5.2145	5.6455	6.4694	5.3303	7.5824	5.2939	7.148	8.4058	7.6881	6.5205	7.7703	7.7554	5.052	5.7615	5.5529	4.618	8.3247	7.9413	6.8259	5.0039	8.2946	7.9699	7.5204	7.4566	5.0831	7.7944	7.6019	7.1235	5.7428	5.1006	9.8581	5.3711	7.2209	6.8277	7.5493	8.2886	8.0112	7.739	7.165
EA_G__PLA2G10	8.5249	7.4097	6.2138	6.5712	5.9734	6.4801	6.3065	5.8603	6.1584	7.2084	6.4113	7.186	6.003	7.7286	6.572	6.2121	6.3304	7.2149	6.2563	5.4353	7.149	5.9167	7.1404	6.5337	6.9787	5.2459	8.2977	5.5339	7.2334	10.1074	6.641	6.4499	5.98	7.7312	5.6117	6.1785	6.1912	5.9954	6.0704	5.8723	6.6205	7.9511	7.179	6.6977	6.1379
EA_G__SLC16A6	6.3763	6.9175	7.9652	9.3395	6.2609	8.504	4.9086	6.5765	5.5061	7.0216	8.6466	7.1262	4.4458	5.417	6.0462	6.0024	6.6771	7.1765	6.5612	5.107	5.8467	4.2712	7.8573	8.4955	9.9281	5.155	7.3289	4.8415	6.8034	6.259	5.5067	9.8112	5.8482	7.1754	3.9697	4.514	5.1226	6.0726	9.6108	7.6663	7.6884	9.1586	7.7272	6.7156	6.4555
EA_G__HIST1H1A	5.8645	4.0453	3.5876	3.5514	3.9681	3.6907	7.9176	7.6004	7.6991	6.3949	3.9692	3.1037	7.5128	8.8424	8.2176	3.1446	4.2314	6.9075	9.0793	8.1828	7.6253	4.7202	3.5802	3.8159	3.8268	5.9687	7.1763	4.0482	3.4884	4.5521	5.7129	3.8362	8.32	3.4594	6.4689	4.5463	6.2006	5.5518	4.6448	4.4879	3.8866	4.3226	3.4156	3.7257	4.0929
EA_G__MME	3.7488	4.2193	5.8745	3.8299	5.8503	3.7392	7.7406	4.4121	4.1589	5.4356	3.8361	3.8756	4.0762	4.4176	7.8495	4.8749	5.7301	3.9929	4.2718	10.0839	9.1142	5.8842	4.1751	5.6371	3.8823	10.2583	5.1333	4.1547	3.6984	3.8362	8.1986	6.2662	9.634	4.2118	8.8948	10.1735	8.6152	7.2612	4.1969	4.223	3.8639	3.7725	3.9829	3.6667	4.0496
EA_G__ABCA12	4.3109	7.364	6.8238	7.0373	3.3572	3.9202	3.5168	3.4709	3.3851	3.4184	8.1267	8.8693	3.3669	5.5671	6.1363	6.2983	5.5426	6.998	4.6112	3.2091	5.7931	3.2291	6.2715	9.5323	4.7044	3.1101	6.8836	3.3908	10.1166	5.9646	3.3419	7.5299	5.4337	8.0032	9.4448	3.6763	5.1243	3.733	6.1352	7.3809	7.9179	9.511	6.7682	9.895	8.4165
EA_G__ANTXR1	5.3638	5.021	6.2803	4.3643	8.3203	6.4484	7.697	7.9829	6.8212	6.5266	4.5447	5.1114	6.4815	6.0603	7.8974	7.4695	4.5918	6.41	7.5128	8.3548	8.5385	8.4815	6.8244	5.5532	4.8534	9.1346	5.6954	7.7099	4.9336	5.5327	8.2659	5.7268	7.7026	5.1019	6.795	7.686	8.0006	8.3681	6.3598	6.7588	6.3156	5.2435	4.7063	4.9089	5.114
EA_G__CACNG4	8.4308	7.5358	8.1032	9.2906	6.8087	9.2541	7.2291	5.6569	5.5719	5.8529	8.0835	9.0764	5.7716	5.8549	6.1478	7.1012	6.3777	7.839	6.7572	5.5176	6.431	5.6094	9.1382	8.0995	8.3302	7.8307	8.431	5.7591	9.7756	8.0782	6.093	7.9557	5.4376	7.3151	5.6334	5.791	5.8689	5.7018	8.4194	7.2037	8.0248	8.5048	9.0385	5.6487	6.6438
EA_G__IRF6	9.1696	8.0282	8.1633	10.1843	3.8128	9.1797	5.2981	10.0554	6.7037	4.5638	8.2055	9.4594	8.5462	9.872	9.6737	8.8168	8.5601	8.441	8.7425	4.26	8.7031	4.1966	7.1606	7.4177	8.6837	4.2715	8.9155	4.6084	8.7099	9.4025	4.2265	8.2687	7.1182	8.274	10.3923	4.6999	8.2688	5.0442	8.089	9.079	8.3038	7.8424	8.5611	9.1979	8.3068
EA_G__PRSS12	4.3777	4.7632	4.706	4.5602	6.369	4.6807	6.2222	6.9948	5.4788	5.4348	4.3786	4.8573	9.1774	6.4117	6.7058	4.9165	4.915	5.8521	9.6837	6.4128	6.596	7.4233	4.8768	4.8229	4.9016	7.318	4.9399	7.096	4.5567	4.3978	6.8038	5.5074	5.8907	5.0102	7.8736	6.0849	8.1192	7.4649	5.1428	5.2435	4.672	4.4986	4.4105	5.5805	5.0513
EA_G__GPR177	7.4313	6.5646	8.088	5.2854	8.8432	4.465	7.5921	6.9746	7.7814	7.3153	3.9865	6.8497	7.5306	7.1746	8.6333	7.9523	6.4605	8.0881	8.547	8.6787	8.9108	8.8539	4.5316	5.1773	4.3457	8.89	5.7728	8.4612	7.7822	6.3128	8.8235	6.3973	8.6537	5.7239	8.2	8.5792	7.7636	8.6474	4.7687	4.3787	5.5476	5.2176	5.4713	5.4504	7.1333
EA_G__CORO2A	8.836	8.192	7.6983	7.9726	6.1212	5.916	6.5813	7.1036	5.3988	5.5632	7.6917	5.9273	6.9104	8.3333	8.0255	7.9177	6.5271	7.2362	8.2172	6.5257	6.9419	5.259	7.272	7.2688	7.7225	7.9547	8.5228	6.7366	7.9694	7.9375	6.1657	7.3518	6.6055	8.5669	8.0895	5.6086	6.7998	5.6645	9.9395	7.8776	7.0397	6.8073	8.4566	7.5325	6.9546
EA_G__RND1	7.3143	8.2366	5.5848	8.1345	5.2959	7.5678	5.2664	4.9253	6.6945	4.833	6.5432	5.3653	4.8394	5.688	5.355	5.6049	8.3402	6.4109	5.1296	5.0251	5.5654	4.655	7.389	6.8855	7.5082	4.321	9.0383	5.229	6.9107	7.667	4.8228	7.8736	5.2342	8.9453	5.3685	5.08	5.2271	5.1002	6.2484	5.9817	7.1618	8.9243	6.8513	7.8627	6.9375
EA_G__IGFBP5	10.3675	7.9594	11.0184	10.9194	4.3101	11.7233	4.7256	7.6186	6.4925	7.4736	4.8845	8.188	4.538	4.7586	7.9624	6.9878	11.0805	9.2414	6.4845	4.3247	6.8854	5.2977	8.5975	8.7877	5.5867	4.2559	9.5631	4.3236	11.3033	11.5721	4.6191	9.9012	5.8662	9.5648	4.1126	5.5703	5.0144	4.674	4.7641	5.7393	10.3953	10.0362	9.2308	8.0895	7.3692
EA_G__MAP1B	4.0691	4.1506	4.4828	4.4376	7.3859	4.0451	7.5013	7.1683	6.6007	8.4876	3.7581	4.3324	4.8655	5.0727	5.2252	5.1172	6.0937	4.0538	6.0101	7.7143	6.2577	8.7705	4.4155	5.0935	5.1036	7.836	4.0668	7.159	4.158	5.8074	7.4831	4.7968	5.1698	4.2089	7.1621	8.0577	4.7129	8.5112	8.6027	4.2357	4.0326	4.3419	7.2641	4.0378	4.0619
EA_G__ATP2C2	7.3612	7.1301	8.2179	7.788	5.3497	7.7028	5.2331	5.9351	5.1224	5.0997	8.4417	7.4719	5.2602	7.0346	7.169	5.8961	7.2734	8.3016	6.6985	4.6332	6.8254	4.8393	8.5253	8.1187	6.7656	4.7757	7.7212	5.1175	7.5495	8.7963	5.0799	7.9613	7.5006	7.5787	5.8326	5.4452	6.4738	5.2595	8.2752	6.7796	7.0768	7.274	8.2264	7.6677	6.6969
EA_G__KIAA0984	6.3444	8.4452	8.8413	7.6971	4.2138	7.8078	4.5502	6.3599	4.2813	4.2274	8.9468	6.8133	5.1804	6.9557	5.9346	6.8	7.4365	8.0653	6.409	4.0248	5.8291	3.668	8.2604	8.3418	5.4775	4.4505	7.3813	5.864	7.8929	7.1228	4.3903	7.3149	6.6069	7.8815	4.9319	4.4008	6.0266	3.9297	7.968	6.4222	7.4861	8.208	7.4529	8.3521	8.0007
EA_G__MMP2	4.619	4.7727	4.5862	4.3656	4.9219	4.4867	6.4642	7.6929	5.7732	10.9422	4.4826	4.4733	4.9088	6.0595	5.4077	5.6186	4.9253	4.9941	4.6012	7.4544	5.7767	10.3265	5.0395	4.9834	4.8745	9.8229	5.0684	4.6176	4.5248	5.481	7.0672	5.6996	6.143	5.2895	5.7591	9.6213	7.411	9.4531	4.7076	5.1411	4.8119	5.1935	4.771	4.914	4.563
EA_G__C5orf13	5.5414	4.3653	4.5417	5.3873	7.5209	7.8357	6.2671	5.1632	8.383	7.2215	4.5145	4.5834	6.7748	4.4672	5.0358	6.5435	5.5412	6.0565	4.6739	6.0911	5.2714	8.5295	4.9998	5.1223	7.5981	8.7321	5.6175	5.4841	6.0678	8.1582	6.2123	5.921	6.0297	4.7948	5.5737	5.9629	5.2228	9.0534	7.5218	5.3452	4.7828	5.8596	6.7674	5.3181	5.0496
EA_G__TLE4	4.0222	3.8544	3.904	4.018	8.7904	3.9341	9.0481	6.1528	6.7137	7.0187	7.207	3.7176	4.7436	5.6386	6.3728	5.9757	4.8959	6.085	6.4427	7.5938	6.9186	7.7927	5.4186	4.2411	5.3919	8.2546	6.0291	3.7657	4.0863	3.8625	6.9824	5.7479	6.3974	4.681	7.0409	6.409	6.5703	4.2996	6.8817	4.1489	4.2274	3.6597	4.1333	4.2559	3.9956
EA_G__SLC7A8	8.5421	7.6746	8.8236	8.1028	5.042	10.6962	5.4009	5.0441	6.3737	6.0296	9.5636	7.2944	4.7488	8.4816	5.2606	5.1604	8.3362	8.1148	4.7435	5.7111	5.5632	5.0076	5.3353	5.3922	10.8003	4.7921	10.2389	4.9899	10.2853	9.6818	5.117	8.7371	4.9509	6.5396	6.7069	4.8894	6.1091	4.9765	7.0086	8.5397	9.0232	10.533	5.8295	6.8407	5.1734
EA_G__GPX2	6.9093	8.9357	5.6689	5.0334	4.0395	3.727	4.581	6.7554	4.8049	4.2832	6.3298	5.7511	4.2277	9.9643	6.6701	9.5887	4.8756	7.7366	5.6015	3.9423	4.2268	4.3312	5.2706	5.462	6.3312	4.2776	9.3185	4.4185	9.9389	7.6946	4.4255	4.6661	3.9761	7.2433	6.3944	4.2492	4.9195	4.1064	9.5051	9.4966	4.9059	4.7975	5.3958	6.788	5.2186
EA_G__CALD1	4.9976	5.3745	4.0059	4.5323	6.9477	4.1231	6.516	6.8428	7.5601	8.1298	3.9074	4.2596	6.0823	5.2906	6.3946	5.1864	4.6531	5.3524	7.4511	7.9533	6.2922	9.3633	4.4971	4.3691	4.3982	9.1755	5.9927	6.51	5.4997	4.7735	6.2179	4.7727	5.572	5.7915	6.4788	6.303	6.8236	7.1648	6.5636	5.5227	4.6722	4.2721	4.1098	4.3237	4.2804
EA_G__UNC13D	7.2054	8.5678	6.589	8	5.9315	6.46	6.5319	7.585	6.7512	6.1501	6.4098	7.9107	6.1484	7.6261	6.5748	8.1147	7.4762	6.6524	6.8474	5.9809	7.1011	5.9956	7.7133	7.1245	6.1055	6.002	7.0397	8.6899	7.4076	6.6057	6.2475	6.9214	7.7723	9.2958	6.5745	6.2236	7.8169	6.2601	6.8333	7.0049	7.8597	7.6537	8.9538	6.2393	6.4333
EA_G__CPT1A	10.0084	9.7015	9.5527	8.8672	8.3415	9.4435	7.4179	8.2157	5.0064	7.7151	8.4611	7.485	8.2409	8.9857	8.4221	8.6628	8.1331	8.8196	7.7552	7.8873	7.7419	7.9604	9.2672	9.1785	10.0054	7.8197	10.1675	7.996	9.5613	10.951	8.3077	7.5483	8.1189	9.4049	6.2027	7.9403	8.8719	6.8117	7.7292	10.2412	9.7116	9.142	9.2662	9.6458	9.9982
EA_G__NFIX	7.1758	5.5329	6.0836	6.8403	9.1099	8.5231	8.1068	7.7107	10.5935	9.6998	6.5113	6.5271	9.2449	7.5411	8.5494	6.5304	8.4093	5.8963	8.0823	8.7721	8.8788	8.5073	6.4453	5.9801	5.5137	8.8921	6.0419	6.7032	6.3604	6.035	8.3125	8.0658	8.9932	5.4422	6.7126	9.232	8.0289	8.0901	5.7422	6.2555	6.8363	6.7816	6.4356	8.1124	7.0626
EA_G__KIAA0040	7.8069	7.4789	8.0575	9.0121	3.8	8.4048	4.6332	6.4704	6.2146	3.5663	7.7336	8.3521	5.6685	8.0741	7.745	7.301	7.8004	6.8134	6.2849	4.5853	7.7369	4.0879	6.7133	6.7455	8.3812	4.2463	7.4731	4.9457	6.8716	7.5622	4.3834	7.7957	6.689	7.5472	8.2899	3.741	6.2459	5.6792	7.6424	8.7967	7.0601	8.0289	8.4037	7.7549	6.7365
EA_G__APOD	9.195	8.4131	4.576	6.0208	4.5205	4.8705	5.0811	4.8545	4.5494	4.4454	6.7594	5.1462	5.4408	4.5387	5.4509	4.809	4.775	9.674	4.7458	4.3722	4.5508	4.2252	6.0782	8.385	5.8081	4.9883	11.311	4.705	6.0232	11.749	4.6147	5.2095	4.0595	8.0318	9.8594	4.3242	4.9073	4.892	4.5929	9.5483	10.5135	7.4462	10.9572	12.4719	5.2026
EA_G__ITGB4	9.418	7.3332	7.8922	8.1546	5.7337	7.0904	6.2777	10.1247	6.484	5.9644	7.864	6.0882	5.9289	10.2166	9.0775	8.5747	8.0231	7.4495	9.6808	6.7261	7.8758	5.8132	8.5065	8.6437	6.3652	6.139	8.5657	6.5248	8.9223	8.0396	6.9368	7.9167	6.8757	7.2476	10.9169	5.8777	8.0557	6.1008	9.5287	8.5534	9.0083	7.3635	9.5617	7.4592	8.1639
EA_G__ODC1	8.2896	10.465	8.3575	7.6785	9.4687	9.336	10.8016	10.0973	10.0351	9.0722	8.0106	7.8639	10.349	10.8011	10.2312	9.4858	9.4118	11.5169	10.2391	9.2002	8.7508	10.8136	10.032	8.9614	7.7026	9.2352	6.9893	10.9698	8.5127	8.4729	11.3317	8.582	9.7033	9.2004	9.9269	9.8319	9.299	11.1664	9.3759	10.2758	8.5891	8.4029	10.1199	6.8497	8.8356
EA_G__IGF2BP3	3.6624	4.2122	3.8851	3.6266	4.6605	3.6779	7.7576	7.2037	4.1296	7.5191	4.0699	3.6299	7.7252	8.3337	6.971	7.5306	3.9006	4.3622	6.5162	8.1443	7.9738	7.2336	4.1652	4.2482	3.9471	8.6283	4.0471	7.7226	5.4133	4.7006	8.3897	4.2992	8.2754	4.4079	6.1093	8.7171	4.3408	5.2561	3.7931	5.3115	4.8538	3.948	4.0045	3.8747	4.3159
EA_G__ITGA5	6.3772	6.5342	5.4102	7.6442	7.8303	4.9929	10.3861	6.7368	7.765	9.1896	7.0523	5.2835	7.3501	8.4005	6.6512	8.1923	5.8672	7.09	7.8664	9.0643	8.8209	11.1238	6.6621	6.3823	6.1907	8.059	6.6655	7.7972	6.2126	7.0346	8.5089	5.9778	6.9527	6.1176	9.2513	8.4345	7.5599	10.4308	5.1878	7.1407	6.7302	6.2623	8.0146	5.62	7.8886
EA_G__LLGL2	9.3921	8.6915	9.2172	8.9636	6.2317	8.8119	6.7864	8.2638	8.0503	6.7246	8.8674	9.3444	7.2747	7.7949	7.7966	7.8608	9.2732	8.3801	7.9179	6.2965	8.1822	6.0368	9.5561	9.9449	8.5159	6.5672	8.6457	6.5173	10.4167	8.8447	6.4348	9.2616	8.5221	9.2767	7.1764	6.1906	7.5902	6.2778	8.6172	8.1435	8.5877	8.313	11.3544	9.276	9.4724
EA_G__GSTP1	11.5172	6.0003	6.0346	5.6096	11.1308	5.8622	12.1708	12.02	11.7468	11.734	5.8607	5.9335	11.77	12.0193	5.513	5.9581	6.2447	11.1635	11.2713	11.265	8.5568	10.561	6.195	5.9383	6.017	11.1738	6.1668	8.9486	5.7978	11.6968	10.6834	6.8557	10.0094	9.2514	12.2796	11.0721	11.5502	11.2948	11.9288	6.4486	6.3612	5.7143	5.98	6.0423	7.4988
EA_G__GPX3	7.5789	7.674	4.74	5.4562	4.6798	4.8372	5.0333	4.8467	5.0002	4.8887	7.2128	5.9978	5.1039	8.1789	7.909	5.1258	4.6239	5.1499	4.6263	6.2864	5.1306	4.8137	6.7304	7.1046	5.9258	5.8952	5.6241	6.3043	6.8691	6.8519	4.6925	5.3461	4.12	6.5249	4.7967	4.8553	5.1436	5.1288	4.6904	5.1866	7.0751	6.6847	4.8969	4.8937	4.8702
EA_G__KITLG	7.1314	7.4053	6.063	7.5518	5.6232	9.1403	5.5228	6.3987	3.5706	7.2129	7.3691	8.3875	3.0446	7.41	6.8032	7.3717	6.0961	8.0787	4.6936	5.1107	5.5358	6.4225	5.7927	7.4415	6.1378	6.5814	6.0469	5.186	7.9143	6.8566	4.1709	5.2791	6.3605	7.6387	6.289	4.3973	4.8235	6.3978	5.5019	7.0466	5.9125	6.1408	7.4568	8.1845	6.0224
EA_G__PAM	6.5052	4.2314	4.5272	6.1303	7.0171	5.2683	6.4784	7.2144	6.0641	8.2595	3.1025	4.9383	7.1762	4.9999	6.0377	6.6389	6.2243	4.5273	6.7896	7.1617	8.613	7.5186	5.2341	5.5056	4.6225	7.5426	5.3885	7.1555	5.0625	4.3787	6.362	5.009	6.5556	4.9324	7.5709	6.9623	7.0458	7.0236	7.6836	5.5748	6.8696	6.1874	4.7711	5.2083	6.1323
EA_G__TSKU	12.5261	10.4098	10.0709	10.5018	8.0717	8.4689	8.2246	7.1433	10.1	8.2356	10.138	9.9115	8.9901	9.4814	8.8597	10.2607	7.4604	9.0707	9.5202	8.8872	7.3872	7.2081	10.0431	9.9799	10.943	7.8837	11.0263	7.442	10.6057	9.2151	7.5427	10.5632	9.2023	9.4929	9.1979	6.7049	9.298	8.0439	10.2988	11.6453	7.6531	9.7677	11.163	5.5515	7.3182
EA_G__STARD5	6.1451	6.6959	6.1372	6.6666	6.9862	7.2941	6.7297	5.6001	4.3581	6.5836	6.3326	9.3959	5.8159	5.6526	6.1601	6.0715	6.3774	5.9089	6.1212	6.4202	4.8891	5.8293	6.5961	6.6819	7.2477	6.804	5.7079	5.5497	7.0337	6.5369	5.4383	6.6452	5.5919	5.995	8.6211	6.438	6.01	5.975	5.8005	6.4533	6.1559	6.6574	7.3253	6.7232	5.2916
EA_G__C19orf21	9.6189	9.4483	8.7564	8.9369	5.9232	8.5724	5.9774	8.5302	5.5468	5.8788	9.3517	5.2243	6.8438	8.0179	8.5636	8.8702	8.1843	9.7186	5.4781	5.5555	6.6279	5.5706	8.7843	8.5778	8.8654	5.7745	9.6936	7.9411	8.8758	8.9668	7.1158	6.591	5.886	9.9506	9.3039	5.9944	6.0195	5.6263	8.618	8.3524	7.9338	8.3996	8.3519	8.8792	9.0596
EA_G__DHRS2	4.826	12.6045	10.9225	6.4126	4.7951	4.9841	6.2389	5.0026	4.1419	5.2133	9.4922	7.8911	4.6987	5.8971	6.6305	6.1002	6.0863	6.6271	7.6348	4.3533	4.9997	9.4494	9.5675	9.8142	5.6673	4.3182	9.6429	5.2669	11.2132	5.0481	5.3988	5.6525	5.9437	12.2474	6.26	4.5827	5.307	5.0884	5.0364	5.5243	4.9878	5.1772	6.3784	8.1213	5.7559
EA_G__AKR1B1	4.6938	6.0548	4.8622	4.4778	8.2157	4.4619	8.9961	4.565	6.3662	10.5992	4.6497	6.9879	7.0157	8.1308	9.1844	5.175	5.4781	4.7671	8.4129	9.049	9.0045	9.0431	5.1215	5.0227	4.6497	8.4728	6.866	8.1635	4.946	6.5897	10.773	5.4319	9.672	5.2901	8.361	8.4605	9.627	10.232	4.7564	5.1681	5.0863	4.8373	4.9859	4.9029	5.9326
EA_G__MCAM	5.2407	5.7795	5.1883	5.2259	5.6003	5.1722	5.398	9.3743	7.982	7.1729	5.052	4.9842	9.6692	7.1972	5.6044	5.2324	6.005	6.1156	8.2544	7.2642	6.6063	6.1967	5.3892	5.3243	5.0364	10.2004	5.3038	7.8638	5.0728	5.3592	5.5956	5.9372	5.9742	5.5648	5.8187	6.5817	8.8252	6.4371	5.4652	5.5898	5.4962	5.4539	5.4297	5.5286	5.1903
EA_G__MPP1	4.6323	4.6149	4.1933	4.53	7.3661	5.2864	8.4183	5.9491	6.1238	6.5432	4.0628	4.851	6.9422	6.5674	5.376	4.4365	4.4762	5.2199	6.7918	7.3067	4.5936	7.6194	4.6365	4.6134	6.1798	8.3037	5.8638	7.4557	4.1565	6.2867	8.988	6.0077	4.7426	4.7191	6.7409	7.4905	6.8069	8.2609	5.4014	6.8111	6.0661	4.9223	4.3063	4.6406	4.793
EA_G__RARA	7.7415	8.0728	7.3062	8.5953	6.4986	8.1003	6.705	6.2955	6.8057	6.9795	6.9268	7.7523	6.3667	6.836	6.2488	6.8869	6.999	6.6594	7.1295	7.0633	6.867	6.4577	7.8228	7.5889	7.6497	6.7765	7.4975	6.4896	7.2241	7.3317	6.4385	7.1561	6.7182	8.2712	6.3434	6.7798	6.8118	6.954	7.0002	7.1679	7.721	10.1923	7.2428	6.8625	8.0987
EA_G__ST3GAL2	5.1245	5.2182	5.461	5.7091	7.5988	6.4466	8.0345	6.0393	6.1556	7.2036	5.7459	7.7065	6.7122	6.5264	6.1728	6.5381	5.8708	5.6583	5.9653	7.54	6.4734	7.1447	5.7205	5.275	6.6306	8.9673	5.7831	7.274	5.3718	6.8043	6.9482	6.2369	6.4215	5.6945	6.0449	7.4105	6.2584	7.0882	6.2638	6.4992	5.8892	6.0176	6.0375	6.7239	6.2097
EA_G__NCAM2	3.816	4.1347	8.0462	8.1654	9.1486	9.8166	4.0648	3.7322	3.5577	3.8641	7.8067	8.7152	4.455	5.3325	3.6916	4.4058	4.5234	5.2566	3.904	3.5774	3.8887	4.4973	8.406	8.0627	7.0585	7.1285	6.3664	3.9935	8.4651	9.355	4.7127	7.8803	3.4899	5.3409	3.9561	3.8289	3.9723	6.5092	4.9516	5.7731	9.9927	6.3459	7.7618	7.5498	5.8347
EA_G__GALNT6	8.9187	8.6602	8.6345	9.9625	4.7514	9.6093	5.9659	7.1112	6.9446	6.5514	9.8516	8.9842	5.5323	6.8487	6.3386	8.2409	5.6076	9.23	7.851	4.671	8.141	5.0226	8.965	9.2303	9.3822	4.7392	9.425	5.2894	9.393	10.0229	6.4105	9.2867	7.4486	9.2247	7.0398	4.9243	7.8977	5.0908	10.1047	10.2162	8.6008	10.6343	9.7198	9.5105	9.4242
EA_G__C9orf19	4.855	6.829	5.2876	5.7361	6.026	5.1261	7.0392	6.4771	6.7151	6.7726	5.3678	4.8164	7.5139	5.4878	6.4374	5.5258	5.006	7.9401	7.2436	7.8618	7.5982	6.9045	5.9074	5.816	6.7327	9.8291	5.6739	6.2212	6.3068	4.5292	6.6111	5.5009	5.9091	5.9774	6.2412	6.2198	6.1858	5.8776	6.0657	5.4415	6.019	5.3041	5.0796	5.1365	5.374
EA_G__PSAT1	3.5968	8.2914	8.5626	6.3553	9.8292	3.9255	8.9272	9.3664	8.8569	9.819	8.0891	6.1267	8.8646	8.96	9.5056	8.9409	9.0663	7.9384	4.1475	9.6668	9.8041	8.7413	8.3464	7.1102	4.4041	8.3568	7.6086	8.8755	6.8694	4.8052	9.4472	4.78	9.9291	8.176	10.9175	10.1293	8.7025	9.0258	10.4948	4.0839	7.9566	4.4052	7.7577	6.4859	6.414
EA_G__C3orf57	9.2863	5.9049	7.7309	8.9084	4.6794	7.6111	4.7424	4.6058	4.6305	4.8902	7.5725	7.8092	4.6555	4.8895	6.7978	6.3972	8.5908	7.6159	5.5729	4.2895	7.5956	4.3645	9.7988	9.5034	6.3347	4.7775	8.9892	4.9538	8.019	6.9899	4.8445	7.6702	5.6152	6.6396	5.7208	4.8998	5.106	4.8812	9.1923	6.9367	7.0395	9.2455	7.8258	4.7138	4.7469
EA_G__BAG2	3.8525	4.3299	3.8546	3.7077	7.7073	3.4446	7.5401	6.687	6.4005	6.3219	6.2911	4.5582	8.1386	7.9545	7.1173	6.8822	6.5667	4.381	6.3286	7.4399	6.2299	7.9982	5.0232	5.4682	4.334	7.5584	3.3871	8.1211	5.4731	4.2242	7.1485	4.7056	7.8788	4.5241	5.7523	8.2828	6.9224	8.5168	5.2833	3.6269	5.8246	5.7192	3.9471	3.7646	3.4296
EA_G__KYNU	2.7545	6.5637	3.0571	3.6287	6.7003	7.2841	3.2709	3.1125	3.0818	8.9225	3.4824	5.5531	3.5652	7.1163	5.6721	7.6008	5.2911	5.9862	6.4004	3.1709	3.8684	3.1535	8.359	9.0514	4.158	4.3618	6.111	5.1898	5.3358	5.035	3.7514	3.9986	7.9596	6.7976	8.7257	3.1385	10.0464	6.0116	3.8755	5.0804	7.6599	3.5664	4.3221	5.468	3.4697
EA_G__TMEPAI	9.0313	7.6306	9.54	8.6064	6.2846	7.0365	6.4014	9.0017	5.6839	8.1741	8.9912	5.7617	5.8511	7.0375	8.3055	9.528	7.79	7.3319	9.8654	7.7737	7.5938	7.1114	7.2926	7.102	7.431	8.911	8.2193	5.7113	7.5478	8.244	6.4626	8.6251	6.9829	9.7532	7.955	8.1357	8.1942	6.3423	8.011	7.8324	7.4014	8.2315	8.0319	7.8687	6.9058
EA_G__KRT19	12.6916	12.4257	11.8694	12.9008	5.3088	12.0071	5.7273	11.0092	10.8661	5.2972	12.4057	12.4572	5.4234	11.375	5.3996	6.6896	11.5907	12.625	10.7132	4.9996	11.9989	5.3899	11.9541	12.1304	12.2871	4.8359	12.0948	8.5044	12.135	12.3305	5.0361	11.3655	11.9057	12.6503	5.2523	6.0673	11.4019	5.1683	11.8464	11.6161	12.478	11.9621	12.0421	11.4901	11.9652
EA_G__ACOT4	7.9904	7.5193	8.1776	7.8059	5.4917	7.1285	5.342	6.0694	5.512	4.9214	7.8169	7.2952	5.7055	6.1858	6.3676	5.3287	5.4342	6.8359	5.1841	5.8504	6.5305	5.4131	6.8139	7.1462	6.5896	6.7919	5.8255	4.9953	6.0179	7.6577	5.8164	7.627	6.8348	7.675	5.8886	5.6212	6.388	5.26	5.4872	6.8487	8.7934	8.7735	7.5333	6.8973	6.3898
EA_G__EEF1A2	8.724	10.195	10.1908	10.7744	7.0377	10.2507	8.9869	7.8491	6.0991	6.8516	8.2655	9.0378	6.769	8.7147	8.2178	9.52	9.0043	6.3966	6.868	8.5526	7.5921	8.032	10.8297	10.7881	9.8957	9.2038	9.8723	8.1047	10.1051	7.9425	8.2043	9.8692	6.37	7.5646	7.4346	6.6486	9.7901	7.7531	8.5854	7.4054	10.1629	9.1895	7.0915	11.0605	11.6464
EA_G__LOC124220	8.934	7.4736	8.0215	8.0349	5.4055	8.8675	5.5477	5.9469	5.7857	5.9124	7.9883	7.6471	5.8141	6.6156	6.0411	5.8713	8.307	7.8574	5.7468	5.5707	7.5995	6.7221	8.0322	7.9345	8.4762	5.7493	7.8782	7.1355	9.1801	8.6759	5.882	7.6816	5.7451	7.9156	5.9907	6.0924	6.2257	6.4568	6.7771	8.2349	8.0054	8.3906	8.6771	7.3629	7.7702
EA_G__SLC9A3R1	10.8284	10.4111	10.9597	12.1339	8.7121	11.6704	9.4501	8.938	9.3166	7.8985	11.4576	12.2228	9.8097	9.4062	9.2397	9.4918	10.8515	10.1126	9.0002	8.2983	10.211	7.7047	11.5891	11.5335	10.9539	7.5431	10.175	9.0363	12.6162	10.3807	7.9427	11.9228	10.2745	10.702	8.1113	7.9923	8.16	8.1862	10.5458	10.2024	10.9276	11.5295	11.2349	11.3238	11.858
EA_G__KIAA1161	7.5336	8.5935	8.0995	8.3119	5.961	8.8216	5.6557	7.4813	5.558	4.978	6.8816	8.6918	5.8828	6.5016	6.3173	6.5558	8.3268	10.7468	7.2179	6.3672	7.4519	5.3607	6.8104	6.6223	7.1909	5.4313	7.8995	5.6807	9.0698	8.6115	4.4892	7.4427	6.7264	9.0701	6.5382	5.6673	5.8678	4.9556	7.0576	7.8144	8.5458	7.9949	8.0196	7.4192	6.7034
EA_G__PKP2	6.7495	7.5495	7.7015	6.9657	4.7456	7.4996	6.7204	8.2026	6.6322	5.3578	6.7218	7.065	6.41	8.847	8.1324	7.2123	6.4488	7.5238	8.6177	4.7553	7.1983	4.4923	6.545	6.4169	6.5739	4.4958	6.8716	7.8134	7.5323	6.088	6.8972	5.4561	7.1337	7.1349	9.5748	5.0147	7.1472	5.3546	6.9558	7.5975	7.0049	7.4082	8.6442	6.4209	6.8372
EA_G__FAM126A	6.3818	4.5794	7.153	4.3663	8.6294	6.0958	8.0276	6.8821	7.6573	8.533	3.5746	4.3202	7.0721	8.1954	7.9781	8.1677	5.2757	4.5708	7.4622	7.9965	6.1561	9.3766	5.7628	4.3029	2.9915	9.1447	5.9057	7.9583	6.4401	5.131	9.254	4.7284	7.8763	4.2539	8.293	8.47	5.9557	9.0501	6.6312	6.138	7.4823	6.8191	3.0637	6.6976	7.2663
EA_G__FLJ21963	3.8881	7.8605	4.6116	6.1423	3.7657	5.0162	3.7605	4.5512	5.6827	3.7178	4.4978	9.5439	3.6912	5.7086	3.5851	3.9281	7.619	4.6064	3.5861	6.6594	3.5759	3.7577	7.802	8.4698	4.9766	5.1395	6.5431	7.8168	3.4088	7.7311	4.4241	4.3437	3.3501	8.0313	3.9041	3.8298	6.2589	3.7492	3.5876	4.2478	7.0205	7.0556	8.0734	4.1461	3.5797
EA_G__PXMP4	8.0834	8.9046	5.2497	7.8843	7.8873	8.6164	7.4129	7.7706	6.0246	7.3667	9.3589	8.5329	7.1034	7.101	7.44	6.2103	8.5107	5.7135	7.4931	7.5792	5.2531	7.1659	8.1338	8.2939	8.034	7.0092	9.098	6.47	8.0163	8.7127	6.7662	8.6084	5.1091	8.904	6.6577	7.1319	7.7288	6.6909	8.0563	8.1254	9.6272	4.7825	5.7751	9.4987	7.5512
EA_G__S100A3	4.4039	5.3412	4.3282	4.2059	5.6023	4.3749	8.6903	6.6335	6.9833	6.4591	4.2712	4.0737	4.3869	5.8534	6.0279	5.0119	4.6463	4.5809	6.6095	7.8016	4.8696	7.5816	4.6237	4.3372	4.3606	8.4498	4.8696	6.8913	4.202	4.152	7.0581	5.2117	8.3333	6.455	7.2524	6.0566	6.3403	6.9666	4.1692	4.8878	4.3484	4.3764	5.5405	4.3595	4.5112
EA_G__SERPINA1	8.4084	6.0914	6.926	8.1427	4.8651	4.5021	5.308	5.2038	4.6022	5.1433	4.7795	6.7707	5.5588	4.9026	5.508	4.7926	5.1552	5.0654	5.4058	4.9145	5.1516	4.6727	5.6835	5.3772	4.9932	4.8065	5.1902	4.6721	8.3465	5.8342	4.859	5.5057	4.8716	5.5763	7.8759	4.8264	5.8225	5.1528	5.5648	6.9738	8.3627	7.8604	7.4293	7.3305	5.8752
EA_G__LOX	4.0749	4.3528	4.4889	3.8604	11.8002	3.914	6.3952	6.6246	6.7898	7.5504	3.5531	4.0064	8.533	6.0924	5.0426	3.8545	4.5193	6.5508	7.0379	9.1134	6.2016	11.1703	4.2671	4.1135	3.8759	8.062	4.1215	7.2851	4.4892	3.6242	7.0178	4.1681	5.7811	3.9021	6.8512	11.4184	9.062	6.3026	3.8599	4.396	3.8898	4.255	3.6751	5.2499	3.5707
EA_G__PPP2R2C	7.8327	6.1796	7.5506	8.1042	5.4216	7.0691	5.4698	5.1203	4.6485	4.7309	6.9322	6.837	6.4121	6.8921	6.7967	6.877	4.8079	5.2296	6.7186	5.794	5.0392	4.7801	8.0008	7.1813	7.9936	5.7678	7.178	4.6369	8.7009	6.4914	6.9518	7.0986	4.2908	4.9998	6.8598	6.6378	4.9071	5.0094	4.7937	7.4191	6.3323	7.1069	5.3119	7.6812	8.092
EA_G__TUBB6	6.692	7.2698	7.4183	6.4048	9.6368	6.551	9.6516	9.5051	9.2748	8.7564	6.7473	7.8841	8.7984	8.9031	9.0863	7.9565	7.0303	6.9209	9.1825	10.3276	8.0512	9.8505	8.3664	7.7207	7.2372	10.3152	6.4923	8.5128	7.6669	6.2429	9.0648	7.2555	7.9269	7.6011	9.964	9.9093	8.4349	9.9172	6.749	7.1787	8.0286	8.0785	6.421	7.0165	8.7717
EA_G__RCN3	5.2909	5.3223	5.3075	4.8944	7.2725	4.8899	9.2319	7.2447	6.9714	7.8065	5.8705	4.9802	7.0715	7.8726	5.8531	5.3134	5.8991	7.9319	5.9486	6.2787	5.7989	7.4315	6.196	5.6812	5.1465	8.6519	5.1569	5.1262	5.037	5.0976	6.7517	5.9227	5.1326	5.2641	5.6519	8.8111	5.3963	8.538	4.9039	5.2303	5.3868	5.1206	5.1431	5.5482	4.7636
EA_G__STARD10	8.7444	9.3189	9.838	10.3464	6.9657	8.9884	6.4416	7.0812	7.6816	6.3309	10.6337	9.9114	7.9561	7.2257	7.6626	7.4036	9.0078	9.147	7.3262	6.4872	7.4777	6.0307	9.734	9.5739	9.1011	7.4208	9.3232	6.2262	9.903	9.0237	6.5342	9.6166	7.8873	9.3077	7.2342	6.0593	7.4425	5.9183	8.838	9.3903	8.7334	9.6701	9.8082	9.2205	9.5445
EA_G__ATP6V0A4	6.396	9.4584	9.5886	6.8897	4.4126	4.4522	4.5735	5.3603	4.3424	4.3231	8.3304	6.5654	4.3641	4.4015	4.6533	5.1789	4.1207	7.8356	5.7837	3.8844	5.4336	4.8527	6.9256	6.3269	4.261	4.1126	6.8669	6.246	8.7945	6.5413	4.2867	4.8429	9.4649	9.4857	4.5474	3.9129	4.2576	4.3833	7.4254	5.9346	4.4506	7.5065	5.449	7.4908	4.2475
EA_G__XBP1	11.283	10.9214	11.4285	11.4319	8.6723	11.3432	8.8291	8.5408	9.0517	9.4895	11.6752	10.8517	8.688	9.1233	8.734	9.1933	10.7393	11.2423	8.6586	8.207	9.7409	8.5637	10.908	11.5332	11.3709	8.4505	11.6948	8.6487	11.8604	11.6993	8.5579	11.4718	9.2858	10.6695	9.9592	8.502	8.3625	9.0461	11.0474	11.1636	10.9799	11.4501	10.4703	11.6409	11.6006
EA_G__GPRC5B	4.9745	6.388	6.1617	6.2748	6.497	5.2667	8.9045	6.0606	6.7039	6.2604	7.0809	4.8034	7.9743	6.8597	7.5867	8.3264	7.0387	7.6177	6.3867	5.3386	7.5323	7.0233	5.9088	5.3699	4.439	7.6679	6.8634	4.6996	6.5032	6.9632	8.3026	5.7648	7.8898	6.2546	4.6635	5.117	5.209	6.388	6.478	5.6048	5.5162	5.5363	9.0236	6.325	6.1032
EA_G__MUCL1	9.7015	9.6708	11.9418	10.2431	4.8957	8.9223	4.8876	4.5051	8.786	4.9442	8.2638	6.8099	4.7529	4.7936	4.5822	5.1223	5.8277	8.4609	4.7998	4.6962	4.8549	4.861	6.192	7.9264	7.538	4.9978	10.2647	4.8186	11.1491	8.2536	4.9377	10.2257	4.5308	5.8615	7.215	6.5654	5.2871	4.4087	5.4239	9.5991	5.3747	11.7143	12.2829	10.7729	5.1542
EA_G__CLU	7.2352	8.8649	8.9068	8.992	8.9576	9.6033	8.0374	6.8112	8.1157	7.4522	8.8358	9.7927	5.9431	7.7097	6.4074	6.824	8.1629	9.5115	8.6745	7.7043	7.3793	7.2732	8.8706	8.885	9.1728	7.8152	9.6338	6.7991	9.3254	10.2466	6.1144	8.8604	7.6067	9.8643	5.9745	7.6939	5.8874	7.0941	7.9162	8.2237	10.2223	8.7504	9.3567	8.0166	6.5865
EA_G__GPR81	4.9668	6.0516	7.939	8.2233	3.5141	6.9006	3.2569	2.868	3.5631	3.7151	8.6916	6.629	4.3242	6.9887	7.1222	5.8908	8.5484	7.3637	3.5687	5.2175	4.6384	2.9743	7.6206	7.1395	6.8412	3.373	8.2863	4.1802	8.6643	7.4676	3.0939	6.8526	5.9398	6.064	3.6208	3.7546	3.8905	2.7273	7.8144	5.8669	6.462	5.8118	8.0378	6.8539	6.1376
EA_G__DLX3	5.9564	7.4632	8.3925	7.6265	5.6094	5.938	5.7729	5.6328	5.5027	4.8388	7.9765	5.8754	6.3403	5.8666	5.3924	5.3154	6.6461	6.1978	6.2199	5.0285	5.6926	4.7268	6.4653	7.0473	6.8724	5.288	6.4617	4.7899	7.0145	5.9772	5.346	6.8321	6.6875	7.7375	5.9331	5.3032	7.0645	5.2161	6.9139	6.2	7.7697	6.3741	7.169	5.8481	6.3974
EA_G__MYLIP	6.7069	7.7441	7.7961	7.3174	4.455	7.8443	6.6097	5.524	7.4104	6.0376	7.4993	9.1957	7.2494	6.5654	7.3278	6.8576	6.7279	7.9226	6.8467	6.4026	7.0558	6.0263	7.3524	8.0793	7.5303	5.2059	8.449	6.7869	8.1069	7.8265	4.7191	7.0391	6.9856	7.6774	5.9259	4.8163	7.2753	5.6734	7.6692	6.3688	7.0329	5.6494	7.743	8.0057	6.8543
EA_G__CLIC3	7.0648	8.1927	6.5415	7.5044	6.185	7.7296	6.65	6.0092	6.5107	6.4449	10.2002	10.0641	6.4205	6.5692	6.8843	6.2405	6.6602	8.2096	5.9382	5.5997	7.1404	5.8165	7.4794	7.7337	6.5956	5.9123	8.0755	5.9865	8.6685	6.9106	5.6263	8.6884	6.7687	8.286	7.7755	6.2981	6.7925	6.6261	8.7999	7.0178	9.8811	8.4713	8.1336	7.4439	6.3667
EA_G__ETNK2	7.0246	7.5221	9.7857	10.3826	7.9061	9.9112	6.7952	6.888	8.279	6.8342	7.9484	10.7975	8.3972	8.1223	7.3287	6.047	9.5415	6.9475	7.6305	7.4034	5.0177	6.0105	8.2102	7.2977	10.6718	8.5517	8.6151	6.0214	8.6961	8.7361	6.3953	8.9902	7.3213	8.1005	9.2282	5.4341	6.619	4.237	7.1677	8.0919	7.2943	10.09	7.9633	6.6311	6.3521
EA_G__FAM114A1	8.5697	4.6273	7.0132	7.2669	8.3277	6.7241	9.1931	6.9198	6.2194	9.2098	8.5856	4.9727	7.0553	6.6427	7.0419	7.348	6.3856	7.5489	7.448	8.6982	8.5022	7.9607	6.6272	6.5231	6.5674	7.9671	6.9999	7.0661	7.7345	8.8432	8.3378	4.6979	7.6459	4.2656	6.5844	9.1323	7.0262	7.5342	7.3642	8.3261	7.029	6.7925	8.0415	8.3748	8.3916
EA_G__TSEN54	8.1719	8.2347	7.9326	8.2435	7.3471	8.602	7.9961	8.0255	7.8688	7.7773	7.9281	8.6685	8.0825	8.1462	7.6475	7.6268	8.5393	7.7482	8.202	7.3186	7.7329	7.1781	9.233	9.0618	7.7048	7.5306	7.8915	7.7392	8.7507	7.4928	7.4268	9.2291	8.1706	8.6467	7.2748	7.5815	7.3676	7.6907	7.6974	7.7498	8.2297	8.3159	11.2902	8.2921	8.5669
EA_G__ANPEP	6.8343	5.9528	5.4461	5.4878	11.5006	5.3386	7.6388	5.215	7.8921	6.1665	5.1413	5.3679	5.2457	5.8735	9.4036	5.5622	5.7574	5.5417	5.4591	8.0727	6.9193	9.248	5.723	5.6553	5.3523	9.2404	5.4979	5.2504	5.238	5.586	10.8271	5.9814	9.9961	6.0553	5.3041	12.6822	11.1296	11.0415	5.504	5.5284	5.6926	6.1733	6.3325	5.347	5.2839
EA_G__MMP14	5.1852	5.3987	5.2335	5.0592	10.3729	5.1512	8.7278	8.0249	9.9154	9.7962	5.0892	5.2954	5.2874	8.803	7.6928	6.3976	5.5909	8.0609	5.2277	8.9768	8.7686	8.9717	5.9409	5.8539	5.4178	7.6746	5.4804	8.2005	5.1668	5.3091	5.4596	6.2949	6.8819	5.8482	8.5531	11.2199	7.0852	7.8574	5.7305	5.7344	6.2135	5.2291	5.6479	5.5205	5.535
EA_G__C17orf28	9.3617	9.729	9.6197	10.0389	5.5952	9.5722	5.7826	6.3666	6.9129	5.2734	10.3721	9.0304	5.4402	6.5831	7.025	7.3859	10.3392	8.2773	7.1557	5.8027	7.1023	5.3634	9.1167	9.277	9.1052	5.3589	9.2435	6.1912	11.1353	8.8997	5.3644	11.0475	7.6889	9.6716	6.072	5.6045	6.3796	5.9321	9.479	9.3071	9.6105	9.9773	9.3515	10.4072	10.4021
EA_G__PPL	7.9895	8.3163	7.29	7.6599	5.3306	6.8174	5.6331	7.8006	6.2165	5.6216	6.601	6.5671	5.4379	7.0517	7.2264	7.8968	7.063	8.1217	5.8007	5.6191	8.288	5.1831	7.5369	6.8952	6.4713	5.236	7.0802	5.2157	7.6706	6.95	5.5118	6.662	4.9366	7.652	8.3197	6.5551	7.4703	5.613	7.157	7.1009	6.8638	6.997	7.5755	6.6334	6.7443
EA_G__FAM83B	6.3988	4.2489	7.5482	6.1591	7.1767	8.1613	4.6994	8.9338	7.3558	6.2679	8.1672	9.0873	5.885	9.1367	9.7395	9.0246	8.5407	4.7067	9.3121	4.5395	8.5196	4.3005	8.9319	9.9937	5.4213	5.593	7.5611	3.9742	10.6464	7.693	5.9038	6.9275	8.673	5.2107	9.9509	4.5717	8.9613	4.6842	8.0655	7.971	7.8105	4.9443	6.4806	9.305	8.0142
EA_G__ISOC1	7.1234	7.7312	8.4881	7.9468	7.1505	10.1811	6.5101	6.8003	8.3692	6.4391	7.8247	9.2481	8.0613	7.4609	7.6971	7.3787	7.5518	7.7585	7.7394	6.4754	6.4981	7.13	9.3042	9.2846	9.3326	6.4466	7.818	8.0524	8.6912	8.875	7.0379	8.4946	7.4928	7.982	6.9793	7.6054	7.2698	7.2342	8.2947	7.1917	8.0935	7.8404	7.3086	9.2017	8.2137
EA_G__AGR2	10.388	9.9764	10.5253	10.8674	3.1745	6.0439	3.7576	3.5567	3.1734	3.3399	10.6695	6.7701	3.4557	6.1162	5.8644	7.6477	9.677	10.1249	3.6198	3.3258	5.9674	3.3756	6.4972	9.3306	6.4599	3.0206	10.5625	5.2088	9.6312	11.0565	2.9069	8.4022	4.5304	8.7004	6.7563	3.9941	5.3017	3.7281	11.9063	10.4962	10.2239	11.303	11.3903	8.8069	8.6101
EA_G__NAV1	7.4175	8.9354	5.4838	5.7925	7.8052	5.1032	7.2041	5.0575	7.9118	7.629	4.8157	4.8473	5.8443	6.4689	7.4442	6.9431	5.6569	7.9222	7.0711	8.0474	8.2228	8.6572	5.6577	5.8182	8.033	8.6836	6.9589	6.4817	6.5266	6.955	6.9507	6.2838	7.576	8.7193	6.4595	8.8574	7.5636	8.4718	6.3187	6.2935	5.239	5.7713	5.9253	5.7746	5.8825
EA_G__TM7SF2	7.362	8.6146	10.6738	8.9356	7.777	7.8977	6.6928	7.2251	9.5359	6.8147	9.1668	7.9039	6.7241	7.7442	7.9366	7.4522	10.2226	8.5326	7.6531	7.0171	7.4679	6.3437	9.5635	10.0085	8.6953	6.465	9.4025	6.9611	9.7289	8.2619	7.2413	9.9341	7.2151	8.013	7.26	7.0973	7.8511	5.806	9.5896	8.2324	10.641	9.5627	9.6871	9.7151	9.4245
EA_G__TPCN2	8.8521	7.9813	7.711	7.6641	7.3829	8.7998	7.3341	7.9965	7.8396	8.0192	7.5535	7.3698	8.9345	7.5463	7.7012	7.3245	7.4401	7.6544	7.51	8.149	7.223	7.2046	8.0075	7.7043	9.9994	7.5842	9.0437	7.7263	7.5978	10.3492	7.2249	8.0264	7.3293	8.0715	7.4263	7.3931	8.0012	7.5193	7.3771	7.8551	7.7114	8.1412	7.6454	7.9299	8.8507
EA_G__TRIP13	7.8157	8.1416	8.2321	7.3633	8.6364	8.1903	9.2458	8.6113	8.0736	8.981	8.1179	7.9184	8.4456	8.9683	9.4647	11.0174	8.477	8.1894	8.5695	8.627	8.8367	8.9072	7.4412	7.6605	7.9539	8.9576	7.3297	8.199	7.7935	7.3926	8.1484	7.5408	8.8884	7.639	7.1681	8.0686	7.5311	9.5113	8.3058	7.6794	8.8534	7.6143	7.8426	7.189	7.7185
EA_G__GDPD3	7.8908	10.4052	6.7364	7.3625	5.6402	7.6914	5.968	4.9636	5.2361	5.4538	8.6563	5.6591	5.4878	5.9923	6.9928	6.7062	6.2528	7.5969	5.7434	5.8015	6.0767	5.2536	7.5701	8.3603	5.6607	5.2069	7.7961	5.0645	6.1261	6.5886	6.2889	6.0817	6.7383	9.2665	7.8631	4.9981	7.3888	5.4316	8.3237	5.6547	5.3216	7.0946	7.4686	6.1323	5.6659
EA_G__MEGF9	7.0461	6.094	8.7061	7.4811	5.822	7.6443	5.7505	5.9558	7.2222	6.1581	6.9122	9.1405	6.0661	6.5113	6.1046	6.7453	7.5722	6.5073	5.9738	6.1278	6.3046	6.2887	7.6627	7.5047	7.6915	5.9312	8.2692	6.1493	9.7645	8.6638	6.12	7.6239	5.9218	6.2421	6.9981	5.741	5.513	6.3937	7.5167	7.5806	8.0296	7.315	8.4113	8.3711	7.4477
EA_G__TOM1L1	9.489	7.6603	11.1528	8.9596	7.4255	9.1088	7.0603	8.7525	6.8062	6.4184	9.3334	10.0995	7.2869	7.4997	7.2579	8.116	7.9165	8.1689	8.1728	8.2532	7.2323	6.7395	8.5358	9.3382	9.1966	7.8329	9.1409	7.7808	9.9911	9.1808	7.4769	7.9222	8.1949	7.5116	8.7465	9.1269	7.732	8.0915	8.2536	8.208	8.9751	8.6278	9.3554	9.847	9.8839
EA_G__CLSTN2	6.8205	5.6977	7.8696	8.1281	5.2503	9.9628	5.6264	7.2839	5.4275	5.9965	6.8699	8.2244	5.3624	5.5006	5.6761	5.4378	5.3756	5.7285	6.9158	6.928	5.439	5.8407	5.2828	8.1749	10.4373	5.2112	8.3856	5.3934	5.5934	10.5058	6.049	7.708	5.2174	5.657	5.3668	5.4048	5.7301	5.1216	6.371	7.2234	7.4536	9.8238	5.419	5.1649	5.4848
EA_G__IGFBP2	8.5819	7.265	9.2045	10.6598	5.7406	9.0647	6.409	7.9946	7.7249	6.7037	9.6491	9.7208	8.1824	6.5365	7.6499	7.3055	7.1166	7.7549	8.2099	5.7756	6.114	6.1845	8.9304	9.2132	9.5332	7.7601	7.9848	5.934	10.1046	8.3743	7.8952	9.0101	7.9592	6.3136	8.2589	5.7437	6.0489	6.0078	8.2235	8.6306	8.9587	9.4836	7.6824	8.4837	9.1231
EA_G__TFF3	9.2227	5.933	10.0034	10.7125	5.7698	6.0317	5.2183	5.2869	5.5149	5.2225	11.1718	9.6618	5.4121	5.8319	5.6036	5.5634	8.4004	6.5691	5.6123	5.5181	5.8234	5.3069	7.253	7.5253	7.3798	5.1884	11.3167	5.6698	10.8538	8.3961	5.329	6.3143	5.1787	6.2639	5.3048	5.6818	5.5285	5.7962	10.7256	7.1122	7.4428	11.8709	8.9864	7.4014	9.3846
EA_G__TPM2	5.1606	5.2415	5.2106	5.4191	8.835	5.1325	9.4171	7.9514	4.8864	9.1702	4.8827	5.0739	8.6567	7.1902	5.372	5.5809	5.3692	6.0067	6.5898	8.3943	7.59	9.1634	5.7814	5.7214	5.3237	6.0657	5.2437	5.8531	4.9569	5.4943	6.2826	5.9133	6.4258	5.5924	6.7513	7.7389	7.1555	8.7479	5.3061	6.742	5.3229	5.5192	5.2608	5.3575	5.2939
EA_G__SYDE1	6.3871	6.1369	6.3616	5.8841	8.4653	5.4574	8.481	8.3258	6.6153	7.9902	5.8161	5.3023	6.2033	6.9579	7.0087	6.4074	6.6718	6.1217	6.9318	8.2904	7.7112	8.9081	6.0991	6.2731	5.5612	8.7207	6.3382	8.9894	5.7382	5.0994	9.4121	6.1707	6.8988	6.551	6.3715	8.0444	7.0048	8.2118	6.1916	5.9689	6.0967	6.1051	6.1729	6.3412	6.0907
EA_G__DSC2	7.1017	9.1183	8.4105	7.7812	5.7142	7.231	4.0668	9.4848	8.3031	6.8806	7.1306	6.9334	5.1413	6.5792	7.7208	9.1096	7.2089	4.7942	8.4275	8.4285	8.3749	3.5976	6.058	6.1385	8.1262	3.5689	5.0568	5.4356	7.3147	6.4024	4.3076	6.6175	8.4366	8.3287	9.7294	4.1111	7.9091	3.3407	6.6071	4.4065	6.5935	7.4807	7.6362	7.895	6.9375
EA_G__TFF1	11.84	6.7837	11.4404	12.9215	5.4971	7.8702	5.5529	4.3741	5.1241	5.0018	11.8255	12.4366	5.5277	5.3954	4.6693	5.167	7.8188	8.9703	4.6936	4.9862	5.1043	4.7645	11.9278	12.3462	9.3139	4.4746	11.1606	5.7316	11.3324	5.6288	5.0357	8.5496	4.6178	6.452	5.1672	5.3551	4.8953	4.847	10.6487	5.7562	7.7064	12.854	9.7638	6.1027	12.0692
EA_G__PARD6B	6.6898	7.453	7.9356	10.2482	5.6462	9.0659	6.451	7.4407	7.1044	6.5166	9.1497	8.5948	7.3837	7.5392	7.1739	7.7258	7.5297	7.8017	7.1111	5.7964	7.4969	5.8639	9.8281	9.7913	7.6396	5.8916	7.8763	7.6107	7.4723	7.3893	6.4305	7.1206	7.3768	7.9257	6.6278	6.5983	7.1532	6.0187	7.9875	7.7564	8.7348	9.9907	7.3238	7.6213	9.8215
EA_G__ABCC11	4.9799	5.0771	8.9135	5.5246	4.3409	6.068	4.4537	4.3488	4.5022	4.3945	9.0536	6.4968	4.3846	4.531	5.3781	4.6172	7.1058	5.5215	4.3978	4.2837	4.7067	4.5984	4.5406	4.9815	5.9853	4.152	8.7674	4.4954	7.3019	6.4495	4.468	9.0235	4.202	6.726	4.5602	4.427	4.9806	4.4854	9.756	8.4576	9.3681	8.0366	7.2449	9.5692	4.8818
EA_G__WWP1	8.0302	8.9967	8.8018	9.7101	8.1978	8.8679	6.5657	8.3785	7.5529	7.4231	11.3334	8.4612	8.6495	7.1267	8.5063	7.861	8.4297	8.3236	7.9304	8.7833	8.4192	7.9482	9.4423	9.7243	9.689	7.8338	9.6395	7.7268	9.4123	8.1499	6.2912	8.3365	7.6886	9.3644	7.9982	7.2959	8.2918	7.7756	9.3304	8.0658	7.9781	8.6656	8.4128	8.7748	8.939
EA_G__LARP6	6.5428	5.5659	6.5078	5.6237	7.1073	5.4248	7.5343	7.0083	5.9575	8.956	6.0089	5.5778	8.0006	6.6088	6.8861	6.3143	5.4561	5.8963	6.643	6.7771	7.3264	7.2463	6.5469	6.0363	6.6533	7.6928	5.9258	7.1621	7.2715	5.3831	7.8478	6.1623	6.7166	6.1477	7.992	9.1172	7.1147	7.1286	6.8268	7.2592	5.9801	7.0379	5.6285	5.8008	6.3795
EA_G__ARHGAP23	7.2203	6.0053	5.8044	6.1833	7.0529	5.4752	8.4962	6.3843	6.9114	6.3489	5.4214	5.2812	6.1932	8.4672	9.3409	6.2881	6.0159	6.4165	6.8485	7.6738	6.8463	7.8115	5.9048	5.7858	5.5407	7.3588	5.8461	8.653	5.7958	5.8236	7.8177	6.2527	7.0282	5.9964	7.5326	6.9923	6.3647	8.3173	6.3409	5.9923	7.0707	6.1537	5.774	5.8307	5.6982
EA_G__PCDHGB1	5.0599	4.4612	4.367	4.5862	4.4758	5.6041	5.2418	4.4472	6.3499	9.3409	5.879	4.9562	7.4466	6.6533	7.7468	5.3934	8.2422	5.9619	6.6024	8.2842	8.2718	6.0722	6.6534	7.0064	4.3166	4.4936	7.4369	4.349	7.2956	5.5065	6.0721	4.7021	6.2925	5.4568	4.6585	8.206	4.5065	5.0315	7.9374	6.3798	8.1219	5.9438	5.111	4.4347	5.2577
EA_G__MRC2	9.5108	6.3393	6.1911	6.1822	8.4666	6.2529	7.2371	6.9342	7.854	7.6383	6.094	6.172	6.5812	6.4211	6.1795	6.195	7.3137	6.1677	6.3087	9.0085	6.3022	8.5076	6.5354	6.5896	6.3506	9.5693	6.3342	7.1079	6.09	6.0684	7.3681	7.1592	6.3311	6.5291	6.9711	9.3857	7.3701	7.4802	6.2204	6.9931	6.3224	7.244	6.5332	6.3834	6.5285
EA_G__SLC39A14	7.2392	7.0695	6.7073	6.6778	9.7325	7.094	8.1219	7.6136	9.8801	8.189	7.4083	7.1434	8.5716	7.6742	7.7243	6.9608	6.3437	6.898	7.8345	8.1108	6.6582	9.4612	7.1446	6.7092	6.6707	7.542	7.0018	8.3485	5.9451	7.0796	8.3354	6.3629	7.7732	7.3537	7.7618	10.7989	7.488	8.4903	7.7988	6.6494	7.0208	7.5143	6.793	6.2866	7.8622
