Cell lines	600MPE	AU565	BT474	BT483	BT549	CAMA1	HCC1143	HCC1395	HCC1419	HCC1428	HCC1569	HCC1806	HCC1937	HCC1954	HCC3153	HCC38	HCC70	HS578T	LY2	MCF7	MDAMB134VI	MDAMB175VII	MDAMB231	MDAMB361	MDAMB453	MX1	SKBR3	SUM1315MO2	SUM149PT	SUM225CWN	SUM229PE	SUM52PE	T47D	UACC812	ZR751	ZR75B
Response	-1	-1	1	1	1	-1	-1	-1	-1	1	-1	-1	-1	-1	-1	1	-1	1	-1	-1	-1	-1	-1	-1	-1	1	-1	-1	1	-1	-1	1	-1	-1	-1	1
RS_G11890__AQP3__AQP3	8.0116	10.6287	2.1647	1.9014	0	4.2468	5.9918	1.0506	0.53786	0.1979	0.81239	8.8606	9.6576	5.2418	8.1506	0.68742	6.8679	2.5285	9.4709	8.5654	0.81789	6.6899	6.2827	8.6321	6.4726	3.8282	10.8643	1.743	5.1633	8.3696	10.0805	1.1812	5.8895	1.0436	7.5892	3.3056
RS_G7673__TMPRSS4__TMPRSS4	2.699	7.5287	3.7492	3.3157	0	0	4.5026	0.31816	8.8153	1.9174	1.9884	4.8015	5.6948	7.7551	4.0871	0	6.8365	0.168	5.3764	5.8953	4.31	6.1115	0.26802	3.6486	0.47906	1.2545	7.1336	0	0	5.449	4.4458	0.96487	0	3.3235	5.4337	1.2718
RS_G13853__MYEOV__MYEOV	6.3729	7.3037	0.94306	2.7936	0.86396	5.76	8.559	0.96641	2.897	1.1154	1.0353	7.6376	8.0653	11.6292	8.5816	0	2.3799	2.052	5.606	1.7781	6.2019	7.8823	8.4674	1.4604	0.38509	1.5409	5.6216	6.1858	0.41537	4.5424	7.588	9.6487	4.8669	6.2237	5.1539	1.1507
RS_G8719__DQX1__DQX1	5.6099	3.965	0.20971	1.1459	0.57524	3.789	0.78162	0.57264	1.3792	0.37708	1.3782	1.3153	1.5275	0.84184	4.096	0.87143	0.3289	1.2424	1.3906	1.5839	4.8405	0.98642	0	3.7419	4.363	0.38452	3.8751	1.7522	0.36883	0	3.2749	1.7461	2.8997	1.878	0.49587	0.69789
RS_G12622__ENTPD3__ENTPD3	4.2057	1.6276	2.4329	2.2836	0.094504	1.3137	2.4286	0.70161	2.6439	0.25413	0.3192	4.9483	0.97482	2.9286	0.36104	0	5.8247	0	3.3313	1.5158	0.18811	0.28822	1.9706	0.86462	0.46191	0.47913	1.6258	0.17393	0.98866	4.5946	0.52321	0.10292	2.4856	4.1525	0	0
RS_G2255__SLC5A1__SLC5A1	7.3639	0.18874	0	0	0	0	7.3973	0.4324	0.32026	0	3.7281	0.59098	3.9327	4.9666	2.8481	0	6.8247	0	0	0	0.79107	3.7325	0	0.37256	0	4.0638	0	0	0	6.317	1.9414	0	0.23941	0.14429	0	0.29703
RS_G14301__CHST2__CHST2	1.0835	0.13336	0.23835	2.7032	4.1777	0	3.102	3.8426	0.1568	0	2.6096	1.3665	1.1804	0.13922	1.2898	4.074	0	6.1227	0.14698	0	0.15375	1.5489	4.6798	0	0.26037	6.8572	0	5.0333	4.8977	1.8192	2.0316	2.7945	0	4.0125	0.62457	1.5682
RS_G10056__ADAMTS1__ADAMTS1	0.40649	0.19684	2.7451	4.6542	9.1222	3.9788	5.5768	5.2846	2.2992	7.1431	5.8779	7.4379	3.0483	2.3121	6.6168	5.8881	3.6986	9.0055	0.10674	0.26857	2.8343	3.8711	3.8867	5.6499	6.545	7.2146	0	2.307	6.9795	5.0715	2.4462	1.1737	1.1843	1.2481	4.9621	4.8179
RS_G17030__AL391099.12__AL391099.12	0.79472	0	0.34856	3.2495	7.0864	0.12082	0.50749	2.7995	0.34788	1.7984	0.38468	6.4598	0.47817	0.21289	3.135	7.1336	0.29773	4.0806	0	0.59638	0.61194	0	5.5472	0.11398	0.92648	6.6016	0	5.2696	1.9796	0	2.6767	0	3.4413	0.35791	0.16657	3.3942
RS_G13359__HAS2__HAS2	0	0	0	0	6.2901	0	0.50167	7.8174	0.34679	2.7205	0	8.4229	1.3124	0	0	3.943	0.54231	8.0381	0	0	0	0	3.7323	0	0	5.7447	0	0	2.9735	0	1.4913	0.35491	0	0	0	0
RS_G3762__SLC2A9__SLC2A9	1.4954	0.57568	0.93317	0	0	0.89166	2.8768	0.14422	0.84178	0	2.7674	2.9945	4.708	2.8274	3.9188	0.23875	4.7518	0	0	0	0	3.5199	0	2.0806	2.3324	2.0517	0.56566	0	0.79858	5.2984	5.7181	2.0498	0	3.8285	2.6854	0.18248
RS_G1108__HES2__HES2	4.4607	3.9302	2.8301	3.7611	1.2035	3.2374	5.4767	2.0637	3.8406	3.773	0.79735	5.1219	4.3317	3.298	3.1671	1.5783	7.0011	1.8801	3.2803	2.8103	3.2227	4.7428	3.3004	1.7809	1.2412	2.1333	3.0231	1.9509	3.0032	6.1151	5.2663	0.95994	2.2767	1.9497	2.1743	2.2709
RS_G5237__TBX2__TBX2	0.96021	0.72685	5.1285	5.0152	4.0183	1.3886	0.36311	1.2263	6.6998	7.2074	4.4077	0.24317	1.76	2.8104	2.0121	3.093	0	6.0965	10.6415	8.6879	2.9302	4.1979	0.79001	5.9913	0	1.9082	1.4006	5.324	3.8517	2.663	1.8105	5.299	4.9525	5.0104	1.6296	2.9506
RS_G16329__AC005332.1__AC005332.1	1.4126	6.8891	0.52114	0.61053	0.59991	4.3973	2.5319	0	3.8846	3.0082	0.29172	0	4.0142	0.87419	1.9266	0	0.30182	0.9157	3.5412	1.9513	1.7228	4.6396	0.58014	2.4085	1.8568	0.95239	3.5274	1.8698	1.0444	0.73792	0.87371	0.51986	4.1958	3.3993	1.2154	1.6357
RS_G16526__ALDH1A3__ALDH1A3	6.9869	6.6244	3.4412	2.4634	1.2073	2.8938	11.2405	5.3582	10.9346	1.4376	5.1885	8.2874	10.8421	12.6084	10.846	3.2546	8.3779	5.4292	5.6338	1.6124	1.2527	9.3386	4.3207	2.1737	1.7792	7.1079	7.9504	1.5677	6.6021	7.6667	9.1305	3.6909	6.7618	5.3565	5.1568	3.5552
RS_G28763__AC004510.1__AC004510.1	4.18	3.003	2.4121	1.6074	0	0.35542	3.6551	0.20787	4.8439	0.65083	1.3738	8.3064	10.732	8.894	2.8922	0.17524	8.3564	0.54728	1.6529	0.49128	1.3465	7.7787	3.2587	3.0726	0.58147	2.5961	1.8833	0.59034	8.2401	1.6626	9.2063	1.1354	2.6933	4.6852	0	0.48286
RS_G11774__DEFB1__DEFB1	1.993	2.346	1.9138	0	0	0	0	1.7511	0.92315	0	1.0764	2.6711	4.6884	10.3764	8.1565	0	9.3815	0	0	0	0	5.5335	0	1.9353	4.1392	0	0	0	0.89009	5.4286	4.2375	2.4838	0	1.9013	0	0
RS_G14548__GPX2__GPX2	4.8242	8.3252	3.7534	2.8777	0	1.6118	6.1796	1.3359	4.7997	3.4838	0	10.0663	6.0728	10.4041	5.6684	0.98442	0.92393	2.4784	5.9235	3.1149	5.1792	7.1739	0	10.1258	1.5012	3.1834	7.4542	0.69745	2.1315	5.2688	8.4757	3.3507	2.9068	2.6696	4.7251	4.0923
RS_G9954__CACNA2D1__CACNA2D1	2.1335	0	1.1668	3.9351	0.97323	0.32384	2.57	3.6111	0.45332	7.0533	0	1.3672	0.38075	3.3847	0	4.5934	0.23314	5.0469	0	0	0	0.05505	3.7067	0.72084	0	0	0	4.0027	2.8864	2.4024	0.69703	0	2.5334	0.17908	2.8936	4.7378
RS_G13235__KRT4__KRT4	9.3812	11.4788	3.7138	6.6081	0.19191	1.292	4.5089	0.67209	6.6696	4.7751	0.6186	9.2252	10.5856	8.4049	5.9863	0.10105	10.3706	1.7151	4.2725	1.7253	0	6.4769	0.82122	4.2504	1.1517	0	10.7577	0	1.1482	6.9112	3.9312	8.1608	5.2153	10.2398	4.5519	0.62627
RS_G18941__ELOVL2__ELOVL2	0.97832	0	3.1252	7.4774	5.5966	8.5441	1.7512	1.7666	0.070198	6.2925	0.42152	0.29691	1.3447	0	2.9121	4.5434	0.059748	1.7002	1.7841	4.9042	7.7265	2.7866	0.3406	4.9088	0	0.95714	1.7719	0	0.46971	1.6876	0.37686	2.9014	4.5296	1.4157	3.6414	3.3965
RS_G7186__UPK3B__UPK3B	4.3257	6.4156	1.2753	3.3334	0.3283	2.2296	1.8455	1.4654	5.3559	2.2089	1.8358	4.9271	6.6409	1.9608	2.5166	0.59218	4.232	0.67228	8.4252	4.4801	2.2886	9.9063	2.0549	1.5968	1.4107	2.1768	5.4363	1.7678	7.0829	4.2696	9.7015	4.642	9.9793	5.8113	4.186	2.2517
RS_G9697__SACS__SACS	2.067	1.5539	2.7128	2.6618	7.5446	3.9356	3.7448	6.2877	3.522	2.4697	2.1369	4.2963	3.1799	3.5032	3.8339	6.3153	2.2163	5.8931	1.7435	2.3215	0.95951	0.95544	5.6932	0.64456	0.83687	3.0566	1.783	3.7786	3.1724	0.61696	2.3061	1.7719	2.088	1.7195	1.5692	3.5968
RS_G1423__FGFR1__FGFR1	2.6223	0.54709	6.777	7.0974	8.0925	6.9204	4.5239	7.3206	6.1057	6.3256	6.6419	3.1821	5.3519	4.853	5.5053	9.0117	5.0448	7.8731	6.4148	5.8034	12.806	7.7839	7.0505	8.0027	5.9527	8.4868	3.107	8.9611	3.8054	6.8247	4.3479	7.1144	5.0337	7.5974	8.1537	7.5687
RS_G269__PRSS3__PRSS3	0.35343	0.82397	0	0	0	0	1.1189	0.48236	0.79957	0.31429	3.9888	10.2482	0.33195	1.0975	4.0374	0	3.7863	0.24885	0.22944	0	0	0.49577	7.8197	0.50247	0.96621	5.5398	0	0	3.352	1.0003	7.0381	0	0.26426	3.8493	0	0
RS_G8036__ITGB7__ITGB7	2.8381	3.0819	1.1466	2.1593	0.68558	1.0459	1.566	1.2253	2.9661	2.2489	2.0587	1.0802	2.7707	2.6655	0.71429	1.6216	2.2171	0.30674	3.9679	2.3043	2.6539	3.0913	0.258	2.0046	0.91278	2.8123	1.8192	2.9868	1.7663	2.7812	2.6722	1.5759	3.646	2.6657	0.84553	0.26265
RS_G3648__CCL2__CCL2	3.6403	0.54392	0.65074	3.6296	6.3911	2.7066	0	3.1093	0	0.783	2.6054	0	0	6.1951	6.4836	4.4802	6.7484	5.2483	0	0	0	0.86553	10.2673	3.763	0	10.6981	0	0	3.3073	3.2444	1.3981	0	0	0.4296	0	0.81051
RS_G1786__C11orf67__C11orf67	9.4726	6.4935	6.6443	6.9031	6.2893	7.503	7.214	7.2342	7.6853	7.5573	6.403	5.8841	6.7088	7.1419	7.0019	6.6335	7.2744	5.8719	6.8052	7.2825	11.8405	8.0539	7.3424	7.4008	7.465	6.8934	5.922	7.787	5.1459	7.3349	6.7765	9.3329	7.7787	8.0532	6.4417	6.3191
RS_G21897__C6orf27__C6orf27	4.0436	2.3377	0	1.4627	1.5076	1.1811	2.3572	1.6498	0.50386	0.99374	1.43	2.4612	1.6903	2.4383	3.7011	2.2579	3.9854	1.6557	1.3428	3.4435	3.126	3.3976	2.3866	2.0866	1.8419	1.407	2.6372	3.4925	7.0749	3.599	4.4907	2.9356	2.4758	4.1119	3.6532	2.0079
RS_G7555__CTSL2__CTSL2	6.6635	6.2586	5.6688	5.1485	6.7847	5.8017	11.2857	5.654	7.0295	4.9705	6.5726	7.1559	7.1125	7.6576	7.9326	7.0231	7.0512	0.64634	5.9428	6.6346	6.2477	5.3029	3.8935	4.8953	3.6966	6.2073	5.8886	3.3803	4.4155	6.5763	7.4402	5.8106	7.3226	5.8826	7.0084	6.0221
RS_G9456__ESAM__ESAM	3.0999	7.3263	4.8154	1.7034	2.2405	2.6448	5.202	0.65953	1.5135	1.7182	2.2506	1.6495	4.313	3.497	3.9889	0.1375	5.2749	3.4482	3.3394	1.8742	0.14219	4.5607	8.6426	5.3302	3.8334	1.5372	7.7329	1.8701	0.50499	0	3.5671	2.9747	4.9043	4.4714	4.9846	3.9765
RS_G8740__AFF3__AFF3	0.44693	0.29226	4.8621	7.33	5.4881	6.8921	0.58624	3.254	3.5345	5.2327	2.2544	0.19739	0.1946	0.030628	1.9919	3.4856	0.29365	4.3984	3.8837	3.673	9.2559	0.99939	0.84566	5.9017	1.941	0.66694	0	1.8813	1.9608	0.46496	0.28438	5.0712	6.2548	3.8718	2.3747	0.30224
