Cell lines	600MPE	AU565	BT20	BT474	BT483	BT549	CAMA1	HBL100	HCC1143	HCC1187	HCC1428	HCC1569	HCC1806	HCC1937	HCC1954	HCC202	HCC2185	HCC3153	HCC38	HCC70	HS578T	LY2	MCF7	MDAMB134VI	MDAMB157	MDAMB175VII	MDAMB231	MDAMB361	MDAMB415	MDAMB453	SKBR3	SUM1315MO2	SUM149PT	SUM159PT	SUM185PE	SUM225CWN	SUM52PE	T47D	ZR751	ZR75B
Response	1	1	-1	-1	-1	-1	1	-1	1	1	-1	-1	1	-1	1	1	-1	-1	-1	-1	-1	1	1	-1	1	-1	-1	1	-1	-1	1	-1	-1	-1	-1	-1	-1	-1	1	-1
U133A__AQP3	6.9417	9.9287	5.2828	3.8137	3.5973	3.5918	5.1623	3.8326	6.214	4.2718	3.5187	3.6389	6.1709	9.5345	5.0948	8.4696	5.3084	9.2208	4.8822	3.9124	3.7876	9.5323	6.4128	3.3584	3.941	4.0983	4.1786	4.6432	4.8068	4.4401	7.8977	3.4774	3.844	3.6942	8.563	7.4664	3.7812	3.6757	7.4606	3.5666
U133A__NR2F2	3.8546	3.9071	7.786	6.5484	6.9842	7.5445	3.0831	6.5883	5.2905	3.3799	5.4746	7.2639	6.7675	4.2238	6.2959	5.1802	7.5495	7.0903	6.3474	6.6617	5.8807	6.2814	8.5361	7.1223	5.9595	8.1206	7.9019	7.1992	6.5105	7.5131	3.6811	6.3605	5.5146	5.5978	6.3304	7.0002	5.6772	7.5591	6.4496	7.0572
U133A__NETO2	4.1866	5.2203	8.556	5.5229	7.0904	8.3314	3.6251	7.3134	4.9915	7.0426	7.6731	6.7208	7.6539	7.7076	8.3348	6.1729	6.592	6.4802	7.0906	8.0553	7.0052	6.605	6.4807	8.0547	5.8595	3.8496	4.3	7.2842	7.0955	8.1756	5.1442	7.8191	7.5577	8.059	8.5558	7.8592	7.8868	4.4382	6.2995	7.593
U133A__DDAH1	8.9187	8.5483	9.3578	7.8829	8.8633	8.3878	7.0164	7.2762	7.0683	5.6482	8.0142	6.9419	7.8773	8.3529	7.671	6.9839	8.697	7.4941	8.6928	7.845	9.6453	6.2098	7.4176	9.7077	6.2347	8.0152	10.6373	8.2905	8.9321	8.726	8.7206	8.3137	7.7288	8.0215	8.5239	8.8246	8.3946	8.0016	7.7819	8.5761
U133A__OXCT1	6.6631	4.7613	7.2969	7.0793	6.9259	7.4812	5.4562	7.2017	6.2693	7.2918	5.6784	7.8659	7.0056	8.1555	6.5847	5.3265	7.3689	8.0283	6.8556	8.6449	6.7992	5.6591	6.2862	7.7316	7.7485	6.5278	5.8589	6.9388	7.5486	6.9538	4.8926	7.0168	6.2843	8.3718	5.3477	7.1209	4.9142	4.9097	6.2448	6.7417
U133A__ABCD3	7.0063	7.9745	7.1436	6.3069	7.8492	6.8135	7.3862	6.6818	5.9183	7.255	8.2673	7.6174	6.9651	8.3466	6.7182	6.5529	7.2546	7.3412	7.5314	9.019	6.6247	4.9952	6.5144	8.4445	6.8172	6.5626	8.4349	6.7162	8.2522	7.3388	7.5039	6.6689	7.1388	7.2822	7.4719	8.3822	7.5774	6.2728	5.995	7.2171
U133A__TSPYL1	7.1208	6.83	8.2478	6.8499	7.5148	6.8558	6.6155	6.5439	6.3823	6.2805	7.2393	6.7611	6.3812	7.6203	7.1452	4.9774	9.9714	7.4672	6.6912	6.8775	6.14	6.7769	7.2514	7.9883	6.4733	7.0354	6.9656	8.3367	7.0077	8.116	6.3896	6.688	6.094	7.0528	7.2503	7.8804	7.8928	7.6083	5.4603	7.6037
U133A__SLC27A3	7.2835	6.8031	4.7907	7.2837	6.4322	4.9482	8.9034	5.6328	7.3823	7.2365	4.9793	6.363	5.5198	5.3032	6.0769	7.0712	6.66	6.0547	6.0294	6.3945	5.64	7.0647	7.0305	6.369	6.1087	6.5284	5.2056	6.0497	6.5406	7.6815	6.8684	5.6795	6.2293	5.1971	5.7902	5.6833	5.4264	5.9204	5.332	7.1086
U133A__GNG12	7.5942	7.7849	9.0112	6.4664	6.5978	9.7447	5.7435	8.5615	7.6541	6.3405	6.7824	8.0676	8.631	8.0184	7.7945	6.6779	7.4507	8.4371	8.502	9.4671	10.163	5.8447	6.4708	6.9607	8.6305	6.6815	9.2273	6.8388	8.3046	7.625	7.4958	9.7275	8.1413	9.2598	7.333	9.1562	8.3668	6.9594	6.9873	7.0425
U133A__SC4MOL	6.5171	6.5786	7.7464	8.3085	7.3617	7.4395	7.4458	6.8419	6.4389	8.954	6.4917	9.1533	7.4509	7.0222	6.7823	6.5377	8.1324	7.125	8.7294	9.2114	8.0288	7.0404	7.5004	9.0774	7.376	7.5698	8.754	7.82	9.4736	8.5153	6.9312	6.2572	8.6736	7.0867	8.3981	9.7021	7.4237	6.2246	6.5214	8.3066
U133A__CYR61	7.9058	8.1337	8.7486	7.2872	6.0591	9.9464	5.4504	9.8365	7.7791	4.4815	7.6012	8.4784	6.7943	8.0849	8.6439	6.0084	7.6799	9.575	10.4785	5.9019	10.6077	5.8235	5.4758	5.6887	7.6585	7.316	11.0284	6.8624	7.1407	6.9966	8.7828	10.4135	8.5484	9.6697	6.1964	9.4093	7.826	8.5165	5.8984	5.861
U133A__UAP1	9.1598	8.4831	7.1609	8.1046	8.3803	10.5221	7.3076	7.6231	7.5494	7.5247	7.4176	8.5975	8.0611	7.6904	6.9409	6.9494	7.8611	7.7855	8.3676	8.4675	8.864	6.5547	6.1229	7.6336	8.1057	8.1617	8.5606	7.148	8.1879	8.1683	7.9066	9.5836	8.0031	8.7819	8.9616	8.4541	8.9146	7.0147	7.9779	7.8894
U133A__SIGMAR1	6.6971	6.5491	6.838	6.1648	6.5551	7.9344	7.2072	6.9764	6.412	5.4856	7.8107	8.1394	7.1604	7.205	7.5661	7.2087	9.6869	7.4714	6.4308	8.8252	7.3157	5.0659	6.1284	7.3123	6.6512	7.3871	7.697	8.0006	7.3732	7.4685	6.7951	6.3222	7.6779	8.1156	6.6905	6.504	7.3958	7.4854	6.6602	7.5516
U133A__DPYSL2	6.5499	4.3957	6.3934	5.6905	6.9064	9.755	6.403	6.8983	8.6685	6.876	6.4028	8.1874	7.4548	6.1458	4.9671	4.0143	5.8342	7.3601	7.5697	6.8732	9.3498	4.9229	6.4398	8.4362	7.9753	6.9726	7.9353	6.4448	4.2048	6.5866	3.6449	9.0406	8.4346	8.7608	6.6997	7.2071	7.204	5.519	4.2719	7.339
U133A__STEAP1	3.7161	3.9583	3.7114	4.1853	4.1123	3.7128	3.5633	4.3669	4.1825	3.8446	3.9806	4.3958	7.2176	3.6303	4.5839	5.1658	7.2723	4.4257	6.4105	6.2642	5.633	4.0483	3.9447	3.9628	4.2744	5.8621	7.3482	3.7494	4.4603	3.6677	3.6879	8.1299	7.6142	8.5636	5.8578	6.6618	7.2567	4.7198	3.8274	4.0184
U133A__FERMT2	6.0267	7.439	5.8723	5.3801	8.2001	9.8437	6.2531	9.1807	6.9012	6.5681	6.2655	6.1023	4.3862	7.7149	6.2438	5.1273	8.7037	9.2104	9.7082	8.4669	8.7483	8.2909	7.0989	6.4247	8.4146	6.1627	9.5633	6.3958	5.8793	7.5523	7.6505	8.7006	8.3695	8.7763	7.4012	8.3016	5.937	7.0412	4.5512	7.3271
U133A__PEG10	4.364	6.6302	3.9906	8.1281	9.6016	8.1486	3.9172	6.6267	3.9805	4.2871	9.5011	7.9792	6.1931	5.5066	5.5936	7.8128	8.8792	7.5935	6.139	5.9425	6.6412	3.7702	4.3317	8.6599	8.9766	8.8855	7.1709	6.8148	5.9734	10.1885	7.2019	6.7001	6.6294	7.5611	7.2204	8.3068	5.4518	6.2123	7.1904	7.0366
U133A__LMO4	7.4737	7.1325	7.3624	8.5532	7.9792	9.7098	5.7002	6.5274	8.2677	7.6793	8.0974	7.6477	7.0389	7.4546	6.855	9.4747	7.7206	8.0476	7.8791	8.7906	7.5205	6.2739	5.9112	7.0129	7.6279	7.9445	7.5364	7.9322	9.2733	7.7056	6.1979	8.918	6.745	6.2862	9.1307	8.2001	7.5695	8.3962	4.2304	6.628
U133A__DERA	5.5781	5.9419	6.8346	6.1925	6.5152	6.0295	5.272	6.4435	6.1059	6.7801	6.0139	6.0557	7.4637	8.1627	5.6616	5.2291	7.1835	7.0636	6.7477	7.7884	5.9393	5.0626	5.592	6.2087	5.1167	5.362	7.5361	7.2845	4.8626	5.9168	5.1172	5.9513	8.5474	6.6315	5.7685	7.1535	6.6148	8.9576	7.4364	7.1865
U133A__TUSC3	7.7061	7.3567	7.844	5.277	4.5591	4.9647	4.6926	8.0508	7.6665	6.4646	6.2996	8.2575	8.0232	7.9762	4.8685	4.7861	5.4514	8.2811	9.4858	4.5276	8.1364	7.6041	6.2045	7.4159	7.479	8.6055	8.0955	7.6463	7.7091	7.1886	7.1896	6.8362	7.6602	7.8885	8.4792	7.744	7.8483	8.204	5.5605	8.3897
U133A__SNX3	7.4822	8.0248	8.9435	8.0462	7.0702	8.3886	7.6091	8.0549	7.4899	7.8493	7.3454	8.4501	8.0451	8.4314	7.936	6.0484	11.1678	8.4686	7.962	8.1692	7.7878	7.7229	7.6676	8.7653	8.4924	8.0632	8.2593	8.4013	8.1024	8.0647	7.9791	8.03	7.2657	8.0497	8.0363	7.9844	8.681	7.3744	7.824	7.949
U133A__S100A14	10.6729	10.3133	8.3063	9.1691	8.474	6.475	11.3051	7.0504	10.3913	6.7286	7.2141	6.7811	8.4815	9.4805	10.1649	10.3037	9.6534	9.5955	7.3264	10.0147	6.498	10.3599	8.2332	6.2807	6.262	10.1752	5.626	9.6735	10.718	10.2781	10.9606	6.078	9.3308	6.0542	10.6196	10.0711	11.1628	6.9285	10.9098	11.131
U133A__ATP1B1	9.9985	10.6555	8.987	9.0894	9.4873	7.953	10.5124	7.0071	10.7765	9.4161	5.5723	7.0005	8.0635	9.8683	9.024	10.2811	8.4916	8.8909	8.4836	11.1555	5.7904	10.2571	8.5593	9.4818	4.4435	10.2751	9.3408	9.7824	9.7554	9.9854	9.7093	7.8881	8.672	7.3406	8.7469	10.6697	8.8248	8.5279	9.3935	8.2913
U133A__NBL1	5.9735	5.5208	5.2898	6.5773	8.0088	6.4156	7.816	6.7587	6.1978	6.1135	8.2531	6.5199	7.0638	7.4328	5.614	6.2299	6.0307	6.2699	6.1127	8.421	6.6186	5.6648	5.5864	8.6762	7.2315	5.4859	6.2246	6.6967	8.0563	7.9575	5.6058	5.9892	8.1472	6.4818	5.802	6.6236	5.6896	6.7591	5.5293	6.3593
U133A__BPTF	6.8483	8.6408	6.3479	7.5001	7.6163	6.0281	6.4019	7.0439	6.6098	6.6248	7.1143	5.6327	6.1347	5.7794	5.5429	5.7568	5.7125	6.3422	6.9605	6.1183	5.9811	8.3108	7.9599	6.0414	7.5758	5.8278	6.3989	7.9848	5.5364	8.2596	8.0437	6.3576	5.6765	5.9499	7.0151	6.1885	5.641	6.9433	6.8825	6.4022
U133A__NDRG1	8.6805	9.5465	6.8656	10.7596	9.778	5.7369	8.7552	7.21	8.7441	8.9747	8.2843	8.3586	8.4558	8.8067	7.6502	10.4825	8.7344	8.4931	6.3697	8.1136	7.8216	6.8145	8.2818	7.5775	7.4456	7.5	6.9756	7.9262	7.0386	8.4733	10.6886	7.7033	8.1369	6.9465	8.0954	9.5387	8.3876	6.9584	10.0224	6.6565
U133A__MT1F	8.8457	8.4682	11.449	9.0415	8.2996	9.723	8.3702	10.1491	9.3606	7.3736	10.1497	8.895	9.2237	8.6485	10.1593	8.2385	8.1514	9.0099	10.0446	9.6652	10.7	7.8613	8.0034	8.7306	9.3064	8.6793	10.6159	9.1573	10.5503	8.8884	8.8961	10.4918	11.0993	11.1161	8.3957	9.5437	9.1751	8.0095	9.2106	8.4788
U133A__HDAC2	7.3362	7.244	8.606	7.6767	6.867	7.551	6.9395	7.3048	7.0874	8.1325	6.5409	7.9756	7.3507	7.9535	8.3325	5.4068	10.9012	7.9686	7.3425	7.7932	7.6404	7.0908	6.704	8.7541	7.7129	7.1234	8.2561	7.7281	7.5994	7.9039	6.9991	6.7312	7.6319	8.2541	7.5854	7.5802	7.4804	6.7918	5.8817	7.6247
U133A__ALDH2	9.3805	9.7677	5.4141	10.227	9.9024	6.8361	9.4075	5.4681	5.5016	8.2046	6.0363	8.5911	8.8455	5.5621	4.9952	9.9548	5.4287	5.4604	8.6838	7.2193	5.5024	6.2979	6.6812	6.8677	7.5525	6.3535	7.9242	10.2982	8.6058	5.4285	10.0471	7.2277	7.8676	5.8958	5.3037	10.5581	5.8761	7.3889	9.1299	7.0443
U133A__MARCKS	4.0846	7.9558	9.3462	9.0052	6.1751	9.3931	3.1121	7.6127	7.562	9.3508	6.1638	7.7138	7.8514	8.6914	8.1749	6.8248	9.5401	8.7765	9.5328	9.2564	9.3228	3.4705	6.1732	9.3868	9.2405	7.1593	8.4118	8.1083	8.134	7.7284	7.2272	7.9364	6.5351	7.3555	8.9721	8.9906	8.8831	2.8129	5.898	6.8807
U133A__IL6ST	7.5935	7.0793	6.0749	5.4211	8.567	8.125	7.0206	8.2546	5.2974	6.534	6.7419	6.7623	7.3269	7.0733	6.731	4.2533	6.9801	7.0261	7.9029	7.3889	8.7535	5.2886	5.2522	9.4937	7.2806	7.1899	7.3972	7.6621	8.1222	3.4946	6.5663	6.341	6.8491	8.4642	6.1815	7.4497	7.8678	7.8973	6.8129	6.5801
U133A__HMOX1	5.9805	6.3462	7.4205	6.2042	6.0583	9.3758	6.8273	6.1023	6.6101	6.269	6.5746	7.1662	6.0146	6.2742	5.9549	6.1698	6.7426	7.6179	6.5557	6.0875	7.9038	5.9175	5.8619	6.4551	6.459	6.0077	6.365	6.3473	6.6004	6.3751	6.243	9.709	5.7164	8.5448	6.5511	6.6615	5.9153	5.9068	6.4186	6.8615
U133A__SQLE	4.6168	4.8927	4.3591	6.8869	5.4736	6.0938	5.7546	5.5038	5.7628	5.3462	7.445	7.1082	5.9528	5.9324	6.0501	6.1707	8.6598	6.0786	4.967	7.0212	6.4167	5.7956	7.6022	6.6369	5.7665	6.1527	4.5071	4.947	6.3689	5.9702	6.331	6.4119	6.1972	5.8236	5.8157	9.494	6.6624	5.4748	4.6577	6.0556
U133A__ANP32E	7.7696	7.1675	6.183	4.7827	8.1079	8.5756	6.3299	7.9447	9.2043	9.8021	7.8249	7.8684	7.971	7.8101	3.4688	6.0967	7.0035	8.1617	7.4757	9.4891	7.3647	7.0967	7.6872	7.282	6.932	7.591	9.3323	5.9998	7.3604	7.4851	6.1264	8.0691	7.2748	8.2153	6.6022	7.9594	7.1498	7.5878	6.7701	8.739
U133A__ASS1	8.9965	10.6204	10.1405	6.9859	9.3596	5.5255	9.906	5.071	11.4385	11.12	10.6679	9.6001	8.4924	10.0439	9.7497	8.8312	8.4519	9.9007	8.7957	10.7883	4.8566	7.9373	8.0875	7.5611	9.8209	6.1858	6.6999	8.4122	6.5167	8.0832	9.8523	5.3248	8.1294	7.8138	8.7915	10.3206	10.7413	8.3081	9.8953	8.8249
U133A__ASNS	5.7555	6.9915	8.9025	8.6184	7.1894	8.7816	8.0217	6.8922	7.2217	8.7944	7.2405	7.4364	8.23	7.3351	6.7055	8.3372	7.0562	7.619	7.5599	9.0102	8.0987	7.5216	7.197	7.7174	7.4411	6.7424	9.2835	6.6397	8.0286	6.3197	7.3892	8.7993	8.3637	7.3568	10.555	9.2583	11.7898	6.9057	6.5745	7.3136
U133A__KDELR3	7.7574	6.0177	6.3733	7.3768	7.0073	8.4164	5.4499	8.9598	8.6357	6.8337	6.2748	7.8566	7.4485	7.0864	5.1006	5.8854	6.8283	8.3566	7.4494	7.6389	8.6264	6.6977	5.9754	6.0059	7.9155	7.6533	7.7169	7.0497	8.1051	5.3789	5.5027	7.7253	6.8508	6.7554	8.6796	7.3828	7.6741	5.9734	7.138	9.1425
U133A__ISG20	8.275	7.6967	4.8316	6.2746	5.2423	5.0474	6.6827	6.4422	6.8949	5.3508	5.1734	5.7079	4.9467	5.2002	6.1257	6.1106	5.3907	6.1804	6.1827	7.1092	4.8358	5.1388	6.1813	5.9174	6.6011	6.2896	4.7503	5.8328	6.4042	5.2956	7.6847	4.819	6.2048	5.2027	7.8979	5.9049	6.5604	5.2023	7.9348	7.1531
U133A__RWDD1	7.4205	7.7046	8.7215	7.1539	6.7113	7.8573	7.1267	7.6753	6.7122	7.0839	7.2993	7.7228	7.3589	8.2412	8.0047	5.4506	11.1379	8.4297	7.6919	7.4456	7.9971	8.4697	7.1268	8.3973	8.1803	7.8542	8.3264	7.9228	8.0948	8.1495	7.8762	8.1894	7.0984	8.5174	7.2492	7.9832	8.9298	7.2329	5.5182	7.5395
U133A__ETV5	6.1958	5.3512	8.7998	6.0268	5.6377	6.6768	4.9464	6.4844	6.3476	5.5852	5.6541	6.9955	7.4543	6.374	7.529	5.8064	5.628	6.483	8.1696	5.9095	7.7918	6.185	5.4223	5.673	7.7123	6.6378	8.0412	6.1711	5.7368	5.7878	5.0177	7.3943	7.3494	6.991	7.0011	7.7549	7.809	5.5572	5.4015	5.2783
U133A__EFNA1	7.4693	9.3579	7.8341	7.5136	8.376	6.6392	8.3622	6.4668	9.1469	8.2413	7.3582	8.6901	6.6008	7.1272	7.1407	8.6568	7.8695	7.9285	6.7005	8.463	5.9166	7.5664	7.1332	5.7053	6.1636	7.2538	5.6049	7.2607	6.8021	7.6601	8.13	5.6522	7.3104	5.6485	7.3048	7.8227	7.0874	7.6772	8.8508	7.5574
U133A__SEC23A	5.6536	6.4033	6.0959	6.3551	5.6767	7.5831	5.0365	6.3168	5.6319	6.0224	3.7853	4.5046	6.0269	5.8319	6.0896	4.0846	7.3692	7.0419	7.823	6.2331	6.2394	6.075	6.6442	5.7261	6.617	6.0018	8.0254	4.5341	5.9943	5.3945	5.3527	6.4626	6.0872	6.8353	7.8656	5.2568	6.3942	5.4397	4.3727	6.6133
U133A__GNE	5.3352	5.3076	6.8641	5.2581	5.499	6.5008	5.4021	6.5984	5.967	4.4695	4.7172	5.5494	5.0627	6.9256	5.3405	4.9399	8.1098	5.192	6.4608	8.5545	5.9888	4.7223	4.7803	5.7832	7.899	6.9789	6.4229	6.856	6.3987	5.8493	4.9721	5.7542	5.3722	5.1636	3.8687	7.4947	5.399	4.9661	6.238	5.4946
U133A__PSPH	3.0836	2.8068	6.7289	8.8397	6.7999	6.9781	3.9571	3.0708	3.5236	4.0114	2.8876	4.9507	5.6603	5.337	4.8724	3.7695	3.2991	8.5676	4.3599	6.2269	3.3834	3.9784	3.957	3.1641	7.7069	8.0686	6.9336	3.8532	6.5213	3.6251	3.3861	7.1978	6.3427	3.5548	6.222	7.1996	3.3091	3.816	2.8167	3.3359
U133A__IMPA1	5.2363	5.5406	5.9502	6.2377	7.4474	7.8499	6.6765	6.156	6.7184	6.6645	7.2692	6.5049	7.2301	6.5723	6.7778	5.7266	6.2072	6.3296	9.1622	7.2514	8.1778	6.2839	5.8652	7.2879	7.6629	5.4641	9.0728	6.6845	5.8907	6.172	5.4364	7.0298	7.1631	7.3519	6.3428	7.4269	7.1394	6.7237	6.539	7.6335
U133A__SCGB1D2	12.0295	5.9787	4.3246	7.4401	4.2367	4.2012	5.4419	4.56	4.6072	4.468	4.4654	4.979	4.1649	4.2359	4.5342	4.8032	4.6409	4.3858	4.3554	4.1849	4.42	4.4166	4.8656	4.8114	4.6315	7.8355	4.3171	10.0737	11.5815	4.2609	4.5471	4.4279	4.1243	4.5642	4.1517	10.427	7.4584	4.425	6.8625	4.441
U133A__UNC13B	5.8654	6.5725	6.247	8.6947	6.836	6.2814	7.5756	6.3921	6.0785	6.0703	6.063	6.198	6.356	6.456	6.2065	6.365	10.5586	7.1594	6.4438	6.3226	6.2149	6.499	7.2795	7.301	6.063	7.1499	6.3471	6.8049	6.9117	7.4585	6.1252	6.9704	5.8598	6.6068	6.5921	7.0466	6.4418	6.7886	5.8494	6.6952
U133A__PGAP3	6.0798	7.7235	5.5166	7.8242	5.9351	5.2618	5.6344	5.7326	6.0077	5.363	5.2591	5.2674	5.2901	5.1176	8.224	7.6509	5.914	5.4419	5.4125	5.624	5.2056	5.12	5.6348	5.6203	5.1433	5.5062	4.8408	7.3947	5.4054	5.9113	6.9123	5.3523	5.1623	5.3377	5.4946	10.9139	5.4472	5.34	5.7382	5.5235
U133A__ITGB4	8.4764	6.8825	7.8694	7.2638	6.1489	5.1424	6.7049	6.7805	9.9222	5.9812	6.4977	5.6302	9.8634	7.2601	7.6693	8.0613	6.7599	9.2314	6.4951	6.4958	5.6846	7.7798	8.3127	5.2167	5.7594	7.597	5.8136	7.8203	7.0236	6.7098	6.7099	5.7868	6.8612	5.7862	9.5481	7.0662	7.1408	7.4342	6.2395	7.5587
U133A__EIF4EBP1	7.9985	7.814	9.3199	8.056	9.9591	10.0741	9.4622	8.4196	7.6208	7.7225	8.5358	9.1045	8.2318	7.6555	7.9632	8.6916	8.3943	8.1152	8.9644	8.1909	9.1244	7.9051	8.1133	10.8575	9.238	7.6932	8.7352	8.9594	8.0511	8.7799	8.0964	8.4184	8.8576	8.9189	9.8338	8.9039	11.8092	8.4097	9.4205	8.7757
U133A__CALD1	4.2559	5.8786	8.3527	3.9365	4.9682	7.9225	3.6763	6.3654	6.2884	9.1905	3.4181	8.0223	6.0784	7.1754	4.4506	5.9083	5.5558	9.2409	8.6378	8.8403	9.3954	3.6019	3.9175	4.3435	7.5768	4.9728	7.2995	5.0421	4.1759	3.5041	4.7812	7.3616	7.3157	7.8436	7.7707	8.0238	6.7517	4.3805	4.0081	3.6434
U133A__HMGCR	6.0331	6.4326	6.3363	7.321	6.5609	7.8885	6.984	6.1376	5.8695	8.4586	7.2356	7.0394	7.1813	6.4928	6.9416	5.9492	6.5252	6.7469	6.5062	7.7537	6.9313	6.2219	7.1617	7.3516	6.3985	6.6085	7.4748	7.067	7.7083	7.7555	6.2658	6.6407	6.9814	6.8028	7.84	9.7292	6.1367	6.9266	7.1185	8.0725
U133A__CYB561	9.3231	8.9941	7.8642	7.9717	8.632	6.2388	8.0748	6.4993	7.6969	6.9168	8.6582	8.3664	8.4426	7.8981	7.7693	9.4771	7.5397	7.7448	7.7648	8.0632	6.9285	9.7372	9.1411	8.1277	7.0833	8.4517	7.3983	10.3813	8.2127	8.7824	8.5366	5.2097	7.0984	6.7225	10.2413	8.9039	9.4326	8.5092	8.7911	9.3286
U133A__VOPP1	7.6593	8.9	10.3657	8.5874	8.6245	9.115	6.7288	7.963	7.8547	8.4462	8.1704	8.7079	8.1822	8.5	9.3412	7.7637	8.1654	8.6527	8.625	9.6986	9.4578	8.491	7.8327	5.7953	8.7511	8.4591	9.3697	8.6993	8.6485	6.2355	8.0525	8.391	9.1371	8.7429	8.9762	8.858	7.9485	8.3646	7.1938	8.6987
U133A__ARHGAP29	6.5591	7.3738	8.7035	6.2753	7.3346	5.1276	9.1535	8.4816	8.4873	7.8088	7.8577	6.566	7.504	9.7342	8.5161	6.1598	8.5221	7.9414	9.0108	9.1722	8.6052	4.3682	5.6539	7.3205	7.0369	5.82	9.7782	5.1043	7.1398	7.2637	7.1956	7.847	8.5281	6.4753	7.0779	9.6668	7.1987	6.1439	4.2457	6.1199
U133A__MT1E	7.8851	7.3809	10.9472	7.1994	7.283	8.052	7.2057	10.8902	8.2554	6.7525	10.3763	8.6888	9.325	7.7407	8.1952	7.4243	7.1704	8.6778	10.2166	7.6766	10.4822	6.9449	7.3634	7.9805	8.8841	8.1675	11.072	7.7895	10.3548	7.9851	7.853	10.6588	10.8935	10.8512	7.4854	7.5278	9.3421	7.187	8.0755	6.722
U133A__CCNE1	6.8741	7.656	7.5247	6.0468	6.445	6.8969	7.2893	6.4485	7.2019	7.4141	6.8348	10.73	9.2363	7.2786	7.4831	6.9354	6.9815	7.6167	6.8902	7.2455	6.758	7.6532	6.6415	6.293	8.9341	7.247	6.0525	6.3022	6.87	6.3794	7.0469	6.7699	7.6627	7.2453	5.2141	6.6193	6.1398	6.3324	6.3656	7.2583
U133A__ASPH	5.3746	6.8366	8.484	6.5254	8.1324	6.8716	5.3035	6.6723	6.5755	6.2036	6.0212	7.3679	7.8645	7.2219	8.1345	4.4642	5.177	5.7293	8.8405	7.2005	8.9386	6.6102	5.3359	6.6341	7.0177	8.5437	7.5871	7.8154	6.9904	8.6886	6.7725	7.7094	6.3051	7.5512	6.0606	8.0946	8.6961	5.212	5.9685	5.6668
U133A__NOTCH2NL	7.8298	8.6341	7.7021	7.6974	7.8539	7.4215	6.8991	8.2007	8.7139	10.2228	7.6996	7.2474	7.7885	6.7152	7.8414	7.163	7.8356	7.0501	7.9431	8.1671	6.7489	7.9419	8.6442	6.2143	7.3806	7.39	7.798	6.7809	7.1969	7.2189	7.5982	7.1509	6.6654	6.8928	6.7038	8.3539	7.4317	7.8704	8.3514	7.9329
U133A__ERBB2	9.3202	12.1579	7.8098	12.0098	9.58	7.0802	8.4009	6.6464	8.7493	7.9295	7.6523	11.8139	7.294	7.8108	11.5446	12.1228	9.3757	8.9136	8.1445	7.98	6.6782	7.0358	8.5128	6.8815	7.0918	9.2857	6.6117	11.035	7.8448	10.215	11.611	6.9193	6.6093	7.3643	8.4025	13.0449	7.652	8.3078	9.1095	8.3688
U133A__ADAM9	7.4142	7.5275	9.0774	6.2804	7.4135	9.3027	7.6696	7.8921	7.9906	6.0137	5.9751	8.8245	8.3077	7.2497	8.5078	4.5828	7.6816	7.525	8.4688	6.8256	8.2258	6.0776	6.0747	9.3548	8.2242	7.6408	8.4356	7.7889	7.5672	5.8249	6.8231	8.4699	7.364	7.1854	9.0709	8.6927	10.3643	7.8763	6.5808	6.9047
U133A__PSAT1	5.5922	6.1399	8.26	8.0258	5.861	8.3365	5.8022	7.4809	7.5477	7.3947	6.1203	8.0365	8.0175	9.2056	7.8975	7.689	7.0305	5.8761	6.9252	9.2504	7.682	6.5519	6.2562	5.9222	6.8654	6.9891	8.1257	6.2789	6.354	5.5266	6.6541	9.1564	8.6713	8.1064	10.4203	8.6947	6.019	7.2478	6.2581	6.1356
U133A__BTBD3	6.877	6.7463	6.2463	6.9788	7.7979	7.3751	5.4557	6.8743	7.5269	7.2278	5.7018	8.6077	6.5997	7.475	5.9069	5.1432	6.3204	6.3245	7.5103	7.5578	5.7128	5.0384	5.403	6.3836	5.318	6.3853	6.1573	5.5976	6.4031	6.3796	6.6153	5.4554	6.4899	6.3747	7.2173	6.4509	7.1558	5.6182	6.1618	6.4409
U133A__MEST	4.1765	9.1445	7.6999	8.9309	8.7516	6.6424	8.5033	8.9762	7.7862	7.8309	8.7083	4.5952	9.1663	7.8941	7.5623	9.1638	8.9105	4.5462	11.3108	3.7298	6.5437	8.65	8.9624	7.5797	9.3082	8.7994	7.1838	7.7	7.1751	9.0391	9.9474	5.8419	5.283	7.8764	7.8433	7.9864	3.8016	3.9968	7.7185	9.1736
U133A__INHBB	8.9319	9.0488	9.6677	9.0222	7.2062	4.1472	9.3761	5.0339	9.6701	5.4203	7.5198	6.4504	6.9645	5.8516	8.5289	9.0537	9.8052	7.5508	5.3406	7.9114	6.0214	9.2939	8.3263	6.5851	5.2305	8.5668	6.0086	6.9465	8.4557	9.7103	9.4064	5.8637	4.8836	5.3548	8.8214	9.2832	9.0283	8.3476	8.528	7.9564
U133A__BET1	6.457	6.8917	6.1	6.4871	6.6266	5.9282	6.3555	6.5993	5.9264	7.1228	5.9494	6.4942	6.1672	6.1476	5.602	5.7067	7.193	6.5846	6.7723	7.2706	6.6186	6.4599	5.748	6.1616	7.2448	6.7981	7.2339	6.0368	6.4559	5.7412	6.4165	6.3714	6.2335	6.4052	6.7489	9.3023	9.1437	6.3116	6.0472	6.3389
U133A__HES1	7.2466	7.8362	6.8655	7.9131	6.4896	5.1651	6.9367	6.6125	7.8518	7.9219	7.5594	6.5368	6.5024	7.6893	6.658	8.8103	9.585	7.7168	6.5411	6.9986	6.0367	6.746	7.2969	6.5532	6.3761	7.2673	5.6609	7.8519	6.9642	6.1492	7.3558	5.9077	7.0221	4.6059	7.9363	7.6559	7.3246	7.1297	7.1431	5.8228
U133A__COTL1	3.8873	6.1669	10.3469	4.9965	7.057	8.685	3.9985	8.114	6.2075	4.6672	5.8737	7.9639	9.1007	8.7132	9.1908	5.7679	4.9764	9.1278	8.7305	8.2581	8.4075	6.502	5.7289	4.8017	7.2017	5.5067	8.776	5.4758	5.1598	5.832	5.7785	6.831	8.3543	8.6649	5.26	7.8287	6.4731	6.115	4.3443	5.3925
U133A__AHNAK2	4.3732	3.6455	4.6633	3.7668	4.2833	7.8526	4.6283	6.6866	9.299	3.5509	4.9391	3.8991	6.3896	4.45	6.0159	3.693	4.1841	7.2624	6.7199	6.3673	5.4933	3.9157	4.2351	4.6591	8.267	4.9602	5.1847	4.0095	4.1542	3.6524	3.8567	9.5019	5.603	7.6929	8.3787	4.9678	4.0909	4.2427	3.8844	4.6233
U133A__ELF3	7.5457	9.7151	8.1411	8.6588	7.6365	4.5443	6.8332	5.2965	8.8709	8.6235	7.3098	7.955	6.3115	8.395	8.3632	9.1607	9.5127	8.8539	7.0033	8.8438	5.3407	7.0076	8.1508	5.7695	5.0759	8.4196	5.1225	7.6662	7.8192	7.1622	8.9949	5.89	6.1304	4.9205	8.3142	8.0164	7.5694	7.2921	9.5173	7.633
U133A__KLK6	5.4123	4.917	9.4507	4.8753	4.8251	4.9481	5.1348	5.1917	9.2735	8.0249	4.9307	5.5788	5.2118	9.1099	11.2762	5.5614	4.9339	8.6374	5.5375	4.5087	5.3166	5.1605	6.1085	4.7658	4.9606	5.3853	4.769	4.9731	5.1898	5.2134	5.3923	4.8629	4.7454	4.6814	5.0521	8.6083	6.9941	5.0235	5.0571	4.6177
U133A__FAM129A	5.0158	3.7621	4.7228	4.3398	5.5046	7.9531	3.6722	7.9585	4.8097	5.2083	5.9292	4.647	8.5176	6.8051	3.6708	5.0975	5.0773	6.7572	5.0536	8.9458	4.8652	3.935	3.6517	4.1287	6.924	6.5025	6.8604	6.0223	3.8873	3.8552	3.8009	6.1988	6.8953	4.1109	7.0005	8.3979	4.7178	5.0793	6.4028	4.0884
