Cell lines	600MPE	AU565	BT20	BT474	BT549	CAMA1	HCC1143	HCC1187	HCC1428	HCC1569	HCC1806	HCC1937	HCC1954	HCC2185	HCC3153	HCC38	HCC70	HS578T	LY2	MCF7	MDAMB134VI	MDAMB157	MDAMB175VII	MDAMB231	MDAMB361	MDAMB415	MDAMB453	SKBR3	SUM1315MO2	SUM149PT	SUM159PT	SUM185PE	SUM225CWN	SUM52PE	T47D	UACC812	ZR751	ZR75B
Response	-1	1	1	-1	-1	-1	-1	1	-1	-1	-1	-1	1	1	-1	-1	1	-1	1	-1	-1	1	1	-1	-1	1	-1	1	1	1	-1	1	1	1	1	-1	1	-1
U133A__IGFBP4	11.0146	5.2361	5.7082	9.7198	7.2318	8.0076	7.3593	7.5275	9.1421	8.2795	8.0721	7.2479	6.0637	6.3741	6.0228	8.3002	8.3906	8.9442	7.3456	9.23	9.7558	7.7929	7.1647	10.3468	9.1055	9.0012	5.6107	6.7255	5.6586	7.7099	9.881	6.4871	5.3041	5.5116	9.5902	10.2401	6.4333	8.2681
U133A__RNF114	6.7798	10.0609	9.3801	8.4793	7.6556	7.3372	7.7277	7.9296	8.0058	8.6718	7.973	8.7477	8.5949	11.4501	8.1842	7.849	8.3651	7.6045	8.3815	8.9345	7.7066	8.9229	8.2818	7.9847	8.1157	8.0394	8.3138	9.5327	6.3469	8.5934	7.3703	8.4966	9.1669	9.7197	8.8963	7.8848	8.0062	8.1745
U133A__PSMB3	9.6802	9.084	9.8988	12.1363	9.5618	10.306	8.8918	9.2269	9.1014	10.006	10.2436	9.5561	9.7906	9.2113	9.923	10.0025	9.3135	9.7381	8.6375	9.5798	9.9499	10.0309	9.6853	10.0956	10.8509	9.7682	9.7899	8.7196	9.5636	9.7851	9.9523	8.3181	8.917	8.9793	10.2048	11.8259	9.0869	9.9681
U133A__MXRA7	7.3883	4.9898	5.2513	6.1786	8.8708	7.5332	7.994	7.5735	8.5232	8.4778	9.4836	7.0129	5.6822	5.2279	10.1797	9.496	8.2414	9.2301	5.9779	6.369	8.1878	10.6844	7.7324	9.4217	6.698	5.4442	5.2076	5.147	8.9371	8.2772	8.9797	5.5672	5.5043	5.2859	7.7395	8.9281	5.6894	7.6177
U133A__FOLR1	7.267	7.2539	5.7563	4.6122	5.2837	5.2817	6.6157	6.049	5.332	5.7393	5.2999	6.8881	5.2769	8.4179	5.9979	5.2837	5.4512	5.5185	4.9262	5.2332	5.3831	5.4749	6.8812	5.3677	5.9134	5.4527	5.4047	5.8875	5.3654	5.6305	5.0397	7.4495	7.0132	7.5242	7.7639	4.9922	6.0473	5.2068
U133A__SLC29A1	7.9369	6.4061	5.6548	6.9671	6.072	8.2586	7.3036	6.0298	7.3864	7.595	6.5218	5.9948	6.6417	6.6939	6.8846	5.7294	5.6648	6.0583	5.899	6.6256	7.2738	5.1861	6.2051	6.8403	6.5509	7.0954	6.9551	5.7701	7.0758	6.8399	7.6483	5.4986	6.1302	6.2922	6.6821	7.5611	7.1754	7.0177
U133A__CLDN4	7.8095	7.8886	6.8892	7.4307	4.3947	6.203	7.5458	8.2974	7.4553	7.4055	6.5293	7.7536	7.9433	7.7545	7.8168	6.8585	7.604	4.6864	7.6706	6.9713	6.7166	4.3184	9.4105	4.2514	7.1352	7.4668	6.7302	8.1243	4.5668	6.7523	3.8645	9.26	8.5318	6.2457	8.066	7.7975	7.5057	6.617
U133A__CAMK2N1	7.984	9.1459	9.4608	8.3458	5.1483	8.6556	6.3505	6.2577	8.6715	6.6419	7.179	7.922	9.9631	8.3152	6.6618	7.3195	10.0484	8.0878	9.553	7.2483	11.0058	7.6561	10.238	6.867	9.2583	9.8342	9.6245	9.5868	5.7111	9.1636	7.9183	9.6719	9.5142	9.8937	8.0816	9.4807	8.5041	6.3299
U133A__RIPK4	6.9369	8.614	8.941	7.3972	6.6705	7.0491	9.796	8.8061	7.3564	7.6975	8.7888	8.9884	8.8039	10.051	7.9447	7.9849	9.5888	8.0963	7.4957	7.1495	6.9917	9.6954	7.2635	6.6804	7.1106	7.1915	7.0182	7.6382	9.5498	8.7522	7.4829	8.2037	7.9776	7.8159	7.7129	8.042	6.7148	7.0509
U133A__ACAA1	6.1633	8.8997	6.6984	5.2632	6.3551	7.0217	6.3772	6.4261	7.1641	7.3011	6.5595	6.1541	6.6504	7.0428	6.9482	6.9299	6.3982	6.6822	7.7278	6.912	5.4479	7.0365	7.5844	6.3811	6.9764	7.9024	6.7552	9.1231	6.4906	6.7173	6.0876	7.3427	6.9957	6.6535	6.6359	6.846	6.6572	6.2702
U133A__GPX1	8.9739	4.0916	9.6587	9.13	9.7074	8.7943	8.6375	3.8954	7.8047	3.5472	8.4418	9.4091	9.7496	3.7548	10.5188	9.1911	8.6679	9.1332	5.2514	5.269	9.851	7.3749	3.9513	9.7794	9.7769	8.2842	9.6262	4.1969	8.82	10.2252	9.2677	3.2767	9.1704	3.978	3.5145	4.9552	3.7776	4.1642
U133A__INPP1	4.5957	4.4569	5.3404	4.9835	5.0794	5.1826	5.963	4.6759	5.639	5.6827	7.4891	8.6164	5.1384	5.405	5.9736	7.2265	6.8993	6.1595	5.0695	5.2167	5.3192	7.3656	4.5652	7.1876	5.2332	5.0871	5.2625	4.6214	5.2558	5.5906	7.2272	4.1464	6.4462	4.8667	4.4657	5.4371	4.7565	4.867
U133A__CYP1B1	7.5192	6.2606	8.5069	4.9105	8.151	4.1785	5.7873	9.7315	5.5791	4.312	6.1979	7.1729	8.4376	5.8894	4.2552	10.1131	8.1797	3.837	7.9674	7.8669	9.832	10.1758	7.9074	5.0661	9.6657	8.156	7.3836	7.387	8.1346	7.4181	3.6701	8.3413	5.3846	8.6291	8.2634	8.1212	8.6215	8.3112
U133A__BNIP3	7.6212	7.8948	5.9232	9.2703	9.4819	7.7395	5.595	7.838	8.4411	7.3292	7.4467	5.1835	7.0648	4.7334	6.4132	7.9987	5.153	7.1221	7.702	8.0036	8.58	7.3753	6.7418	8.1999	8.8301	5.3629	9.1338	7.5778	7.4537	7.48	7.7954	6.9843	8.1186	7.6257	6.803	10.5984	10.5509	8.3751
U133A__ASAH1	6.782	7.6309	6.5642	6.3725	6.263	7.5971	6.3153	6.9968	5.0105	5.7667	4.9323	6.2513	6.0697	8.3842	5.5519	5.7256	5.6042	5.8445	5.7707	5.2513	5.7445	5.9329	8.181	5.5178	6.9474	6.1367	6.0655	7.0733	5.3256	5.8795	4.5582	8.1595	6.9545	6.4194	6.6742	7.7847	7.9367	7.1685
U133A__DPYSL2	6.5499	4.3957	6.3934	5.6905	9.755	6.403	8.6685	6.876	6.4028	8.1874	7.4548	6.1458	4.9671	5.8342	7.3601	7.5697	6.8732	9.3498	4.9229	6.4398	8.4362	7.9753	6.9726	7.9353	6.4448	4.2048	6.5866	3.6449	9.0406	8.4346	8.7608	6.6997	7.2071	7.204	5.519	7.3291	4.2719	7.339
U133A__EVL	6.5819	6.5993	4.6086	7.2508	7.1084	5.4912	5.4509	7.6442	7.3263	5.4225	5.6069	5.8148	5.1213	5.0845	6.1689	6.5112	5.5906	5.4023	4.5521	7.7047	7.3885	6.8544	6.2239	4.7318	7.4779	4.4135	5.965	5.412	5.6858	4.3026	5.815	7.3008	5.4453	4.793	5.3382	7.2771	6.5164	8.1337
U133A__SDC1	7.7805	8.9564	8.3437	7.34	6.396	7.35	6.8305	8.6221	6.73	7.0919	7.2113	8.2425	7.4928	7.8995	7.043	6.0373	8.8431	6.7277	7.6374	6.5287	5.6989	6.5597	10.0445	6.9291	7.3329	7.3949	7.469	8.3341	5.6999	6.0831	5.4268	9.4931	8.1072	8.0011	6.2336	8.0672	6.6757	6.7627
U133A__PCSK1N	8.5701	5.1548	5.3962	6.9004	6.1553	7.586	6.7564	7.5637	7.2533	6.7813	5.7054	6.0571	5.9201	6.8148	6.8731	6.6252	4.8381	5.3818	6.3363	7.0645	8.6712	7.6635	6.1384	5.4779	8.9092	5.3401	5.6267	5.3148	6.3185	5.3578	5.7835	7.1748	4.939	5.9004	5.8583	8.7879	5.7695	6.6894
U133A__L1CAM	5.131	6.8401	8.8594	5.4162	5.1979	5.9992	5.5173	7.8196	5.2405	5.5027	5.3762	5.4281	5.847	7.5077	7.1837	6.3174	4.9963	5.9868	7.9212	7.0946	7.0356	9.0199	5.9986	5.5005	5.3735	5.5797	5.2012	7.695	5.1086	9.1313	5.2153	6.4661	5.7168	7.2869	6.3167	7.8844	5.2102	5.2926
U133A__IGF1R	7.4366	6.0432	6.4696	7.616	6.7451	5.1784	7.4726	4.8247	7.1078	5.9359	5.9343	6.3173	5.3298	6.252	5.9489	6.6041	5.5932	5.6916	6.2705	7.8115	8.3023	5.3234	5.1774	6.931	7.3309	5.6135	5.2645	5.3017	5.5466	6.4853	4.9335	7.2016	4.7378	7.5757	7.0228	7.4657	5.5772	6.4581
U133A__BACE2	9.3765	8.281	8.179	6.3105	6.0657	5.3419	7.5574	6.834	6.793	7.912	7.5191	7.95	7.8842	9.2403	7.9159	7.0988	9.2209	6.3671	7.1378	6.2433	5.9436	6.2496	7.3922	6.7457	6.6809	7.7806	5.4893	9.4037	6.7943	8.3682	6.6684	5.4672	8.3419	6.8133	7.5997	8.4457	6.8962	6.4187
U133A__DHX40	7.0381	5.7867	6.4315	8.6347	5.919	5.9241	6.2316	6.2846	7.014	5.6478	6.411	6.2943	5.4408	6.003	6.5949	7.426	6.0468	5.1125	7.2359	8.2093	6.9354	6.8654	5.6059	6.4999	8.5027	4.9426	6.9965	5.1172	6.5324	3.9736	5.98	5.644	6.7685	6.3122	6.9005	7.842	7.2802	7.0766
U133A__IER5	7.3983	8.4834	8.2593	5.6405	5.9635	6.4142	7.3217	7.8547	5.634	7.5246	8.7751	8.6291	8.5956	9.4112	7.7493	7.0389	9.4247	6.8806	7.7217	7.0547	7.6119	7.9844	7.7677	7.9227	6.8566	6.0609	6.9052	7.4431	4.9517	7.9731	8.0814	7.4049	7.5876	8.2302	8.1897	7.8434	7.3929	7.6796
U133A__SORD	6.8487	7.5338	5.0809	7.4334	7.6924	10.2448	6.5448	6.994	6.3619	8.3127	8.8706	6.6022	6.8983	5.5765	7.2783	6.9989	6.9431	5.7191	6.3213	7.0173	8.0913	6.2285	7.1018	8.2329	8.0685	7.9099	9.6373	6.7424	6.6238	7.842	8.0155	7.3665	5.8317	7.1819	7.3664	7.0094	8.6978	9.2856
U133A__TGFB1	5.9513	4.8708	6.8974	5.4725	7.6091	5.426	7.5996	5.0132	6.1979	6.213	7.3059	5.6044	5.7321	5.1609	5.4784	8.1482	6.8518	9.5736	6.1038	7.11	6.7	9.5702	4.9982	7.0412	7.021	5.5408	5.1952	5.4666	7.4693	8.4618	8.5279	4.7022	5.8055	5.0334	5.4006	5.4102	5.4893	7.0574
U133A__GOLM1	10.7915	6.9699	6.8996	6.1436	7.6162	6.9619	6.097	6.8168	4.7724	7.2941	6.293	7.9946	8.2171	10.0582	6.9203	7.2777	7.3807	6.7465	6.279	5.3774	8.0129	7.4232	8.809	7.3179	5.4568	9.5048	5.0972	8.7597	7.0625	7.1676	7.1221	8.1662	8.2527	8.4265	7.2974	10.2189	5.9218	5.7551
U133A__RARRES3	6.2411	9.4968	5.8376	5.5572	5.0381	5.4944	5.277	9.0935	6.0281	5.4879	6.1373	9.54	7.6356	7.8721	5.3288	7.4354	9.2101	6.0114	5.3198	5.0877	8.4487	8.6168	6.2465	5.42	5.3185	8.767	4.7062	6.5872	5.4085	5.0522	5.5527	5.5433	9.1235	7.481	6.2309	9.4509	5.626	4.9116
U133A__ANP32E	7.7696	7.1675	6.183	4.7827	8.5756	6.3299	9.2043	9.8021	7.8249	7.8684	7.971	7.8101	3.4688	7.0035	8.1617	7.4757	9.4891	7.3647	7.0967	7.6872	7.282	6.932	7.591	9.3323	5.9998	7.3604	7.4851	6.1264	8.0691	7.2748	8.2153	6.6022	7.9594	7.1498	7.5878	8.6942	6.7701	8.739
U133A__SOX9	8.2497	7.1016	7.4328	6.4415	5.1599	5.4662	9.6309	7.8348	3.694	7.2584	4.6655	7.6915	8.1163	7.6546	8.6772	8.0704	9.0411	7.0576	6.8808	5.2438	3.9939	7.05	7.7779	6.2797	7.1848	7.9098	4.4058	5.1836	7.2816	8.8149	3.9671	8.6517	7.8486	7.6821	5.5651	8.8612	7.6305	6.2065
U133A__CDS1	6.9342	8.169	7.1014	6.1529	4.6661	6.6883	5.7098	6.1086	5.7983	6.1974	6.6959	6.7502	7.3118	6.8258	6.321	5.7782	6.6791	5.005	6.6497	6.3397	7.0044	4.9123	6.9792	5.0018	7.4359	6.9108	6.7669	7.3771	4.7441	6.4201	5.4182	9.0847	7.0352	6.8814	6.4939	6.8096	7.0282	7.4944
U133A__SPATA20	8.0097	8.0667	8.4022	8.973	8.1244	7.9384	8.1626	6.0568	7.9664	8.2571	6.9651	7.1642	7.1251	6.4692	7.276	8.545	6.7971	8.151	7.9175	8.4668	7.4922	7.9718	8.2501	7.8416	9.0767	8.2506	8.2715	7.4515	8.086	7.3961	7.0211	6.8099	6.2629	7.8545	8.2459	8.3378	7.6437	8.3765
U133A__PTPRU	8.8461	7.7909	5.3599	5.5647	5.6295	5.9431	6.2068	5.2724	5.8775	7.1523	5.8751	6.4143	6.3077	7.2033	6.1426	5.3025	5.9901	5.6516	5.9064	6.0962	5.8296	6.0597	6.9492	5.1764	6.0926	6.86	5.6323	5.9691	5.9083	6.7002	5.6666	7.1784	7.0607	7.8153	6.1712	6.6981	6.3257	6.6313
U133A__LIMCH1	6.0867	7.0559	7.0651	5.9547	3.4312	4.4364	6.6193	6.9381	3.4256	6.7857	4.222	6.9595	5.566	8.4483	5.7588	5.1467	7.6226	5.4328	4.0459	3.9423	6.553	4.4139	6.8992	6.5312	5.033	5.5271	6.2939	6.1873	3.4676	5.11	6.8599	8.4582	8.2485	7.9542	4.2224	6.6392	7.7023	3.813
U133A__CSRP2	4.6788	4.979	4.1554	5.0201	7.7089	4.3732	5.1256	8.5335	4.1902	5.8713	8.9537	4.8602	4.5477	5.8602	6.7445	6.1986	3.8214	6.0008	4.9673	4.4735	5.2102	6.9489	4.3389	7.2707	5.5783	4.5925	4.4372	4.4089	6.4662	6.4077	5.9498	4.0688	4.8518	4.6758	4.0357	4.863	4.0661	5.474
U133A__TMEM45A	3.9251	5.6223	5.8104	3.8356	7.0954	4.067	5.7298	5.2926	3.536	5.1283	6.8653	8.9616	7.9155	6.9156	6.3791	5.8904	8.43	6.0737	3.7106	4.2822	4.5262	6.6374	6.9656	5.4727	3.5937	7.3845	4.0045	5.9107	7.7047	7.3691	5.9503	7.837	7.01	8.6357	3.6449	8.7797	4.7818	3.96
U133A__BET1	6.457	6.8917	6.1	6.4871	5.9282	6.3555	5.9264	7.1228	5.9494	6.4942	6.1672	6.1476	5.602	7.193	6.5846	6.7723	7.2706	6.6186	6.4599	5.748	6.1616	7.2448	6.7981	7.2339	6.0368	6.4559	5.7412	6.4165	6.3714	6.2335	6.4052	6.7489	9.3023	9.1437	6.3116	6.7942	6.0472	6.3389
U133A__LASP1	9.5381	8.8228	9.664	11.8925	9.1628	9.3673	8.5106	8.657	8.8387	8.7288	9.609	9.423	9.7487	9.9354	8.9098	9.4553	9.1961	8.8766	7.5227	9.3005	9.6931	9.5261	8.2583	9.5882	11.114	9.393	9.1818	8.5311	7.9899	9.1735	9.2861	8.7128	8.7215	7.7283	9.741	10.3033	8.6075	9.0406
U133A__C1orf106	10.0398	9.071	7.5414	6.4457	6.014	6.2668	7.1557	9.242	6.8518	8.8609	8.3117	8.8083	7.699	9.1534	7.9706	6.8505	8.7505	5.9213	5.7634	6.1472	5.874	5.323	9.2096	6.4594	7.3261	8.0817	7.0397	7.7464	6	8.7694	5.5202	7.8809	6.8588	9.3234	7.395	7.6388	8.4486	7.6676
U133A__ITGA3	7.0347	5.904	8.7863	7.0003	8.0259	6.2689	7.8936	5.0259	6.8603	5.3603	7.6743	7.3976	8.3943	5.562	7.1843	8.7137	6.5616	7.4535	6.6455	6.406	6.3636	8.2664	6.2884	7.5132	7.5224	6.7249	6.8296	5.5944	6.0298	7.3832	7.7502	5.8839	6.4267	6.8074	5.8556	6.1491	5.7229	5.9956
U133A__BRP44L	7.3579	8.4504	6.9671	6.6044	6.4688	7.3948	6.1308	7.78	6.7401	8.099	7.6553	7.1964	7.7168	9.8542	7.801	5.8538	6.771	7.1507	6.6991	6.4159	8.2166	7.8053	7.8571	6.8111	7.5752	8.1616	7.7041	8.3869	7.4621	6.758	7.6077	7.3253	8.9495	9.1394	6.907	7.457	6.8471	7.551
U133A__MAP7	7.0294	6.9618	5.9371	6.2892	3.3979	5.2062	5.9871	5.1248	4.7305	4.9076	6.0043	6.1708	6.1226	7.9469	5.9668	4.6054	5.9177	2.8929	7.3712	5.9184	6.9424	3.6628	6.5938	3.1392	7.5058	7.6036	6.3028	6.4188	3.2386	5.2887	3.0559	7.2239	7.2001	7.7799	5.1143	6.5055	6.9507	5.9986
U133A__COL1A1	4.8595	4.5017	4.3453	6.7347	11.3634	4.9378	5.8092	4.8212	5.5465	4.0655	4.7173	4.1605	3.5882	4.5906	7.139	10.8683	4.5265	10.6014	3.8974	5.0738	5.193	10.155	4.7577	3.982	5.968	4.0965	6.6127	3.9594	11.1959	5.4949	8.7142	5.5253	4.1782	4.3818	5.6643	3.9736	5.6976	5.9443
U133A__SGCB	5.8037	4.345	4.4165	4.5248	7.8458	4.0945	5.9386	7.1406	5.1858	7.0696	6.3675	4.4416	5.602	3.9234	7.0299	6.7798	4.7882	7.8291	5.4336	5.8159	8.2976	8.6534	5.0713	7.4406	4.5614	4.3851	4.0615	4.7536	6.9454	6.2714	7.184	4.3896	4.0284	5.3401	5.106	5.3055	4.3728	5.1227
U133A__OBSL1	6.4514	8.9967	8.0289	7.8813	7.8676	6.4196	6.992	7.3861	7.9661	7.1877	6.5112	6.835	7.0874	9.4103	5.8645	7.4016	7.6103	5.0045	8.8911	7.6113	6.4547	7.3043	7.8238	6.2485	8.0171	7.5013	8.824	7.9762	6.5707	7.5554	5.2249	7.6849	9.4082	7.1551	5.7054	8.0534	6.569	5.8275
U133A__ELF3	7.5457	9.7151	8.1411	8.6588	4.5443	6.8332	8.8709	8.6235	7.3098	7.955	6.3115	8.395	8.3632	9.5127	8.8539	7.0033	8.8438	5.3407	7.0076	8.1508	5.7695	5.0759	8.4196	5.1225	7.6662	7.8192	7.1622	8.9949	5.89	6.1304	4.9205	8.3142	8.0164	7.5694	7.2921	8.2882	9.5173	7.633
U133A__ALDH1A3	6.3501	8.1049	10.7086	5.7829	5.0371	5.7541	10.4029	6.9131	5.5586	5.9053	9.253	9.3821	11.1356	7.2073	9.6541	7.0172	8.7778	6.3367	7.9258	5.9722	5.3213	6.7306	7.3828	5.8164	5.5605	7.0272	5.6679	7.2823	5.5688	9.2197	5.8794	5.5785	9.9387	4.9809	5.821	6.1372	6.0094	5.9709
U133A__SNX7	7.2258	6.9361	6.6633	6.3575	8.2264	6.3147	7.2735	6.4903	7.5596	7.2552	8.0102	8.1539	7.6537	5.9321	7.1316	8.3416	7.9242	8.5314	5.7752	7.1402	5.4831	8.5363	5.4501	9.0729	6.7602	6.3801	7.3553	7.4533	9.1969	8.5021	8.5449	5.1871	6.7639	5.9201	4.634	7.2475	6.574	7.2083
U133A__C2CD2	6.774	8.7407	9.2737	7.1994	5.6435	5.9359	6.1188	7.8405	7.7948	6.9643	7.2193	6.2788	6.0795	5.1897	5.3207	6.1441	7.489	6.3777	5.4927	5.9892	4.3464	7.1836	6.9948	6.1461	6.8773	5.5821	4.915	8.4905	6.6962	7.2271	6.4275	7.5738	8.665	6.9045	6.6834	8.2981	6.738	7.3067
U133A__MLLT11	6.2166	5.4252	5.4761	5.4696	9.2362	5.5842	5.7505	6.2622	6.0969	5.7778	9.3885	5.6596	5.1106	5.3868	5.5513	9.7364	5.8626	8.5124	5.5678	5.6979	8.2225	8.9305	5.5103	5.6819	8.5691	7.7028	7.9421	5.7603	7.4782	7.9219	7.7591	5.4643	5.3271	5.7609	6.4866	6.123	5.5322	5.3209
U133A__PLXND1	8.0278	8.0521	7.2243	6.8569	6.1152	6.932	6.7389	7.6025	7.7119	7.432	6.9718	7.012	6.7294	8.5089	6.3405	7.3005	7.767	7.1712	7.5315	8.1479	7.045	8.3326	9.6295	6.9015	7.1637	6.9815	8.0254	6.8911	7.248	7.013	6.1165	9.3213	7.7929	7.2942	7.5523	8.2313	6.6068	6.7508
U133A__TRIL	6.45	7.691	4.9883	5.7803	4.3206	6.0987	4.8923	6.7164	6.9271	4.5574	4.0993	4.5377	4.618	7.1386	4.4006	4.3815	5.8478	4.3545	4.9991	5.0011	7.308	4.4089	5.3409	4.5657	5.6758	4.9838	5.7791	7.6403	4.4034	4.3459	4.6801	7.0693	7.903	5.9149	7.3008	6.3524	6.3898	4.6888
U133A__TSPAN13	9.6774	10.0953	8.3777	10.249	5.511	9.5712	7.7338	7.6575	9.9233	6.7565	9.5285	9.5561	9.2752	10.611	8.413	7.5481	10.2011	5.4571	9.1734	9.4408	9.5767	7.3108	10.1409	5.6786	10.1128	10.3424	9.7301	9.8614	8.6711	6.8176	6.1061	11.0026	10.0425	11.2545	10.2015	10.0762	10.0917	10.3821
U133A__EPAS1	7.5586	9.4435	9.3385	6.5628	7.1099	6.6122	6.878	5.9279	7.9068	9.1876	9.0687	8.1309	8.2067	11.134	8.0527	8.9875	8.7955	7.4187	9.242	7.7912	8.5965	8.4085	9.4821	6.3178	8.0953	7.8271	7.9185	9.5402	6.3055	8.8077	8.0257	8.9549	7.1293	10.3129	7.6909	9.5309	7.7552	6.3461
U133A__SLC39A6	7.7971	6.2623	5.3606	8.41	7.1998	7.8475	7.3674	7.4381	7.3231	6.8048	6.6043	5.6466	7.0401	6.5261	6.3182	7.2364	6.9683	6.666	7.9931	10.5732	8.0261	5.5622	7.2093	6.5394	8.0151	6.4029	6.5248	6.2838	6.153	7.6162	7.6329	7.1446	6.6113	7.6467	7.1279	8.8267	9.2532	11.5676
U133A__IRS2	8.2646	5.3993	6.3871	6.1831	6.2723	5.228	9.8849	5.6423	6.4241	5.833	9.3915	7.7954	6.0032	5.453	8.6129	6.621	5.3606	5.4758	5.921	6.2504	6.3569	6.8503	5.6481	7.0768	7.1192	5.6215	5.0591	5.6329	6.3412	7.299	7.7423	7.3676	6.7356	5.7346	6.0545	5.8869	5.9846	6.0265
U133A__ID2	8.0734	7.4444	3.4919	9.022	8.2608	9.4546	8.9987	8.7602	7.2989	8.911	5.122	9.6486	3.8659	9.4692	6.8716	7.2985	6.0127	7.966	7.686	8.6926	9.3373	7.6134	7.141	4.5686	9.3071	7.5169	9.9817	7.6966	5.7772	6.8302	6.2331	6.7214	6.8739	7.9709	6.2231	7.4058	8.9398	6.7317
U133A__QPRT	6.2711	9.4457	8.2145	7.4417	5.6007	6.3278	5.4435	5.1401	7.275	7.3774	5.6756	5.5612	6.3718	8.0511	8.7061	7.02	9.2734	5.9733	7.4239	8.1142	6.9332	8.6614	7.115	5.2379	9.1192	8.4536	6.314	8.5981	5.9379	5.4969	5.6873	7.2077	9.2223	6.3381	7.7665	8.9526	8.0018	5.6556
U133A__MALL	5.9594	9.6574	8.4122	5.7996	5.5609	5.355	7.6983	5.6344	5.9818	6.1853	8.6162	9.3676	10.0543	8.4348	6.8244	7.0931	9.9715	5.675	8.3023	6.3252	5.9264	5.4322	6.7314	5.8379	5.7292	6.607	5.6076	6.8833	7.6292	6.4668	5.7006	6.9903	8.1516	5.6005	6.0371	5.9517	5.5443	5.7131
U133A__TRIB3	9.0028	9.4839	8.2244	9.3851	8.1789	9.2784	7.8627	8.1408	7.3561	7.9885	8.0431	8.3225	8.1897	9.1229	7.2537	7.8749	8.5921	7.3169	7.7317	7.7524	6.9773	7.7019	9.4918	7.0513	9.2248	9.1973	9.2415	9.2335	6.7173	8.1263	7.6057	10.2862	10.4969	10.5917	8.0399	8.4322	8.2995	8.6039
U133A__DTX4	8.5534	9.0599	7.5579	7.4076	6.0917	6.706	6.3983	8.0553	6.4963	8.0591	7.1172	8.3881	7.9724	9.3534	6.8807	5.8196	7.6493	6.1719	6.0955	6.0561	6.6433	6.6331	8.2983	5.8898	7.0834	7.3844	6.6527	7.4584	6.2423	7.1386	5.167	7.0847	7.7214	7.9261	5.7985	9.3252	6.781	6.6645
U133A__GJA1	2.8251	2.8586	2.9544	2.9839	10.2343	2.855	3.0983	2.6954	8.3065	2.8297	7.2101	2.6602	2.7479	2.9591	2.7973	7.2452	2.8227	7.4182	3.0721	3.2832	4.9732	7.1043	2.9603	7.1958	2.8845	2.8895	2.7177	2.747	10.3929	2.8106	7.9029	2.7828	2.8426	2.8623	3.074	2.8055	2.7005	9.3974
U133A__ENO2	5.1627	4.0911	5.0998	6.6118	6.9977	4.9804	6.2819	8.2687	6.2731	4.7508	6.4502	5.5642	5.1484	4.7591	5.8573	6.9516	7.8481	5.5888	5.4637	6.616	8.755	5.9837	6.0338	6.8473	7.2303	5.0264	7.0545	4.8103	5.1581	7.4881	5.4806	6.4091	5.8408	4.6669	4.993	7.0729	7.8942	7.415
U133A__MXRA5	5.2332	4.6637	6.0163	7.4841	4.7947	4.5551	4.9826	6.7802	4.837	5.0977	6.1062	4.7687	5.3734	6.4152	4.7036	5.8213	7.2927	4.7979	4.9999	5.5863	4.834	7.9013	4.9308	4.7025	4.8555	5.5107	4.7987	5.4203	6.9265	4.8411	4.5757	5.3966	5.7488	4.7125	4.5437	6.7315	7.4124	5.4783
U133A__FAM174B	7.6688	7.039	8.6806	7.2556	5.5542	6.0659	5.9859	5.9155	6.0452	5.895	5.4407	6.3246	6.3647	7.2938	5.6754	5.7021	6.1376	6.1391	6.7886	7.0665	6.8153	5.7914	7.8239	5.7429	7.5637	7.1023	6.5758	6.7257	6.0008	5.608	5.8132	8.5023	7.6422	6.56	6.7379	8.822	6.8445	6.1006
U133A__FHL2	6.8345	7.5313	10.607	6.7725	6.7465	4.7439	8.3456	5.4334	4.6551	7.6402	7.5109	8.0003	9.859	5.3809	7.916	7.8709	7.455	9.4441	6.409	6.7517	6.052	8.0689	7.7059	7.9957	5.0216	7.9393	4.7353	6.6008	10.66	8.0581	7.9105	7.7389	9.5596	9.8828	8.7644	10.1995	6.2594	5.9175
U133A__BASP1	5.4356	5.7977	4.4396	10.6202	11.5185	8.8654	6.594	9.1826	5.6244	6.3603	5.5235	8.6432	5.4185	9.2461	7.096	10.984	5.1029	10.982	9.543	11.1484	8.6087	11.8373	5.8638	9.7536	8.7157	5.3006	6.2352	9.4114	10.254	7.787	10.2463	6.6101	4.8086	5.856	5.2301	8.934	5.5732	5.2642
U133A__NBL1	5.9735	5.5208	5.2898	6.5773	6.4156	7.816	6.1978	6.1135	8.2531	6.5199	7.0638	7.4328	5.614	6.0307	6.2699	6.1127	8.421	6.6186	5.6648	5.5864	8.6762	7.2315	5.4859	6.2246	6.6967	8.0563	7.9575	5.6058	5.9892	8.1472	6.4818	5.802	6.6236	5.6896	6.7591	5.391	5.5293	6.3593
U133A__RAI14	5.8045	6.8528	7.6505	6.5191	7.1977	6.3754	6.2722	5.5801	7.0817	6.0818	7.393	5.9586	7.2175	4.9184	8.4573	6.3942	8.6065	6.5584	5.6957	5.9513	5.9509	8.3284	6.7127	7.995	7.088	4.6179	5.8292	6.033	4.3547	5.7551	7.8314	6.3683	4.7881	6.0277	5.7235	6.4105	4.2361	5.793
U133A__ATP2C2	6.3307	6.2095	5.2594	6.78	4.7505	6.4084	5.4049	4.9367	6.2669	4.6402	5.5946	6.105	5.0725	6.7137	6.1365	4.8823	5.9041	4.6599	6.1516	5.6878	5.0964	4.7406	6.6441	4.5629	6.3763	7.4543	5.9877	6.6966	5.0115	5.5817	4.528	7.6748	7.6835	6.0596	5.6751	6.1125	7.0079	5.4811
U133A__PPL	7.2713	8.6978	8.5532	7.5989	5.343	7.0375	7.7172	7.1606	6.3943	5.6236	8.6777	7.8406	6.9215	9.0138	6.3552	6.8729	8.4826	4.9562	8.1627	7.1625	6.2894	4.9658	7.221	5.0623	8.1619	8.0623	6.3576	7.8424	6.0512	6.4286	4.7362	7.7004	9.3791	7.1074	6.9717	8.5963	6.9001	7.5252
U133A__TSPAN1	9.3745	7.2603	7.2662	8.5961	6.4918	6.9411	7.4681	6.6056	6.7279	6.943	8.2162	7.0272	8.0192	8.5001	6.9583	6.4954	8.0456	6.7756	7.154	7.1847	6.8627	6.7157	8.2545	6.6297	8.6439	9.9854	8.653	7.2301	7.0815	7.0146	6.8299	10.7266	8.7427	9.5972	7.2844	7.9478	7.472	7.3267
U133A__GCHFR	7.0875	7.7336	7.3299	7.4086	5.9174	7.0334	6.0695	5.6255	6.5892	6.057	5.9386	5.6697	6.4225	7.2153	6.4454	5.5521	9.3148	5.7151	6.6593	6.6104	6.846	5.6439	8.0588	4.8651	7.7018	7.5975	8.9348	8.3753	6.5251	6.4883	5.3529	6.5813	7.5842	5.7935	6.8521	6.8993	8.7278	7.0875
U133A__MED1	6.789	9.401	6.6315	9.8321	6.543	6.5188	6.1616	6.714	5.4657	6.4849	6.584	6.2933	5.5168	6.165	6.7157	6.7015	6.6643	5.9833	5.9938	6.0596	6.5369	6.341	6.0538	7.4592	7.1028	5.6961	6.8213	9.7185	6.1455	5.8447	6.5327	5.9984	6.2341	6.2636	7.0154	8.3873	6.1249	6.4994
U133A__DDHD2	5.7329	5.1869	5.7385	6.3218	7.3764	7.6679	5.7755	7.0075	6.4243	6.4252	6.0938	5.7536	5.0022	5.3877	4.7849	8.2977	5.5132	5.3983	4.8431	5.0398	9.4371	6.2164	4.9926	5.8959	7.1894	5.1896	5.0304	5.7845	5.3218	6.174	6.0806	6.4773	5.8549	8.5294	5.6816	7.1608	6.7111	8.0634
U133A__C9orf3	7.366	6.5794	7.7201	6.6357	6.6726	5.1043	8.9507	5.7797	7.6312	7.4943	6.3704	7.4047	5.8919	6.1052	8.818	8.935	5.2379	8.0265	6.0234	6.2445	6.3347	8.4646	5.741	7.1594	7.1312	5.9799	5.7451	6.7186	5.992	7.3108	6.71	5.6671	6.0223	6.4093	7.8139	5.9673	5.5812	5.5698
U133A__HES1	7.2466	7.8362	6.8655	7.9131	5.1651	6.9367	7.8518	7.9219	7.5594	6.5368	6.5024	7.6893	6.658	9.585	7.7168	6.5411	6.9986	6.0367	6.746	7.2969	6.5532	6.3761	7.2673	5.6609	7.8519	6.9642	6.1492	7.3558	5.9077	7.0221	4.6059	7.9363	7.6559	7.3246	7.1297	6.625	7.1431	5.8228
U133A__TP53I3	6.4026	6.6763	8.2514	6.3293	7.1322	6.819	7.1618	6.3678	6.5144	7.206	6.7321	7.3316	7.6571	5.8259	8.1345	6.9746	6.8374	7.2446	6.7114	7.2028	7.7129	7.0884	6.1951	7.7591	7.3	6.3167	7.4749	6.4755	7.6138	7.5304	7.6483	5.9188	5.8959	6.2309	11.9441	6.5465	6.4171	6.7233
U133A__PARP12	5.6212	7.2533	7.2406	5.7221	5.4178	5.3115	6.5946	9.2451	5.6289	6.6519	6.3163	7.2762	7.1555	6.4157	5.7841	7.1514	8.4965	6.4931	6.121	5.4093	6.0014	6.91	5.282	5.8362	6.0526	6.5117	5.5824	5.8208	5.7415	6.6629	6.5579	6.5832	7.6618	5.5611	5.8681	6.089	5.0997	5.5159
U133A__SIDT2	5.8856	8.986	6.2933	7.3246	6.6145	6.7782	5.727	7.0085	7.2121	6.4307	6.7302	6.8686	5.6188	8.9948	6.3065	6.9148	6.7901	5.7854	7.1027	6.6763	6.7265	7.3668	6.6904	6.4539	7.618	6.7863	7.0954	7.2985	7.8062	5.4073	6.5306	8.0395	7.2792	6.6182	7.7683	8.1148	7.4488	7.262
U133A__AXL	4.5848	4.3447	4.36	4.6163	9.7332	4.3709	7.011	4.3959	4.4975	4.5981	4.2906	4.9826	5.1863	4.2474	5.2312	9.2723	4.1729	10.475	4.5906	4.4261	4.7784	8.3136	5.0443	10.3645	4.1508	4.614	4.2537	4.0831	9.5546	7.5369	9.6852	4.2137	3.971	4.2126	4.5153	4.3396	4.2859	4.2316
U133A__DNM1	5.6161	5.646	5.4321	5.8578	6.6942	5.6352	6.4943	8.8086	5.9955	6.2088	7.913	6.0178	5.36	6.3878	5.7923	8.6169	8.4682	5.7741	5.5244	7.1578	6.3168	7.6517	5.6249	5.6326	6.4587	6.9409	5.6904	5.7951	5.5233	6.324	5.5619	5.3328	5.261	5.5189	5.5842	5.462	5.8005	8.0049
U133A__COL6A1	6.9732	6.3156	6.0991	6.3956	7.7987	5.9948	8.9878	5.7568	6.6083	8.0962	7.3804	6.3507	5.6124	5.8936	6.4987	9.1927	5.4538	10.8531	6.5479	6.2493	5.8409	11.2448	6.8487	6.5369	6.4207	5.7732	6.0757	5.7873	9.5167	7.8725	6.8032	6.018	7.0157	6.5026	6.3931	7.0413	5.7191	5.9583
U133A__APLP1	5.9239	6.0323	6.1931	6.3232	7.5674	7.477	6.1841	5.5497	6.8797	6.7528	5.5557	6.2126	5.5598	5.6878	6.7825	6.5167	5.6062	6.4302	6.3758	6.1313	9.2831	7.863	7.4449	5.9249	6.3563	6.1149	6.3308	6.1297	6.7158	5.9365	5.3313	5.4788	5.836	6.9901	6.4699	7.1559	5.8826	6.6871
U133A__AGR2	10.3169	10.6821	4.8118	11.0027	4.8801	9.5473	4.7238	4.9574	5.6983	5.7322	9.8422	7.8487	8.9628	11.018	5.5521	4.8807	6.5245	4.9432	9.0223	9.5307	5.3115	4.1066	11.5908	5.8781	10.7955	11.9865	9.8595	9.5144	5.8546	5.7616	4.7808	12.2035	10.6989	11.3355	11.4831	10.6889	9.3155	10.4286
U133A__EGR1	7.1754	8.7708	7.4441	7.4814	6.308	5.4248	5.9257	5.5174	5.819	6.5474	5.91	8.6843	5.9632	5.6021	6.4535	6.9361	5.6816	6.1835	6.0611	7.143	5.7529	5.9859	5.2688	6.1269	7.3378	5.4053	6.8313	9.3693	6.3465	7.0071	7.1152	5.2344	7.6351	5.7512	5.1156	6.4399	5.7614	5.5811
U133A__DERL1	5.475	8.3416	5.0389	5.9092	6.0889	5.9957	5.7088	5.9916	7.7607	5.6934	6.8211	6.503	7.2959	8.4643	6.2926	5.7426	6.9287	6.1283	6.7508	6.2364	6.6886	6.4555	5.8625	5.6717	5.9146	5.5712	5.5019	8.4292	6.1425	5.7119	5.7651	6.4365	6.9492	7.6148	6.2023	6.4948	5.956	6.161
U133A__TESK1	6.1277	6.4533	6.6844	6.2831	6.1632	6.7421	6.6612	6.773	6.5293	6.5209	6.533	5.8371	6.3716	10.6915	6.4996	6.3326	7.0714	6.205	6.4097	6.3519	6.8934	6.7607	6.6341	5.7422	7.5346	6.8662	7.7649	6.2511	6.2481	5.9159	6.4373	7.9816	6.5213	6.8686	6.5403	6.1772	7.1722	6.9118
U133A__SORL1	5.7086	8.3488	6.9424	6.2947	3.6815	5.7057	7.3847	5.8328	7.1687	4.6981	6.6514	5.1493	4.9174	7.6933	5.6486	4.043	5.3373	4.3902	5.4828	4.6985	6.2511	4.3243	7.3687	3.9044	7.8562	7.1221	6.9027	7.7997	4.4591	4.9864	4.7273	7.0604	8.2421	7.5793	7.4088	8.5574	6.4981	5.8997
U133A__PMP22	5.2565	4.7053	5.1463	5.1319	8.5525	5.7927	10.0992	5.4421	5.429	9.3067	5.4072	5.1737	5.345	5.9816	6.3296	6.8562	5.0425	8.2183	6.5357	9.0143	7.1606	8.7543	9.7452	8.7851	6.3452	8.5414	4.8371	5.3986	8.7837	6.0432	7.9716	4.706	4.6818	5.7261	4.7756	6.5781	5.5308	5.6785
U133A__BCAS2	6.976	7.1565	9.033	6.483	8.0901	7.4672	6.8205	6.4102	7.746	7.7915	7.7371	8.8231	7.59	6.9229	8.1268	8.5233	7.5586	7.7816	9.8199	9.9917	7.849	7.5805	6.1488	8.9237	6.9103	7.386	7.3388	7.0325	7.6049	7.6677	7.9908	6.7666	7.831	7.5694	7.1844	6.6756	6.4719	6.8578
U133A__PSMB8	5.9129	8.1465	7.6424	4.8895	5.1509	5.1652	6.704	9.2071	5.7421	6.8288	8.2608	8.6923	8.168	5.4133	4.9573	8.1246	9.5104	6.8425	4.8232	4.9295	6.5153	9.0369	5.5676	7.2687	6.817	7.9776	5.3379	6.1107	7.182	8.2313	8.3033	6.4629	9.228	6.4871	6.663	6.7358	5.3678	4.6754
U133A__PSAT1	5.5922	6.1399	8.26	8.0258	8.3365	5.8022	7.5477	7.3947	6.1203	8.0365	8.0175	9.2056	7.8975	7.0305	5.8761	6.9252	9.2504	7.682	6.5519	6.2562	5.9222	6.8654	6.9891	8.1257	6.2789	6.354	5.5266	6.6541	9.1564	8.6713	8.1064	10.4203	8.6947	6.019	7.2478	5.7838	6.2581	6.1356
U133A__PSMD3	8.2836	10.1567	7.0712	10.9679	7.0583	7.8847	6.5305	7.5896	7.2693	7.2269	8.5095	7.8073	7.9887	7.5412	7.8983	7.6875	7.627	7.5954	7.4128	7.8714	7.6951	7.6183	7.296	7.7875	7.2688	7.4941	8.1391	9.5126	7.7735	7.5639	8.0665	6.9437	7.5932	7.4112	8.182	10.762	6.9633	8.6239
U133A__GDPD3	6.5019	10.0153	6.477	6.1503	5.7463	7.4532	6.4548	5.9638	6.4119	6.4377	5.6627	7.0271	6.539	7.2005	6.6596	6.229	6.574	5.8339	8.0906	6.7648	6.1995	6	7.6927	6.1031	6.4612	7.043	5.897	8.9869	6.01	6.9427	6.2605	7.4305	6.4492	6.1856	6.1103	6.7211	6.0486	6.5637
U133A__KRT4	6.9644	10.0722	8.7605	5.5598	5.6361	5.6631	6.5386	5.5032	6.0737	5.8991	9.4795	11.8723	5.6528	12.978	7.2059	6.06	11.0246	5.7431	5.5836	5.7032	5.4862	5.5855	6.3982	5.4281	5.8633	6.9905	5.5702	9.9403	5.9632	5.8219	5.4273	5.8027	8.5931	7.1576	6.1567	7.2326	5.8672	5.5862
U133A__ASH2L	7.6539	7.106	8.131	7.6494	8.5314	9.22	7.5736	8.1569	8.175	8.2125	7.7153	7.5994	7.691	8.0986	7.5654	8.62	7.1897	8.0532	7.6117	7.6926	11.06	8.0895	7.7328	7.9855	8.1322	7.3696	8.1864	7.1923	7.7714	7.6423	7.6905	7.7051	7.6894	9.0066	7.6147	7.9134	8.7789	8.7874
U133A__SH3BP5	4.5669	6.8751	7.6365	6.3726	5.3896	6.2074	5.7432	8.4108	7.7287	6.5201	5.893	6.0643	6.2105	6.5372	4.3785	6.5156	7.5147	5.231	8.6417	8.4431	6.9531	6.5498	6.6958	5.8189	7.3821	6.1776	6.3141	6.571	7.6624	5.2193	4.8949	6.9699	5.8436	6.8418	6.3893	7.6927	5.6068	6.8504
U133A__SLC7A8	7.3048	5.798	5.7109	5.7615	5.8899	8.455	6.1601	5.8675	8.0313	5.7669	7.8747	5.7383	5.8996	6.5492	5.7296	6.3784	5.5527	5.9301	5.7221	6.1378	7.958	5.7353	7.7026	5.7737	8.1897	5.8861	8.0638	6.3444	6.1507	5.8374	5.8904	5.5125	7.8173	6.3478	5.8013	8.7776	6.0993	5.5508
U133A__PSCA	6.6794	6.7882	7.2379	5.2285	4.2226	4.8065	5.209	4.548	4.64	4.7495	4.3334	5.1205	5.3627	7.273	4.5253	4.1651	4.4817	4.9353	4.7136	5.3853	4.4292	4.5383	9.04	4.3378	10.8662	8.2352	4.6424	5.1155	4.7656	4.5504	4.7827	9.1162	7.0019	6.9657	4.3908	5.4954	4.3161	4.4651
U133A__PTPLA	5.6938	4.6823	8.4154	5.182	10.3468	6.3568	6.7459	5.8693	5.5657	8.0611	5.5909	5.7785	6.5564	4.9583	7.3047	7.8945	6.0142	6.1322	5.8509	6.5989	6.5047	9.4651	5.5866	7.4552	6.2385	5.0439	5.0779	4.2583	7.0215	6.8608	6.9817	6.4239	5.1713	5.2383	6.5071	7.8667	4.9885	5.9094
U133A__NMU	7.7687	4.1757	5.3381	4.3252	4.1752	4.6813	8.636	7.3185	5.2777	6.318	7.1706	9.1284	4.9977	4.242	7.6872	6.8751	4.3367	4.0377	4.0093	4.3863	4.6474	5.4827	5.9742	7.7496	6.7082	4.4051	6.521	3.9427	4.1099	7.0073	4.7095	4.1234	7.0702	6.565	6.9468	5.598	7.6505	8.6929
U133A__MTUS1	8.1313	8.2705	5.8908	7.106	5.1455	6.8015	7.0624	5.4657	5.8096	5.252	6.6955	7.581	6.4001	7.6864	7.4877	5.5626	7.7194	4.6984	6.658	6.7777	5.5679	6.0087	7.1452	5.2202	6.4472	7.1152	5.1951	6.9902	5.1036	5.8514	5.3492	7.484	8.1098	8.0734	6.0826	8.2206	8.2206	6.8675
U133A__IMPA1	5.2363	5.5406	5.9502	6.2377	7.8499	6.6765	6.7184	6.6645	7.2692	6.5049	7.2301	6.5723	6.7778	6.2072	6.3296	9.1622	7.2514	8.1778	6.2839	5.8652	7.2879	7.6629	5.4641	9.0728	6.6845	5.8907	6.172	5.4364	7.0298	7.1631	7.3519	6.3428	7.4269	7.1394	6.7237	7.0669	6.539	7.6335
U133A__S100P	12.2566	12.327	10.5147	11.0487	5.0735	7.5039	10.9637	4.7325	5.2795	10.1086	6.5254	11.5796	9.9017	12.2557	12.0478	7.712	8.9893	5.1897	9.773	9.2327	5.5205	4.7583	11.337	4.7626	9.1549	10.5134	5.0912	11.2303	5.2787	11.5415	5.0971	12.7148	10.8632	12.7788	7.1557	10.2222	9.7332	10.0476
U133A__PAPSS2	7.0707	5.8816	3.9695	5.3602	6.6711	3.8394	4.8937	4.6984	3.9281	5.1435	5.5366	3.971	6.3733	4.9065	3.897	5.6995	8.2559	6.008	6.3637	6.5578	3.9412	7.408	6.6677	8.8003	6.8324	5.2034	4.2712	5.4182	4.7146	5.0383	4.0733	11.0443	7.0197	7.4545	6.4273	9.8404	8.3648	5.2131
U133A__INHBB	8.9319	9.0488	9.6677	9.0222	4.1472	9.3761	9.6701	5.4203	7.5198	6.4504	6.9645	5.8516	8.5289	9.8052	7.5508	5.3406	7.9114	6.0214	9.2939	8.3263	6.5851	5.2305	8.5668	6.0086	6.9465	8.4557	9.7103	9.4064	5.8637	4.8836	5.3548	8.8214	9.2832	9.0283	8.3476	7.9003	8.528	7.9564
