Cell lines	600MPE	AU565	BT20	BT474	BT483	BT549	CAMA1	HBL100	HCC1143	HCC1187	HCC1395	HCC1419	HCC1428	HCC1569	HCC1806	HCC1937	HCC1954	HCC202	HCC2185	HCC3153	HCC38	HCC70	HS578T	LY2	MCF7	MDAMB134VI	MDAMB157	MDAMB175VII	MDAMB231	MDAMB361	MDAMB415	MDAMB453	SKBR3	SUM1315MO2	SUM149PT	SUM159PT	SUM185PE	SUM225CWN	SUM52PE	T47D	UACC812	ZR751	ZR75B
Response	-1	1	1	-1	-1	-1	-1	-1	-1	-1	1	1	1	1	1	-1	1	1	1	-1	-1	1	-1	-1	1	-1	1	1	1	-1	-1	1	-1	-1	-1	1	1	1	-1	1	1	-1	-1
EA_G__GFRA1	4.3521	4.1412	4.1306	5.4443	10.8364	10.5529	7.342	8.0869	4.1267	9.2337	4.7233	4.2298	5.6427	4.5953	4.5522	5.9682	4.5526	4.3163	4.3998	7.365	7.0256	4.3539	4.3863	9.5023	10.8982	6.6614	5.6593	5.4338	4.3427	9.6117	7.3103	5.0388	4.5726	4.6636	4.5616	4.5873	4.644	4.4514	4.9426	4.8111	4.3584	4.6337	5.7545
EA_G__CCL28	6.3841	4.5541	6.9258	4.4882	5.5135	3.9286	3.9476	5.7813	6.9018	5.03	3.7831	6.3095	9.8222	4.2333	6.598	6.3216	7.205	7.008	7.8981	4.3006	3.8536	8.3271	3.7685	4.202	5.9563	4.2058	3.8438	4.8442	5.0595	3.9539	6.7971	6.9669	4.5795	3.7521	4.022	3.8049	4.1642	7.147	5.9627	6.8893	7.1737	4.6225	4.278
EA_G__PAR5	7.6718	5.5575	3.7372	7.0457	6.1032	4.1781	7.223	5.8183	7.644	3.7977	4.7074	4.3404	3.9709	4.176	7.2172	7.0402	4.4654	4.0041	7.4913	7.5145	7.5487	3.8751	5.1615	4.3599	3.9022	5.156	7.8936	6.1612	4.0247	7.6116	7.5501	6.749	5.1666	8.4151	6.7324	6.4475	4.5124	5.1255	4.9471	6.4211	6.0077	7.188	6.7668
EA_G__FLVCR2	5.4626	7.5535	5.8178	6.0793	5.5116	5.4953	5.8176	4.9526	5.7567	5.4905	4.6849	6.7961	5.7686	6.7249	5.3441	5.2273	6.0838	6.2811	6.3586	5.1808	6.5591	5.3062	5.2765	7.8993	7.8073	5.1212	6.1356	6.6858	5.195	6.0687	5.9393	5.4928	6.996	5.1607	5.8194	8.6946	6.6511	6.7542	5.458	6.6322	6.6091	5.2316	5.2693
EA_G__B4GALNT1	6.4731	5.449	5.1942	5.1344	5.891	8.2262	7.3138	7.5268	7.4049	7.3268	6.8971	4.6753	6.7284	7.6681	7.8394	5.1563	5.2945	5.1335	4.9134	6.8708	7.8115	7.1808	7.2349	7.1537	7.3249	6.5747	7.1554	5.2487	6.2731	8.1105	6.3089	6.1507	5.5622	7.7587	6.5329	6.9668	5.2211	5.1367	5.7415	6.2031	5.0823	7.2733	7.8176
EA_G__DDHD2	7.5814	6.6682	7.8297	7.8708	8.5831	8.425	9.225	7.7	7.1647	8.3195	7.1887	8.076	8.2407	8.7901	7.4931	7.7637	7.3346	7.6528	6.9961	7.2047	9.0409	7.0119	7.5496	7.439	7.0192	10.2308	8.2695	7.0951	7.648	8.3489	7.3949	6.6243	7.3787	7.3833	7.7	8.0667	7.9687	6.793	9.6374	7.7394	7.461	8.5178	8.6977
EA_G__ELOVL2	4.4509	4.6151	4.3309	5.704	9.5104	6.7806	10.4794	9.2658	5.3619	7.6891	5.4073	4.5827	8.883	4.305	4.3237	5.0745	4.4337	4.4856	4.1933	5.8873	7.049	4.4812	5.4261	5.5976	7.0984	9.7788	7.7464	7.391	4.2232	9.6627	4.1122	4.6696	4.8449	4.488	4.8972	4.6371	4.6223	5.2547	5.3316	8.008	4.9692	5.4117	6.5635
EA_G__MUC15	8.7485	6.7062	5.3818	3.1545	2.8744	3.1976	3.1265	3.0377	2.9569	3.5301	3.3951	3.0137	3.7435	8.8728	3.839	3.6233	4.4829	9.7328	5.3579	3.4762	3.2478	7.3963	6.1638	3.4122	3.5301	3.8066	8.5474	4.2104	5.6505	6.995	5.9823	4.0725	7.3091	3.8653	3.4493	8.1164	7.4566	9.6232	3.7407	4.7309	2.9492	4.2067	3.438
EA_G__SYNC1	7.0774	6.8386	5.8062	7.1353	6.3291	8.3521	6.3548	6.3298	6.0271	6.4187	6.3479	8.0639	6.9374	6.2798	6.1223	6.5169	6.1864	7.4619	6.8066	6.8255	8.6518	6.0233	9.3674	5.8655	6.1316	6.8932	8.1406	6.0901	6.2374	6.941	6.7395	6.5252	7.2985	7.4915	7.1135	6.1686	6.6719	6.4151	6.8579	6.3923	6.4336	7.746	6.459
EA_G__CIDEB	6.7477	6.2914	5.4914	6.7375	5.6719	6.0288	5.9969	6.2352	8.6825	6.0453	6.7875	5.4524	5.9515	7.6309	6.0745	5.9656	5.8184	6.4338	6.6053	6.7948	5.9141	7.1682	6.3395	6.0126	6.0216	7.2718	5.4722	5.6627	5.5882	7.2947	7.3061	6.195	6.6796	5.3783	7.264	5.7203	5.9402	5.2516	5.7178	5.4952	5.6488	6.3937	6.1744
EA_G__GABRE	4.7424	8.6461	7.7588	5.6551	5.0391	4.3938	4.6382	7.7647	4.1758	4.9124	8.2618	4.3276	5.3118	4.7007	5.8278	7.9141	9.1162	8.1704	8.7248	8.8724	7.7033	8.6508	7.3543	4.7152	4.3835	4.7165	7.3917	8.2525	7.6055	4.2923	5.0037	5.1805	7.3929	4.7613	8.6802	7.5516	7.0601	7.9522	5.0646	4.7438	6.7075	4.5927	4.6551
EA_G__CLIC3	7.0648	8.1927	8.3041	6.5415	7.5044	6.185	7.7296	6.65	6.0092	6.5107	6.4449	10.2002	10.0641	6.4205	6.5692	6.8843	6.2405	6.6602	8.2096	5.9382	5.5997	7.1404	5.8165	7.4794	7.7337	6.5956	5.9123	8.0755	5.9865	8.6685	6.9106	8.6884	8.286	6.2981	6.7925	6.6261	8.7999	7.3727	7.0178	9.8811	8.4713	7.4439	6.3667
EA_G__NCOA1	5.7013	6.7755	6.6703	6.6969	6.4277	6.0786	5.9324	6.1676	5.7387	6.4161	5.8875	7.9094	7.0539	6.4869	5.1038	6.4759	6.3607	7.8082	6.9388	5.9142	6.0282	6.6922	6.4098	6.6132	6.8043	5.7002	7.2551	6.1257	5.8861	7.114	6.5122	6.1483	6.4088	5.6262	5.6425	5.8318	7.6638	6.5291	6.9219	6.5437	6.7976	6.6471	6.328
EA_G__TMEM45B	7.6067	6.9318	4.8694	8.2607	5.8827	4.0544	6.8897	4.4105	4.1082	4.5358	4.32	8.2657	6.8742	4.5363	7.0629	6.5802	5.6247	8.1369	8.1123	4.5414	4.0417	4.9594	3.8961	6.4895	5.7187	4.3127	4.1766	7.7764	4.7821	6.3274	8.0271	8.7181	6.6217	4.7421	4.5365	4.1764	8.6359	9.1021	8.3886	8.0495	8.7831	5.7404	4.9571
EA_G__LRP1	7.3455	5.8054	6.5213	5.7512	6.6153	7.2126	5.7528	6.9074	6.4076	8.0052	8.9511	5.5205	5.6759	7.0528	6.8939	6.513	5.8578	5.8021	5.5253	6.5772	8.0746	5.9964	8.4479	6.5123	6.3447	7.2488	7.5366	6.4919	5.8946	5.9961	6.6637	6.8374	5.9299	8.0212	7.0683	6.5519	5.6962	5.9237	6.8541	6.1843	6.9752	6.0082	6.3535
EA_G__CASC3	8.4111	9.6823	7.6614	8.4248	8.6808	8.2243	8.6113	8.0582	8.1973	7.9778	8.0954	7.4338	7.6564	7.9305	7.912	8.0334	7.8723	7.6213	7.5706	8.3042	8.4255	7.8706	8.0943	7.7102	7.7204	8.3021	7.685	7.5713	8.0209	7.2821	7.7417	7.4073	9.4532	7.9767	7.5439	8.5877	7.4034	7.8038	7.7745	8.4013	10.5873	8.2008	8.5735
EA_G__PWCR1	8.9888	5.3227	2.5284	10.4187	8.1334	3.0837	9.3336	6.9544	8.4868	2.947	3.1295	3.0359	2.8125	2.8025	8.2323	8.2084	3.26	2.4943	10.2307	8.6462	9.3808	3.2082	6.4405	2.8341	3.1931	7.4359	9.7707	8.8283	2.8326	9.0792	9.374	8.6979	4.3452	10.521	8.6516	8.8029	3.2803	7.2789	3.4601	7.9272	8.077	6.948	8.2631
EA_G__ELP2	7.877	7.5061	6.8101	8.7136	8.8476	8.2687	7.9951	7.7833	8.4039	8.566	8.8814	7.7643	7.8636	7.8812	7.2598	6.6707	7.9701	7.9433	6.9536	7.7596	9.7688	7.5378	8.4416	8.684	10.712	8.777	7.4294	7.2157	8.242	8.0415	7.1405	7.0794	7.4437	7.4657	8.5672	8.5041	6.8259	7.26	7.1466	7.8111	8.1716	8.7043	11.8522
EA_G__LOXL1	8.8376	7.4349	7.7394	7.7773	7.7061	9.0295	7.7618	8.9224	7.752	10.6471	8.9133	7.4156	7.31	8.0085	7.5414	7.4587	7.4168	7.5779	7.5758	7.4601	8.8739	7.7037	9.9236	7.5935	7.9409	8.9285	9.9529	7.5511	8.058	8.253	8.0283	8.322	7.6632	9.634	9.1346	8.9559	8.8333	7.528	8.7906	7.5289	7.9717	8.0361	7.5038
EA_G__SLC45A3	8.3993	9.4614	8.5019	6.3914	7.1243	6.7449	5.9989	7.2489	6.8338	7.3632	6.833	9.3329	6.1092	7.8421	7.4695	6.8411	7.3782	6.9189	8.3279	8.1733	7.0086	8.2368	6.9773	6.9731	7.0142	6.8171	7.7159	8.9468	7.9903	5.9858	9.3593	8.1569	9.3131	6.4692	7.3103	6.9522	6.2317	8.39	7.9484	6.8494	7.7818	6.0996	6.6263
EA_G__KLF6	8.7243	6.8794	6.9784	7.7831	8.8717	8.7483	8.4806	7.5398	9.7852	8.0524	7.7242	6.8614	7.7285	7.477	7.8185	7.554	8.3736	7.6188	7.7119	8.1123	8.1562	8.3758	8.9625	6.4859	6.1177	8.6016	8.4701	6.786	7.631	7.6206	7.3374	7.12	7.1219	9.565	7.6361	9.1098	7.3667	7.9498	6.2908	6.5741	6.8629	7.392	8.3775
EA_G__ICAM1	7.3401	6.2048	8.4348	5.3744	5.9472	4.8541	6.0604	7.4023	5.8973	7.0879	5.0097	4.8706	5.7197	10.0691	6.3699	8.2194	8.5107	6.2785	6.5658	5.2401	5.5383	7.9088	4.9631	6.2597	6.3373	4.8813	7.6836	5.5911	5.9262	5.0206	5.2262	6.5777	5.7838	4.7708	8.2644	6.6475	5.3186	6.0636	5.2557	5.3001	5.5817	5.5436	5.2096
EA_G__BASP1	7.2406	7.5537	7.4218	9.3298	7.8868	9.6218	8.299	10.0375	9.8899	8.5702	8.8385	7.615	7.3633	7.9699	7.3156	8.8249	7.1357	7.5611	7.6596	7.8624	9.069	7.4602	9.3455	8.8172	9.5101	8.6996	10.2572	7.2745	8.6855	7.8865	7.1992	7.8206	7.9689	9.3781	8.3597	9.3406	7.3915	7.4398	7.6651	7.2088	7.8876	7.0879	7.4299
EA_G__FAM83A	6.2667	9.2665	6.9613	6.4079	5.4584	5.1123	5.3789	5.2705	5.0616	9.4749	5.205	6.0218	6.385	5.005	9.102	7.37	6.5828	6.3643	7.5888	5.9004	5.0462	6.8265	5.0033	5.7755	5.9803	5.2402	4.9435	5.8912	5.5186	5.7117	4.9014	6.4144	6.7959	5.5079	6.2875	5.5004	5.4083	5.8496	5.8332	5.7875	5.6898	5.2744	5.1521
EA_G__CHN1	4.5284	4.0137	4.6079	5.619	6.1267	6.2208	7.5276	7.1776	6.5904	6.2909	7.1423	3.4928	7.0242	4.1356	4.188	4.353	4.7556	4.7042	3.9524	6.1469	8.2707	5.1835	6.059	6.8288	6.6782	5.13	8.7363	4.1657	6.693	6.2794	5.3912	4.3748	3.8667	6.6457	8.1629	7.7282	4.5954	6.0646	5.4836	4.5742	5.2127	7.5735	5.5815
EA_G__EREG	5.0532	5.3759	8.6708	4.9849	5.4965	4.8684	5.0703	5.1299	5.0926	4.8013	5.086	5.5058	4.9011	4.9719	8.5464	7.1948	6.1416	5.1092	5.2788	5.0953	4.7106	5.6875	4.8778	5.0692	5.2925	5.2729	4.8486	4.9866	8.4765	5.1887	5.172	5.8093	5.3422	5.1829	8.3569	8.3058	4.819	6.7746	5.42	5.1217	5.3123	4.9333	5.0928
EA_G__ACSL1	8.4285	9.3878	8.6513	9.8595	7.938	7.0775	9.3158	6.7457	7.6291	6.6026	8.2128	9.6152	8.8888	7.4057	6.6016	8.5239	8.7204	9.4415	8.4505	6.5524	6.2068	9.8073	6.9813	7.6201	5.1828	7.7769	7.2449	9.0405	7.5045	8.814	8.3192	9.1933	8.0645	6.585	9.5051	8.4462	8.6173	9.4908	10.3861	8.6547	8.5527	7.1048	6.8911
EA_G__CHST11	5.5933	8.479	7.6473	6.3925	5.3695	5.6775	4.7302	6.3034	6.1573	7.3959	7.1552	5.6205	5.3228	8.1747	8.4076	8.4095	7.4488	6.8241	8.8412	7.4478	6.4102	5.7773	5.0518	6.2274	5.954	5.2161	7.4221	7.3829	7.2048	8.3594	5.2322	7.6196	8.0307	9.1393	6.8942	7.0447	7.6509	6.9587	5.4991	7.2041	5.7816	6.1174	5.905
EA_G__PLXND1	8.4841	7.676	7.6166	6.7531	8.4025	6.1691	7.3083	7.7008	6.6701	8.3487	7.0234	7.7191	8.7714	7.9056	7.1263	6.8018	6.2004	6.6459	8.554	6.3407	7.9336	8.1718	7.47	8.4443	7.9899	6.9441	8.8234	9.7495	7.071	7.553	7.083	7.9119	6.8313	6.881	7.4619	6.1199	9.7749	7.7921	7.7438	7.6225	8.5472	6.6854	7.1503
EA_G__VSTM2L	7.7422	8.012	6.5151	7.0129	6.9401	6.45	6.1622	6.8264	6.337	7.1204	6.482	6.317	6.8206	7.12	6.7261	6.5938	7.0164	6.4424	7.3487	6.9493	6.5689	6.7803	6.6125	6.719	6.8905	7.0929	7.3722	8.1028	6.9369	6.4124	6.215	7.2384	8.8512	6.3243	6.7686	8.1457	6.8802	7.1857	6.5892	6.5964	7.12	6.7339	6.6447
EA_G__GRHL1	7.4864	9.2777	8.5882	8.4331	8.1596	4.5777	7.3829	4.9375	6.9572	8.8017	5.6615	8.8513	8.2691	8.5193	5.7475	7.9388	8.2395	8.5409	8.8189	5.7083	3.8144	8.6706	4.7181	7.8945	7.4297	7.0309	3.8956	8.4011	4.4916	8.2061	6.5684	8.093	8.9502	4.0578	4.9376	4.3753	8.8226	7.1577	7.2173	7.8761	7.8942	8.1774	7.5772
EA_G__SEPT5	6.3649	5.8218	5.4888	6.8545	9.2149	6.9917	7.0728	7.5437	6.888	8.1918	5.9548	4.9238	7.691	9.195	6.8196	5.8255	4.974	5.7689	5.4952	6.6148	8.3416	5.4054	7.6431	5.8702	5.9275	8.196	8.0557	7.0142	5.3191	6.0274	6.0086	7.2841	5.941	7.763	5.3691	6.201	5.9793	6.4339	6.6086	6.8084	7.9207	6.5206	8.1474
EA_G__KRT4	9.7219	10.5022	8.4322	5.6982	7.0224	4.8566	5.1172	5.4778	5.7409	5.386	5.2757	7.0767	6.0104	5.2304	8.9052	9.3809	7.0895	7.6973	11.8887	5.8807	5.2835	10.6574	5.3413	5.9723	5.2885	5.2528	4.9354	6.8817	5.3237	5.0901	7.7435	6.0481	10.6123	5.1709	5.6639	5.5898	7.6778	6.5852	7.4726	6.6242	7.5048	5.938	5.2551
EA_G__FKBP10	9.0546	9.6293	8.302	5.334	7.7281	9.2253	7.1871	9.1655	8.358	5.4329	8.8414	5.871	5.2026	8.8307	7.781	7.7694	5.4977	5.6494	5.8272	8.2079	9.792	8.7845	9.9719	8.8278	7.4578	8.6401	5.739	8.1887	8.5766	5.3066	8.4515	7.6708	9.5271	8.3804	8.5628	9.2679	6.4518	5.5117	8.0723	6.9652	5.8348	6.6115	8.8754
EA_G__ATP8B2	8.0812	7.7015	5.0872	8.338	7.5877	8.7467	9.1171	8.3576	8.0836	5.432	8.3926	5.1155	6.1409	7.7048	5.8547	5.3445	5.0078	4.9833	4.7422	6.776	7.693	5.2764	8.5529	8.4125	8.1125	7.1092	8.4488	6.1256	8.1829	7.323	8.645	6.01	6.1171	8.5517	5.1756	8.3288	5.667	5.1067	5.8972	7.1547	8.351	4.9211	7.1911
EA_G__PFTK1	6.4434	4.6955	5.7636	6.7976	6.166	4.3015	6.6181	6.5578	7.0255	7.2514	8.1983	5.1313	5.2688	5.6752	6.2696	7.1337	4.869	6.7346	4.3274	7.3448	6.6948	6.5962	7.6551	4.7366	4.6529	6.7084	5.6797	5.2948	7.034	5.2519	7.2384	5.4197	4.6521	6.6485	7.9803	6.9505	6.8473	6.6428	8.2703	5.5371	5.1284	5.3968	5.376
EA_G__ASRGL1	7.1149	7.0425	6.5196	5.6356	6.5771	6.3831	5.0036	6.4931	7.3281	7.1895	6.3351	4.5902	7.1005	5.729	6.1189	6.368	5.3845	5.4255	7.2684	7.2256	6.573	4.9263	5.1455	6.733	6.0474	7.7749	6.0371	6.2716	5.6172	7.5256	9.2882	6.0556	7.2998	5.8367	5.5255	5.1819	6.353	5.1111	7.3248	6.848	8.3195	5.795	5.7236
EA_G__SNCG	8.2039	6.4507	7.0948	5.9396	7.2276	5.7494	6.6732	6.1872	5.6904	5.5465	6.114	6.9095	5.7878	5.7038	6.8133	5.957	7.5815	6.2302	6.9691	6.2156	5.8637	7.1454	6.0502	6.5083	6.4588	6.4497	5.8969	9.1648	7.2697	7.3983	6.7174	6.9582	6.4441	5.744	6.1946	6.0572	10.6716	7.0495	8.5697	6.9231	8.5346	6.3225	8.1846
EA_G__PLEK2	7.5218	7.8767	7.4077	6.9913	7.451	4.8813	5.5825	7.5723	8.7524	5.5392	5.615	5.8396	6.6606	5.4987	9.5771	8.7812	7.8662	5.7642	7.856	5.711	6.7698	6.9822	5.4334	6.5699	6.8922	5.1198	5.7967	5.6785	8.9464	5.9095	5.3534	5.9621	6.9102	5.6178	8.5805	8.2555	6.9077	7.1837	5.1365	6.8475	7.0183	5.7742	5.5865
EA_G__TINAGL1	8.6019	8.6354	9.6651	6.019	5.932	5.7888	5.8083	7.5123	8.5053	8.8883	6.7316	6.1613	6.0038	8.3238	9.5797	10.0297	10.061	6.0728	8.2096	8.8713	6.5225	9.5501	5.9141	6.1782	6.1432	6.0756	6.8509	7.3558	8.9479	7.1691	7.3697	6.815	9.2158	5.9586	8.2337	7.5817	6.8742	8.4665	6.0613	6.9605	6.39	5.9432	5.8438
EA_G__FLJ33790	6.6866	7.7222	7.3971	7.557	7.2318	6.5064	8.2235	6.254	6.9082	6.9404	7.3245	6.6492	7.3755	9.4994	6.7278	7.2245	6.7675	7.8922	7.2427	6.7291	6.6399	7.2212	6.2331	6.5074	7.7906	6.5877	6.9103	7.6832	5.9928	6.5489	6.2324	9.313	7.5911	6.9989	8.1377	6.4363	6.4097	8.3494	7.2226	7.5509	8.5104	7.5982	7.5542
EA_G__CDH2	4.0251	4.0411	3.9336	6.1279	5.6571	9.8299	4.4929	9.9081	10.0761	7.0983	9.3912	3.6812	4.1157	6.1737	6.6884	3.977	4.3982	4.3306	4.3469	9.5028	11.0385	4.1055	10.6677	4.2581	4.3672	8.5006	9.341	5.4302	4.6632	9.0445	4.2375	5.3076	4.4986	6.1511	7.001	10.2831	6.7609	4.2568	4.0943	4.3249	5.1323	5.1626	5.225
EA_G__SPRY1	8.1188	6.6834	4.9398	6.5822	5.7073	5.4318	5.413	4.7038	5.5559	5.6548	6.0127	8.022	5.0918	4.2774	5.0493	5.5141	7.2697	7.6798	8.1014	5.4831	4.7961	5.822	5.1568	5.707	5.842	5.0568	5.8247	8.163	6.8469	6.0705	6.6836	7.4882	6.7315	5.3479	4.8691	5.332	6.7313	6.8209	6.5996	5.6949	6.1545	6.792	5.6266
EA_G__GPT2	6.5618	8.2848	8.2032	7.186	7.7035	8.4761	7.3253	6.6051	7.1231	8.9704	7.5034	8.7019	7.4346	8.3054	7.4531	8.0845	7.7741	8.3189	7.4314	7.6565	7.3449	8.436	7.0308	8.0378	7.3325	7.4295	6.4593	8.197	7.6069	7.1134	7.1712	7.9773	8.4251	7.994	7.2404	6.9377	10.0932	10.2191	7.2991	7.019	7.6085	6.5541	7.0243
EA_G__PRSS8	9.6655	9.4021	8.6396	9.1182	9.8896	5.839	8.563	6.0769	7.0852	9.3449	5.6234	9.9989	8.7449	9.0331	7.2019	7.5485	8.8439	10.563	9.5767	7.8573	5.7101	9.9771	5.7054	9.0099	8.9593	8.5698	5.822	9.4326	5.9163	9.2733	8.5573	8.7847	9.0995	6.067	7.8782	5.7102	9.9436	9.4381	6.9483	8.2088	9.2864	8.4567	7.7295
EA_G__KRT6B	5.9665	6.0994	5.8116	5.5577	5.8059	5.3078	5.5672	5.461	11.9954	5.9931	8.7915	5.7222	5.9716	5.6386	7.5151	7.1274	6.4871	5.5951	5.8183	8.5156	6.2271	9.2072	5.3215	5.9452	6.0416	5.4281	5.4047	5.7401	5.7328	5.5949	5.1991	5.8816	5.703	5.219	9.6538	5.5815	6.1517	7.4943	5.6991	6.0661	6.0697	5.5985	5.8874
EA_G__FGFR1	5.0629	5.3554	5.4223	7.1583	7.1868	7.3778	7.1919	6.6474	5.869	9.3985	7.4098	6.7101	6.4214	7.082	5.6584	5.8466	5.71	5.7984	6.7644	6.2995	8.9022	6.329	7.4693	6.6318	6.4525	11.2183	7.7328	8.0974	6.7207	8.2795	6.8672	6.3893	5.584	7.5019	5.7406	6.9605	5.9161	6.5106	7.1753	6.2782	7.357	7.4174	7.2196
EA_G__CTSL1	7.6904	7.1446	5.9869	5.883	6.5277	9.1712	6.6027	7.3059	6.0323	5.851	7.413	5.9477	5.9626	6.4435	7.0527	6.8364	7.614	3.7865	5.1383	6.8249	7.5579	6.3704	7.4269	6.6451	6.6534	7.3371	7.4699	6.4934	6.91	5.9933	7.3942	4.9259	7.1257	10.0666	7.3463	6.5746	5.5826	6.8836	6.2702	5.4304	6.6445	5.5102	5.704
EA_G__CALB2	8.0751	4.3682	9.4484	4.991	7.6983	4.5283	4.2529	5.2906	6.6151	6.014	5.4987	4.9633	6.5905	9.8532	6.3751	6.9999	9.7141	4.72	6.0323	9.3111	5.3211	9.8956	4.8503	4.3033	4.8289	4.4451	4.5107	8.4755	5.5838	4.4435	4.3592	5.5252	5.0455	5.3978	5.355	4.3414	6.2369	9.2125	4.9478	4.5061	5.5055	4.6117	4.5077
EA_G__CPAMD8	7.0478	6.0825	7.2596	7.2388	6.7996	5.6587	6.0427	5.8858	5.6522	7.7413	5.7791	6.8633	6.049	6.0436	5.9711	6.7098	6.1118	7.7258	8.4635	5.9444	5.3842	6.5933	5.5284	6.2974	6.322	5.9579	6.7371	8.6424	5.4769	7.4537	5.9555	7.027	6.3632	5.7861	6.2587	5.9367	6.3406	7.1091	6.9385	8.6235	8.1872	6.9222	6.1828
EA_G__P2RY6	5.8658	8.7646	8.1342	6.6875	7.0986	5.3199	6.1138	6.0507	5.4422	6.5098	5.6812	8.2888	7.7752	5.6175	6.0433	5.9451	8.1152	7.4019	8.6796	8.0907	5.2767	7.7315	5.7837	7.7124	7.6371	7.2822	5.2904	7.1436	5.8952	8.1293	8.0841	8.0435	9.1671	5.4074	6.0452	5.7602	8.617	7.9559	7.8561	8.0817	6.8568	6.9486	6.7097
EA_G__CROP	8.2018	7.6794	7.1056	9.5442	8.051	7.4537	7.8689	7.8178	8.4957	7.9071	7.1415	7.6063	8.8638	7.582	7.279	7.535	7.1366	8.7753	7.3724	7.7864	8.2097	6.8236	7.3167	7.1462	7.5035	7.6065	7.5749	7.0848	7.917	8.6685	7.5685	7.8229	7.1268	7.4569	7.1952	7.7688	6.7249	6.9686	6.9692	7.8227	7.4175	7.8985	8.1484
EA_G__MPZL2	7.3719	8.6176	8.1841	7.2143	7.3076	4.2879	4.419	5.9611	7.7694	6.6724	3.5131	7.6984	8.0349	8.2702	9.4412	8.84	9.0008	7.4943	9.3383	8.5485	4.4397	8.184	3.998	8.2389	8.139	4.93	3.2662	9.3087	5.9442	7.1773	7.9779	7.2399	9.0231	3.7817	8.534	3.5483	7.5277	8.2461	8.5938	8.7982	8.025	6.9311	6.4377
EA_G__SDC1	9.8678	9.8238	9.9144	9.5408	10.3	8.2603	9.1986	8.8559	8.3541	10.0467	8.3696	10.5063	8.5726	8.8345	9.0355	9.2236	9.4389	11.6207	9.8784	8.3024	7.9464	10.0645	8.4409	9.4673	8.7275	8.6508	8.7282	10.8626	8.9286	9.0714	9.007	9.5907	10.3639	7.9955	7.9054	7.6301	9.8965	9.1961	9.5786	8.4186	9.5167	8.2436	8.615
EA_G__SH3BGRL	7.102	3.942	5.8526	7.1953	5.0198	7.4323	7.7708	6.0477	7.8664	5.9809	7.0227	7.314	6.1049	7.0572	6.0477	6.2545	3.6697	6.9976	7.2912	6.4261	8.2649	7.7216	6.3939	7.5036	8.6749	7.7542	6.6349	7.6797	7.0193	8.0679	10.253	6.9757	5.0457	7.6014	7.6059	6.7317	6.7682	6.2722	8.3469	7.2142	7.1465	8.439	7.1421
EA_G__CPT1A	10.0084	9.7015	7.5302	9.5527	8.8672	8.3415	9.4435	7.4179	8.2157	5.0064	7.7151	8.4611	7.485	8.2409	8.9857	8.4221	8.6628	8.1331	8.8196	7.7552	7.8873	7.7419	7.9604	9.2672	9.1785	10.0054	7.8197	10.1675	7.996	9.5613	10.951	7.5483	9.4049	7.9403	8.8719	6.8117	7.7292	8.7383	10.2412	9.7116	9.142	9.6458	9.9982
EA_G__TMEM63C	7.9641	8.592	6.0696	8.7886	7.8238	4.5419	8.2991	5.1121	4.5942	6.0379	5.3185	8.5746	8.1623	7.3653	4.9035	4.698	7.1967	8.3326	7.5247	6.3223	7.603	7.3911	4.2781	5.8289	6.3846	8.1346	7.6805	8.2487	4.4405	7.4794	8.0082	9.2885	7.5344	4.2336	4.6113	4.8724	8.902	8.7742	7.7339	5.4872	9.4194	7.6357	6.3547
EA_G__RORC	7.6294	7.8594	5.6786	7.0519	7.5726	5.514	5.6777	5.7643	5.6198	6.0853	5.5107	7.422	7.2508	5.5734	5.5397	5.5921	6.1229	6.4823	6.9352	5.5364	5.4595	8.2631	5.482	6.6938	7.2834	6.8486	5.1718	7.0259	5.7918	5.6745	5.7574	6.3865	6.4728	5.2525	6.2949	5.6901	7.2421	6.84	6.987	6.9613	8.9875	7.1181	6.3763
EA_G__MIPEP	7.2902	6.7835	7.1329	8.3486	7.9182	7.9982	7.4577	7.3639	7.0585	6.8196	6.9337	9.1829	6.9938	7.2814	6.5371	6.9973	6.836	6.8542	7.4639	7.5026	7.2798	6.5412	6.6633	6.846	7.1347	6.5897	6.2694	7.3512	6.953	9.0417	7.2708	7.9343	7.1788	7.671	8.1321	7.2004	6.8241	7.5816	6.9328	7.2435	7.6996	7.7388	10.207
EA_G__PHLPP	7.126	7.6747	6.1244	7.513	6.985	6.7508	6.7747	6.2488	8.5825	7.3117	5.1622	6.7522	7.5376	6.6293	6.7799	6.4597	7.2656	7.2753	6.6047	6.9707	9.5767	7.0929	6.8372	6.93	6.8208	6.7952	6.5169	6.4109	6.7676	7.1245	6.3588	6.3806	7.4533	6.6533	6.8822	7.3326	6.742	5.9253	6.1701	6.4579	6.856	7.921	8.0999
EA_G__SERPINB8	5.9282	5.6337	5.8767	5.7351	5.4239	6.9483	4.7505	5.7799	7.9143	5.305	4.5253	4.615	5.0358	4.0874	8.4882	6.5506	6.6323	5.6264	5.0568	6.7954	7.3107	5.9809	7.9752	4.3995	4.7251	5.8527	4.4248	4.6788	7.7725	5.3598	5.0591	5.3931	5.7255	6.3223	7.8564	7.2546	5.5782	6.5458	4.8619	4.8863	4.5914	5.4901	6.2209
EA_G__SYT8	6.8303	7.6929	7.5678	6.44	6.5346	6.4279	6.1642	6.5381	6.2781	6.3613	6.1181	6.3438	6.6819	6.2913	6.6771	6.3662	7.5477	6.46	6.5741	7.6114	6.0903	6.5336	6.3085	6.6102	6.4505	6.319	6.0314	9.1213	6.273	6.4885	5.9924	7.0635	8.2657	6.3503	6.5691	6.5606	6.3762	7.982	7.136	7.9103	7.0497	6.2935	6.5223
EA_G__LOC130576	8.0882	7.3051	7.5463	6.2817	5.9754	5.0178	6.4833	5.368	5.4715	5.8439	4.7804	7.28	5.9843	5.9264	6.0446	7.9167	7.2106	6.2281	8.1629	5.5621	5.2542	7.1105	4.7645	6.3846	7.4118	7.5937	5.9617	7.968	5.3021	5.8741	6.6461	6.9476	7.3389	5.1582	6.8692	5.5754	6.7913	8.8915	6.3295	6.2426	5.5797	6.0156	5.5407
EA_G__SPARC	4.5171	4.8293	4.2373	4.5504	4.2699	11.8832	4.6628	11.3015	6.7226	5.1153	9.4855	4.3425	4.5079	9.4465	4.4679	6.789	4.6287	4.7111	4.3059	10.9051	11.0077	4.8481	12.1508	4.9966	4.6314	6.3594	12.8203	6.4311	7.2862	4.4453	12.4428	5.2404	4.8983	8.4651	5.4089	10.5706	4.7633	4.774	4.8747	4.5219	4.6737	4.7502	4.5409
EA_G__ARHGAP26	8.5421	6.0343	6.7683	5.2012	5.6362	5.4373	5.9076	6.1336	5.9907	6.8852	6.9546	5.9095	7.4606	6.1525	5.4581	7.3444	6.7838	5.2654	4.8999	6.3635	5.1735	6.7521	5.8445	6.1472	5.5005	4.5885	7.2821	6.2599	7.1542	5.8499	9.2324	6.3331	5.6871	5.7467	5.8442	5.9975	6.3155	7.561	6.3191	5.9047	6.4902	5.7331	5.1441
EA_G__MED1	8.1769	10.6141	7.549	11.0219	8.0573	8.0177	8.3707	7.8508	8.0326	7.8536	7.6202	7.3922	7.4215	8.0816	7.8044	8.0446	7.5038	10.0793	7.6085	8.4973	8.5876	7.2236	8.0577	7.0794	6.8701	7.8705	7.8026	7.3619	8.3177	8.5512	7.5009	7.5482	10.3497	7.81	7.6824	7.9018	7.2316	7.3177	7.0601	8.4586	9.8493	7.5484	7.8678
EA_G__USP32	7.6271	6.0252	7.2596	8.7771	7.7142	6.9611	7.6102	7.3388	7.0164	7.1632	6.6805	8.0627	7.6703	6.8973	6.7422	6.6448	7.1184	7.184	6.7748	7.5601	7.8839	6.9035	7.2817	9.6178	10.0265	7.6124	7.3508	6.6289	7.543	8.3495	6.5092	6.749	5.4122	8.3866	7.227	7.2609	6.4349	6.3523	6.7105	7.0182	7.4956	7.1167	7.3782
EA_G__PEG10	7.5938	8.4237	4.9697	9.4047	10.8894	9.8295	5.0635	8.7884	4.9456	6.4695	8.2184	10.4563	9.4316	10.9411	8.0184	8.226	8.4791	9.921	10.7977	9.6944	8.2742	7.3161	8.5317	5.0826	4.9175	9.4605	10.6777	9.8791	8.8654	9.049	5.9308	12.1461	8.6123	8.2909	10.2006	9.5417	9.8494	5.6315	7.8759	9.1193	9.7808	6.7363	7.7367
EA_G__IFI16	4.0877	3.3135	4.3335	3.0329	2.8529	3.211	3.0887	7.2564	3.0011	4.1357	7.8109	2.953	3.1713	6.782	7.3153	6.8005	7.608	3.2238	3.3307	3.4206	7.3667	8.5168	6.9341	3.2072	3.5063	3.4209	7.0177	3.9298	6.146	2.9532	3.8313	3.6445	3.521	3.32	6.6117	7.8237	3.212	6.7609	3.8013	3.6526	3.1544	3.128	3.2743
EA_G__NTN4	8.9457	7.3815	8.304	4.9204	5.0978	7.1364	4.9212	5.6882	7.1586	6.9979	6.658	7.5512	5.1676	4.9719	6.4198	7.8649	8.8122	5.6499	7.7185	5.9791	6.5246	8.062	7.8699	5.7432	5.7151	5.1214	7.0287	8.1226	6.5949	6.4657	7.9767	7.923	7.6942	7.2396	6.2955	7.1744	8.1179	8.0429	7.4797	6.9728	5.795	5.3447	5.0544
EA_G__GRAMD2	6.7449	9.1627	8.8006	8.0119	6.578	4.9204	4.9565	5.2619	6.129	5.2142	5.124	7.5184	7.0826	5.0351	5.7863	6.8372	8.0838	7.2762	7.0011	5.7249	4.6843	6.2288	5.1823	6.0796	5.56	5.023	4.8118	5.774	5.2106	5.5525	5.2362	6.784	8.6722	5.4089	7.3875	4.8997	7.5718	6.4928	6.5344	5.6594	7.2598	5.4708	5.0695
EA_G__PODXL	6.5338	7.0465	6.9961	7.3009	7.4771	5.7421	7.7433	7.2504	7.7858	7.9623	6.375	5.9186	6.1199	7.3042	7.5714	8.7707	6.8597	6.2644	6.5362	7.7635	6.0348	8.0322	7.3219	7.3969	7.7025	8.049	6.8305	7.3334	8.0699	7.5153	7.0734	6.5859	6.8237	7.3762	7.5898	6.6797	7.3501	6.5858	6.8752	6.2957	6.3991	6.2155	6.9749
EA_G__MX1	6.7692	4.7426	5.3908	4.6858	9.9373	4.5484	4.9095	6.497	4.1892	9.6165	5.0623	4.3829	6.8304	9.198	7.6388	8.4811	4.8605	8.1899	6.5906	4.1496	6.4851	10.4663	4.1959	5.0645	5.0942	4.7296	7.1075	6.892	5.0751	4.657	8.2662	5.3425	4.8804	4.7268	8.276	4.5754	5.3837	10.0995	6.0441	7.4259	5.3872	4.8218	4.6197
EA_G__F2R	6.7287	3.9377	5.3006	6.0925	5.4609	4.2658	5.4885	8.7974	8.6304	7.5208	7.3673	3.7952	3.924	5.4926	5.8655	6.2163	6.2123	4.9195	4.8476	5.9294	5.7165	5.6475	8.9206	4.2515	4.3759	7.2447	9.6043	7.1297	6.9131	6.7434	7.4069	4.324	4.1797	9.12	5.1913	9.355	7.9381	4.7486	5.2218	4.3686	4.2223	6.5613	6.8521
EA_G__NLRP2	8.1576	8.9785	3.5682	8.9691	7.9713	3.6741	3.5258	3.3762	3.3124	7.512	7.108	9.2522	8.966	3.49	9.3799	3.4433	7.4231	3.8484	9.2504	3.5501	7.8246	7.7908	4.7481	3.3894	3.8341	8.0258	7.8593	8.1266	3.6189	7.8887	5.3161	3.7842	6.6445	3.5206	6.8015	3.8452	3.7499	3.8335	7.528	8.4914	7.8778	3.8702	3.7279
EA_G__TRIB1	6.0654	7.6744	7.3583	8.1414	7.6478	7.1402	7.0466	6.1924	7.7068	5.744	7.5091	10.0096	6.0943	7.3652	8.6332	8.1202	8.4305	7.2159	7.5348	7.1922	6.9458	7.9489	7.2746	7.6339	7.6185	6.8488	7.7643	7.2685	6.0405	7.469	6.0243	6.9417	7.5015	6.9704	7.4809	7.0816	7.3701	8.6768	7.0623	6.3992	7.1432	7.0288	7.134
EA_G__HOXB3	6.2695	5.6785	6.5189	5.8395	6.2503	6.7731	6.0779	7.2295	5.7514	6.1538	5.8609	7.3176	5.89	5.9134	6.9034	6.5862	6.8059	7.238	7.3189	5.8709	5.955	7.4904	6.6642	6.2572	5.8245	5.7535	6.208	6.9848	6.1154	5.9465	7.6904	6.9124	6.1263	5.8914	5.88	6.0983	6.1953	6.4145	7.2706	7.1934	8.2114	5.9354	5.9813
EA_G__GPR110	9.7446	7.0704	8.8625	3.7237	3.745	3.6985	3.7424	3.8281	9.0125	3.733	3.472	4.4485	4.4558	6.7612	7.5227	8.4464	8.9925	4.7165	9.3514	8.1791	3.2085	8.7699	3.8459	4.1206	3.9779	4.3228	3.6583	7.068	8.7401	3.5079	8.1907	4.253	6.7929	4.1236	3.5422	3.979	4.2127	9.0757	6.5644	6.4813	3.5142	3.8201	4.2971
EA_G__TPCN2	8.8521	7.9813	7.1748	7.711	7.6641	7.3829	8.7998	7.3341	7.9965	7.8396	8.0192	7.5535	7.3698	8.9345	7.5463	7.7012	7.3245	7.4401	7.6544	7.51	8.149	7.223	7.2046	8.0075	7.7043	9.9994	7.5842	9.0437	7.7263	7.5978	10.3492	8.0264	8.0715	7.3931	8.0012	7.5193	7.3771	7.2979	7.8551	7.7114	8.1412	7.9299	8.8507
EA_G__NRSN2	7.6087	5.1787	5.0275	8.0338	8.463	8.8577	8.0484	7.953	8.0956	8.0397	7.7657	6.0771	6.3833	8.6206	6.204	6.0926	6.5519	7.828	7.5432	7.5792	9.7283	7.8983	8.2614	7.3832	7.1148	7.7793	7.7514	7.7939	7.3114	7.5618	7.3629	7.8958	6.3898	7.4973	6.9706	7.0097	7.6632	7.1233	6.3287	7.8312	7.8128	6.9757	7.8145
EA_G__DNER	5.627	5.1472	5.0896	5.4137	5.6186	6.2841	4.8851	6.8259	6.9456	5.0637	5.0964	4.5338	4.7564	5.1132	5.7742	5.1299	5.4944	4.875	4.9183	5.9718	4.8761	5.0484	8.2094	5.0598	4.9271	9.5248	5.5037	5.9317	4.6785	7.1297	4.608	5.178	4.8807	6.553	8.397	7.9814	5.666	5.4052	5.1754	5.0248	5.2306	4.8172	5.1132
EA_G__EXT1	6.9002	7.2851	8.0007	7.2317	7.4158	9.4078	6.2099	8.2239	9.0509	8.0849	9.5899	7.5442	7.2337	7.5812	8.4481	9.2912	10.1238	7.8283	9.2087	8.4022	7.6371	8.1848	10.0477	6.7194	6.7105	5.5645	9.9259	7.4582	9.0962	7.2525	7.5283	7.3022	6.8852	8.3403	7.8279	8.393	7.9956	8.4691	6.9261	7.0398	7.4408	6.3569	6.7935
EA_G__HOXC12	7.2209	6.6279	6.9142	6.8575	6.9437	6.6965	6.7261	6.9314	7.8412	6.8565	7.0196	8.7035	6.2814	7.4436	7.3764	6.6042	6.7844	8.4378	9.8584	6.1344	7.5202	8.1502	6.6788	6.6752	6.8411	6.5513	8.1895	6.6735	6.4455	6.1602	7.7564	7.3628	6.9104	6.778	8.0323	6.6568	6.4454	7.6267	6.9193	7.4525	7.7345	6.5116	6.5967
EA_G__S100A9	9.9286	10.4677	9.3762	5.0812	6.9142	4.3949	4.6743	5.1548	6.0501	8.569	5.7944	4.4989	4.2624	6.1371	5.9066	7.4444	9.4016	7.1889	10.6024	7.5374	5.7237	8.3124	4.4361	5.5374	5.7212	4.7981	5.1561	7.6995	4.9199	4.4352	4.3882	5.3761	9.4696	5.0333	6.3185	5.2789	5.5378	7.0502	7.3179	5.8982	7.8924	4.854	4.7601
EA_G__PAPSS2	7.2823	6.697	4.1942	5.2849	7.4357	7.7269	4.1448	7.8782	5.6242	5.0044	6.2163	7.3525	4.1378	7.0173	5.5295	4.0856	8.6186	7.3578	6.8063	4.2285	6.4559	8.0119	7.0124	5.7553	7.2024	5.1418	7.705	7.1569	8.2458	6.6326	6.0013	4.8393	5.7855	5.732	6.5713	5.7708	10.4717	6.5437	8.8104	7.705	8.6322	7.9299	5.9458
EA_G__EPHA4	4.1217	5.0734	5.9051	6.2606	4.4531	7.9784	3.8708	7.9315	7.1865	5.253	6.9047	4.6924	4.5379	4.3548	5.9984	6.7428	6.6761	5.5218	9.2057	5.8254	6.264	7.1311	7.3232	7.0524	7.149	4.5379	8.0528	6.3143	6.3083	6.0132	4.0356	7.8997	5.4945	4.3484	4.3606	6.4671	8.8106	3.9527	6.7085	7.4911	6.4549	4.1474	4.7413
EA_G__GPRC5B	4.9745	6.388	8.1964	6.1617	6.2748	6.497	5.2667	8.9045	6.0606	6.7039	6.2604	7.0809	4.8034	7.9743	6.8597	7.5867	8.3264	7.0387	7.6177	6.3867	5.3386	7.5323	7.0233	5.9088	5.3699	4.439	7.6679	6.8634	4.6996	6.5032	6.9632	5.7648	6.2546	5.117	5.209	6.388	6.478	6.2985	5.6048	5.5162	5.5363	6.325	6.1032
EA_G__STS	8.143	6.7578	6.9719	9.0473	6.5325	5.225	5.693	5.8278	5.4704	5.3683	5.3946	6.1455	9.8669	5.3857	5.7559	7.7408	7.5128	6.6342	8.0108	6.1489	3.963	7.8473	6.9436	5.5505	6.341	5.6965	6.5913	8.3982	6.5483	10.4565	9.262	8.2868	6.7478	5.2848	5.6274	7.1699	7.0427	5.477	4.632	6.0835	7.854	7.2758	6.1104
EA_G__CDKN1A	7.6223	5.6813	6.1515	6.4516	8.1183	5.5956	5.843	7.1186	7.4914	7.5622	5.7902	6.163	6.0874	5.8016	7.2229	7.1044	6.6212	6.0946	5.4977	7.7513	5.5767	6.2617	6.6892	7.3846	7.4505	7.7351	6.1198	7.588	6.1107	7.3511	5.8232	6.166	5.8865	6.8653	5.5836	6.0481	6.6928	7.0882	5.8646	6.8521	6.7727	7.4713	7.7466
EA_G__RAPGEF5	6.3415	7.266	5.8295	6.5457	6.6712	3.3864	4.7324	3.7336	6.3047	5.8669	4.0035	7.7655	6.0587	6.0581	5.7079	6.3887	6.0594	7.4801	5.7724	6.221	4.9361	7.0582	4.0924	4.4095	5.2392	6.3018	3.484	7.3046	5.3194	5.321	6.2087	5.705	6.5869	3.6423	5.23	3.6547	8.3677	7.8614	6.4436	5.4905	6.7032	4.9861	4.911
EA_G__FADS2	5.5203	5.1836	4.6766	11.2866	8.1832	10.7062	9.6347	7.8934	8.0137	10.8844	8.4065	5.944	4.895	11.2039	7.2327	6.9073	6.0754	10.6541	6.8636	5.5278	8.4189	9.0812	6.2579	7.3093	8.6543	10.5743	6.5811	9.9779	8.8552	10.1211	10.3286	7.1607	4.3387	9.1821	10.3134	6.2067	10.128	9.645	10.6903	8.0701	7.969	8.508	10.2159
EA_G__XPO7	8.5499	8.1521	9.1879	8.441	8.0038	9.1217	8.3196	8.4432	8.2448	9.2044	8.3067	8.6677	8.1523	8.4557	7.6985	8.194	8.0059	7.3682	8.5117	8.7745	8.3272	7.316	9.0734	8.2715	7.7554	10.9542	7.5707	8.2995	8.812	7.6431	7.8666	7.8212	8.0921	7.8502	8.291	8.4653	8.4306	7.0594	7.6009	8.1521	8.2975	8.6333	8.9366
EA_G__CHAC1	6.4402	6.8948	7.8778	6.8373	6.0799	7.8801	8.0356	6.779	7.3749	7.5149	7.6317	7.4711	6.3025	6.3981	7.9541	7.0921	6.7527	7.6918	6.156	6.4615	6.6071	8.4346	7.2855	8.1311	8.0203	6.3289	7.28	7.068	7.5078	6.4666	7.1311	7.937	6.8757	9.1523	7.1693	6.6026	10.1926	9.6415	5.765	6.5656	7.071	6.0084	5.5164
EA_G__UNC13D	7.2054	8.5678	8.403	6.589	8	5.9315	6.46	6.5319	7.585	6.7512	6.1501	6.4098	7.9107	6.1484	7.6261	6.5748	8.1147	7.4762	6.6524	6.8474	5.9809	7.1011	5.9956	7.7133	7.1245	6.1055	6.002	7.0397	8.6899	7.4076	6.6057	6.9214	9.2958	6.2236	7.8169	6.2601	6.8333	6.4987	7.0049	7.8597	7.6537	6.2393	6.4333
