Cell lines	600MPE	AU565	BT474	BT483	BT549	CAMA1	HCC1143	HCC1395	HCC1419	HCC1428	HCC1569	HCC1806	HCC1937	HCC1954	HCC202	HCC3153	HCC38	HCC70	HS578T	LY2	MCF7	MDAMB134VI	MDAMB175VII	MDAMB231	MDAMB361	MDAMB453	MX1	SKBR3	SUM1315MO2	SUM149PT	SUM225CWN	SUM229PE	SUM52PE	T47D	UACC812	ZR751	ZR75B
Response	-1	-1	-1	-1	-1	1	-1	-1	-1	-1	-1	1	-1	-1	1	-1	-1	-1	1	1	-1	-1	1	-1	1	-1	-1	1	-1	-1	-1	1	-1	-1	-1	1	-1
RS_G11890__AQP3__AQP3	8.0116	10.6287	2.1647	1.9014	0	4.2468	5.9918	1.0506	0.53786	0.1979	0.81239	8.8606	9.6576	5.2418	7.5979	8.1506	0.68742	6.8679	2.5285	9.4709	8.5654	0.81789	6.6899	6.2827	8.6321	6.4726	3.8282	10.8643	1.743	5.1633	8.3696	10.0805	1.1812	5.8895	1.0436	7.5892	3.3056
RS_G6438__H19__H19	1.1105	10.4938	2.6615	4.2746	0.23891	1.0195	3.0509	2.0724	0.83467	4.1738	2.527	9.1435	2.137	3.2118	2.9071	4.9475	0.12357	0.57515	9.9367	12.6153	2.9375	2.5878	10.9996	0.51368	4.7313	1.5866	5.89	12.8147	1.434	0.45922	3.8168	12.6438	9.9543	5.8115	3.6638	3.5258	2.5666
RS_G15449__PSTK__PSTK	3.0441	2.5953	2.506	2.888	3.4201	1.9302	3.6997	3.918	3.1924	3.047	4.0419	3.5195	3.7742	3.8694	1.2227	4.1269	3.8838	3.0608	2.759	3.2617	3.0766	3.4609	2.7387	4.1285	3.3489	3.8483	5.2788	2.2706	4.3471	3.1501	3.2526	2.3549	9.5518	2.9723	3.3824	3.321	2.3236
RS_G16320__PCBP3__PCBP3	0	1.233	2.8412	5.1319	4.7329	0	1.8135	7.1215	2.717	1.4734	6.7411	1.1414	3.7919	3.7675	0	3.7909	4.1238	5.8191	0.75128	4.5505	4.5556	4.431	2.5031	3.5964	0.47491	0	1.0568	0	3.3797	3.9459	5.3921	1.2824	5.3456	0	0	0	0
RS_G18582__MAGEA12__MAGEA12	0	7.7305	0	0	0.29613	0	0	0.33841	0	9.4865	0.27224	8.3753	1.6656	0	4.6108	1.051	0	5.8085	8.396	0.5451	0.30005	0	9.1989	0	1.36	0	1.111	8.2333	0	0	8.8769	0.45187	0	2.2033	0.83189	7.2668	7.5631
RS_G9403__SESN3__SESN3	2.3465	0.95592	1.9433	1.1053	1.9298	0	2.8601	6.7706	0.38727	1.3803	2.9138	1.2586	3.1787	5.218	0	3.7349	1.2617	5.7426	0.72009	1.0257	3.5018	4.8632	1.551	3.829	1.2595	2.6745	4.7057	0	2.2333	1.6506	2.2977	3.064	0	0	2.0062	3.2095	1.8699
RS_G3379__MEST__MEST	0.28456	7.7409	7.8393	7.4767	7.0437	7.6778	7.4615	1.4366	1.0201	7.6848	0.16774	8.4186	6.9275	6.6173	8.08	1.1371	11.3032	0.69041	4.0757	7.3671	8.1143	6.6208	7.5349	6.2993	7.2189	7.299	0.25759	9.0774	0.325	0	6.652	7.5819	0	1.0173	5.9816	6.7253	7.8146
RS_G11943__C10orf10__C10orf10	6.4294	2.4145	3.8936	2.0915	3.4013	0.56101	6.3853	5.9015	2.378	1.5633	7.4403	1.1295	5.9323	4.8405	1.5111	5.9809	4.172	7.2064	3.6636	0.63589	2.0915	3.3694	6.6362	2.4972	2.1318	2.6079	8.6536	0	6.2562	1.5369	5.9749	4.0583	1.1558	2.2516	3.1047	1.3846	2.7746
RS_G4751__ST6GALNAC5__ST6GALNAC5	1.3493	1.0504	1.3399	1.0143	5.9416	0.2507	6.665	1.5309	5.1082	0.17517	7.3934	0.37743	6.2258	5.5602	0.23447	8.2988	7.1961	7.0426	1.3656	0	2.2612	3.6181	7.0606	5.7759	0	0	9.2757	0	0.75056	6.2159	0.6064	0.52553	0	0	1.0276	1.2189	0.95463
RS_G9411__PAK1__PAK1	9.7379	3.6126	5.4375	6.8348	6.7525	4.9493	5.9938	7.1121	2.1414	5.6631	7.8099	8.5733	6.5653	6.9548	1.7217	6.8913	6.8685	7.7419	6.4967	3.6134	5.5626	11.6469	4.7882	7.3965	5.7512	5.6661	6.6821	5.3053	3.3435	6.0138	6.3652	4.9205	9.5501	7.7022	5.9554	5.4982	5.2907
RS_G15925__TSEN54__TSEN54	7.2344	8.3459	6.4633	7.5892	6.3917	7.9159	7.7411	6.4839	6.8253	8.3035	7.0863	7.4429	7.0836	7.421	8.0853	7.972	6.2994	7.2044	6.6307	10.0525	8.9556	6.8742	8.4277	7.161	9.7546	9.4051	8.7804	9.1787	7.8424	7.1251	7.3376	8.4663	7.997	8.3349	8.7783	8.8604	8.5107
RS_G1949__NRCAM__NRCAM	0.31034	0.25695	7.7866	6.3877	0	4.5521	0.40396	0.95425	2.8649	4.9526	0	2.5075	0.060781	1.2375	3.817	0.93017	0.21491	0.069448	0.9522	7.1113	7.0033	8.3932	0.29043	0.20825	5.0264	0.13774	0.30485	0.65721	0	0.14959	0	5.592	2.1109	0.61954	2.2804	3.7421	1.0569
RS_G1258__GSDMB__GSDMB	4.7283	10.0772	7.4928	3.7606	2.7807	2.9772	3.6969	4.6781	3.5467	4.7565	3.2791	2.1913	5.0688	9.6147	3.0898	4.5209	5.8219	4.5338	0.96991	2.7699	2.573	5.054	1.4808	1.526	2.9419	4.2907	3.365	11.4397	2.1741	3.0874	3.2711	4.2586	4.6204	4.528	6.4607	4.3342	3.4357
RS_G22235__AC087350.3__AC087350.3	6.7584	3.3757	0	4.1748	0	2.4007	8.6826	7.0026	2.5144	5.3739	9.9573	0	6.5159	4.2809	6.6282	8.6943	4.2513	7.319	0.31621	0	5.0434	3.5025	6.3716	3.8004	0.80904	1.6475	10.5622	4.3854	4.6914	10.1015	7.7291	2.8659	3.0354	5.2584	3.9664	3.1179	0.82242
RS_G3761__TRIM2__TRIM2	6.299	5.3394	2.5021	4.8596	4.3894	0	5.2157	0.7472	5.9345	6.6038	9.3226	4.0319	5.3512	6.6069	3.2392	5.0518	5.6753	6.4392	2.976	3.4948	2.0666	3.9849	4.6512	4.5953	2.8767	1.6906	7.3357	5.532	2.6874	4.5541	6.3819	3.7754	6.1299	4.6767	2.2026	0.11351	0.11376
RS_G7654__SYTL2__SYTL2	3.1117	0.55508	6.2717	6.9293	4.6446	4.3787	1.7257	3.0294	4.8414	5.7259	3.8285	0.45561	2.6069	7.3332	1.0663	4.9358	2.1209	6.0929	1.5622	5.7605	8.5593	5.7273	1.8735	3.9775	3.016	2.7933	2.52	1.7332	1.8466	2.4806	3.8628	1.5828	3.198	3.5101	3.9795	4.6369	4.0389
RS_G7879__HERC5__HERC5	2.3699	0	1.1018	4.8412	0.14696	1.4218	4.5886	2.5298	0.90345	1.1983	8.0916	2.7091	5.6631	4.4059	1.7557	2.964	4.5001	7.8085	0.083816	0.81141	0.62941	3.1466	1.6248	5.3756	0.78169	0	4.53	0	3.9803	3.3359	4.2521	3.2928	2.1255	1.4633	1.096	0.70351	0.21229
RS_G18125__SERPINA3__SERPINA3	4.7146	3.3896	4.376	10.7059	2.3912	2.7642	6.2583	3.3543	0.66673	7.2136	10.5492	0	5.3815	10.8182	1.1588	10.6257	6.7693	12.7208	0.21085	6.7297	9.783	8.3617	7.6689	1.5613	5.0195	0.91162	12.1397	0.99928	4.6246	5.7375	9.0406	6.7507	9.884	3.6615	9.293	7.7049	5.721
RS_G2904__AP3B2__AP3B2	3.9601	0.94326	2.1616	3.7524	2.183	3.0899	3.2043	1.4364	2.4123	3.1995	6.6873	0.22078	1.7717	3.8345	0	3.8864	3.1116	0.12832	0.082787	3.69	3.581	7.7206	3.0769	0.47431	0.54854	0	6.268	0	2.7378	3.8444	1.2183	2.7695	4.0024	0.82217	6.7417	3.2767	0.6802
RS_G1735__HSD17B2__HSD17B2	1.8766	6.0188	2.0365	0.48433	0	0	1.2357	0	1.522	2.4537	0	4.7163	5.7492	1.6943	7.1172	3.2596	0	4.7601	4.3823	0	0.18232	0	6.4469	0.32372	5.396	0	3.9728	5.9517	0	0	8.5345	3.3103	8.1036	4.1073	2.4832	4.4738	0
