Cell lines	600MPE	AU565	BT20	BT474	BT483	BT549	CAMA1	HCC1143	HCC1187	HCC1395	HCC1419	HCC1428	HCC1569	HCC1806	HCC1937	HCC1954	HCC2185	HCC3153	HCC38	HCC70	HS578T	LY2	MCF7	MDAMB134VI	MDAMB157	MDAMB175VII	MDAMB231	MDAMB361	MDAMB415	MDAMB453	SKBR3	SUM1315MO2	SUM149PT	SUM159PT	SUM185PE	SUM225CWN	SUM52PE	T47D	UACC812	ZR751	ZR75B
Response	-1	-1	-1	1	-1	-1	-1	1	-1	1	-1	1	-1	1	-1	-1	-1	-1	1	1	-1	1	-1	1	1	-1	-1	1	1	-1	-1	1	1	1	1	-1	1	-1	-1	-1	1
EA_G__EDN1	5.2663	8.1028	6.2977	5.2078	7.9344	8.1553	6.5703	7.5041	5.7319	4.5756	4.8516	6.2763	5.0209	5.9089	6.9297	7.211	8.6515	8.6146	4.7054	5.4658	8.295	5.4886	8.2475	4.9256	5.4079	5.9415	8.3803	4.7881	4.85	6.8017	7.9053	4.7668	6.6667	7.4801	6.6039	7.3281	5.6339	8.5048	4.5134	6.3579	6.7847
EA_G__ERBB2	9.7997	12.3532	8.5748	12.3566	10.2935	7.7806	9.1247	7.7491	8.9829	7.1261	12.6526	8.5876	11.3467	7.4832	7.6512	12.3708	10.2349	8.7512	8.1322	8.6875	7.0841	8.5271	8.7417	8.307	7.9542	9.8661	7.3805	11.4924	9.0715	10.6304	12.0992	8.1194	7.4859	7.6326	8.7176	12.6826	8.6454	9.1608	12.2493	10.0611	9.751
EA_G__FADS1	6.6433	4.7141	7.2546	9.5956	7.4039	10.1515	7.5281	8.2598	7.0575	9.9309	4.0972	5.4088	10.6542	8.1857	8.0502	5.5901	7.0268	4.6587	9.6457	7.7037	9.4569	9.3974	9.182	9.1142	8.5065	8.1467	9.8587	8.5301	8.809	7.6383	4.5228	9.4392	10.2821	8.8653	9.5297	7.0002	7.2535	8.3505	8.5121	6.6254	8.136
EA_G__CHN1	4.5284	4.0137	4.6079	5.619	6.1267	6.2208	7.5276	6.5904	6.2909	7.1423	3.4928	7.0242	4.1356	4.188	4.353	4.7556	3.9524	6.1469	8.2707	5.1835	6.059	6.8288	6.6782	5.13	8.7363	4.1657	6.693	6.2794	5.3912	4.3748	3.8667	6.6457	8.1629	7.7282	4.5954	6.0646	5.4836	4.5742	5.2127	7.5735	5.5815
EA_G__TUBA1A	7.6355	5.4685	5.381	5.6512	9.2456	8.5574	5.2673	7.5744	7.0553	7.0856	5.0704	8.0223	5.4043	5.756	5.3459	5.6963	5.4595	6.7726	8.2873	6.6422	6.9356	6.9879	6.9528	9.6075	9.3841	6.0716	6.1397	7.3423	5.4308	5.3052	5.5696	8.0508	6.0672	7.9037	8.3704	6.2207	5.6145	7.3729	7.6587	5.7136	7.3281
EA_G__GALNT14	6.4713	5.6202	6.9006	5.6465	5.3068	5.258	5.7724	7.5391	7.3538	5.7727	6.1496	4.9671	7.5743	8.5702	6.1607	5.2645	5.4374	6.4883	5.9174	6.7045	5.0195	6.6583	6.7424	8.4591	6.5487	5.8006	5.1108	7.2126	5.5293	8.2117	5.4656	7.1989	6.4268	7.283	8.1052	5.2478	6.2779	5.6528	5.4551	6.1075	7.7655
EA_G__SDF2	10.0876	9.1304	8.9469	9.0822	9.4165	9.2741	9.3591	8.1063	8.9935	8.6316	10.4069	8.66	9.6218	8.7141	9.0785	9.765	8.7896	9.2227	9.7018	8.9126	8.9229	9.117	9.3493	9.585	9.6399	9.6411	9.4677	9.626	9.3285	8.2248	9.5982	8.717	8.8358	9.0203	9.184	9.948	8.4796	10.2134	10.7746	9.2296	9.1488
EA_G__SLC16A1	4.1518	4.5175	8.7535	4.621	5.0518	8.3945	6.9479	8.2121	6.7131	8.0753	4.1803	6.0711	8.1756	8.6169	9.6833	7.5445	4.3803	8.5633	9.301	7.8102	8.2915	6.6982	6.3272	6.7496	8.5674	5.5971	4.2042	4.7554	9.2031	5.243	5.3943	8.0807	8.4519	8.8065	6.2744	5.3618	6.7559	5.7245	3.8845	5.3972	7.3424
EA_G__SRPX	4.8418	3.8166	4.7162	5.1588	4.2865	4.4735	4.0039	7.2853	4.7073	10.396	4.3236	4.6318	9.3757	4.3267	4.0548	5.2999	4.527	5.7129	5.7652	4.6263	6.3779	4.5545	4.5687	4.7756	6.9883	4.2764	5.8279	4.3906	5.7889	4.9086	4.3626	10.949	6.1023	9.3259	4.8527	4.4114	4.3412	4.962	4.12	4.6042	4.6542
EA_G__NEDD9	6.0988	7.0541	8.0254	6.369	5.6202	4.3702	6.2842	6.296	8.1089	4.4978	7.6662	5.8265	4.8435	5.1507	7.3277	7.9067	6.6483	8.7324	4.4449	5.8518	6.7673	5.6187	6.171	5.5023	5.6725	7.695	5.7837	7.1416	6.0837	5.3281	7.4896	4.4785	5.6738	7.5467	4.6345	6.6369	6.7999	6.6815	5.1042	5.6103	4.8497
EA_G__GGT1	7.5575	8.3568	6.9163	7.1065	7.2693	5.3711	7.6542	5.7143	6.1119	5.8255	8.3686	6.7667	5.8302	6.2027	5.5974	6.1793	7.0078	6.4158	5.6441	6.8205	6.8466	6.2737	6.3007	7.403	6.0052	7.7936	6.8593	9.9959	6.1859	7.8444	7.6843	6.2313	5.996	6.5788	5.9141	7.6846	7.3051	6.8609	6.8846	9.633	5.9641
EA_G__SLC45A3	8.3993	9.4614	8.5019	6.3914	7.1243	6.7449	5.9989	6.8338	7.3632	6.833	9.3329	6.1092	7.8421	7.4695	6.8411	7.3782	8.3279	8.1733	7.0086	8.2368	6.9773	6.9731	7.0142	6.8171	7.7159	8.9468	7.9903	5.9858	9.3593	8.1569	9.3131	6.4692	7.3103	6.9522	6.2317	8.39	7.9484	6.8494	7.7818	6.0996	6.6263
EA_G__ADD3	6.6458	6.7936	5.9838	6.1357	6.08	3.6675	7.3762	6.6549	7.1568	6.6177	4.7737	7.6154	6.6105	7.5674	6.5917	6.7963	6.6152	4.7335	7.1144	7.6169	7.7425	6.0556	5.1911	5.7301	7.2875	4.417	5.7074	8.3368	10.0224	4.4241	6.2413	7.1567	7.9093	4.0687	5.2859	7.9608	8.622	6.3595	5.9504	5.6145	7.1749
EA_G__ORMDL3	8.742	9.4661	7.4855	11.4831	8.9199	7.3014	8.1979	6.6416	7.9055	7.2593	8.4602	8.1771	7.8021	7.2506	8.1827	12.4038	8.7695	8.0969	8.429	7.8199	7.3423	7.8046	7.8203	9.0599	7.7325	8.5764	7.4686	7.6291	8.4639	8.7947	9.477	6.7234	6.7856	7.2867	7.9185	7.7687	8.0333	8.8896	10.8822	9.0178	8.2547
EA_G__ST6GAL1	7.1627	7.7394	5.4994	6.0727	5.7592	4.9826	5.8866	5.2929	4.8651	4.3675	7.1704	4.4732	6.6134	4.3999	5.6027	6.9928	6.3251	5.7577	4.7896	6.3255	4.7526	5.2073	4.6559	4.3331	4.6197	6.3901	4.8325	5.7496	8.8885	5.4107	6.5704	5.1495	6.8937	4.9485	5.7285	7.4109	6.9642	6.9889	6.987	7.0116	5.2249
EA_G__TGFB1	5.3638	4.5484	6.9795	5.3055	7.7729	8.6552	4.8695	7.9382	5.3512	8.1243	4.8967	7.1632	5.9921	7.3595	6.5109	5.8477	5.2968	5.5807	8.5133	7.4316	9.1035	7.528	7.3696	6.3607	9.3331	5.2601	7.5055	6.5085	4.5964	5.5747	5.0627	8.0166	7.9822	8.834	5.1563	5.9724	5.4959	5.4741	6.0657	5.4676	6.8786
EA_G__APOBEC3C	4.9575	4.3796	8.4404	5.0079	4.3185	4.6432	3.9746	6.252	7.5233	7.2601	4.2715	4.3922	4.4322	7.6314	8.0586	6.1462	4.9659	6.7292	8.0813	6.5526	7.1948	4.5514	4.7951	5.3873	7.4161	4.4358	7.5841	7.6699	8.5436	4.8073	4.7309	4.6374	7.9769	7.4662	5.0818	5.0684	8.9395	4.9317	4.2818	4.5283	4.3357
EA_G__FAM120C	6.734	6.9119	6.4205	6.9027	7.2895	7.5805	6.9332	6.2679	8.4703	6.4023	7.0268	6.7884	6.3034	5.144	5.782	7.0889	7.8624	4.9352	6.3925	6.2466	6.2966	7.8199	7.3178	6.909	6.2234	7.9999	6.1857	6.9862	6.9113	7.2472	7.2245	5.878	6.9624	6.042	6.8034	6.3654	6.0982	7.9788	7.8176	7.9865	7.5028
EA_G__MARVELD1	6.3862	5.3113	5.9748	5.5142	6.3847	7.6134	5.3264	7.1404	5.7017	7.7105	6.0777	6.1142	6.5362	7.5039	6.5506	5.3668	5.8617	5.7939	6.82	6.0213	7.1847	7.3941	7.3092	7.5172	7.7933	6.0998	7.0751	6.4668	6.1576	7.2206	5.5818	8.5826	7.8275	6.9251	6.5543	6.0294	5.574	6.505	5.7338	5.6257	5.8763
EA_G__NPAL2	6.9008	5.9027	6.8153	6.3489	6.9902	4.937	4.6577	5.4937	6.2101	3.9815	8.9241	8.0853	6.4543	4.0973	7.2119	6.8325	7.1773	6.7199	5.7675	6.141	6.516	7.0963	6.8102	4.6957	6.6986	7.2536	6.4927	6.9277	6.313	5.4176	5.8846	5.0348	6.7427	5.276	5.5001	8.6295	6.5493	6.7587	7.214	6.7578	6.4154
EA_G__F2R	6.7287	3.9377	5.3006	6.0925	5.4609	4.2658	5.4885	8.6304	7.5208	7.3673	3.7952	3.924	5.4926	5.8655	6.2163	6.2123	4.8476	5.9294	5.7165	5.6475	8.9206	4.2515	4.3759	7.2447	9.6043	7.1297	6.9131	6.7434	7.4069	4.324	4.1797	9.12	5.1913	9.355	7.9381	4.7486	5.2218	4.3686	4.2223	6.5613	6.8521
EA_G__C2orf54	8.3218	8.7775	6.6126	6.6129	6.4191	5.3623	6.4403	6.3795	5.4429	5.2559	7.0081	6.0254	5.6238	5.8691	6.2319	6.7258	7.7521	6.3336	5.1584	7.085	5.5817	6.7537	6.16	5.7166	5.3858	8.0504	5.5605	7.7213	5.2486	7.7989	9.4912	5.4913	5.8188	5.4747	5.8124	8.1237	8.5672	5.5588	8.1165	8.5209	5.6076
EA_G__CST3	10.0647	8.3718	6.0505	11.2622	11.3026	10.076	9.6505	8.7754	7.4043	10.2791	10.4498	11.5438	11.0344	10.895	5.2619	7.3686	9.9545	7.8763	10.6237	6.9838	10.6584	10.9571	11.0955	11.5165	10.9746	12.3157	10.4303	11.2597	11.6755	9.2305	9.1846	9.4857	10.9825	10.4127	11.7364	9.8738	10.5733	10.0425	10.6168	9.1089	9.5064
EA_G__ZNF750	6.7199	7.3482	4.6567	6.7097	6.6858	4.9155	5.6839	4.6689	7.2202	5.1846	6.7591	6.451	4.7703	5.1668	5.5797	5.4145	7.1353	5.1352	4.7351	5.3662	4.4688	5.7987	6.4591	5.1944	4.6503	6.6426	4.6995	6.0296	5.1191	6.1847	7.0681	4.8725	5.4428	4.8895	6.5246	7.0578	6.3349	6.3737	6.0345	6.7232	5.4634
EA_G__GALNT10	9.3812	9.4138	7.1051	8.6302	7.9105	9.1786	9.3732	6.602	6.3646	8.1789	8.3228	7.334	7.2598	6.5998	7.951	7.4715	8.4982	6.9708	7.2458	5.0836	9.4439	7.8167	7.7543	7.444	8.2044	8.7906	9.4934	8.736	10.3413	9.3986	9.9127	6.9021	7.1762	8.2465	8.7201	9.0248	9.1419	8.6398	9.3244	8.5702	7.8168
EA_G__IKZF5	6.5164	6.6157	5.7197	6.6624	6.9522	6.6779	6.9851	7.3418	6.4121	7.1601	7.0417	6.993	6.6619	7.3469	7.2332	6.3206	6.6884	6.4935	6.869	6.1927	6.3499	6.632	6.6328	7.1656	6.4243	6.7709	6.6738	7.5747	7.753	6.5253	6.1635	6.4895	6.5585	7.1344	6.9838	6.7219	10.8887	6.2548	6.9802	7.1312	6.6628
EA_G__PTEN	7.2929	6.7572	6.7521	8.3353	7.3756	7.4761	7.7015	8.3428	7.4191	6.9806	7.7334	8.1211	6.8549	8.067	4.5399	7.4371	6.8501	4.6739	7.009	6.5674	7.7527	7.9036	7.7983	8.1335	7.3787	7.3936	7.4829	7.987	7.4459	7.6327	6.7137	8.2678	6.2864	7.9683	8.0513	7.6619	7.5376	7.9067	7.5902	8.1313	10.2759
EA_G__SDC1	9.8678	9.8238	9.9144	9.5408	10.3	8.2603	9.1986	8.3541	10.0467	8.3696	10.5063	8.5726	8.8345	9.0355	9.2236	9.4389	9.8784	8.3024	7.9464	10.0645	8.4409	9.4673	8.7275	8.6508	8.7282	10.8626	8.9286	9.0714	9.007	9.5907	10.3639	7.9955	7.9054	7.6301	9.8965	9.1961	9.5786	8.4186	9.5167	8.2436	8.615
EA_G__PFTK1	6.4434	4.6955	5.7636	6.7976	6.166	4.3015	6.6181	7.0255	7.2514	8.1983	5.1313	5.2688	5.6752	6.2696	7.1337	4.869	4.3274	7.3448	6.6948	6.5962	7.6551	4.7366	4.6529	6.7084	5.6797	5.2948	7.034	5.2519	7.2384	5.4197	4.6521	6.6485	7.9803	6.9505	6.8473	6.6428	8.2703	5.5371	5.1284	5.3968	5.376
EA_G__FLJ33790	6.6866	7.7222	7.3971	7.557	7.2318	6.5064	8.2235	6.9082	6.9404	7.3245	6.6492	7.3755	9.4994	6.7278	7.2245	6.7675	7.2427	6.7291	6.6399	7.2212	6.2331	6.5074	7.7906	6.5877	6.9103	7.6832	5.9928	6.5489	6.2324	9.313	7.5911	6.9989	8.1377	6.4363	6.4097	8.3494	7.2226	7.5509	8.5104	7.5982	7.5542
EA_G__S100A9	9.9286	10.4677	9.3762	5.0812	6.9142	4.3949	4.6743	6.0501	8.569	5.7944	4.4989	4.2624	6.1371	5.9066	7.4444	9.4016	10.6024	7.5374	5.7237	8.3124	4.4361	5.5374	5.7212	4.7981	5.1561	7.6995	4.9199	4.4352	4.3882	5.3761	9.4696	5.0333	6.3185	5.2789	5.5378	7.0502	7.3179	5.8982	7.8924	4.854	4.7601
EA_G__RND1	7.3143	8.2366	5.1518	5.5848	8.1345	5.2959	7.5678	4.9253	6.6945	4.833	6.5432	5.3653	4.8394	5.688	5.355	5.6049	6.4109	5.1296	5.0251	5.5654	4.655	7.389	6.8855	7.5082	4.321	9.0383	5.229	6.9107	7.667	7.8736	8.9453	5.08	5.2271	5.1002	6.2484	6.2849	5.9817	7.1618	8.9243	7.8627	6.9375
EA_G__LOC493869	7.5675	4.5883	6.8253	6.5814	6.1373	9.9093	3.4796	6.1974	8.7434	9.0133	2.7338	6.9972	7.0989	7.0566	6.7197	7.9293	4.9328	8.408	8.8576	8.31	8.9892	6.3644	5.0232	6.2845	9.1317	6.159	8.3857	6.483	7.7228	4.5915	3.9953	9.3612	8.0153	9.2636	9.5856	8.1735	5.9401	8.3805	5.4012	4.2873	7.5247
EA_G__B4GALNT1	6.4731	5.449	5.1942	5.1344	5.891	8.2262	7.3138	7.4049	7.3268	6.8971	4.6753	6.7284	7.6681	7.8394	5.1563	5.2945	4.9134	6.8708	7.8115	7.1808	7.2349	7.1537	7.3249	6.5747	7.1554	5.2487	6.2731	8.1105	6.3089	6.1507	5.5622	7.7587	6.5329	6.9668	5.2211	5.1367	5.7415	6.2031	5.0823	7.2733	7.8176
EA_G__SPRY1	8.1188	6.6834	4.9398	6.5822	5.7073	5.4318	5.413	5.5559	5.6548	6.0127	8.022	5.0918	4.2774	5.0493	5.5141	7.2697	8.1014	5.4831	4.7961	5.822	5.1568	5.707	5.842	5.0568	5.8247	8.163	6.8469	6.0705	6.6836	7.4882	6.7315	5.3479	4.8691	5.332	6.7313	6.8209	6.5996	5.6949	6.1545	6.792	5.6266
EA_G__LARP6	6.5428	5.5659	6.7676	6.5078	5.6237	7.1073	5.4248	7.0083	5.9575	8.956	6.0089	5.5778	8.0006	6.6088	6.8861	6.3143	5.8963	6.643	6.7771	7.3264	7.2463	6.5469	6.0363	6.6533	7.6928	5.9258	7.1621	7.2715	5.3831	6.1623	6.1477	9.1172	7.1147	7.1286	6.8268	7.5145	7.2592	5.9801	7.0379	5.8008	6.3795
EA_G__KLK6	7.0631	5.1518	10.5243	4.8512	5.8665	5.2192	4.6448	8.8704	8.905	5.1136	4.7495	4.8798	5.6861	5.5909	9.742	11.2708	5.6391	7.5474	5.0016	6.7784	5.0055	5.3676	5.2398	4.9524	4.568	5.7877	4.9383	4.943	5.4919	5.7632	5.2367	4.7431	5.2022	4.9939	5.2092	6.61	8.0331	5.256	6.6689	5.0143	4.7424
EA_G__ST3GAL2	5.1245	5.2182	6.5232	5.461	5.7091	7.5988	6.4466	6.0393	6.1556	7.2036	5.7459	7.7065	6.7122	6.5264	6.1728	6.5381	5.6583	5.9653	7.54	6.4734	7.1447	5.7205	5.275	6.6306	8.9673	5.7831	7.274	5.3718	6.8043	6.2369	5.6945	7.4105	6.2584	7.0882	6.2638	5.539	6.4992	5.8892	6.0176	6.7239	6.2097
EA_G__EFHD1	9.6927	10.4897	6.7838	10.8877	11.0855	6.4363	11.3552	8.4531	10.9246	7.5588	10.9769	10.5969	8.0806	6.5687	7.1335	7.0749	10.7681	8.1233	6.512	6.812	6.1904	7.6784	9.8691	9.5217	6.8011	10.6784	7.1188	10.1568	10.3331	10.1827	10.9819	6.6063	7.3525	6.5382	10.5168	10.3753	10.2061	10.8369	10.3846	11.0058	9.4912
EA_G__FABP5	4.5852	4.0903	3.2953	5.6242	4.9494	3.2476	4.6763	8.607	6.7919	6.8194	6.1227	5.9207	8.2855	8.2952	8.2315	3.6763	3.8303	6.6193	8.1268	8.0179	7.4143	4.5795	4.4465	3.9307	7.8224	7.8662	8.5296	6.4531	5.4059	3.6267	5.0183	9.5285	6.2494	8.6298	3.1829	4.1928	3.9817	3.7328	3.6033	6.0214	6.839
EA_G__GSTP1	11.5172	6.0003	6.1295	6.0346	5.6096	11.1308	5.8622	12.02	11.7468	11.734	5.8607	5.9335	11.77	12.0193	5.513	5.9581	11.1635	11.2713	11.265	8.5568	10.561	6.195	5.9383	6.017	11.1738	6.1668	8.9486	5.7978	11.6968	6.8557	9.2514	11.0721	11.5502	11.2948	11.9288	6.2721	6.4486	6.3612	5.7143	6.0423	7.4988
EA_G__SH3BGRL	7.102	3.942	5.8526	7.1953	5.0198	7.4323	7.7708	7.8664	5.9809	7.0227	7.314	6.1049	7.0572	6.0477	6.2545	3.6697	7.2912	6.4261	8.2649	7.7216	6.3939	7.5036	8.6749	7.7542	6.6349	7.6797	7.0193	8.0679	10.253	6.9757	5.0457	7.6014	7.6059	6.7317	6.7682	6.2722	8.3469	7.2142	7.1465	8.439	7.1421
EA_G__DPYSL2	5.7919	5.364	7.4747	6.5531	7.199	10.3808	7.342	8.2545	6.1583	8.9742	5.9297	7.6053	8.5864	6.9477	7.2433	7.0544	6.0442	8.2008	8.1649	6.9424	9.7881	7.6608	7.1866	8.4213	8.7065	7.6457	8.0483	7.6197	5.6238	7.8734	5.0121	9.7796	9.6176	9.3425	8.7012	6.9372	7.67	7.3599	7.4901	5.1537	6.9799
EA_G__GRB7	8.5454	10.9211	8.0083	11.1297	8.1717	6.2075	7.1224	7.4261	7.5684	6.3606	11.6802	7.283	9.436	7.1132	6.9786	11.7721	8.4244	7.8473	5.9178	8.1182	6.2106	7.3692	7.4325	7.641	5.5442	8.1737	6.1796	9.8138	7.8417	8.799	10.5391	7.3985	7.0859	6.2713	7.9055	12.3691	8.1468	7.4714	10.6486	7.7878	8.0155
EA_G__GRHL1	7.4864	9.2777	8.5882	8.4331	8.1596	4.5777	7.3829	6.9572	8.8017	5.6615	8.8513	8.2691	8.5193	5.7475	7.9388	8.2395	8.8189	5.7083	3.8144	8.6706	4.7181	7.8945	7.4297	7.0309	3.8956	8.4011	4.4916	8.2061	6.5684	8.093	8.9502	4.0578	4.9376	4.3753	8.8226	7.1577	7.2173	7.8761	7.8942	8.1774	7.5772
EA_G__TMEM63A	10.3392	9.9042	8.8139	9.2252	9.8321	7.9009	8.9321	8.0876	8.6713	7.8552	9.8166	7.6708	8.6227	8.3271	8.8127	8.4558	9.0724	8.6764	7.9149	9.794	7.6274	8.0926	8.3874	8.1943	8.1384	10.2093	7.9491	9.2452	9.2999	9.5319	9.8231	7.2609	9.6586	7.7197	9.4813	9.5874	9.3064	8.91	8.3396	8.9229	8.1762
EA_G__TNC	6.8419	4.5317	8.0622	7.9377	5.5042	6.5045	4.5282	10.3359	11.7961	10.5952	4.4803	4.2461	6.7117	5.6666	6.5706	9.083	6.9443	8.7277	10.3709	9.8215	9.1583	4.8052	4.8852	9.5513	10.3004	5.5014	6.8871	5.9621	9.4908	9.8865	4.591	9.3078	7.1626	9.313	6.8903	6.6164	9.3018	4.8565	4.7517	4.5568	4.34
EA_G__CHML	7.3051	8.0598	9.4275	6.7424	7.7308	8.2161	6.9082	8.1602	7.3331	7.0119	7.1661	5.7495	7.6763	6.6312	8.3273	7.997	7.2242	9.946	7.2647	6.6481	7.2914	6.5456	7.1028	5.819	7.6941	7.7859	8.0033	7.1863	7.0993	6.6415	6.9693	6.1961	7.4021	8.5148	6.7959	6.6868	7.0402	6.6901	5.9455	7.3261	7.1769
EA_G__MLLT6	8.5446	7.5689	7.9745	10.2659	8.1938	7.2075	7.8921	7.3103	7.924	7.3901	6.9293	7.4125	7.6523	7.1562	7.5017	7.4407	7.9772	7.9221	7.1573	7.9475	7.3379	7.5901	7.3045	7.6289	6.8315	7.8394	7.544	8.5385	7.1777	8.2068	8.0174	7.181	7.6071	7.4195	7.375	7.3583	7.2287	7.7259	8.7446	7.8067	7.7721
EA_G__TRPV6	5.9489	8.172	7.7697	7.3399	5.3999	5.1131	5.837	4.7885	8.2265	4.7744	4.871	5.2912	5.0413	5.1102	5.1268	8.1564	9.2894	5.4021	4.7952	8.0611	5.0177	5.4671	5.4788	5.1602	4.7818	7.6043	4.9054	7.7522	6.6101	8.7922	8.2537	5.0953	5.2391	5.3572	7.0029	9.1168	7.0934	8.5497	5.0626	8.2569	5.6418
EA_G__AQP3	8.5634	9.4605	7.3208	5.9982	5.7402	5.9284	6.21	6.9181	8.7753	6.0722	5.6465	5.5676	5.9591	8.5193	8.8965	7.1712	7.8163	7.6078	5.6859	6.9894	5.8908	8.5796	8.3327	6.1119	5.6588	7.0604	7.3994	7.2701	6.9905	7.1901	9.9423	5.7893	6.6768	5.8468	9.0342	7.6002	5.8771	6.6367	5.7694	9.1742	5.8237
EA_G__DNMBP	6.264	5.6061	5.9029	7.4671	4.629	7.5821	6.0355	6.771	5.1335	6.3707	6.1806	6.5786	5.9325	7.7479	5.3193	6.346	6.2645	6.8332	6.0247	5.8245	7.7047	5.5747	6.2957	7.0161	6.7426	6.1111	9.5674	7.7793	7.3264	6.7295	5.3964	7.8646	5.9863	7.7632	6.7723	5.9044	6.519	5.1557	5.326	6.8578	4.9304
EA_G__RHOV	7.283	9.7227	8.4574	8.0872	8.3758	6.4486	7.6528	7.8628	8.3043	6.7707	8.7399	7.3848	6.8553	7.3721	7.5034	7.5923	9.2953	7.7164	7.1533	10.4826	6.6712	7.3987	7.7727	6.8814	6.5363	9.1443	6.5731	6.9177	7.754	8.1173	9.6719	6.3819	8.2071	6.3571	7.415	7.5265	7.9056	8.4813	7.4151	7.846	8.0596
EA_G__SPNS2	9.8805	9.969	8.6701	8.4662	9.1726	6.8191	7.0283	7.5126	9.9317	6.8229	11.6553	7.2706	6.8292	7.4192	7.6798	7.3562	10.0962	8.1059	6.6545	9.2274	6.7099	8.0606	7.5755	7.2118	7.0562	8.216	6.6837	7.9393	7.0477	8.1117	10.6069	6.7323	6.8803	6.9207	9.4183	9.1181	9.2715	8.6209	9.1067	8.3499	7.8089
EA_G__GPR137B	7.3173	7.3696	7.6294	7.4089	8.1599	7.0778	7.3259	6.2259	6.8084	6.4613	8.107	8.2884	6.8585	6.7126	6.9986	6.5121	7.6793	6.8539	6.108	3.5024	4.7996	6.656	7.7104	7.9816	7.3236	7.799	6.6327	7.212	5.9258	6.6425	7.1303	6.8735	6.4763	5.6081	7.6708	7.6703	7.3033	7.8159	7.0711	8.8563	7.0471
EA_G__LRIG1	9.1612	8.4644	7.5392	8.7042	8.5962	7.0764	8.4047	7.6769	8.3325	7.3526	9.3453	9.2857	7.6133	6.3691	7.9605	7.5204	9.2238	7.7319	6.9662	7.6377	8.0083	7.897	7.9151	8.2763	6.6753	9.1526	7.0332	9.4991	6.4779	9.8144	7.5698	6.9521	7.7575	7.6009	7.4641	8.9085	8.3308	9.4649	8.0402	8.882	9.1154
EA_G__RAB25	10.8666	10.4334	10.1003	9.9079	10.8445	3.8607	10.7159	9.6031	10.1822	3.6389	9.7437	9.4452	6.1522	9.1054	10.0308	9.6647	10.1648	9.5767	3.8849	10.5599	3.9126	10.2002	10.0905	9.4475	3.7434	11.0147	4.0552	9.3272	9.9948	9.7709	10.1201	4.0278	9.2791	4.5403	10.7285	10.0699	10.2789	10.6313	10.6547	10.5913	10.6589
EA_G__7A5	10.3607	8.9896	8.1824	8.3314	9.0219	3.2606	7.2942	7.6597	5.6095	3.7134	9.2592	6.5231	3.7622	8.2988	8.3687	9.8414	8.9054	8.2759	4.0236	9.6757	3.4441	6.8545	7.4974	5.2953	3.1486	9.6105	4.0122	7.6718	8.5499	7.1	8.7273	3.9994	6.9247	3.9668	7.1495	9.2352	7.0569	8.1383	9.6843	7.3096	9.2036
EA_G__CD109	6.1416	4.6673	6.5985	3.7921	5.5339	8.3527	3.4254	9.8252	3.4962	9.2487	3.0817	6.5144	7.1157	8.0877	9.3691	3.591	3.7098	9.8537	8.8739	7.4854	8.6953	4.4126	5.5731	3.3263	8.0959	5.2943	3.3463	6.1181	7.5862	3.8296	4.357	10.4754	8.624	9.3002	5.8117	4.6067	3.6874	4.1718	7.6538	4.3542	4.5237
EA_G__PTPRG	5.21	4.499	7.3722	6.6243	6.3169	8.0079	5.5387	7.4888	4.6346	7.7804	4.1773	4.0564	5.6861	5.5681	5.9594	4.0333	5.3326	5.4838	5.8104	7.3366	8.2883	6.2363	6.1699	7.0743	7.2877	6.4314	7.5303	6.992	3.9613	6.0453	4.4986	8.4789	7.313	7.5088	6.5257	5.2016	4.9075	4.399	7.2354	6.022	6.6035
EA_G__RAD51C	6.8606	4.935	6.7649	8.5637	5.8431	5.7975	7.0133	6.7198	6.1266	6.765	6.9505	7.073	6.4052	6.0643	6.7	6.7522	6.4426	6.4353	6.9924	6.4504	6.032	8.6623	8.8987	6.8283	7.2504	5.918	6.8714	8.1751	5.6679	5.7756	4.7278	7.4921	6.206	7.2721	6.2036	6.6002	6.2317	7.1679	7.1046	7.3229	8.0509
EA_G__MAP1B	4.0691	4.1506	5.5635	4.4828	4.4376	7.3859	4.0451	7.1683	6.6007	8.4876	3.7581	4.3324	4.8655	5.0727	5.2252	5.1172	4.0538	6.0101	7.7143	6.2577	8.7705	4.4155	5.0935	5.1036	7.836	4.0668	7.159	4.158	5.8074	4.7968	4.2089	8.0577	4.7129	8.5112	8.6027	6.5307	4.2357	4.0326	4.3419	4.0378	4.0619
EA_G__CPAMD8	7.0478	6.0825	7.2596	7.2388	6.7996	5.6587	6.0427	5.6522	7.7413	5.7791	6.8633	6.049	6.0436	5.9711	6.7098	6.1118	8.4635	5.9444	5.3842	6.5933	5.5284	6.2974	6.322	5.9579	6.7371	8.6424	5.4769	7.4537	5.9555	7.027	6.3632	5.7861	6.2587	5.9367	6.3406	7.1091	6.9385	8.6235	8.1872	6.9222	6.1828
EA_G__SLC4A11	9.1921	8.9866	7.2203	7.3209	7.4539	7.8472	8.5303	8.5641	7.396	6.2965	6.7692	5.3264	8.7725	7.8398	8.2222	7.3366	8.4046	6.696	6.4225	8.0129	6.177	6.7733	6.5257	7.1012	7.4302	8.6239	7.2665	6.3392	8.1333	8.0368	8.0777	6.0485	7.5147	6.4748	8.0641	9.8761	6.6098	7.2113	6.6258	6.5596	7.397
EA_G__SYT8	6.8303	7.6929	7.5678	6.44	6.5346	6.4279	6.1642	6.2781	6.3613	6.1181	6.3438	6.6819	6.2913	6.6771	6.3662	7.5477	6.5741	7.6114	6.0903	6.5336	6.3085	6.6102	6.4505	6.319	6.0314	9.1213	6.273	6.4885	5.9924	7.0635	8.2657	6.3503	6.5691	6.5606	6.3762	7.982	7.136	7.9103	7.0497	6.2935	6.5223
EA_G__MME	3.7488	4.2193	3.9441	5.8745	3.8299	5.8503	3.7392	4.4121	4.1589	5.4356	3.8361	3.8756	4.0762	4.4176	7.8495	4.8749	3.9929	4.2718	10.0839	9.1142	5.8842	4.1751	5.6371	3.8823	10.2583	5.1333	4.1547	3.6984	3.8362	6.2662	4.2118	10.1735	8.6152	7.2612	4.1969	4.1179	4.223	3.8639	3.7725	3.6667	4.0496
EA_G__KRT13	6.9552	7.2847	6.701	6.1001	10.33	5.8539	5.749	6.2374	5.8131	5.8504	5.8338	8.2877	5.8424	10.3909	10.2844	6.4656	5.958	5.8992	5.5661	5.9554	5.8534	6.201	6.0885	5.618	5.3836	6.2938	5.7852	5.6344	5.7481	6.6622	7.0171	5.947	6.2364	5.6979	5.7858	5.9224	6.0699	7.0802	6.0486	5.977	5.6948
EA_G__MMP15	6.7366	7.9217	7.6876	7.633	7.7967	6.5978	6.2998	5.9688	6.7659	6.1156	6.4747	5.5143	5.8859	6.0667	6.6182	7.1279	7.4422	6.1291	5.6521	7.7299	5.374	6.7595	6.9898	6.6904	5.5691	7.2895	5.756	7.1598	6.1499	7.7124	7.7446	6.0829	7.4646	5.5759	8.6706	8.2119	6.1252	6.7275	6.9476	7.3284	6.3404
EA_G__LIF	8.4753	5.5574	9.0906	4.1308	5.6326	7.9653	4.2594	7.0714	6.2875	5.4033	4.3282	4.7354	5.1654	5.7753	6.312	7.6076	5.0649	8.8301	8.1927	5.7529	7.6527	5.5646	5.0286	4.1323	4.527	6.9474	8.8432	4.5779	4.9192	4.8537	5.3688	5.5197	6.3948	4.6722	4.8785	6.0052	4.5813	4.5721	6.6062	4.9532	5.9404
EA_G__GPT2	6.5618	8.2848	8.2032	7.186	7.7035	8.4761	7.3253	7.1231	8.9704	7.5034	8.7019	7.4346	8.3054	7.4531	8.0845	7.7741	7.4314	7.6565	7.3449	8.436	7.0308	8.0378	7.3325	7.4295	6.4593	8.197	7.6069	7.1134	7.1712	7.9773	8.4251	7.994	7.2404	6.9377	10.0932	10.2191	7.2991	7.019	7.6085	6.5541	7.0243
EA_G__KIF1A	5.441	5.8699	5.6009	9.6423	8.2468	5.5019	5.5673	8.863	9.3245	5.5078	5.1426	6.0836	5.5474	6.3807	5.3728	5.6188	5.6387	6.2192	5.5329	5.7274	5.357	6.2477	6.7221	6.5349	6.5204	5.709	5.5465	8.3424	5.3544	6.1882	5.839	6.2375	5.9585	5.7378	9.1116	6.7563	5.7625	5.6265	5.5712	6.7046	7.7672
EA_G__ACSL4	3.8905	3.2437	6.8678	3.2175	3.0199	8.1981	3.93	5.8474	4.9921	7.8339	3.2795	4.7223	6.0223	5.4391	5.9242	7.1514	3.2448	6.4566	7.5506	6.3064	7.7862	4.3467	3.4318	4.0505	6.5727	4.394	8.0383	3.8174	6.3426	4.0514	3.2697	7.359	6.9283	7.5937	6.0038	3.4226	5.8348	4.7256	3.5077	3.3705	5.1109
EA_G__CDH2	4.0251	4.0411	3.9336	6.1279	5.6571	9.8299	4.4929	10.0761	7.0983	9.3912	3.6812	4.1157	6.1737	6.6884	3.977	4.3982	4.3469	9.5028	11.0385	4.1055	10.6677	4.2581	4.3672	8.5006	9.341	5.4302	4.6632	9.0445	4.2375	5.3076	4.4986	6.1511	7.001	10.2831	6.7609	4.2568	4.0943	4.3249	5.1323	5.1626	5.225
EA_G__PRSS8	9.6655	9.4021	8.6396	9.1182	9.8896	5.839	8.563	7.0852	9.3449	5.6234	9.9989	8.7449	9.0331	7.2019	7.5485	8.8439	9.5767	7.8573	5.7101	9.9771	5.7054	9.0099	8.9593	8.5698	5.822	9.4326	5.9163	9.2733	8.5573	8.7847	9.0995	6.067	7.8782	5.7102	9.9436	9.4381	6.9483	8.2088	9.2864	8.4567	7.7295
EA_G__VSTM2L	7.7422	8.012	6.5151	7.0129	6.9401	6.45	6.1622	6.337	7.1204	6.482	6.317	6.8206	7.12	6.7261	6.5938	7.0164	7.3487	6.9493	6.5689	6.7803	6.6125	6.719	6.8905	7.0929	7.3722	8.1028	6.9369	6.4124	6.215	7.2384	8.8512	6.3243	6.7686	8.1457	6.8802	7.1857	6.5892	6.5964	7.12	6.7339	6.6447
EA_G__ST14	9.3704	10.0699	9.5095	9.4025	9.5064	5.3989	8.4103	9.1952	10.6256	5.1965	8.8454	9.6956	8.111	9.7844	9.82	10.1543	10.002	9.6359	5.0132	9.7185	5.5207	9.0798	8.8239	7.8911	5.3651	8.6958	5.8956	9.328	8.803	9.6571	10.0178	5.6156	9.5955	5.7331	8.6079	9.2113	8.7602	11.0696	10.1267	9.1367	9.6422
EA_G__SGK	4.2316	5.0406	7.2857	5.4106	5.3314	9.0838	4.1858	8.9248	4.3511	8.7011	6.361	5.0384	6.6596	7.7021	7.7639	6.6802	5.1726	7.019	9.4103	6.1623	9.2354	5.1628	5.3706	5.9424	8.3272	5.1426	8.4342	7.6622	3.713	5.0158	4.8986	9.7393	8.7562	8.0896	5.5156	6.1843	7.5815	4.7744	5.5835	5.6857	5.0778
EA_G__CAV2	6.8437	4.5018	8.4908	3.7097	5.5046	9.6475	3.2968	9.8419	4.7699	9.5411	3.41	6.384	6.665	9.7361	10.2366	8.8897	6.3564	9.7925	9.8782	9.1849	9.3055	6.8317	4.985	4.251	9.9149	5.9759	8.7015	5.0696	5.7687	3.9831	6.1201	9.4274	10.0236	8.9668	6.5462	7.0424	6.8936	3.7499	5.2992	4.0191	4.5273
EA_G__FADS2	5.5203	5.1836	4.6766	11.2866	8.1832	10.7062	9.6347	8.0137	10.8844	8.4065	5.944	4.895	11.2039	7.2327	6.9073	6.0754	6.8636	5.5278	8.4189	9.0812	6.2579	7.3093	8.6543	10.5743	6.5811	9.9779	8.8552	10.1211	10.3286	7.1607	4.3387	9.1821	10.3134	6.2067	10.128	9.645	10.6903	8.0701	7.969	8.508	10.2159
EA_G__LOC130576	8.0882	7.3051	7.5463	6.2817	5.9754	5.0178	6.4833	5.4715	5.8439	4.7804	7.28	5.9843	5.9264	6.0446	7.9167	7.2106	8.1629	5.5621	5.2542	7.1105	4.7645	6.3846	7.4118	7.5937	5.9617	7.968	5.3021	5.8741	6.6461	6.9476	7.3389	5.1582	6.8692	5.5754	6.7913	8.8915	6.3295	6.2426	5.5797	6.0156	5.5407
EA_G__PITPNC1	5.9581	5.5345	5.4744	7.8044	6.3762	5.2162	6.9251	7.0212	5.1425	6.6952	6.5773	9.4228	4.747	6.4283	5.6002	7.1111	5.9105	6.5611	4.5402	6.7923	5.8769	7.7613	7.2287	7.2535	7.215	6.1345	6.034	7.8241	6.7048	7.9891	6.3138	6.8045	5.0386	6.0261	6.8894	5.8866	4.687	6.4611	6.7829	7.1502	6.6286
EA_G__COL1A1	6.5423	6.2925	6.2508	7.0552	6.4358	11.619	6.3917	6.4123	6.3335	8.8737	6.885	6.5766	6.1846	6.4506	5.9671	6.0936	6.3913	7.8403	11.224	6.3257	11.5916	6.6991	6.6985	6.844	11.2898	6.7111	6.1738	7.2627	6.1977	7.9956	6.3813	11.2379	6.9361	10.7507	6.9765	6.3819	6.7742	7.2366	6.2342	7.0746	6.3556
EA_G__CCL28	6.3841	4.5541	6.9258	4.4882	5.5135	3.9286	3.9476	6.9018	5.03	3.7831	6.3095	9.8222	4.2333	6.598	6.3216	7.205	7.8981	4.3006	3.8536	8.3271	3.7685	4.202	5.9563	4.2058	3.8438	4.8442	5.0595	3.9539	6.7971	6.9669	4.5795	3.7521	4.022	3.8049	4.1642	7.147	5.9627	6.8893	7.1737	4.6225	4.278
EA_G__AZGP1	11.8674	10.2938	5.2477	6.3166	7.9619	5.1861	7.8483	10.5743	5.8672	4.8475	9.8598	5.393	10.1989	5.1734	7.6159	8.1158	9.9126	7.6711	4.5263	11.0381	4.8353	5.798	5.7386	6.463	4.8156	8.6593	4.9316	8.3578	10.6706	10.6377	8.0518	5.702	6.1725	5.9591	6.4786	11.3448	7.3664	9.6307	9.8486	10.4682	8.0104
EA_G__MMP2	4.619	4.7727	4.6578	4.5862	4.3656	4.9219	4.4867	7.6929	5.7732	10.9422	4.4826	4.4733	4.9088	6.0595	5.4077	5.6186	4.9941	4.6012	7.4544	5.7767	10.3265	5.0395	4.9834	4.8745	9.8229	5.0684	4.6176	4.5248	5.481	5.6996	5.2895	9.6213	7.411	9.4531	4.7076	5.1615	5.1411	4.8119	5.1935	4.914	4.563
EA_G__C21orf63	7.3258	5.7103	4.9068	5.2612	5.2604	4.9491	5.5532	7.3771	7.8351	4.9149	7.3169	4.4919	7.3015	4.8158	6.3262	7.1669	6.609	5.6132	5.4436	6.9256	6.3665	4.842	5.5903	4.732	5.1242	5.3627	6.429	4.8902	4.2435	4.4116	5.6244	4.458	8.4875	6.1941	6.347	6.7912	4.4131	5.6467	4.3879	6.0314	6.1272
EA_G__REEP6	7.2756	7.3124	7.8296	8.0118	9.1556	6.6815	8.2179	7.8251	7.3053	7.6152	10.3249	9.2159	7.4347	7.4881	7.4719	7.15	8.9474	7.5053	6.5065	6.8337	6.7464	8.4331	8.6279	8.0963	7.2691	8.1977	7.1275	9.1377	6.3806	10.0931	7.8307	7.1074	7.1343	6.4064	7.4075	9.6168	7.6949	9.7124	9.2173	9.9128	8.8387
EA_G__SYDE2	8.7276	7.3463	5.9708	5.604	7.034	6.0024	5.9226	5.5722	5.0472	3.7722	7.0862	7.2978	5.5218	5.3269	6.9457	6.5966	7.1275	5.9901	5.5281	6.3308	5.8378	7.0509	7.1789	6.0688	5.7826	6.1726	6.9786	5.907	8.1534	4.6872	6.9179	5.7729	5.8618	5.1916	5.9568	6.4802	7.7929	5.761	5.9615	7.4261	5.7937
EA_G__ALDH1A3	8.1307	7.1477	9.9419	5.5462	5.1046	5.1706	5.5215	10.5997	7.9756	6.3243	10.1103	5.3869	5.9514	8.1333	9.9057	10.7197	8.2221	9.5832	5.4772	8.5415	6.7888	6.6298	5.1017	4.9374	6.9108	7.7315	6.1897	5.2779	6.2757	5.6755	8.4467	5.2612	7.2848	6.2392	5.4542	7.7908	5.849	7.0659	5.5996	7.2203	5.9235
EA_G__TUBB6	6.692	7.2698	7.7018	7.4183	6.4048	9.6368	6.551	9.5051	9.2748	8.7564	6.7473	7.8841	8.7984	8.9031	9.0863	7.9565	6.9209	9.1825	10.3276	8.0512	9.8505	8.3664	7.7207	7.2372	10.3152	6.4923	8.5128	7.6669	6.2429	7.2555	7.6011	9.9093	8.4349	9.9172	6.749	7.0652	7.1787	8.0286	8.0785	7.0165	8.7717
EA_G__FAM83A	6.2667	9.2665	6.9613	6.4079	5.4584	5.1123	5.3789	5.0616	9.4749	5.205	6.0218	6.385	5.005	9.102	7.37	6.5828	7.5888	5.9004	5.0462	6.8265	5.0033	5.7755	5.9803	5.2402	4.9435	5.8912	5.5186	5.7117	4.9014	6.4144	6.7959	5.5079	6.2875	5.5004	5.4083	5.8496	5.8332	5.7875	5.6898	5.2744	5.1521
EA_G__SYK	6.4062	5.9849	7.3582	7.3327	7.0955	4.7423	5.0707	5.0835	6.2633	4.4833	4.4849	6.8967	4.6334	7.5505	7.6245	8.463	6.9189	8.076	4.409	4.8371	4.7997	6.8007	6.8805	4.6771	4.5247	7.3438	4.6861	6.3931	4.4987	5.1463	7.264	4.8881	4.8966	4.8173	5.6372	7.2579	7.2591	6.9358	5.5448	6.3764	5.6168
EA_G__CTSH	9.1657	7.8295	9.6938	8.0322	8.7116	8.5869	5.5315	8.4511	8.0863	6.4945	9.7603	8.0625	9.3242	8.5953	8.9432	9.5252	8.341	8.4416	7.2664	9.9204	5.6387	8.4003	8.9769	7.4055	7.5765	8.5307	7.2789	6.8818	8.5445	6.6818	8.1243	8.5227	8.5039	5.5465	5.5571	7.9805	8.151	8.5519	8.9272	8.1753	7.6677
EA_G__SLC26A2	7.3791	4.5994	5.7419	4.2698	5.1857	6.0136	5.769	6.5436	4.9585	6.1319	3.9399	7.077	8.2402	5.6422	6.9328	5.1586	4.6197	6.0468	6.6715	5.0102	7.0947	4.8452	7.1932	5.0458	6.8703	4.9559	6.433	7.0172	7.4635	4.2682	4.7869	6.5838	7.8536	7.6033	5.1911	5.0668	6.9336	5.5745	6.1295	4.5786	5.2931
EA_G__ST8SIA6	7.0753	4.5862	5.6473	7.0737	7.0068	5.2834	6.3589	6.0676	4.5761	4.8216	6.835	7.155	6.6238	5.2524	4.5399	4.5335	4.8073	4.6244	4.3922	6.5436	4.4308	6.9355	7.088	8.4094	5.6899	6.0762	4.6024	6.6297	8.15	6.1219	4.9566	5.1905	5.2097	4.9837	8.8819	5.2775	7.3087	6.0299	7.2729	5.0173	5.3574
EA_G__MPZL2	7.3719	8.6176	8.1841	7.2143	7.3076	4.2879	4.419	7.7694	6.6724	3.5131	7.6984	8.0349	8.2702	9.4412	8.84	9.0008	9.3383	8.5485	4.4397	8.184	3.998	8.2389	8.139	4.93	3.2662	9.3087	5.9442	7.1773	7.9779	7.2399	9.0231	3.7817	8.534	3.5483	7.5277	8.2461	8.5938	8.7982	8.025	6.9311	6.4377
EA_G__EHD2	7.3175	7.175	6.3216	6.3603	5.9076	9.1305	7.8483	8.6393	6.4028	8.256	6.0272	6.5969	6.0329	8.7643	7.588	8.5066	7.8595	7.7524	9.2252	8.1121	9.9391	6.6247	6.7547	7.943	8.9681	7.5343	7.6772	6.0786	8.2494	7.1402	7.063	8.4964	8.0041	9.1996	6.4192	7.1679	9.2335	7.4684	6.7046	6.9207	6.7111
EA_G__CRABP1	4.8226	5.1661	4.8173	4.9957	7.7027	4.9595	10.7418	4.8742	4.8406	4.564	5.0847	4.6772	8.4409	5.059	6.756	5.0858	5.3617	5.5451	4.3649	5.7906	4.9128	4.8034	8.0664	9.4595	6.9542	9.1514	4.7107	7.22	6.4765	5.9732	5.6534	4.863	5.1217	4.772	5.0576	5.023	5.3886	5.7072	9.7499	7.0687	5.8284
EA_G__CKB	6.7564	8.415	7.1876	6.7638	7.8151	8.6024	8.9011	9.0014	7.0709	7.8112	8.0904	8.7487	6.6814	9.422	8.2067	7.4356	8.1285	6.9951	7.7235	8.1848	6.6182	7.6509	7.745	9.1138	9.5121	7.14	6.9366	8.7548	8.6406	10.6523	7.7758	10.0349	7.2008	6.8383	9.4566	8.4882	7.3678	7.6543	7.9767	9.4666	10.1107
EA_G__EML1	6.1785	5.6783	4.8084	6.0846	7.9009	6.3927	5.0826	5.9841	4.4199	7.5587	6.6069	7.4856	5.4803	5.7814	5.2246	5.0349	5.732	7.578	7.8004	4.8459	8.2896	6.9497	6.6317	7.0021	9.265	6.4848	5.1445	6.985	5.9342	5.381	5.4822	8.6108	4.8198	6.5628	6.5607	6.0227	6.8227	7.1732	7.2442	6.119	6.4386
EA_G__HACE1	6.2489	6.1913	7.184	6.3425	5.6273	5.867	5.9689	5.8489	6.2742	3.5867	6.6401	5.6932	6.7503	5.7821	6.5526	6.3742	9.3817	7.1327	5.922	6.4875	6.7325	5.9541	6.1138	6.8469	6.205	6.2019	6.9263	6.2767	6.8818	5.5854	6.0655	5.9588	6.06	6.4395	6.1784	6.0459	6.4756	6.0242	6.6629	6.7753	5.9336
EA_G__UNC5B	6.5753	7.0232	6.5577	6.8685	6.5582	6.2771	6.5899	6.6071	8.8068	7.1329	6.5515	6.58	6.441	7.6947	6.8806	6.5015	6.7795	6.7281	6.6108	6.6756	6.5481	6.8162	6.8258	6.9634	7.994	7.028	6.2731	6.7714	8.7105	8.2232	6.883	6.7858	6.9938	6.8899	8.958	9.5806	7.9586	6.9592	7.1746	7.125	7.263
EA_G__S100A8	7.2676	10.1954	6.7219	4.7807	6.3767	4.0005	5.3255	4.6069	6.6263	7.1282	3.9801	6.3518	4.7881	5.1313	6.4967	9.2427	9.4726	6.0559	6.0686	6.1721	4.7518	4.5702	4.9561	4.5268	4.1872	5.7241	4.7909	4.5536	3.6908	5.3875	8.9045	4.823	6.3458	4.9514	5.3488	5.5872	6.402	5.059	6.7147	4.5989	5.9159
EA_G__SEMA7A	6.2963	8.3666	8.0996	5.7907	6.5482	5.8219	6.0436	7.3533	6.5658	7.173	5.6658	6.0293	8.1782	7.1818	6.6589	7.7286	6.8635	7.6351	5.9206	6.5143	9.3112	6.5639	6.4613	5.7353	7.1059	6.832	8.0864	5.6306	5.9599	6.5245	7.749	6.3807	6.7222	7.8098	5.9889	6.0049	6.3139	6.3939	6.262	5.8251	6.1912
EA_G__HSPA2	9.1865	6.5143	6.6961	6.0734	6.6109	6.9019	6.5664	8.1328	7.0044	7.8112	7.127	6.2578	5.3727	7.315	7.8875	6.9199	7.3139	7.1002	8.5382	8.6414	6.6641	7.2836	7.5073	7.8789	8.4979	9.6421	7.0652	5.4425	10.4966	6.9279	6.8192	8.408	8.1889	6.0688	7.0414	6.607	8.657	6.8424	7.5967	6.5403	6.8197
EA_G__GDPD3	7.8908	10.4052	6.3847	6.7364	7.3625	5.6402	7.6914	4.9636	5.2361	5.4538	8.6563	5.6591	5.4878	5.9923	6.9928	6.7062	7.5969	5.7434	5.8015	6.0767	5.2536	7.5701	8.3603	5.6607	5.2069	7.7961	5.0645	6.1261	6.5886	6.0817	9.2665	4.9981	7.3888	5.4316	8.3237	5.3763	5.6547	5.3216	7.0946	6.1323	5.6659
EA_G__SESTD1	7.8482	7.8803	7.2585	7.5677	6.935	7.3959	7.126	7.9665	8.5472	9.1193	7.3839	6.8249	9.8661	8.9576	7.3888	8.7933	7.7362	8.2939	7.6021	8.7987	7.5097	7.982	7.6748	9.2977	8.6713	7.5475	7.1551	7.9281	8.0903	6.0822	7.8678	7.296	8.7757	7.806	7.7919	7.8697	7.1896	5.8902	6.4612	8.1314	6.9267
EA_G__COPS8	7.8668	7.6287	8.5364	7.7598	8.0338	8.5485	7.7398	7.6158	7.3489	10.6433	8.003	8.2763	8.0118	7.6235	6.8459	7.6459	7.4184	8.1777	8.985	7.7039	8.5295	7.9888	7.9185	8.7738	8.5887	7.4272	8.2657	7.9461	7.522	6.7061	7.357	8.175	8.882	8.7343	7.6282	7.8201	7.8232	7.7211	7.7819	7.7286	7.6205
EA_G__TUBA4A	8.6679	7.9277	9.8841	6.3558	7.2991	6.9787	7.7877	10.2872	5.4635	9.339	8.4505	7.3348	5.2554	9.8507	9.0392	9.883	6.864	6.8061	6.929	9.6147	5.9611	6.2718	5.9367	8.2313	5.3819	7.3407	6.8341	6.603	8.5443	7.9706	7.1037	7.6902	9.8575	10.3707	9.5426	9.8632	8.7304	7.511	5.7331	8.2523	9.6581
EA_G__HLA-A	7.8707	7.4634	7.8511	7.2796	8.8216	8.4211	8.2799	8.468	10.3086	9.2133	8.2409	8.9294	9.8653	9.7514	9.9892	9.2081	6.5646	8.5607	10.2489	10.7024	9.2783	7.8209	7.9741	9.352	10.8299	8.2563	8.8588	8.9153	10.3791	7.6804	7.4263	8.6851	8.627	9.5834	9.2171	10.4923	7.9114	8.5648	8.6208	6.6451	6.7586
EA_G__CD82	9.229	9.8771	8.1254	8.8679	8.6489	8.794	8.1078	7.3811	10.5764	7.6428	7.5429	9.3678	7.1548	8.3926	9.3078	8.7068	9.6325	8.8753	8.245	10.3563	7.8305	7.488	6.3946	5.5576	7.6367	10.0199	7.4616	9.111	9.3887	8.9446	9.813	8.1362	7.3628	6.4821	8.8958	9.7895	9.1063	9.9672	8.1926	9.374	8.5304
EA_G__CDKN2A	7.3231	7.3827	6.0767	6.6305	6.9325	9.7428	7.7762	7.2902	8.585	5.7667	6.8184	7.5164	8.8826	5.9474	9.0146	8.4218	7.0357	9.0947	5.6978	10.0086	5.9713	5.8649	5.742	7.8898	8.856	6.9963	5.7696	6.9057	7.6006	7.6794	8.0816	5.8326	6.005	5.5676	7.1071	7.7702	8.0533	7.8227	6.1777	7.3088	7.2229
EA_G__CHRNB1	5.7198	6.7128	6.7808	5.7556	5.8419	6.2907	6.3759	6.2858	6.9569	5.995	5.4769	5.9106	5.8787	7.6414	6.7592	5.7692	7.1343	6.1134	5.961	6.2662	6.6128	5.8972	6.1043	5.7372	6.0272	5.8322	9.009	5.8766	6.1325	6.082	6.7407	6.043	6.7848	5.8518	5.7106	6.0888	6.148	6.0489	6.5046	5.8787	5.6818
EA_G__PWCR1	8.9888	5.3227	2.5284	10.4187	8.1334	3.0837	9.3336	8.4868	2.947	3.1295	3.0359	2.8125	2.8025	8.2323	8.2084	3.26	10.2307	8.6462	9.3808	3.2082	6.4405	2.8341	3.1931	7.4359	9.7707	8.8283	2.8326	9.0792	9.374	8.6979	4.3452	10.521	8.6516	8.8029	3.2803	7.2789	3.4601	7.9272	8.077	6.948	8.2631
EA_G__FKBP5	6.4834	6.8716	6.9568	3.8841	6.7133	3.8884	8.7708	7.259	7.6642	7.9288	7.0193	7.8872	6.9262	6.8425	7.6901	6.9147	6.3683	7.662	6.8303	7.6612	5.6101	7.2054	7.1163	7.2278	6.0459	4.81	7.8443	7.3161	8.0223	7.5574	6.583	7.9119	9.7287	9.705	8.5209	6.8287	9.278	8.2444	8.2987	7.3037	6.7475
EA_G__EDG7	3.5288	4.4323	3.7776	4.833	3.6421	4.0994	4.4359	8.0901	4.7853	4.2587	7.5858	4.5372	8.7229	8.8385	6.2848	7.9491	7.1886	5.8772	8.0065	6.7514	4.7734	4.8484	4.6227	3.7346	7.5279	4.6986	4.394	7.0688	7.3179	5.3051	4.66	7.3759	8.3309	7.7085	4.3828	8.0393	3.5566	4.0586	4.1638	5.9133	5.8987
EA_G__A4GALT	5.7224	5.8089	6.1913	5.7502	7.6522	6.7222	5.4072	8.7285	5.9331	7.7788	6.5144	9.8981	6.3584	6.7694	6.1284	5.7258	6.3435	5.7712	5.9156	6.088	6.0808	6.8302	7.4518	5.9053	6.4745	6.4087	6.5983	7.1119	6.1523	6.0566	5.8012	6.3533	6.6638	7.4512	5.9948	6.5881	6.8593	6.5861	7.9469	5.4932	6.1123
EA_G__SULF2	5.3616	5.4193	8.725	7.0811	8.8036	5.4425	5.5604	9.4019	5.0992	9.8476	7.1048	7.5228	5.8056	6.1078	8.5899	8.4503	6.7196	7.1836	8.0557	8.8791	4.9672	10.108	9.9574	8.4334	9.2032	8.2053	5.1993	6.8745	6.811	5.8584	5.4766	5.0596	6.4834	5.3034	7.4592	6.6309	6.1569	5.4137	8.8395	5.2181	6.5123
EA_G__INTS2	7.2151	6.7012	6.7113	7.2601	7.4253	6.4691	7.3178	7.4116	6.4775	7.149	7.3245	8.1638	7.1226	7.5024	6.9457	7.2394	6.5345	7.4087	7.8691	6.0655	7.1747	8.414	8.9319	6.9755	7.7431	6.6139	7.7411	8.5325	6.2997	7.3884	6.2112	7.546	7.0627	7.3497	7.3037	6.3364	7.8161	7.6856	7.5579	7.8745	7.6142
EA_G__SGCB	6.7863	3.9197	3.4677	4.8878	5.9552	7.0929	3.3793	6.6802	6.2512	7.1509	3.04	5.2005	6.2462	5.4632	4.7161	5.1028	3.212	6.5926	6.4121	3.5149	6.8	4.5618	4.753	7.5645	7.3587	5.2387	7.1684	4.7077	3.4655	3.4017	4.3251	7.1462	5.8862	6.8411	4.8611	3.9321	5.3476	4.7311	6.1989	3.9669	4.9488
EA_G__GDF15	8.7068	7.1724	5.6526	5.962	9.4267	8.161	5.4139	4.8212	5.2088	5.2556	9.4947	5.5548	5.304	6.6795	5.3912	8.6846	5.6073	6.0021	4.7668	5.3299	5.2659	9.3891	9.0769	6.3475	4.9128	10.0786	5.4678	6.8564	5.8438	6.2679	5.9322	5.7552	5.5337	5.7553	6.3737	9.3912	6.9215	6.5323	8.1624	6.3288	8.3241
EA_G__SELENBP1	9.3821	11.1376	7.9104	9.1265	9.3341	5.4145	10.1056	5.6859	8.0894	8.1306	9.097	8.0519	8.1768	5.6338	7.0976	7.4304	10.3951	5.9801	5.5176	9.058	5.8776	8.4871	10.0174	9.0404	5.6347	8.8152	7.434	9.528	10.4363	10.1032	10.6142	5.3724	6.0275	6.422	9.7696	9.591	9.8577	8.6891	10.0604	10.8426	9.9875
EA_G__RNF144B	9.5968	8.8565	8.5396	8.5994	7.3314	7.2063	7.5237	7.2487	6.0847	4.4629	8.5962	6.7525	6.8837	8.0438	8.72	7.472	9.8002	8.1066	4.8095	8.2938	5.6642	7.5151	7.3345	6.7088	4.7564	8.5415	7.7318	7.8801	10.3339	7.7682	8.6396	4.9335	7.5354	6.8467	8.6604	9.7307	8.7595	8.4892	7.1498	8.2499	7.2098
EA_G__AMOTL1	5.3846	8.9291	8.4073	8.4638	8.3864	8.2184	7.2701	7.7881	9.0885	6.0515	7.3759	7.055	7.1137	9.9243	9.2471	9.5068	9.6941	8.7671	7.7894	6.9338	8.7655	7.648	7.6654	4.9529	8.1489	7.5978	7.7963	8.8857	8.2845	7.5834	8.9106	6.3885	7.8643	7.7426	7.3278	7.1644	5.6842	7.5747	6.5864	7.6241	5.6927
EA_G__KIAA1946	7.2936	6.1062	5.3732	5.2898	5.1786	6.22	4.6328	6.9174	5.4172	6.5005	6.836	6.3511	6.5407	5.817	5.4837	6.0086	5.8719	6.5697	7.1112	8.0989	6.004	7.0154	7.2267	7.4904	9.252	6.9588	6.2385	6.0172	7.6802	4.8968	5.9099	7.0091	5.3608	6.1977	5.8471	5.8831	5.577	5.1043	6.4023	4.3291	4.553
EA_G__TMEM45A	3.4262	5.435	6.4061	3.6833	3.8514	7.4132	3.5319	7.2249	4.0808	6.8617	7.5313	3.9416	3.8688	6.2257	8.9489	7.9683	6.9746	6.5289	6.6702	7.6299	7.5793	2.931	3.9082	4.449	8.7799	5.8345	6.7967	3.7988	7.9835	4.2971	5.4476	8.3158	10.5267	8.06	7.0406	6.3913	8.6417	3.2231	4.2422	2.72	3.9655
EA_G__KRT23	9.6844	6.71	4.0332	4.1386	8.425	3.63	3.6053	6.9669	3.8549	3.5091	3.9312	4.4876	9.4953	4.3026	8.6489	8.5774	7.5157	6.7166	3.6214	9.4504	3.4724	4.0244	4.2074	4.4201	3.2977	6.7056	3.5147	3.6071	4.4773	5.3331	5.8319	3.6117	5.6051	3.61	8.5478	7.6456	7.5049	9.525	7.3896	3.9554	3.8349
EA_G__ERBB3	9.6684	9.5479	7.8567	9.4394	10.4453	4.3498	9.8292	7.4364	7.8742	4.4095	10.05	9.2441	9.4138	7.239	7.3572	7.9625	9.7082	7.3935	4.2979	8.8706	4.0683	9.4649	9.439	9.5575	3.9776	9.4408	4.5784	9.6653	10.1482	9.5168	9.1277	4.1238	6.8843	4.2234	9.5831	8.8726	9.2288	9.7254	9.7608	9.5803	9.1455
EA_G__TSPYL5	3.1904	4.3419	7.0765	3.7764	8.6452	4.0421	3.1216	8.3297	7.7204	7.0529	3.2935	9.9841	7.0746	8.5164	7.3845	3.6896	3.9966	8.3422	9.2708	6.0835	3.5881	8.4968	7.9214	4.3788	6.4104	7.9753	3.7943	3.3949	5.3206	4.5743	5.5119	8.416	6.5647	3.8879	7.8119	3.8616	4.2789	4.0419	8.3447	3.7204	3.9793
EA_G__C1orf106	9.1783	7.6581	6.8747	6.0784	5.6646	5.4879	5.6203	6.0007	8.2173	5.3896	6.9857	6.0968	7.9856	7.0319	7.718	7.5064	8.2185	7.3373	5.8561	8.145	5.1319	6.0339	5.5105	5.2071	5.0412	7.9015	6.0522	6.4293	7.5807	6.6293	8.2673	5.2901	7.0118	5.4937	7.2321	5.8293	8.3952	7.1907	6.4185	7.3009	6.7258
EA_G__TC2N	8.5979	9.0717	6.9775	9.3938	7.3508	3.3223	8.2578	6.9443	9.7443	3.7734	8.8806	7.6394	5.7542	7.1173	6.7638	7.7872	8.4157	6.5571	2.5474	7.8365	3.1031	7.5099	7.5506	7.6286	3.4834	8.7449	4.5382	8.6498	8.2854	8.3271	8.4929	3.1594	6.1981	2.9353	9.1398	8.8122	7.8362	8.1402	8.2774	9.4791	8.1944
EA_G__ATP6V0A4	6.396	9.4584	6.0439	9.5886	6.8897	4.4126	4.4522	5.3603	4.3424	4.3231	8.3304	6.5654	4.3641	4.4015	4.6533	5.1789	7.8356	5.7837	3.8844	5.4336	4.8527	6.9256	6.3269	4.261	4.1126	6.8669	6.246	8.7945	6.5413	4.8429	9.4857	3.9129	4.2576	4.3833	7.4254	4.3647	5.9346	4.4506	7.5065	7.4908	4.2475
EA_G__P2RY6	5.8658	8.7646	8.1342	6.6875	7.0986	5.3199	6.1138	5.4422	6.5098	5.6812	8.2888	7.7752	5.6175	6.0433	5.9451	8.1152	8.6796	8.0907	5.2767	7.7315	5.7837	7.7124	7.6371	7.2822	5.2904	7.1436	5.8952	8.1293	8.0841	8.0435	9.1671	5.4074	6.0452	5.7602	8.617	7.9559	7.8561	8.0817	6.8568	6.9486	6.7097
EA_G__EDG3	7.4502	6.934	8.1139	10.4128	9.7139	6.3952	9.5367	8.0358	6.8443	8.9643	9.1369	8.9153	7.8993	5.3846	7.8087	9.1444	7.1815	7.2726	8.8852	8.5981	8.5947	8.383	8.9758	8.7868	9.7428	8.7596	7.7877	9.4427	8.5052	8.8173	8.0215	7.9986	8.4006	7.2288	9.8528	7.4755	8.3141	6.9779	7.5722	8.9381	8.2089
EA_G__SLC41A2	8.1421	8.4848	6.7907	4.3917	6.1309	6.1846	5.6932	5.3879	6.9565	5.411	6.6603	6.7003	4.9392	4.8678	6.0899	6.8641	8.5509	6.8164	6.1753	6.5638	4.728	6.3841	6.1709	5.5837	6.1195	5.3723	6.7179	7.4743	6.5936	4.2531	8.2518	7.09	4.9964	6.0132	7.1428	7.3483	7.4376	7.289	6.9438	7.9059	5.9091
