Cell lines	AU565	BT20	BT474	BT549	CAMA1	HCC1143	HCC1187	HCC1419	HCC1428	HCC1569	HCC1806	HCC2185	HCC3153	HCC38	HCC70	HS578T	LY2	MCF7	MDAMB134VI	MDAMB157	MDAMB175VII	MDAMB231	MDAMB361	MDAMB415	MDAMB453	SKBR3	SUM1315MO2	SUM149PT	SUM159PT	SUM185PE	SUM225CWN	SUM52PE	T47D	UACC812	ZR751
Response	-1	-1	1	-1	1	-1	1	1	-1	-1	-1	1	-1	-1	1	-1	1	1	-1	-1	-1	-1	1	1	1	1	-1	1	-1	-1	1	-1	1	1	1
EA_G__PLCH1	7.5273	3.3755	6.9586	3.9486	8.0482	4.651	7.1018	7.7608	6.6251	5.4736	4.7252	8.1232	5.2036	3.6959	6.6154	3.6139	6.6504	6.832	4.0158	4.9347	7.0744	5.7583	7.2641	9.4761	6.8481	7.196	4.228	4.6713	4.1757	5.7348	6.445	6.0627	7.4294	5.562	8.1434
EA_G__ALDH3B2	9.1519	7.5805	11.3608	5.8866	9.7334	6.4255	8.223	9.5823	7.6199	7.7955	6.3071	10.2674	6.2786	6.047	6.1466	5.7429	8.5602	9.6127	10.4301	5.6515	9.014	5.9874	10.8628	9.2617	9.5867	8.9624	6.0873	8.4091	5.947	8.3315	10.3339	9.1412	9.1133	9.2081	9.9559
EA_G__EIF5A2	6.2951	7.8413	5.3636	7.0288	3.9816	6.5229	4.6112	4.0049	6.0151	6.4365	8.0195	4.1127	7.1292	7.9963	5.1445	8.1412	6.4023	6.2623	4.3311	7.3762	6.1378	6.8793	3.7667	4.1613	4.6846	5.9985	6.7265	6.2262	7.4626	5.477	4.3927	4.1756	6.6644	4.8266	4.4717
EA_G__CRIP1	5.31	5.3267	9.7731	5.334	5.4641	5.3474	8.9387	11.7544	5.561	8.2598	7.0206	5.8054	5.3255	5.4495	8.2606	5.0561	5.5382	5.4859	9.0144	5.3967	8.9139	4.9174	9.2424	6.8474	7.5698	5.9588	5.2163	8.9972	5.2167	5.7411	6.8932	5.2574	9.2766	9.2825	9.7626
EA_G__CYP2J2	6.4435	5.1334	6.7259	4.78	5.8339	6.1137	5.5908	7.7706	6.8903	5.9356	4.8007	7.4097	4.6187	4.4382	6.0827	4.8923	6.3696	7.0868	5.2002	4.2793	4.9988	5.9153	7.5381	8.3749	5.4937	7.2803	4.893	5.2515	5.3152	6.042	7.5127	5.895	5.9996	6.2447	7.9614
EA_G__HINT2	8.1953	8.0627	8.3493	8.0287	8.444	8.6324	8.2309	7.9605	8.1995	7.829	7.835	11.004	8.228	7.9399	9.7754	7.7405	8.2384	8.5383	8.2892	7.8426	7.7491	8.1583	8.8464	8.33	8.9275	8.1775	7.4303	7.5048	7.462	7.8726	8.327	7.5324	8.6064	8.5092	8.5007
EA_G__SNAI2	3.7124	6.6607	3.6871	9.1313	3.88	6.4837	3.2197	3.8197	3.4385	9.9938	8.7811	3.6267	5.6992	9.113	6.23	9.6167	3.8127	4.5304	3.9551	10.2171	6.415	6.0717	4.3797	4.0291	3.8604	3.2179	9.5792	6.7031	8.0848	4.5561	3.8284	5.6708	3.7912	4.4566	3.9037
EA_G__MPP1	4.6149	5.5659	4.1933	7.3661	5.2864	5.9491	6.1238	4.0628	4.851	6.9422	6.5674	5.2199	6.7918	7.3067	4.5936	7.6194	4.6365	4.6134	6.1798	8.3037	5.8638	7.4557	4.1565	6.2867	6.0077	4.7191	7.4905	6.8069	8.2609	5.4014	4.4879	6.8111	6.0661	4.9223	4.6406
EA_G__ALDH4A1	7.563	7.3057	9.6464	6.4231	8.4263	6.2446	7.1993	8.3781	7.28	7.0017	6.8621	8.1332	6.577	6.5174	8.276	6.5183	7.8706	7.9981	7.9767	6.5559	8.9964	6.44	8.6197	7.9773	10.1902	8.6634	6.6103	6.757	6.4059	8.2904	6.8675	7.3929	8.1326	7.6348	9.4543
EA_G__CFL2	6.2396	6.251	6.3734	8.7936	4.5717	7.1761	6.166	7.3432	6.5647	6.9818	6.4944	6.2266	7.5471	8.3928	5.6348	8.126	5.8954	4.952	5.0397	7.5996	5.2804	8.0775	5.6671	5.3072	4.1366	5.8516	7.78	6.119	7.9761	6.6884	4.9737	5.9966	6.4361	6.0929	4.1521
EA_G__TMPRSS2	7.2062	5.9505	7.4163	4.76	5.2206	5.9465	7.398	8.4729	6.5273	4.686	4.6026	9.8984	4.5147	4.4592	8.9766	4.216	7.2592	6.7275	6.4975	4.3741	6.8914	4.2222	6.094	7.3281	6.4244	7.2688	4.3749	4.9769	4.5539	6.2306	7.1473	5.1128	7.3834	5.9248	4.9624
EA_G__AGPS	4.5517	9.653	7.2311	8.6021	7.7053	9.7677	7.5441	8.0721	7.7352	8.2133	10.1761	8.5532	9.0848	9.1475	8.4572	9.3307	3.0191	3.3336	8.3692	9.0361	7.3817	9.4937	5.9847	8.784	6.8236	5.0358	9.7549	8.9906	9.4369	8.3386	7.3149	7.8151	3.4863	7.9964	4.0977
EA_G__SGCB	3.9197	3.4677	4.8878	7.0929	3.3793	6.6802	6.2512	3.04	5.2005	6.2462	5.4632	3.212	6.5926	6.4121	3.5149	6.8	4.5618	4.753	7.5645	7.3587	5.2387	7.1684	4.7077	3.4655	3.4017	4.3251	7.1462	5.8862	6.8411	4.8611	3.9321	5.3476	4.7311	6.1989	3.9669
EA_G__YIPF1	8.0855	7.1149	8.3387	7.2018	7.6327	6.9169	7.4989	8.6056	7.8128	7.3801	6.5796	7.7843	7.0031	6.9285	7.6619	7.4184	7.168	7.7474	7.5846	7.1724	7.4127	7.3375	8.7118	8.8558	7.7027	8.1777	7.4907	7.4336	7.036	8.3011	8.8785	7.9406	8.1006	8.0957	8.5275
EA_G__CREB3L4	8.1722	6.239	8.8266	5.1526	8.4914	5.7882	5.6323	8.1729	6.4823	6.4278	5.55	7.1548	5.7115	5.4265	6.6527	5.4111	6.6146	7.3017	6.9522	5.3083	7.8557	5.5882	7.768	7.4532	8.0278	7.7082	5.6583	5.9138	5.4051	7.0025	7.9691	7.4838	8.0176	7.745	8.8611
EA_G__C17orf28	9.729	7.4386	9.6197	5.5952	9.5722	6.3666	6.9129	10.3721	9.0304	5.4402	6.5831	8.2773	7.1557	5.8027	7.1023	5.3634	9.1167	9.277	9.1052	5.3589	9.2435	6.1912	11.1353	8.8997	11.0475	9.6716	5.6045	6.3796	5.9321	9.479	9.5063	9.3071	9.6105	9.9773	10.4072
EA_G__CTNNAL1	4.2542	7.954	6.4387	8.7735	6.3931	8.1612	4.1256	7.1051	6.4816	7.2239	8.0383	5.4545	6.4832	7.6805	5.2114	7.9664	6.1901	5.6676	6.3907	8.9997	5.5644	8.7663	6.723	5.544	5.0793	5.2778	7.4006	6.8008	8.0664	7.008	3.6217	5.7089	6.5608	6.3006	5.4776
EA_G__PDCD4	7.2221	4.9274	9.1525	6.9065	9.7468	6.4642	9.1019	8.5973	10.2921	6.4907	5.6176	8.9419	5.47	6.8651	7.9542	5.877	8.1806	7.8868	8.306	6.0254	8.0429	8.695	9.6332	10.4832	8.1844	6.4457	7.2904	6.741	5.8866	7.7702	8.4289	7.9408	8.9593	9.1703	10.8018
EA_G__FOXA1	9.0384	8.3542	10.3303	5.7805	10.2446	6.6946	6.2072	10.1068	9.1466	5.6115	7.0308	9.8686	7.3927	5.4563	7.5836	5.5995	9.5923	9.8998	10.0039	5.6855	9.643	6.0524	10.1447	9.4248	10.0194	8.8238	6.1961	6.457	6.1073	9.5103	9.6063	9.8896	9.6996	9.7959	10.3109
EA_G__DPYSL2	5.364	7.4747	6.5531	10.3808	7.342	8.2545	6.1583	5.9297	7.6053	8.5864	6.9477	6.0442	8.2008	8.1649	6.9424	9.7881	7.6608	7.1866	8.4213	8.7065	7.6457	8.0483	7.6197	5.6238	7.8734	5.0121	9.7796	9.6176	9.3425	8.7012	6.9372	7.67	7.3599	7.4901	5.1537
EA_G__NUPR1	6.8844	7.3888	8.3409	7.217	8.2699	6.308	6.205	7.5236	6.4053	6.3374	5.9057	7.4957	6.1895	7.3003	8.2083	6.6856	7.4375	6.152	5.6338	5.9458	6.6051	5.727	7.9059	8.8506	8.5515	6.9661	8.2408	6.7378	5.8168	5.8454	9.4081	7.3405	8.6668	7.5702	8.0146
EA_G__ATP2C2	7.1301	6.3762	8.2179	5.3497	7.7028	5.9351	5.1224	8.4417	7.4719	5.2602	7.0346	8.3016	6.6985	4.6332	6.8254	4.8393	8.5253	8.1187	6.7656	4.7757	7.7212	5.1175	7.5495	8.7963	7.9613	7.5787	5.4452	6.4738	5.2595	8.2752	8.3637	6.7796	7.0768	7.274	7.6677
EA_G__IGFBP5	7.9594	10.6451	11.0184	4.3101	11.7233	7.6186	6.4925	4.8845	8.188	4.538	4.7586	9.2414	6.4845	4.3247	6.8854	5.2977	8.5975	8.7877	5.5867	4.2559	9.5631	4.3236	11.3033	11.5721	9.9012	9.5648	5.5703	5.0144	4.674	4.7641	9.5878	5.7393	10.3953	10.0362	8.0895
EA_G__FOXP4	7.7068	7.8757	8.8731	7.175	8.4056	7.4526	10.7351	8.346	7.6693	7.8345	7.7831	7.7087	7.9492	7.0315	8.0498	7.0167	8.1031	8.2302	8.0666	7.6763	8.2271	7.6686	8.8877	8.4425	8.3203	7.9428	7.3333	7.9073	7.5409	8.8581	8.3212	7.5171	7.3679	8.0961	8.1019
EA_G__IGF2BP2	4.148	7.4447	3.9096	8.766	3.9519	7.3402	4.3688	4.1485	4.3259	7.0273	8.2498	4.275	6.2409	6.9871	7.7544	7.1361	5.5721	4.3172	4.4761	7.532	4.382	7.4978	4.1685	4.075	5.017	4.4165	7.5737	6.9236	7.8986	7.1443	6.5836	5.9502	4.389	5.6488	4.0823
EA_G__ACSL4	3.2437	6.8678	3.2175	8.1981	3.93	5.8474	4.9921	3.2795	4.7223	6.0223	5.4391	3.2448	6.4566	7.5506	6.3064	7.7862	4.3467	3.4318	4.0505	6.5727	4.394	8.0383	3.8174	6.3426	4.0514	3.2697	7.359	6.9283	7.5937	6.0038	3.4226	5.8348	4.7256	3.5077	3.3705
EA_G__LLGL2	8.6915	7.7394	9.2172	6.2317	8.8119	8.2638	8.0503	8.8674	9.3444	7.2747	7.7949	8.3801	7.9179	6.2965	8.1822	6.0368	9.5561	9.9449	8.5159	6.5672	8.6457	6.5173	10.4167	8.8447	9.2616	9.2767	6.1906	7.5902	6.2778	8.6172	8.4538	8.1435	8.5877	8.313	9.276
EA_G__MYB	7.3833	5.8315	7.7499	5.0163	7.364	5.9692	6.8993	8.3839	7.6386	5.2504	4.5412	8.0208	5.3536	4.5154	5.93	5.8028	7.1808	8.0709	7.0712	4.4789	6.9476	5.6926	8.6746	7.4365	7.2492	6.6892	4.7019	5.5426	4.7383	6.1985	6.1338	6.9719	6.8456	7.1594	6.537
EA_G__FAM120C	6.9119	6.4205	6.9027	7.5805	6.9332	6.2679	8.4703	7.0268	6.7884	6.3034	5.144	7.8624	4.9352	6.3925	6.2466	6.2966	7.8199	7.3178	6.909	6.2234	7.9999	6.1857	6.9862	6.9113	7.2472	7.2245	5.878	6.9624	6.042	6.8034	6.3654	6.0982	7.9788	7.8176	7.9865
EA_G__ERBB3	9.5479	7.8567	9.4394	4.3498	9.8292	7.4364	7.8742	10.05	9.2441	9.4138	7.239	9.7082	7.3935	4.2979	8.8706	4.0683	9.4649	9.439	9.5575	3.9776	9.4408	4.5784	9.6653	10.1482	9.5168	9.1277	4.1238	6.8843	4.2234	9.5831	8.8726	9.2288	9.7254	9.7608	9.5803
EA_G__C1orf64	7.093	5.835	8.5042	5.7056	6.4148	5.3251	5.8239	9.3609	5.9959	5.5774	5.6345	6.0412	5.5348	5.7137	5.9871	5.6903	6.0348	5.929	5.6565	5.6187	7.052	5.7254	8.2425	8.7956	6.6608	7.869	5.917	6.0097	5.9263	8.388	6.8583	7.5468	7.081	7.8354	8.5419
EA_G__MUC1	9.3354	8.5583	9.6525	8.4104	10.0109	8.1385	7.6877	9.5962	9.4833	6.9752	6.7513	9.1369	6.9437	6.835	10.7156	7.125	8.9106	9.84	6.573	7.0024	11.0353	6.32	9.2355	10.806	7.2765	7.6032	7.3348	9.1411	7.2021	8.4137	9.6284	9.3378	11.5556	11.9165	10.8592
EA_G__ELK3	5.7875	6.4343	5.0173	6.3793	6.0668	6.2242	5.6844	6.0164	6.0869	6.0582	6.9747	4.5117	6.5217	6.7734	6.2157	7.2924	6.2209	5.6102	5.2898	6.1929	5.6212	8.1946	5.6704	5.4659	5.4923	6.0903	8.2677	6.319	8.0026	5.7072	5.567	5.9615	5.5961	5.5168	5.4524
EA_G__OBFC2A	7.6101	9.2122	5.7752	8.0921	4.5264	8.1177	5.6774	6.3325	5.6037	7.6901	9.0276	6.3893	8.8214	9.7788	7.8827	9.2412	6.4123	6.7442	5.6996	8.2834	6.6746	9.4543	5.5142	6.1973	6.3699	6.996	8.5565	8.4307	9.0169	7.7607	7.9834	6.1808	5.7689	6.4453	5.6546
EA_G__ICA1	4.2391	5.5241	7.7109	4.2132	7.1927	4.9716	5.9258	7.0962	6.1191	4.2211	4.1324	6.8093	5.7834	3.9633	4.0011	3.8101	6.8677	7.0587	6.9084	4.0082	5.8056	5.9475	6.8185	5.8066	6.6253	6.7251	5.4292	5.8257	4.0589	6.974	7.7989	6.9839	7.286	7.3446	7.8273
EA_G__ERBB2	12.3532	8.5748	12.3566	7.7806	9.1247	7.7491	8.9829	12.6526	8.5876	11.3467	7.4832	10.2349	8.7512	8.1322	8.6875	7.0841	8.5271	8.7417	8.307	7.9542	9.8661	7.3805	11.4924	9.0715	10.6304	12.0992	8.1194	7.4859	7.6326	8.7176	12.6826	8.6454	9.1608	12.2493	10.0611
EA_G__ACOT4	7.5193	7.0833	8.1776	5.4917	7.1285	6.0694	5.512	7.8169	7.2952	5.7055	6.1858	6.8359	5.1841	5.8504	6.5305	5.4131	6.8139	7.1462	6.5896	6.7919	5.8255	4.9953	6.0179	7.6577	7.627	7.675	5.6212	6.388	5.26	5.4872	7.4645	6.8487	8.7934	8.7735	6.8973
EA_G__IDH2	9.0203	8.5981	10.3873	8.0667	9.7965	8.2773	9.6941	9.9588	7.8733	9.0831	6.1131	9.1842	8.4942	8.9461	10.4002	6.776	9.5467	9.9548	9.1699	8.3399	10.0707	6.7409	10.4101	8.7147	7.8956	9.5364	8.6078	8.1004	7.7049	8.7028	9.0819	9.8275	10.3343	9.4696	10.5446
EA_G__TC2N	9.0717	6.9775	9.3938	3.3223	8.2578	6.9443	9.7443	8.8806	7.6394	5.7542	7.1173	8.4157	6.5571	2.5474	7.8365	3.1031	7.5099	7.5506	7.6286	3.4834	8.7449	4.5382	8.6498	8.2854	8.3271	8.4929	3.1594	6.1981	2.9353	9.1398	8.8122	7.8362	8.1402	8.2774	9.4791
EA_G__ACN9	7.7457	7.1364	2.2474	7.3112	2.7477	7.1126	7.5669	2.5176	7.5615	6.6273	6.5053	2.2849	8.2112	7.1776	6.3609	7.4386	2.5402	2.3462	2.429	7.0306	6.2283	7.6458	6.8231	4.2824	5.423	7.6019	7.7805	7.3034	7.8799	7.6985	6.6824	8.9937	3.1105	6.3996	2.2698
EA_G__OSBP2	5.4149	6.1665	7.0103	6.0775	6.588	6.6328	6.0387	6.7175	5.3871	5.9563	6.3132	6.9864	6.1351	5.8975	6.8151	5.4788	6.0308	6.6413	6.5594	5.5347	6.9036	5.593	6.7878	6.2614	6.3643	6.039	5.8646	8.203	5.9551	5.9665	6.6892	6.033	6.2767	6.1252	6.5893
EA_G__SELENBP1	11.1376	7.9104	9.1265	5.4145	10.1056	5.6859	8.0894	9.097	8.0519	8.1768	5.6338	10.3951	5.9801	5.5176	9.058	5.8776	8.4871	10.0174	9.0404	5.6347	8.8152	7.434	9.528	10.4363	10.1032	10.6142	5.3724	6.0275	6.422	9.7696	9.591	9.8577	8.6891	10.0604	10.8426
EA_G__C1orf34	8.7299	6.5143	8.6653	4.3849	7.8825	4.9498	6.4694	9.621	10.7155	4.7666	5.4992	8.1981	5.8414	4.7716	8.2159	4.4583	7.4708	8.655	7.6569	4.7734	7.5177	4.9479	9.2873	8.812	7.8876	9.2993	4.8324	4.8993	4.8296	8.0572	7.8121	7.8552	8.6739	9.9698	7.8377
EA_G__EFHD1	10.4897	6.7838	10.8877	6.4363	11.3552	8.4531	10.9246	10.9769	10.5969	8.0806	6.5687	10.7681	8.1233	6.512	6.812	6.1904	7.6784	9.8691	9.5217	6.8011	10.6784	7.1188	10.1568	10.3331	10.1827	10.9819	6.6063	7.3525	6.5382	10.5168	10.3753	10.2061	10.8369	10.3846	11.0058
EA_G__SLC9A3R1	10.4111	9.8632	10.9597	8.7121	11.6704	8.938	9.3166	11.4576	12.2228	9.8097	9.4062	10.1126	9.0002	8.2983	10.211	7.7047	11.5891	11.5335	10.9539	7.5431	10.175	9.0363	12.6162	10.3807	11.9228	10.702	7.9923	8.16	8.1862	10.5458	9.9597	10.2024	10.9276	11.5295	11.3238
EA_G__SYT12	8.4842	7.2923	6.4667	5.6842	7.9997	5.3679	8.048	5.5349	7.2782	6.3472	5.9473	8.2401	5.853	5.1824	7.0638	5.2108	8.037	7.7083	6.7108	5.4029	6.0574	5.6268	6.4297	7.8238	8.001	7.193	6.263	8.7831	5.9885	5.3229	6.7599	7.2041	6.3496	8.237	7.9768
EA_G__TJP3	8.0518	7.766	8.3849	5.9377	7.9192	6.4262	6.6429	9.8328	7.6407	6.3501	6.2599	8.4592	6.5682	5.9474	8.0263	5.6884	8.0699	7.9648	7.8198	5.7056	8.8534	6.1169	8.5057	8.1059	8.1475	7.9939	6.014	7.1509	6.1539	8.6348	7.4672	7.8886	8.6752	8.1957	8.4645
EA_G__RERG	5.7883	5.1813	7.0617	6.9909	7.1023	5.2465	9.1777	7.4429	6.875	3.3728	3.7	8.5667	3.7031	3.7498	8.8424	4.2458	5.4949	7.6464	9.2628	4.9248	6.5258	3.7492	8.2545	7.997	5.7481	4.6398	3.8895	7.7126	3.8277	7.7315	6.8926	4.3393	7.2201	6.6304	6.0999
EA_G__LHFP	5.3139	5.5954	5.4274	8.7766	5.1859	7.2268	5.5358	5.1002	7.5025	6.0825	7.0349	5.3806	6.8659	7.1626	5.8128	7.4787	5.8162	5.6178	4.9328	7.6395	5.7058	7.2848	5.1617	5.2191	6.2937	6.4466	7.4815	5.9507	7.0226	7.117	5.2327	5.7135	6.1764	5.4187	5.6329
EA_G__CAV2	4.5018	8.4908	3.7097	9.6475	3.2968	9.8419	4.7699	3.41	6.384	6.665	9.7361	6.3564	9.7925	9.8782	9.1849	9.3055	6.8317	4.985	4.251	9.9149	5.9759	8.7015	5.0696	5.7687	3.9831	6.1201	9.4274	10.0236	8.9668	6.5462	7.0424	6.8936	3.7499	5.2992	4.0191
EA_G__LARGE	7.6411	6.3724	8.2811	6.4327	9.2071	5.23	7.0295	8.5957	8.6586	7.3338	5.688	9.0514	5.108	4.9343	7.5548	5.6162	8.0168	8.493	8.7988	6.9842	8.3543	5.0348	9.7924	7.8886	8.0502	7.5051	6.4651	5.3077	5.0334	7.6831	7.6621	6.5147	7.7088	8.4373	8.51
EA_G__COBL	7.3722	5.5295	7.4904	4.9504	7.2341	7.084	5.6151	7.6344	6.6659	6.0049	5.1724	6.9815	5.7516	4.7727	5.2075	4.9245	6.4901	6.7704	6.272	4.8492	6.4282	5.0952	8.0264	8.5046	6.01	6.9633	4.8804	6.3035	5.1492	7.1308	7.9556	6.8173	6.8655	7.2664	7.0127
EA_G__CRIM1	8.3091	9.5842	6.5929	9.7719	4.9514	9.4674	7.4445	5.769	8.1182	7.7723	9.2139	9.1212	9.553	8.9683	9.1882	10.6462	6.9248	7.2872	7.1522	10.3139	7.9992	10.2066	6.0395	8.0396	5.5615	8.5579	8.5317	9.052	10.2588	7.9147	7.6815	8.6219	8.7841	8.2763	5.0659
EA_G__GPR176	5.0352	5.7606	4.458	7.1887	6.8504	7.4156	4.6433	4.2781	5.7714	5.2195	6.5779	4.4455	6.8578	6.1532	4.8029	8.7365	5.2116	5.7415	6.1286	7.3208	5.634	4.5928	4.5879	4.3922	5.6259	5.0005	7.254	6.2727	8.3008	4.8269	4.2057	5.2999	6.1686	4.6943	4.4512
EA_G__RND1	8.2366	5.1518	5.5848	5.2959	7.5678	4.9253	6.6945	6.5432	5.3653	4.8394	5.688	6.4109	5.1296	5.0251	5.5654	4.655	7.389	6.8855	7.5082	4.321	9.0383	5.229	6.9107	7.667	7.8736	8.9453	5.08	5.2271	5.1002	6.2484	6.2849	5.9817	7.1618	8.9243	7.8627
EA_G__CRABP2	6.1829	7.8329	8.2111	4.4698	7.9616	8.6534	10.6063	10.0004	9.994	6.1523	5.359	10.1017	7.2807	7.095	10.0598	5.7308	10.0904	10.2988	9.8344	5.4326	9.6052	6.2093	6.9694	9.4935	9.9741	8.4814	6.0872	6.2944	6.0848	9.0317	7.6666	8.6722	10.4906	11.0984	7.8585
EA_G__TM7SF2	8.6146	7.5175	10.6738	7.777	7.8977	7.2251	9.5359	9.1668	7.9039	6.7241	7.7442	8.5326	7.6531	7.0171	7.4679	6.3437	9.5635	10.0085	8.6953	6.465	9.4025	6.9611	9.7289	8.2619	9.9341	8.013	7.0973	7.8511	5.806	9.5896	6.8613	8.2324	10.641	9.5627	9.7151
EA_G__SGK	5.0406	7.2857	5.4106	9.0838	4.1858	8.9248	4.3511	6.361	5.0384	6.6596	7.7021	5.1726	7.019	9.4103	6.1623	9.2354	5.1628	5.3706	5.9424	8.3272	5.1426	8.4342	7.6622	3.713	5.0158	4.8986	9.7393	8.7562	8.0896	5.5156	6.1843	7.5815	4.7744	5.5835	5.6857
EA_G__ST6GALNAC2	5.0291	5.516	10.3685	4.5595	8.7228	6.5984	7.353	9.9648	6.5371	4.6823	5.9709	8.1178	5.1009	5.8811	7.4136	4.6967	6.3217	8.8799	9.8266	5.7877	9.9075	4.6438	11.3695	9.1258	9.9534	5.1063	4.954	6.391	4.6258	9.9215	6.6702	10.1722	9.3112	10.0639	10.5198
EA_G__CYR61	7.5718	8.3996	6.2582	10.1687	6.6562	8.8232	5.6125	6.3522	6.707	7.4924	7.1965	7.3317	9.6694	10.232	7.091	10.623	6.3553	5.982	5.9694	8.6434	7.9536	11.0584	6.8937	6.6652	6.7454	8.1061	10.084	8.4031	9.4395	6.6971	7.8889	6.4717	6.9073	7.0874	6.1877
EA_G__ST3GAL2	5.2182	6.5232	5.461	7.5988	6.4466	6.0393	6.1556	5.7459	7.7065	6.7122	6.5264	5.6583	5.9653	7.54	6.4734	7.1447	5.7205	5.275	6.6306	8.9673	5.7831	7.274	5.3718	6.8043	6.2369	5.6945	7.4105	6.2584	7.0882	6.2638	5.539	6.4992	5.8892	6.0176	6.7239
EA_G__CTGF	7.0133	5.9156	5.884	9.3777	5.681	7.7782	6.5942	5.7885	5.882	8.7018	6.664	7.1419	8.6485	7.6684	6.5018	10.62	6.0448	6.3716	5.976	7.6168	6.9053	8.8141	5.7406	6.065	6.5061	6.6274	9.1454	7.3645	8.134	6.5749	6.6338	6.6145	6.0636	6.0606	5.9837
EA_G__SPDEF	10.1908	7.4018	10.7931	5.6685	11.013	5.9359	6.1425	10.7443	9.8237	6.0475	6.0136	10.0929	6.9762	5.6718	6.3194	5.7139	10.0469	10.246	9.7584	5.6466	10.4039	7.0764	10.5661	10.3098	10.5877	10.0553	6.1331	6.4231	5.9152	10.0886	9.922	10.6581	9.6624	10.226	11.1169
EA_G__KIAA0984	8.4452	5.9705	8.8413	4.2138	7.8078	6.3599	4.2813	8.9468	6.8133	5.1804	6.9557	8.0653	6.409	4.0248	5.8291	3.668	8.2604	8.3418	5.4775	4.4505	7.3813	5.864	7.8929	7.1228	7.3149	7.8815	4.4008	6.0266	3.9297	7.968	7.0509	6.4222	7.4861	8.208	8.3521
EA_G__PERLD1	10.4494	7.2334	11.5309	7.0395	8.0143	6.7798	7.5363	11.7835	7.7075	6.0197	6.9121	8.5531	7.9337	8.1056	7.9547	6.9567	7.2717	7.3187	7.6108	6.8706	8.1096	6.7476	10.1259	7.7315	8.2906	10.1853	7.6784	7.1932	6.6914	7.5985	12.8771	7.0808	7.6174	10.9271	8.078
EA_G__ATAD4	6.5076	5.3802	8.0263	4.5523	7.5399	8.0394	5.9508	10.7967	7.4212	4.1336	4.5672	8.0676	5.5651	4.2357	7.043	4.1056	7.2902	7.5689	6.5886	3.7982	8.0822	4.8914	9.0888	8.2291	7.5073	7.1289	4.5322	5.1374	4.3119	7.2446	7.4827	9.1193	7.2602	7.8865	8.9783
EA_G__C9orf152	7.9416	3.1106	9.015	3.3253	7.5362	3.2593	3.6704	9.6854	6.8934	3.2606	2.5096	7.8747	4.4017	2.9521	5.0464	3.4125	4.5846	5.7573	3.74	3.1833	7.9758	2.9212	9.606	7.4371	6.4351	7.1601	2.7658	3.7666	3.421	8.6164	7.4871	7.795	7.8891	6.4831	9.313
EA_G__XBP1	10.9214	8.6686	11.4285	8.6723	11.3432	8.5408	9.0517	11.6752	10.8517	8.688	9.1233	11.2423	8.6586	8.207	9.7409	8.5637	10.908	11.5332	11.3709	8.4505	11.6948	8.6487	11.8604	11.6993	11.4718	10.6695	8.502	8.3625	9.0461	11.0474	11.1889	11.1636	10.9799	11.4501	11.6409
EA_G__FZD7	4.9595	7.5193	5.0229	5.7581	5.4522	9.4585	5.8364	5.7953	7.0174	7.2477	5.2591	4.8257	5.7462	6.7231	7.1561	8.2216	6.4394	4.9982	8.1128	7.5659	5.5336	6.8319	5.2781	4.3631	5.6368	4.8198	6.1794	4.7808	6.6816	5.9467	6.0904	6.1188	5.3736	5.83	4.6495
EA_G__ZNF750	7.3482	4.6567	6.7097	4.9155	5.6839	4.6689	7.2202	6.7591	6.451	4.7703	5.1668	7.1353	5.1352	4.7351	5.3662	4.4688	5.7987	6.4591	5.1944	4.6503	6.6426	4.6995	6.0296	5.1191	6.1847	7.0681	4.8725	5.4428	4.8895	6.5246	7.0578	6.3349	6.3737	6.0345	6.7232
EA_G__STARD10	9.3189	7.1028	9.838	6.9657	8.9884	7.0812	7.6816	10.6337	9.9114	7.9561	7.2257	9.147	7.3262	6.4872	7.4777	6.0307	9.734	9.5739	9.1011	7.4208	9.3232	6.2262	9.903	9.0237	9.6166	9.3077	6.0593	7.4425	5.9183	8.838	8.704	9.3903	8.7334	9.6701	9.2205
EA_G__MAP7D3	6.181	7.0881	3.7726	8.0335	4.1145	8.2134	6.6816	3.8649	5.2828	6.9662	6.369	3.9768	7.9146	7.4129	6.0423	7.4841	5.9373	6.1096	3.8188	6.9765	4.3266	8.4972	3.8711	3.6075	4.4657	5.4472	6.6247	7.5826	7.2635	4.9255	4.3312	5.013	4.094	6.2554	3.8949
EA_G__GLS	7.4228	9.005	6.9834	8.2057	6.6295	9.1094	7.2106	8.0475	7.609	9.5461	8.4018	7.4503	8.7597	8.412	7.7883	8.4596	6.8403	6.6922	7.5002	8.8394	6.5709	8.5453	6.2814	7.2594	4.5529	7.0692	10.0833	8.7098	8.438	6.5093	7.0957	6.6458	6.6057	6.9638	6.5527
EA_G__MICAL2	8.5188	7.5408	6.8818	8.5991	5.9705	8.5497	6.6774	6.1697	8.5173	6.1625	9.1328	7.6995	8.2922	7.9495	6.5846	10.8781	6.501	6.1906	8.0801	8.7771	7.9599	8.3656	6.284	7.111	5.5152	8.6761	7.0291	7.3179	9.4904	6.5219	6.8994	6.0735	6.4788	6.8894	6.4555
EA_G__MSN	5.5245	8.9289	4.0134	10.3783	4.1022	11.3117	10.2913	4.1309	7.0685	10.7693	10.103	4.4627	9.6207	10.8946	10.6461	10.7237	4.1429	4.7797	6.5085	10.1759	5.7957	10.8438	3.9279	8.4521	5.0086	4.469	10.7101	10.614	10.7822	3.9763	6.4413	4.674	4.3941	4.086	5.8385
EA_G__IRAK2	5.5472	5.4293	5.423	6.9979	6.0038	7.1858	6.4227	5.8589	5.3074	6.5416	6.2591	5.5953	6.7055	6.5468	6.0278	7.2245	5.9679	5.828	6.3121	8.0245	7.1975	6.6653	5.2283	5.4777	6.1391	5.6633	7.8771	6.2978	6.8329	6.1118	5.8486	5.9095	5.7902	5.6597	5.5393
EA_G__DNAJB4	6.1035	6.4481	3.9001	7.9907	4.3378	5.2992	5.8049	5.9526	5.3929	5.5614	6.4492	5.1111	6.1544	6.802	5.857	8.51	4.2631	4.0582	5.6577	6.9904	4.7861	7.3876	4.94	5.3639	3.9784	5.149	8.1583	6.4834	8.0232	4.1585	6.7141	5.2226	5.0912	4.2958	4.3341
EA_G__TMEM86A	6.4556	6.3228	7.9473	4.9403	6.4644	5.4973	5.6342	8.5714	6.3085	5.762	5.926	7.3806	5.8631	5.6241	5.8009	5.1528	6.1998	6.2003	6.8156	5.8978	7.248	5.4022	8.2918	7.6789	8.1152	6.5041	5.7141	5.8456	5.6566	6.9858	9.1944	7.4011	6.777	7.7605	9.1894
EA_G__GPD1L	8.4613	5.3985	8.9161	6.4188	7.7827	6.2488	5.9624	8.38	7.4073	6.0314	6.2961	9.6036	7.1174	6.939	6.6889	6.1596	8.6801	8.5606	7.1846	6.3214	7.8672	6.7807	8.9259	7.8841	8.5556	8.1451	6.377	7.0466	7.118	8.1813	7.3485	8.142	7.77	7.872	8.385
EA_G__MTL5	5.3594	5.6064	6.7743	5.905	7.1465	5.563	5.6404	6.7319	5.5117	5.948	5.7101	6.0857	5.932	5.6225	5.721	5.0947	6.2014	6.745	7.634	6.0433	6.5778	5.4272	6.3906	7.8743	6.5718	5.7291	5.7605	6.2117	5.3424	6.3289	5.7619	5.9627	6.769	7.3716	6.3228
EA_G__DNAJA4	4.7516	4.5141	8.0682	4.2649	6.8891	6.3925	5.3544	8.8331	6.9037	5.5941	7.0226	6.1691	4.6041	7.0471	6.3352	5.3644	7.0912	6.871	9.4137	4.8811	7.1632	4.7158	8.324	6.9391	7.0638	5.8064	4.5857	6.9409	4.803	5.0151	7.474	6.8647	7.9157	8.4296	8.8969
EA_G__MUCL1	9.6708	5.4032	11.9418	4.8957	8.9223	4.5051	8.786	8.2638	6.8099	4.7529	4.7936	8.4609	4.7998	4.6962	4.8549	4.861	6.192	7.9264	7.538	4.9978	10.2647	4.8186	11.1491	8.2536	10.2257	5.8615	6.5654	5.2871	4.4087	5.4239	12.5835	9.5991	5.3747	11.7143	10.7729
EA_G__SLC7A11	5.1817	7.4396	4.1599	6.5597	4.2618	5.8494	3.5826	4.9675	5.0098	5.4931	7.8307	3.8433	5.6015	6.7087	5.6799	7.1183	5.8004	5.4594	5.75	5.2728	4.449	8.0821	4.96	5.0106	4.2806	4.9229	7.2331	5.2141	7.3597	6.9123	7.5002	4.0292	4.5781	4.0326	4.6664
EA_G__ANKH	6.1321	8.0863	5.4319	7.5366	6.1278	8.4813	9.0894	4.6888	6.49	7.8379	8.1721	5.1636	6.8831	6.3625	8.2345	8.8695	6.0957	5.1663	7.006	7.9234	5.9965	7.4819	6.675	4.8461	5.6252	6.0369	7.6275	6.1743	8.3735	7.4034	7.0396	7.2997	4.911	7.1822	5.0068
EA_G__FMOD	4.7456	4.3891	8.6309	4.8797	4.254	4.4157	4.5959	4.5711	4.2652	4.1456	4.4406	5.0278	4.4373	4.4526	5.1068	4.315	4.9047	4.6832	4.2507	4.333	8.337	4.653	10.2266	9.4424	7.4642	4.7254	4.4797	4.8205	4.5904	4.1968	6.8222	9.5573	5.179	7.001	9.7217
EA_G__C1orf115	6.9015	6.0423	7.6415	5.93	7.3311	6.0274	7.5634	6.9938	5.9561	7.2573	6.5801	7.5419	6.6758	6.316	5.8911	5.5091	6.5475	6.5878	6.3762	5.729	7.606	5.8222	7.7466	8.6046	7.8599	7.1421	5.9752	6.5733	6.2333	6.3785	7.8187	7.7581	6.8106	6.258	9.1222
EA_G__DSP	8.5174	8.3555	9.7781	4.438	8.3945	8.8684	9.8838	9.484	6.301	8.4854	9.2614	10.249	9.2227	6.8289	9.9116	6.0849	9.2346	9.4662	10.0598	6.8075	8.9583	6.9698	9.1769	8.8104	5.5198	8.8651	4.3964	9.6506	5.7489	8.7123	9.5311	9.3918	9.3757	9.3323	9.2241
EA_G__GADD45A	6.3877	7.29	6.2489	7.0816	5.5713	7.2169	6.2905	5.9471	5.5842	6.46	7.4015	5.5864	7.7197	6.6974	6.4102	8.2647	6.0858	6.2982	7.2958	7.206	5.9708	6.8756	5.9687	6.3753	6.3945	6.1844	8.4067	6.1507	8.2315	5.9881	7.382	5.9993	5.571	5.8913	6.1594
EA_G__KLRG2	8.089	6.5067	8.4057	6.4	9.6446	7.8073	7.8405	7.7071	6.9473	6.3701	7.4151	8.4247	7.0207	6.3157	7.1726	6.2275	7.2573	7.355	8.1612	6.4254	8.7608	6.1478	7.9256	9.0586	8.2741	8.7105	6.5291	6.5715	6.701	8.0547	7.249	6.6918	7.2045	7.9626	8.9974
EA_G__LOC124220	7.4736	6.5045	8.0215	5.4055	8.8675	5.9469	5.7857	7.9883	7.6471	5.8141	6.6156	7.8574	5.7468	5.5707	7.5995	6.7221	8.0322	7.9345	8.4762	5.7493	7.8782	7.1355	9.1801	8.6759	7.6816	7.9156	6.0924	6.2257	6.4568	6.7771	7.0487	8.2349	8.0054	8.3906	7.3629
EA_G__TIMP2	8.3458	7.5595	5.3944	8.7678	6.3471	8.206	6.7557	6.5326	6.6301	7.4328	7.5212	6.5074	8.6701	9.1357	7.1354	8.2937	6.9135	6.629	7.6709	9.9272	7.2971	7.5771	5.6731	6.6532	4.7218	8.7064	9.815	7.1412	8.3924	5.6884	6.8307	6.477	7.3707	8.4241	4.9285
EA_G__MB	7.1763	6.3524	7.2958	5.2965	6.4939	4.99	4.7298	6.6331	5.3755	4.4841	4.3542	8.1329	5.7617	4.0266	5.7767	4.4095	5.9646	5.6589	5.4337	3.8807	7.0531	4.2898	7.3515	7.1651	5.9651	7.5111	4.3969	4.8076	3.9391	5.781	6.2852	6.3506	5.5164	6.4085	7.0086
EA_G__PRODH	8.5848	5.3758	9.6968	5.2856	9.8394	7.3753	6.3146	9.9249	7.0011	5.3203	5.7339	9.6035	5.5817	5.3378	5.6238	5.3479	6.1188	5.8214	6.8612	5.7096	10.3624	5.3603	10.5759	10.8014	10.6464	6.5433	5.7008	5.7056	5.2411	7.8362	10.5858	9.7075	7.7263	6.2829	10.3923
EA_G__AXL	5.1611	5.4463	5.4209	10.2739	5.2109	9.8631	5.2949	5.1746	4.9087	5.3032	6.6145	5.6583	8.6491	9.9664	5.4233	11.2512	5.5361	5.534	6.7552	9.689	6.5073	11.0247	5.0726	5.1294	6.1472	5.743	9.8877	7.8036	9.9992	5.5417	5.5984	5.7637	5.5023	5.4593	5.4104
EA_G__ABCA12	7.364	7.1095	6.8238	3.3572	3.9202	3.4709	3.3851	8.1267	8.8693	3.3669	5.5671	6.998	4.6112	3.2091	5.7931	3.2291	6.2715	9.5323	4.7044	3.1101	6.8836	3.3908	10.1166	5.9646	7.5299	8.0032	3.6763	5.1243	3.733	6.1352	9.0577	7.3809	7.9179	9.511	9.895
EA_G__COL4A1	5.1752	5.7736	5.0845	8.4977	5.0007	7.7123	5.163	4.8711	4.8859	6.8901	7.6945	5.3043	8.5407	8.3695	5.3973	9.1832	5.3929	5.3075	5.1744	10.8621	5.4841	6.5621	5.0616	4.8149	5.8907	5.2895	5.8097	6.7643	5.719	5.1567	5.4451	5.4895	5.3269	5.26	5.2465
EA_G__GNG12	8.0554	9.1125	6.9215	9.5214	5.0723	8.6155	6.8475	7.8236	7.2029	8.1673	7.6447	7.3246	8.9495	9.2848	9.2523	10.1455	5.2669	6.6554	6.6615	8.7552	6.672	9.0735	6.6523	8.8439	7.2152	7.7602	9.7441	7.9395	9.8269	7.4973	8.4644	7.8464	7.0967	6.8414	6.0561
EA_G__SLC39A14	7.0695	8.413	6.7073	9.7325	7.094	7.6136	9.8801	7.4083	7.1434	8.5716	7.6742	6.898	7.8345	8.1108	6.6582	9.4612	7.1446	6.7092	6.6707	7.542	7.0018	8.3485	5.9451	7.0796	6.3629	7.3537	10.7989	7.488	8.4903	7.7988	5.7332	6.6494	7.0208	7.5143	6.2866
EA_G__GATA3	6.0285	7.7046	9.1018	4.9681	10.7896	5.7457	8.0649	9.427	10.3545	5.8406	7.0576	9.3687	5.6591	6.5915	8.1065	4.9955	10.3924	10.9892	10.6143	4.5959	9.7188	5.609	9.224	9.5855	9.916	7.2562	6.9	7.9032	5.883	10.1592	7.7068	9.5042	10.5263	10.2285	9.6733
EA_G__CADPS2	7.7456	4.908	7.4979	4.0964	6.4627	4.4223	5.6493	7.0315	4.4205	4.0071	4.8258	6.7121	3.9804	3.6804	6.6876	4.1893	5.843	6.0549	4.6595	4.342	7.6282	5.1269	5.4529	8.4842	6.1528	6.7688	4.2951	6.5761	6.4273	7.7822	6.6469	5.8467	5.8717	6.468	6.224
EA_G__TIMP1	7.5359	10.0064	5.9828	10.6076	6.2943	10.4313	6.0579	5.6373	10.8903	11.2532	9.662	6.355	9.3984	9.7969	7.911	10.4885	9.3202	10.1272	8.893	12.1036	10.1588	9.8061	8.7353	10.5777	7.4083	6.8389	11.3341	11.0263	12.4699	8.2387	7.4412	9.8428	7.7003	11.5617	5.4094
EA_G__HBEGF	5.7872	5.8554	4.9068	9.3836	5.6136	5.5354	5.6776	4.9952	5.2972	5.4996	8.232	5.4704	6.2009	5.3934	5.9594	7.3717	5.279	5.3204	5.4978	6.9636	5.6472	9.1191	4.8683	5.0741	5.512	5.1797	6.7088	5.5459	7.5776	5.4672	6.9455	5.2866	5.6012	5.0115	5.3434
EA_G__PRKCA	6.9849	6.7965	6.093	8.7689	4.7539	7.1254	3.9318	4.0132	4.0291	5.6109	6.9189	6.2455	7.0923	8.9502	4.7269	8.3028	6.6467	5.9656	4.7651	9.6278	6.3184	8.5886	5.5478	7.1467	5.4288	7.173	9.0008	4.8225	8.6544	5.553	5.3847	5.7431	5.6894	6.2828	5.5399
EA_G__CALD1	5.3745	6.4921	4.0059	6.9477	4.1231	6.8428	7.5601	3.9074	4.2596	6.0823	5.2906	5.3524	7.4511	7.9533	6.2922	9.3633	4.4971	4.3691	4.3982	9.1755	5.9927	6.51	5.4997	4.7735	4.7727	5.7915	6.303	6.8236	7.1648	6.5636	6.1459	5.5227	4.6722	4.2721	4.3237
EA_G__CPAMD8	6.0825	7.2596	7.2388	5.6587	6.0427	5.6522	7.7413	6.8633	6.049	6.0436	5.9711	8.4635	5.9444	5.3842	6.5933	5.5284	6.2974	6.322	5.9579	6.7371	8.6424	5.4769	7.4537	5.9555	7.027	6.3632	5.7861	6.2587	5.9367	6.3406	7.1091	6.9385	8.6235	8.1872	6.9222
EA_G__COL4A2	6.061	6.9582	5.9927	9.1358	5.6938	8.5657	5.8659	5.706	5.736	8.5431	8.8082	6.3447	9.6397	9.1724	6.1702	9.4784	6.189	6.2593	5.9015	11.3453	6.2475	7.8284	5.8093	5.7943	6.9666	6.5292	6.5386	8.0359	6.3432	6.0159	6.3401	6.3543	6.1933	5.9988	6.2438
EA_G__PIB5PA	7.2283	5.7738	8.2578	5.9039	9.6074	6.094	6.2946	6.4018	5.6085	5.7297	5.4173	8.1127	6.2215	5.7362	7.4908	5.3929	6.5917	7.1141	8.8762	5.4621	7.9441	5.8495	7.7113	8.0325	8.7984	8.1997	5.6103	6.7177	5.7789	8.9248	8.6425	8.3854	7.2749	8.3268	7.7171
EA_G__KIAA0195	8.1195	7.5064	8.4064	7.8452	8.7581	7.6728	8.2281	7.9728	8.9658	8.4402	7.6967	8.6972	8.2867	8.4437	8.0899	7.5258	9.0136	9.5723	8.7357	7.8019	8.1276	7.7026	10.6093	7.8048	9.2293	8.7163	8.6271	7.8546	7.5508	7.9325	8.4612	8.1096	8.3298	9.5459	9.2109
EA_G__ETS1	4.805	5.9815	3.8221	9.1987	3.7611	9.7835	5.4674	3.5174	3.7092	9.0214	8.4312	4.2609	8.9186	6.6496	6.1098	7.8626	4.2242	4.1251	3.6311	8.5584	3.7782	8.8462	3.44	3.778	4.6855	4.7509	7.741	7.9709	8.314	4.3718	5.9158	4.288	4.0329	3.9583	4.1234
EA_G__CLDN3	8.9717	6.0866	8.0567	5.2854	9.4834	7.6571	6.3263	8.4969	8.109	5.5586	6.0856	5.3265	5.3363	5.0908	8.3048	4.9669	9.8602	9.8658	8.5015	5.456	6.7233	5.1811	9.0222	9.0383	8.3115	8.5947	5.1358	5.1889	5.4921	9.2728	9.3196	7.4412	9.7707	9.9995	5.38
EA_G__ELL2	5.9738	8.4801	5.4848	9.0239	5.5223	7.8213	6.2642	7.3842	5.1636	5.7827	7.7042	7.63	8.1983	8.1004	6.8832	8.7843	4.8266	5.4662	7.4627	7.4624	6.6419	7.7774	5.8231	9.4469	6.9037	5.7191	7.9853	7.358	9.1605	9.5203	7.4441	6.8344	5.428	6.024	5.6388
EA_G__FYN	4.8816	6.1063	4.3322	4.5595	4.1797	6.6783	5.2254	3.9868	4.3095	5.2342	4.7263	5.5262	6.8905	6.7575	4.3306	8.3757	5.4058	4.5424	6.8396	8.064	4.864	7.376	4.0949	4.3392	4.9848	5.0097	6.3964	5.0807	7.2559	4.5524	5.9687	5.3704	4.4577	5.6385	4.2118
EA_G__SIDT1	7.4447	5.3904	8.8752	4.6729	8.5319	4.3608	4.6682	8.7279	8.8931	4.4944	4.8537	7.114	4.5267	4.2934	6.0595	4.3148	8.2739	8.5397	8.675	4.4179	8.167	4.9182	8.5383	9.0785	8.1899	7.1021	4.6199	4.8109	4.4668	7.8236	7.9261	7.9518	8.588	7.5637	7.6898
EA_G__LEPRE1	6.106	7.0872	6.4096	8.8094	6.5042	6.8624	8.5287	6.903	7.1955	7.9912	6.5855	6.9778	7.1388	8.5846	7.1597	8.3424	6.6356	6.827	7.2675	9.3727	6.8462	8.1582	6.7103	6.9469	7.0673	6.3158	9.2172	7.4327	8.3081	7.7253	6.9598	7.4537	6.4544	6.851	6.5327
EA_G__ANKRD43	6.8985	6.8855	7.2732	6.5285	9.5979	6.4434	6.8133	6.9246	7.5739	7.0532	6.8187	7.0515	6.7147	6.3477	7.0361	6.6071	6.8687	6.9376	7.4046	6.6548	6.5654	6.5435	7.2164	7.2604	7.2567	6.8754	6.8865	7.0308	6.9637	6.5943	6.7568	7.1226	8.5722	8.3917	7.0905
EA_G__VTCN1	8.4065	4.2161	7.5452	3.5205	8.5954	6.5572	6.2389	8.7124	8.4635	8.9774	3.9249	8.5877	7.1076	3.96	9.0505	3.5167	5.94	6.4774	5.1673	3.6512	7.8442	3.599	7.2457	8.9107	5.6222	9.5899	4.0347	5.0407	3.5754	7.0528	7.8339	4.6838	7.9421	4.3324	8.6651
EA_G__MAP1B	4.1506	5.5635	4.4828	7.3859	4.0451	7.1683	6.6007	3.7581	4.3324	4.8655	5.0727	4.0538	6.0101	7.7143	6.2577	8.7705	4.4155	5.0935	5.1036	7.836	4.0668	7.159	4.158	5.8074	4.7968	4.2089	8.0577	4.7129	8.5112	8.6027	6.5307	4.2357	4.0326	4.3419	4.0378
EA_G__UPP1	6.1015	7.1467	5.448	6.6737	5.1357	6.9823	5.3696	4.889	5.2305	5.3407	7.4135	5.3149	6.9028	6.8339	6.2895	6.4335	5.6169	5.127	5.3567	6.8378	5.5727	6.9034	4.8709	5.1442	5.3505	5.686	7.1274	6.5287	6.8426	5.5523	7.256	5.5613	5.6237	5.6119	5.0034
EA_G__KIAA0644	7.8892	5.8869	7.22	5.0429	7.1733	4.6612	6.9032	6.0241	7.1183	5.0476	5.3085	7.1336	5.2546	5.1951	6.8486	4.7598	5.9194	5.6884	7.036	4.7568	6.3434	4.8293	6.4892	6.3319	6.5456	7.9545	4.9716	5.2662	5.3064	7.3471	7.7024	6.1171	6.8002	7.5086	6.8457
EA_G__MYO5C	7.8463	7.275	7.9832	4.007	8.6099	7.3812	6.793	8.5988	8.705	3.62	5.4571	7.7686	7.586	4.5314	8.1173	4.1085	9.2621	8.7398	7.5274	3.747	7.8407	7.0582	7.7598	8.3844	7.2253	7.5109	3.8417	6.0904	3.955	7.9313	7.7172	8.2857	8.322	7.6815	8.492
EA_G__ABCC11	5.0771	4.4868	8.9135	4.3409	6.068	4.3488	4.5022	9.0536	6.4968	4.3846	4.531	5.5215	4.3978	4.2837	4.7067	4.5984	4.5406	4.9815	5.9853	4.152	8.7674	4.4954	7.3019	6.4495	9.0235	6.726	4.427	4.9806	4.4854	9.756	7.5508	8.4576	9.3681	8.0366	9.5692
EA_G__CLIP4	5.4348	7.1886	3.9666	5.3323	3.6155	6.7272	5.6531	4.1053	6.8579	7.2274	7.6415	4.9373	6.0636	6.882	7.8551	6.975	5.2735	5.445	7.1688	6.483	7.1818	7.6554	3.9358	5.7053	4.4094	6.6691	5.6713	7.6162	6.4013	4.7101	6.4518	7.3609	4.3718	5.6381	3.7996
EA_G__PRNP	8.966	9.4338	7.1683	10.0008	4.5591	9.9432	9.4469	6.5717	6.5746	9.6536	10.4869	8.4081	9.0153	10.7803	8.4326	9.5619	7.9611	6.9297	6.4105	9.4125	8.7312	9.6684	7.846	5.9126	6.856	9.276	9.3299	8.787	9.619	7.018	9.7165	8.8016	7.8626	8.2148	6.9197
EA_G__SATB2	4.9968	6.4479	5.0371	6.9835	5.111	6.2984	5.1495	4.8519	5.0624	6.9973	6.531	5.6052	6.2428	4.569	4.8822	7.8537	6.7478	7.0652	7.4869	7.5473	6.2936	8.8773	4.9597	4.3184	6.2106	5.1857	8.181	6.3682	6.9949	7.1939	5.2308	5.8839	5.813	6.8878	5.2493
EA_G__FGFR3	6.4686	6.758	7.2628	6.3636	6.1745	6.0463	7.8694	8.4332	6.4613	6.4522	6.9181	8.0712	6.4189	6.4648	6.2407	6.1123	7.8528	6.8679	6.5519	6.7138	6.8004	6.4535	7.8569	6.8435	7.043	6.5493	6.0993	6.6322	6.2285	11.9162	6.826	6.7292	7.4786	7.0184	6.8274
EA_G__SEPP1	5.9218	3.3766	6.3037	3.5677	6.3167	3.2726	4.6837	7.4843	6.7786	5.6468	3.6065	7.1792	3.7197	3.9899	3.8702	4.1466	3.8268	4.8399	7.5823	3.5405	4.9	3.4066	9.2661	9.3975	6.8488	4.9906	3.4597	3.7391	4.0567	6.7115	7.3823	5.9143	7.0828	4.9858	9.1555
EA_G__AR	7.0617	5.1747	8.3549	7.5162	9.0105	5.0413	7.5879	8.4454	7.9054	5.3141	5.6306	7.6659	5.4751	5.0709	5.6657	6.2381	7.3953	8.2357	6.7372	6.0964	7.7378	5.2134	8.7813	9.1804	9.5757	6.2873	7.595	5.6012	6.2466	9.2337	6.7197	5.6023	7.7766	6.883	9.3152
EA_G__SERPINE1	5.8986	5.9074	5.4065	5.6132	5.2081	6.988	5.5114	5.0759	5.1916	5.1886	7.6995	5.2755	7.7287	5.7854	5.5744	11.9346	5.8429	5.6226	5.5287	6.3332	8.3971	10.2428	5.0146	6.1282	5.9937	7.8398	8.1438	5.5569	11.8792	5.5559	5.6639	6.5275	5.4098	5.4253	5.331
EA_G__TMPRSS3	6.2517	4.6731	6.3099	4.3753	6.8658	4.1635	5.2231	5.3789	6.8408	4.6199	4.668	6.0278	6.1435	4.2958	7.1903	3.9978	5.25	4.758	4.0896	4.7685	7.5031	4.1056	7.4917	9.4186	4.7655	5.2652	4.5343	9.1125	4.5138	7.2599	7.5815	7.0602	5.4646	7.505	4.7394
EA_G__ADAM19	6.7177	4.8427	5.0563	6.7155	4.8301	7.786	6.0565	4.6711	4.9038	6.0687	6.2888	5.8864	6.6231	6.8082	5.7394	8.7117	5.4742	5.4706	5.9616	8.544	6.158	7.72	4.7314	6.6282	5.6521	7.3337	8.5251	5.7288	5.9389	4.9755	5.7672	6.095	5.2166	5.0739	5.4023
EA_G__S100A14	11.7148	9.5587	11.289	4.4478	12.2259	9.3338	7.1653	11.67	10.2776	5.6437	9.6689	11.2622	9.7527	5.038	10.9988	5.5585	11.3198	10.6309	6.945	5.2235	10.7045	5.3671	11.2594	11.6653	10.9996	11.6593	5.6242	10.3786	5.2591	11.5032	11.3	11.9228	5.3263	11.1298	11.7503
EA_G__KIAA1324	8.7391	5.5267	9.9689	4.7668	10.7206	4.988	4.7104	9.8157	9.2718	5.0802	4.8433	8.9328	5.2349	4.8067	6.1461	4.7633	8.0162	10.4682	9.8777	4.8393	8.4161	5.5117	10.5581	11.1607	8.8761	8.3421	5.2686	5.0444	5.1043	8.8778	10.1644	9.1857	8.7249	9.1258	9.4421
EA_G__PVRL4	8.8387	7.5802	8.6614	6.0215	8.4399	7.6435	8.619	7.4022	6.9983	5.9267	6.4973	8.8506	6.8664	5.7394	9.0419	6.0255	8.6467	7.9387	7.8324	5.9404	9.5825	6.0246	7.6553	7.9653	8.7386	8.6132	6.1518	6.6455	5.8878	9.0033	8.5554	8.2224	8.8527	8.4894	7.7461
EA_G__CDK6	5.6752	6.3878	5.5281	6.9192	3.5988	8.8538	6.6364	6.125	4.3767	6.4356	7.7804	6.8198	7.98	7.6771	7.5952	8.5033	5.7383	5.2545	4.2023	8.4198	6.2835	7.8416	5.6047	6.5876	4.1059	6.5554	8.4041	6.9278	7.5734	6.8846	8.3805	7.8478	4.3604	4.162	3.7064
EA_G__DEPDC6	6.6941	5.2717	9.1632	4.9752	7.5121	6.4015	6.416	8.3884	8.0948	6.8441	4.7516	8.5968	6.2251	6.0457	7.4547	9.2139	6.8396	7.695	8.225	7.3615	8.3302	5.541	9.0918	9.6198	7.432	8.03	6.4449	6.1382	5.6161	7.127	9.8221	6.946	8.0294	8.5831	6.7683
EA_G__C11orf82	6.6509	7.0184	5.8662	6.612	5.9729	7.3918	5.794	5.736	6.3239	6.8492	8.7831	5.4224	6.7061	7.6886	5.452	6.9309	6.4962	6.308	5.3933	6.4071	4.8317	6.9059	5.714	5.3618	5.9928	5.8672	5.7982	5.7614	7.2557	5.8854	5.4156	5.9697	6.6975	6.4483	5.2868
EA_G__SLC39A11	7.6914	6.4328	7.5502	6.5108	9.2791	6.8888	6.8928	7.5156	8.6527	7.168	6.3672	8.1172	7.0266	7.0961	7.8446	6.3549	7.9397	7.9691	7.1896	7.3801	8.435	6.5379	7.9556	9.0344	6.4632	8.3686	7.2705	6.1905	6.1289	7.8538	8.5277	6.7183	7.9721	9.1536	9.6432
EA_G__ABCA3	6.1001	5.9275	6.9381	6.5877	8.6685	6.65	6.4291	7.5984	7.7157	6.836	5.8417	7.2382	6.8044	5.8351	6.2413	5.5762	8.3807	7.7083	7.8356	5.9727	7.5575	6.7002	7.2912	7.0449	8.915	7.0031	6.1109	6.1814	5.8895	7.1448	6.7524	7.366	7.6447	8.529	8.656
EA_G__MALT1	6.8006	6.8844	6.6217	8.5624	6.7858	8.3258	5.7342	6.3425	6.2349	6.6303	6.5109	5.518	6.689	9.3823	6.2279	7.8265	5.7846	5.3337	5.8366	7.5889	5.4144	6.8856	6.1808	4.8845	5.9347	6.6455	7.5106	7.3724	7.5651	7.0666	5.7784	5.2207	6.0642	6.4532	7.0325
EA_G__C4orf34	7.5189	6.7831	9.2875	5.2272	9.1582	4.721	5.3837	9.7532	7.4229	7.588	5.1128	9.1999	5.4193	6.848	8.0783	6.629	8.3072	8.1002	9.1603	6.5726	8.8801	5.1194	9.9662	9.103	8.0987	7.3907	8.1597	7.0955	5.3506	8.451	9.2518	9.4196	8.058	8.6313	9.0896
EA_G__ADM	7.8699	8.2549	6.7316	9.2873	6.4248	8.2428	6.6451	6.2464	7.0564	6.6729	7.9741	7.2347	7.2128	7.2707	6.52	10.4389	7.4329	6.5314	6.9772	8.6667	6.6563	8.0916	6.7527	7.0205	6.9918	7.7146	8.0335	8.0033	7.3379	6.5653	7.3322	7.1694	7.7755	6.1965	6.2225
EA_G__TRPV6	8.172	7.7697	7.3399	5.1131	5.837	4.7885	8.2265	4.871	5.2912	5.0413	5.1102	9.2894	5.4021	4.7952	8.0611	5.0177	5.4671	5.4788	5.1602	4.7818	7.6043	4.9054	7.7522	6.6101	8.7922	8.2537	5.0953	5.2391	5.3572	7.0029	9.1168	7.0934	8.5497	5.0626	8.2569
EA_G__SH3KBP1	6.3485	7.4737	6.2274	8.1333	6.2943	7.8321	5.0438	5.0309	5.2233	8.041	6.9922	5.9744	7.0511	7.4211	7.9876	7.6714	7.6042	7.027	6.3902	8.4773	6.7531	7.8992	6.2095	5.0461	6.2935	5.9915	9.2351	7.3744	8.3209	6.2036	7.3834	6.9534	5.4421	7.2851	5.7527
EA_G__POPDC3	5.4767	8.9926	3.4924	4.7785	3.2555	7.1357	3.5857	4.5477	4.0952	8.0904	6.8204	3.69	6.6232	7.4945	6.4594	5.9804	4.1027	3.6397	3.7352	6.6553	3.6034	7.7354	3.7091	5.9969	3.737	4.2054	7.9858	6.6727	5.0813	3.6103	7.014	7.0935	3.6805	4.3597	3.6212
EA_G__AHNAK2	5.5114	6.6197	5.7758	8.7237	8.1277	11.0055	6.8184	6.0669	7.319	5.8046	8.2741	6.8208	9.6726	7.9732	7.629	8.2223	6.3356	6.7179	7.2793	9.2604	7.7131	7.9926	5.8029	5.5643	6.3239	5.8413	11.1983	8.7533	9.2006	8.6161	7.8498	6.7657	6.6229	7.0651	6.7233
EA_G__C3orf57	5.9049	4.4867	7.7309	4.6794	7.6111	4.6058	4.6305	7.5725	7.8092	4.6555	4.8895	7.6159	5.5729	4.2895	7.5956	4.3645	9.7988	9.5034	6.3347	4.7775	8.9892	4.9538	8.019	6.9899	7.6702	6.6396	4.8998	5.106	4.8812	9.1923	8.0725	6.9367	7.0395	9.2455	4.7138
EA_G__PHLDA1	5.5624	8.6994	5.4323	7.1715	4.5343	8.4106	6.9458	5.8538	7.0573	5.0523	9.211	7.6233	7.8731	8.6225	7.3199	9.1532	6.9348	6.4868	7.1009	7.7793	8.4937	9.2009	5.3553	5.2952	5.3613	5.4233	9.2377	6.425	6.9972	5.2608	7.1747	5.2914	7.144	5.156	4.4997
EA_G__ST14	10.0699	9.5095	9.4025	5.3989	8.4103	9.1952	10.6256	8.8454	9.6956	8.111	9.7844	10.002	9.6359	5.0132	9.7185	5.5207	9.0798	8.8239	7.8911	5.3651	8.6958	5.8956	9.328	8.803	9.6571	10.0178	5.6156	9.5955	5.7331	8.6079	9.2113	8.7602	11.0696	10.1267	9.1367
EA_G__PRSS8	9.4021	8.6396	9.1182	5.839	8.563	7.0852	9.3449	9.9989	8.7449	9.0331	7.2019	9.5767	7.8573	5.7101	9.9771	5.7054	9.0099	8.9593	8.5698	5.822	9.4326	5.9163	9.2733	8.5573	8.7847	9.0995	6.067	7.8782	5.7102	9.9436	9.4381	6.9483	8.2088	9.2864	8.4567
EA_G__CAV1	4.5287	7.4287	3.8568	9.9104	3.712	9.7581	4.2532	3.8194	5.4549	3.8847	9.7682	5.1202	8.3996	9.4259	7.3034	10.2473	5.8282	4.0921	3.8378	9.7323	4.6806	9.5902	3.6008	4.9392	4.3121	6.5569	9.6999	9.2782	9.5947	3.7722	4.5306	4.1113	3.97	4.1412	3.5529
EA_G__PPFIBP2	6.5176	5.6898	8.685	5.3909	6.8131	5.2124	6.2853	7.7925	5.6154	5.8536	4.9366	7.7047	5.6356	5.98	5.7397	4.7978	6.5585	6.3397	6.9949	4.0523	8.1624	5.0389	7.4755	8.9514	7.7945	6.9673	5.7632	5.0592	4.8184	8.3164	7.5942	7.3962	6.0261	6.8366	6.9521
EA_G__CRIP2	10.8373	8.5349	10.9609	9.889	9.8807	8.4184	9.5757	11.6983	10.5287	8.4838	7.4709	9.9585	8.7795	9.9819	10.025	8.8842	10.8957	10.0144	10.4003	9.5079	9.8837	6.5594	11.1565	9.5562	9.9669	10.9026	9.354	8.7135	7.478	11.0502	10.7092	8.721	10.6665	10.0145	10.3347
EA_G__TRIP13	8.1416	9.0187	8.2321	8.6364	8.1903	8.6113	8.0736	8.1179	7.9184	8.4456	8.9683	8.1894	8.5695	8.627	8.8367	8.9072	7.4412	7.6605	7.9539	8.9576	7.3297	8.199	7.7935	7.3926	7.5408	7.639	8.0686	7.5311	9.5113	8.3058	6.3098	7.6794	8.8534	7.6143	7.189
EA_G__MMP15	7.9217	7.6876	7.633	6.5978	6.2998	5.9688	6.7659	6.4747	5.5143	5.8859	6.0667	7.4422	6.1291	5.6521	7.7299	5.374	6.7595	6.9898	6.6904	5.5691	7.2895	5.756	7.1598	6.1499	7.7124	7.7446	6.0829	7.4646	5.5759	8.6706	8.2119	6.1252	6.7275	6.9476	7.3284
EA_G__EPHA2	8.5414	9.6508	7.3461	9.4567	7.1665	8.6973	7.4528	8.0337	6.4815	6.9884	9.9389	8.3948	9.354	9.0916	8.7865	9.6476	7.7947	7.5449	6.8313	9.4881	8.1785	10.4042	6.9463	7.1418	7.4838	8.3671	8.6969	9.6151	9.4186	8.7254	8.4036	7.5725	7.0417	7.2961	6.8289
EA_G__KRT19	12.4257	11.7226	11.8694	5.3088	12.0071	11.0092	10.8661	12.4057	12.4572	5.4234	11.375	12.625	10.7132	4.9996	11.9989	5.3899	11.9541	12.1304	12.2871	4.8359	12.0948	8.5044	12.135	12.3305	11.3655	12.6503	6.0673	11.4019	5.1683	11.8464	11.3409	11.6161	12.478	11.9621	11.4901
EA_G__MT1E	6.498	9.4849	5.7194	6.1414	5.6322	5.9253	5.6252	5.0449	9.072	6.4325	9.0663	5.4068	8.7321	9.3249	6.5579	8.9377	6.4327	6.6632	7.7465	6.7555	6.4863	10.0077	5.5815	8.8289	6.81	6.8455	10.2417	9.6111	10.0519	5.9579	6.5716	9.6603	5.9662	5.5717	6.9037
EA_G__PRLR	7.9719	3.7946	9.1863	4.9871	9.5426	6.8392	7.9902	9.5253	9.6628	4.8155	3.4702	8.3946	6.1661	3.8892	6.4743	3.5713	6.7331	8.7018	9.5475	6.0702	7.3558	3.9288	10.1469	8.5814	7.4217	7.8099	3.7377	4.6704	4.4364	9.0648	6.4511	8.0691	11.1837	7.9121	8.9712
EA_G__AZGP1	10.2938	5.2477	6.3166	5.1861	7.8483	10.5743	5.8672	9.8598	5.393	10.1989	5.1734	9.9126	7.6711	4.5263	11.0381	4.8353	5.798	5.7386	6.463	4.8156	8.6593	4.9316	8.3578	10.6706	10.6377	8.0518	5.702	6.1725	5.9591	6.4786	11.3448	7.3664	9.6307	9.8486	10.4682
EA_G__RAB27B	8.5612	5.9879	9.7252	9.9569	8.8503	7.2326	6.9088	9.6875	7.5786	4.7529	6.7212	8.5582	6.7514	6.7386	8.7507	6.4168	8.1154	8.2999	9.2784	6.2771	8.7808	5.1949	9.7182	9.0257	9.2615	8.2384	5.5805	6.4372	6.374	8.4761	8.9339	8.1278	7.9657	8.0961	10.0686
EA_G__REEP6	7.3124	7.8296	8.0118	6.6815	8.2179	7.8251	7.3053	10.3249	9.2159	7.4347	7.4881	8.9474	7.5053	6.5065	6.8337	6.7464	8.4331	8.6279	8.0963	7.2691	8.1977	7.1275	9.1377	6.3806	10.0931	7.8307	7.1074	7.1343	6.4064	7.4075	9.6168	7.6949	9.7124	9.2173	9.9128
EA_G__EPN3	8.2278	8.0466	9.6436	6.3758	8.069	7.4293	7.116	8.672	8.7373	8.1351	7.9438	7.7472	7.1172	6.3093	7.9575	6.3471	8.673	8.446	7.6968	6.1877	8.7465	6.2349	9.6115	8.2606	8.6589	8.2641	6.6755	7.3269	6.6283	8.2206	7.2364	8.4764	8.7652	8.4147	8.8978
EA_G__FN1	6.6198	8.3686	4.0288	9.8478	3.7438	6.8731	6.5156	4.4044	8.4649	5.1783	6.5823	8.3059	11.3179	10.8315	7.74	12.354	8.0092	6.6245	8.6766	11.7706	7.5091	8.224	6.684	4.5648	4.8693	9.218	9.6008	10.5618	11.1685	7.1705	4.5006	7.7977	7.2817	8.5263	5.625
EA_G__UPK3B	7.8564	7.5647	7.4318	6.9711	7.063	7.0834	7.3556	7.5818	7.1388	7.131	7.5062	7.5446	7.2451	7.0813	7.7129	6.7547	8.307	7.6742	7.2838	7.0001	10.3034	6.9948	7.2937	8.7072	7.8507	8.1022	7.1958	7.9558	7.0611	7.0964	7.6465	7.987	9.0936	7.3861	7.356
EA_G__KIAA1754	6.2297	6.5357	5.8518	6.9463	5.4686	6.2887	5.9089	6.134	4.8143	5.9613	7.0933	5.6172	6.357	5.9586	6.7698	8.4302	6.1948	5.7878	5.2799	6.2668	5.807	7.5315	5.084	5.6017	5.8272	6.0504	8.4361	6.3043	7.7256	7.0121	6.5976	5.8607	5.6484	5.4141	5.5
EA_G__SLC7A8	7.6746	4.869	8.8236	5.042	10.6962	5.0441	6.3737	9.5636	7.2944	4.7488	8.4816	8.1148	4.7435	5.7111	5.5632	5.0076	5.3353	5.3922	10.8003	4.7921	10.2389	4.9899	10.2853	9.6818	8.7371	6.5396	4.8894	6.1091	4.9765	7.0086	8.4994	8.5397	9.0232	10.533	6.8407
EA_G__FAM59A	7.7905	6.5341	7.2024	4.8712	6.68	5.9347	5.9744	7.3743	6.2539	5.5819	5.5316	5.9312	5.9031	4.8528	7.5857	5.9462	6.6224	6.0759	7.2006	4.0473	6.5938	5.419	7.0464	6.7735	6.2219	7.0846	5.2325	6.4577	5.2007	6.2579	7.22	6.1833	5.4105	6.3264	6.358
EA_G__FBP1	5.2071	4.8652	9.4178	4.6472	9.2616	4.5261	4.8	7.7114	7.8887	4.5754	5.8823	4.8183	4.6158	4.5283	7.404	4.6383	9.9041	10.3261	9.9083	4.6404	9.948	4.8766	9.9939	8.753	6.105	8.9461	4.7417	7.7847	4.8368	9.9019	7.8951	8.5676	8.2741	9.6585	9.9927
EA_G__HEG1	6.2128	9.9633	4.3598	8.3098	6.562	6.4836	5.2993	6.2301	7.5078	5.2928	5.9003	6.2066	6.0265	7.9313	7.4061	10.095	4.7841	4.9313	6.2316	9.1828	5.3043	8.3031	4.2267	6.6247	5.3676	7.0547	6.655	6.1362	8.4389	7.818	5.8099	7.466	8.0922	7.6151	4.0331
EA_G__EHF	7.9677	7.8953	8.8702	3.4608	7.0353	8.5755	9.3891	8.0012	6.4301	4.3068	9.4851	9.4367	7.3563	3.5329	8.1561	3.837	7.2835	4.963	5.5786	3.0694	8.5866	3.5169	8.217	8.8245	9.2446	7.1737	4.1825	7.2807	3.8479	8.8579	9.2408	8.1504	9.8011	8.7526	8.8216
EA_G__FJX1	5.5806	6.0986	4.9649	9.0274	6.719	9.9085	6.8217	5.9123	6.1875	9.0239	10.8651	7.6401	8.2594	7.1323	6.3296	8.4796	7.4508	5.7965	7.8509	8.9907	7.6792	8.713	6.5637	7.2206	7.9145	6.3355	8.3063	8.4438	8.6121	7.8131	7.6374	7.4963	7.972	7.0963	6.8239
EA_G__FRMD6	4.9002	6.7991	5.8569	8.4921	7.1865	7.9292	7.2846	5.8319	5.2792	4.6289	7.4696	5.7482	7.2501	8.1602	5.44	8.0414	6.187	6.0322	6.3911	8.9032	6.3751	8.4847	5.2365	6.2746	5.5398	4.9049	7.829	6.5761	8.0209	6.1144	6.2193	5.4363	4.5013	5.7171	5.2584
EA_G__TAGLN	5.7585	6.6645	6.2522	10.1516	5.6237	8.347	6.2093	5.992	6.5892	7.604	6.2202	6.2527	11.083	6.0464	6.9682	10.5177	5.7232	5.9843	5.7482	8.2972	7.7912	7.4628	5.8491	5.4102	6.8033	6.7969	6.952	6.6514	7.6329	6.71	6.3456	5.9289	6.238	6.1344	5.6886
EA_G__BCAS1	9.0168	4.7589	10.5313	4.4087	6.403	4.3423	4.4869	10.3867	6.7622	4.1964	4.6724	9.0372	4.5142	4.3656	4.3987	4.438	7.9077	7.2716	6.6171	4.3473	7.9229	4.8844	7.3564	9.719	5.6839	9.8324	4.4616	5.0177	4.8637	7.8706	7.4028	7.9093	7.3722	7.4533	8.0127
EA_G__STAC	5.967	6.944	4.4744	8.7517	4.4143	8.7019	5.2245	4.2275	4.1802	4.3895	5.9041	4.569	6.183	6.74	6.7671	7.8582	4.503	4.5206	4.5124	6.7276	4.6546	7.5021	4.3421	4.3729	4.7293	6.4295	4.531	5.9112	7.5436	4.6565	4.8691	4.9889	4.5177	4.371	4.5517
EA_G__GPR160	6.9782	5.0229	8.0657	3.3556	7.1076	4.229	4.4657	9.3959	7.726	4.058	3.7191	6.9804	4.7694	3.446	5.8982	3.5785	7.7744	7.445	7.3926	2.9737	8.141	4.3088	7.3759	8.3753	7.7969	7.1789	2.9307	3.3042	3.8572	7.0867	5.9659	8.1528	7.8124	7.3001	7.6953
EA_G__ESR1	5.949	6.0559	7.1801	5.6039	8.4071	5.601	5.7796	7.5436	9.7789	5.8332	6.1272	6.2441	5.6586	5.4846	6.0553	5.6479	8.4338	8.7397	9.4422	5.3713	6.9678	5.413	8.6907	8.0188	6.1198	5.8501	5.7046	5.9209	5.8721	5.7063	6.0028	7.9154	8.6844	8.1235	6.081
EA_G__ROR1	5.3372	7.9662	5.2175	6.5973	5.439	7.28	10.4317	4.743	5.6664	5.7236	6.7942	4.7319	7.7308	6.1285	7.9918	9.5253	5.5238	5.0728	7.0798	7.725	5.7081	9.3852	4.8051	6.7134	5.6738	5.391	5.9191	7.2763	8.7107	5.8718	6.3405	6.0622	5.2006	5.3266	4.955
EA_G__RHOV	9.7227	8.4574	8.0872	6.4486	7.6528	7.8628	8.3043	8.7399	7.3848	6.8553	7.3721	9.2953	7.7164	7.1533	10.4826	6.6712	7.3987	7.7727	6.8814	6.5363	9.1443	6.5731	6.9177	7.754	8.1173	9.6719	6.3819	8.2071	6.3571	7.415	7.5265	7.9056	8.4813	7.4151	7.846
EA_G__TMC5	6.9145	6.7603	8.3275	4.1477	4.4891	4.8611	5.9953	7.3579	4.1254	4.0837	5.6135	6.8626	4.5594	4.2029	6.964	4.1799	4.8592	5.0648	4.0745	4.0229	5.5938	4.2583	5.2922	8.1657	6.1833	6.1085	4.3188	5.4765	4.0282	7.1972	7.0375	6.6136	4.9861	5.6506	4.7505
EA_G__7A5	8.9896	8.1824	8.3314	3.2606	7.2942	7.6597	5.6095	9.2592	6.5231	3.7622	8.2988	8.9054	8.2759	4.0236	9.6757	3.4441	6.8545	7.4974	5.2953	3.1486	9.6105	4.0122	7.6718	8.5499	7.1	8.7273	3.9994	6.9247	3.9668	7.1495	9.2352	7.0569	8.1383	9.6843	7.3096
EA_G__EPB41L2	3.5196	8.5143	5.0152	7.2057	6.1864	8.2547	6.4645	7.0403	4.1389	9.0062	5.5827	4.8245	8.3567	8.2745	3.269	8.2875	4.9766	7.0896	7.6184	7.2073	4.4167	8.3392	5.3878	8.5821	5.747	3.4058	8.1063	7.0184	7.3074	6.9073	4.428	6.6847	5.489	5.5184	3.3655
EA_G__C1orf181	6.8042	6.9163	6.2983	7.5148	6.2355	7.2417	6.3709	6.8713	6.4078	7.3561	7.3965	6.9633	7.1618	9.3678	7.1704	8.0049	6.3537	5.9378	7.2237	6.9216	6.434	9.0789	6.4776	7.2327	5.7429	7.3017	8.0185	7.5216	7.3962	6.9983	7.1642	6.34	6.8331	6.3512	6.2779
EA_G__FMNL2	5.0374	5.7022	4.32	6.8369	4.8322	7.2053	7.5584	4.2885	5.597	6.4228	6.6403	6.2067	7.1766	7.6335	5.0551	6.8236	5.6056	5.0364	5.5033	6.5388	4.567	6.9875	4.9813	3.8189	4.6063	5.199	8.2269	6.307	6.8317	4.3607	6.313	5.0518	4.1588	5.4521	5.0902
EA_G__DEGS2	7.8298	7.062	10.9171	6.9738	11.1875	6.9282	7.169	7.8178	11.8243	7.0946	7.2195	9.1281	8.1767	6.9468	7.466	6.9471	8.7706	10.052	10.3736	7.0186	11.2507	7.0805	9.9454	11.6743	10.5058	8.2788	7.3888	7.2168	7.1113	10.6843	10.3998	9.5285	10.7139	10.7919	11.6494
EA_G__BMP1	6.5794	7.9687	6.0246	8.212	6.0746	7.1822	9.0463	5.4548	6.9235	6.8115	6.6383	6.5834	7.2222	7.792	7.3279	8.4422	6.9906	6.6899	6.5585	9.678	6.943	7.0429	6.1197	7.0648	6.6947	6.5005	7.0603	7.7511	7.8272	6.9575	6.411	6.4197	6.3307	6.3149	5.8934
EA_G__SACS	5.5065	5.7151	4.387	8.2338	5.5884	6.3576	7.2455	5.6008	4.9033	5.9435	6.2962	3.5737	6.839	6.8542	4.146	8.3747	5.1792	4.7755	3.6428	6.9225	3.9677	7.6452	4.2029	3.5922	4.7532	5.8038	8.5415	5.6956	7.7867	4.8587	4.2936	4.3439	4.6223	5.3828	4.3278
EA_G__MAP4K4	4.283	7.8822	6.9846	7.6195	6.5829	6.9551	7.9128	4.6415	6.9167	7.5113	7.577	5.8437	7.5774	7.9209	6.8842	8.4149	6.9634	6.292	7.0002	8.0307	6.2858	7.2345	6.2708	6.4071	4.8013	4.4212	9.5851	6.9638	7.773	6.0739	7.3778	6.2682	6.226	6.4416	6.0425
EA_G__METTL7A	6.9604	6.7362	7.0326	4.438	7.0951	4.6015	6.7344	6.5581	7.3135	5.4968	4.9351	7.305	6.3376	5.6256	7.1115	4.6054	5.9996	5.7336	7.5801	4.9239	7.1558	4.5007	8.7566	8.0203	6.7689	7.6197	4.517	6.9958	6.3483	5.7368	6.5321	8.0299	7.8142	6.044	7.2418
EA_G__SLC24A3	5.8567	4.866	7.6921	4.9069	8.2005	5.4026	8.4196	7.088	7.3408	6.854	5.1651	7.4995	5.2071	4.6949	7.2516	7.5909	6.3113	7.6462	7.4927	4.6514	6.4122	4.8684	7.4147	6.5707	7.3839	6.6887	4.7718	5.043	4.925	7.853	6.2864	7.3459	7.4011	6.4345	6.9271
EA_G__PYGL	8.3211	5.4124	4.5482	8.6049	3.8718	9.3095	3.8507	6.4332	9.2013	9.2196	8.4187	4.9662	9.6848	8.9714	6.8818	7.9592	8.0777	7.1207	6.9183	8.1479	6.5905	9.1658	4.2731	4.9804	4.6456	7.7447	9.0854	9.7038	4.1135	5.0333	4.6464	4.4254	7.2832	7.6898	3.8629
EA_G__MLPH	8.9613	8.6126	9.4537	7.2434	8.8593	6.8868	6.8657	10.2061	9.2145	6.1493	7.1993	9.408	7.7663	8.4935	7.6096	7.3314	9.3005	9.7117	9.0131	8.2664	9.9729	8.0714	10.0726	9.6628	9.7087	9.4819	6.3658	8.0179	6.4396	9.4011	9.1543	9.9994	9.2638	8.9017	10.4752
EA_G__ETS2	8.1544	7.7695	5.9882	7.6179	5.7312	9.8797	4.4996	4.4589	6.0857	8.0416	9.1314	7.524	7.3306	7.2601	7.5177	8.7817	7.6743	7.6445	5.9571	7.8418	7.4479	7.4919	6.9607	4.9855	6.1512	7.8091	9.6944	8.9333	9.2659	6.9815	7.7872	8.1139	5.8419	7.1329	6.2789
EA_G__MOSC1	7.7244	5.0453	7.4006	5.2325	8.0611	5.6455	6.4694	7.5824	5.2939	7.148	8.4058	7.7554	5.052	5.7615	5.5529	4.618	8.3247	7.9413	6.8259	5.0039	8.2946	7.9699	7.5204	7.4566	7.7944	7.1235	5.1006	9.8581	5.3711	7.2209	7.0558	6.8277	7.5493	8.2886	7.739
EA_G__FOSL1	6.0413	7.5462	6.1458	7.919	5.8606	9.0589	5.8613	6.4142	5.6608	6.5225	9.6121	5.9831	8.443	7.8496	6.2968	9.5414	6.2276	6.2266	5.9202	7.7186	6.2518	9.0294	6.0945	5.7333	6.9064	6.1028	9.2315	7.675	8.8965	6.0134	6.702	6.2235	6.2177	6.1091	6.0999
EA_G__TMEM63A	9.9042	8.8139	9.2252	7.9009	8.9321	8.0876	8.6713	9.8166	7.6708	8.6227	8.3271	9.0724	8.6764	7.9149	9.794	7.6274	8.0926	8.3874	8.1943	8.1384	10.2093	7.9491	9.2452	9.2999	9.5319	9.8231	7.2609	9.6586	7.7197	9.4813	9.5874	9.3064	8.91	8.3396	8.9229
EA_G__ZNF652	6.6796	7.1304	9.1134	5.4265	8.0263	7.5657	6.1455	10.4217	8.3293	6.9403	6.4695	7.371	6.6141	7.0294	6.8064	6.2259	7.3028	7.8102	7.151	6.7251	7.2562	6.172	9.0124	7.6468	7.4323	6.5588	6.6853	6.6539	6.3657	7.335	8.4527	7.8613	7.2296	8.3435	8.7495
EA_G__NT5E	7.0846	5.1501	3.9196	9.0413	3.3792	7.2634	3.8917	3.4181	3.341	3.6388	6.864	3.5929	6.896	5.2742	5.9823	10.1163	3.8698	5.5831	3.7838	8.137	4.099	10.8683	3.268	4.7321	4.3347	7.0175	10.6481	5.3531	8.4554	3.5999	3.747	3.7861	3.4798	3.9113	3.6276
EA_G__CDH1	3.8156	9.8271	10.2402	4.1816	8.2155	9.3623	7.7169	9.8984	10.4438	8.4461	8.5324	4.383	8.3525	4.2405	9.6597	4.2637	9.9596	10.2763	6.5768	4.0202	10.0856	3.8114	11.1983	10.3286	7.0185	4.1026	4.9675	8.714	4.0229	9.5589	10.3671	9.2285	9.8379	9.9968	10.6397
EA_G__NRG1	5.8063	5.5273	5.5086	9.3613	5.4881	5.8931	5.5782	5.3613	5.8129	5.5653	8.4982	5.6927	6.4332	7.1422	5.7786	8.0543	5.844	5.69	5.5607	5.7692	7.2949	7.4453	5.3365	6.091	6.1522	5.9324	7.7485	6.1338	8.335	5.5868	5.7476	5.9021	5.725	5.6826	5.5522
EA_G__ST6GAL1	7.7394	5.4994	6.0727	4.9826	5.8866	5.2929	4.8651	7.1704	4.4732	6.6134	4.3999	6.3251	5.7577	4.7896	6.3255	4.7526	5.2073	4.6559	4.3331	4.6197	6.3901	4.8325	5.7496	8.8885	5.4107	6.5704	5.1495	6.8937	4.9485	5.7285	7.4109	6.9642	6.9889	6.987	7.0116
EA_G__KIRREL	5.9225	6.9042	5.6081	10.3544	5.5244	9.7389	9.3978	5.3224	5.3906	10.1946	8.1	5.5174	9.3051	9.8443	7.0456	9.2853	5.8194	5.7806	5.2632	10.0757	6.4854	8.5703	5.2519	5.8751	6.4035	5.6421	10.2171	8.5799	9.3106	5.6723	5.8787	5.7361	6.8062	6.3514	5.7109
EA_G__LRIG1	8.4644	7.5392	8.7042	7.0764	8.4047	7.6769	8.3325	9.3453	9.2857	7.6133	6.3691	9.2238	7.7319	6.9662	7.6377	8.0083	7.897	7.9151	8.2763	6.6753	9.1526	7.0332	9.4991	6.4779	9.8144	7.5698	6.9521	7.7575	7.6009	7.4641	8.9085	8.3308	9.4649	8.0402	8.882
EA_G__TGFBR2	7.122	8.3904	6.5636	7.6681	4.6862	8.3695	6.7089	4.4748	5.3047	5.4067	7.9499	4.773	7.6865	7.6328	7.8443	8.9298	5.7233	6.4778	5.1441	7.1766	5.8674	8.7346	5.9185	7.2226	5.4298	6.893	8.0594	8.1697	9.4684	5.389	6.8625	5.8513	5.002	5.1139	4.6654
EA_G__MAG1	4.8462	6.5185	4.46	4.7063	5.5047	8.6994	3.8116	5.258	4.0635	8.6953	8.0707	4.3276	6.6603	4.7034	4.608	6.35	4.994	5.0979	6.6825	4.3329	5.303	7.3618	5.1826	6.106	4.5695	4.4668	7.8363	4.8364	7.0045	6.1928	7.0747	5.4076	5.0039	4.6966	4.7718
EA_G__STS-1	5.2244	9.0503	4.6973	5.8729	4.6605	8.0688	5.1083	4.7549	4.4609	7.6737	8.3529	5.1812	8.8066	7.7323	7.8819	8.4816	5.1073	5.0474	4.5253	5.032	5.6294	7.8078	5.5263	4.3696	5.545	5.6356	5.6818	6.8601	7.5785	7.1292	6.3024	5.5028	5.2742	4.7396	5.0443
EA_G__HGD	6.1701	3.7824	7.6492	3.7536	7.1472	3.8709	3.8208	8.002	8.7179	8.6658	3.8689	8.0684	3.8546	3.7892	4.0083	3.6706	4.0437	5.1745	8.727	3.4955	4.5873	3.8207	9.1095	8.8747	5.3693	4.2486	3.9795	3.876	3.8261	5.1101	8.751	4.4323	4.1422	5.0669	8.3076
EA_G__DLX3	7.4632	6.5922	8.3925	5.6094	5.938	5.6328	5.5027	7.9765	5.8754	6.3403	5.8666	6.1978	6.2199	5.0285	5.6926	4.7268	6.4653	7.0473	6.8724	5.288	6.4617	4.7899	7.0145	5.9772	6.8321	7.7375	5.3032	7.0645	5.2161	6.9139	6.6169	6.2	7.7697	6.3741	5.8481
EA_G__CEACAM6	9.4552	4.9219	10.4191	4.4249	4.3434	4.5225	3.7734	10.2871	4.6155	4.2125	5.4873	10.3529	4.6112	3.9866	7.9509	4.1852	8.4815	7.3165	4.5002	3.6986	8.7179	4.1634	10.9123	10.8417	4.9382	6.4947	4.7785	4.201	4.5135	7.5353	10.2088	7.5093	6.1862	8.1197	6.9771
EA_G__TOX3	5.974	4.6551	8.5875	4.4321	6.5337	5.4214	4.4642	7.6402	4.4988	4.116	4.7216	7.3639	4.4069	3.9878	4.5242	4.2514	4.6907	4.7136	5.1155	4.1138	7.0533	4.2706	8.4109	9.1685	7.8902	5.2199	4.6364	4.374	4.3532	7.696	7.7374	7.5964	4.397	6.9844	8.4415
EA_G__SLC9A2	8.0221	5.0906	9.0313	4.6153	4.537	6.1778	4.6843	9.2135	6.766	4.2235	4.6564	7.9773	4.8629	4.0912	4.4798	4.0015	8.3374	7.752	5.095	4.5882	8.1974	4.1751	9.4528	7.6961	7.0623	8.3122	5.8374	4.8527	6.3365	8.3496	6.9643	7.0853	8.7918	8.1692	8.7367
EA_G__PLA2G10	7.4097	5.9502	6.2138	5.9734	6.4801	5.8603	6.1584	6.4113	7.186	6.003	7.7286	7.2149	6.2563	5.4353	7.149	5.9167	7.1404	6.5337	6.9787	5.2459	8.2977	5.5339	7.2334	10.1074	6.4499	7.7312	6.1785	6.1912	5.9954	6.0704	5.9926	5.8723	6.6205	7.9511	6.6977
EA_G__CHDH	5.7765	6.8422	8.0397	5.5535	7.8047	7.3454	7.4832	5.4023	7.3578	8.4609	5.9458	7.2342	6.9515	6.0461	7.5888	5.1343	7.4567	6.7619	6.0203	5.6341	8.1154	5.4675	8.361	7.9733	7.7363	5.5396	6.7458	6.3557	5.3534	5.9997	7.0313	5.8103	7.2057	7.6034	7.8407
EA_G__MPP7	7.201	6.8077	7.6254	3.5809	7.1178	6.0094	6.4583	7.6765	8.069	7.0109	4.702	8.1318	6.4942	4.974	6.8515	4.1343	6.835	7.312	7.3818	3.4258	7.7846	4.8621	7.4319	7.8872	4.7048	6.7447	3.9781	5.7979	4.8244	7.7533	8.0238	5.708	8.7197	7.3438	7.4885
EA_G__DENND1B	6.6791	6.7675	7.167	4.7193	6.0054	5.8785	5.9951	6.8062	6.8071	6.1834	6.5026	7.4498	6.5538	5.7247	7.5458	5.444	6.254	6.4954	6.4321	5.8145	6.9989	5.6087	6.7896	7.0417	8.8044	6.7401	5.1312	5.7658	5.6866	7.0638	7.1235	6.6987	5.8053	7.2246	7.9649
EA_G__CACNA1D	7.7334	5.8969	6.4883	4.3929	5.9883	5.0697	5.9576	7.9984	8.2401	5.3635	4.4459	7.7626	4.6953	4.4363	5.9109	4.1169	6.6581	6.2977	6.8725	4.2473	7.3781	4.4991	6.9919	6.4139	7.5077	7.7938	4.5576	4.5211	4.5248	5.9556	6.0469	7.638	6.6987	6.9375	7.5353
EA_G__TMEM45B	6.9318	4.8694	8.2607	4.0544	6.8897	4.1082	4.5358	8.2657	6.8742	4.5363	7.0629	8.1123	4.5414	4.0417	4.9594	3.8961	6.4895	5.7187	4.3127	4.1766	7.7764	4.7821	6.3274	8.0271	8.7181	6.6217	4.7421	4.5365	4.1764	8.6359	9.1021	8.3886	8.0495	8.7831	5.7404
EA_G__LAMB1	7.9713	8.3495	7.5613	8.178	7.7319	9.1946	8.0114	7.368	8.1479	9.7851	8.6398	8.0677	8.7155	7.9749	7.6611	10.0733	8.0096	5.3777	6.556	10.6895	6.1294	7.6222	6.0822	8.1012	5.867	9.4446	6.7632	8.4329	8.9308	8.3119	5.3253	8.4389	8.0109	4.8772	6.7571
EA_G__ARL4C	6.4043	8.6446	7.8979	8.6542	6.5207	8.5419	6.249	7.2395	5.713	6.9818	7.8644	8.1788	8.3581	8.8294	7.832	8.4905	6.8551	6.4925	7.0841	9.064	7.1587	7.769	6.7918	5.7117	6.6629	7.184	10.1983	7.1131	6.0957	7.0154	6.579	7.5063	5.9402	6.3704	6.6452
EA_G__TMC4	6.5461	7.9944	6.2488	6.0186	7.9932	7.4768	6.8929	8.9858	7.8696	7.7434	7.1081	8.0437	7.3004	6.301	9.6454	6.3986	8.2183	9.2347	8.4141	6.5111	9.0318	6.0146	8.9193	9.6407	8.511	6.7853	6.3755	8.8233	6.0398	8.8164	8.6888	8.9131	8.8138	7.8806	8.7088
EA_G__PLAUR	6.7309	7.8258	6.0771	8.4203	6.2934	9.2084	6.8231	5.7579	6.4228	5.9058	7.5242	7.2079	8.2427	6.86	7.5313	9.1235	6.3205	6.2248	6.007	6.8885	6.5361	9.49	5.3804	6.6653	6.2359	7.1679	8.7702	7.8366	7.568	6.2077	6.9525	7.3476	5.9986	6.1998	6.0948
EA_G__ZNF552	6.2846	5.0135	6.6113	5.7557	7.2646	5.9294	6.3298	7.3401	8.9754	5.1354	5.9876	6.7368	5.6621	6.2769	5.7796	5.5615	5.8853	5.7611	6.1936	4.8218	5.5589	5.4258	7.2799	7.4622	5.5762	6.7348	5.4915	6.2575	5.7401	8.0396	6.6779	6.4069	7.702	7.8214	5.5955
EA_G__AKT3	3.2222	7.2162	3.773	7.5447	3.1311	7.6527	3.2315	3.0579	2.8806	7.8016	3.9619	5.0257	6.1725	4.2506	3.4701	7.9436	3.0857	3.5124	3.3863	8.4968	4.1188	7.2533	4.1802	3.0785	3.6666	3.7047	3.2738	7.3988	4.088	4.44	2.7296	3.81	3.4691	5.0022	3.0935
EA_G__TMEM16A	7.2916	6.4055	9.4332	4.9702	5.3162	9.8919	8.7183	9.0278	8.6188	6.5456	7.9563	7.5129	6.7371	4.7918	5.8483	5.1414	5.324	5.5073	6.9861	5.098	7.6208	4.7971	8.0768	11.1144	7.8885	8.0278	5.0673	5.1832	5.1206	5.3765	8.6544	5.3902	7.2997	5.773	10.4323
EA_G__ISOC1	7.7312	7.7099	8.4881	7.1505	10.1811	6.8003	8.3692	7.8247	9.2481	8.0613	7.4609	7.7585	7.7394	6.4754	6.4981	7.13	9.3042	9.2846	9.3326	6.4466	7.818	8.0524	8.6912	8.875	8.4946	7.982	7.6054	7.2698	7.2342	8.2947	7.5257	7.1917	8.0935	7.8404	9.2017
EA_G__OCC-1	4.7657	6.4463	6.0232	7.9125	8.1939	7.9815	6.4479	7.0864	6.2162	7.7616	7.2971	4.7101	6.4958	7.6337	5.1407	8.9882	6.7867	6.4518	8.3745	8.6907	5.5728	7.9621	7.1268	6.1152	4.9518	5.6333	7.3574	7.0924	8.3571	7.0635	4.3091	5.966	6.2156	7.6201	4.414
EA_G__TACSTD2	9.3731	8.4011	7.8646	4.9233	7.8754	9.4373	6.4671	8.1558	8.4789	4.6365	8.695	8.9977	4.923	4.6642	11.008	4.4877	9.087	9.0993	5.3417	4.6093	9.0348	6.6849	8.5865	9.0008	8.5592	9.7614	4.9094	9.0425	5.0911	9.2428	9.5358	9.102	9.8601	9.4885	8.5365
EA_G__ATP7B	5.8567	5.7373	8.4859	5.5861	8.0376	6.1909	6.562	7.9776	9.3079	6.3782	5.2183	5.7551	5.9086	5.888	5.2875	4.8425	6.5883	6.4678	5.873	6.1273	7.1474	5.1534	9.4854	8.2401	5.8082	6.645	6.3643	5.7143	5.6434	6.7281	6.2771	6.1749	6.2514	9.3683	7.6427
EA_G__GALNT6	8.6602	8.9768	8.6345	4.7514	9.6093	7.1112	6.9446	9.8516	8.9842	5.5323	6.8487	9.23	7.851	4.671	8.141	5.0226	8.965	9.2303	9.3822	4.7392	9.425	5.2894	9.393	10.0229	9.2867	9.2247	4.9243	7.8977	5.0908	10.1047	9.6267	10.2162	8.6008	10.6343	9.5105
EA_G__GPR81	6.0516	3.5022	7.939	3.5141	6.9006	2.868	3.5631	8.6916	6.629	4.3242	6.9887	7.3637	3.5687	5.2175	4.6384	2.9743	7.6206	7.1395	6.8412	3.373	8.2863	4.1802	8.6643	7.4676	6.8526	6.064	3.7546	3.8905	2.7273	7.8144	4.8618	5.8669	6.462	5.8118	6.8539
EA_G__MLLT6	7.5689	7.9745	10.2659	7.2075	7.8921	7.3103	7.924	6.9293	7.4125	7.6523	7.1562	7.9772	7.9221	7.1573	7.9475	7.3379	7.5901	7.3045	7.6289	6.8315	7.8394	7.544	8.5385	7.1777	8.2068	8.0174	7.181	7.6071	7.4195	7.375	7.3583	7.2287	7.7259	8.7446	7.8067
EA_G__IMPA1	5.64	6.5029	6.7796	8.5002	7.0914	8.1413	6.4712	10.1349	7.6023	7.4605	7.4336	6.3577	7.343	9.2356	6.7086	8.7102	6.2201	6.475	7.7587	8.1433	6.6791	8.6678	6.847	6.3373	6.3375	5.9252	7.897	7.4781	8.082	6.392	7.3375	7.6818	7.4752	6.9355	7.3998
EA_G__HIG2	10.3182	7.6916	9.7982	7.1806	8.8925	6.8114	9.2443	8.9429	8.8777	8.7612	7.0476	9.728	7.6702	6.7164	7.1713	7.7054	9.4173	8.7386	7.9982	7.3557	9.539	7.2633	9.5566	8.4201	8.6189	9.6608	7.134	7.2611	7.6784	8.9239	8.0475	8.4674	9.1108	7.9012	8.5845
EA_G__GREB1	5.1994	4.9872	8.065	4.9192	8.3065	5.0069	4.9788	5.6605	10.3094	5.0213	5.124	4.9551	5.1207	5.0989	5.1942	4.9357	8.9837	8.8045	7.495	4.9269	5.5524	5.4587	10.088	5.7659	5.3925	5.4098	4.7723	5.3523	4.9276	4.9994	4.9946	7.1014	8.7221	8.5094	5.2315
EA_G__ATP2A3	10.1714	6.8072	10.4885	5.8486	6.8611	7.2042	6.2893	10.5171	6.5551	6.2867	6.3948	9.0422	5.9762	6.143	6.0371	5.8594	9.182	10.404	7.3743	7.3485	9.1894	5.9051	9.8146	8.7424	7.2988	9.8741	6.0386	6.5756	5.9371	10.2892	6.7498	7.2415	8.8388	8.334	8.8984
EA_G__CLIC3	8.1927	8.3041	6.5415	6.185	7.7296	6.0092	6.5107	10.2002	10.0641	6.4205	6.5692	8.2096	5.9382	5.5997	7.1404	5.8165	7.4794	7.7337	6.5956	5.9123	8.0755	5.9865	8.6685	6.9106	8.6884	8.286	6.2981	6.7925	6.6261	8.7999	7.3727	7.0178	9.8811	8.4713	7.4439
EA_G__RHOD	6.3205	9.3367	8.4884	5.5742	9.5478	5.9601	8.9794	9.6713	9.1259	8.1197	9.1846	8.733	8.065	7.6813	8.0761	6.3719	8.9545	8.7762	7.9949	6.3457	8.7998	7.5	8.5256	10.589	8.8677	6.6228	6.1711	8.7664	6.7042	8.4099	7.9751	9.6388	9.4683	9.594	8.2317
EA_G__ANXA1	3.6072	8.2376	4.0476	10.2017	3.5434	10.6675	5.6443	5.7747	3.241	9.4661	10.3797	5.1369	10.5083	10.031	11.0436	10.0326	3.448	3.7029	7.6301	10.0666	7.3355	9.9841	4.7581	8.4359	3.764	5.1137	11.0653	10.5969	9.902	8.9069	10.2567	8.2487	5.7561	3.9458	3.0291
EA_G__VIM	5.158	5.9012	5.9379	10.7977	5.4171	11.3817	8.0182	5.2627	5.1136	9.4485	5.5819	5.4915	9.8841	10.9289	7.2613	11.442	5.4061	5.6065	7.7675	11.8277	5.75	10.3946	5.2262	5.1511	5.8853	5.6673	11.8249	7.839	11.273	5.4748	5.4106	5.6659	5.91	6.5815	5.3475
EA_G__TOB1	9.0994	8.2733	10.3884	7.4602	9.6086	8.2488	7.4455	10.7407	10.9032	8.0535	7.6285	9.066	7.1435	8.0148	7.7478	5.8354	9.5153	10.1659	9.1038	7.4631	9.6678	6.2229	10.9348	8.9254	9.3315	8.7014	7.2404	7.3259	7.5716	9.1303	8.452	9.2129	9.9542	9.2213	10.3392
EA_G__C9orf127	6.0376	5.8018	6.4187	6.2762	6.8552	5.9154	6.6219	6.4232	6.2548	6.7088	6.2656	9.3532	6.3092	6.2466	7.7017	6.4998	6.651	6.4793	7.7449	6.446	7.3693	5.8992	7.6257	7.3927	7.5077	6.2648	6.3197	6.1399	6.0337	7.0987	6.7204	6.8046	6.6364	6.5821	7.4356
EA_G__ANXA9	6.7661	8.291	6.2682	4.8888	9.4956	5.0476	5.9137	8.2202	8.4838	6.7228	5.7918	6.7506	5.056	4.9114	7.3041	4.9863	9.2851	9.9914	8.5984	5.2292	8.5816	5.3425	8.1028	9.0798	8.036	7.942	5.0301	6.1862	5.2573	7.8449	6.669	8.2312	8.9961	8.5833	6.7036
EA_G__GBE1	7.5239	8.155	6.3966	8.5971	6.6869	7.4889	4.9943	7.5394	6.471	7.5278	7.1057	5.8657	7.6057	8.2961	6.5153	9.4952	6.8885	7.5212	7.8519	7.2937	6.8441	8.7027	6.8781	5.6533	7.102	7.1436	8.6559	8.4116	9.5431	6.0081	6.5628	6.1145	7.2027	7.5811	7.0531
EA_G__COTL1	7.0348	10.274	6.6603	8.8765	6.1352	8.5549	7.4247	6.565	7.2202	7.2821	9.2408	6.8316	9.2709	9.1656	9.3668	8.8264	7.2009	7.0144	6.3387	7.8644	6.9472	8.3797	6.4174	5.9237	7.2764	7.4072	7.7958	7.976	9.0746	6.9195	7.4659	7.2679	7.4007	7.0112	6.5166
EA_G__TNFSF10	5.7198	3.5621	6.1808	3.9131	4.191	3.5048	7.7882	7.5689	6.5684	3.5722	4.645	8.1757	5.2783	3.5772	9.709	3.725	3.7304	4.1417	6.1581	6.8426	5.5207	4.6852	7.0454	8.5212	6.1688	4.2662	3.6572	4.2944	3.437	7.5867	9.1214	7.7597	6.7804	6.5223	5.9878
EA_G__BCAM	8.5352	7.2259	9.581	6.2673	8.0224	7.1544	8.0057	10.324	8.5515	6.7296	7.6049	8.0228	7.377	7.7845	6.7104	7.3065	8.3757	8.9779	9.6798	6.5678	9.3828	6.643	10.3764	9.5041	8.8674	9.7229	6.3302	7.3465	6.1911	10.1589	9.4881	10.6832	9.4485	8.6028	9.8222
EA_G__CCDC125	6.9231	5.8437	8.2014	6.5806	7.5742	5.6801	6.3658	8.1674	7.8031	6.378	5.856	7.0037	6.4699	5.9728	6.3171	5.7122	6.9265	7.4992	7.8276	4.8539	7.4091	6.4407	7.3733	8.7571	6.9123	7.071	5.6281	5.3484	6.4832	8.3702	6.7762	6.4973	8.0046	8.2983	8.289
EA_G__PRKCDBP	4.9869	6.6066	4.8024	7.0079	4.9027	9.1517	5.7634	4.4053	4.6242	7.4982	8.314	5.4113	6.7699	7.3649	6.0356	8.2985	5.6818	5.3427	4.9622	7.9633	5.8675	8.1638	4.8741	6.2092	5.7995	5.1549	8.6926	7.6327	8.5386	4.9303	5.1614	4.9373	5.379	5.3021	5.1032
EA_G__LOC493869	4.5883	6.8253	6.5814	9.9093	3.4796	6.1974	8.7434	2.7338	6.9972	7.0989	7.0566	4.9328	8.408	8.8576	8.31	8.9892	6.3644	5.0232	6.2845	9.1317	6.159	8.3857	6.483	7.7228	4.5915	3.9953	9.3612	8.0153	9.2636	9.5856	8.1735	5.9401	8.3805	5.4012	4.2873
EA_G__MYL9	6.2808	8.1376	6.0403	9.0829	8.2787	8.8326	6.3362	6.7514	6.7845	8.7136	7.7516	6.4925	8.9906	9.4131	7.2959	9.2271	6.6307	6.5607	6.0219	9.6946	7.5745	8.2165	5.9337	7.4537	7.4393	7.2278	7.8784	7.6641	7.7727	6.9746	6.8768	6.5586	7.8883	7.8833	6.2851
EA_G__FXYD5	8.4722	10.1501	5.1452	10.3061	5.212	9.9677	7.5861	4.9676	5.8157	8.678	10.7836	7.316	9.7402	8.2865	10.1781	9.7392	5.3102	5.5668	5.4603	10.1368	5.6902	9.7893	5.2174	5.9207	8.6977	8.8892	7.4253	9.2964	9.4217	8.919	8.5269	5.7418	8.3542	7.2186	5.8579
EA_G__MAPT	5.1448	5.1469	6.9443	5.1979	8.0624	5.4416	6.2766	4.9614	9.0827	5.6293	5.3387	5.7802	6.5011	5.2449	5.3896	5.4343	7.0464	7.1596	8.4538	5.1361	6.1992	5.4871	5.6839	6.2724	6.3443	5.4325	5.4093	5.6854	5.1477	5.3825	6.9415	5.8018	5.8948	7.4277	7.6494
EA_G__KIAA1244	9.1807	7.1621	7.9794	4.7103	7.731	6.7773	5.926	9.7452	7.5222	5.2587	7.0398	9.4749	6.767	4.6396	7.3284	5.1369	8.4806	8.5158	8.9598	4.7583	9.0587	6.9271	9.3135	10.3382	9.7247	8.5838	6.5364	5.8571	5.421	9.2156	9.3295	10.1233	8.0033	9.1089	8.061
EA_G__FAM126A	4.5794	7.043	7.153	8.6294	6.0958	6.8821	7.6573	3.5746	4.3202	7.0721	8.1954	4.5708	7.4622	7.9965	6.1561	9.3766	5.7628	4.3029	2.9915	9.1447	5.9057	7.9583	6.4401	5.131	4.7284	4.2539	8.47	5.9557	9.0501	6.6312	5.0043	6.138	7.4823	6.8191	6.6976
EA_G__SYT7	7.8438	6.3065	9.013	5.624	7.1669	6.5406	9.135	6.5977	7.5207	7.5053	6.4084	7.5656	5.8712	5.0595	7.731	5.6967	7.7789	7.5346	9.5571	5.577	7.9565	5.5078	7.7687	8.2806	6.7126	7.8086	5.8711	5.7903	5.8368	8.2797	7.6034	7.7134	7.6941	7.9714	7.917
EA_G__DAB2	6.0574	6.362	4.4007	9.6669	4.0868	7.4827	6.3865	10.8663	10.103	5.6433	6.1758	4.7337	6.9188	7.4558	7.2915	9.8138	3.729	5.115	4.1987	9.5508	6.6207	7.8924	4.6273	8.6039	4.8335	6.3081	8.1656	5.948	8.5452	6.1107	7.4008	6.5954	4.5375	3.8524	6.5683
EA_G__LMX1B	7.0005	7.2729	9.3656	6.9439	7.6305	7.1723	6.8839	8.6262	8.5572	6.8858	6.9417	7.4215	6.8074	6.8958	7.5919	6.4544	7.7392	8.5642	7.4095	6.6147	8.2031	6.5912	8.4106	7.433	7.7919	6.7515	6.5205	6.695	6.3187	8.6843	7.5381	7.564	7.6533	7.8472	7.4231
EA_G__RNF152	6.6624	3.2702	7.0206	2.8881	5.6834	4.6579	5.0095	6.5905	5.7642	4.0942	4.144	6.3286	4.8239	3.7735	5.4662	5.6279	6.2533	6.3096	6.874	5.7009	6.4137	4.3942	7.0318	7.0813	7.0719	6.9863	4.2134	3.9706	4.5148	7.6012	7.6321	6.7821	6.4101	5.7235	7.0441
EA_G__GLT8D4	4.7151	6.1753	4.6364	8.5909	4.5511	6.4599	6.9925	5.3506	5.6089	8.3612	4.909	4.642	6.4971	7.7787	4.8082	7.0644	6.5883	5.5457	5.5823	6.3558	5.8193	6.3478	4.9884	4.4178	5.2385	5.3691	7.1987	7.6105	7.5528	5.0621	4.7053	5.652	5.7258	6.6445	4.8007
EA_G__CTNND2	8.1316	5.8497	7.5316	5.4046	7.6145	5.578	5.923	7.9285	5.2685	7.2004	5.5369	7.6463	5.6685	5.1254	5.7386	8.1424	7.963	7.877	7.7465	5.4372	7.0886	5.2979	8.3406	8.2045	7.5643	7.5688	5.3627	5.7529	5.5902	6.5579	5.7347	5.943	5.4129	7.3165	6.9607
EA_G__C20orf42	4.7787	6.7008	3.8664	6.0366	3.6472	7.5292	6.0665	3.3863	5.1534	6.995	8.7192	4.6405	6.635	6.317	5.5793	5.9733	3.838	3.8146	3.6969	3.6306	6.0091	7.1876	3.542	4.684	4.2703	3.8293	5.3947	7.4157	7.0976	4.1238	4.2218	3.7979	5.7945	4.0094	3.5256
EA_G__SYDE1	6.1369	6.3992	6.3616	8.4653	5.4574	8.3258	6.6153	5.8161	5.3023	6.2033	6.9579	6.1217	6.9318	8.2904	7.7112	8.9081	6.0991	6.2731	5.5612	8.7207	6.3382	8.9894	5.7382	5.0994	6.1707	6.551	8.0444	7.0048	8.2118	6.1916	5.8197	5.9689	6.0967	6.1051	6.3412
EA_G__SLC44A4	6.0217	5.1742	6.4575	5.1744	5.8406	5.1784	5.4359	5.2161	5.3873	5.2039	5.4683	9.9478	5.5018	5.1499	6.7549	5.1958	5.7664	5.7798	8.0796	5.3333	8.6219	5.4313	5.9026	11.0876	7.5139	7.3705	5.4841	5.7716	5.4328	11.6179	5.6014	6.6319	5.8825	6.0667	10.1028
EA_G__RASD1	6.1676	6.394	6.5453	6.0506	6.3027	6.267	6.6028	10.0301	6.0734	6.4639	6.9674	6.7778	6.2638	6.2943	6.5352	6.2211	7.3434	8.4994	6.6702	6.4789	8.4693	6.8716	6.6444	6.5733	7.3102	6.9225	6.3977	6.5661	6.4334	6.3495	7.9752	6.8529	6.3664	6.6657	6.5584
EA_G__MYLIP	7.7441	7.2374	7.7961	4.455	7.8443	5.524	7.4104	7.4993	9.1957	7.2494	6.5654	7.9226	6.8467	6.4026	7.0558	6.0263	7.3524	8.0793	7.5303	5.2059	8.449	6.7869	8.1069	7.8265	7.0391	7.6774	4.8163	7.2753	5.6734	7.6692	7.5201	6.3688	7.0329	5.6494	8.0057
EA_G__CUL4B	7.0274	8.4121	6.2287	9.3472	7.0256	8.1315	7.2752	7.6102	7.6919	7.0614	6.7863	7.2735	7.3667	10.0552	7.1003	7.8513	6.5622	7.0789	7.0753	8.6142	6.8373	7.2966	6.404	7.2378	6.5199	6.8767	7.1544	6.4288	6.9163	6.5287	6.3816	6.6166	6.3577	7.0476	7.0727
EA_G__REPS2	6.2241	6.9314	7.1806	4.5458	8.1946	6.6843	6.0354	8.4365	8.1252	6.6802	5.4402	7.2935	8.2511	4.7054	7.2418	5.2193	6.3946	6.8378	8.1829	4.8785	6.7219	5.5902	7.2359	9.1659	6.6638	6.8168	5.0851	6.4284	5.6297	5.5005	6.558	7.4447	7.3572	8.9063	6.1953
EA_G__TPD52L1	9.0262	9.1708	8.3592	6.2365	7.8629	7.9181	9.0282	8.5648	9.8594	7.6164	7.7196	8.4093	8.1532	5.9294	9.421	6.1162	9.7039	9.0037	8.9357	4.6259	7.8134	4.4767	9.4654	10.4202	7.0741	9.0714	4.5757	8.3261	6.5931	8.4985	9.6596	9.4114	8.3839	8.9009	7.5603
EA_G__EPB41L4A	4.8197	5.9817	7.0521	3.9585	5.7618	5.0865	4.4588	8.3309	7.5778	3.9447	4.723	7.9628	5.5236	3.7847	6.6248	4.0786	4.8247	4.7297	7.9019	3.733	7.1104	5.7975	7.6741	9.1353	8.1433	5.9446	3.8929	8.5043	4.0766	8.46	8.061	7.4104	6.8676	6.1666	5.3605
EA_G__SLC16A1	4.5175	8.7535	4.621	8.3945	6.9479	8.2121	6.7131	4.1803	6.0711	8.1756	8.6169	4.3803	8.5633	9.301	7.8102	8.2915	6.6982	6.3272	6.7496	8.5674	5.5971	4.2042	4.7554	9.2031	5.243	5.3943	8.0807	8.4519	8.8065	6.2744	5.3618	6.7559	5.7245	3.8845	5.3972
EA_G__CDC42EP3	7.1684	8.2816	6.4466	6.0591	5.2021	8.6114	5.8992	6.1762	6.0531	6.2691	8.2591	7.0087	7.4932	6.3863	6.5898	9.4579	5.4725	5.3958	6.2346	7.5972	6.5662	9.2612	6.0781	7.1779	5.7903	7.6114	6.5633	7.1839	7.8793	6.2241	7.028	8.4548	6.881	6.5467	5.3772
EA_G__RPS6KA5	8.0658	5.191	8.1655	5.2338	6.4882	7.1299	5.8809	7.1847	5.6692	4.724	4.4826	6.7649	4.6007	4.9486	5.3804	5.1103	5.8616	6.1026	6.8394	4.4464	6.0764	5.6492	6.3334	6.3431	6.7969	7.5541	5.1374	4.589	4.2275	7.5026	6.121	5.5336	6.9348	5.867	6.0061
EA_G__S100A3	5.3412	4.9353	4.3282	5.6023	4.3749	6.6335	6.9833	4.2712	4.0737	4.3869	5.8534	4.5809	6.6095	7.8016	4.8696	7.5816	4.6237	4.3372	4.3606	8.4498	4.8696	6.8913	4.202	4.152	5.2117	6.455	6.0566	6.3403	6.9666	4.1692	4.1719	4.8878	4.3484	4.3764	4.3595
EA_G__COL6A1	6.0794	6.43	6.468	7.7676	6.0711	9.0875	5.9974	5.8722	6.1268	8.5582	7.8176	6.3333	6.5532	10.1632	6.3377	11.1987	6.6858	6.6419	6.122	11.506	7.7945	7.2708	6.5551	5.9473	7.0464	6.3821	8.3978	8.1566	7.3378	6.2869	7.2379	6.8732	6.525	6.6154	6.361
EA_G__DDAH1	8.0848	8.152	6.8764	8.5481	6.7475	7.913	5.1987	7.6645	7.6054	7.5138	6.8342	7.9016	7.528	8.1061	7.6799	9.8182	6.4586	7.2951	8.4799	7.6619	7.2348	10.0483	7.3886	8.5508	7.5272	8.303	7.6419	6.6042	8.2063	8.1604	7.7275	8.0472	7.3595	7.8989	7.4722
EA_G__GLIPR1	3.7756	3.3277	3.4702	8.225	3.4968	6.1064	6.1439	3.3575	3.7556	4.2416	6.6397	3.5767	6.5325	8.5465	4.8932	8.9965	3.6517	3.3135	2.8019	7.2825	5.5198	6.9605	3.1331	5.5399	3.7158	3.6556	7.0461	6.3423	9.0025	3.6353	4.0555	3.3701	4.2331	3.4115	3.1647
EA_G__MIPEP	6.7835	7.1329	8.3486	7.9982	7.4577	7.0585	6.8196	9.1829	6.9938	7.2814	6.5371	7.4639	7.5026	7.2798	6.5412	6.6633	6.846	7.1347	6.5897	6.2694	7.3512	6.953	9.0417	7.2708	7.9343	7.1788	7.671	8.1321	7.2004	6.8241	7.5816	6.9328	7.2435	7.6996	7.7388
EA_G__ABCC4	7.9015	4.1881	5.887	7.9337	4.8344	7.9145	4.1608	4.2718	3.7883	7.984	6.0505	4.194	6.9176	7.1819	4.3603	7.2826	6.884	5.8639	4.3607	8.2748	5.4801	6.8775	5.2767	6.6107	4.9413	5.1307	6.5936	6.4059	7.3103	6.1696	4.4039	4.3086	4.4926	5.0538	4.9592
EA_G__RAB25	10.4334	10.1003	9.9079	3.8607	10.7159	9.6031	10.1822	9.7437	9.4452	6.1522	9.1054	10.1648	9.5767	3.8849	10.5599	3.9126	10.2002	10.0905	9.4475	3.7434	11.0147	4.0552	9.3272	9.9948	9.7709	10.1201	4.0278	9.2791	4.5403	10.7285	10.0699	10.2789	10.6313	10.6547	10.5913
EA_G__PLS3	8.5034	10.6252	5.8148	10.2417	6.775	10.178	8.0677	8.9161	8.5303	8.6841	9.4534	9.0918	10.7811	10.4548	9.9395	9.3095	7.2571	2.9423	2.9913	8.6509	6.9315	9.6195	7.9502	9.2696	7.3506	8.6755	9.637	8.4954	9.0071	6.3094	7.9355	8.0676	7.7958	3.0837	7.5616
EA_G__ABAT	5.4464	7.4779	8.575	5.3302	9.2967	5.496	5.4262	7.6306	10.8312	5.688	5.6851	5.2465	5.5203	5.3154	5.3766	4.9875	9.1146	8.6121	7.7509	5.7589	7.5396	5.0792	10.0971	8.0442	7.7377	5.8369	5.7817	5.8305	5.4758	6.1131	5.8015	7.1274	7.9643	9.9256	7.7029
EA_G__PAK1	5.7876	7.5725	6.1028	7.2208	5.7292	6.8378	6.3034	4.2157	6.4608	7.7411	8.7149	6.1986	7.7684	7.6308	7.6557	7.5158	4.6218	6.0492	11.1391	7.7746	7.3823	7.5296	6.4291	6.8502	6.2824	5.2566	5.7809	7.3487	7.6047	7.2088	7.9232	9.3218	7.9048	7.2703	6.7669
EA_G__MPP2	6.2134	6.0063	5.3463	6.776	6.3588	6.5849	5.6217	4.9561	8.105	6.8007	6.2796	5.5303	5.8452	7.423	6.4743	6.5471	6.62	6.5894	8.2721	6.6649	6.0583	6.5197	5.5904	5.3955	6.0175	5.7428	5.9556	5.4923	5.7716	5.8514	5.6234	7.7935	6.9553	7.2392	5.8677
EA_G__GABRA3	7.195	7.4992	3.5926	4.0153	3.9212	3.5361	3.5182	3.0698	7.5554	3.5344	5.5103	6.679	7.4329	3.515	4.5329	6.819	3.8283	3.9856	3.8184	5.4322	9.5611	7.2023	3.9977	5.971	4.458	6.5951	7.6812	3.8109	6.4307	10.7726	7.0942	7.363	4.8882	3.7147	5.777
EA_G__AKR1B1	6.0548	11.1521	4.8622	8.2157	4.4619	4.565	6.3662	4.6497	6.9879	7.0157	8.1308	4.7671	8.4129	9.049	9.0045	9.0431	5.1215	5.0227	4.6497	8.4728	6.866	8.1635	4.946	6.5897	5.4319	5.2901	8.4605	9.627	10.232	4.7564	4.8857	5.1681	5.0863	4.8373	4.9029
EA_G__EDIL3	4.4678	4.1222	4.2003	10.3398	3.9199	7.7527	10.7627	4.1415	6.574	4.1486	5.3387	4.3808	6.4883	10.5374	4.466	10.2267	4.3709	4.7425	3.968	9.6383	4.9919	9.9608	3.9369	3.9483	4.4458	4.7088	7.9988	6.332	7.8969	4.3348	4.5551	4.1115	4.1293	3.8469	4.2709
EA_G__MET	8.4888	9.8576	6.907	8.3625	3.2377	9.2522	5.3249	3.2698	6.3495	6.1792	8.7101	6.3674	8.9764	6.0304	8.9068	9.9443	6.8639	7.1523	4.6219	7.3588	5.4183	9.002	7.5613	6.2826	3.9662	7.0874	9.5923	8.4591	9.0204	5.2276	7.3053	6.7738	4.1065	3.6661	5.8882
EA_G__MAML2	6.667	7.8134	4.6254	7.6742	3.8292	7.95	6.2085	3.5172	3.7807	8.8662	6.2387	8.6942	7.8364	7.5118	8.6885	7.9423	4.9397	5.5006	3.9579	7.8878	6.8965	6.8569	5.7608	3.7884	4.3487	6.4097	6.6754	7.3799	7.2715	6.203	5.7587	4.7606	6.1689	4.2942	5.1283
EA_G__QPRT	9.6019	9.5325	8.9451	6.9316	8.0386	5.7749	6.3975	9.5699	7.932	8.8023	6.6334	9.5354	8.7244	8.0401	10.1308	7.2664	9.5191	9.4338	8.7666	9.1491	8.806	6.3479	10.1789	9.9551	7.9166	9.1913	6.0334	6.343	6.3583	8.9326	8.3707	8.5354	9.3878	9.4065	9.4188
EA_G__TCEA3	5.9539	5.5222	6.0256	5.0487	8.8314	5.0673	5.5704	8.0815	7.159	8.4022	5.5647	5.1551	5.0747	5.9317	8.4357	5.064	6.9062	6.2141	6.8153	5.6284	7.255	6.534	6.4577	8.4136	7.6133	5.6212	5.6072	5.5857	5.4579	6.1439	8.918	8.5451	7.826	7.9185	9.0069
EA_G__GRB7	10.9211	8.0083	11.1297	6.2075	7.1224	7.4261	7.5684	11.6802	7.283	9.436	7.1132	8.4244	7.8473	5.9178	8.1182	6.2106	7.3692	7.4325	7.641	5.5442	8.1737	6.1796	9.8138	7.8417	8.799	10.5391	7.3985	7.0859	6.2713	7.9055	12.3691	8.1468	7.4714	10.6486	7.7878
EA_G__GSTT1	4.6299	4.8137	8.0168	7.6019	8.4776	4.7123	4.377	8.8024	4.5306	4.5116	4.9129	7.3671	7.6961	7.5309	4.753	6.9702	6.5317	7.7158	4.9566	6.9876	7.636	4.0882	8.3665	7.6046	8.6851	6.5673	5.1682	7.0605	6.4598	7.5391	7.2578	4.7409	4.6702	7.7072	9.7679
EA_G__COPS8	7.6287	8.5364	7.7598	8.5485	7.7398	7.6158	7.3489	8.003	8.2763	8.0118	7.6235	7.4184	8.1777	8.985	7.7039	8.5295	7.9888	7.9185	8.7738	8.5887	7.4272	8.2657	7.9461	7.522	6.7061	7.357	8.175	8.882	8.7343	7.6282	7.8201	7.8232	7.7211	7.7819	7.7286
EA_G__C20orf54	7.0549	7.58	8.7599	4.561	7.0352	7.1855	6.3617	7.3675	5.81	5.7621	7.1471	8.6817	6.6259	4.5418	9.0217	4.4105	5.525	5.5658	7.5515	4.7941	9.2928	5.1877	8.0301	7.9836	7.323	7.5251	5.0305	5.8399	4.8263	8.2048	7.281	7.4639	8.2019	7.7561	8.9315
EA_G__GHR	3.4555	3.1078	7.0331	3.2946	8.2991	3.6146	7.3657	6.2015	6.8667	4.7513	3.453	4.0767	2.9606	3.0266	4.2527	5.2987	4.6304	7.0062	5.5601	7.6029	6.6707	3.0519	5.8397	7.612	7.7942	3.5592	3.7344	3.2773	3.4318	6.1368	3.7827	5.217	7.7204	4.3278	5.4494
