Cell lines	600MPE	AU565	BT474	BT483	BT549	CAMA1	HBL100	HCC1143	HCC1187	HCC1395	HCC1419	HCC1428	HCC1569	HCC1806	HCC1937	HCC1954	HCC202	HCC2185	HCC3153	HCC38	HCC70	HS578T	LY2	MCF7	MDAMB134VI	MDAMB157	MDAMB175VII	MDAMB231	MDAMB361	MDAMB415	MDAMB436	MDAMB453	MDAMB468	SKBR3	SUM1315MO2	SUM149PT	SUM159PT	SUM185PE	SUM52PE	T47D	UACC812	UACC893	ZR751	ZR75B
Response	-1	1	-1	1	1	1	1	-1	1	1	-1	-1	-1	1	-1	-1	1	-1	-1	1	1	1	1	1	1	1	-1	1	1	1	1	1	1	1	1	1	1	1	1	-1	-1	1	-1	1
EA_G__KRT15	6.6447	7.3006	7.5904	10.0685	4.6526	4.7242	4.613	8.7603	5.3217	4.7074	11.2798	6.6491	8.6675	6.5006	10.2787	11.5355	5.2958	6.6294	9.1835	4.323	7.0635	4.5703	5.6076	5.4125	5.1034	4.2498	8.0252	4.9823	5.8626	6.1464	4.2547	4.569	6.7887	6.5217	4.726	6.2376	4.6378	7.824	5.7526	6.9139	5.7426	7.3525	4.8536	7.2027
EA_G__NPAL2	6.9008	5.9027	6.3489	6.9902	4.937	4.6577	3.3981	5.4937	6.2101	3.9815	8.9241	8.0853	6.4543	4.0973	7.2119	6.8325	7.3829	7.1773	6.7199	5.7675	6.141	6.516	7.0963	6.8102	4.6957	6.6986	7.2536	6.4927	6.9277	6.313	4.8701	5.4176	6.0651	5.8846	5.0348	6.7427	5.276	5.5001	6.5493	6.7587	7.214	6.6721	6.7578	6.4154
EA_G__MLLT11	8.007	6.2008	5.7109	6.3736	8.5988	6.3349	7.4033	5.8992	6.8591	6.23	6.483	6.4591	6.2006	8.6925	5.9117	5.5161	7.3871	5.3775	5.7241	9.0878	6.1603	7.701	6.562	7.0744	8.2785	9.0157	6.1221	6.7845	8.4846	7.7671	8.6984	7.8246	6.7332	5.9092	7.6861	6.9994	8.4946	5.9528	6.7688	7.357	6.6726	7.6247	6.1401	5.5694
EA_G__KRT23	9.6844	6.71	4.1386	8.425	3.63	3.6053	3.3917	6.9669	3.8549	3.5091	3.9312	4.4876	9.4953	4.3026	8.6489	8.5774	4.8774	7.5157	6.7166	3.6214	9.4504	3.4724	4.0244	4.2074	4.4201	3.2977	6.7056	3.5147	3.6071	4.4773	3.6244	5.3331	9.6482	5.8319	3.6117	5.6051	3.61	8.5478	7.5049	9.525	7.3896	3.6491	3.9554	3.8349
EA_G__MPP7	8.0834	7.201	7.6254	7.7941	3.5809	7.1178	5.6788	6.0094	6.4583	3.9626	7.6765	8.069	7.0109	4.702	6.5822	6.5066	7.1208	8.1318	6.4942	4.974	6.8515	4.1343	6.835	7.312	7.3818	3.4258	7.7846	4.8621	7.4319	7.8872	4.733	4.7048	7.0416	6.7447	3.9781	5.7979	4.8244	7.7533	5.708	8.7197	7.3438	7.8291	7.4885	6.8702
EA_G__MAP1B	4.0691	4.1506	4.4828	4.4376	7.3859	4.0451	7.5013	7.1683	6.6007	8.4876	3.7581	4.3324	4.8655	5.0727	5.2252	5.1172	6.0937	4.0538	6.0101	7.7143	6.2577	8.7705	4.4155	5.0935	5.1036	7.836	4.0668	7.159	4.158	5.8074	7.4831	4.7968	5.1698	4.2089	8.0577	4.7129	8.5112	8.6027	4.2357	4.0326	4.3419	7.2641	4.0378	4.0619
EA_G__LIPH	8.4661	7.5135	8.2321	6.8172	3.6755	7.9496	4.4041	6.4182	3.6525	4.0753	9.3901	7.1827	3.6134	6.0356	8.0156	8.1393	7.5188	7.5421	6.9907	4.983	7.9823	3.51	5.738	6.1944	6.2969	3.7329	8.8815	6.2542	7.8334	9.0871	3.646	5.0663	6.4183	7.6077	4.2029	4.7425	3.8212	5.1787	8.8942	8.1795	7.7175	8.1537	7.6	5.5122
EA_G__CHMP4C	6.9565	7.0253	7.5918	7.4754	4.8844	7.1787	4.9775	7.8679	6.6028	4.4485	10.317	7.7176	6.0677	6.7877	7.5568	7.223	7.8252	7.8167	7.6065	7.0129	7.5536	4.1153	7.291	7.4487	7.2768	4.752	7.1539	6.6016	6.743	7.0289	5.7798	7.3943	6.9935	6.9426	4.4597	7.4901	5.7615	7.3185	7.1496	7.4523	7.0903	6.3365	7.0563	7.0406
EA_G__CHAC1	6.4402	6.8948	6.8373	6.0799	7.8801	8.0356	6.779	7.3749	7.5149	7.6317	7.4711	6.3025	6.3981	7.9541	7.0921	6.7527	7.6918	6.156	6.4615	6.6071	8.4346	7.2855	8.1311	8.0203	6.3289	7.28	7.068	7.5078	6.4666	7.1311	7.9951	7.937	8.6301	6.8757	9.1523	7.1693	6.6026	10.1926	5.765	6.5656	7.071	8.3474	6.0084	5.5164
EA_G__LOXL1	8.8376	7.4349	7.7773	7.7061	9.0295	7.7618	8.9224	7.752	10.6471	8.9133	7.4156	7.31	8.0085	7.5414	7.4587	7.4168	7.5779	7.5758	7.4601	8.8739	7.7037	9.9236	7.5935	7.9409	8.9285	9.9529	7.5511	8.058	8.253	8.0283	8.3031	8.322	7.0696	7.6632	9.634	9.1346	8.9559	8.8333	8.7906	7.5289	7.9717	7.6656	8.0361	7.5038
EA_G__HMOX1	6.6282	7.6033	6.4604	7.3781	10.3403	7.8006	7.4373	7.4218	9.441	8.9858	6.3006	6.8771	7.4095	7.0947	6.6083	6.9832	7.1866	7.9572	7.1287	7.5388	7.7313	8.0817	6.7644	6.9032	7.2963	7.0065	7.1569	6.823	6.9709	7.2995	9.4213	6.9214	8.2259	7.8251	10.9474	7.5801	9.7875	6.8201	6.622	6.6301	6.6336	6.8436	7.2665	8.529
EA_G__PLTP	5.0073	8.5711	5.2791	5.2349	10.3023	5.2284	7.8471	4.7825	8.4926	6.2465	5.1712	4.9001	5.0077	9.6842	6.7248	4.9769	5.2512	5.1362	5.2193	8.4584	7.8778	7.0504	5.3973	5.4912	5.1136	5.7376	5.922	5.4134	5.2568	5.2596	8.3295	6.0475	4.8866	9.1856	5.2902	6.5947	5.3555	5.1643	5.5689	5.832	5.2921	5.1624	5.1842	5.1372
EA_G__TMEM16A	5.2908	7.2916	9.4332	8.3635	4.9702	5.3162	4.9749	9.8919	8.7183	5.2833	9.0278	8.6188	6.5456	7.9563	8.5709	7.4917	7.0008	7.5129	6.7371	4.7918	5.8483	5.1414	5.324	5.5073	6.9861	5.098	7.6208	4.7971	8.0768	11.1144	4.6176	7.8885	6.907	8.0278	5.0673	5.1832	5.1206	5.3765	5.3902	7.2997	5.773	7.4956	10.4323	8.705
EA_G__CCL28	6.3841	4.5541	4.4882	5.5135	3.9286	3.9476	5.7813	6.9018	5.03	3.7831	6.3095	9.8222	4.2333	6.598	6.3216	7.205	7.008	7.8981	4.3006	3.8536	8.3271	3.7685	4.202	5.9563	4.2058	3.8438	4.8442	5.0595	3.9539	6.7971	3.9413	6.9669	6.5128	4.5795	3.7521	4.022	3.8049	4.1642	5.9627	6.8893	7.1737	6.1808	4.6225	4.278
EA_G__IRF6	9.1696	8.0282	8.1633	10.1843	3.8128	9.1797	5.2981	10.0554	6.7037	4.5638	8.2055	9.4594	8.5462	9.872	9.6737	8.8168	8.5601	8.441	8.7425	4.26	8.7031	4.1966	7.1606	7.4177	8.6837	4.2715	8.9155	4.6084	8.7099	9.4025	4.2265	8.2687	7.1182	8.274	4.6999	8.2688	5.0442	8.089	9.079	8.3038	7.8424	8.5611	9.1979	8.3068
EA_G__MPZL2	7.3719	8.6176	7.2143	7.3076	4.2879	4.419	5.9611	7.7694	6.6724	3.5131	7.6984	8.0349	8.2702	9.4412	8.84	9.0008	7.4943	9.3383	8.5485	4.4397	8.184	3.998	8.2389	8.139	4.93	3.2662	9.3087	5.9442	7.1773	7.9779	3.6367	7.2399	7.7566	9.0231	3.7817	8.534	3.5483	7.5277	8.5938	8.7982	8.025	8.5613	6.9311	6.4377
EA_G__C20orf54	7.8454	7.0549	8.7599	8.2466	4.561	7.0352	4.9848	7.1855	6.3617	4.0836	7.3675	5.81	5.7621	7.1471	7.8136	6.9528	7.1588	8.6817	6.6259	4.5418	9.0217	4.4105	5.525	5.5658	7.5515	4.7941	9.2928	5.1877	8.0301	7.9836	4.8258	7.323	6.982	7.5251	5.0305	5.8399	4.8263	8.2048	7.4639	8.2019	7.7561	7.4981	8.9315	7.757
EA_G__TGFA	6.3629	5.5145	6.1973	5.791	5.3757	5.4324	5.5428	8.1416	6.3221	4.9146	6.4146	7.4134	5.2882	8.9068	8.1292	7.6788	5.1958	7.2032	7.1936	5.1957	7.2558	5.0225	5.8052	5.81	6.5098	5.1393	6.0162	6.7124	6.3208	5.4841	6.5223	5.7603	6.866	5.7866	5.3489	6.6355	5.6539	6.6669	6.6719	6.4806	6.862	6.2334	6.463	6.1656
EA_G__VTCN1	8.5548	8.4065	7.5452	6.2201	3.5205	8.5954	3.7821	6.5572	6.2389	3.9224	8.7124	8.4635	8.9774	3.9249	6.5605	7.6681	8.428	8.5877	7.1076	3.96	9.0505	3.5167	5.94	6.4774	5.1673	3.6512	7.8442	3.599	7.2457	8.9107	3.7255	5.6222	9.044	9.5899	4.0347	5.0407	3.5754	7.0528	4.6838	7.9421	4.3324	6.3741	8.6651	8.5439
EA_G__ADAMTS2	6.1291	6.4219	6.2602	6.0553	7.6736	6.1679	6.8899	6.1605	6.2747	7.8228	5.8276	6.0975	6.1593	6.3934	5.9939	6.1867	6.1105	6.3238	6.2655	7.1276	6.3853	9.24	6.3816	6.4391	6.064	10.5608	6.2993	6.1669	6.0913	5.8184	7.2758	6.9592	5.8207	6.5254	6.4858	6.4164	7.2845	6.2169	6.6946	6.26	6.1651	6.1677	6.1176	6.2255
EA_G__KREMEN1	6.5585	6.9751	8.046	7.4854	6.2366	6.3047	7.0071	7.6357	6.6143	7.7238	9.2185	7.0632	7.6468	7.082	6.9969	6.8058	7.631	7.5835	6.7676	6.5842	5.4202	6.1612	7.2185	6.9237	7.4166	7.088	8.303	6.2457	9.67	7.3885	5.957	7.2974	6.3222	6.9629	6.9396	6.5568	6.1826	7.9062	7.3377	8.1413	8.4315	7.6513	8.2097	7.8019
EA_G__CD70	5.751	6.095	5.9264	5.9891	9.2873	5.8165	8.6229	5.635	6.0109	6.1717	5.5472	5.7894	5.9084	6.3698	7.5095	5.9854	6.4595	6.0164	6.57	7.3889	6.1514	7.0363	6.5176	6.2921	6.1646	7.9037	6.093	5.8775	5.838	5.6141	7.0739	6.8988	6.031	6.4766	8.247	7.4493	6.1209	6.271	6.5134	5.7678	6.0505	5.9258	6.2478	6.0144
EA_G__SPG20	6.4757	5.0461	3.5577	5.1113	7.816	5.6194	6.0121	5.5456	6.6799	7.0237	4.4108	4.0133	5.9425	7.2958	3.4923	3.9953	5.6525	3.519	5.1023	6.697	5.8755	6.5782	3.5495	5.1681	4.2738	5.3775	4.8571	6.4802	3.8283	3.2704	7.1908	3.8675	3.4602	5.2663	7.3736	6.6888	6.3502	6.0086	4.7567	4.7806	5.011	5.1621	4.7522	4.8467
EA_G__NAV1	7.4175	8.9354	5.4838	5.7925	7.8052	5.1032	7.2041	5.0575	7.9118	7.629	4.8157	4.8473	5.8443	6.4689	7.4442	6.9431	5.6569	7.9222	7.0711	8.0474	8.2228	8.6572	5.6577	5.8182	8.033	8.6836	6.9589	6.4817	6.5266	6.955	6.9507	6.2838	7.576	8.7193	8.8574	7.5636	8.4718	6.3187	6.2935	5.239	5.7713	5.9253	5.7746	5.8825
EA_G__PCOLCE	6.7534	6.7128	6.712	7.2308	6.7364	7.4607	9.2394	6.9746	7.6908	10.842	6.4453	6.5451	7.4562	6.8707	6.4979	6.2802	7.4487	7.2003	6.3125	6.7406	7.4144	10.6903	7.7289	7.314	6.9391	11.8645	7.3984	6.8586	6.6072	6.1781	8.4094	7.129	6.5356	7.0203	7.1821	7.4437	8.8205	6.6901	7.396	6.5972	6.7696	6.9162	7.103	7.3112
EA_G__FBN1	4.0325	4.4696	4.3114	3.7441	9.1291	4.5158	7.4772	3.9745	4.8806	9.1111	3.8068	3.7206	3.7491	5.0767	5.1934	3.7998	4.1794	3.9682	4.7343	7.9714	4.2928	10.7199	4.1196	4.204	4.1752	8.9657	5.9105	7.4142	3.7385	3.8478	7.4946	4.9919	3.7862	5.3032	8.5241	4.622	7.1987	4.0836	4.4269	4.0175	4.0932	4.1633	4.4051	4.1226
EA_G__CTSH	9.1657	7.8295	8.0322	8.7116	8.5869	5.5315	6.7076	8.4511	8.0863	6.4945	9.7603	8.0625	9.3242	8.5953	8.9432	9.5252	8.6171	8.341	8.4416	7.2664	9.9204	5.6387	8.4003	8.9769	7.4055	7.5765	8.5307	7.2789	6.8818	8.5445	4.4925	6.6818	9.7643	8.1243	8.5227	8.5039	5.5465	5.5571	8.151	8.5519	8.9272	10.1629	8.1753	7.6677
EA_G__TFAP2C	8.4653	10.5778	10.7608	10.6184	7.8386	9.2186	7.3581	9.3715	8.6474	8.6443	10.4105	10.6646	9.1427	7.5203	8.1918	9.9949	8.3308	9.229	8.6087	7.8509	8.6552	6.3748	9.5426	9.962	8.8983	9.3239	9.4242	7.7802	9.0826	7.7759	8.7367	8.0262	9.6231	10.7448	4.2527	8.6018	6.8846	9.3288	9.3561	9.5701	9.9779	9.4766	8.6696	9.141
EA_G__ORAOV1	8.2313	6.4744	7.8938	7.219	6.7332	8.1568	6.6245	9.6947	7.2866	7.9577	7.3624	7.1782	7.0665	7.3266	7.6739	9.2426	6.8291	6.9966	7.0467	6.8871	5.9478	6.6288	7.3092	6.799	9.6775	6.6838	8.0037	7.4794	7.8636	9.6344	6.3117	6.2121	7.1063	6.4221	6.4126	6.9603	6.91	6.4525	6.6058	7.1829	6.6734	6.8374	7.3147	7.9994
EA_G__ANPEP	6.8343	5.9528	5.4461	5.4878	11.5006	5.3386	7.6388	5.215	7.8921	6.1665	5.1413	5.3679	5.2457	5.8735	9.4036	5.5622	5.7574	5.5417	5.4591	8.0727	6.9193	9.248	5.723	5.6553	5.3523	9.2404	5.4979	5.2504	5.238	5.586	10.8271	5.9814	9.9961	6.0553	12.6822	11.1296	11.0415	5.504	5.5284	5.6926	6.1733	6.3325	5.347	5.2839
EA_G__ERBB2	9.7997	12.3532	12.3566	10.2935	7.7806	9.1247	7.8804	7.7491	8.9829	7.1261	12.6526	8.5876	11.3467	7.4832	7.6512	12.3708	12.1521	10.2349	8.7512	8.1322	8.6875	7.0841	8.5271	8.7417	8.307	7.9542	9.8661	7.3805	11.4924	9.0715	7.2558	10.6304	8.1444	12.0992	8.1194	7.4859	7.6326	8.7176	8.6454	9.1608	12.2493	12.3737	10.0611	9.751
EA_G__ORMDL3	8.742	9.4661	11.4831	8.9199	7.3014	8.1979	7.672	6.6416	7.9055	7.2593	8.4602	8.1771	7.8021	7.2506	8.1827	12.4038	8.1391	8.7695	8.0969	8.429	7.8199	7.3423	7.8046	7.8203	9.0599	7.7325	8.5764	7.4686	7.6291	8.4639	7.2511	8.7947	7.5371	9.477	6.7234	6.7856	7.2867	7.9185	8.0333	8.8896	10.8822	12.4916	9.0178	8.2547
EA_G__7A5	10.3607	8.9896	8.3314	9.0219	3.2606	7.2942	3.6041	7.6597	5.6095	3.7134	9.2592	6.5231	3.7622	8.2988	8.3687	9.8414	9.9699	8.9054	8.2759	4.0236	9.6757	3.4441	6.8545	7.4974	5.2953	3.1486	9.6105	4.0122	7.6718	8.5499	3.7539	7.1	8.027	8.7273	3.9994	6.9247	3.9668	7.1495	7.0569	8.1383	9.6843	9.369	7.3096	9.2036
EA_G__TMEM40	7.2854	7.4334	5.7782	7.8476	5.2513	5.2131	6.6751	7.5406	6.6415	5.0773	6.6767	7.0888	5.194	7.6131	8.3898	8.0411	6.4523	7.7376	8.3524	4.9283	7.4664	4.9958	6.1124	5.4015	6.3516	5.0811	8.6503	5.1149	6.7885	5.7731	7.6318	5.6452	6.9034	8.0187	5.178	5.4182	5.0215	8.4149	8.5111	7.7856	6.1424	6.3804	6.5906	5.847
EA_G__CALB2	8.0751	4.3682	4.991	7.6983	4.5283	4.2529	5.2906	6.6151	6.014	5.4987	4.9633	6.5905	9.8532	6.3751	6.9999	9.7141	4.72	6.0323	9.3111	5.3211	9.8956	4.8503	4.3033	4.8289	4.4451	4.5107	8.4755	5.5838	4.4435	4.3592	6.6555	5.5252	4.3736	5.0455	5.3978	5.355	4.3414	6.2369	4.9478	4.5061	5.5055	9.9995	4.6117	4.5077
EA_G__CHDH	8.1747	5.7765	8.0397	6.7069	5.5535	7.8047	6.1859	7.3454	7.4832	6.7226	5.4023	7.3578	8.4609	5.9458	6.8987	6.2812	7.5206	7.2342	6.9515	6.0461	7.5888	5.1343	7.4567	6.7619	6.0203	5.6341	8.1154	5.4675	8.361	7.9733	6.5292	7.7363	6.8733	5.5396	6.7458	6.3557	5.3534	5.9997	5.8103	7.2057	7.6034	7.6775	7.8407	7.3754
EA_G__SGK3	5.7648	5.5345	7.7462	7.3721	5.8386	6.7755	4.7772	6.8608	6.8632	3.7862	7.6689	8.075	6.2488	6.7499	6.9819	6.0813	4.8688	8.1469	6.143	5.6877	6.0123	6.4531	5.643	7.2611	7.2405	5.2273	6.546	6.6847	8.3658	5.6821	5.2706	4.6227	6.405	6.2563	6.8148	5.3602	6.0481	6.2606	6.007	7.5886	6.1775	4.1912	5.8094	5.8588
EA_G__ST6GAL1	7.1627	7.7394	6.0727	5.7592	4.9826	5.8866	4.836	5.2929	4.8651	4.3675	7.1704	4.4732	6.6134	4.3999	5.6027	6.9928	6.392	6.3251	5.7577	4.7896	6.3255	4.7526	5.2073	4.6559	4.3331	4.6197	6.3901	4.8325	5.7496	8.8885	5.2717	5.4107	6.5059	6.5704	5.1495	6.8937	4.9485	5.7285	6.9642	6.9889	6.987	8.8146	7.0116	5.2249
EA_G__S100P	11.3731	10.1247	7.2864	5.4932	5.7465	5.557	5.5822	6.9423	5.8348	5.7318	9.1996	5.8917	6.7804	6.0665	7.9226	7.2762	6.5167	9.8817	8.8998	5.1913	7.8569	5.8489	7.6831	6.3119	5.3577	5.5392	9.0019	6.1748	6.4696	7.9889	5.4397	5.8328	7.65	9.015	5.4877	8.6915	5.2488	9.6301	9.2091	7.4099	6.8574	8.529	7.2725	9.0204
EA_G__KRT13	6.9552	7.2847	6.1001	10.33	5.8539	5.749	6.0119	6.2374	5.8131	5.8504	5.8338	8.2877	5.8424	10.3909	10.2844	6.4656	5.9006	5.958	5.8992	5.5661	5.9554	5.8534	6.201	6.0885	5.618	5.3836	6.2938	5.7852	5.6344	5.7481	5.8919	6.6622	5.8605	7.0171	5.947	6.2364	5.6979	5.7858	6.0699	7.0802	6.0486	6.0406	5.977	5.6948
EA_G__EMP3	5.322	5.0197	5.1681	6.3225	10.1699	5.5899	9.5225	8.0838	4.9953	9.7662	4.5906	5.1911	4.8669	6.8768	6.8134	5.197	5.3824	6.0581	5.5938	9.5156	5.8185	11.0961	5.6683	5.9556	5.3945	9.489	5.4398	9.6866	4.9836	5.1674	9.0077	6.1817	5.0252	5.9198	9.6902	8.0509	9.8346	6.533	5.8618	5.9019	5.7597	5.6629	5.2845	5.4276
EA_G__IL17RB	8.2164	4.8068	7.7176	6.163	4.8811	7.9169	5.5076	7.6651	7.2527	6.0732	4.3759	10.5956	8.2299	5.2855	6.8549	5.1317	7.7709	6.0263	6.4415	5.6218	7.2592	4.4307	7.1498	5.9822	5.6592	4.4381	7.6382	4.1731	9.1388	8.6897	5.0682	7.4301	7.0002	4.4972	6.2121	5.7334	4.63	5.5023	4.6039	7.6294	7.6466	7.1764	8.0236	7.7553
EA_G__GRB7	8.5454	10.9211	11.1297	8.1717	6.2075	7.1224	6.3966	7.4261	7.5684	6.3606	11.6802	7.283	9.436	7.1132	6.9786	11.7721	10.5789	8.4244	7.8473	5.9178	8.1182	6.2106	7.3692	7.4325	7.641	5.5442	8.1737	6.1796	9.8138	7.8417	6.0123	8.799	7.9745	10.5391	7.3985	7.0859	6.2713	7.9055	8.1468	7.4714	10.6486	11.6368	7.7878	8.0155
EA_G__NDRG2	6.7662	6.8623	6.7853	6.7912	5.7435	6.3104	6.6679	6.7433	6.6815	6.6023	6.8493	6.4111	7.0117	7.0328	6.9778	6.972	5.7511	7.5192	6.1585	7.0447	8.3189	5.2718	7.1064	6.8671	7.0222	6.8981	7.6737	5.3705	6.9741	5.2688	6.193	6.3356	6.4801	6.1748	5.6636	5.887	5.4832	6.9763	7.4623	7.749	7.0447	6.1245	7.3103	7.7231
EA_G__EGR1	7.2232	8.7098	6.3103	8.1336	7.8221	6.1358	7.8819	6.6678	6.5339	6.5598	6.3202	6.1111	6.802	7.8476	7.4299	7.0737	7.3802	6.53	7.0966	8.2822	7.5578	7.8292	7.87	7.7604	7.3577	6.6488	7.4059	8.9551	6.8846	6.5683	6.8573	6.7538	6.4272	7.0109	8.5028	8.2034	6.8387	6.121	6.7924	6.1829	7.0234	6.676	5.9809	6.9012
EA_G__LRIG1	9.1612	8.4644	8.7042	8.5962	7.0764	8.4047	7.1212	7.6769	8.3325	7.3526	9.3453	9.2857	7.6133	6.3691	7.9605	7.5204	8.2662	9.2238	7.7319	6.9662	7.6377	8.0083	7.897	7.9151	8.2763	6.6753	9.1526	7.0332	9.4991	6.4779	8.621	9.8144	8.4085	7.5698	6.9521	7.7575	7.6009	7.4641	8.3308	9.4649	8.0402	8.8489	8.882	9.1154
EA_G__AZGP1	11.8674	10.2938	6.3166	7.9619	5.1861	7.8483	5.1909	10.5743	5.8672	4.8475	9.8598	5.393	10.1989	5.1734	7.6159	8.1158	8.9454	9.9126	7.6711	4.5263	11.0381	4.8353	5.798	5.7386	6.463	4.8156	8.6593	4.9316	8.3578	10.6706	4.7639	10.6377	11.6413	8.0518	5.702	6.1725	5.9591	6.4786	7.3664	9.6307	9.8486	11.3159	10.4682	8.0104
EA_G__CDH1	9.4474	3.8156	10.2402	10.823	4.1816	8.2155	4.0369	9.3623	7.7169	4.0645	9.8984	10.4438	8.4461	8.5324	9.4381	9.6232	10.1534	4.383	8.3525	4.2405	9.6597	4.2637	9.9596	10.2763	6.5768	4.0202	10.0856	3.8114	11.1983	10.3286	3.8855	7.0185	8.4138	4.1026	4.9675	8.714	4.0229	9.5589	9.2285	9.8379	9.9968	10.255	10.6397	10.3255
EA_G__MRC2	9.5108	6.3393	6.1911	6.1822	8.4666	6.2529	7.2371	6.9342	7.854	7.6383	6.094	6.172	6.5812	6.4211	6.1795	6.195	7.3137	6.1677	6.3087	9.0085	6.3022	8.5076	6.5354	6.5896	6.3506	9.5693	6.3342	7.1079	6.09	6.0684	7.3681	7.1592	6.3311	6.5291	9.3857	7.3701	7.4802	6.2204	6.9931	6.3224	7.244	6.5332	6.3834	6.5285
EA_G__GK5	6.1789	6.7761	6.7273	6.158	5.9959	6.4528	6.0808	6.3518	5.4193	6.5937	7.2851	6.3154	6.5553	5.8377	6.897	6.4483	6.3348	6.9943	6.737	6.6079	7.0026	6.2439	6.4498	6.154	6.1114	5.7931	6.1452	5.9919	6.6209	6.4341	5.7381	5.6613	6.9803	6.9923	5.5771	6.3035	5.7394	6.5173	6.8699	7.3231	6.2983	6.4726	6.8407	6.525
EA_G__REPS2	6.5275	6.2241	7.1806	7.7358	4.5458	8.1946	5.5475	6.6843	6.0354	4.9365	8.4365	8.1252	6.6802	5.4402	5.4823	7.2127	6.5473	7.2935	8.2511	4.7054	7.2418	5.2193	6.3946	6.8378	8.1829	4.8785	6.7219	5.5902	7.2359	9.1659	4.8798	6.6638	7.7952	6.8168	5.0851	6.4284	5.6297	5.5005	7.4447	7.3572	8.9063	5.8714	6.1953	7.4236
EA_G__SYK	6.4062	5.9849	7.3327	7.0955	4.7423	5.0707	4.7114	5.0835	6.2633	4.4833	4.4849	6.8967	4.6334	7.5505	7.6245	8.463	5.0255	6.9189	8.076	4.409	4.8371	4.7997	6.8007	6.8805	4.6771	4.5247	7.3438	4.6861	6.3931	4.4987	4.7327	5.1463	7.6422	7.264	4.8881	4.8966	4.8173	5.6372	7.2591	6.9358	5.5448	5.2568	6.3764	5.6168
EA_G__TJP3	9.3077	8.0518	8.3849	8.6587	5.9377	7.9192	6.2656	6.4262	6.6429	5.9521	9.8328	7.6407	6.3501	6.2599	7.1653	7.5222	8.3666	8.4592	6.5682	5.9474	8.0263	5.6884	8.0699	7.9648	7.8198	5.7056	8.8534	6.1169	8.5057	8.1059	5.998	8.1475	8.2122	7.9939	6.014	7.1509	6.1539	8.6348	7.8886	8.6752	8.1957	8.0349	8.4645	8.0411
EA_G__CXorf6	4.6909	4.703	5.4679	5.1907	8.3684	4.5585	6.1312	5.4825	6.7759	5.7365	4.5194	4.6782	6.0019	5.1329	5.4703	7.0092	7.11	4.9661	6.908	5.1928	6.5742	7.0185	5.8373	5.9203	7.2788	7.3823	5.2577	7.3093	5.8459	4.8433	7.1486	6.0344	5.9973	4.9336	6.8324	6.1706	6.6113	5.2559	5.3975	4.9226	5.3042	6.2	4.7027	5.0711
EA_G__IGFBP2	8.5819	7.265	9.2045	10.6598	5.7406	9.0647	6.409	7.9946	7.7249	6.7037	9.6491	9.7208	8.1824	6.5365	7.6499	7.3055	7.1166	7.7549	8.2099	5.7756	6.114	6.1845	8.9304	9.2132	9.5332	7.7601	7.9848	5.934	10.1046	8.3743	7.8952	9.0101	7.9592	6.3136	5.7437	6.0489	6.0078	8.2235	8.6306	8.9587	9.4836	7.6824	8.4837	9.1231
EA_G__SLC7A11	5.1809	5.1817	4.1599	5.0311	6.5597	4.2618	5.9986	5.8494	3.5826	8.4557	4.9675	5.0098	5.4931	7.8307	6.4145	6.5624	5.4258	3.8433	5.6015	6.7087	5.6799	7.1183	5.8004	5.4594	5.75	5.2728	4.449	8.0821	4.96	5.0106	7.0953	4.2806	5.882	4.9229	7.2331	5.2141	7.3597	6.9123	4.0292	4.5781	4.0326	6.4763	4.6664	4.9372
EA_G__NPNT	9.7175	4.796	6.5012	7.8917	4.441	10.7625	4.4581	8.1607	5.8982	4.3833	7.3872	11.8091	11.6626	5.0469	8.443	5.5542	10.1728	8.6324	7.036	4.1383	8.539	4.1836	8.3548	8.2778	7.9445	9.2354	8.4311	4.3101	6.7171	10.0655	4.2042	8.3994	5.3552	6.4436	3.8952	5.0532	4.2828	7.6355	5.7851	6.7138	8.0511	9.4878	6.9318	6.0306
EA_G__COL5A3	6.0189	6.2887	6.2862	6.0945	6.236	6.0593	6.8945	5.9246	6.2869	7.0594	5.9013	6.1306	6.2508	6.5466	5.9113	6.243	6.436	6.4478	6.239	6.8404	6.6119	7.2675	6.6925	6.5985	6.3625	9.8415	6.5755	6.4051	6.0249	6.0573	6.2699	7.2296	6.0144	6.6544	6.3384	6.7666	6.3787	6.3571	6.7902	6.5178	6.4617	6.3234	6.5096	6.4026
EA_G__C5orf13	5.5414	4.3653	4.5417	5.3873	7.5209	7.8357	6.2671	5.1632	8.383	7.2215	4.5145	4.5834	6.7748	4.4672	5.0358	6.5435	5.5412	6.0565	4.6739	6.0911	5.2714	8.5295	4.9998	5.1223	7.5981	8.7321	5.6175	5.4841	6.0678	8.1582	6.2123	5.921	6.0297	4.7948	5.9629	5.2228	9.0534	7.5218	5.3452	4.7828	5.8596	6.7674	5.3181	5.0496
EA_G__DTX4	10.0037	9.0437	7.6009	6.9354	5.9571	6.573	6.366	7.0537	8.1414	6.3483	7.3775	6.7969	8.8522	7.4853	8.7511	9.5893	6.3224	10.2251	7.1285	5.8389	8.5995	5.5045	6.8731	6.2001	6.2433	6.9709	9.3066	5.8262	7.3856	8.5159	6.744	7.2944	8.8887	8.2357	6.4031	8.3291	6.1319	6.8272	9.2681	6.1744	8.5524	8.9683	6.424	7.0198
EA_G__FBXL7	5.6889	7.1078	7.1618	5.7541	6.953	6.1775	6.4056	5.85	6.9024	5.5651	5.5591	5.8101	5.8503	6.0181	5.6489	6.0972	6.5572	6.3102	6.167	5.6399	5.9591	8.1938	6.3315	6.2905	6.7724	9.9245	6.1323	5.7764	5.8079	5.5949	6.7697	6.5908	5.5037	7.1184	7.4256	6.0929	6.5172	6.8325	6.1773	5.9925	5.8822	7.4156	5.9842	7.0652
EA_G__MMP14	5.1852	5.3987	5.2335	5.0592	10.3729	5.1512	8.7278	8.0249	9.9154	9.7962	5.0892	5.2954	5.2874	8.803	7.6928	6.3976	5.5909	8.0609	5.2277	8.9768	8.7686	8.9717	5.9409	5.8539	5.4178	7.6746	5.4804	8.2005	5.1668	5.3091	5.4596	6.2949	6.8819	5.8482	11.2199	7.0852	7.8574	5.7305	5.7344	6.2135	5.2291	5.6479	5.5205	5.535
EA_G__VGLL1	7.6073	10.9444	4.6119	4.6541	4.3916	4.4151	4.1958	6.9869	8.6166	4.7829	4.504	6.0136	9.0918	8.3963	10.7164	9.5276	6.0977	10.8849	8.4322	3.6268	9.5937	4.2638	5.3299	4.5135	4.6557	3.5808	9.471	4.245	6.2538	5.8522	4.472	4.2631	11.5447	10.7559	4.144	5.4264	4.6659	9.2471	7.048	7.7095	5.417	9.1245	8.4362	4.8233
EA_G__REEP6	7.2756	7.3124	8.0118	9.1556	6.6815	8.2179	7.984	7.8251	7.3053	7.6152	10.3249	9.2159	7.4347	7.4881	7.4719	7.15	9.761	8.9474	7.5053	6.5065	6.8337	6.7464	8.4331	8.6279	8.0963	7.2691	8.1977	7.1275	9.1377	6.3806	6.8712	10.0931	7.9594	7.8307	7.1074	7.1343	6.4064	7.4075	7.6949	9.7124	9.2173	7.893	9.9128	8.8387
EA_G__ST14	9.3704	10.0699	9.4025	9.5064	5.3989	8.4103	5.7304	9.1952	10.6256	5.1965	8.8454	9.6956	8.111	9.7844	9.82	10.1543	9.6138	10.002	9.6359	5.0132	9.7185	5.5207	9.0798	8.8239	7.8911	5.3651	8.6958	5.8956	9.328	8.803	5.5073	9.6571	9.5134	10.0178	5.6156	9.5955	5.7331	8.6079	8.7602	11.0696	10.1267	9.3732	9.1367	9.6422
EA_G__RASA3	6.7536	7.7281	6.1854	6.9515	7.9914	7.8598	7.0314	6.9166	5.544	7.3455	5.6888	5.9938	6.6235	8.0798	6.9662	5.7554	6.9974	6.2026	6.7827	8.3408	5.2362	8.4783	6.8907	6.387	6.2322	9.3533	6.7883	7.6861	6.3381	5.3877	8.6468	6.1545	7.3252	8.2353	7.4424	7.5334	7.737	5.1827	5.7501	6.5498	6.1496	5.6435	6.8251	6.7331
EA_G__DPYD	5.7967	5.64	4.3788	4.2825	8.3159	4.2017	7.8964	7.8062	4.2855	8.8549	3.9347	4.0726	5.0063	6.1143	9.4525	6.9179	5.538	4.5943	4.9597	9.4643	8.6987	8.286	4.1438	5.5058	6.1088	7.1156	4.7003	8.739	4.3333	7.724	7.2207	5.5622	5.0709	5.8884	7.8689	7.0905	7.6585	4.0732	6.7683	4.2669	4.0758	4.686	4.0451	4.3467
EA_G__RARRES1	6.9524	4.9938	5.4808	4.6972	5.1318	4.9996	4.9017	5.5363	7.9107	5.1588	4.5294	5.4825	6.4837	4.5616	9.337	9.7619	5.3507	9.473	7.1774	4.7131	11.4794	5.0363	4.7482	4.9179	4.6705	4.6755	6.991	4.6488	4.7304	6.6189	5.8514	5.6596	10.3274	5.7265	4.9607	7.808	5.0319	4.7158	5.1869	5.1753	5.3781	4.846	4.7181	4.6711
EA_G__MFAP2	5.7826	6.4032	5.9616	7.052	7.9288	5.6943	7.8498	6.8463	8.2588	6.953	5.4328	7.2136	5.8401	8.0022	6.7847	5.8888	7.446	7.0134	5.9638	7.7595	6.3354	8.4242	6.1778	6.2912	7.792	7.3194	6.6679	5.8938	5.7406	5.6681	6.4685	7.0369	5.3759	7.0438	8.2636	6.6736	6.0061	8.6836	6.235	6.3832	5.7762	5.8738	5.8864	6.4897
EA_G__C1orf106	9.1783	7.6581	6.0784	5.6646	5.4879	5.6203	5.5143	6.0007	8.2173	5.3896	6.9857	6.0968	7.9856	7.0319	7.718	7.5064	6.5859	8.2185	7.3373	5.8561	8.145	5.1319	6.0339	5.5105	5.2071	5.0412	7.9015	6.0522	6.4293	7.5807	5.4143	6.6293	7.2341	8.2673	5.2901	7.0118	5.4937	7.2321	8.3952	7.1907	6.4185	8.0969	7.3009	6.7258
EA_G__BCAT1	3.559	3.487	3.6425	3.4845	3.6725	3.7736	7.2903	3.8186	5.6875	4.1368	3.6033	3.645	6.6512	8.3436	4.4085	3.8989	4.1599	3.9405	3.6893	7.2425	4.7664	7.319	4.3085	4.3023	3.8038	6.9113	4.4397	8.2891	3.6262	3.5873	7.929	4.553	3.6845	4.3198	8.4699	7.2623	8.0376	7.984	4.0087	4.0349	3.7986	3.9107	4.0382	3.8361
EA_G__LCN2	11.1069	9.4212	5.0838	5.3105	4.7924	5.0798	5.2449	9.5496	6.8063	5.2212	4.8198	5.4298	10.0545	6.8843	10.5098	10.0013	6.0153	10.2444	8.3252	4.7344	10.5674	4.6386	5.3169	4.7414	4.8816	4.9918	5.7186	5.2315	4.9709	5.004	5.2126	5.7744	9.2546	8.4306	5.3692	8.9403	5.1636	4.9776	4.9411	6.0385	5.2134	9.9296	5.2409	5.8001
EA_G__C8orf38	5.6885	5.2961	7.4005	6.7728	6.36	6.5944	5.2213	5.9578	5.9875	5.4229	9.7617	7.3404	6.8741	5.5815	7.5749	6.428	6.7847	7.2665	6.1555	5.9237	6.2838	7.1253	6.3628	6.663	6.598	6.2003	6.087	6.4429	6.5667	6.5273	5.2261	6.1991	6.3634	5.3366	5.7822	6.0141	5.8823	5.7278	5.6055	6.2685	6.7931	6.9358	6.1164	6.5177
EA_G__ATP6V0A4	6.396	9.4584	9.5886	6.8897	4.4126	4.4522	4.5735	5.3603	4.3424	4.3231	8.3304	6.5654	4.3641	4.4015	4.6533	5.1789	4.1207	7.8356	5.7837	3.8844	5.4336	4.8527	6.9256	6.3269	4.261	4.1126	6.8669	6.246	8.7945	6.5413	4.2867	4.8429	9.4649	9.4857	3.9129	4.2576	4.3833	7.4254	5.9346	4.4506	7.5065	5.449	7.4908	4.2475
EA_G__BAMBI	9.043	7.9415	10.9483	9.7965	9.5427	7.1282	6.4441	8.9009	9.2597	7.6812	11.554	8.6742	9.0298	5.2225	9.1935	8.7315	10.0132	10.7307	9.5724	7.367	8.4422	7.3105	10.6285	11.5012	9.9713	7.2104	10.8275	6.5424	11.1828	10.2395	8.2252	8.4677	8.4536	8.8646	4.7859	7.5736	6.0396	10.2713	8.641	10.9692	6.3965	11.3049	11.0753	10.0016
EA_G__CTSL2	6.1246	5.9536	5.8398	5.2216	6.811	5.9491	6.1215	10.0876	4.8773	5.6422	7.1654	5.6257	7.5143	7.0538	6.9869	6.7205	6.2016	6.0463	7.5611	6.6177	6.8	4.0131	6.0759	6.7314	6.0738	6.6949	6.3154	4.8796	5.8041	6.2364	5.794	5.2613	4.9626	6.3094	5.2328	5.8592	4.7117	6.6303	5.9621	6.8069	6.0663	6.8976	5.9108	6.684
EA_G__S100A3	4.4039	5.3412	4.3282	4.2059	5.6023	4.3749	8.6903	6.6335	6.9833	6.4591	4.2712	4.0737	4.3869	5.8534	6.0279	5.0119	4.6463	4.5809	6.6095	7.8016	4.8696	7.5816	4.6237	4.3372	4.3606	8.4498	4.8696	6.8913	4.202	4.152	7.0581	5.2117	8.3333	6.455	6.0566	6.3403	6.9666	4.1692	4.8878	4.3484	4.3764	5.5405	4.3595	4.5112
EA_G__APOD	9.195	8.4131	4.576	6.0208	4.5205	4.8705	5.0811	4.8545	4.5494	4.4454	6.7594	5.1462	5.4408	4.5387	5.4509	4.809	4.775	9.674	4.7458	4.3722	4.5508	4.2252	6.0782	8.385	5.8081	4.9883	11.311	4.705	6.0232	11.749	4.6147	5.2095	4.0595	8.0318	4.3242	4.9073	4.892	4.5929	9.5483	10.5135	7.4462	10.9572	12.4719	5.2026
EA_G__TGFB1	5.3638	4.5484	5.3055	7.7729	8.6552	4.8695	8.5707	7.9382	5.3512	8.1243	4.8967	7.1632	5.9921	7.3595	6.5109	5.8477	5.5935	5.2968	5.5807	8.5133	7.4316	9.1035	7.528	7.3696	6.3607	9.3331	5.2601	7.5055	6.5085	4.5964	6.5541	5.5747	6.8408	5.0627	8.0166	7.9822	8.834	5.1563	5.4959	5.4741	6.0657	5.6436	5.4676	6.8786
EA_G__ID3	8.6637	8.7567	5.7685	7.4438	9.4338	9.0323	8.9134	7.5827	7.4201	8.5902	9.1811	7.0131	6.3124	9.0101	9.1004	7.5789	9.1814	8.559	8.2351	10.2381	8.8913	8.7089	7.9608	8.4088	8.5196	8.292	8.8033	8.4871	8.0057	10.8247	6.6418	8.3927	8.2816	9.5854	6.7457	10.0836	9.5694	7.3623	8.1312	7.3736	7.889	8.2707	7.0466	8.4828
EA_G__SLC40A1	6.8502	8.0701	8.1892	8.6575	3.7959	8.0269	4.7585	4.4506	4.0922	4.2159	7.8833	10.106	6.5779	5.4936	4.2927	5.1166	7.5421	8.1015	4.3603	6.1059	5.223	4.0297	4.289	4.0528	4.0146	5.7339	8.6986	4.346	9.6424	8.3737	4.5596	9.2989	4.0644	7.1985	4.2552	4.3975	4.2056	8.3935	7.0743	10.0715	6.5471	8.0754	8.6955	7.2722
EA_G__EHF	8.9418	7.9677	8.8702	8.3787	3.4608	7.0353	3.3098	8.5755	9.3891	3.7674	8.0012	6.4301	4.3068	9.4851	8.5171	8.2355	8.9472	9.4367	7.3563	3.5329	8.1561	3.837	7.2835	4.963	5.5786	3.0694	8.5866	3.5169	8.217	8.8245	4.1387	9.2446	8.1546	7.1737	4.1825	7.2807	3.8479	8.8579	8.1504	9.8011	8.7526	8.6954	8.8216	9.3806
EA_G__ELF5	4.2981	5.8202	7.3218	7.309	4.3044	4.9445	4.6138	5.2392	9.8355	4.3338	6.7358	7.7811	4.6943	4.4652	6.239	4.271	7.1992	7.4263	5.3967	4.094	4.411	4.0815	6.4913	6.7385	4.4565	4.0654	7.7369	4.2349	6.8165	4.3561	4.3397	4.6392	5.7308	6.1555	4.6482	4.6594	4.1047	8.7989	5.8785	8.5803	7.339	5.5081	5.3151	6.8873
EA_G__FKBP10	9.0546	9.6293	5.334	7.7281	9.2253	7.1871	9.1655	8.358	5.4329	8.8414	5.871	5.2026	8.8307	7.781	7.7694	5.4977	5.6494	5.8272	8.2079	9.792	8.7845	9.9719	8.8278	7.4578	8.6401	5.739	8.1887	8.5766	5.3066	8.4515	8.2329	7.6708	4.8688	9.5271	8.3804	8.5628	9.2679	6.4518	8.0723	6.9652	5.8348	7.926	6.6115	8.8754
EA_G__TMEPAI	9.0313	7.6306	9.54	8.6064	6.2846	7.0365	6.4014	9.0017	5.6839	8.1741	8.9912	5.7617	5.8511	7.0375	8.3055	9.528	7.79	7.3319	9.8654	7.7737	7.5938	7.1114	7.2926	7.102	7.431	8.911	8.2193	5.7113	7.5478	8.244	6.4626	8.6251	6.9829	9.7532	8.1357	8.1942	6.3423	8.011	7.8324	7.4014	8.2315	8.0319	7.8687	6.9058
EA_G__PTPRG	5.21	4.499	6.6243	6.3169	8.0079	5.5387	7.5815	7.4888	4.6346	7.7804	4.1773	4.0564	5.6861	5.5681	5.9594	4.0333	5.0223	5.3326	5.4838	5.8104	7.3366	8.2883	6.2363	6.1699	7.0743	7.2877	6.4314	7.5303	6.992	3.9613	7.0118	6.0453	6.1923	4.4986	8.4789	7.313	7.5088	6.5257	4.9075	4.399	7.2354	6.9494	6.022	6.6035
EA_G__NRAS	8.8555	8.6798	8.779	8.7419	10.1321	9.294	9.2691	8.8577	7.8488	8.7858	5.968	8.8714	5.4055	9.1916	9.9501	8.9914	9.1434	5.3664	9.5788	10.417	8.7148	9.4073	10.6152	11.0763	9.2199	8.9749	7.9395	10.0815	8.4322	7.5223	9.0286	8.2559	9.275	8.7267	9.918	9.3361	9.5803	5.4178	8.1186	8.3406	5.1291	8.0922	5.3785	4.6904
EA_G__ARHGDIB	9.3221	7.326	8.6407	8.325	3.5834	3.8462	4.6525	6.8161	7.5929	4.7367	9.4766	6.9428	5.5031	9.3852	8.6345	8.5931	9.1209	9.704	8.3655	3.2272	9.1806	5.202	3.6609	3.8323	3.6913	5.2038	9.2438	9.3124	8.8321	9.4396	3.7957	6.8991	8.5437	8.0265	3.7228	8.1047	5.9032	10.5161	8.6354	8.1153	7.3862	10.9793	9.6877	7.2359
EA_G__ZNF652	7.5137	6.6796	9.1134	7.658	5.4265	8.0263	6.8461	7.5657	6.1455	6.1679	10.4217	8.3293	6.9403	6.4695	6.4805	6.6269	8.7194	7.371	6.6141	7.0294	6.8064	6.2259	7.3028	7.8102	7.151	6.7251	7.2562	6.172	9.0124	7.6468	5.7613	7.4323	6.6414	6.5588	6.6853	6.6539	6.3657	7.335	7.8613	7.2296	8.3435	7.029	8.7495	7.6069
EA_G__SLC16A7	4.8493	3.4592	3.2731	3.0772	3.4045	4.2548	7.3091	3.1533	4.7534	2.9543	3.046	5.2479	3.4038	6.6219	6.679	4.0281	4.7234	3.5918	4.3754	6.7221	8.1752	8.4444	6.2381	7.3267	3.3773	6.4977	4.9457	7.5411	5.0845	6.1068	7.9566	3.7976	2.8813	4.6549	4.9479	7.8198	8.772	3.2801	4.0122	3.4756	3.5634	4.3822	3.8513	3.6912
EA_G__C9orf152	8.4683	7.9416	9.015	6.242	3.3253	7.5362	3.1121	3.2593	3.6704	3.8201	9.6854	6.8934	3.2606	2.5096	4.7044	6.1075	7.7687	7.8747	4.4017	2.9521	5.0464	3.4125	4.5846	5.7573	3.74	3.1833	7.9758	2.9212	9.606	7.4371	3.407	6.4351	6.564	7.1601	2.7658	3.7666	3.421	8.6164	7.795	7.8891	6.4831	8.2505	9.313	9.0216
EA_G__GPX2	6.9093	8.9357	5.6689	5.0334	4.0395	3.727	4.581	6.7554	4.8049	4.2832	6.3298	5.7511	4.2277	9.9643	6.6701	9.5887	4.8756	7.7366	5.6015	3.9423	4.2268	4.3312	5.2706	5.462	6.3312	4.2776	9.3185	4.4185	9.9389	7.6946	4.4255	4.6661	3.9761	7.2433	4.2492	4.9195	4.1064	9.5051	9.4966	4.9059	4.7975	5.3958	6.788	5.2186
EA_G__CPAMD8	7.0478	6.0825	7.2388	6.7996	5.6587	6.0427	5.8858	5.6522	7.7413	5.7791	6.8633	6.049	6.0436	5.9711	6.7098	6.1118	7.7258	8.4635	5.9444	5.3842	6.5933	5.5284	6.2974	6.322	5.9579	6.7371	8.6424	5.4769	7.4537	5.9555	5.8882	7.027	8.6056	6.3632	5.7861	6.2587	5.9367	6.3406	6.9385	8.6235	8.1872	7.563	6.9222	6.1828
EA_G__CDK5RAP3	8.0769	7.0657	7.5364	7.9107	7.8547	7.8394	7.8517	8.6243	7.1116	7.3997	10.176	7.8988	7.9888	6.9633	7.5531	7.1028	7.4433	7.9227	7.4204	7.2929	7.5687	6.8329	7.8635	8.8183	7.3012	7.1384	7.2617	8.1751	8.666	8.6379	6.4857	8.04	6.8096	6.512	6.8064	7.0335	6.9849	7.0939	8.3218	8.1078	7.7401	7.1417	8.6391	8.6733
EA_G__CAPS	10.7823	9.0478	7.9658	9.4653	5.8603	7.0129	6.1867	6.1536	6.1463	5.8143	10.8287	7.3341	10.5962	5.7871	6.0836	6.8688	6.898	6.3952	7.0283	6.3341	6.1385	5.7156	6.4196	5.9889	7.0841	6.3328	9.9621	5.8726	8.5837	6.55	5.9006	7.1682	6.7698	9.0415	6.2687	6.1294	6.116	11.1088	7.0327	6.4839	7.9726	9.0677	6.3301	6.3652
EA_G__COBL	6.9315	7.3722	7.4904	7.3429	4.9504	7.2341	5.1155	7.084	5.6151	5.0062	7.6344	6.6659	6.0049	5.1724	6.0185	6.5425	6.4602	6.9815	5.7516	4.7727	5.2075	4.9245	6.4901	6.7704	6.272	4.8492	6.4282	5.0952	8.0264	8.5046	5.8414	6.01	4.7346	6.9633	4.8804	6.3035	5.1492	7.1308	6.8173	6.8655	7.2664	7.094	7.0127	7.0229
EA_G__SLC19A2	7.8428	7.7834	8.6972	9.2989	5.8688	8.05	6.2701	5.9865	7.3949	6.009	8.1815	10.1415	8.0242	6.2908	7.3019	7.0936	7.4043	7.6557	7.2335	6.9579	6.8503	6.6471	7.8194	8.4896	7.8273	3.9396	8.397	7.9704	7.8213	8.2376	7.6021	7.1089	7.6994	7.2999	6.8343	7.3796	7.4287	7.7499	6.9377	7.6287	8.3672	7.6606	8.0226	7.9977
EA_G__MGP	11.2964	4.238	9.8437	11.4992	5.5557	7.4113	2.9261	8.2394	10.0203	9.4448	4.7994	10.4816	8.0997	3.7353	8.254	8.9644	8.6556	7.4121	9.4808	4.7946	10.8249	7.0295	3.8019	6.1517	6.6894	7.0606	7.3407	2.9411	10.3529	10.2746	2.5536	7.4205	10.941	3.9642	7.0814	9.7347	4.951	4.8602	5.0293	10.8577	8.221	11.3061	7.0551	5.7521
EA_G__CDCP1	8.534	6.3089	8.0251	7.65	4.5396	7.6241	7.5829	9.0594	7.5934	5.7738	6.733	7.5561	6.2779	9.0341	9.1124	8.9327	5.5502	8.5008	9.5947	6.558	8.4237	4.6847	5.0267	5.1655	8.1914	4.6864	7.5262	8.0631	7.9998	6.7411	9.2516	8.0166	8.0431	6.3926	10.3823	8.3255	9.0246	5.3489	7.2998	7.685	8.3503	6.4495	7.7927	7.2571
EA_G__MME	3.7488	4.2193	5.8745	3.8299	5.8503	3.7392	7.7406	4.4121	4.1589	5.4356	3.8361	3.8756	4.0762	4.4176	7.8495	4.8749	5.7301	3.9929	4.2718	10.0839	9.1142	5.8842	4.1751	5.6371	3.8823	10.2583	5.1333	4.1547	3.6984	3.8362	8.1986	6.2662	9.634	4.2118	10.1735	8.6152	7.2612	4.1969	4.223	3.8639	3.7725	3.9829	3.6667	4.0496
EA_G__B4GALNT1	6.4731	5.449	5.1344	5.891	8.2262	7.3138	7.5268	7.4049	7.3268	6.8971	4.6753	6.7284	7.6681	7.8394	5.1563	5.2945	5.1335	4.9134	6.8708	7.8115	7.1808	7.2349	7.1537	7.3249	6.5747	7.1554	5.2487	6.2731	8.1105	6.3089	6.7294	6.1507	4.6849	5.5622	7.7587	6.5329	6.9668	5.2211	5.7415	6.2031	5.0823	5.3667	7.2733	7.8176
EA_G__ALDH1A3	8.1307	7.1477	5.5462	5.1046	5.1706	5.5215	7.9434	10.5997	7.9756	6.3243	10.1103	5.3869	5.9514	8.1333	9.9057	10.7197	6.5167	8.2221	9.5832	5.4772	8.5415	6.7888	6.6298	5.1017	4.9374	6.9108	7.7315	6.1897	5.2779	6.2757	8.4205	5.6755	8.3659	8.4467	5.2612	7.2848	6.2392	5.4542	5.849	7.0659	5.5996	9	7.2203	5.9235
EA_G__LOC493869	7.5675	4.5883	6.5814	6.1373	9.9093	3.4796	9.1786	6.1974	8.7434	9.0133	2.7338	6.9972	7.0989	7.0566	6.7197	7.9293	7.2688	4.9328	8.408	8.8576	8.31	8.9892	6.3644	5.0232	6.2845	9.1317	6.159	8.3857	6.483	7.7228	9.177	4.5915	7.9309	3.9953	9.3612	8.0153	9.2636	9.5856	5.9401	8.3805	5.4012	7.5894	4.2873	7.5247
EA_G__PLEKHA2	7.1913	6.803	6.5699	6.9505	7.0212	8.056	8.2724	6.1693	6.8387	6.144	5.8322	5.3397	6.7633	8.1319	6.7739	6.2636	6.8222	7.5654	6.2065	9.2582	6.7399	6.4447	6.4472	5.9849	8.7015	8.2691	7.2099	6.2644	7.1486	6.7822	6.6698	6.1039	6.9273	6.6202	8.0243	8.0466	8.578	6.8361	8.7067	6.925	6.6464	6.4765	6.2896	5.8709
EA_G__FSTL3	6.2606	6.7712	6.6243	7.9925	8.29	6.6981	7.8385	7.3862	6.3513	6.9988	6.7904	6.481	7.0656	7.7062	6.8675	6.8262	7.524	6.3215	7.57	7.4797	6.2131	8.9828	7.7468	7.4046	6.4834	9.5208	6.8041	7.4653	6.6931	5.9216	7.9857	7.1502	6.5009	7.1409	7.4427	8.0244	8.7911	6.6813	6.5094	6.7341	6.7612	7.2488	6.8778	7.3586
EA_G__DENND1B	6.8796	6.6791	7.167	7.3121	4.7193	6.0054	5.6419	5.8785	5.9951	5.7859	6.8062	6.8071	6.1834	6.5026	6.5064	6.6765	6.7352	7.4498	6.5538	5.7247	7.5458	5.444	6.254	6.4954	6.4321	5.8145	6.9989	5.6087	6.7896	7.0417	5.8056	8.8044	6.7764	6.7401	5.1312	5.7658	5.6866	7.0638	6.6987	5.8053	7.2246	6.7071	7.9649	9.7169
EA_G__FADS1	6.6433	4.7141	9.5956	7.4039	10.1515	7.5281	8.983	8.2598	7.0575	9.9309	4.0972	5.4088	10.6542	8.1857	8.0502	5.5901	8.3366	7.0268	4.6587	9.6457	7.7037	9.4569	9.3974	9.182	9.1142	8.5065	8.1467	9.8587	8.5301	8.809	10.3329	7.6383	6.5242	4.5228	9.4392	10.2821	8.8653	9.5297	7.2535	8.3505	8.5121	8.4168	6.6254	8.136
EA_G__LMO7	7.6731	6.5284	5.5825	6.1239	6.081	4.106	5.5905	6.1256	4.5288	5.9374	7.3607	4.6904	4.8826	5.7004	7.0428	6.5727	5.7768	6.1652	6.0387	5.387	6.0907	8.0948	5.1328	4.666	4.7513	6.0843	7.3314	6.5699	6.8938	4.2532	5.6304	4.6378	5.2993	5.6083	4.7084	6.4778	5.7408	7.5781	4.877	5.8103	6.4448	5.2953	5.9205	5.7893
EA_G__RAPGEF5	6.3415	7.266	6.5457	6.6712	3.3864	4.7324	3.7336	6.3047	5.8669	4.0035	7.7655	6.0587	6.0581	5.7079	6.3887	6.0594	7.4801	5.7724	6.221	4.9361	7.0582	4.0924	4.4095	5.2392	6.3018	3.484	7.3046	5.3194	5.321	6.2087	5.8377	5.705	6.4751	6.5869	3.6423	5.23	3.6547	8.3677	6.4436	5.4905	6.7032	7.1257	4.9861	4.911
EA_G__ZNF512	7.3129	6.7068	5.5243	5.8936	8.1995	7.635	7.7058	5.4786	7.3626	8.0255	6.0017	6.718	3.9479	8.0701	7.3707	3.597	5.7202	4.7242	7.7137	6.9084	6.3021	7.5193	6.5412	6.2445	8.0595	4.3519	6.7414	8.0706	4.2979	7.1686	7.2935	6.4379	8.2519	6.7135	7.693	6.7716	7.5241	3.7381	3.9734	6.6712	7.1651	6.9971	3.7222	3.8395
EA_G__PRKAR2B	3.6639	4.751	6.673	7.3892	4.2612	5.5339	5.7103	6.1629	5.6519	5.6035	7.3352	8.2984	6.7023	3.924	7.0818	5.0653	4.5253	7.3375	6.4084	5.38	8.6228	5.2452	7.008	6.7479	8.6709	6.3269	7.4685	5.5951	6.3291	4.8747	6.2449	4.7273	7.7586	5.1911	6.4866	4.6942	3.6612	6.1377	5.7235	5.3886	6.9424	7.489	6.823	6.4128
EA_G__TRIM2	7.2597	7.137	4.7722	6.2387	6.1651	4.1329	5.7912	6.8984	4.7266	4.0395	7.2581	7.8881	10.0237	5.7033	7.2513	7.1482	5.4603	7.8224	6.3703	8.1367	7.9034	5.5586	5.3959	4.7806	5.6146	5.1671	5.8051	6.2862	5.6734	4.4196	5.4759	4.8522	6.3746	7.0445	5.4075	6.4668	5.7009	6.3436	6.7716	6.2338	5.5356	7.4517	4.0568	4.1308
EA_G__STS	8.143	6.7578	9.0473	6.5325	5.225	5.693	5.8278	5.4704	5.3683	5.3946	6.1455	9.8669	5.3857	5.7559	7.7408	7.5128	6.6342	8.0108	6.1489	3.963	7.8473	6.9436	5.5505	6.341	5.6965	6.5913	8.3982	6.5483	10.4565	9.262	5.3317	8.2868	7.1627	6.7478	5.2848	5.6274	7.1699	7.0427	4.632	6.0835	7.854	8.5661	7.2758	6.1104
EA_G__MARVELD1	6.3862	5.3113	5.5142	6.3847	7.6134	5.3264	7.7939	7.1404	5.7017	7.7105	6.0777	6.1142	6.5362	7.5039	6.5506	5.3668	5.4092	5.8617	5.7939	6.82	6.0213	7.1847	7.3941	7.3092	7.5172	7.7933	6.0998	7.0751	6.4668	6.1576	5.6635	7.2206	5.8848	5.5818	8.5826	7.8275	6.9251	6.5543	5.574	6.505	5.7338	6.859	5.6257	5.8763
EA_G__ELF3	8.5748	8.8252	8.1308	8.1399	4.9138	6.864	5.3982	7.729	8.3153	4.8811	8.1281	7.8905	8.1319	6.3321	7.717	8.7614	8.4982	8.9846	7.547	5.2282	9.2539	4.9362	7.7912	7.3381	6.4985	4.9177	8.1983	5.4539	7.7294	8.0609	5.6331	7.1314	8.4209	8.8807	5.3636	7.1317	5.4265	7.6445	8.2198	8.1507	6.9046	9.3212	8.6266	9.6058
EA_G__GSTM1	12.3907	7.3875	5.9395	5.8015	5.6636	7.3839	5.7707	5.0503	5.5683	4.8515	4.5177	5.4674	6.3215	5.9299	6.0055	5.3355	6.6074	5.2029	6.2608	6.4643	6.6106	9.7387	6.5492	6.8102	12.1719	5.6328	5.7427	7.707	5.7975	12.6051	5.7817	6.8594	5.8435	6.9397	6.0778	6.7558	8.118	5.4311	7.3365	6.3787	5.9674	5.418	6.2534	5.4186
EA_G__CEACAM6	11.9576	9.4552	10.4191	6.7394	4.4249	4.3434	4.1091	4.5225	3.7734	4.2987	10.2871	4.6155	4.2125	5.4873	5.8584	7.5965	6.3312	10.3529	4.6112	3.9866	7.9509	4.1852	8.4815	7.3165	4.5002	3.6986	8.7179	4.1634	10.9123	10.8417	3.9724	4.9382	5.1681	6.4947	4.7785	4.201	4.5135	7.5353	7.5093	6.1862	8.1197	8.321	6.9771	9.7418
EA_G__SLC6A15	3.7785	7.1291	3.273	3.5835	3.7372	3.1815	3.6574	6.8971	5.2064	5.4965	3.1428	3.5551	7.6077	6.8517	3.0742	3.4851	3.6928	3.4727	3.4102	7.1976	3.5516	3.4367	3.5232	3.5706	3.5068	5.6345	3.6135	3.5408	3.2714	3.3421	3.831	3.7884	3.3417	7.2049	7.9561	7.7974	3.8068	3.4867	3.9042	3.6704	3.4567	3.7111	3.4996	6.9265
EA_G__DKK3	5.3981	5.5437	5.7281	5.4745	8.5109	5.6116	8.8344	5.7278	6.3657	8.1004	5.4808	5.5502	5.6327	6.9404	5.5621	5.7794	5.8143	5.638	6.2634	8.5884	5.6952	7.4382	6.0512	5.7428	6.6315	10.7195	5.8877	6.0222	5.2727	5.3942	5.8835	6.4128	5.3825	6.08	7.8756	5.8818	9.2136	5.5876	6.1618	5.9572	6.0086	5.656	5.8007	5.6656
EA_G__MTSS1	5.8587	5.6912	6.8843	7.0331	6.4919	5.8012	4.7009	5.3065	7.1918	6.2432	8.5811	7.0421	7.0883	7.5023	7.0308	5.9383	5.6926	4.9353	5.3388	5.1834	4.8634	5.7994	5.7517	6.2886	5.725	5.0317	6.4292	4.561	6.0564	8.121	6.0429	5.6778	5.9667	5.9113	5.2908	4.9113	5.8955	5.5815	7.5958	6.1442	7.246	5.3285	7.146	6.6464
EA_G__RAB11FIP1	7.7489	7.29	7.2374	10.9487	6.0996	8.0487	6.6306	7.7821	6.9453	5.8301	8.3145	8.4506	7.1372	6.5495	6.7129	6.7962	7.4883	8.1631	6.6448	7.058	7.0896	5.8517	6.8206	6.8315	9.8938	7.2036	7.6101	6.2077	7.9194	6.8136	6.1721	6.9053	7.3587	7.6757	6.0579	6.4956	6.959	7.013	8.072	7.7446	7.0056	6.9046	8.1997	8.3727
EA_G__ABCA12	4.3109	7.364	6.8238	7.0373	3.3572	3.9202	3.5168	3.4709	3.3851	3.4184	8.1267	8.8693	3.3669	5.5671	6.1363	6.2983	5.5426	6.998	4.6112	3.2091	5.7931	3.2291	6.2715	9.5323	4.7044	3.1101	6.8836	3.3908	10.1166	5.9646	3.3419	7.5299	5.4337	8.0032	3.6763	5.1243	3.733	6.1352	7.3809	7.9179	9.511	6.7682	9.895	8.4165
EA_G__B4GALNT3	7.1092	6.9649	6.0981	8.3395	5.8707	5.7563	6.2815	6.8101	7.5583	6.3181	7.2793	9.0251	6.5173	7.1681	7.1566	7.3057	6.2612	6.8762	7.7833	5.8952	8.2248	5.6841	5.8718	6.0511	6.8191	6.0185	5.9964	6.8599	6.3605	6.1138	6.1634	6.6364	7.7497	6.1034	5.842	7.6391	5.9322	5.8952	6.2917	6.4298	7.3841	7.0996	6.1195	6.4727
EA_G__SERPINE1	5.4251	5.8986	5.4065	5.5036	5.6132	5.2081	9.8133	6.988	5.5114	5.7937	5.0759	5.1916	5.1886	7.6995	7.0332	7.2798	5.9422	5.2755	7.7287	5.7854	5.5744	11.9346	5.8429	5.6226	5.5287	6.3332	8.3971	10.2428	5.0146	6.1282	11.7198	5.9937	5.8471	7.8398	8.1438	5.5569	11.8792	5.5559	6.5275	5.4098	5.4253	5.4968	5.331	5.4464
EA_G__LEPRE1	6.6604	6.106	6.4096	6.721	8.8094	6.5042	8.5858	6.8624	8.5287	8.9158	6.903	7.1955	7.9912	6.5855	6.995	7.2352	6.5996	6.9778	7.1388	8.5846	7.1597	8.3424	6.6356	6.827	7.2675	9.3727	6.8462	8.1582	6.7103	6.9469	8.4926	7.0673	7.5154	6.3158	9.2172	7.4327	8.3081	7.7253	7.4537	6.4544	6.851	7.4008	6.5327	6.3042
EA_G__PARD6B	6.6898	7.453	7.9356	10.2482	5.6462	9.0659	6.451	7.4407	7.1044	6.5166	9.1497	8.5948	7.3837	7.5392	7.1739	7.7258	7.5297	7.8017	7.1111	5.7964	7.4969	5.8639	9.8281	9.7913	7.6396	5.8916	7.8763	7.6107	7.4723	7.3893	6.4305	7.1206	7.3768	7.9257	6.5983	7.1532	6.0187	7.9875	7.7564	8.7348	9.9907	7.3238	7.6213	9.8215
EA_G__EPN3	8.6199	8.2278	9.6436	8.7561	6.3758	8.069	6.7939	7.4293	7.116	6.3802	8.672	8.7373	8.1351	7.9438	6.843	7.7746	10.1126	7.7472	7.1172	6.3093	7.9575	6.3471	8.673	8.446	7.6968	6.1877	8.7465	6.2349	9.6115	8.2606	6.474	8.6589	7.9364	8.2641	6.6755	7.3269	6.6283	8.2206	8.4764	8.7652	8.4147	8.7178	8.8978	8.7596
EA_G__HLA-DMA	7.7846	6.1096	5.4969	7.1099	5.3203	5.607	5.563	6.4711	6.846	7.1845	7.7241	6.4108	5.909	6.3016	6.3518	6.7919	5.8885	7.7145	6.1954	5.1876	9.0448	5.6239	5.6223	6.1193	6.8527	5.948	7.0516	5.2159	6.1346	10.3753	6.0115	6.3527	5.7338	6.7923	6.9763	6.6222	5.739	6.4534	7.3171	9.0091	6.8822	6.0733	6.2863	5.5486
EA_G__RNF145	8.2864	8.9906	5.9042	6.4469	8.2399	3.6986	7.9628	8.1927	6.4509	8.8975	4.383	6.8288	6.957	7.388	7.931	8.2957	7.1362	6.8248	7.964	8.0655	8.2727	9.2999	7.2541	5.8841	5.5607	8.7718	5.3762	8.5754	5.0477	9.0789	9.2572	5.5689	8.3803	8.0365	8.8456	9.6135	7.7868	7.1606	8.3063	7.5792	6.3729	8.0164	6.331	6.4106
EA_G__TOM1L1	9.489	7.6603	11.1528	8.9596	7.4255	9.1088	7.0603	8.7525	6.8062	6.4184	9.3334	10.0995	7.2869	7.4997	7.2579	8.116	7.9165	8.1689	8.1728	8.2532	7.2323	6.7395	8.5358	9.3382	9.1966	7.8329	9.1409	7.7808	9.9911	9.1808	7.4769	7.9222	8.1949	7.5116	9.1269	7.732	8.0915	8.2536	8.208	8.9751	8.6278	9.3554	9.847	9.8839
EA_G__AKR1B1	4.6938	6.0548	4.8622	4.4778	8.2157	4.4619	8.9961	4.565	6.3662	10.5992	4.6497	6.9879	7.0157	8.1308	9.1844	5.175	5.4781	4.7671	8.4129	9.049	9.0045	9.0431	5.1215	5.0227	4.6497	8.4728	6.866	8.1635	4.946	6.5897	10.773	5.4319	9.672	5.2901	8.4605	9.627	10.232	4.7564	5.1681	5.0863	4.8373	4.9859	4.9029	5.9326
EA_G__CRIP1	8.4336	5.31	9.7731	11.423	5.334	5.4641	5.5377	5.3474	8.9387	4.8935	11.7544	5.561	8.2598	7.0206	5.2656	5.5827	7.7479	5.8054	5.3255	5.4495	8.2606	5.0561	5.5382	5.4859	9.0144	5.3967	8.9139	4.9174	9.2424	6.8474	5.2885	7.5698	5.13	5.9588	5.2163	8.9972	5.2167	5.7411	5.2574	9.2766	9.2825	10.7322	9.7626	10.5449
EA_G__PSTPIP2	8.1593	6.3706	7.6426	7.4955	6.6895	7.2941	5.637	7.4507	7.6004	5.3047	7.2812	5.7749	6.4943	7.0623	6.3866	7.652	8.1594	5.1606	7.4375	6.6511	7.1926	6.3224	5.8662	6.3679	7.1748	6.8034	6.2879	4.9291	6.9576	6.2978	6.5597	7.5041	7.2591	7.2658	4.4207	4.512	4.9834	5.3472	3.9841	7.5519	7.4189	5.5231	8.2947	8.3701
EA_G__PPP1R1B	8.4134	6.6594	6.1717	5.4383	5.6037	5.3093	5.6866	5.3516	5.2893	5.3186	7.6849	5.235	11.3025	5.5556	5.7625	6.0975	6.3475	8.6293	6.3286	5.0789	6.2257	5.3275	5.5126	5.6913	6.3638	5.0928	7.4844	5.2927	6.0823	7.2346	5.0839	6.3522	6.6725	6.1086	5.3644	5.6562	5.7473	6.7821	7.6266	5.7833	7.1704	10.7772	5.5376	5.6609
EA_G__GPR110	9.7446	7.0704	3.7237	3.745	3.6985	3.7424	3.8281	9.0125	3.733	3.472	4.4485	4.4558	6.7612	7.5227	8.4464	8.9925	4.7165	9.3514	8.1791	3.2085	8.7699	3.8459	4.1206	3.9779	4.3228	3.6583	7.068	8.7401	3.5079	8.1907	3.5539	4.253	8.3863	6.7929	4.1236	3.5422	3.979	4.2127	6.5644	6.4813	3.5142	9.025	3.8201	4.2971
EA_G__ITGB8	7.0563	4.3345	5.1465	5.9577	4.0873	4.1401	5.3653	7.5286	5.774	5.2072	5.7826	5.2163	8.4625	7.1158	7.234	7.3067	5.7032	4.659	6.9491	5.0819	7.6877	5.151	4.2771	4.6015	4.2081	5.1207	5.038	4.0543	4.6954	4.9463	6.8836	4.3102	7.9301	4.6555	5.4208	9.0265	5.8961	5.499	4.6554	4.8433	7.1037	4.0936	4.1332	4.4104
EA_G__STC1	4.2023	5.8475	4.1757	8.2063	5.9901	7.028	4.1014	4.5059	4.7051	4.7755	4.4204	5.5825	6.1916	4.6151	4.2116	6.5629	4.4202	5.4927	6.3077	6.2183	6.5919	6.4939	4.4274	7.0916	7.9985	4.5744	5.1884	5.6217	6.2482	6.0242	6.345	5.9654	7.7742	4.519	8.2941	8.0628	6.9703	6.0986	5.5548	5.1707	7.1141	7.1934	5.2534	4.6737
EA_G__PERP	9.4157	8.4916	8.7471	7.7395	5.253	6.4862	7.5983	9.2823	9.4251	7.3117	9.712	5.6477	8.3126	9.9513	10.3279	8.8971	8.0849	10.1481	9.065	8.0827	9.5271	8.8947	8.6297	8.6221	6.9133	7.6294	8.8772	7.7237	10.1124	9.074	7.7453	7.7316	9.122	8.5246	7.2959	8.2908	7.08	8.7225	9.184	8.6028	8.5551	9.5149	8.3092	8.8196
EA_G__ITGA5	6.3772	6.5342	5.4102	7.6442	7.8303	4.9929	10.3861	6.7368	7.765	9.1896	7.0523	5.2835	7.3501	8.4005	6.6512	8.1923	5.8672	7.09	7.8664	9.0643	8.8209	11.1238	6.6621	6.3823	6.1907	8.059	6.6655	7.7972	6.2126	7.0346	8.5089	5.9778	6.9527	6.1176	8.4345	7.5599	10.4308	5.1878	7.1407	6.7302	6.2623	8.0146	5.62	7.8886
EA_G__LOXL2	5.4783	5.8448	5.6278	6.8917	11.5706	5.3784	9.6539	7.3672	8.3444	9.7971	5.3611	5.5669	7.4703	6.3969	7.012	8.4417	5.7226	5.7593	8.9623	8.3503	7.7097	10.4794	7.4047	6.4296	5.5399	10.1895	5.9609	8.8689	5.4797	5.8476	9.5549	6.3622	9.0558	6.7527	8.6472	9.8992	9.576	6.1699	5.9034	5.8065	6.9555	6.7612	5.6576	5.5175
EA_G__APOBEC3C	4.9575	4.3796	5.0079	4.3185	4.6432	3.9746	8.5489	6.252	7.5233	7.2601	4.2715	4.3922	4.4322	7.6314	8.0586	6.1462	4.3766	4.9659	6.7292	8.0813	6.5526	7.1948	4.5514	4.7951	5.3873	7.4161	4.4358	7.5841	7.6699	8.5436	6.6585	4.8073	7.4679	4.7309	4.6374	7.9769	7.4662	5.0818	8.9395	4.9317	4.2818	4.981	4.5283	4.3357
EA_G__TPD52	5.9209	8.4542	7.0653	6.6962	5.3719	6.8489	4.7685	6.829	4.9629	5.1704	7.2799	6.5672	7.0081	5.6315	6.5702	6.5929	6.3041	6.491	5.8988	5.8681	5.9646	3.9806	6.3341	6.808	6.5048	4.2657	5.5925	5.3093	6.894	6.7619	5.0152	6.1522	5.8764	8.3772	5.8053	5.8745	5.9066	6.8577	6.5493	5.7787	7.5175	7.1667	7.2785	6.8565
EA_G__GPR137B	7.3173	7.3696	7.4089	8.1599	7.0778	7.3259	6.5502	6.2259	6.8084	6.4613	8.107	8.2884	6.8585	6.7126	6.9986	6.5121	8.0507	7.6793	6.8539	6.108	3.5024	4.7996	6.656	7.7104	7.9816	7.3236	7.799	6.6327	7.212	5.9258	7.5814	6.6425	6.7756	7.1303	6.8735	6.4763	5.6081	7.6708	7.3033	7.8159	7.0711	7.502	8.8563	7.0471
EA_G__SLFN11	4.0289	7.3239	3.4401	6.6335	8.8063	3.6834	7.9094	6.7822	4.9182	3.8921	3.64	3.5673	3.7837	6.9671	3.7642	3.9415	3.8847	6.6266	3.7182	8.7167	4.0784	3.9653	4.2244	3.8785	3.8369	5.043	7.1813	3.6201	7.8717	3.9968	7.7132	4.9768	6.3828	6.6291	3.8912	4.3298	8.1337	4.0513	8.2407	7.1963	5.6434	3.8951	3.6617	3.6138
EA_G__LRP1	7.3455	5.8054	5.7512	6.6153	7.2126	5.7528	6.9074	6.4076	8.0052	8.9511	5.5205	5.6759	7.0528	6.8939	6.513	5.8578	5.8021	5.5253	6.5772	8.0746	5.9964	8.4479	6.5123	6.3447	7.2488	7.5366	6.4919	5.8946	5.9961	6.6637	7.1023	6.8374	5.7432	5.9299	8.0212	7.0683	6.5519	5.6962	6.8541	6.1843	6.9752	7.747	6.0082	6.3535
EA_G__MMP2	4.619	4.7727	4.5862	4.3656	4.9219	4.4867	6.4642	7.6929	5.7732	10.9422	4.4826	4.4733	4.9088	6.0595	5.4077	5.6186	4.9253	4.9941	4.6012	7.4544	5.7767	10.3265	5.0395	4.9834	4.8745	9.8229	5.0684	4.6176	4.5248	5.481	7.0672	5.6996	6.143	5.2895	9.6213	7.411	9.4531	4.7076	5.1411	4.8119	5.1935	4.771	4.914	4.563
EA_G__NEDD9	6.0988	7.0541	6.369	5.6202	4.3702	6.2842	5.5287	6.296	8.1089	4.4978	7.6662	5.8265	4.8435	5.1507	7.3277	7.9067	6.1884	6.6483	8.7324	4.4449	5.8518	6.7673	5.6187	6.171	5.5023	5.6725	7.695	5.7837	7.1416	6.0837	4.8665	5.3281	6.5838	7.4896	4.4785	5.6738	7.5467	4.6345	6.7999	6.6815	5.1042	6.2367	5.6103	4.8497
