Cell lines	600MPE	AU565	BT474	BT483	BT549	CAMA1	HBL100	HCC1143	HCC1187	HCC1395	HCC1419	HCC1428	HCC1569	HCC1806	HCC1937	HCC1954	HCC202	HCC2185	HCC3153	HCC38	HCC70	HS578T	LY2	MCF7	MDAMB134VI	MDAMB175VII	MDAMB231	MDAMB361	MDAMB415	MDAMB436	MDAMB453	MDAMB468	SKBR3	SUM1315MO2	SUM149PT	SUM159PT	SUM185PE	SUM52PE	T47D	UACC812	UACC893	ZR751	ZR75B
Response	1	1	-1	1	1	1	1	1	-1	-1	-1	-1	1	1	-1	-1	-1	1	1	1	-1	-1	1	-1	-1	1	-1	1	-1	1	1	1	1	1	1	1	-1	1	-1	1	-1	1	1
EA_G__TTYH2	6.2957	6.6553	6.0106	6.5553	5.9514	6.2996	6.4936	7.415	5.2801	6.7154	5.6287	6.4406	7.8237	7.6494	5.8357	5.2787	5.7379	5.5356	7.1352	7.4015	5.3558	5.6399	6.1033	5.7759	5.4237	6.2308	5.1456	5.9844	5.3898	5.909	6.252	5.0411	6.9804	7.2142	6.6988	5.6698	5.921	5.4572	6.5865	6.6331	5.7809	6.2074	8.1749
EA_G__SLFN11	4.0289	7.3239	3.4401	6.6335	8.8063	3.6834	7.9094	6.7822	4.9182	3.8921	3.64	3.5673	3.7837	6.9671	3.7642	3.9415	3.8847	6.6266	3.7182	8.7167	4.0784	3.9653	4.2244	3.8785	3.8369	7.1813	3.6201	7.8717	3.9968	7.7132	4.9768	6.3828	6.6291	3.8912	4.3298	8.1337	4.0513	8.2407	7.1963	5.6434	3.8951	3.6617	3.6138
EA_G__RASA3	6.7536	7.7281	6.1854	6.9515	7.9914	7.8598	7.0314	6.9166	5.544	7.3455	5.6888	5.9938	6.6235	8.0798	6.9662	5.7554	6.9974	6.2026	6.7827	8.3408	5.2362	8.4783	6.8907	6.387	6.2322	6.7883	7.6861	6.3381	5.3877	8.6468	6.1545	7.3252	8.2353	7.4424	7.5334	7.737	5.1827	5.7501	6.5498	6.1496	5.6435	6.8251	6.7331
EA_G__MIPEP	7.2902	6.7835	8.3486	7.9182	7.9982	7.4577	7.3639	7.0585	6.8196	6.9337	9.1829	6.9938	7.2814	6.5371	6.9973	6.836	6.8542	7.4639	7.5026	7.2798	6.5412	6.6633	6.846	7.1347	6.5897	7.3512	6.953	9.0417	7.2708	7.597	7.9343	7.5689	7.1788	7.671	8.1321	7.2004	6.8241	6.9328	7.2435	7.6996	7.0772	7.7388	10.207
EA_G__C8orf38	5.6885	5.2961	7.4005	6.7728	6.36	6.5944	5.2213	5.9578	5.9875	5.4229	9.7617	7.3404	6.8741	5.5815	7.5749	6.428	6.7847	7.2665	6.1555	5.9237	6.2838	7.1253	6.3628	6.663	6.598	6.087	6.4429	6.5667	6.5273	5.2261	6.1991	6.3634	5.3366	5.7822	6.0141	5.8823	5.7278	5.6055	6.2685	6.7931	6.9358	6.1164	6.5177
EA_G__BNC1	4.4225	4.6525	4.5391	4.5794	4.9046	4.5271	7.8292	4.5858	4.6519	5.013	4.2098	4.5758	5.4908	8.9293	5.375	4.532	4.5223	4.7651	7.5959	5.5354	6.9696	4.4421	5.2848	4.9453	4.6273	4.7857	4.8329	4.6672	4.1558	7.6679	5.0196	4.6605	4.7998	4.616	8.4732	8.6029	4.718	5.0088	4.6339	4.9844	4.5514	4.6371	5.0175
EA_G__PAR5	7.6718	5.5575	7.0457	6.1032	4.1781	7.223	5.8183	7.644	3.7977	4.7074	4.3404	3.9709	4.176	7.2172	7.0402	4.4654	4.0041	7.4913	7.5145	7.5487	3.8751	5.1615	4.3599	3.9022	5.156	6.1612	4.0247	7.6116	7.5501	7.0344	6.749	3.6227	5.1666	8.4151	6.7324	6.4475	4.5124	4.9471	6.4211	6.0077	7.1031	7.188	6.7668
EA_G__ZNF738	6.4199	4.2	7.0941	6.7008	8.1237	3.3839	4.317	3.7679	8.2316	8.3649	7.4396	7.9623	7.594	5.9306	7.2096	5.8127	6.8361	7.6064	6.9004	6.9812	6.5093	5.8654	6.2447	6.2862	7.1484	6.143	6.4364	7.0276	6.6833	5.7607	6.3408	5.8902	4.2731	6.615	6.4667	5.976	7.0602	4.5332	6.6024	6.8515	6.8288	5.7957	5.798
EA_G__ABCD3	8.0706	8.5544	7.6145	8.5018	7.8171	8.6562	8.3929	7.2693	7.5809	8.6903	8.75	8.8656	8.5035	6.866	8.9051	8.1507	8.3039	7.9655	8.0947	8.2058	8.9356	8.0793	6.8327	7.1561	9.1548	7.2648	8.7925	7.6617	9.0646	6.9224	7.2414	8.4559	7.932	7.7466	8.6189	7.6636	8.5949	8.0512	7.576	7.7226	8.0997	7.1523	7.1825
EA_G__MGAT4A	7.1175	7.2337	7.9405	6.6441	3.5648	7.0458	3.4187	6.4377	7.0051	5.7811	8.3426	8.7133	3.9622	4.1821	6.597	7.0333	7.4289	7.2257	7.3125	6.0781	7.3453	3.4221	6.2895	7.3787	7.4632	7.5161	4.4567	7.106	7.0817	5.0159	5.7758	7.1053	6.8743	4.1153	5.0296	3.4517	7.4609	6.3828	5.6407	6.6198	8.6996	5.7478	4.6306
EA_G__CXCL1	6.2315	5.773	5.2495	5.4843	8.6757	4.9909	6.1395	8.9861	5.6913	5.6857	5.6354	5.3001	6.2977	7.2266	8.0653	5.8269	5.4469	5.7465	5.7099	8.792	6.8879	5.3542	5.4661	5.6147	5.6269	6.1869	5.8693	5.6813	5.2917	8.0614	6.2812	5.7624	5.7848	8.2351	11.2877	6.2625	5.2772	5.8319	5.3383	5.5119	5.6976	5.1903	5.5626
EA_G__ETS2	7.6868	8.1544	5.9882	6.7044	7.6179	5.7312	8.6726	9.8797	4.4996	6.946	4.4589	6.0857	8.0416	9.1314	8.521	9.0216	4.9514	7.524	7.3306	7.2601	7.5177	8.7817	7.6743	7.6445	5.9571	7.4479	7.4919	6.9607	4.9855	8.4996	6.1512	8.0778	7.8091	9.6944	8.9333	9.2659	6.9815	8.1139	5.8419	7.1329	6.7168	6.2789	6.8801
EA_G__IRF9	6.9987	5.7972	6.4872	9.006	7.0059	5.6445	6.3465	7.1758	7.357	7.505	6.2185	6.9788	7.1472	5.6094	7.7845	7.583	7.7266	7.061	6.5593	6.0724	9.0531	6.4571	7.1904	6.8928	8.3532	6.9745	6.2395	7.5352	8.6384	6.5629	6.0192	6.2491	6.1231	6.3522	7.2759	5.5514	5.9676	5.5177	6.4678	5.6357	8.2194	5.2085	5.0718
EA_G__ATP1A3	6.5694	8.9251	5.6713	7.9862	6.7662	6.6755	7.5369	6.1781	5.4779	5.7338	5.3612	6.447	7.6039	6.5785	6.5915	5.7931	5.5629	5.4458	6.5714	6.9067	5.5707	5.6273	6.6523	6.6414	8.8871	7.2116	6.8437	5.6585	6.1735	7.1303	6.1758	6.2792	6.789	6.6408	5.8709	5.5016	5.9154	7.0571	6.8462	7.758	5.7177	6.0614	7.4953
EA_G__SLC6A15	3.7785	7.1291	3.273	3.5835	3.7372	3.1815	3.6574	6.8971	5.2064	5.4965	3.1428	3.5551	7.6077	6.8517	3.0742	3.4851	3.6928	3.4727	3.4102	7.1976	3.5516	3.4367	3.5232	3.5706	3.5068	3.6135	3.5408	3.2714	3.3421	3.831	3.7884	3.3417	7.2049	7.9561	7.7974	3.8068	3.4867	3.9042	3.6704	3.4567	3.7111	3.4996	6.9265
EA_G__STAT1	8.3332	8.2062	7.9819	9.5	8.6689	7.7621	8.1247	7.9236	8.7763	9.4363	8.4277	8.4834	8.6816	8.8696	9.6781	9.7542	8.2691	7.5906	8.6434	8.7964	9.9498	8.9713	8.5068	8.6322	9.6129	7.5953	8.6625	8.6943	8.8024	8.4163	7.7337	8.3401	8.0046	8.6331	9.1423	8.0728	7.9409	8.1214	8.4573	7.8493	8.4842	7.8277	7.7247
EA_G__TNFSF10	7.2591	5.7198	6.1808	6.6762	3.9131	4.191	3.6986	3.5048	7.7882	3.4474	7.5689	6.5684	3.5722	4.645	6.3477	6.4558	5.204	8.1757	5.2783	3.5772	9.709	3.725	3.7304	4.1417	6.1581	5.5207	4.6852	7.0454	8.5212	3.4266	6.1688	6.3793	4.2662	3.6572	4.2944	3.437	7.5867	7.7597	6.7804	6.5223	7.7882	5.9878	4.0143
EA_G__CCNE1	7.6535	7.8418	7.0969	7.2369	7.4634	7.6882	6.847	8.339	8.7289	7.419	6.7812	7.5335	11.2562	9.7392	7.4122	7.376	7.1568	7.6396	8.5594	7.8077	7.3077	7.6216	7.3331	7.1323	6.8991	7.8367	7.5348	7.1922	6.9594	7.5896	7.2704	8.7211	8.2914	7.809	6.8693	6.9504	5.1363	6.1008	7.1561	7.3417	6.6686	7.2865	7.692
EA_G__APOBEC3B	7.2748	2.4381	8.3055	7.3443	8.2441	6.6623	8.1291	10.1427	6.7805	8.8728	6.3942	6.455	8.3806	6.6707	8.7842	9.2429	8.9128	7.323	6.5672	4.221	5.4002	8.6776	5.881	7.475	7.3582	6.9365	8.0777	7.5166	8.3532	6.2455	7.8404	8.2473	4.393	7.6028	6.2948	8.2245	7.9759	4.4436	8.2439	7.2063	8.5016	8.0971	6.7079
EA_G__GRB10	5.464	6.3402	7.4349	7.4912	6.1183	8.472	6.3122	6.2385	9.7698	7.8265	6.5872	7.3059	7.4586	5.6625	5.7046	7.6618	7.4864	7.3268	5.3412	7.5862	7.1859	8.4033	6.2182	5.7537	8.517	5.8997	7.533	6.5659	8.0593	8.0676	5.8884	7.5212	6.6795	6.6428	5.2726	8.0926	6.372	6.1759	7.8066	7.3406	7.2275	5.6585	5.8785
EA_G__PARP9	7.4693	4.7977	6.4419	8.19	7.2997	6.6431	5.7371	5.5529	7.4973	6.1352	7.191	6.3153	7.8132	6.2247	7.5621	7.9817	7.4864	7.0927	5.5358	6.5488	9.7841	6.3171	6.9433	6.6561	7.9248	7.0759	5.892	7.3169	8.2982	5.7649	6.3061	6.5136	4.3454	5.8646	7.7701	6.1292	6.662	8.0849	7.7222	6.104	8.2325	7.0765	5.0168
EA_G__TP53INP1	7.1211	4.0339	8.5398	8.086	6.3946	6.9129	4.3717	4.1921	4.5465	4.4168	10.0237	8.8782	6.0874	4.385	6.9501	5.9169	8.0398	6.8808	4.0731	6.0588	6.1896	5.8195	7.2924	7.6158	7.3659	7.4096	4.5579	8.3123	7.0256	4.7112	6.518	5.8487	4.5237	3.7159	4.1588	3.8629	7.5959	5.8419	6.9661	7.8789	7.0846	6.8327	6.9651
EA_G__RCAN1	8.3981	7.276	5.9413	6.4002	7.1087	6.4347	6.9369	7.2862	6.3657	5.7634	6.2422	6.0939	8.7301	5.979	6.7756	7.0026	6.3005	6.7504	6.2905	7.4835	8.3032	6.4474	6.406	5.9538	5.8937	8.4988	6.5914	6.3447	7.4459	6.6152	6.391	9.031	7.0801	7.2268	6.5082	7.1898	6.2648	6.6532	7.4684	6.9513	6.087	6.7413	6.1417
EA_G__BRD9	6.5119	7.52	7.4878	7.3624	7.3621	7.0962	7.5092	7.095	7.428	7.8264	7.1382	7.3027	7.2444	7.8455	8.1898	10.1603	7.3267	6.93	7.3768	7.8572	8.1182	7.6697	6.6873	7.0869	6.8641	6.6992	7.7837	7.2717	7.2449	7.1041	6.9404	7.2785	6.834	7.0352	6.7035	8.1623	7.2232	6.9256	7.3582	6.6416	6.9238	6.7132	6.6879
EA_G__PWCR1	8.9888	5.3227	10.4187	8.1334	3.0837	9.3336	6.9544	8.4868	2.947	3.1295	3.0359	2.8125	2.8025	8.2323	8.2084	3.26	2.4943	10.2307	8.6462	9.3808	3.2082	6.4405	2.8341	3.1931	7.4359	8.8283	2.8326	9.0792	9.374	8.9038	8.6979	3.3384	4.3452	10.521	8.6516	8.8029	3.2803	3.4601	7.9272	8.077	9.9605	6.948	8.2631
EA_G__RARRES3	9.1096	7.7687	5.3993	6.6058	4.2899	5.8098	5.3176	5.1693	9.1422	6.0391	7.3182	7.167	5.2026	6.1213	8.343	9.3154	8.1094	8.1406	4.145	5.9253	9.5802	4.9869	5.4719	4.715	9.3606	6.5677	4.9322	5.1257	10.0138	4.291	5.6183	8.4888	7.653	4.6534	5.8286	4.4097	6.1348	8.6296	8.112	7.2365	6.5094	5.1083	5.337
EA_G__PLEKHA2	7.1913	6.803	6.5699	6.9505	7.0212	8.056	8.2724	6.1693	6.8387	6.144	5.8322	5.3397	6.7633	8.1319	6.7739	6.2636	6.8222	7.5654	6.2065	9.2582	6.7399	6.4447	6.4472	5.9849	8.7015	7.2099	6.2644	7.1486	6.7822	6.6698	6.1039	6.9273	6.6202	8.0243	8.0466	8.578	6.8361	8.7067	6.925	6.6464	6.4765	6.2896	5.8709
EA_G__UGT8	6.0429	6.378	5.0197	5.6417	5.6383	5.5453	5.1125	8.5461	5.9978	6.0531	5.5684	6.7954	10.4614	6.887	4.739	5.2831	6.4734	5.1648	7.3784	7.2467	7.0447	4.9199	5.1973	5.0683	5.1076	5.2548	7.3871	5.2575	5.0694	6.4956	5.6417	6.1548	6.7126	6.2006	7.5879	5.4543	4.8474	5.5115	4.9056	4.9912	5.2064	5.8282	7.1521
EA_G__MEGF9	7.0461	6.094	8.7061	7.4811	5.822	7.6443	5.7505	5.9558	7.2222	6.1581	6.9122	9.1405	6.0661	6.5113	6.1046	6.7453	7.5722	6.5073	5.9738	6.1278	6.3046	6.2887	7.6627	7.5047	7.6915	8.2692	6.1493	9.7645	8.6638	6.12	7.6239	5.9218	6.2421	5.741	5.513	6.3937	7.5167	7.5806	8.0296	7.315	8.4113	8.3711	7.4477
EA_G__RERG	6.304	5.7883	7.0617	8.9341	6.9909	7.1023	3.8992	5.2465	9.1777	6.389	7.4429	6.875	3.3728	3.7	7.0141	4.2244	5.8509	8.5667	3.7031	3.7498	8.8424	4.2458	5.4949	7.6464	9.2628	6.5258	3.7492	8.2545	7.997	3.8147	5.7481	8.0953	4.6398	3.8895	7.7126	3.8277	7.7315	4.3393	7.2201	6.6304	7.5558	6.0999	6.942
EA_G__CRABP2	7.4296	6.1829	8.2111	10.912	4.4698	7.9616	6.0016	8.6534	10.6063	6.122	10.0004	9.994	6.1523	5.359	9.2933	9.5237	10.1591	10.1017	7.2807	7.095	10.0598	5.7308	10.0904	10.2988	9.8344	9.6052	6.2093	6.9694	9.4935	5.4545	9.9741	10.5427	8.4814	6.0872	6.2944	6.0848	9.0317	8.6722	10.4906	11.0984	11.0173	7.8585	8.5211
EA_G__ZNF91	7.3303	3.247	7.8296	7.4681	6.727	7.5761	4.3008	3.3515	7.7064	5.8109	8.4976	8.1863	5.334	7.118	5.7455	6.6532	6.9867	5.1995	6.3693	6.45	6.2166	5.176	6.9134	7.1203	7.7508	6.4354	4.4042	7.5935	7.4691	5.4652	5.4573	6.641	3.5138	6.2806	7.0586	4.4679	7.0333	5.2976	6.0909	7.1857	7.2113	6.8157	4.688
EA_G__PROSC	8.4071	6.9543	7.7791	9.4024	8.2912	9.0613	8.1879	7.4837	7.3607	7.3428	8.2497	8.1848	8.5838	8.105	7.1638	7.2847	8.1915	8.4134	7.7126	8.3445	6.9349	7.8458	8.0721	7.6868	10.379	7.8482	7.7727	8.3526	8.0222	7.7486	7.7677	8.1429	7.2703	8.1236	7.7901	7.9593	7.9341	9.7352	8.1248	8.1056	7.3896	9.0744	8.8766
EA_G__SNF1LK	7.3472	7.4717	6.125	6.7042	8.1864	6.7851	7.7931	9.3282	9.1018	6.591	6.3455	6.7299	7.2463	8.1673	6.9341	7.587	7.483	6.4576	8.0192	7.8682	6.7097	6.5979	7.6416	7.8113	7.5154	7.3881	6.7562	6.2972	6.7103	7.695	6.7099	7.118	7.071	8.5385	9.6633	7.2634	6.732	7.2462	6.2743	6.8817	7.2537	6.7865	6.8515
EA_G__SYT7	7.3093	7.8438	9.013	8.1538	5.624	7.1669	5.8538	6.5406	9.135	8.0894	6.5977	7.5207	7.5053	6.4084	7.0307	6.5839	8.7017	7.5656	5.8712	5.0595	7.731	5.6967	7.7789	7.5346	9.5571	7.9565	5.5078	7.7687	8.2806	5.3551	6.7126	8.1665	7.8086	5.8711	5.7903	5.8368	8.2797	7.7134	7.6941	7.9714	8.2836	7.917	7.5292
EA_G__HMOX1	6.6282	7.6033	6.4604	7.3781	10.3403	7.8006	7.4373	7.4218	9.441	8.9858	6.3006	6.8771	7.4095	7.0947	6.6083	6.9832	7.1866	7.9572	7.1287	7.5388	7.7313	8.0817	6.7644	6.9032	7.2963	7.1569	6.823	6.9709	7.2995	9.4213	6.9214	8.2259	7.8251	10.9474	7.5801	9.7875	6.8201	6.622	6.6301	6.6336	6.8436	7.2665	8.529
EA_G__DNER	5.627	5.1472	5.4137	5.6186	6.2841	4.8851	6.8259	6.9456	5.0637	5.0964	4.5338	4.7564	5.1132	5.7742	5.1299	5.4944	4.875	4.9183	5.9718	4.8761	5.0484	8.2094	5.0598	4.9271	9.5248	5.9317	4.6785	7.1297	4.608	10.6466	5.178	5.2129	4.8807	6.553	8.397	7.9814	5.666	5.1754	5.0248	5.2306	4.9569	4.8172	5.1132
EA_G__TMEM98	9.4954	4.9119	5.4122	6.7786	4.9445	4.5186	7.5345	5.6463	8.2765	4.8284	4.5504	4.9327	8.7098	7.1575	5.6695	5.0564	5.4408	5.3875	6.7775	7.7384	5.1637	4.8143	5.1628	4.9113	5.2211	7.713	4.8877	6.9486	4.5807	7.2051	5.6826	4.5175	4.784	5.0266	5.1448	7.6775	5.2243	5.6284	8.1567	5.5775	4.9705	5.4691	7.1559
EA_G__FNBP1L	8.5219	8.5289	8.4539	8.351	7.0591	9.6076	5.9068	6.7787	8.6686	8.0961	8.2637	8.7931	7.2188	5.7429	7.8353	7.8897	8.8583	8.3303	8.2916	8.1014	7.8392	6.9948	7.4318	6.9272	9.038	5.3207	7.3964	7.8818	8.683	6.2838	7.6256	8.1198	8.5993	7.5481	7.6881	4.6379	8.162	8.0922	7.9175	7.273	8.8764	7.8445	8.0693
EA_G__SFRP1	4.6986	5.0319	4.5424	4.5532	6.6239	4.3125	6.8256	7.3617	5.3977	5.5117	4.5348	4.5497	7.4503	5.8191	7.7735	4.5245	5.1112	4.7684	8.1133	5.4268	4.9546	5.1001	4.8552	4.8744	4.6306	4.9372	4.6774	5.3745	4.4019	5.6935	5.7847	7.6785	4.9286	4.7019	8.6736	4.8084	5.3775	5.2089	4.9447	4.5128	4.6594	5.2018	4.7946
EA_G__SIDT1	5.7225	7.4447	8.8752	8.5645	4.6729	8.5319	4.7236	4.3608	4.6682	4.3873	8.7279	8.8931	4.4944	4.8537	4.7245	7.2688	7.7584	7.114	4.5267	4.2934	6.0595	4.3148	8.2739	8.5397	8.675	8.167	4.9182	8.5383	9.0785	5.1703	8.1899	5.683	7.1021	4.6199	4.8109	4.4668	7.8236	7.9518	8.588	7.5637	8.7403	7.6898	6.1964
EA_G__CD109	6.1416	4.6673	3.7921	5.5339	8.3527	3.4254	8.1943	9.8252	3.4962	9.2487	3.0817	6.5144	7.1157	8.0877	9.3691	3.591	3.3803	3.7098	9.8537	8.8739	7.4854	8.6953	4.4126	5.5731	3.3263	5.2943	3.3463	6.1181	7.5862	7.816	3.8296	7.6836	4.357	10.4754	8.624	9.3002	5.8117	3.6874	4.1718	7.6538	3.4162	4.3542	4.5237
EA_G__GAL	5.663	5.1076	5.6671	6.8518	5.351	5.6496	5.3981	6.9161	7.531	5.9946	5.0022	6.2855	9.8244	9.3584	8.1175	5.8454	5.2346	6.1611	8.1456	7.1952	5.5051	4.9659	6.3427	6.921	5.262	5.4769	4.6978	6.0197	5.0283	8.9826	5.7312	6.6721	5.6401	5.2223	6.4893	5.6417	6.0155	5.5239	5.4186	5.8586	5.3666	5.6344	7.9118
EA_G__DEPDC6	7.4503	6.6941	9.1632	7.448	4.9752	7.5121	5.0898	6.4015	6.416	7.052	8.3884	8.0948	6.8441	4.7516	5.8902	5.8436	7.74	8.5968	6.2251	6.0457	7.4547	9.2139	6.8396	7.695	8.225	8.3302	5.541	9.0918	9.6198	5.3269	7.432	7.9602	8.03	6.4449	6.1382	5.6161	7.127	6.946	8.0294	8.5831	8.9788	6.7683	7.0533
EA_G__GHR	3.6065	3.4555	7.0331	4.4249	3.2946	8.2991	3.8792	3.6146	7.3657	3.4598	6.2015	6.8667	4.7513	3.453	3.1757	3.2235	4.3375	4.0767	2.9606	3.0266	4.2527	5.2987	4.6304	7.0062	5.5601	6.6707	3.0519	5.8397	7.612	3.6096	7.7942	3.1296	3.5592	3.7344	3.2773	3.4318	6.1368	5.217	7.7204	4.3278	6.6902	5.4494	4.6905
EA_G__IFI6	8.0205	8.8049	7.9177	11.3769	8.1399	6.2723	8.3114	9.5254	8.5864	8.7518	7.8325	8.8305	9.6611	7.6102	10.0389	9.4937	10.3343	7.7947	7.5965	7.6075	12.4696	7.8243	8.8915	9.206	10.2621	8.9342	7.4426	9.8659	11.0616	7.5357	7.5724	6.1693	7.6435	8.5163	10.2681	7.7294	6.7292	8.3479	9.3106	7.8069	9.9803	7.9529	6.4615
EA_G__PELI1	5.9647	6.6992	5.8345	5.9866	5.4567	4.6227	6.1829	8.9332	8.9104	7.3857	6.6035	8.0533	8.0148	7.0929	7.9337	7.2112	6.8029	6.9788	7.5129	7.2449	8.2749	6.8893	6.478	5.1032	8.3341	5.3363	7.2298	6.4351	6.7005	6.7674	4.5744	8.2269	6.6792	5.746	6.9879	5.8423	7.0353	5.4903	6.1422	7.253	6.5594	5.8788	5.7152
EA_G__ARRB1	8.2889	9.278	9.8252	9.1138	7.2888	9.9283	7.3377	8.1013	10.1215	7.5478	8.8726	9.7235	8.7038	5.9949	7.766	8.4052	8.3822	9.0201	6.4387	7.4618	8.705	7.8793	8.548	9.302	11.1235	10.9277	8.1342	8.6984	8.8635	6.6255	8.7944	8.8981	9.5879	6.4149	7.6542	5.28	8.8767	9.7353	8.9914	9.19	9.6113	7.8939	7.5003
EA_G__TMTC1	4.4896	4.1975	4.0964	4.0667	8.1638	3.7979	4.4769	4.1884	5.6936	6.9863	4.0699	3.7346	5.7868	4.3432	4.0998	4.0193	4.0881	4.3677	5.3318	7.6003	5.1946	5.8329	4.098	4.1876	4.29	5.6326	4.2578	4.0151	7.1982	8.6953	8.0381	4.0831	4.2633	4.1865	7.6286	8.5249	4.019	8.0459	4.3469	6.93	4.2493	4.4731	7.2359
EA_G__RANBP6	6.6269	7.2074	6.783	8.1933	7.8091	8.3597	7.6983	7.9058	8.2699	8.9775	7.2594	6.7298	7.6135	7.3862	8.1739	10.2783	8.5774	5.8212	8.8739	9.8342	8.111	8.6086	7.0049	7.0682	8.1898	7.1919	7.9168	6.69	7.5771	8.616	6.6933	6.5204	6.9985	6.4378	7.8482	8.4859	8.4586	7.0878	7.7893	7.204	7.9895	7.4285	7.6502
EA_G__COL6A1	6.4655	6.0794	6.468	6.6022	7.7676	6.0711	8.2308	9.0875	5.9974	10.3939	5.8722	6.1268	8.5582	7.8176	7.4242	6.2756	6.5564	6.3333	6.5532	10.1632	6.3377	11.1987	6.6858	6.6419	6.122	7.7945	7.2708	6.5551	5.9473	8.1584	7.0464	5.7849	6.3821	8.3978	8.1566	7.3378	6.2869	6.8732	6.525	6.6154	6.2368	6.361	6.6971
EA_G__SORD	8.4451	9.0821	8.6767	8.9605	8.9932	11.2889	8.8899	9.4886	8.7348	8.0589	8.8037	7.8133	10.5709	9.7493	8.4723	8.9354	8.4834	8.5646	8.585	8.6792	7.7384	7.3303	8.9495	9.0296	9.4353	8.6335	9.8563	9.5153	9.3114	9.0177	10.7189	8.6238	8.7344	8.5516	9.5296	9.5634	8.8721	8.9652	8.7339	8.7702	10.1453	11.4932	10.6901
EA_G__ITGB6	8.1454	6.622	7.7948	7.3768	3.2125	3.3883	3.4102	3.6591	3.7683	4.1597	7.3087	4.9449	3.1141	6.1876	8.0836	9.3091	8.4758	5.7738	9.9717	4.1716	9.7912	3.2996	8.1377	7.5547	5.5715	9.261	3.4295	7.3265	8.8327	3.2525	3.8967	7.5417	9.0545	5.1371	3.7065	3.1773	8.893	6.4499	6.0937	7.2525	9.4049	4.2583	3.2175
EA_G__DZIP1	3.8423	3.8318	3.9976	3.6467	7.9986	3.7616	6.9908	7.7736	7.865	6.4633	3.7432	3.8025	7.1699	5.7347	7.3229	3.8667	4.0447	3.9119	5.2573	8.0773	5.5767	6.5828	3.9509	3.9015	3.7455	4.2862	3.9174	3.8676	3.8059	8.098	4.6561	7.0349	4.3905	7.8718	4.8824	6.8542	4.2409	4.2736	4.0125	6.6612	4.0882	4.1754	4.1316
EA_G__BAMBI	9.043	7.9415	10.9483	9.7965	9.5427	7.1282	6.4441	8.9009	9.2597	7.6812	11.554	8.6742	9.0298	5.2225	9.1935	8.7315	10.0132	10.7307	9.5724	7.367	8.4422	7.3105	10.6285	11.5012	9.9713	10.8275	6.5424	11.1828	10.2395	8.2252	8.4677	8.4536	8.8646	4.7859	7.5736	6.0396	10.2713	8.641	10.9692	6.3965	11.3049	11.0753	10.0016
EA_G__SLC24A3	6.1884	5.8567	7.6921	8.927	4.9069	8.2005	4.916	5.4026	8.4196	5.6591	7.088	7.3408	6.854	5.1651	4.81	5.1148	6.8799	7.4995	5.2071	4.6949	7.2516	7.5909	6.3113	7.6462	7.4927	6.4122	4.8684	7.4147	6.5707	4.8829	7.3839	6.6344	6.6887	4.7718	5.043	4.925	7.853	7.3459	7.4011	6.4345	6.4428	6.9271	6.0728
EA_G__PSPH	8.1364	7.3902	8.985	6.9631	9.0737	8.3679	7.4947	8.7555	8.7772	8.3853	8.0849	7.9505	7.6698	7.865	8.5813	8.7109	8.5525	8.078	8.4717	8.0389	8.4856	8.2638	8.3905	7.56	7.4143	7.7325	8.7525	8.3302	7.5235	8.6181	8.1851	10.792	7.2295	9.1561	7.8796	7.7659	8.8248	7.2878	8.4671	7.1854	8.7858	7.4852	7.5738
EA_G__PARP14	7.1667	4.4477	6.1166	7.5307	6.7668	6.2694	4.9431	4.988	8.3087	5.4619	6.2625	6.3721	6.7691	6.4938	7.8487	7.7327	7.3735	6.3118	5.5897	6.6413	8.9349	5.6575	6.251	5.3733	7.3739	5.7928	6.606	7.0633	7.9278	6.4623	5.9618	7.2342	4.2858	5.8847	6.5699	6.1167	5.916	7.8007	6.7754	5.5238	7.1884	6.3867	4.3907
EA_G__ROR2	4.9968	5.0366	5.0581	5.6659	5.1274	7.9446	7.0427	6.3759	5.2227	5.649	5.1032	5.1551	5.353	5.666	5.9644	5.049	5.3507	5.4997	5.4122	7.0252	5.5183	5.3434	5.7228	5.7255	5.1448	5.9717	5.3885	6.8089	5.3916	6.4899	7.4811	5.0464	5.7107	5.5	7.9575	5.1204	7.4	6.7587	7.3815	6.6062	5.358	7.0294	6.7899
EA_G__RAB38	4.748	5.0076	5.2149	5.7753	4.5026	4.7627	5.1081	4.9551	6.2294	5.0822	5.1297	7.9437	4.4994	9.1861	7.0946	5.3936	6.6595	5.3835	4.7469	6.2689	6.6002	5.1511	4.7386	5.6053	4.7175	5.8205	5.136	7.9365	7.8406	5.4896	5.0837	5.0345	5.1862	4.9365	8.6056	4.9034	4.7152	4.9047	6.8348	5.4012	8.5077	5.1026	4.7659
EA_G__HSD17B1	6.8648	6.1767	6.6528	7.1656	6.3509	6.9166	6.7655	6.3769	6.191	5.998	8.3289	8.4302	6.6546	6.5512	6.0547	6.1149	6.611	8.9288	6.5383	6.5624	6.1392	6.4509	6.8158	6.6654	6.2387	8.226	6.295	7.1552	6.637	6.3232	6.7763	7.187	7.1995	7.0966	6.2754	7.0723	6.0497	7.9879	8.6434	9.263	6.8985	6.549	6.2183
EA_G__PITPNC1	5.9581	5.5345	7.8044	6.3762	5.2162	6.9251	5.016	7.0212	5.1425	6.6952	6.5773	9.4228	4.747	6.4283	5.6002	7.1111	7.6632	5.9105	6.5611	4.5402	6.7923	5.8769	7.7613	7.2287	7.2535	6.1345	6.034	7.8241	6.7048	6.1741	7.9891	6.2934	6.3138	6.8045	5.0386	6.0261	6.8894	4.687	6.4611	6.7829	6.8628	7.1502	6.6286
EA_G__COL6A2	6.6302	6.6511	6.9673	7.2551	7.9296	6.6004	8.2387	8.7589	6.7259	10.2792	6.5324	6.6504	8.1956	7.8025	7.4572	6.8103	7.0609	6.8826	7.1181	10.0293	6.9764	10.7826	7.1572	7.2812	6.7611	6.8377	7.0407	7.15	6.5697	8.241	7.5773	6.3237	7.0053	8.328	7.9163	7.7346	6.9604	7.384	7.0124	7.0688	6.8053	7.0345	7.4179
EA_G__EPB41L4A	6.9861	4.8197	7.0521	5.6139	3.9585	5.7618	4.2694	5.0865	4.4588	4.1933	8.3309	7.5778	3.9447	4.723	5.6705	6.4675	6.9902	7.9628	5.5236	3.7847	6.6248	4.0786	4.8247	4.7297	7.9019	7.1104	5.7975	7.6741	9.1353	5.6044	8.1433	5.5866	5.9446	3.8929	8.5043	4.0766	8.46	7.4104	6.8676	6.1666	7.1001	5.3605	5.4527
EA_G__B4GALNT1	6.4731	5.449	5.1344	5.891	8.2262	7.3138	7.5268	7.4049	7.3268	6.8971	4.6753	6.7284	7.6681	7.8394	5.1563	5.2945	5.1335	4.9134	6.8708	7.8115	7.1808	7.2349	7.1537	7.3249	6.5747	5.2487	6.2731	8.1105	6.3089	6.7294	6.1507	4.6849	5.5622	7.7587	6.5329	6.9668	5.2211	5.7415	6.2031	5.0823	5.3667	7.2733	7.8176
EA_G__GYG2	7.8871	7.1576	6.2027	6.4853	5.2693	5.7758	5.2588	5.0278	5.4435	5.294	6.8818	5.6047	7.0613	5.6904	6.3938	5.9091	5.2829	6.7178	4.9633	6.8701	5.4592	4.9197	6.1102	6.7559	5.4648	7.8392	5.5224	7.9013	5.0136	6.56	6.0633	8.3913	5.6047	5.4549	5.4488	5.136	5.1981	5.6961	5.9374	7.7537	6.5619	7.8063	7.0443
EA_G__MYO1B	6.8615	5.8133	8.945	8.9788	8.7951	8.0103	8.8806	8.3575	8.0004	9.5503	8.8665	7.959	7.7712	10.269	10.4487	10.9518	7.59	9.8555	8.4377	8.6697	8.274	9.5011	9.0457	9.1488	9.2139	8.7937	8.4929	7.8878	9.3267	8.8967	4.9158	8.4709	6.4471	10.0282	7.5577	9.3042	8.7633	7.6236	7.0142	7.2785	8.7875	5.7675	4.6242
EA_G__AVPI1	8.1867	7.9558	6.5064	6.5504	6.7659	7.385	7.5422	6.6755	6.6453	6.9948	6.8736	7.2437	7.5673	8.6921	7.3901	7.5761	7.1809	6.6553	7.1971	6.3745	6.7579	6.2778	8.0621	7.9514	6.9855	8.111	7.1789	6.8685	6.6118	8.2873	6.8803	6.8392	7.7045	7.1946	10.0203	8.4089	7.255	7.745	7.7371	7.6087	7.3738	7.602	7.0072
EA_G__P2RX5	6.5442	5.6535	4.8513	5.2032	7.7908	4.405	7.2265	7.3498	6.238	6.0583	4.9714	4.9715	7.6052	8.3032	6.583	4.7167	5.0817	4.8552	4.6299	7.2043	4.7547	5.8678	4.9903	5.4081	6.8051	5.6807	7.9649	4.5572	4.2916	6.3463	5.3502	7.528	5.708	4.4613	7.9986	7.2148	4.7202	7.4141	5.1753	7.0021	4.8915	5.3453	6.1291
EA_G__FSTL3	6.2606	6.7712	6.6243	7.9925	8.29	6.6981	7.8385	7.3862	6.3513	6.9988	6.7904	6.481	7.0656	7.7062	6.8675	6.8262	7.524	6.3215	7.57	7.4797	6.2131	8.9828	7.7468	7.4046	6.4834	6.8041	7.4653	6.6931	5.9216	7.9857	7.1502	6.5009	7.1409	7.4427	8.0244	8.7911	6.6813	6.5094	6.7341	6.7612	7.2488	6.8778	7.3586
EA_G__GPC4	5.1104	3.5621	6.2868	5.1995	3.7073	3.8111	3.7639	8.8753	5.5451	7.9676	6.8208	3.8903	5.23	3.9947	5.3175	5.8796	4.2999	5.083	7.0786	4.5048	6.9533	4.8186	4.7221	6.6727	8.2116	6.5707	3.6208	4.4385	4.4442	5.5256	5.4234	6.4215	3.7719	6.4853	4.2966	3.9069	7.6735	5.5025	4.9544	6.9826	7.3748	4.2425	4.573
EA_G__B3GALNT1	6.1488	4.8247	7.7167	7.4481	4.2293	7.5074	4.8981	5.454	5.5644	4.7191	7.6901	7.8454	7.4987	6.5447	6.5885	5.2193	7.6185	6.9654	3.7969	6.9197	6.6681	5.229	7.4146	6.9288	6.2082	5.3114	7.6341	7.4663	6.6235	4.7529	7.1675	6.1321	5.7178	6.2119	5.2284	5.5004	5.8687	6.557	6.9052	7.1476	7.3143	4.4337	4.388
EA_G__MUC5B	9.6932	6.4361	6.9314	7.7404	5.8684	6.7346	6.1071	7.1014	5.912	5.8945	5.7874	6.5453	7.6719	6.1315	5.7623	5.913	6.744	6.0889	5.8992	5.7273	6.1171	5.8392	6.768	6.814	6.4839	7.028	6.0495	7.1666	5.8982	5.9088	6.7563	6.5455	6.287	6.0671	6.2929	6.0471	5.946	6.3067	6.072	9.8801	7.9384	6.2141	7.8827
EA_G__NRN1	3.7117	3.7115	3.9894	3.8488	7.8623	4.1983	4.134	4.1911	9.5621	4.7676	3.7225	4.2483	5.1235	9.0866	5.8655	6.8081	3.9634	4.3879	7.2667	6.9137	4.0412	4.2024	4.4142	3.99	4.1612	4.708	4.3209	3.778	3.9451	9.3328	4.1938	9.3617	4.5049	8.1735	7.3623	7.7589	3.9766	4.7531	4.1114	4.5266	4.6267	4.2242	5.3893
EA_G__OLFM2	6.9079	5.547	6.6675	6.4416	7.0342	7.1634	5.7245	6.3654	7.564	7.2611	5.8302	5.6484	6.8719	6.0297	5.951	5.8034	6.2664	6.476	5.9857	7.942	6.1818	6.022	6.28	6.5583	7.4585	7.1608	5.4015	6.9463	5.5184	5.8233	6.6936	6.9623	6.362	7.077	5.9255	6.4636	6.3492	6.8775	6.1343	6.9109	5.9329	6.1437	6.6845
EA_G__PLK2	7.5236	7.8727	8.8925	8.5242	10.5128	8.5205	9.8673	8.6085	7.4595	7.9545	10.1316	8.5336	7.8623	8.9048	9.9297	9.543	8.0052	9.8103	8.7463	8.8406	9.5894	8.67	9.0988	10.4749	9.3449	9.7828	8.3677	8.7253	10.3724	8.33	9.3284	9.8337	6.7134	7.406	8.4268	8.0216	9.6279	8.9164	9.9098	7.2602	8.6954	7.4777	7.7337
EA_G__C9orf150	6.3988	7.1869	7.0707	10.7652	8.6927	9.877	6.2799	7.1481	7.4135	7.6684	8.5063	8.2506	5.0014	5.7357	6.51	8.3959	7.9191	8.0107	6.6126	6.4634	9.9622	6.4075	7.596	7.9432	9.3978	8.0685	5.8597	8.115	9.0118	7.2474	6.6495	7.367	6.7351	7.0564	6.7245	7.6222	6.9489	7.2989	10.3317	7.9699	8.0791	7.1346	6.9196
EA_G__EDG3	7.4502	6.934	10.4128	9.7139	6.3952	9.5367	8.6075	8.0358	6.8443	8.9643	9.1369	8.9153	7.8993	5.3846	7.8087	9.1444	9.3102	7.1815	7.2726	8.8852	8.5981	8.5947	8.383	8.9758	8.7868	8.7596	7.7877	9.4427	8.5052	9.2437	8.8173	7.4434	8.0215	7.9986	8.4006	7.2288	9.8528	8.3141	6.9779	7.5722	8.45	8.9381	8.2089
EA_G__PLAU	5.9385	4.9315	4.8841	4.8479	8.6933	4.4801	6.9891	8.7436	5.0131	5.279	4.9719	4.9397	4.9615	8.8449	7.0979	4.7291	5.766	6.7666	5.7082	7.4742	6.0511	8.372	5.0009	5.0307	4.8073	5.1139	9.1058	5.2563	4.9718	8.7948	5.5771	7.4528	6.7449	11.4254	6.0597	6.0434	5.0122	5.0896	5.0643	5.9255	5.0427	5.1345	4.9608
EA_G__PRLR	4.5995	7.9719	9.1863	9.9247	4.9871	9.5426	3.8677	6.8392	7.9902	5.3778	9.5253	9.6628	4.8155	3.4702	5.1603	5.2633	8.7529	8.3946	6.1661	3.8892	6.4743	3.5713	6.7331	8.7018	9.5475	7.3558	3.9288	10.1469	8.5814	5.5031	7.4217	6.6645	7.8099	3.7377	4.6704	4.4364	9.0648	8.0691	11.1837	7.9121	9.1934	8.9712	5.9926
EA_G__C4orf19	8.0286	6.5288	4.9878	6.3467	4.1448	4.8124	4.634	4.6326	4.7271	4.2693	6.6724	7.2498	4.6081	4.8004	6.5168	6.2142	6.5536	9.0779	4.6013	4.0473	6.2509	4.3065	4.9555	4.6187	6.4672	6.5942	5.269	7.0548	8.0548	4.7338	6.4595	4.6511	6.9425	4.5201	4.0911	4.4877	8.2994	6.5223	8.511	6.0154	6.9919	4.8186	5.6633
EA_G__LOX	4.0749	4.3528	4.4889	3.8604	11.8002	3.914	6.3952	6.6246	6.7898	7.5504	3.5531	4.0064	8.533	6.0924	5.0426	3.8545	4.5193	6.5508	7.0379	9.1134	6.2016	11.1703	4.2671	4.1135	3.8759	4.1215	7.2851	4.4892	3.6242	7.0178	4.1681	5.7811	3.9021	11.4184	9.062	6.3026	3.8599	4.396	3.8898	4.255	3.6751	5.2499	3.5707
EA_G__KLHL2	8.3587	6.0843	5.8795	4.8245	5.5681	4.4533	5.6745	4.8289	5.2569	6.2357	7.2477	5.2499	5.7442	5.9133	7.0091	6.8963	5.9809	5.3661	6.0851	5.5678	6.1052	6.2443	5.8969	5.594	4.9807	5.1338	7.3609	6.058	6.831	6.0377	5.1092	6.5699	5.3609	5.8007	6.5952	6.0257	6.0448	7.3673	5.3257	4.8985	7.4451	5.6249	5.2991
EA_G__RAPGEF5	6.3415	7.266	6.5457	6.6712	3.3864	4.7324	3.7336	6.3047	5.8669	4.0035	7.7655	6.0587	6.0581	5.7079	6.3887	6.0594	7.4801	5.7724	6.221	4.9361	7.0582	4.0924	4.4095	5.2392	6.3018	7.3046	5.3194	5.321	6.2087	5.8377	5.705	6.4751	6.5869	3.6423	5.23	3.6547	8.3677	6.4436	5.4905	6.7032	7.1257	4.9861	4.911
EA_G__DUSP7	7.0819	7.1304	7.4986	6.9567	8.0476	6.8351	8.7428	8.0283	7.2346	7.8467	6.719	6.6396	8.93	9.1008	8.8756	7.3244	7.0671	7.5301	8.784	7.4795	7.1837	8.7985	7.1622	6.6445	6.9243	7.8456	8.9582	7.2809	6.007	8.2278	8.4003	7.4093	6.9404	8.3185	7.7062	8.6932	7.5221	6.5235	6.587	7.3279	6.3338	7.2961	7.2288
EA_G__ASRGL1	7.1149	7.0425	5.6356	6.5771	6.3831	5.0036	6.4931	7.3281	7.1895	6.3351	4.5902	7.1005	5.729	6.1189	6.368	5.3845	5.4255	7.2684	7.2256	6.573	4.9263	5.1455	6.733	6.0474	7.7749	6.2716	5.6172	7.5256	9.2882	6.7345	6.0556	7.8553	7.2998	5.8367	5.5255	5.1819	6.353	7.3248	6.848	8.3195	5.1542	5.795	5.7236
EA_G__RHOBTB3	6.8543	6.5474	5.4411	6.1739	7.0789	7.5618	8.0076	4.4781	5.2445	7.2688	6.5487	9.8641	7.4908	7.6615	7.8144	7.5197	6.4311	6.9526	6.6402	6.8244	6.9868	7.0553	7.2886	7.6878	7.5053	4.5866	8.0385	6.1834	8.5237	5.421	3.908	5.65	6.9359	7.1391	7.2233	7.0365	7.012	7.2343	5.2581	7.6606	7.3272	5.5109	4.7252
EA_G__ASAM	4.8114	5.6733	4.7681	5.4879	6.7381	4.9316	6.974	4.7475	5.066	9.2454	4.715	5.2325	6.9802	7.9552	8.5412	5.1787	5.0131	5.2943	5.2275	8.3252	5.3162	10.0925	5.1602	5.1685	4.815	7.4335	6.0968	4.823	5.0188	9.8344	5.7042	6.3334	5.5786	8.0168	8.4038	10.0129	5.001	5.3421	5.526	6.6321	4.9431	5.0912	5.1976
EA_G__LDHB	5.2705	9.9549	6.5869	5.9575	10.2955	3.0453	10.4609	10.7181	11.0786	9.4898	2.9818	6.978	11.0733	10.9666	10.7587	2.5138	3.7516	10.4313	10.2146	10.8921	8.2479	10.3377	3.5445	3.0401	2.8244	10.0613	11.1245	9.6888	9.633	11.1414	3.417	7.3173	9.8014	10.5553	11.0504	10.9831	2.989	10.1744	5.3941	7.9447	9.0963	2.9497	2.7444
EA_G__TPM2	5.1606	5.2415	5.2106	5.4191	8.835	5.1325	9.4171	7.9514	4.8864	9.1702	4.8827	5.0739	8.6567	7.1902	5.372	5.5809	5.3692	6.0067	6.5898	8.3943	7.59	9.1634	5.7814	5.7214	5.3237	5.2437	5.8531	4.9569	5.4943	6.2826	5.9133	6.4258	5.5924	7.7389	7.1555	8.7479	5.3061	6.742	5.3229	5.5192	5.2608	5.3575	5.2939
EA_G__TMEM64	7.4041	7.5768	6.028	9.2968	7.3777	6.0631	7.1689	8.9803	5.8561	6.7361	5.2219	10.6582	7.683	7.2797	6.1302	7.2179	6.7618	4.6514	7.647	8.3857	6.3327	7.7196	8.6717	8.8982	5.4313	7.2697	7.5732	6.6667	4.4371	6.3307	6.8398	6.0477	6.7572	7.2563	7.0071	6.945	6.2322	5.7483	6.4495	6.4628	4.649	7.4725	7.0964
EA_G__RASD2	6.9149	7.0317	5.414	5.5278	5.5651	5.2306	5.8107	7.0133	4.9303	7.2952	5.0267	4.3904	7.5323	5.709	5.8891	5.7056	7.608	8.57	4.9134	4.7322	6.8847	4.9978	5.4107	4.2452	5.6581	7.1076	4.7861	4.6176	5.3761	5.2556	6.0954	6.3404	7.4073	8.1158	5.2831	5.2284	5.0798	6.8398	5.5065	5.077	6.2881	7.3208	6.4781
EA_G__PCDHB2	4.4948	5.0829	4.4529	6.4251	8.2598	7.4692	5.3046	4.9725	8.4299	8.7134	6.7504	7.6752	8.5849	4.6784	7.2808	6.8724	8.9614	6.8445	4.6553	6.4834	7.0868	6.3885	5.3048	6.7586	7.9302	7.4577	5.1475	8.0273	6.7163	6.0599	6.27	6.8812	6.3246	4.4062	4.8928	6.5213	7.9516	6.7636	8.285	7.2934	4.598	5.3258	7.2574
EA_G__LIFR	3.1254	5.3269	5.6366	5.5904	5.9904	6.8648	8.2669	5.6356	6.7469	7.0785	6.7025	6.7629	6.2736	3.6609	4.6611	7.4623	3.1926	3.3126	4.6649	6.206	6.579	8.1775	4.0128	5.2909	6.2795	4.6048	6.5072	5.5981	8.3784	7.3768	3.6575	6.1823	4.456	5.697	4.9695	7.9998	4.6174	4.9194	4.7245	5.909	6.0313	6.6614	5.2576
EA_G__SLC35A3	6.8764	6.9759	7.2907	7.3304	6.8804	8.5712	6.8467	6.8258	5.0838	6.1417	8.3065	7.4292	6.5046	6.4687	7.3555	7.401	6.7868	6.9591	7.1973	7.1317	7.6052	6.4983	6.4506	6.4749	7.5416	6.7088	7.0361	7.4263	7.7302	6.5207	6.4726	7.1934	7.0178	5.9109	6.6303	6.5504	7.5868	6.8543	6.5599	6.6407	7.3283	7.2108	6.8161
EA_G__AR	6.9661	7.0617	8.3549	6.7735	7.5162	9.0105	5.372	5.0413	7.5879	5.2557	8.4454	7.9054	5.3141	5.6306	5.044	7.7099	10.3843	7.6659	5.4751	5.0709	5.6657	6.2381	7.3953	8.2357	6.7372	7.7378	5.2134	8.7813	9.1804	5.1866	9.5757	4.7697	6.2873	7.595	5.6012	6.2466	9.2337	5.6023	7.7766	6.883	8.3022	9.3152	6.1824
EA_G__RBP1	4.8403	5.9552	6.6656	6.0731	5.2736	5.9034	5.3036	9.2259	7.7798	5.7334	5.6325	8.3341	5.4096	6.5517	8.8984	7.9803	5.6123	5.797	6.2743	7.3786	7.6065	5.3195	5.4454	6.0751	10.828	6.181	5.6685	5.5169	8.7108	5.509	5.8746	8.2075	5.5847	5.6237	8.4724	5.6264	5.294	5.7197	5.646	7.4831	9.3506	5.5608	5.3198
