Cell lines	600MPE	AU565	BT20	BT474	BT483	BT549	CAMA1	HCC1143	HCC1187	HCC1395	HCC1419	HCC1428	HCC1569	HCC1806	HCC1937	HCC1954	HCC2185	HCC3153	HCC38	HCC70	HS578T	LY2	MCF7	MDAMB134VI	MDAMB157	MDAMB175VII	MDAMB231	MDAMB361	MDAMB415	MDAMB453	SKBR3	SUM1315MO2	SUM149PT	SUM159PT	SUM185PE	SUM225CWN	SUM52PE	T47D	UACC812	ZR751	ZR75B
Response	-1	1	-1	1	1	-1	1	-1	1	-1	1	1	-1	-1	-1	-1	1	-1	1	1	-1	1	-1	1	-1	1	-1	1	1	1	1	-1	1	1	1	-1	1	-1	-1	1	-1
EA_G__METTL7A	6.6212	6.9604	6.7362	7.0326	6.869	4.438	7.0951	4.6015	6.7344	4.7987	6.5581	7.3135	5.4968	4.9351	6.486	5.4707	7.305	6.3376	5.6256	7.1115	4.6054	5.9996	5.7336	7.5801	4.9239	7.1558	4.5007	8.7566	8.0203	6.7689	7.6197	4.517	6.9958	6.3483	5.7368	6.5321	8.0299	7.8142	6.044	7.2418	6.1952
EA_G__DCBLD2	8.5471	4.4849	10.0473	7.708	6.5121	9.4737	3.6511	8.2451	7.0105	8.7746	8.1518	3.6162	7.8489	10.0058	9.1965	9.857	8.0481	9.6844	9.6487	8.7991	10.7754	7.3132	6.7617	6.081	10.5443	7.7964	9.4729	7.8692	3.5968	6.9997	6.6151	9.3028	7.7366	9.0471	7.064	7.7637	7.4904	8.1841	8.5023	7.8199	7.5897
EA_G__CACNA1D	5.1325	7.7334	5.8969	6.4883	7.1711	4.3929	5.9883	5.0697	5.9576	4.3872	7.9984	8.2401	5.3635	4.4459	4.8797	4.8552	7.7626	4.6953	4.4363	5.9109	4.1169	6.6581	6.2977	6.8725	4.2473	7.3781	4.4991	6.9919	6.4139	7.5077	7.7938	4.5576	4.5211	4.5248	5.9556	6.0469	7.638	6.6987	6.9375	7.5353	5.8883
EA_G__KIRREL	7.5887	5.9225	6.9042	5.6081	5.7258	10.3544	5.5244	9.7389	9.3978	9.7405	5.3224	5.3906	10.1946	8.1	9.2642	8.6382	5.5174	9.3051	9.8443	7.0456	9.2853	5.8194	5.7806	5.2632	10.0757	6.4854	8.5703	5.2519	5.8751	6.4035	5.6421	10.2171	8.5799	9.3106	5.6723	5.8787	5.7361	6.8062	6.3514	5.7109	6.6927
EA_G__FOSL1	5.7631	6.0413	7.5462	6.1458	5.9209	7.919	5.8606	9.0589	5.8613	8.9972	6.4142	5.6608	6.5225	9.6121	8.7498	8.1476	5.9831	8.443	7.8496	6.2968	9.5414	6.2276	6.2266	5.9202	7.7186	6.2518	9.0294	6.0945	5.7333	6.9064	6.1028	9.2315	7.675	8.8965	6.0134	6.702	6.2235	6.2177	6.1091	6.0999	6.6548
EA_G__OBFC2A	8.663	7.6101	9.2122	5.7752	5.5617	8.0921	4.5264	8.1177	5.6774	8.5995	6.3325	5.6037	7.6901	9.0276	8.7656	8.7563	6.3893	8.8214	9.7788	7.8827	9.2412	6.4123	6.7442	5.6996	8.2834	6.6746	9.4543	5.5142	6.1973	6.3699	6.996	8.5565	8.4307	9.0169	7.7607	7.9834	6.1808	5.7689	6.4453	5.6546	6.4721
EA_G__MAP7D3	5.3052	6.181	7.0881	3.7726	5.4351	8.0335	4.1145	8.2134	6.6816	7.4399	3.8649	5.2828	6.9662	6.369	7.7975	7.3791	3.9768	7.9146	7.4129	6.0423	7.4841	5.9373	6.1096	3.8188	6.9765	4.3266	8.4972	3.8711	3.6075	4.4657	5.4472	6.6247	7.5826	7.2635	4.9255	4.3312	5.013	4.094	6.2554	3.8949	6.3251
EA_G__SH3KBP1	6.9181	6.3485	7.4737	6.2274	6.2885	8.1333	6.2943	7.8321	5.0438	7.9499	5.0309	5.2233	8.041	6.9922	7.6968	8.5194	5.9744	7.0511	7.4211	7.9876	7.6714	7.6042	7.027	6.3902	8.4773	6.7531	7.8992	6.2095	5.0461	6.2935	5.9915	9.2351	7.3744	8.3209	6.2036	7.3834	6.9534	5.4421	7.2851	5.7527	7.1467
EA_G__ALDH4A1	6.6137	7.563	7.3057	9.6464	7.5347	6.4231	8.4263	6.2446	7.1993	6.1997	8.3781	7.28	7.0017	6.8621	7.236	7.2316	8.1332	6.577	6.5174	8.276	6.5183	7.8706	7.9981	7.9767	6.5559	8.9964	6.44	8.6197	7.9773	10.1902	8.6634	6.6103	6.757	6.4059	8.2904	6.8675	7.3929	8.1326	7.6348	9.4543	7.8978
EA_G__MYLIP	6.7069	7.7441	7.2374	7.7961	7.3174	4.455	7.8443	5.524	7.4104	6.0376	7.4993	9.1957	7.2494	6.5654	7.3278	6.8576	7.9226	6.8467	6.4026	7.0558	6.0263	7.3524	8.0793	7.5303	5.2059	8.449	6.7869	8.1069	7.8265	7.0391	7.6774	4.8163	7.2753	5.6734	7.6692	7.5201	6.3688	7.0329	5.6494	8.0057	6.8543
EA_G__GPD1L	7.1581	8.4613	5.3985	8.9161	7.7328	6.4188	7.7827	6.2488	5.9624	6.2165	8.38	7.4073	6.0314	6.2961	6.7928	7.0246	9.6036	7.1174	6.939	6.6889	6.1596	8.6801	8.5606	7.1846	6.3214	7.8672	6.7807	8.9259	7.8841	8.5556	8.1451	6.377	7.0466	7.118	8.1813	7.3485	8.142	7.77	7.872	8.385	7.5835
EA_G__FAM126A	6.3818	4.5794	7.043	7.153	4.3663	8.6294	6.0958	6.8821	7.6573	8.533	3.5746	4.3202	7.0721	8.1954	7.9781	8.1677	4.5708	7.4622	7.9965	6.1561	9.3766	5.7628	4.3029	2.9915	9.1447	5.9057	7.9583	6.4401	5.131	4.7284	4.2539	8.47	5.9557	9.0501	6.6312	5.0043	6.138	7.4823	6.8191	6.6976	7.2663
EA_G__EIF5A2	5.0671	6.2951	7.8413	5.3636	5.4876	7.0288	3.9816	6.5229	4.6112	6.4989	4.0049	6.0151	6.4365	8.0195	8.5671	6.6962	4.1127	7.1292	7.9963	5.1445	8.1412	6.4023	6.2623	4.3311	7.3762	6.1378	6.8793	3.7667	4.1613	4.6846	5.9985	6.7265	6.2262	7.4626	5.477	4.3927	4.1756	6.6644	4.8266	4.4717	5.0973
EA_G__COL4A1	5.2274	5.1752	5.7736	5.0845	4.9534	8.4977	5.0007	7.7123	5.163	7.1576	4.8711	4.8859	6.8901	7.6945	6.6224	5.5455	5.3043	8.5407	8.3695	5.3973	9.1832	5.3929	5.3075	5.1744	10.8621	5.4841	6.5621	5.0616	4.8149	5.8907	5.2895	5.8097	6.7643	5.719	5.1567	5.4451	5.4895	5.3269	5.26	5.2465	5.1624
EA_G__COL4A2	6.36	6.061	6.9582	5.9927	5.6818	9.1358	5.6938	8.5657	5.8659	8.1435	5.706	5.736	8.5431	8.8082	7.6081	6.3498	6.3447	9.6397	9.1724	6.1702	9.4784	6.189	6.2593	5.9015	11.3453	6.2475	7.8284	5.8093	5.7943	6.9666	6.5292	6.5386	8.0359	6.3432	6.0159	6.3401	6.3543	6.1933	5.9988	6.2438	5.8257
EA_G__KIAA1467	6.6315	7.5406	6.6624	7.2865	9.3605	5.8311	8.6582	6.745	7.3667	6.7519	7.505	7.9446	7.4237	6.29	6.3595	5.9867	7.0355	6.5908	7.377	7.3791	6.2821	8.4645	9.6294	9.3226	6.5187	8.4148	6.7367	8.5894	8.7607	6.8448	6.5345	5.8873	6.7214	6.6599	7.8531	6.7002	8.4419	6.5175	8.1267	7.9241	8.2149
EA_G__HIG2	7.7193	10.3182	7.6916	9.7982	8.3094	7.1806	8.8925	6.8114	9.2443	7.6533	8.9429	8.8777	8.7612	7.0476	7.034	6.886	9.728	7.6702	6.7164	7.1713	7.7054	9.4173	8.7386	7.9982	7.3557	9.539	7.2633	9.5566	8.4201	8.6189	9.6608	7.134	7.2611	7.6784	8.9239	8.0475	8.4674	9.1108	7.9012	8.5845	8.2687
EA_G__KIAA0644	6.6204	7.8892	5.8869	7.22	7.5292	5.0429	7.1733	4.6612	6.9032	4.7288	6.0241	7.1183	5.0476	5.3085	5.1206	6.1557	7.1336	5.2546	5.1951	6.8486	4.7598	5.9194	5.6884	7.036	4.7568	6.3434	4.8293	6.4892	6.3319	6.5456	7.9545	4.9716	5.2662	5.3064	7.3471	7.7024	6.1171	6.8002	7.5086	6.8457	5.1298
EA_G__PRLR	4.5995	7.9719	3.7946	9.1863	9.9247	4.9871	9.5426	6.8392	7.9902	5.3778	9.5253	9.6628	4.8155	3.4702	5.1603	5.2633	8.3946	6.1661	3.8892	6.4743	3.5713	6.7331	8.7018	9.5475	6.0702	7.3558	3.9288	10.1469	8.5814	7.4217	7.8099	3.7377	4.6704	4.4364	9.0648	6.4511	8.0691	11.1837	7.9121	8.9712	5.9926
EA_G__IGF2BP2	5.3274	4.148	7.4447	3.9096	4.2959	8.766	3.9519	7.3402	4.3688	4.3263	4.1485	4.3259	7.0273	8.2498	8.3885	7.7439	4.275	6.2409	6.9871	7.7544	7.1361	5.5721	4.3172	4.4761	7.532	4.382	7.4978	4.1685	4.075	5.017	4.4165	7.5737	6.9236	7.8986	7.1443	6.5836	5.9502	4.389	5.6488	4.0823	5.0564
EA_G__LYN	6.7091	5.0314	7.5883	4.8348	5.1853	5.1028	5.0591	6.6688	6.1794	6.2336	4.7252	4.705	8.3103	7.6061	8.3886	8.7529	5.1541	7.3798	6.2885	9.3436	5.5146	5.3756	5.2372	4.5418	7.4913	5.1404	7.6488	4.7925	6.2007	5.3564	5.3096	7.3032	7.3173	7.4683	5.287	6.1842	6.0271	6.1764	5.6508	5.0276	5.7183
EA_G__PRNP	8.5325	8.966	9.4338	7.1683	7.8965	10.0008	4.5591	9.9432	9.4469	10.1123	6.5717	6.5746	9.6536	10.4869	10.7038	10.0801	8.4081	9.0153	10.7803	8.4326	9.5619	7.9611	6.9297	6.4105	9.4125	8.7312	9.6684	7.846	5.9126	6.856	9.276	9.3299	8.787	9.619	7.018	9.7165	8.8016	7.8626	8.2148	6.9197	7.6553
EA_G__SEPP1	5.8056	5.9218	3.3766	6.3037	4.7371	3.5677	6.3167	3.2726	4.6837	3.6948	7.4843	6.7786	5.6468	3.6065	4.0479	3.7188	7.1792	3.7197	3.9899	3.8702	4.1466	3.8268	4.8399	7.5823	3.5405	4.9	3.4066	9.2661	9.3975	6.8488	4.9906	3.4597	3.7391	4.0567	6.7115	7.3823	5.9143	7.0828	4.9858	9.1555	5.4501
EA_G__UPP1	5.4549	6.1015	7.1467	5.448	5.1849	6.6737	5.1357	6.9823	5.3696	6.6838	4.889	5.2305	5.3407	7.4135	7.397	7.9997	5.3149	6.9028	6.8339	6.2895	6.4335	5.6169	5.127	5.3567	6.8378	5.5727	6.9034	4.8709	5.1442	5.3505	5.686	7.1274	6.5287	6.8426	5.5523	7.256	5.5613	5.6237	5.6119	5.0034	5.0762
EA_G__ETS1	3.8667	4.805	5.9815	3.8221	3.5321	9.1987	3.7611	9.7835	5.4674	8.8179	3.5174	3.7092	9.0214	8.4312	8.6336	7.6481	4.2609	8.9186	6.6496	6.1098	7.8626	4.2242	4.1251	3.6311	8.5584	3.7782	8.8462	3.44	3.778	4.6855	4.7509	7.741	7.9709	8.314	4.3718	5.9158	4.288	4.0329	3.9583	4.1234	3.7159
EA_G__PPFIBP2	7.8433	6.5176	5.6898	8.685	6.6337	5.3909	6.8131	5.2124	6.2853	5.3868	7.7925	5.6154	5.8536	4.9366	5.4374	5.497	7.7047	5.6356	5.98	5.7397	4.7978	6.5585	6.3397	6.9949	4.0523	8.1624	5.0389	7.4755	8.9514	7.7945	6.9673	5.7632	5.0592	4.8184	8.3164	7.5942	7.3962	6.0261	6.8366	6.9521	5.8403
EA_G__CD44	5.0643	6.221	10.4901	5.8402	7.147	9.4203	5.0229	11.129	6.7431	8.6542	5.9841	8.2408	10.1261	11.6066	10.3665	10.8891	6.5189	10.2825	8.6214	8.932	10.7718	5.0212	5.5111	8.1534	9.6122	6.1197	8.8998	8.3912	8.3341	5.0009	5.3355	9.4761	9.5375	9.1489	4.4169	9.289	4.2538	7.4487	7.7525	7.9545	4.4431
EA_G__KLRG2	6.9239	8.089	6.5067	8.4057	7.5283	6.4	9.6446	7.8073	7.8405	6.0509	7.7071	6.9473	6.3701	7.4151	7.5596	6.6501	8.4247	7.0207	6.3157	7.1726	6.2275	7.2573	7.355	8.1612	6.4254	8.7608	6.1478	7.9256	9.0586	8.2741	8.7105	6.5291	6.5715	6.701	8.0547	7.249	6.6918	7.2045	7.9626	8.9974	8.1477
EA_G__FAM46C	7.2034	6.5679	5.0716	7.2736	7.3711	4.4742	6.598	4.9588	8.1081	4.7892	7.1412	8.3311	4.2893	4.5706	4.9818	4.9152	7.3574	5.1651	5.1344	6.0986	4.6335	5.6979	7.4742	6.9553	4.5008	7.298	5.9973	6.2513	7.0994	4.7529	5.5045	4.2856	4.9044	4.4957	8.0851	5.8403	8.0227	5.1973	6.326	6.6373	5.9488
EA_G__MAP4K4	6.8339	4.283	7.8822	6.9846	6.6211	7.6195	6.5829	6.9551	7.9128	9.6361	4.6415	6.9167	7.5113	7.577	8.575	7.535	5.8437	7.5774	7.9209	6.8842	8.4149	6.9634	6.292	7.0002	8.0307	6.2858	7.2345	6.2708	6.4071	4.8013	4.4212	9.5851	6.9638	7.773	6.0739	7.3778	6.2682	6.226	6.4416	6.0425	6.3334
EA_G__STARD10	8.7444	9.3189	7.1028	9.838	10.3464	6.9657	8.9884	7.0812	7.6816	6.3309	10.6337	9.9114	7.9561	7.2257	7.6626	7.4036	9.147	7.3262	6.4872	7.4777	6.0307	9.734	9.5739	9.1011	7.4208	9.3232	6.2262	9.903	9.0237	9.6166	9.3077	6.0593	7.4425	5.9183	8.838	8.704	9.3903	8.7334	9.6701	9.2205	9.5445
EA_G__CADPS2	7.5792	7.7456	4.908	7.4979	5.9192	4.0964	6.4627	4.4223	5.6493	4.16	7.0315	4.4205	4.0071	4.8258	4.1246	5.3083	6.7121	3.9804	3.6804	6.6876	4.1893	5.843	6.0549	4.6595	4.342	7.6282	5.1269	5.4529	8.4842	6.1528	6.7688	4.2951	6.5761	6.4273	7.7822	6.6469	5.8467	5.8717	6.468	6.224	5.6319
EA_G__IGF2BP3	3.6624	4.2122	8.2012	3.8851	3.6266	4.6605	3.6779	7.2037	4.1296	7.5191	4.0699	3.6299	7.7252	8.3337	6.971	7.5306	4.3622	6.5162	8.1443	7.9738	7.2336	4.1652	4.2482	3.9471	8.6283	4.0471	7.7226	5.4133	4.7006	4.2992	4.4079	8.7171	4.3408	5.2561	3.7931	4.4225	5.3115	4.8538	3.948	3.8747	4.3159
EA_G__SMURF2	8.446	7.7298	8.0428	8.2746	7.8368	9.8564	6.6637	10.5112	7.0418	7.8621	7.7637	8.6801	7.5054	8.9098	8.775	8.3035	7.6877	8.9159	8.6812	7.1542	9.333	8.7978	8.6744	7.0906	9.4814	7.3084	10.1395	9.8551	7.1148	7.9894	7.7281	10.2043	7.5872	8.0381	8.0679	7.9758	7.3694	8.0201	7.792	8.4751	8.3347
EA_G__EFHD1	9.6927	10.4897	6.7838	10.8877	11.0855	6.4363	11.3552	8.4531	10.9246	7.5588	10.9769	10.5969	8.0806	6.5687	7.1335	7.0749	10.7681	8.1233	6.512	6.812	6.1904	7.6784	9.8691	9.5217	6.8011	10.6784	7.1188	10.1568	10.3331	10.1827	10.9819	6.6063	7.3525	6.5382	10.5168	10.3753	10.2061	10.8369	10.3846	11.0058	9.4912
EA_G__SNAI2	4.1699	3.7124	6.6607	3.6871	4.9983	9.1313	3.88	6.4837	3.2197	8.7471	3.8197	3.4385	9.9938	8.7811	7.6103	8.0586	3.6267	5.6992	9.113	6.23	9.6167	3.8127	4.5304	3.9551	10.2171	6.415	6.0717	4.3797	4.0291	3.8604	3.2179	9.5792	6.7031	8.0848	4.5561	3.8284	5.6708	3.7912	4.4566	3.9037	4.1802
EA_G__MYB	6.4454	7.3833	5.8315	7.7499	7.6455	5.0163	7.364	5.9692	6.8993	5.1898	8.3839	7.6386	5.2504	4.5412	5.2464	5.6456	8.0208	5.3536	4.5154	5.93	5.8028	7.1808	8.0709	7.0712	4.4789	6.9476	5.6926	8.6746	7.4365	7.2492	6.6892	4.7019	5.5426	4.7383	6.1985	6.1338	6.9719	6.8456	7.1594	6.537	7.2111
EA_G__ARRB1	8.2889	9.278	8.6028	9.8252	9.1138	7.2888	9.9283	8.1013	10.1215	7.5478	8.8726	9.7235	8.7038	5.9949	7.766	8.4052	9.0201	6.4387	7.4618	8.705	7.8793	8.548	9.302	11.1235	8.3332	10.9277	8.1342	8.6984	8.8635	8.7944	9.5879	6.4149	7.6542	5.28	8.8767	8.3635	9.7353	8.9914	9.19	7.8939	7.5003
EA_G__MAG1	5.0042	4.8462	6.5185	4.46	4.6633	4.7063	5.5047	8.6994	3.8116	8.0966	5.258	4.0635	8.6953	8.0707	6.8669	7.0484	4.3276	6.6603	4.7034	4.608	6.35	4.994	5.0979	6.6825	4.3329	5.303	7.3618	5.1826	6.106	4.5695	4.4668	7.8363	4.8364	7.0045	6.1928	7.0747	5.4076	5.0039	4.6966	4.7718	6.0232
EA_G__CTNNAL1	6.2431	4.2542	7.954	6.4387	5.6072	8.7735	6.3931	8.1612	4.1256	7.0137	7.1051	6.4816	7.2239	8.0383	7.9871	8.3836	5.4545	6.4832	7.6805	5.2114	7.9664	6.1901	5.6676	6.3907	8.9997	5.5644	8.7663	6.723	5.544	5.0793	5.2778	7.4006	6.8008	8.0664	7.008	3.6217	5.7089	6.5608	6.3006	5.4776	5.9197
EA_G__LIX1L	7.0503	6.1563	6.3021	6.3732	6.1186	8.7243	6.1524	6.3183	7.1465	9.297	6.3577	6.1008	8.1997	7.2702	6.291	7.1682	5.8085	7.3612	8.4933	7.499	8.3386	6.4769	6.4167	5.9297	8.6126	6.3139	8.6972	6.1507	5.6465	7.0801	6.2616	8.5432	6.7169	8.4945	6.0937	6.5185	6.4799	6.6102	7.8906	7.1669	6.7312
EA_G__FXYD5	9.087	8.4722	10.1501	5.1452	6.8194	10.3061	5.212	9.9677	7.5861	9.9666	4.9676	5.8157	8.678	10.7836	9.0929	10.6352	7.316	9.7402	8.2865	10.1781	9.7392	5.3102	5.5668	5.4603	10.1368	5.6902	9.7893	5.2174	5.9207	8.6977	8.8892	7.4253	9.2964	9.4217	8.919	8.5269	5.7418	8.3542	7.2186	5.8579	5.2807
EA_G__SLC7A8	8.5421	7.6746	4.869	8.8236	8.1028	5.042	10.6962	5.0441	6.3737	6.0296	9.5636	7.2944	4.7488	8.4816	5.2606	5.1604	8.1148	4.7435	5.7111	5.5632	5.0076	5.3353	5.3922	10.8003	4.7921	10.2389	4.9899	10.2853	9.6818	8.7371	6.5396	4.8894	6.1091	4.9765	7.0086	8.4994	8.5397	9.0232	10.533	6.8407	5.1734
EA_G__OSMR	7.3804	4.082	9.4472	5.802	6.8804	9.497	7.2103	7.7341	7.646	9.3854	7.0832	7.2204	9.4997	8.1243	8.2112	9.4281	3.9004	8.415	7.5476	9.8494	9.3473	5.7608	5.667	3.9652	9.6437	5.9028	8.3514	6.6129	4.4232	5.7495	3.6578	7.5476	8.4167	9.3045	6.6755	6.9844	7.2652	7.6885	7.1203	6.7778	4.7162
EA_G__PHLDA1	7.264	5.5624	8.6994	5.4323	6.0387	7.1715	4.5343	8.4106	6.9458	7.8576	5.8538	7.0573	5.0523	9.211	9.0987	8.5591	7.6233	7.8731	8.6225	7.3199	9.1532	6.9348	6.4868	7.1009	7.7793	8.4937	9.2009	5.3553	5.2952	5.3613	5.4233	9.2377	6.425	6.9972	5.2608	7.1747	5.2914	7.144	5.156	4.4997	5.4815
EA_G__RHOB	9.2793	9.3585	7.394	9.8896	9.3985	7.6395	10.3938	7.6986	6.9264	7.1127	10.2289	10.0866	7.0769	7.524	6.9368	7.9047	8.7278	7.261	6.7834	7.1452	8.2823	9.565	9.2465	9.8531	8.3788	9.4573	7.5833	10.0124	8.9442	9.8377	10.0424	7.0709	7.9873	8.8352	8.6291	8.0375	9.0331	8.5103	9.1206	9.1928	9.4859
EA_G__TGFB3	7.1774	8.6881	4.6236	8.3173	7.5047	5.5213	7.607	5.4247	6.0167	7.2469	8.7177	7.0531	5.7405	5.0309	4.787	4.6977	8.3291	5.2017	9.4529	6.474	5.1135	6.187	6.6684	7.2071	8.1792	8.396	4.6681	7.9033	8.6527	8.8772	8.7065	7.2984	5.3984	5.4579	8.0666	7.2829	8.7559	8.4583	8.7206	7.4674	6.7545
EA_G__C1orf64	8.0389	7.093	5.835	8.5042	7.2135	5.7056	6.4148	5.3251	5.8239	5.7955	9.3609	5.9959	5.5774	5.6345	5.7833	5.7959	6.0412	5.5348	5.7137	5.9871	5.6903	6.0348	5.929	5.6565	5.6187	7.052	5.7254	8.2425	8.7956	6.6608	7.869	5.917	6.0097	5.9263	8.388	6.8583	7.5468	7.081	7.8354	8.5419	7.5124
EA_G__KDELC2	6.195	4.3773	8.1197	5.9275	6.452	7.6967	3.8076	7.0908	3.834	7.3746	7.0664	5.2272	8.6469	7.2625	6.6468	5.9378	7.1883	6.2686	7.4909	5.9922	7.7477	6.5941	5.6485	4.099	7.9831	5.9974	8.4462	7.1548	5.4826	5.0437	5.7329	7.8354	6.7742	5.803	7.1242	6.6623	5.9204	8.2453	7.5465	5.0136	3.3889
EA_G__GPR81	4.9668	6.0516	3.5022	7.939	8.2233	3.5141	6.9006	2.868	3.5631	3.7151	8.6916	6.629	4.3242	6.9887	7.1222	5.8908	7.3637	3.5687	5.2175	4.6384	2.9743	7.6206	7.1395	6.8412	3.373	8.2863	4.1802	8.6643	7.4676	6.8526	6.064	3.7546	3.8905	2.7273	7.8144	4.8618	5.8669	6.462	5.8118	6.8539	6.1376
EA_G__TUBB6	6.692	7.2698	7.7018	7.4183	6.4048	9.6368	6.551	9.5051	9.2748	8.7564	6.7473	7.8841	8.7984	8.9031	9.0863	7.9565	6.9209	9.1825	10.3276	8.0512	9.8505	8.3664	7.7207	7.2372	10.3152	6.4923	8.5128	7.6669	6.2429	7.2555	7.6011	9.9093	8.4349	9.9172	6.749	7.0652	7.1787	8.0286	8.0785	7.0165	8.7717
EA_G__HERPUD1	8.6285	10.4478	9.2085	10.5562	10.0457	9.4448	10.349	8.6294	9.3023	9.4727	9.8717	10.0827	8.4007	9.3534	9.6033	8.7193	9.3689	9.1327	10.4734	9.8305	9.1198	9.0948	9.0238	9.215	9.246	9.8406	9.1072	10.4887	10.6213	8.9895	10.5573	10.2198	9.2076	10.4204	10.2215	12.2288	10.1602	8.8683	9.8176	10.4281	9.3348
EA_G__TSPAN15	10.7984	9.8778	9.8263	10.9843	10.8123	5.9455	9.6871	8.6585	7.7059	7.1726	10.0108	11.304	6.5389	8.5996	8.2911	9.3744	10.3737	8.5205	6.7083	9.9074	5.7659	10.1381	9.8403	10.1996	8.4957	10.7309	8.9092	9.9043	11.0955	10.7178	10.8031	5.8294	6.72	5.9083	10.8783	9.4913	9.7656	9.5826	10.1287	9.2614	9.4224
EA_G__ABCC11	4.9799	5.0771	4.4868	8.9135	5.5246	4.3409	6.068	4.3488	4.5022	4.3945	9.0536	6.4968	4.3846	4.531	5.3781	4.6172	5.5215	4.3978	4.2837	4.7067	4.5984	4.5406	4.9815	5.9853	4.152	8.7674	4.4954	7.3019	6.4495	9.0235	6.726	4.427	4.9806	4.4854	9.756	7.5508	8.4576	9.3681	8.0366	9.5692	4.8818
EA_G__TMPRSS2	7.1443	7.2062	5.9505	7.4163	6.1494	4.76	5.2206	5.9465	7.398	4.4614	8.4729	6.5273	4.686	4.6026	5.5772	4.5393	9.8984	4.5147	4.4592	8.9766	4.216	7.2592	6.7275	6.4975	4.3741	6.8914	4.2222	6.094	7.3281	6.4244	7.2688	4.3749	4.9769	4.5539	6.2306	7.1473	5.1128	7.3834	5.9248	4.9624	4.7479
EA_G__BAG2	3.8525	4.3299	5.1524	3.8546	3.7077	7.7073	3.4446	6.687	6.4005	6.3219	6.2911	4.5582	8.1386	7.9545	7.1173	6.8822	4.381	6.3286	7.4399	6.2299	7.9982	5.0232	5.4682	4.334	7.5584	3.3871	8.1211	5.4731	4.2242	4.7056	4.5241	8.2828	6.9224	8.5168	5.2833	6.1298	3.6269	5.8246	5.7192	3.7646	3.4296
EA_G__PIB5PA	6.827	7.2283	5.7738	8.2578	6.7071	5.9039	9.6074	6.094	6.2946	5.745	6.4018	5.6085	5.7297	5.4173	6.1321	6.5065	8.1127	6.2215	5.7362	7.4908	5.3929	6.5917	7.1141	8.8762	5.4621	7.9441	5.8495	7.7113	8.0325	8.7984	8.1997	5.6103	6.7177	5.7789	8.9248	8.6425	8.3854	7.2749	8.3268	7.7171	6.4746
EA_G__BCAM	9.8674	8.5352	7.2259	9.581	8.9707	6.2673	8.0224	7.1544	8.0057	6.9655	10.324	8.5515	6.7296	7.6049	7.9327	7.5802	8.0228	7.377	7.7845	6.7104	7.3065	8.3757	8.9779	9.6798	6.5678	9.3828	6.643	10.3764	9.5041	8.8674	9.7229	6.3302	7.3465	6.1911	10.1589	9.4881	10.6832	9.4485	8.6028	9.8222	7.872
EA_G__JARID1C	8.4727	8.759	7.6171	8.4412	8.5789	8.0786	8.2359	7.1037	9.3003	7.333	8.403	9.2775	8.0249	7.5312	7.6876	8.43	8.0617	8.201	7.6305	7.498	7.1084	8.2853	8.0884	8.5646	8.7036	8.4773	7.0705	9.1277	8.7115	8.6377	8.4706	7.9191	8.0947	8.334	7.5517	7.4062	8.1892	8.0437	8.4209	8.2214	8.1412
EA_G__ERMP1	9.1233	9.4537	9.421	7.7073	9.4053	7.401	9.5278	6.7848	9.633	7.2208	9.9716	8.4253	7.4714	6.4361	8.3757	10.7532	8.2505	8.196	8.1311	9.9705	6.7102	8.8285	8.7303	9.5828	4.9347	9.7925	6.0482	8.8685	10.2583	8.723	9.3062	5.3658	8.9447	7.3782	9.6522	8.6249	10.0875	9.0246	8.9602	9.9493	9.1495
EA_G__GPR160	6.7527	6.9782	5.0229	8.0657	6.759	3.3556	7.1076	4.229	4.4657	2.9609	9.3959	7.726	4.058	3.7191	5.921	4.7387	6.9804	4.7694	3.446	5.8982	3.5785	7.7744	7.445	7.3926	2.9737	8.141	4.3088	7.3759	8.3753	7.7969	7.1789	2.9307	3.3042	3.8572	7.0867	5.9659	8.1528	7.8124	7.3001	7.6953	7.3985
EA_G__PLCH1	5.2438	7.5273	3.3755	6.9586	6.0596	3.9486	8.0482	4.651	7.1018	3.9777	7.7608	6.6251	5.4736	4.7252	4.4941	4.4556	8.1232	5.2036	3.6959	6.6154	3.6139	6.6504	6.832	4.0158	4.9347	7.0744	5.7583	7.2641	9.4761	6.8481	7.196	4.228	4.6713	4.1757	5.7348	6.445	6.0627	7.4294	5.562	8.1434	7.3769
EA_G__TIMP2	8.0733	8.3458	7.5595	5.3944	8.578	8.7678	6.3471	8.206	6.7557	9.266	6.5326	6.6301	7.4328	7.5212	7.6423	8.8436	6.5074	8.6701	9.1357	7.1354	8.2937	6.9135	6.629	7.6709	9.9272	7.2971	7.5771	5.6731	6.6532	4.7218	8.7064	9.815	7.1412	8.3924	5.6884	6.8307	6.477	7.3707	8.4241	4.9285	7.046
EA_G__SIDT1	5.7225	7.4447	5.3904	8.8752	8.5645	4.6729	8.5319	4.3608	4.6682	4.3873	8.7279	8.8931	4.4944	4.8537	4.7245	7.2688	7.114	4.5267	4.2934	6.0595	4.3148	8.2739	8.5397	8.675	4.4179	8.167	4.9182	8.5383	9.0785	8.1899	7.1021	4.6199	4.8109	4.4668	7.8236	7.9261	7.9518	8.588	7.5637	7.6898	6.1964
EA_G__PAM	6.5052	4.2314	5.5615	4.5272	6.1303	7.0171	5.2683	7.2144	6.0641	8.2595	3.1025	4.9383	7.1762	4.9999	6.0377	6.6389	4.5273	6.7896	7.1617	8.613	7.5186	5.2341	5.5056	4.6225	7.5426	5.3885	7.1555	5.0625	4.3787	5.009	4.9324	6.9623	7.0458	7.0236	7.6836	8.1557	5.5748	6.8696	6.1874	5.2083	6.1323
EA_G__SERPINE2	4.0868	4.5291	7.1362	5.0367	4.5921	8.5856	4.3339	6.6648	6.196	10.0503	4.0924	4.3624	6.511	6.4522	5.0436	6.2877	4.4667	7.9244	5.5267	4.4716	8.6674	4.8736	4.5462	4.2566	7.5002	4.6258	6.157	6.2779	4.8582	4.7758	4.3674	6.3207	7.4697	5.5084	4.4828	4.7034	4.6027	4.4743	4.4909	4.3197	4.6893
EA_G__SLC7A11	5.1809	5.1817	7.4396	4.1599	5.0311	6.5597	4.2618	5.8494	3.5826	8.4557	4.9675	5.0098	5.4931	7.8307	6.4145	6.5624	3.8433	5.6015	6.7087	5.6799	7.1183	5.8004	5.4594	5.75	5.2728	4.449	8.0821	4.96	5.0106	4.2806	4.9229	7.2331	5.2141	7.3597	6.9123	7.5002	4.0292	4.5781	4.0326	4.6664	4.9372
EA_G__SSFA2	7.9	8.0602	9.7001	7.5702	8.2629	7.7693	7.2627	9.1545	6.9718	8.4744	9.7091	7.8514	7.9485	9.9051	9.3286	9.1135	7.8362	8.564	8.0507	8.5076	8.5876	7.3669	8.2823	7.4516	8.5337	7.8215	8.7472	8.2148	8.6012	7.4493	7.7685	8.9618	8.325	8.4449	8.3265	8.6295	7.735	7.4827	7.6748	7.8001	10.9545
EA_G__BCAS1	7.6511	9.0168	4.7589	10.5313	7.3913	4.4087	6.403	4.3423	4.4869	4.5984	10.3867	6.7622	4.1964	4.6724	4.3328	5.14	9.0372	4.5142	4.3656	4.3987	4.438	7.9077	7.2716	6.6171	4.3473	7.9229	4.8844	7.3564	9.719	5.6839	9.8324	4.4616	5.0177	4.8637	7.8706	7.4028	7.9093	7.3722	7.4533	8.0127	8.1104
EA_G__DOPEY2	8.2239	7.9457	6.5423	8.2781	7.6848	6.7292	6.8553	6.4959	7.261	5.4701	8.972	8.176	5.1726	5.2203	5.5628	6.4086	8.0014	5.6175	5.1986	6.0869	5.9919	7.9673	7.5194	7.1617	6.3299	8.384	5.0722	7.8844	7.5647	7.2843	7.5263	6.4388	5.1658	5.6352	8.4635	7.2463	8.5448	7.6241	7.9335	7.2307	6.2296
EA_G__LEPREL1	5.7216	5.3689	8.7317	4.9851	4.4724	10.3012	4.557	8.9252	6.2886	8.0287	4.8272	4.6886	7.0575	7.3377	10.557	8.7823	4.9267	6.6553	7.275	10.0194	7.8041	5.1104	5.2716	4.6323	7.7667	5.025	8.5047	4.5016	8.1409	5.3213	5.515	5.8187	7.5245	8.0967	4.9053	5.1145	5.3778	5.2092	5.118	4.9238	4.7824
EA_G__PTRF	6.1378	5.9441	8.4012	5.9461	5.7085	9.47	6.0342	7.9379	6.2178	8.1509	5.8965	5.563	7.0871	8.0149	8.4522	8.1467	6.696	6.8672	9.1449	6.8679	9.7016	6.208	6.3008	5.6737	8.7173	5.9941	8.8381	5.6244	6.5879	6.7201	6.1917	8.0202	8.0864	8.6629	5.8363	6.4714	6.5439	6.4796	5.9012	5.9419	5.7248
EA_G__TBC1D9	7.4411	8.3535	7.1464	7.6125	9.4084	6.2048	8.2922	5.6316	6.1005	6.2244	8.751	9.4283	6.6935	4.8845	6.4304	6.9985	7.8677	6.602	6.7832	7.9176	7.5388	8.4629	10.3338	8.8604	7.3339	8.5367	7.0702	9.0012	8.2913	6.6536	7.897	7.062	6.6687	7.2625	9.282	7.6497	7.818	7.18	7.4421	7.7944	8.5484
EA_G__ZNF750	6.7199	7.3482	4.6567	6.7097	6.6858	4.9155	5.6839	4.6689	7.2202	5.1846	6.7591	6.451	4.7703	5.1668	5.5797	5.4145	7.1353	5.1352	4.7351	5.3662	4.4688	5.7987	6.4591	5.1944	4.6503	6.6426	4.6995	6.0296	5.1191	6.1847	7.0681	4.8725	5.4428	4.8895	6.5246	7.0578	6.3349	6.3737	6.0345	6.7232	5.4634
EA_G__C20orf23	6.6434	7.0294	6.5902	8.5777	7.7217	6.111	6.1433	6.0096	5.5281	5.8938	7.6529	7.4873	6.7683	5.7552	5.4711	5.6375	6.4804	5.8272	6.818	6.417	5.6887	6.2267	6.8451	7.7531	5.0611	7.0432	5.4199	8.0795	8.5849	5.696	7.2235	6.1562	5.674	5.9679	6.9491	6.6013	7.4319	6.3719	7.427	6.6283	6.1755
EA_G__PHF8	7.432	7.4992	7.1941	8.277	7.5931	7.2066	7.3436	7.0351	8.1385	6.6316	8.829	8.0481	7.5933	7.2677	6.7328	7.239	7.7279	6.3823	7.1054	6.4405	5.9305	7.6451	7.324	7.7133	7.3858	7.8437	6.9463	8.6278	7.5576	7.5714	7.3043	6.3657	7.0032	6.7677	7.1694	6.4064	7.9412	7.6525	7.6297	8.6022	7.9915
EA_G__SLC24A3	6.1884	5.8567	4.866	7.6921	8.927	4.9069	8.2005	5.4026	8.4196	5.6591	7.088	7.3408	6.854	5.1651	4.81	5.1148	7.4995	5.2071	4.6949	7.2516	7.5909	6.3113	7.6462	7.4927	4.6514	6.4122	4.8684	7.4147	6.5707	7.3839	6.6887	4.7718	5.043	4.925	7.853	6.2864	7.3459	7.4011	6.4345	6.9271	6.0728
EA_G__LIF	8.4753	5.5574	9.0906	4.1308	5.6326	7.9653	4.2594	7.0714	6.2875	5.4033	4.3282	4.7354	5.1654	5.7753	6.312	7.6076	5.0649	8.8301	8.1927	5.7529	7.6527	5.5646	5.0286	4.1323	4.527	6.9474	8.8432	4.5779	4.9192	4.8537	5.3688	5.5197	6.3948	4.6722	4.8785	6.0052	4.5813	4.5721	6.6062	4.9532	5.9404
EA_G__EGLN3	9.6396	6.9307	6.1991	8.7512	5.8483	5.7209	6.5142	6.0676	8.2756	5.2768	7.4828	5.5658	6.7511	6.0238	6.7681	6.7039	7.5117	7.7207	6.8667	7.0952	5.0792	6.8512	6.4171	6.7118	5.6622	8.6848	6.3147	7.4412	10.0177	10.9055	6.4517	5.0021	6.8147	7.7616	6.601	6.959	7.8513	6.7657	6.275	6.523	5.4591
EA_G__TMEM63C	7.9641	8.592	6.0696	8.7886	7.8238	4.5419	8.2991	4.5942	6.0379	5.3185	8.5746	8.1623	7.3653	4.9035	4.698	7.1967	7.5247	6.3223	7.603	7.3911	4.2781	5.8289	6.3846	8.1346	7.6805	8.2487	4.4405	7.4794	8.0082	9.2885	7.5344	4.2336	4.6113	4.8724	8.902	8.7742	7.7339	5.4872	9.4194	7.6357	6.3547
EA_G__PCP4	10.1667	6.5286	5.0555	5.437	6.6064	4.3983	6.5311	4.6403	5.9112	5.1521	5.6116	6.06	4.7868	5.3258	4.6097	4.3657	10.57	5.5234	4.9326	5.3257	4.6323	7.0488	7.3361	6.2066	4.9014	9.0066	5.2082	5.9918	8.2043	5.2775	7.6777	5.4337	5.3151	5.7331	6.4316	5.3913	7.8539	7.8234	6.7121	5.5744	4.8747
EA_G__FAM92A1	5.5302	3.478	6.5384	5.8483	6.4144	8.4157	5.1613	8.0287	5.1954	6.5926	9.1744	4.5411	7.7132	7.0833	7.3376	4.797	5.1531	7.1769	8.6012	5.3043	7.7639	6.4938	5.9786	4.0925	8.9483	5.4059	7.7509	5.8867	5.4835	4.3822	3.5541	8.8524	6.8195	8.0827	6.5139	5.3158	3.813	6.5597	7.8706	5.3464	5.5177
EA_G__KIAA1161	7.5336	8.5935	6.3491	8.0995	8.3119	5.961	8.8216	7.4813	5.558	4.978	6.8816	8.6918	5.8828	6.5016	6.3173	6.5558	10.7468	7.2179	6.3672	7.4519	5.3607	6.8104	6.6223	7.1909	5.4313	7.8995	5.6807	9.0698	8.6115	7.4427	9.0701	5.6673	5.8678	4.9556	7.0576	6.2692	7.8144	8.5458	7.9949	7.4192	6.7034
EA_G__SACS	4.5844	5.5065	5.7151	4.387	4.7922	8.2338	5.5884	6.3576	7.2455	7.5184	5.6008	4.9033	5.9435	6.2962	5.4477	5.9335	3.5737	6.839	6.8542	4.146	8.3747	5.1792	4.7755	3.6428	6.9225	3.9677	7.6452	4.2029	3.5922	4.7532	5.8038	8.5415	5.6956	7.7867	4.8587	4.2936	4.3439	4.6223	5.3828	4.3278	6.2313
EA_G__TC2N	8.5979	9.0717	6.9775	9.3938	7.3508	3.3223	8.2578	6.9443	9.7443	3.7734	8.8806	7.6394	5.7542	7.1173	6.7638	7.7872	8.4157	6.5571	2.5474	7.8365	3.1031	7.5099	7.5506	7.6286	3.4834	8.7449	4.5382	8.6498	8.2854	8.3271	8.4929	3.1594	6.1981	2.9353	9.1398	8.8122	7.8362	8.1402	8.2774	9.4791	8.1944
EA_G__GLS	7.4277	7.4228	9.005	6.9834	6.7626	8.2057	6.6295	9.1094	7.2106	8.9736	8.0475	7.609	9.5461	8.4018	8.6477	8.1178	7.4503	8.7597	8.412	7.7883	8.4596	6.8403	6.6922	7.5002	8.8394	6.5709	8.5453	6.2814	7.2594	4.5529	7.0692	10.0833	8.7098	8.438	6.5093	7.0957	6.6458	6.6057	6.9638	6.5527	6.4748
EA_G__F2RL1	7.5229	7.0777	7.9743	5.6143	7.2969	4.8537	6.6298	8.6187	5.9766	5.6359	5.5217	6.1085	6.6712	7.492	7.5467	9.0517	7.198	7.7225	5.8382	7.2931	7.3569	6.9353	6.8548	6.2075	8.8065	6.6745	9.1391	6.4667	8.1978	5.5016	7.1023	8.367	7.1334	6.0605	5.9872	7.295	5.7391	6.7029	6.6517	5.978	6.7769
EA_G__CDYL2	7.3631	7.0718	8.1386	8.2646	8.9194	5.849	8.0675	5.272	5.5548	5.3771	8.4468	8.5447	5.8033	5.7483	5.7744	7.8384	8.1388	5.639	5.5573	5.97	6.2366	8.7179	8.367	8.0456	5.4427	8.2305	6.9612	8.487	8.1416	7.5519	7.1617	5.9508	5.5106	6.3854	8.3072	6.9069	7.6963	7.086	7.575	7.7872	6.4997
EA_G__CNTNAP3	4.7443	4.1172	7.4826	4.142	4.2774	4.4703	4.015	8.0846	5.1941	6.7583	5.2287	4.0007	5.202	8.2941	7.786	6.8538	6.649	8.3716	6.6659	5.9434	8.7955	4.3218	4.2363	4.0633	4.9848	5.1048	6.3487	4.1745	3.787	5.552	4.4674	4.3541	4.5422	4.9346	4.1382	5.3206	4.7668	4.6038	4.1425	5.8202	6.4722
EA_G__CLU	7.2352	8.8649	6.2451	8.9068	8.992	8.9576	9.6033	6.8112	8.1157	7.4522	8.8358	9.7927	5.9431	7.7097	6.4074	6.824	9.5115	8.6745	7.7043	7.3793	7.2732	8.8706	8.885	9.1728	7.8152	9.6338	6.7991	9.3254	10.2466	8.8604	9.8643	7.6939	5.8874	7.0941	7.9162	8.5631	8.2237	10.2223	8.7504	8.0166	6.5865
EA_G__PIP	5.4517	6.0194	4.2726	9.8248	5.6362	4.5378	4.3694	4.1597	6.2646	4.891	7.1082	5.4811	4.2352	4.3455	3.9187	5.0015	5.4016	3.98	4.2767	4.7902	4.8801	4.254	4.5241	5.7092	3.9924	9.9719	3.8229	6.6374	5.211	8.0533	5.4421	3.9923	5.1924	4.433	11.7168	8.0814	5.4705	12.3875	5.4503	9.2289	5.9032
EA_G__CRIM1	9.0196	8.3091	9.5842	6.5929	7.7545	9.7719	4.9514	9.4674	7.4445	8.0665	5.769	8.1182	7.7723	9.2139	9.9786	9.1736	9.1212	9.553	8.9683	9.1882	10.6462	6.9248	7.2872	7.1522	10.3139	7.9992	10.2066	6.0395	8.0396	5.5615	8.5579	8.5317	9.052	10.2588	7.9147	7.6815	8.6219	8.7841	8.2763	5.0659	6.9187
EA_G__FYN	6.4822	4.8816	6.1063	4.3322	4.2317	4.5595	4.1797	6.6783	5.2254	6.9111	3.9868	4.3095	5.2342	4.7263	7.1599	5.2737	5.5262	6.8905	6.7575	4.3306	8.3757	5.4058	4.5424	6.8396	8.064	4.864	7.376	4.0949	4.3392	4.9848	5.0097	6.3964	5.0807	7.2559	4.5524	5.9687	5.3704	4.4577	5.6385	4.2118	4.5727
EA_G__TNFRSF10D	5.7276	4.8208	5.2505	5.3309	4.8569	5.2122	4.9865	9.4386	6.0713	4.6306	4.9172	5.1315	7.0982	8.2606	6.855	6.3335	5.0042	9.7195	8.7209	5.5037	10.295	5.3911	5.5728	5.0353	7.8567	5.239	9.9193	4.9642	4.8413	6.2061	5.1046	8.6491	5.4883	8.8688	5.4891	7.3926	5.5695	5.3514	5.244	7.0936	5.5706
EA_G__CYR61	8.1331	7.5718	8.3996	6.2582	7.0497	10.1687	6.6562	8.8232	5.6125	7.8517	6.3522	6.707	7.4924	7.1965	9.2169	9.0015	7.3317	9.6694	10.232	7.091	10.623	6.3553	5.982	5.9694	8.6434	7.9536	11.0584	6.8937	6.6652	6.7454	8.1061	10.084	8.4031	9.4395	6.6971	7.8889	6.4717	6.9073	7.0874	6.1877	6.0361
EA_G__COL6A1	6.4655	6.0794	6.43	6.468	6.6022	7.7676	6.0711	9.0875	5.9974	10.3939	5.8722	6.1268	8.5582	7.8176	7.4242	6.2756	6.3333	6.5532	10.1632	6.3377	11.1987	6.6858	6.6419	6.122	11.506	7.7945	7.2708	6.5551	5.9473	7.0464	6.3821	8.3978	8.1566	7.3378	6.2869	7.2379	6.8732	6.525	6.6154	6.361	6.6971
EA_G__POPDC3	4.0536	5.4767	8.9926	3.4924	3.4786	4.7785	3.2555	7.1357	3.5857	3.6644	4.5477	4.0952	8.0904	6.8204	5.9743	7.1176	3.69	6.6232	7.4945	6.4594	5.9804	4.1027	3.6397	3.7352	6.6553	3.6034	7.7354	3.7091	5.9969	3.737	4.2054	7.9858	6.6727	5.0813	3.6103	7.014	7.0935	3.6805	4.3597	3.6212	4.6441
EA_G__APOBEC3B	7.2748	2.4381	7.9352	8.3055	7.3443	8.2441	6.6623	10.1427	6.7805	8.8728	6.3942	6.455	8.3806	6.6707	8.7842	9.2429	7.323	6.5672	4.221	5.4002	8.6776	5.881	7.475	7.3582	7.6135	6.9365	8.0777	7.5166	8.3532	7.8404	4.393	7.6028	6.2948	8.2245	7.9759	8.6403	4.4436	8.2439	7.2063	8.0971	6.7079
EA_G__ANXA1	9.3451	3.6072	8.2376	4.0476	6.3945	10.2017	3.5434	10.6675	5.6443	9.7178	5.7747	3.241	9.4661	10.3797	10.7509	10.8582	5.1369	10.5083	10.031	11.0436	10.0326	3.448	3.7029	7.6301	10.0666	7.3355	9.9841	4.7581	8.4359	3.764	5.1137	11.0653	10.5969	9.902	8.9069	10.2567	8.2487	5.7561	3.9458	3.0291	3.6732
EA_G__SLC44A4	11.6736	6.0217	5.1742	6.4575	6.28	5.1744	5.8406	5.1784	5.4359	5.1851	5.2161	5.3873	5.2039	5.4683	5.0755	5.4196	9.9478	5.5018	5.1499	6.7549	5.1958	5.7664	5.7798	8.0796	5.3333	8.6219	5.4313	5.9026	11.0876	7.5139	7.3705	5.4841	5.7716	5.4328	11.6179	5.6014	6.6319	5.8825	6.0667	10.1028	9.7302
EA_G__STS-1	5.2033	5.2244	9.0503	4.6973	4.8157	5.8729	4.6605	8.0688	5.1083	7.3136	4.7549	4.4609	7.6737	8.3529	8.4559	8.6415	5.1812	8.8066	7.7323	7.8819	8.4816	5.1073	5.0474	4.5253	5.032	5.6294	7.8078	5.5263	4.3696	5.545	5.6356	5.6818	6.8601	7.5785	7.1292	6.3024	5.5028	5.2742	4.7396	5.0443	5.2837
EA_G__C11orf82	5.4609	6.6509	7.0184	5.8662	6.1257	6.612	5.9729	7.3918	5.794	6.557	5.736	6.3239	6.8492	8.7831	6.1601	7.329	5.4224	6.7061	7.6886	5.452	6.9309	6.4962	6.308	5.3933	6.4071	4.8317	6.9059	5.714	5.3618	5.9928	5.8672	5.7982	5.7614	7.2557	5.8854	5.4156	5.9697	6.6975	6.4483	5.2868	5.7959
EA_G__PRODH	7.1166	8.5848	5.3758	9.6968	6.5807	5.2856	9.8394	7.3753	6.3146	5.293	9.9249	7.0011	5.3203	5.7339	6.3419	5.347	9.6035	5.5817	5.3378	5.6238	5.3479	6.1188	5.8214	6.8612	5.7096	10.3624	5.3603	10.5759	10.8014	10.6464	6.5433	5.7008	5.7056	5.2411	7.8362	10.5858	9.7075	7.7263	6.2829	10.3923	9.6963
EA_G__C10orf38	6.2483	5.0201	5.3839	5.3107	5.1599	8.0693	5.1925	7.2034	9.0347	6.0324	4.802	4.8767	7.5243	7.2618	6.0726	5.855	5.238	6.5257	7.1925	5.3892	7.1998	5.5845	5.4859	4.9971	8.3927	5.5611	7.5852	5.2761	4.6143	5.828	5.3883	5.3581	5.9375	7.9592	5.5203	5.343	5.5036	5.4112	5.5978	5.3111	5.3004
EA_G__SPDEF	9.8828	10.1908	7.4018	10.7931	10.5658	5.6685	11.013	5.9359	6.1425	5.7703	10.7443	9.8237	6.0475	6.0136	6.4407	7.5494	10.0929	6.9762	5.6718	6.3194	5.7139	10.0469	10.246	9.7584	5.6466	10.4039	7.0764	10.5661	10.3098	10.5877	10.0553	6.1331	6.4231	5.9152	10.0886	9.922	10.6581	9.6624	10.226	11.1169	10.8329
EA_G__CRIP2	10.4931	10.8373	8.5349	10.9609	12.0226	9.889	9.8807	8.4184	9.5757	7.1672	11.6983	10.5287	8.4838	7.4709	7.5177	8.5105	9.9585	8.7795	9.9819	10.025	8.8842	10.8957	10.0144	10.4003	9.5079	9.8837	6.5594	11.1565	9.5562	9.9669	10.9026	9.354	8.7135	7.478	11.0502	10.7092	8.721	10.6665	10.0145	10.3347	10.564
EA_G__SYT7	7.3093	7.8438	6.3065	9.013	8.1538	5.624	7.1669	6.5406	9.135	8.0894	6.5977	7.5207	7.5053	6.4084	7.0307	6.5839	7.5656	5.8712	5.0595	7.731	5.6967	7.7789	7.5346	9.5571	5.577	7.9565	5.5078	7.7687	8.2806	6.7126	7.8086	5.8711	5.7903	5.8368	8.2797	7.6034	7.7134	7.6941	7.9714	7.917	7.5292
EA_G__RND1	7.3143	8.2366	5.1518	5.5848	8.1345	5.2959	7.5678	4.9253	6.6945	4.833	6.5432	5.3653	4.8394	5.688	5.355	5.6049	6.4109	5.1296	5.0251	5.5654	4.655	7.389	6.8855	7.5082	4.321	9.0383	5.229	6.9107	7.667	7.8736	8.9453	5.08	5.2271	5.1002	6.2484	6.2849	5.9817	7.1618	8.9243	7.8627	6.9375
EA_G__EXT1	6.9002	7.2851	8.0007	7.2317	7.4158	9.4078	6.2099	9.0509	8.0849	9.5899	7.5442	7.2337	7.5812	8.4481	9.2912	10.1238	9.2087	8.4022	7.6371	8.1848	10.0477	6.7194	6.7105	5.5645	9.9259	7.4582	9.0962	7.2525	7.5283	7.3022	6.8852	8.3403	7.8279	8.393	7.9956	8.4691	6.9261	7.0398	7.4408	6.3569	6.7935
EA_G__TJP3	9.3077	8.0518	7.766	8.3849	8.6587	5.9377	7.9192	6.4262	6.6429	5.9521	9.8328	7.6407	6.3501	6.2599	7.1653	7.5222	8.4592	6.5682	5.9474	8.0263	5.6884	8.0699	7.9648	7.8198	5.7056	8.8534	6.1169	8.5057	8.1059	8.1475	7.9939	6.014	7.1509	6.1539	8.6348	7.4672	7.8886	8.6752	8.1957	8.4645	8.0411
EA_G__MLPH	9.7749	8.9613	8.6126	9.4537	9.4619	7.2434	8.8593	6.8868	6.8657	5.9652	10.2061	9.2145	6.1493	7.1993	6.1736	7.9823	9.408	7.7663	8.4935	7.6096	7.3314	9.3005	9.7117	9.0131	8.2664	9.9729	8.0714	10.0726	9.6628	9.7087	9.4819	6.3658	8.0179	6.4396	9.4011	9.1543	9.9994	9.2638	8.9017	10.4752	9.9638
EA_G__COL6A2	6.6302	6.6511	7.3117	6.9673	7.2551	7.9296	6.6004	8.7589	6.7259	10.2792	6.5324	6.6504	8.1956	7.8025	7.4572	6.8103	6.8826	7.1181	10.0293	6.9764	10.7826	7.1572	7.2812	6.7611	11.3673	6.8377	7.0407	7.15	6.5697	7.5773	7.0053	8.328	7.9163	7.7346	6.9604	7.3515	7.384	7.0124	7.0688	7.0345	7.4179
EA_G__TTC19	8.6527	8.2419	9.1502	8.8749	8.2278	8.7502	8.0066	8.9872	8.1973	8.8045	11.2654	7.9345	8.8368	8.701	8.9498	8.4536	8.3788	8.8937	8.1428	7.8048	8.3982	8.0098	8.7224	8.0369	8.7694	7.8061	8.8368	8.2474	8.4269	8.5385	8.4692	8.3053	8.2343	7.9473	8.2896	8.1058	8.6106	8.0567	8.1428	8.3585	8.3437
EA_G__SLC1A3	5.9579	6.6111	6.2239	4.1502	3.9597	5.561	4.1358	7.4102	5.9275	7.3403	4.0183	4.0396	5.7351	5.5781	8.6946	9.2695	4.5557	6.6053	4.058	6.8828	5.3296	4.5643	4.2625	4.0624	8.6562	4.4019	4.9309	3.99	3.5104	5.37	5.4099	6.7133	5.7299	8.3903	4.1191	5.2441	4.6502	4.7893	4.0327	4.5597	4.0849
EA_G__NFE2L3	7.216	7.1859	6.1925	5.0087	5.7393	6.0546	6.7734	8.0525	7.5903	5.6889	4.3799	5.0312	7.7891	7.5392	8.5166	6.7764	4.2388	6.5821	6.1267	7.1423	5.8479	5.9113	6.1872	5.3371	6.4403	4.211	7.4235	4.9752	5.0225	4.8484	5.4498	5.8102	5.9805	5.5091	5.0457	6.1705	4.4628	5.0203	4.308	6.3431	6.4551
EA_G__TMEM62	7.949	8.9841	7.4582	8.7357	7.7995	6.6914	8.7591	6.6112	6.9449	5.0083	9.6191	7.04	6.0806	7.8635	6.9773	6.5984	6.7557	7.3482	5.8364	7.4666	6.7297	6.3817	6.9338	7.9144	6.3979	7.9144	7.0368	8.9357	9.5611	8.2279	7.9178	5.5354	6.7559	7.2789	7.9863	7.4412	7.5937	7.7068	7.1573	9.6225	8.3443
EA_G__ALDH3B2	7.8751	9.1519	7.5805	11.3608	8.8077	5.8866	9.7334	6.4255	8.223	6.1384	9.5823	7.6199	7.7955	6.3071	6.4469	7.0901	10.2674	6.2786	6.047	6.1466	5.7429	8.5602	9.6127	10.4301	5.6515	9.014	5.9874	10.8628	9.2617	9.5867	8.9624	6.0873	8.4091	5.947	8.3315	10.3339	9.1412	9.1133	9.2081	9.9559	8.9847
EA_G__ERBB3	9.6684	9.5479	7.8567	9.4394	10.4453	4.3498	9.8292	7.4364	7.8742	4.4095	10.05	9.2441	9.4138	7.239	7.3572	7.9625	9.7082	7.3935	4.2979	8.8706	4.0683	9.4649	9.439	9.5575	3.9776	9.4408	4.5784	9.6653	10.1482	9.5168	9.1277	4.1238	6.8843	4.2234	9.5831	8.8726	9.2288	9.7254	9.7608	9.5803	9.1455
EA_G__MEGF9	7.0461	6.094	6.6923	8.7061	7.4811	5.822	7.6443	5.9558	7.2222	6.1581	6.9122	9.1405	6.0661	6.5113	6.1046	6.7453	6.5073	5.9738	6.1278	6.3046	6.2887	7.6627	7.5047	7.6915	5.9312	8.2692	6.1493	9.7645	8.6638	7.6239	6.2421	5.741	5.513	6.3937	7.5167	7.3731	7.5806	8.0296	7.315	8.3711	7.4477
EA_G__ITGA6	6.7446	3.5983	8.8761	6.6671	6.3461	7.6542	5.1661	9.2656	5.7846	8.5126	7.5573	5.6742	7.6857	10.5288	10.3204	8.9874	3.6557	8.6883	6.2079	7.0879	7.2968	4.2723	3.9472	7.6904	6.793	5.9178	8.1442	6.6046	8.5089	7.7496	4.1794	7.3789	8.221	8.2275	6.6701	9.4133	7.5001	6.7193	7.6797	6.882	4.358
EA_G__CMTM7	7.8658	5.9188	6.2141	7.1049	5.3678	7.6197	5.935	8.8032	7.0911	8.1796	5.1804	5.5291	8.2411	8.1877	7.9604	5.5399	5.849	8.9538	7.5776	8.2734	7.6982	6.3971	5.7649	5.2491	7.7657	6.7889	8.3036	5.4139	6.5478	6.1254	6.2854	8.5469	7.8743	7.6306	7.0904	5.7507	6.2845	7.1193	7.5985	5.557	5.7201
EA_G__GBE1	6.8244	7.5239	8.155	6.3966	6.5794	8.5971	6.6869	7.4889	4.9943	8.6312	7.5394	6.471	7.5278	7.1057	7.6762	7.967	5.8657	7.6057	8.2961	6.5153	9.4952	6.8885	7.5212	7.8519	7.2937	6.8441	8.7027	6.8781	5.6533	7.102	7.1436	8.6559	8.4116	9.5431	6.0081	6.5628	6.1145	7.2027	7.5811	7.0531	6.4247
EA_G__ARHGAP23	7.2203	6.0053	6.2233	5.8044	6.1833	7.0529	5.4752	6.3843	6.9114	6.3489	5.4214	5.2812	6.1932	8.4672	9.3409	6.2881	6.4165	6.8485	7.6738	6.8463	7.8115	5.9048	5.7858	5.5407	7.3588	5.8461	8.653	5.7958	5.8236	6.2527	5.9964	6.9923	6.3647	8.3173	6.3409	6.3077	5.9923	7.0707	6.1537	5.8307	5.6982
EA_G__CTNND2	5.4629	8.1316	5.8497	7.5316	6.6776	5.4046	7.6145	5.578	5.923	5.2439	7.9285	5.2685	7.2004	5.5369	5.2641	5.4163	7.6463	5.6685	5.1254	5.7386	8.1424	7.963	7.877	7.7465	5.4372	7.0886	5.2979	8.3406	8.2045	7.5643	7.5688	5.3627	5.7529	5.5902	6.5579	5.7347	5.943	5.4129	7.3165	6.9607	6.3814
EA_G__COTL1	5.9198	7.0348	10.274	6.6603	7.9471	8.8765	6.1352	8.5549	7.4247	8.4905	6.565	7.2202	7.2821	9.2408	9.7896	9.7695	6.8316	9.2709	9.1656	9.3668	8.8264	7.2009	7.0144	6.3387	7.8644	6.9472	8.3797	6.4174	5.9237	7.2764	7.4072	7.7958	7.976	9.0746	6.9195	7.4659	7.2679	7.4007	7.0112	6.5166	6.9788
EA_G__AR	6.9661	7.0617	5.1747	8.3549	6.7735	7.5162	9.0105	5.0413	7.5879	5.2557	8.4454	7.9054	5.3141	5.6306	5.044	7.7099	7.6659	5.4751	5.0709	5.6657	6.2381	7.3953	8.2357	6.7372	6.0964	7.7378	5.2134	8.7813	9.1804	9.5757	6.2873	7.595	5.6012	6.2466	9.2337	6.7197	5.6023	7.7766	6.883	9.3152	6.1824
EA_G__PDK2	8.2428	7.0593	7.3418	8.6813	8.1326	7.0869	8.0833	7.6765	7.668	7.2951	9.5634	8.5473	7.3267	6.8853	7.5144	5.2004	7.6	7.5001	8.071	7.2623	6.6124	7.5269	7.8726	8.1051	7.353	8.0214	6.89	9.2013	7.7035	8.4327	6.8599	5.42	7.5932	6.1561	7.9233	6.9924	7.5973	8.3188	5.2635	8.3825	8.3118
EA_G__FSCN1	6.8308	6.9952	7.5474	7.1701	7.1692	8.8985	6.7299	9.8533	9.8245	9.7445	6.454	7.0825	8.4576	11.4143	9.3293	9.3009	7.0833	8.7193	9.1685	9.4212	9.8571	7.5215	7.7422	6.5522	9.6478	6.8572	8.4388	6.817	7.4765	7.24	7.0958	7.3337	9.286	10.5846	7.0571	7.894	7.1431	7.0679	6.8991	6.8126	8.0465
EA_G__SCNN1A	11.0357	9.555	7.8103	8.6409	7.5026	4.9473	5.4678	5.4577	6.6565	4.7544	9.9819	8.3223	4.8405	6.7003	8.1132	8.4818	9.5645	6.633	4.8998	8.5155	4.5885	8.3719	6.2766	7.8867	4.3763	10.0856	5.2414	9.5227	10.347	5.8397	9.433	5.0744	10.6293	7.2214	10.5261	9.1262	10.4535	8.2861	7.8388	6.6651	8.573
EA_G__CAV2	6.8437	4.5018	8.4908	3.7097	5.5046	9.6475	3.2968	9.8419	4.7699	9.5411	3.41	6.384	6.665	9.7361	10.2366	8.8897	6.3564	9.7925	9.8782	9.1849	9.3055	6.8317	4.985	4.251	9.9149	5.9759	8.7015	5.0696	5.7687	3.9831	6.1201	9.4274	10.0236	8.9668	6.5462	7.0424	6.8936	3.7499	5.2992	4.0191	4.5273
EA_G__CA12	10.374	7.2275	4.013	8.3578	10.6613	4.4665	10.0681	3.8395	4.2274	6.9445	8.9946	11.4745	4.5173	5.784	5.8456	4.7064	5.8182	4.881	5.4007	5.0197	7.2481	9.8496	8.5533	10.4266	4.9112	10.2303	6.35	8.8736	9.9468	9.5013	9.0564	7.9017	6.3439	8.7456	9.0545	4.6293	9.4214	10.2797	9.0996	8.3877	8.6511
EA_G__SLC40A1	6.8502	8.0701	4.2189	8.1892	8.6575	3.7959	8.0269	4.4506	4.0922	4.2159	7.8833	10.106	6.5779	5.4936	4.2927	5.1166	8.1015	4.3603	6.1059	5.223	4.0297	4.289	4.0528	4.0146	5.7339	8.6986	4.346	9.6424	8.3737	9.2989	7.1985	4.2552	4.3975	4.2056	8.3935	7.4368	7.0743	10.0715	6.5471	8.6955	7.2722
