Cell lines	600MPE	AU565	BT20	BT474	BT483	BT549	CAMA1	HCC1143	HCC1187	HCC1395	HCC1419	HCC1428	HCC1569	HCC1806	HCC1937	HCC1954	HCC202	HCC2185	HCC3153	HCC38	HCC70	HS578T	LY2	MCF7	MDAMB134VI	MDAMB157	MDAMB175VII	MDAMB231	MDAMB361	MDAMB415	MDAMB453	SKBR3	SUM1315MO2	SUM149PT	SUM159PT	SUM185PE	SUM225CWN	SUM52PE	T47D	UACC812	ZR751	ZR75B
Response	1	1	1	-1	-1	1	1	1	-1	1	1	1	-1	1	-1	1	1	1	1	1	1	-1	-1	1	1	1	1	-1	-1	1	1	-1	-1	1	1	1	-1	1	1	1	1	1
EA_G__PFKFB3	9.6621	7.9244	7.8908	6.6838	9.3741	8.2089	8.0552	8.9725	5.1075	8.1089	7.8609	8.3339	7.9878	9.0054	7.8649	8.9064	8.3666	8.1253	8.3542	8.5225	9.0713	7.795	7.96	7.957	8.6256	9.0899	8.6078	7.7026	7.5088	9.4832	8.3941	8.5568	7.2366	7.6397	7.6061	7.3748	7.7672	9.334	10.4883	8.9344	7.1817	8.0702
EA_G__SQRDL	8.7049	7.6228	8.294	8.2439	7.8447	3.6097	8.8551	8.5299	6.3138	6.2931	8.6975	6.6712	6.6656	8.8996	8.0078	8.6172	8.3024	7.4967	8.2497	5.8078	7.9002	3.82	6.066	7.3891	8.4042	4.1692	8.1481	7.528	7.0661	8.5646	9.2856	7.046	6.9046	7.5518	7.9414	5.0225	7.4127	8.804	8.5423	8.1667	7.3309	8.0341
EA_G__TUBA4A	8.6679	7.9277	9.8841	6.3558	7.2991	6.9787	7.7877	10.2872	5.4635	9.339	8.4505	7.3348	5.2554	9.8507	9.0392	9.883	7.864	6.864	6.8061	6.929	9.6147	5.9611	6.2718	5.9367	8.2313	5.3819	7.3407	6.8341	6.603	8.5443	7.9706	7.1037	7.6902	9.8575	10.3707	9.5426	9.8632	8.7304	7.511	5.7331	8.2523	9.6581
EA_G__EFEMP1	8.9932	7.9469	4.1539	5.1865	7.8477	9.5279	9.8558	10.6762	4.3132	6.7744	5.8441	8.2369	4.4974	8.7016	8.8237	7.8833	8.8453	9.5514	9.4495	10.4554	9.7036	7.9544	6.7067	7.2431	4.2682	10.2084	7.8036	6.9153	6.0749	8.1426	4.4023	9.074	4.0759	10.5316	9.6474	10.1493	7.0303	4.5549	9.4677	7.1217	7.8647	5.6764
EA_G__AMOT	7.4757	6.3747	6.7421	5.7743	5.5562	6.6864	5.1458	7.2264	6.3119	6.6321	4.9711	6.104	6.3481	5.0213	5.5256	6.1404	5.429	7.617	6.0115	7.2629	7.7889	4.9164	5.2089	6.1396	7.022	6.908	7.2307	4.8627	6.3627	6.935	5.8527	5.2869	5.6474	5.7734	4.8001	5.5353	5.9797	7.0603	5.2387	6.6051	6.1945	6.9362
EA_G__PODXL	6.5338	7.0465	6.9961	7.3009	7.4771	5.7421	7.7433	7.7858	7.9623	6.375	5.9186	6.1199	7.3042	7.5714	8.7707	6.8597	6.2644	6.5362	7.7635	6.0348	8.0322	7.3219	7.3969	7.7025	8.049	6.8305	7.3334	8.0699	7.5153	7.0734	6.5859	6.8237	7.3762	7.5898	6.6797	7.3501	6.5858	6.8752	6.2957	6.3991	6.2155	6.9749
EA_G__TNS4	10.7968	9.7714	7.8139	5.1035	5.6707	4.9406	8.7542	8.8222	4.9742	4.8131	8.2169	4.8104	5.0797	9.8753	7.1148	8.9879	5.137	5.6328	8.1433	5.1679	5.5463	4.9638	5.3947	5.5514	7.6197	5.0328	8.5011	5.5462	5.9443	8.2497	5.8093	7.4534	5.1079	9.5218	5.6571	6.1038	7.9988	8.6614	7.807	7.7563	6.6947	5.159
EA_G__APBA2	4.5532	4.5272	6.364	7.8097	6.695	7.5095	4.58	5.9088	8.2103	5.1304	4.3289	5.0186	7.1108	8.0731	6.4353	4.5005	4.8223	4.6544	6.5269	6.9753	4.8328	6.3827	5.5675	5.5326	4.6297	7.4866	4.9834	7.9591	5.0135	4.5746	5.3235	4.9345	6.3831	4.9759	8.2746	7.6773	5.7227	4.8344	4.8348	5.5316	6.5239	7.413
EA_G__BASP1	7.2406	7.5537	7.4218	9.3298	7.8868	9.6218	8.299	9.8899	8.5702	8.8385	7.615	7.3633	7.9699	7.3156	8.8249	7.1357	7.5611	7.6596	7.8624	9.069	7.4602	9.3455	8.8172	9.5101	8.6996	10.2572	7.2745	8.6855	7.8865	7.1992	7.8206	7.9689	9.3781	8.3597	9.3406	7.3915	7.4398	7.6651	7.2088	7.8876	7.0879	7.4299
EA_G__NDRG1	8.4	9.8484	5.8322	8.7133	9.8188	5.5384	9.3256	8.6415	8.5602	9.5889	8.3611	7.8924	9.7411	8.8303	8.7656	6.7588	8.959	8.7092	8.2533	6.2012	6.9912	9.0867	7.8963	7.9608	6.3947	7.7957	5.9748	7.386	8.7999	6.907	6.5758	9.8309	8.3425	10.8731	8.0081	7.7749	8.6069	10.3212	6.7802	8.7834	7.0928	7.3212
EA_G__FCGRT	8.0984	6.3375	6.171	6.3255	6.9019	7.5422	6.1345	7.4991	6.7804	7.4801	9.5356	7.3195	6.4734	6.8704	6.4856	6.2959	7.0946	7.0073	6.2378	8.0161	6.4038	6.3573	6.6541	6.9661	7.1641	7.9189	7.9785	6.235	6.8045	6.6482	7.5823	6.5542	6.3355	6.6267	6.4737	6.2798	6.2364	6.4266	7.6764	7.0002	8.1798	6.101
EA_G__ACY1L2	4.4885	6.3544	4.2798	5.2636	5.2117	7.1705	4.3953	7.4794	6.8949	5.8679	4.2893	4.5942	7.0163	6.9582	7.6089	7.0387	4.4362	6.7671	7.8102	5.7572	6.2657	5.5172	6.373	6.3109	4.5518	5.766	5.1085	7.7561	6.9709	4.501	4.6458	6.8882	5.3066	6.6272	7.5867	5.6536	5.6762	4.8928	4.6226	4.7204	4.5761	4.4612
EA_G__B3GALNT1	6.1488	4.8247	4.0581	7.7167	7.4481	4.2293	7.5074	5.454	5.5644	4.7191	7.6901	7.8454	7.4987	6.5447	6.5885	5.2193	7.6185	6.9654	3.7969	6.9197	6.6681	5.229	7.4146	6.9288	6.2082	6.7603	5.3114	7.6341	7.4663	6.6235	7.1675	5.7178	6.2119	5.2284	5.5004	5.8687	7.7405	6.557	6.9052	7.1476	4.4337	4.388
EA_G__HTRA1	6.2862	5.6965	6.1051	6.4451	6.5223	5.9336	5.8078	5.5567	6.4642	8.8644	5.5565	5.663	6.1941	7.7513	7.8993	6.2761	6.0636	6.3601	6.4929	7.8425	6.1129	8.4365	7.3277	7.0242	5.7893	8.8277	6.7649	7.2179	8.0149	5.9177	6.5156	6.1682	10.3495	9.0221	8.2772	6.2785	7.8298	7.9626	6.5837	7.5357	6.2563	6.2826
EA_G__SGK3	5.7648	5.5345	5.8073	7.7462	7.3721	5.8386	6.7755	6.8608	6.8632	3.7862	7.6689	8.075	6.2488	6.7499	6.9819	6.0813	4.8688	8.1469	6.143	5.6877	6.0123	6.4531	5.643	7.2611	7.2405	5.2273	6.546	6.6847	8.3658	5.6821	4.6227	6.2563	6.8148	5.3602	6.0481	6.2606	5.9953	6.007	7.5886	6.1775	5.8094	5.8588
EA_G__LAMA3	5.7582	5.5579	6.0638	4.2184	5.7869	5.4644	5.921	8.2205	4.7544	5.0204	4.6329	6.6558	4.3638	7.0316	7.6528	7.2159	4.4619	6.1338	7.564	4.7692	7.0691	4.2558	4.6036	5.0835	6.5762	4.5143	5.1434	4.4574	5.8823	6.1132	5.0278	5.876	6.1251	7.4765	6.2387	4.6469	5.5989	5.0869	6.2141	6.0862	6.2837	6.6314
EA_G__FABP5	4.5852	4.0903	3.2953	5.6242	4.9494	3.2476	4.6763	8.607	6.7919	6.8194	6.1227	5.9207	8.2855	8.2952	8.2315	3.6763	3.7999	3.8303	6.6193	8.1268	8.0179	7.4143	4.5795	4.4465	3.9307	7.8224	7.8662	8.5296	6.4531	5.4059	3.6267	5.0183	9.5285	6.2494	8.6298	3.1829	4.1928	3.9817	3.7328	3.6033	6.0214	6.839
EA_G__KHDRBS3	5.5866	5.2929	5.2192	7.4323	5.2636	6.0986	5.881	8.0092	6.2243	9.3798	4.5873	5.8819	6.606	5.7121	6.2307	5.1169	5.029	5.6936	6.2337	5.3907	5.2712	6.524	5.1743	5.2629	5.5469	5.3718	6.6775	7.9135	6.2174	6.6511	5.8407	5.5557	8.8877	5.3408	7.2329	6.2066	6.9152	5.1955	5.3581	5.8237	5.1687	6.5312
EA_G__EHD2	7.3175	7.175	6.3216	6.3603	5.9076	9.1305	7.8483	8.6393	6.4028	8.256	6.0272	6.5969	6.0329	8.7643	7.588	8.5066	7.2154	7.8595	7.7524	9.2252	8.1121	9.9391	6.6247	6.7547	7.943	8.9681	7.5343	7.6772	6.0786	8.2494	7.1402	7.063	8.4964	8.0041	9.1996	6.4192	7.1679	9.2335	7.4684	6.7046	6.9207	6.7111
EA_G__STAT1	8.3332	8.2062	9.4573	7.9819	9.5	8.6689	7.7621	7.9236	8.7763	9.4363	8.4277	8.4834	8.6816	8.8696	9.6781	9.7542	8.2691	7.5906	8.6434	8.7964	9.9498	8.9713	8.5068	8.6322	9.6129	8.4346	7.5953	8.6625	8.6943	8.8024	7.7337	8.0046	8.6331	9.1423	8.0728	7.9409	10.6138	8.1214	8.4573	7.8493	7.8277	7.7247
EA_G__HSPA2	9.1865	6.5143	6.6961	6.0734	6.6109	6.9019	6.5664	8.1328	7.0044	7.8112	7.127	6.2578	5.3727	7.315	7.8875	6.9199	6.4991	7.3139	7.1002	8.5382	8.6414	6.6641	7.2836	7.5073	7.8789	8.4979	9.6421	7.0652	5.4425	10.4966	6.9279	6.8192	8.408	8.1889	6.0688	7.0414	6.607	8.657	6.8424	7.5967	6.5403	6.8197
EA_G__ERMP1	9.1233	9.4537	9.421	7.7073	9.4053	7.401	9.5278	6.7848	9.633	7.2208	9.9716	8.4253	7.4714	6.4361	8.3757	10.7532	9.7341	8.2505	8.196	8.1311	9.9705	6.7102	8.8285	8.7303	9.5828	4.9347	9.7925	6.0482	8.8685	10.2583	8.723	9.3062	5.3658	8.9447	7.3782	9.6522	8.6249	10.0875	9.0246	8.9602	9.9493	9.1495
EA_G__IRX2	8.5173	8.2061	8.6352	8.3716	7.4054	6.7802	7.908	8.4604	6.8686	7.5914	7.2388	7.1883	7.1409	7.8829	8.184	8.9985	7.9189	8.6733	7.9823	7.2981	7.3122	6.8466	7.5982	7.7185	7.0101	7.6978	8.208	6.4527	7.7101	6.678	7.7619	8.356	6.9569	7.7958	10.7715	8.7892	7.7253	8.5168	7.6102	7.6332	7.5843	7.5097
EA_G__PLK2	7.5236	7.8727	8.5494	8.8925	8.5242	10.5128	8.5205	8.6085	7.4595	7.9545	10.1316	8.5336	7.8623	8.9048	9.9297	9.543	8.0052	9.8103	8.7463	8.8406	9.5894	8.67	9.0988	10.4749	9.3449	9.7563	9.7828	8.3677	8.7253	10.3724	9.3284	6.7134	7.406	8.4268	8.0216	9.6279	7.9646	8.9164	9.9098	7.2602	7.4777	7.7337
EA_G__CTSL2	6.1246	5.9536	8.0184	5.8398	5.2216	6.811	5.9491	10.0876	4.8773	5.6422	7.1654	5.6257	7.5143	7.0538	6.9869	6.7205	6.2016	6.0463	7.5611	6.6177	6.8	4.0131	6.0759	6.7314	6.0738	6.6949	6.3154	4.8796	5.8041	6.2364	5.2613	6.3094	5.2328	5.8592	4.7117	6.6303	6.5552	5.9621	6.8069	6.0663	5.9108	6.684
EA_G__TMC4	8.64	6.5461	7.9944	6.2488	8.4629	6.0186	7.9932	7.4768	6.8929	6.0736	8.9858	7.8696	7.7434	7.1081	7.1204	7.0207	9.016	8.0437	7.3004	6.301	9.6454	6.3986	8.2183	9.2347	8.4141	6.5111	9.0318	6.0146	8.9193	9.6407	8.511	6.7853	6.3755	8.8233	6.0398	8.8164	8.6888	8.9131	8.8138	7.8806	8.7088	8.9853
EA_G__LDHB	5.2705	9.9549	3.3443	6.5869	5.9575	10.2955	3.0453	10.7181	11.0786	9.4898	2.9818	6.978	11.0733	10.9666	10.7587	2.5138	3.7516	10.4313	10.2146	10.8921	8.2479	10.3377	3.5445	3.0401	2.8244	10.252	10.0613	11.1245	9.6888	9.633	3.417	9.8014	10.5553	11.0504	10.9831	2.989	5.1717	10.1744	5.3941	7.9447	2.9497	2.7444
EA_G__ITPR1	5.5693	6.5539	5.3896	5.9702	6.7208	6.4133	7.1312	5.1424	5.974	6.9446	6.8848	6.3318	5.5224	4.9485	5.1459	5.3102	7.3683	5.4647	5.254	6.0742	6.9066	5.4432	5.9592	6.3776	6.8182	4.6712	7.0966	5.8567	4.8467	6.4784	8.3669	5.9042	8.3759	6.7977	6.3473	7.6329	5.5424	6.006	6.2861	6.7557	6.3068	6.0991
EA_G__PKP1	5.6235	5.7763	5.5567	7.2635	6.6773	5.4637	5.749	8.9405	9.8738	5.4574	5.0002	5.3237	8.0497	8.7844	8.0152	5.592	5.55	6.6472	5.8122	5.4681	8.3296	5.5656	7.5042	6.6818	5.6587	5.3823	6.8786	5.5327	6.7282	9.739	6.2998	7.3218	5.736	8.5603	5.7642	8.6745	7.018	6.034	5.5518	6.0784	5.8628	5.5867
EA_G__KCNS3	7.8232	7.3982	8.0016	6.6148	6.2972	5.3846	7.0761	7.0195	6.4153	5.0912	8.208	5.9488	4.9442	5.1645	7.7079	8.2604	6.7285	7.0898	5.6055	5.807	7.5989	6.53	5.285	6.4881	6.8143	4.9836	7.24	6.1298	7.387	7.7146	6.9706	6.5381	5.0119	6.6703	7.0494	7.602	7.3123	7.4014	5.9702	8.4243	7.2799	7.6228
EA_G__NBN	6.927	10.6107	7.7047	8.3739	8.7335	8.598	8.4713	8.6226	7.8841	7.8982	9.7121	9.4755	8.4501	8.1037	8.5414	8.1108	7.9096	7.927	8.479	9.2428	8.2257	8.9131	8.5545	8.6068	7.6761	8.3968	7.9192	8.1941	7.8227	7.3612	7.4922	9.8005	8.0604	7.5148	7.95	6.898	8.3702	6.8325	7.9395	8.1857	7.6593	7.5476
EA_G__AKR1C3	8.0916	5.8327	8.5037	3.7726	4.7068	5.4481	3.7124	7.3325	6.3418	10.6601	6.7336	3.9747	3.603	9.7453	7.0165	8.7086	3.8587	4.4783	8.7665	8.2096	9.9154	5.3562	4.0953	5.5774	4.9131	6.6928	6.7088	5.1815	4.8762	10.6157	4.4237	4.1457	4.9186	6.397	8.0434	8.6478	10.3838	6.251	4.6757	3.9799	4.0118	4.8184
EA_G__GPRC5A	9.7382	8.5157	10.9641	7.8683	10.2576	6.5881	7.4147	10.5988	3.9568	4.0523	9.5364	6.6379	4.1691	9.6144	8.5217	9.9066	8.2777	9.4808	9.1669	5.511	9.4651	6.9534	7.7937	8.7995	9.3792	4.7917	9.3106	8.997	7.8573	8.3939	6.3857	8.2795	7.1666	10.0606	8.3269	10.4718	7.684	9.3379	7.6569	9.0749	5.9489	7.8913
EA_G__LANCL2	6.4515	8.2777	9.3537	8.6101	6.9215	6.7993	6.4505	7.8774	7.7977	7.0384	7.6701	7.23	7.0278	6.9541	7.5225	7.6978	6.2475	7.0858	7.9592	7.4576	6.716	8.0509	6.6348	6.9244	7.034	7.9014	6.9053	8.0005	7.545	6.6467	6.6188	8.265	6.9139	6.7932	7.3607	7.1243	7.3493	5.964	7.3271	7.0575	6.9767	7.0689
EA_G__IRF9	6.9987	5.7972	6.5448	6.4872	9.006	7.0059	5.6445	7.1758	7.357	7.505	6.2185	6.9788	7.1472	5.6094	7.7845	7.583	7.7266	7.061	6.5593	6.0724	9.0531	6.4571	7.1904	6.8928	8.3532	6.572	6.9745	6.2395	7.5352	8.6384	6.0192	6.1231	6.3522	7.2759	5.5514	5.9676	9.5704	5.5177	6.4678	5.6357	5.2085	5.0718
EA_G__MAP4K4	6.8339	4.283	7.8822	6.9846	6.6211	7.6195	6.5829	6.9551	7.9128	9.6361	4.6415	6.9167	7.5113	7.577	8.575	7.535	4.2391	5.8437	7.5774	7.9209	6.8842	8.4149	6.9634	6.292	7.0002	8.0307	6.2858	7.2345	6.2708	6.4071	4.8013	4.4212	9.5851	6.9638	7.773	6.0739	7.3778	6.2682	6.226	6.4416	6.0425	6.3334
EA_G__ANKRD30A	8.6028	2.8704	2.5572	7.2234	8.3499	2.8885	9.2244	2.8332	2.7669	3.2657	8.5776	2.7758	2.8399	3.523	2.6245	2.863	7.4943	2.9944	2.7739	3.1471	2.8759	3.2328	3.0641	3.3301	8.6986	2.9268	4.6548	2.872	4.3146	8.9193	7.5461	2.9411	2.8403	2.8056	3.1303	8.7095	2.7598	7.4575	3.7411	6.6087	3.9268	3.1336
EA_G__ID3	8.6637	8.7567	8.2871	5.7685	7.4438	9.4338	9.0323	7.5827	7.4201	8.5902	9.1811	7.0131	6.3124	9.0101	9.1004	7.5789	9.1814	8.559	8.2351	10.2381	8.8913	8.7089	7.9608	8.4088	8.5196	8.292	8.8033	8.4871	8.0057	10.8247	8.3927	9.5854	6.7457	10.0836	9.5694	7.3623	8.5996	8.1312	7.3736	7.889	7.0466	8.4828
EA_G__CLSTN2	6.8205	5.6977	6.8997	7.8696	8.1281	5.2503	9.9628	7.2839	5.4275	5.9965	6.8699	8.2244	5.3624	5.5006	5.6761	5.4378	5.3756	5.7285	6.9158	6.928	5.439	5.8407	5.2828	8.1749	10.4373	5.2112	8.3856	5.3934	5.5934	10.5058	7.708	5.657	5.4048	5.7301	5.1216	6.371	5.7493	7.2234	7.4536	9.8238	5.1649	5.4848
EA_G__C8orf38	5.6885	5.2961	6.0933	7.4005	6.7728	6.36	6.5944	5.9578	5.9875	5.4229	9.7617	7.3404	6.8741	5.5815	7.5749	6.428	6.7847	7.2665	6.1555	5.9237	6.2838	7.1253	6.3628	6.663	6.598	6.2003	6.087	6.4429	6.5667	6.5273	6.1991	5.3366	5.7822	6.0141	5.8823	5.7278	6.8811	5.6055	6.2685	6.7931	6.1164	6.5177
EA_G__NDUFC2	8.7886	7.1598	6.9092	7.0491	7.2122	6.7073	7.0567	7.1155	7.3385	6.5542	7.7604	7.8768	6.8795	7.5385	6.8346	7.0451	7.0788	7.1313	6.8631	6.9094	5.9698	6.6917	6.7885	7.0025	9.6244	7.0241	7.6793	6.8544	6.7382	7.1858	6.9756	7.2295	6.3078	6.7869	6.9348	6.7793	6.9189	8.5793	6.7674	7.3175	7.2422	6.8924
EA_G__KIAA1370	8.0117	7.6169	7.4985	7.3101	7.5285	5.8151	7.928	5.5305	5.6156	5.1632	8.5057	8.3103	5.6178	4.1441	5.8594	6.7071	7.1959	7.7436	5.6434	6.0605	7.0426	5.3786	8.0435	7.6508	7.4509	5.501	7.9116	5.8793	7.546	8.121	7.6939	6.9794	5.6558	5.3833	4.6569	8.0614	7.0923	9.0775	8.1025	7.7791	8.678	8.4904
EA_G__WIPF2	7.4128	8.5587	6.833	6.8488	7.4499	6.6952	7.4364	6.4773	6.599	6.6681	6.4508	6.7045	6.5742	6.8275	6.7482	6.9228	6.8608	6.8676	6.782	7.2515	6.8525	6.5816	6.776	6.7378	6.7753	6.821	6.944	6.6162	6.1835	7.1032	6.5885	8.4697	6.5289	6.6946	6.7005	6.4592	6.4955	6.7139	7.2567	9.9033	7.0811	7.0889
EA_G__OAS1	8.4561	7.4942	6.3087	5.4196	9.2788	5.1153	5.0548	5.4436	8.2418	5.2598	5.3198	6.6284	8.5045	8.2729	8.0087	7.7033	7.6204	6.1114	5.1116	5.3428	9.7248	5.3713	6.8045	6.5343	7.3529	5.3131	7.9161	6.6865	7.4729	8.4465	5.9857	6.0559	5.4818	7.6529	5.3296	6.6401	10.4675	7.4797	6.8303	5.2948	6.1528	5.5898
EA_G__MXRA8	6.1191	6.7694	6.3297	6.4558	7.8818	6.2704	6.2502	6.2307	7.7057	6.2399	6.453	6.3686	6.0808	6.3558	6.0093	6.3004	7.0497	6.2512	6.2578	6.0688	6.3549	10.1672	6.5132	6.3027	7.0311	9.7514	7.2899	7.2929	10.5625	6.2986	7.1936	6.8869	10.9536	6.3515	6.4133	6.5797	6.6828	6.5608	7.7171	8.3042	7.5477	8.1395
EA_G__LARP6	6.5428	5.5659	6.7676	6.5078	5.6237	7.1073	5.4248	7.0083	5.9575	8.956	6.0089	5.5778	8.0006	6.6088	6.8861	6.3143	5.4561	5.8963	6.643	6.7771	7.3264	7.2463	6.5469	6.0363	6.6533	7.6928	5.9258	7.1621	7.2715	5.3831	6.1623	6.1477	9.1172	7.1147	7.1286	6.8268	7.5145	7.2592	5.9801	7.0379	5.8008	6.3795
EA_G__VEGFC	5.959	6.1045	5.2768	6.4836	6.1927	8.5363	6.3565	4.9781	6.5901	8.1276	7.4515	5.8244	5.2067	8.6976	8.2692	8.3195	6.3146	6.0912	6.7928	5.6619	6.1002	8.8704	6.4998	6.1745	5.6331	7.8407	7.1515	8.2774	6.7377	5.8924	7.7121	6.4205	10.0856	8.5307	7.9418	6.2836	7.6009	5.223	6.4057	5.6382	7.4676	6.3411
EA_G__CAPG	6.6706	6.4351	6.7083	6.032	8.1392	9.1905	5.5912	8.0487	6.5024	6.8346	5.99	7.504	8.1058	7.3945	9.9357	6.7679	6.2179	8.2965	6.1711	8.3605	10.4881	9.7125	7.3977	7.1072	6.146	8.9721	7.3892	9.826	6.5516	9.4092	8.3112	8.4377	11.5451	9.4273	7.2054	6.5292	8.2206	6.3742	8.5191	9.0145	6.3248	6.8779
EA_G__SLC16A6	6.3763	6.9175	5.8252	7.9652	9.3395	6.2609	8.504	6.5765	5.5061	7.0216	8.6466	7.1262	4.4458	5.417	6.0462	6.0024	6.6771	7.1765	6.5612	5.107	5.8467	4.2712	7.8573	8.4955	9.9281	5.155	7.3289	4.8415	6.8034	6.259	9.8112	7.1754	4.514	5.1226	6.0726	9.6108	5.5918	7.6663	7.6884	9.1586	6.7156	6.4555
EA_G__MET	5.2919	8.4888	9.8576	6.907	6.8321	8.3625	3.2377	9.2522	5.3249	7.5857	3.2698	6.3495	6.1792	8.7101	9.18	9.5533	5.8399	6.3674	8.9764	6.0304	8.9068	9.9443	6.8639	7.1523	4.6219	7.3588	5.4183	9.002	7.5613	6.2826	3.9662	7.0874	9.5923	8.4591	9.0204	5.2276	7.3053	6.7738	4.1065	3.6661	5.8882	4.1216
EA_G__RPS6KA2	7.2247	7.2512	6.4795	6.7426	6.0129	4.9791	5.3537	6.4925	6.9078	6.2883	6.2732	4.9725	5.8669	6.45	6.4346	7.5155	5.3378	5.9798	6.8663	5.2436	6.5689	9.0315	6.5766	6.8342	6.9687	5.1484	7.0255	6.8695	6.9008	4.9655	5.6143	7.5479	5.5176	7.4256	7.175	7.7108	8.3379	6.5329	5.2178	6.7964	5.4018	6.1544
EA_G__CNKSR3	5.06	4.3108	5.5452	5.9153	5.1754	6.9733	4.262	7.7174	7.0384	6.7579	7.093	6.4602	7.8627	5.9133	5.4103	6.6012	4.065	6.5838	5.3453	5.8715	6.3588	7.1489	5.4549	6.0796	5.2304	6.9354	5.1829	6.2601	6.0659	4.2492	4.7517	4.5474	6.9434	4.9648	5.893	5.3603	5.9813	5.3887	3.7367	5.9269	4.9541	5.8512
EA_G__GSTT1	7.6347	4.6299	4.8137	8.0168	7.052	7.6019	8.4776	4.7123	4.377	4.5363	8.8024	4.5306	4.5116	4.9129	4.2115	7.0852	4.9573	7.3671	7.6961	7.5309	4.753	6.9702	6.5317	7.7158	4.9566	6.9876	7.636	4.0882	8.3665	7.6046	8.6851	6.5673	5.1682	7.0605	6.4598	7.5391	7.2578	4.7409	4.6702	7.7072	9.7679	8.4166
EA_G__CUL4B	6.6142	7.0274	8.4121	6.2287	6.8128	9.3472	7.0256	8.1315	7.2752	7.686	7.6102	7.6919	7.0614	6.7863	6.5816	7.5829	6.5218	7.2735	7.3667	10.0552	7.1003	7.8513	6.5622	7.0789	7.0753	8.6142	6.8373	7.2966	6.404	7.2378	6.5199	6.8767	7.1544	6.4288	6.9163	6.5287	6.3816	6.6166	6.3577	7.0476	7.0727	6.9907
EA_G__PRNP	8.5325	8.966	9.4338	7.1683	7.8965	10.0008	4.5591	9.9432	9.4469	10.1123	6.5717	6.5746	9.6536	10.4869	10.7038	10.0801	5.4384	8.4081	9.0153	10.7803	8.4326	9.5619	7.9611	6.9297	6.4105	9.4125	8.7312	9.6684	7.846	5.9126	6.856	9.276	9.3299	8.787	9.619	7.018	9.7165	8.8016	7.8626	8.2148	6.9197	7.6553
EA_G__TBC1D2	9.2376	7.7515	8.2597	6.9082	7.0838	8.3025	6.9648	9.3809	5.8309	6.9009	7.5223	6.8364	6.3296	8.9686	9.385	8.6838	7.2801	6.9966	8.3051	7.0549	6.7734	7.2753	7.0387	7.1429	6.7825	7.3263	7.583	7.2943	6.9501	7.7684	7.1429	8.2747	7.7864	8.2385	8.2072	7.9272	6.4277	7.9677	7.4045	6.4661	7.4552	6.7711
EA_G__NLRP2	8.1576	8.9785	3.5682	8.9691	7.9713	3.6741	3.5258	3.3124	7.512	7.108	9.2522	8.966	3.49	9.3799	3.4433	7.4231	3.8484	9.2504	3.5501	7.8246	7.7908	4.7481	3.3894	3.8341	8.0258	7.8593	8.1266	3.6189	7.8887	5.3161	3.7842	6.6445	3.5206	6.8015	3.8452	3.7499	3.8335	7.528	8.4914	7.8778	3.8702	3.7279
EA_G__CKB	6.7564	8.415	7.1876	6.7638	7.8151	8.6024	8.9011	9.0014	7.0709	7.8112	8.0904	8.7487	6.6814	9.422	8.2067	7.4356	7.9725	8.1285	6.9951	7.7235	8.1848	6.6182	7.6509	7.745	9.1138	9.5121	7.14	6.9366	8.7548	8.6406	10.6523	7.7758	10.0349	7.2008	6.8383	9.4566	8.4882	7.3678	7.6543	7.9767	9.4666	10.1107
EA_G__IRF1	7.6982	7.006	7.6716	6.2702	7.2857	7.9649	6.6868	7.0591	9.5285	7.102	6.2165	6.4752	7.849	6.7248	8.2268	8.5606	7.0064	7.1732	7.0029	7.9304	8.6831	8.1805	6.5943	6.4556	6.9864	7.736	6.9595	7.2986	6.5244	7.6743	5.5382	7.2615	6.8532	6.8387	6.9039	6.6999	7.2248	6.5218	6.4656	6.2076	5.5574	6.2691
EA_G__SH3BGRL	7.102	3.942	5.8526	7.1953	5.0198	7.4323	7.7708	7.8664	5.9809	7.0227	7.314	6.1049	7.0572	6.0477	6.2545	3.6697	6.9976	7.2912	6.4261	8.2649	7.7216	6.3939	7.5036	8.6749	7.7542	6.6349	7.6797	7.0193	8.0679	10.253	6.9757	5.0457	7.6014	7.6059	6.7317	6.7682	6.2722	8.3469	7.2142	7.1465	8.439	7.1421
EA_G__TMTC1	4.4896	4.1975	4.0791	4.0964	4.0667	8.1638	3.7979	4.1884	5.6936	6.9863	4.0699	3.7346	5.7868	4.3432	4.0998	4.0193	4.0881	4.3677	5.3318	7.6003	5.1946	5.8329	4.098	4.1876	4.29	7.7598	5.6326	4.2578	4.0151	7.1982	8.0381	4.2633	4.1865	7.6286	8.5249	4.019	4.7206	8.0459	4.3469	6.93	4.4731	7.2359
EA_G__GPT2	6.5618	8.2848	8.2032	7.186	7.7035	8.4761	7.3253	7.1231	8.9704	7.5034	8.7019	7.4346	8.3054	7.4531	8.0845	7.7741	8.3189	7.4314	7.6565	7.3449	8.436	7.0308	8.0378	7.3325	7.4295	6.4593	8.197	7.6069	7.1134	7.1712	7.9773	8.4251	7.994	7.2404	6.9377	10.0932	10.2191	7.2991	7.019	7.6085	6.5541	7.0243
EA_G__CHMP4C	6.9565	7.0253	7.3947	7.5918	7.4754	4.8844	7.1787	7.8679	6.6028	4.4485	10.317	7.7176	6.0677	6.7877	7.5568	7.223	7.8252	7.8167	7.6065	7.0129	7.5536	4.1153	7.291	7.4487	7.2768	4.752	7.1539	6.6016	6.743	7.0289	7.3943	6.9426	4.4597	7.4901	5.7615	7.3185	7.213	7.1496	7.4523	7.0903	7.0563	7.0406
EA_G__TBX3	6.3342	6.092	6.2181	8.6399	6.2426	7.027	8.7359	7.1348	5.1111	7.2137	7.3479	5.1585	6.2092	6.3868	5.5323	6.2461	6.1845	6.0269	5.4694	5.8435	5.5028	7.3544	5.8119	6.1107	9.1659	6.8349	8.2722	5.145	8.0095	9.7012	7.8023	6.2349	5.5515	5.9477	7.3091	6.9391	6.9614	9.1197	6.3951	7.5382	7.1479	6.2149
EA_G__HRASLS3	9.185	8.0331	6.5569	8.1253	7.5427	4.1865	7.5257	8.7531	5.8257	4.4764	10.9411	8.9191	6.2077	8.2086	6.8859	6.0896	8.851	9.1961	4.0059	5.4627	7.8999	5.8393	7.8119	7.915	10.5405	8.1888	8.6077	8.9259	4.7191	10.1749	5.162	8.5295	5.9163	8.0912	8.1084	6.789	5.4113	10.1249	10.2764	8.7814	5.1191	5.6799
EA_G__SIPA1L2	8.5694	5.8905	6.6343	6.2572	7.815	6.6993	5.935	8.0341	4.755	8.1819	5.7364	6.2709	8.5011	5.8838	6.6326	6.3733	5.3004	6.6001	7.5926	6.5025	7.2377	8.3601	6.329	7.5923	8.1742	9.4275	9.3835	5.7675	7	7.7765	8.937	5.2007	4.996	8.2684	6.9331	8.2074	7.1722	6.4728	6.4571	6.7491	7.4216	6.5946
EA_G__C11orf67	8.9671	6.4358	6.2551	6.6165	6.9265	7.8002	7.1582	7.0121	7.2905	7.3736	7.6036	7.4099	7.7595	6.0061	6.9289	7.4268	7.7561	6.9882	6.6724	7.5452	7.2255	6.7801	6.6588	7.1051	10.9449	7.5744	8.6319	6.8711	6.5002	6.4034	7.0962	7.1861	7.1546	6.5903	7.0257	5.6563	6.8357	9.0393	7.0586	7.7459	7.4125	6.9565
EA_G__CXorf6	4.6909	4.703	6.0288	5.4679	5.1907	8.3684	4.5585	5.4825	6.7759	5.7365	4.5194	4.6782	6.0019	5.1329	5.4703	7.0092	7.11	4.9661	6.908	5.1928	6.5742	7.0185	5.8373	5.9203	7.2788	7.3823	5.2577	7.3093	5.8459	4.8433	6.0344	4.9336	6.8324	6.1706	6.6113	5.2559	6.9658	5.3975	4.9226	5.3042	4.7027	5.0711
EA_G__SSBP2	8.3969	7.8904	7.8092	7.7099	8.8606	8.9385	9.1352	5.8563	7.4923	4.8792	9.0532	9.2008	5.6999	5.7499	6.6821	6.6132	8.7875	8.1612	6.3327	9.0123	8.1559	6.9695	8.1809	8.3771	9.2692	7.7303	9.2683	6.0354	9.053	10.8126	7.7207	8.5794	7.5941	6.8185	8.8049	9.8563	9.7392	8.7077	9.181	9.4	8.6779	8.1298
EA_G__EGR1	7.2232	8.7098	8.5662	6.3103	8.1336	7.8221	6.1358	6.6678	6.5339	6.5598	6.3202	6.1111	6.802	7.8476	7.4299	7.0737	7.3802	6.53	7.0966	8.2822	7.5578	7.8292	7.87	7.7604	7.3577	6.6488	7.4059	8.9551	6.8846	6.5683	6.7538	7.0109	8.5028	8.2034	6.8387	6.121	7.4218	6.7924	6.1829	7.0234	5.9809	6.9012
EA_G__C10orf81	7.8748	5.3409	5.2558	5.6113	4.628	4.0538	3.9496	7.5635	3.7336	4.3526	6.0266	3.4333	7.7894	3.8032	3.4228	6.5488	4.5247	8.3648	3.7591	3.5276	7.4515	3.4179	5.9282	4.5851	3.7878	3.682	8.4565	3.6134	7.7164	10.4563	6.5682	4.3299	3.9756	4.2253	4.1294	7.9355	5.0619	10.2673	5.8601	5.5208	7.6777	5.2539
EA_G__AMOTL1	5.3846	8.9291	8.4073	8.4638	8.3864	8.2184	7.2701	7.7881	9.0885	6.0515	7.3759	7.055	7.1137	9.9243	9.2471	9.5068	7.8628	9.6941	8.7671	7.7894	6.9338	8.7655	7.648	7.6654	4.9529	8.1489	7.5978	7.7963	8.8857	8.2845	7.5834	8.9106	6.3885	7.8643	7.7426	7.3278	7.1644	5.6842	7.5747	6.5864	7.6241	5.6927
EA_G__SFN	8.8148	8.4879	9.8074	7.5907	6.6729	5.5851	8.5758	10.7809	6.3006	8.9841	7.8542	5.9722	5.9681	10.7723	10.7125	10.631	8.3716	8.6282	10.0295	5.3963	10.4474	8.6644	8.5842	9.0764	8.9007	5.4345	8.9869	8.6745	8.8003	9.0149	9.7579	8.4575	5.8443	9.7496	9.0576	9.1078	9.2477	8.6288	9.0505	7.4398	8.0188	8.2658
EA_G__PSAT1	3.5968	8.2914	9.3579	8.5626	6.3553	9.8292	3.9255	9.3664	8.8569	9.819	8.0891	6.1267	8.8646	8.96	9.5056	8.9409	9.0663	7.9384	4.1475	9.6668	9.8041	8.7413	8.3464	7.1102	4.4041	8.3568	7.6086	8.8755	6.8694	4.8052	4.78	8.176	10.1293	8.7025	9.0258	10.4948	10.2469	4.0839	7.9566	4.4052	6.4859	6.414
EA_G__OLFM1	5.8857	3.9473	6.2398	5.8982	8.1065	6.2281	6.9557	5.3196	4.0115	6.4145	4.1261	7.9889	6.0814	4.7644	4.0341	5.7126	4.3384	4.2864	6.6904	6.6777	4.3616	4.2975	6.4303	6.7448	7.8504	6.5676	6.8607	4.2142	6.1806	4.7398	5.1136	4.5497	4.3742	4.7118	4.6354	4.1064	4.4114	5.6	7.2333	7.2075	5.4123	6.6933
EA_G__AVPI1	8.1867	7.9558	6.7451	6.5064	6.5504	6.7659	7.385	6.6755	6.6453	6.9948	6.8736	7.2437	7.5673	8.6921	7.3901	7.5761	7.1809	6.6553	7.1971	6.3745	6.7579	6.2778	8.0621	7.9514	6.9855	6.8395	8.111	7.1789	6.8685	6.6118	6.8803	7.7045	7.1946	10.0203	8.4089	7.255	6.5779	7.745	7.7371	7.6087	7.602	7.0072
EA_G__DNAJC15	6.9118	6.9937	2.6658	7.7077	7.0135	8.308	7.1935	6.3444	5.2438	6.7721	7.1606	6.1003	6.7324	6.8957	7.1365	7.1778	3.5612	7.2713	2.617	7.7351	6.837	7.2589	7.0142	7.2035	3.5344	7.4094	5.5272	7.838	3.6009	9.1076	6.7994	7.3359	8.0468	7.6206	7.172	5.3105	7.1944	5.8382	6.0935	7.0449	5.3177	2.431
