Cell lines	AU565	BT474	BT483	BT549	CAMA1	HBL100	HCC1143	HCC1187	HCC1428	HCC1569	HCC1806	HCC1954	HCC202	HCC2185	HCC3153	HCC38	HCC70	HS578T	LY2	MCF7	MDAMB134VI	MDAMB157	MDAMB175VII	MDAMB231	MDAMB361	MDAMB415	MDAMB436	MDAMB453	MDAMB468	SKBR3	SUM1315MO2	SUM159PT	SUM185PE	SUM44PE	SUM52PE	UACC812	ZR751	ZR75B
Response	1	-1	1	1	-1	1	-1	-1	-1	-1	1	-1	-1	1	-1	1	-1	-1	-1	-1	1	-1	-1	-1	-1	-1	1	1	1	1	1	-1	1	-1	1	1	1	1
U133A__GOLGA8A	5.624	7.8406	6.2792	7.9159	5.1443	6.4675	6.1268	6.5558	3.9995	6.2642	7.0239	5.7512	4.8288	6.4569	5.5296	6.6093	6.9683	4.5496	4.7798	5.7913	4.5748	6.1873	5.6399	5.1079	4.7992	4.7586	6.7718	6.2041	5.8264	5.4125	5.9638	4.9087	7.7159	5.4622	8.1643	7.8459	8.5237	7.3475
U133A__IFI27	5.1543	4.6777	5.8546	4.687	4.5519	6.1249	4.9288	11.1042	4.871	6.238	7.2516	11.3436	8.4421	4.4035	5.9256	4.4385	10.9936	4.7467	4.7579	8.9666	4.6875	7.4637	4.8506	4.661	4.404	4.8339	4.3892	4.6337	9.6865	4.5304	4.6953	6.5604	4.5079	9.8241	4.5195	4.3101	4.3879	4.4577
U133A__DDAH1	8.5483	7.8829	8.8633	8.3878	7.0164	7.2762	7.0683	5.6482	8.0142	6.9419	7.8773	7.671	6.9839	8.697	7.4941	8.6928	7.845	9.6453	6.2098	7.4176	9.7077	6.2347	8.0152	10.6373	8.2905	8.9321	7.3515	8.726	8.8341	8.7206	8.3137	8.0215	8.5239	7.7765	8.3946	9.3856	7.7819	8.5761
U133A__CKB	7.7875	5.4548	7.2727	7.2986	7.9556	6.9587	7.8831	5.951	7.7218	5.4318	7.4084	6.0638	8.1013	6.8017	5.8878	6.9659	6.6128	5.5701	5.7784	6.5721	8.3052	7.7159	5.8863	5.9212	7.0171	6.8611	6.2835	9.5775	6.555	7.0333	9.5311	5.512	8.4104	7.1249	5.1422	7.7166	9.1697	9.3753
U133A__KRT17	4.4229	4.4065	4.2371	4.2453	4.4635	4.338	9.1914	6.9783	4.6626	4.4668	7.7268	8.2134	4.4425	4.4224	11.2313	4.6517	5.2437	4.895	4.8219	4.4969	4.2308	4.2958	4.5319	4.5144	4.4182	4.8657	4.383	4.5314	8.6433	4.5867	4.6411	4.531	4.2526	4.7358	4.5278	4.2884	4.3942	4.1639
U133A__CITED2	7.7415	6.6171	6.2217	8.6066	6.6819	6.4765	8.129	5.4857	5.8681	6.4711	5.6471	5.0942	5.6045	9.6672	5.0741	7.2485	5.5668	7.7101	6.7048	7.0532	7.0748	6.3869	7.4172	7.5293	6.8764	6.7352	6.9985	7.2716	7.6076	8.0474	7.6179	7.6259	7.8132	7.9106	8.3585	9.1731	8.0739	6.485
U133A__LAMC2	6.0777	5.6348	5.93	6.002	6.0625	6.4877	8.5082	5.881	5.7732	6.2261	8.5525	6.1018	7.1326	5.9453	8.8207	6.4814	7.7414	6.8578	6.3223	5.9447	5.8067	7.0817	6.0721	6.1309	6.0593	6.7055	5.9876	5.7604	6.9467	5.9867	6.0108	6.2632	5.755	6.6585	5.8722	5.9923	5.9061	5.7819
U133A__BNIP3L	6.2052	8.103	7.7679	8.6934	7.3541	7.1476	7.3395	8.3008	5.2278	6.0727	5.3145	4.5581	4.9433	8.0548	6.343	7.0537	6.2095	7.0532	4.6164	7.3856	6.4527	5.59	7.7427	6.7753	6.9296	7.1868	7.5776	7.2602	6.6789	6.0024	7.387	5.8446	7.6413	5.9886	7.5988	9.1955	9.4425	7.1327
U133A__MKNK2	9.1024	9.4367	9.134	7.54	8.4693	8.4639	7.416	9.167	9.0655	7.1375	8.6892	7.7142	8.8308	8.9706	7.5959	9.0658	8.9596	7.0119	7.0536	7.6164	8.2146	7.3453	8.596	8.3944	8.5317	7.9915	7.5164	9.8256	7.9628	9.3436	6.5736	8.4037	11.1721	7.8753	8.8276	9.5034	10.562	9.1577
U133A__CPD	8.1216	7.6179	7.5848	6.7762	5.6894	6.5485	6.4387	5.4846	5.716	5.8418	6.9123	7.1457	9.0313	6.9298	6.9384	7.8036	6.9833	6.223	5.6333	5.8221	7.2464	6.1744	7.3296	6.9398	9.0281	6.4524	6.1381	6.7077	6.6432	7.2602	6.3593	6.5355	8.9923	6.6605	7.2562	9.3538	8.3809	7.1765
U133A__P4HA1	8.9855	8.818	8.1603	9.0919	7.1902	7.6475	6.5065	8.2364	6.6997	6.2185	7.4434	7.3668	7.9664	6.2182	6.7204	7.365	7.7865	7.4218	6.5969	7.6202	7.498	7.5294	7.6432	7.5739	7.4626	7.2203	9.1006	7.9305	5.9222	9.3707	8.5351	7.0624	8.8927	8.3377	6.1585	9.5099	10.0873	8.6853
U133A__TRPS1	7.3827	7.0458	9.6951	6.9494	8.2062	3.4593	8.634	5.392	8.5305	7.8165	3.8643	4.2236	6.5161	8.4291	7.4467	7.9026	6.7044	5.5976	7.4086	7.1694	8.6372	5.0367	7.8186	3.923	6.8585	7.5954	6.8846	8.5243	6.1981	8.38	7.5346	4.1508	10.0281	6.6724	9.272	8.4461	8.5384	8.6575
U133A__IL17RB	5.2466	6.843	6.2471	5.4904	7.3323	6.0119	7.4661	7.126	7.2657	7.2222	5.3553	5.8397	6.6872	5.6375	6.1953	5.9681	6.8122	5.8206	6.4179	5.8688	6.2372	5.2065	7.0024	5.0123	8.7116	8.1319	5.2247	6.924	6.321	5.5917	6.0384	4.3868	5.6571	9.0115	5.6092	5.8909	6.2496	7.187
U133A__SEC63	8.0079	7.5172	7.0148	7.1944	6.7005	6.6663	6.5026	7.5784	6.1044	7.1861	7.5493	7.0448	4.7733	10.6458	7.9112	7.1481	7.537	6.8794	6.5015	6.7805	7.7143	7.4356	6.523	7.2384	8.5514	7.4856	7.5814	7.4719	8.1426	7.5031	6.5847	7.4147	7.7981	8.0086	8.3403	8.245	7.4579	7.6101
U133A__ACTL8	6.6188	6.9101	6.7162	6.7304	6.789	7.1005	6.7821	6.4917	7.0359	9.48	6.4103	6.801	6.9221	6.7823	6.5964	6.6881	6.9857	6.7492	7.0368	6.9253	6.7076	6.7121	7.0124	6.5698	6.7753	6.6986	6.6875	6.6741	6.3711	6.9823	6.8612	6.7522	6.656	6.7858	6.6576	6.3788	6.9607	6.7018
U133A__MFAP2	6.6076	5.9402	7.111	7.5045	5.7163	7.9069	6.9391	8.4452	7.7932	6.2262	8.1355	6.1253	6.5223	6.7741	5.872	7.9716	6.0081	8.2035	5.8531	6.5901	7.7756	6.9779	6.299	6.5138	6.3103	6.1716	6.4909	6.4924	5.9218	6.7567	7.848	6.2524	9.4332	5.7462	6.033	6.0933	6.4525	6.9361
U133A__PBX1	9.5764	9.4725	9.8965	7.1982	8.9231	6.5424	8.3278	6.6554	8.7516	7.3662	6.3245	4.0816	6.8856	9.1327	6.7302	7.2431	8.0011	5.482	7.1916	8.0443	8.9407	5.4143	8.5418	4.6607	8.253	8.9907	5.5921	9.1773	7.7912	9.2953	7.468	4.8149	9.5481	8.8864	7.913	9.2425	9.5066	9.2392
U133A__CX3CL1	7.6425	7.1501	5.3846	4.4939	4.8967	4.5963	6.9372	6.8788	6.223	5.5573	4.6235	5.7214	6.2905	8.0736	5.568	6.0087	8.0273	4.9628	5.0352	4.9562	5.2278	5.0901	7.4116	4.7459	4.917	5.7636	4.8201	4.6433	7.122	6.4664	4.8297	5.1102	4.8107	4.9374	4.9193	4.6462	4.864	4.668
U133A__AKR1C3	3.9471	3.4576	3.4923	3.5327	3.5596	4.8023	5.9661	4.4479	3.8913	4.2299	11.0316	6.4956	4.1821	3.6174	8.1922	8.1221	9.9288	7.8707	3.9479	4.7752	5.2109	8.5158	5.1772	4.3366	5.6304	9.5174	4.2349	3.4918	3.5481	3.5267	3.8637	7.2755	9.2411	8.9716	4.8461	3.7663	3.6274	3.8302
U133A__CSTA	5.2138	4.492	3.8183	4.0291	3.9406	3.9232	3.8298	3.1942	5.5298	4.8696	10.7546	6.2854	4.2378	4.0758	8.8013	5.8523	8.0961	4.0575	4.9609	6.884	3.5562	3.861	9.2798	3.9751	7.9998	4.3999	3.7416	3.701	3.5472	4.7564	4.0488	4.9863	3.2478	5.9153	4.8553	3.3322	9.6093	3.562
U133A__DDHD2	5.1869	6.3218	7.5291	7.3764	7.6679	5.6236	5.7755	7.0075	6.4243	6.4252	6.0938	5.0022	4.2637	5.3877	4.7849	8.2977	5.5132	5.3983	4.8431	5.0398	9.4371	6.2164	4.9926	5.8959	7.1894	5.1896	6.2017	5.0304	6.9784	5.7845	5.3218	6.0806	6.4773	8.7399	8.5294	7.1608	6.7111	8.0634
U133A__NUCB2	7.7211	5.7232	7.9201	7.5538	7.0729	7.1309	5.7145	6.1217	6.8224	5.9807	8.7778	5.1027	4.378	6.1882	6.2639	7.9042	6.0763	6.2695	6.5625	6.0033	8.8037	7.634	7.4278	6.0185	8.5373	8.1736	5.7716	5.5587	5.8213	7.0168	7.24	5.8505	8.3176	10.692	7.6776	8.2534	8.2008	6.5569
U133A__CTSB	8.3507	7.895	9.4448	10.3253	7.3919	8.9813	9.8386	7.1998	8.7026	8.7987	10.4713	8.2071	7.5955	8.7264	9.6347	10.3193	8.6727	10.1243	7.6852	8.2081	8.7671	9.7003	8.8804	7.8934	8.1404	8.1867	11.1434	7.8041	9.4426	7.0968	12.1734	8.6083	10.4251	8.5123	7.1327	9.6935	8.6247	8.6464
U133A__BTBD3	6.7463	6.9788	7.7979	7.3751	5.4557	6.8743	7.5269	7.2278	5.7018	8.6077	6.5997	5.9069	5.1432	6.3204	6.3245	7.5103	7.5578	5.7128	5.0384	5.403	6.3836	5.318	6.3853	6.1573	5.5976	6.4031	5.2474	6.3796	6.5573	6.6153	5.4554	6.3747	7.2173	5.2218	7.1558	8.8467	6.1618	6.4409
U133A__DUSP5	7.0306	6.1554	6.2521	5.6553	7.0349	7.1064	5.5241	6.242	6.093	5.2299	8.4126	7.683	7.2017	7.5148	6.6761	5.9641	6.5042	6.1613	6.2056	5.9694	9.9643	6.0573	6.8074	8.367	7.0374	7.2295	7.4467	8.285	7.7822	6.5797	6.8912	8.5354	6.7229	6.0141	7.2854	7.4625	8.0069	6.4727
U133A__BHLHE40	9.0104	7.9928	10.568	7.966	8.0251	8.6863	9.1001	8.8729	7.9228	7.9559	6.8667	7.9007	8.0186	9.1491	9.1102	9.058	9.8461	6.9324	6.5935	7.2855	9.8204	8.4766	7.7957	6.2979	6.4938	6.725	9.497	9.0946	9.4603	7.9858	6.6069	6.3476	9.8552	7.8189	5.9998	10.0326	7.6047	7.3721
U133A__TMEM135	6.7817	5.5373	6.4603	5.8126	5.7686	4.8527	4.7886	5.852	6.7122	6.661	5.797	5.4529	5.7782	7.1022	5.8957	6.9366	6.0968	4.6112	4.98	5.7666	5.261	6.6658	6.5722	6.102	6.82	6.0613	7.1917	7.4905	5.6886	6.4907	4.9966	5.5384	7.1223	6.3615	7.1232	8.6528	7.3552	5.975
U133A__AMIGO2	6.5327	5.0478	8.1995	8.6579	4.6776	5.9248	6.3495	4.6129	5.8787	3.9541	8.7387	6.2682	4.6287	5.1466	5.4281	5.7522	5.0069	7.2447	4.8186	7.0588	6.0228	7.047	5.9365	8.2027	7.6933	4.0096	7.1669	6.5794	6.9238	5.5099	8.94	7.9447	5.8444	4.4895	4.696	6.6145	7.8914	6.3577
U133A__HERPUD1	9.9706	10.0646	9.0896	8.6585	9.142	7.5796	7.0075	7.9117	8.656	7.5817	9.2323	6.9124	9.0105	8.1682	8.0528	9.5369	8.9705	7.9078	6.5098	7.4347	8.0214	8.0284	8.3141	8.3246	9.9331	9.6455	7.1893	8.3991	9.0018	10.3633	9.0879	8.4577	10.0106	8.8183	10.7658	9.0364	10.0959	7.8382
U133A__BNIP3	7.8948	9.2703	9.5636	9.4819	7.7395	7.0844	5.595	7.838	8.4411	7.3292	7.4467	7.0648	6.7499	4.7334	6.4132	7.9987	5.153	7.1221	7.702	8.0036	8.58	7.3753	6.7418	8.1999	8.8301	5.3629	9.8497	9.1338	7.0312	7.5778	7.4537	7.7954	6.9843	8.5263	7.6257	10.5984	10.5509	8.3751
U133A__NETO2	5.2203	5.5229	7.0904	8.3314	3.6251	7.3134	4.9915	7.0426	7.6731	6.7208	7.6539	8.3348	6.1729	6.592	6.4802	7.0906	8.0553	7.0052	6.605	6.4807	8.0547	5.8595	3.8496	4.3	7.2842	7.0955	6.4622	8.1756	7.7767	5.1442	7.8191	8.059	8.5558	4.0016	7.8868	6.024	6.2995	7.593
U133A__EIF4EBP1	7.814	8.056	9.9591	10.0741	9.4622	8.4196	7.6208	7.7225	8.5358	9.1045	8.2318	7.9632	8.6916	8.3943	8.1152	8.9644	8.1909	9.1244	7.9051	8.1133	10.8575	9.238	7.6932	8.7352	8.9594	8.0511	8.5064	8.7799	9.0434	8.0964	8.4184	8.9189	9.8338	10.6286	11.8092	8.623	9.4205	8.7757
U133A__CYP51A1	6.7235	7.9948	6.9283	6.7289	7.7408	6.6008	6.9648	7.9976	8.1668	8.4123	6.9172	7.3519	8.1687	7.165	8.4226	7.2755	7.1489	7.556	7.7218	8.3815	7.7393	7.8408	7.125	8.0664	6.2976	7.4839	8.2237	7.1755	7.0345	7.9582	6.6826	6.8516	7.0758	7.6694	9.0446	7.5436	7.2496	7.5472
U133A__FADD	7.2253	7.3694	7.9263	7.3736	8.6319	6.8245	7.9796	8.0257	7.5068	7.4055	7.7871	9.2216	6.8425	7.4372	7.3283	6.8438	7.0393	7.045	8.2105	7.9457	9.9878	7.5091	8.7146	8.1263	8.5757	10.0277	7.0371	8.4773	7.7937	7.1372	6.7516	7.4219	6.5889	8.9091	6.8788	7.6765	7.8862	9.1575
U133A__LXN	7.7661	6.8655	5.2664	3.8669	8.0764	5.2302	6.4397	6.0067	5.3534	4.4712	3.7789	4.0344	4.36	4.4195	8.408	10.5684	8.7071	3.9819	11.2106	10.4775	4.2656	4.5031	6.9129	6.5438	6.1656	7.5215	4.1926	4.337	9.1543	8.1586	5.1333	4.4119	4.1029	4.4486	4.0936	6.5377	4.2602	4.2287
U133A__UAP1	8.4831	8.1046	8.3803	10.5221	7.3076	7.6231	7.5494	7.5247	7.4176	8.5975	8.0611	6.9409	6.9494	7.8611	7.7855	8.3676	8.4675	8.864	6.5547	6.1229	7.6336	8.1057	8.1617	8.5606	7.148	8.1879	8.7112	8.1683	8.0352	7.9066	9.5836	8.7819	8.9616	8.2987	8.9146	8.1841	7.9779	7.8894
U133A__DAAM1	6.9394	7.4256	9.1201	5.7426	6.5441	7.2811	5.5412	5.8286	7.3134	4.3108	6.1768	5.6336	5.6113	9.0542	6.947	5.6935	6.8334	4.2798	6.7682	7.0736	7.5356	5.712	6.5563	4.2843	6.6937	6.402	5.1898	7.1325	6.5947	6.6966	5.278	4.3674	7.2789	7.2186	5.4127	7.2805	7.2217	7.1886
U133A__TFAP2B	3.7939	3.232	3.5036	3.9473	3.791	3.6876	3.4576	4.0521	3.6527	3.5061	3.6188	3.6528	9.0822	9.3386	3.3784	3.3415	3.3473	4.2692	3.4222	3.6148	9.1798	3.5941	9.0526	3.3865	9.6646	8.48	3.7823	10.225	3.6555	4.1005	3.8977	3.1773	3.5597	3.4125	7.4394	3.9038	9.745	3.622
U133A__LGALS1	7.7525	5.8446	8.8126	11.9757	12.336	12.3419	12.1952	11.1399	10.6651	11.5613	8.1987	10.3303	10.8452	5.0472	11.7356	11.486	11.2154	12.9455	7.8464	8.893	10.3526	12.5884	11.124	11.6327	5.2613	11.3986	11.7984	10.2053	9.4923	8.8885	12.472	11.8188	5.4749	11.6589	9.5798	10.1593	6.0697	8.6626
U133A__PRELP	6.5662	6.843	6.7042	6.6083	6.628	6.7539	9.6306	6.5614	6.599	6.5589	6.3956	6.5104	6.7348	6.7419	6.8514	6.4367	6.4912	6.8243	7.2114	6.7206	6.5358	5.9924	6.6174	6.3867	6.8615	6.2698	6.3719	6.7329	6.4245	6.5423	6.7477	6.764	6.3013	6.8376	6.6793	6.4132	6.6346	6.4253
U133A__IGFBP4	5.2361	9.7198	9.3935	7.2318	8.0076	7.5107	7.3593	7.5275	9.1421	8.2795	8.0721	6.0637	6.2098	6.3741	6.0228	8.3002	8.3906	8.9442	7.3456	9.23	9.7558	7.7929	7.1647	10.3468	9.1055	9.0012	6.9578	5.6107	7.1508	6.7255	5.6586	9.881	6.4871	7.4174	5.5116	10.2401	6.4333	8.2681
U133A__ASAH1	7.6309	6.3725	8.8965	6.263	7.5971	4.7702	6.3153	6.9968	5.0105	5.7667	4.9323	6.0697	5.0817	8.3842	5.5519	5.7256	5.6042	5.8445	5.7707	5.2513	5.7445	5.9329	8.181	5.5178	6.9474	6.1367	6.8027	6.0655	7.0752	7.0733	5.3256	4.5582	8.1595	7.602	6.4194	7.7847	7.9367	7.1685
U133A__SLC35A3	6.6387	6.0582	6.8851	6.0033	7.4743	5.9118	6.2843	4.9917	6.6981	5.9884	6.5002	6.3783	5.8885	6.3503	6.4724	6.6545	6.7635	5.8399	6.1388	6.0806	6.4595	6.2274	6.0412	6.2952	6.644	6.4916	6.3041	6.6031	6.9042	6.3835	5.7362	6.1357	6.7383	9.0409	6.792	7.0759	6.9808	6.7765
U133A__IFI6	6.1205	5.4451	10.1621	5.5759	5.5314	6.4811	7.4325	7.2127	6.6375	9.9393	6.0926	8.4356	8.9623	5.4425	5.726	6.5632	8.5826	6.9663	5.9167	7.0966	7.5224	9.0873	6.7666	5.8968	6.2391	6.5746	6.6056	5.8892	9.3912	5.4492	6.297	5.104	5.1714	6.7943	5.6316	6.5746	5.244	4.6725
U133A__LANCL1	7.9484	7.1973	8.0437	7.4032	6.8113	6.0496	8.2676	7.471	7.7845	6.858	6.4065	6.1261	6.0262	7.1325	6.5866	8.9228	7.4355	7.3639	6.9245	6.5193	7.6214	7.1381	6.6311	7.2862	7.7475	6.4586	5.7058	7.6675	6.9237	9.6917	8.1542	7.5143	6.6789	6.6971	8.0595	7.8901	8.0387	7.3553
U133A__DUSP4	7.7073	8.7557	6.0843	4.1033	3.6137	4.0006	3.1114	3.4129	3.194	3.6057	4.3157	6.9902	6.3384	8.2093	3.5935	6.8971	3.1519	5.7101	6.7026	5.4863	8.3122	5.4229	10.2336	8.0304	8.4695	6.9283	6.3636	6.4106	6.822	9.2095	3.1016	3.4488	10.6614	7.5594	8.6117	9.8113	8.4149	6.4699
U133A__CRAT	7.0301	8.5392	5.3326	6.6085	4.9208	5.7106	5.0816	7.4136	5.5972	6.259	4.5969	4.7328	9.3471	6.135	5.24	6.8102	4.6552	5.6507	4.7699	4.963	5.0092	6.6468	6.8732	4.6449	6.5012	7.3414	6.3033	9.0429	6.1147	5.5132	6.5242	4.8625	8.281	4.5235	6.3673	7.6199	7.4963	7.0787
U133A__SORBS2	5.4961	6.4401	5.4424	5.5175	5.5786	5.7715	8.6285	5.6054	6.2198	6.3474	6.0802	5.4611	5.7926	6.2066	6.4919	6.1776	7.7611	6.6186	5.7661	5.5938	5.7209	6.9767	6.1543	5.9303	6.5877	6.2867	5.4416	5.633	6.0051	5.5737	8.6789	6.5495	7.5596	8.2427	6.8821	5.5824	6.4692	5.6689
U133A__GOLM1	6.9699	6.1436	7.4106	7.6162	6.9619	8.0559	6.097	6.8168	4.7724	7.2941	6.293	8.2171	5.8587	10.0582	6.9203	7.2777	7.3807	6.7465	6.279	5.3774	8.0129	7.4232	8.809	7.3179	5.4568	9.5048	8.1852	5.0972	6.6187	8.7597	7.0625	7.1221	8.1662	5.6319	8.4265	10.2189	5.9218	5.7551
U133A__PODXL	5.7718	7.415	6.6408	5.2774	6.7693	6.4555	7.8292	8.6333	5.6383	5.5409	7.5824	5.8862	5.8571	6.0954	7.4922	5.36	8.3307	6.3805	6.9023	8.2421	7.1327	6.063	6.6091	7.0962	6.9862	5.6992	7.6973	5.7078	7.339	5.6023	5.7194	6.0624	6.5541	9.032	5.9662	6.265	5.4449	6.6903
U133A__SC5DL	7.0351	6.809	7.2429	7.0293	7.3732	6.6472	8.2691	8.7164	8.2697	7.7105	7.5793	7.9503	6.6341	8.6072	7.3147	6.6143	7.4732	7.6902	7.2177	7.4234	7.519	7.0982	7.1048	7.767	8.0885	8.0598	6.9988	7.9005	8.9371	6.4547	6.1235	6.808	7.3359	8.3714	7.3923	8.2823	6.5754	6.7923
U133A__GRB10	5.4919	8.5374	8.2707	5.3595	7.4569	4.8131	5.402	10.2075	6.5732	6.3604	4.9465	6.6414	6.6836	6.2955	4.6338	6.1154	7.6347	7.8401	5.8101	5.4498	9.6632	7.1144	5.4158	6.6734	6.0157	7.1687	8.0491	5.4992	6.6179	4.9824	5.3711	7.763	6.053	8.7005	5.8099	7.2711	4.8448	6.1565
U133A__CRYAB	6.6645	5.2189	5.2365	5.1263	5.5506	5.5302	8.962	10.349	5.5635	10.0838	5.3294	5.5014	5.645	5.2775	8.9366	7.7718	8.6936	5.6617	5.4935	5.4123	5.2084	5.1464	5.1888	5.1236	5.2909	5.2474	5.0901	5.3376	6.8147	5.6819	6.1253	5.4355	5.2794	5.8509	5.5079	4.7935	4.6965	4.9777
U133A__ACSL3	6.6538	7.0956	7.0192	5.1187	6.245	7.3775	6.0106	6.1809	5.5562	5.0836	5.5273	4.4287	4.2377	5.6088	4.1027	6.7675	6.823	4.2666	7.1963	5.5137	6.6526	5.7361	7.214	5.9762	6.5155	6.1214	6.639	5.7947	4.9361	6.5763	5.0383	6.1252	6.7986	6.1098	8.8893	6.9935	6.6779	6.744
U133A__SPHK1	6.2039	6.0943	6.0422	6.0261	6.3492	6.8063	6.9162	6.4991	6.5431	9.0799	7.0979	7.3219	6.5062	6.0867	6.6053	6.6958	7.362	7.0201	7.6825	6.8751	6.2242	8.3971	6.2919	6.1954	8.0365	6.0921	6.7337	7.3532	6.1624	6.2097	9.1271	6.415	6.2242	6.4573	6.052	5.9343	7.0085	7.0155
U133A__TMSB15A	5.6785	5.9245	6.6978	7.4768	5.2008	5.5107	5.4826	10.6595	4.8802	6.8064	4.9319	5.1467	6.4204	7.7815	4.8697	8.2732	4.5523	5.1726	4.6488	5.4541	9.5219	6.1732	6.3996	4.8599	7.0411	5.168	5.3577	6.9616	4.7516	4.8005	5.3907	4.7684	5.8703	4.9114	4.698	6.4729	6.5997	7.9462
U133A__ISG15	6.9837	5.5449	10.2551	7.848	6.5951	9.5835	8.99	11.005	7.8349	9.826	8.9883	9.9476	12.0484	6.4512	6.7595	8.9387	11.0436	7.8412	7.1602	10.1019	6.9091	10.7759	6.9745	9.7251	7.1162	7.5725	8.273	8.311	11.7544	5.8968	8.9234	7.5265	6.4722	8.5203	6.2122	6.7421	5.7411	6.0034
U133A__PLSCR1	6.133	5.6899	7.381	7.0623	5.5627	7.7485	9.5252	8.7953	6.0307	7.8496	7.6944	8.7217	7.12	6.6667	8.7989	7.5371	10.1561	6.8395	6.7902	6.9671	6.7378	7.3472	6.7924	7.2952	6.6431	6.6225	6.6973	5.9994	10.0131	5.5298	6.3075	8.1261	4.5375	4.6893	6.4163	6.1938	4.9059	6.114
U133A__DDIT4	9.4689	9.5108	6.8696	10.5424	8.9504	7.8828	7.5289	10.2985	7	9.2058	8.7386	6.8977	10.1339	6.091	10.2213	7.4198	8.3905	6.1963	7.3089	8.6375	7.2565	7.6621	8.6169	6.395	8.1399	8.6558	9.8945	9.5738	8.7161	9.6591	9.6427	8.3328	9.356	6.7885	9.6722	10.9391	9.3186	8.7454
U133A__FGFBP1	5.9643	6.2317	6.0306	6.0087	6.0549	6.1782	7.9137	6.4222	5.8326	6.1927	9.4132	6.3854	6.5978	6.9877	9.3619	7.9677	9.2637	6.2197	6.3322	6.2949	5.9408	5.8681	6.0405	5.8598	6.0973	6.9935	6.3185	6.0582	7.8898	6.3467	5.9731	6.3369	5.9495	6.3292	5.9557	5.75	5.7739	5.7076
U133A__IGFBP7	2.8753	2.8187	2.8488	2.9678	2.9102	6.2946	8.1639	2.9617	3.057	9.0694	7.7424	2.8659	3.0689	2.8328	7.664	6.8087	5.298	9.287	2.953	2.8392	2.8773	8.7334	2.9882	8.5718	2.8618	4.331	4.3887	2.7709	2.9252	3.7421	3.4559	4.3464	2.9303	3.0678	2.8623	3.1601	2.8804	2.8224
U133A__CYBA	8.4801	8.2641	9.4769	5.9814	9.258	8.3569	6.4165	8.8793	7.1529	9.324	9.0523	6.2915	6.8616	9.1399	6.2252	9.4901	5.747	6.4921	9.1755	10.2423	8.7674	8.5241	9.1094	8.7282	6.2271	7.4685	9.6925	9.3142	10.221	7.853	6.143	7.7619	6.4983	6.389	6.4006	8.2007	9.3755	9.5046
U133A__FSCN1	3.2745	4.2562	3.5981	6.8288	3.5641	5.1787	7.4718	7.3668	3.5026	4.799	8.6923	6.351	4.1064	3.3774	5.0647	4.406	8.2875	6.7558	3.4491	3.7885	3.2768	6.3371	3.2977	4.8134	3.4193	3.3392	8.1181	3.2127	3.4061	3.3518	4.4109	8.0143	4.1927	3.4974	3.2502	3.0805	3.2264	5.344
U133A__KDM5B	7.4558	8.3674	9.3575	7.7621	6.8057	6.3016	6.7703	9.3637	6.7633	6.888	7.5471	6.1548	8.1849	7.2104	6.6561	7.2374	7.8139	5.2883	6.9218	8.0348	7.1544	7.1837	8.3026	6.3683	7.883	7.3634	7.3276	7.4506	7.2707	6.7803	6.9829	5.7313	8.4742	8.107	8.648	10.1097	9.667	8.2752
U133A__SLC27A3	6.8031	7.2837	6.4322	4.9482	8.9034	5.6328	7.3823	7.2365	4.9793	6.363	5.5198	6.0769	7.0712	6.66	6.0547	6.0294	6.3945	5.64	7.0647	7.0305	6.369	6.1087	6.5284	5.2056	6.0497	6.5406	5.2226	7.6815	6.1328	6.8684	5.6795	5.1971	5.7902	7.3455	5.4264	5.941	5.332	7.1086
U133A__GBE1	6.4724	6.6096	6.8172	8.3086	5.6093	8.2969	6.3136	6.5675	5.634	6.3318	6.8546	6.9661	6.1714	4.7537	6.2946	7.1265	6.681	8.3006	6.7359	6.2895	7.2379	6.9486	5.5154	7.9882	6.2151	4.4946	8.6863	7.001	6.7611	6.3652	7.6464	8.4375	4.6733	5.5383	5.4259	8.2007	7.0307	6.1135
U133A__ADAM9	7.5275	6.2804	7.4135	9.3027	7.6696	7.8921	7.9906	6.0137	5.9751	8.8245	8.3077	8.5078	4.5828	7.6816	7.525	8.4688	6.8256	8.2258	6.0776	6.0747	9.3548	8.2242	7.6408	8.4356	7.7889	7.5672	7.7122	5.8249	7.7246	6.8231	8.4699	7.1854	9.0709	9.5609	10.3643	8.8635	6.5808	6.9047
U133A__FABP5	4.0367	3.7473	6.4085	3.5435	5.3344	3.9169	9.2366	8.4386	7.491	9.3953	9.7792	3.3571	3.6996	3.6829	8.758	9.6872	11.0183	8.9013	5.7227	6.7429	3.8621	8.3248	8.5209	9.7444	8.3436	6.9507	8.5762	3.6349	3.1469	5.3397	10.4027	9.9405	3.7177	3.4136	3.5081	3.5285	4.8338	9.0063
U133A__SERPINB5	4.1249	4.1814	4.309	4.475	4.0277	4.1649	9.2067	4.8744	4.5562	7.8717	9.1435	8.1107	4.3272	4.0432	8.489	5.5129	7.3868	4.1973	4.7555	4.4754	5.451	4.3037	4.3547	4.0584	6.3604	6.9888	3.8283	4.2257	5.9763	4.2462	4.103	6.4318	4.3845	4.4092	4.8088	4.1317	4.4617	4.6225
U133A__NRIP1	7.2417	7.0521	7.9732	4.3597	5.9207	7.3447	6.3574	6.5283	8.4802	5.5339	7.3417	7.2016	4.8924	7.5251	6.4286	8.3895	7.2883	5.6035	6.477	8.2701	9.7614	7.0626	7.0664	5.2151	8.0484	6.1913	6.927	8.4174	8.9101	5.9009	3.7583	5.6841	7.5076	7.0915	6.9367	7.6569	6.1168	6.4789
U133A__BMI1	6.2853	5.6401	9.3719	6.6391	6.0857	4.1594	5.3895	6.8203	7.5417	5.7456	5.0391	5.7849	5.8791	6.4265	5.3789	5.998	6.2942	5.6207	6.3277	6.0755	7.9302	5.5347	5.2115	7.341	7.0147	5.6888	6.1813	7.2058	5.862	5.6715	6.5148	5.8622	7.106	6.8014	5.8714	7.4405	6.1095	6.7911
U133A__MGP	6.3765	7.8302	11.7244	4.593	5.0297	5.0047	8.0043	10.5701	10.3703	9.869	4.3868	9.7706	9.3036	7.2914	9.9278	11.0247	11.2731	7.6034	5.2052	6.312	6.4646	4.8316	6.8136	4.3612	11.6965	12.0404	4.5306	8.1548	10.5913	5.2376	5.9889	4.5724	4.3582	12.8408	4.6031	11.0208	6.3077	6.9077
U133A__F2RL1	6.3428	3.9371	4.6177	3.3402	5.3026	5.8361	6.4559	4.9549	3.7885	5.0169	6.9584	8.915	5.0788	5.178	6.0668	4.5773	5.9755	6.7862	5.3338	4.8866	3.7741	7.0288	4.6	8.6755	4.2629	5.4487	3.9921	3.2747	7.1803	4.6219	7.6825	4.4934	3.7193	6.6088	3.9098	5.2637	4.4543	5.6641
U133A__IFITM3	10.0146	6.7167	8.3572	10.6016	9.229	11.0742	11.5006	11.4092	5.8711	11.2889	9.9326	11.2264	6.4969	10.0473	10.7809	9.3056	11.5373	10.4908	8.4582	9.9587	8.9131	11.2401	10.3228	10.0301	8.0254	9.296	10.6385	7.2387	11.4509	8.8782	8.5192	10.8664	5.7721	9.1322	5.3276	10.6263	6.3289	7.5159
U133A__CYP1B1	6.2606	4.9105	5.5792	8.151	4.1785	3.9494	5.7873	9.7315	5.5791	4.312	6.1979	8.4376	9.2661	5.8894	4.2552	10.1131	8.1797	3.837	7.9674	7.8669	9.832	10.1758	7.9074	5.0661	9.6657	8.156	8.6435	7.3836	8.9773	7.387	8.1346	3.6701	8.3413	5.0865	8.6291	8.1212	8.6215	8.3112
U133A__PCTP	5.8709	8.1664	6.5612	5.1232	5.3802	5.666	9.315	5.6513	6.7262	7.3226	6.3297	7.302	4.663	5.2925	6.4219	7.3253	7.702	5.4234	6.3381	6.567	6.1451	7.3843	7.1665	5.6885	6.5636	6.578	5.7422	5.4163	6.9076	5.4077	6.0721	6.41	6.199	5.9263	6.584	6.5245	6.6801	6.402
U133A__DERL1	8.3416	5.9092	6.4988	6.0889	5.9957	5.5655	5.7088	5.9916	7.7607	5.6934	6.8211	7.2959	5.6843	8.4643	6.2926	5.7426	6.9287	6.1283	6.7508	6.2364	6.6886	6.4555	5.8625	5.6717	5.9146	5.5712	6.2623	5.5019	5.8745	8.4292	6.1425	5.7651	6.4365	6.0308	7.6148	6.4948	5.956	6.161
U133A__DEPDC6	5.651	7.3238	6.9351	5.3355	6.1073	5.1492	6.4586	5.8382	6.8016	5.4454	5.018	5.7007	6.5867	7.0469	5.6039	5.2684	6.8221	7.3107	5.2826	7.2091	6.8144	6.7692	6.3997	5.2031	8.2562	7.3802	5.133	6.37	6.3896	6.1324	5.3696	5.4188	5.853	5.8176	5.8502	7.6139	5.8068	5.7792
U133A__DENND1B	7.0433	6.7197	7.3619	5.4436	5.5455	5.2652	6.0512	6.8209	6.9892	5.5922	7.1538	6.1389	6.1945	7.6322	6.0845	6.1378	8.7131	4.9544	5.3848	5.9119	5.8	5.6715	6.3586	6.0179	6.6521	6.3554	5.4668	9.1288	7.9616	6.1495	4.6695	5.3775	7.1013	7.4397	6.5288	7.9641	7.925	10.3512
U133A__APOBEC3B	4.2711	6.5459	6.1597	7.1609	5.2836	8.7672	8.8535	7.4971	5.6452	7.898	6.4634	6.9878	8.8726	6.3674	7.4904	3.9548	4.6104	8.1097	4.2584	5.2772	6.7787	7.0989	5.8155	8.1658	6.4705	7.6752	5.9632	7.7664	8.4691	4.3131	6.0569	6.4845	5.3145	6.2476	3.7522	5.4782	6.346	6.0347
U133A__SMAD1	8.0307	7.0053	6.9269	4.9053	6.5586	6.3497	6.5566	9.9596	6.5567	6.8041	7.2639	6.1045	6.815	8.6213	6.2115	6.5284	8.183	5.8833	5.9847	5.9323	7.9384	4.5864	6.6644	5.352	7.1573	6.8609	7.2431	6.1689	8.2154	6.9091	6.698	6.9541	8.3608	8.1333	6.0181	6.7073	7.2564	7.3093
U133A__SIDT2	8.986	7.3246	8.4842	6.6145	6.7782	5.5119	5.727	7.0085	7.2121	6.4307	6.7302	5.6188	6.7115	8.9948	6.3065	6.9148	6.7901	5.7854	7.1027	6.6763	6.7265	7.3668	6.6904	6.4539	7.618	6.7863	6.0924	7.0954	6.1609	7.2985	7.8062	6.5306	8.0395	8.0167	6.6182	8.1148	7.4488	7.262
U133A__HPCAL1	5.9845	6.8938	5.68	6.2353	6.2788	6.425	5.0138	6.6114	7.5659	5.1776	5.7204	7.2026	6.9069	6.7662	5.615	5.6009	6.7248	7.1728	6.3002	6.1858	6.2615	7.3554	5.8117	6.8879	7.152	6.1281	7.7229	5.5699	6.4916	5.8186	6.4995	8.5868	6.3343	6.0455	6.5193	5.4867	6.0023	6.3035
U133A__MYST4	6.8894	6.0654	8.0895	5.6758	5.793	5.2378	5.4408	7.1973	6.6176	5.3211	6.4505	5.0087	5.4608	5.5126	5.0508	5.4213	5.8407	5.1085	4.9302	6.0605	6.3682	5.4057	5.8903	6.1108	6.9664	7.4141	5.7057	6.5656	5.521	5.5771	5.5914	5.0868	7.9743	7.3526	5.7341	6.4515	7.4708	8.7538
U133A__TMEM45A	5.6223	3.8356	4.4014	7.0954	4.067	4.7032	5.7298	5.2926	3.536	5.1283	6.8653	7.9155	4.2052	6.9156	6.3791	5.8904	8.43	6.0737	3.7106	4.2822	4.5262	6.6374	6.9656	5.4727	3.5937	7.3845	7.4182	4.0045	8.1284	5.9107	7.7047	5.9503	7.837	4.0198	8.6357	8.7797	4.7818	3.96
U133A__IFI16	3.1755	3.3998	3.3054	3.4149	3.2298	7.7939	3.3268	4.3834	3.2415	7.453	8.1701	8.0539	3.431	3.4683	3.2823	7.7387	8.672	6.3618	3.2559	3.2911	3.2233	8.6003	3.5594	5.4957	3.2197	4.3811	3.7119	3.2231	3.7636	3.4776	3.3309	8.4945	3.4061	3.6937	3.2462	3.0926	3.2529	3.0938
U133A__EPAS1	9.4435	6.5628	6.6454	7.1099	6.6122	7.581	6.878	5.9279	7.9068	9.1876	9.0687	8.2067	8.4481	11.134	8.0527	8.9875	8.7955	7.4187	9.242	7.7912	8.5965	8.4085	9.4821	6.3178	8.0953	7.8271	9.2692	7.9185	8.6953	9.5402	6.3055	8.0257	8.9549	7.8374	10.3129	9.5309	7.7552	6.3461
U133A__ANKRD10	6.1765	7.2282	6.7565	6.9052	7.1492	5.9477	8.9633	8.3136	5.4507	6.0882	6.5991	7.9643	6.0832	6.4694	6.7987	6.5574	7.0061	6.6894	5.8916	6.0195	6.5239	7.8067	6.3685	5.6625	7.3459	6.5172	6.3147	6.3126	6.5817	5.9882	6.3393	6.2186	6.1036	6.8205	5.9316	6.1347	6.7487	6.2541
U133A__PLCG2	6.5628	6.6357	6.3363	6.7695	6.7472	6.6768	6.8618	7.0184	6.6858	6.8866	6.5975	6.9606	6.8817	6.522	6.9216	7.2069	10.2967	6.8883	6.7778	6.8881	6.5643	6.5345	6.3556	6.7718	6.6133	6.7417	7.2307	6.3532	7.5051	6.7498	7.1081	6.6263	6.5003	6.6245	6.699	6.6411	6.4317	6.4792
U133A__PON2	8.545	6.9593	7.6992	6.8894	7.5751	7.5382	7.1908	6.3066	7.1999	8.0402	6.9952	7.0837	7.1096	7.9459	7.2793	7.6566	7.9654	7.5685	6.838	6.2501	8.0083	8.0485	6.7746	6.4667	7.1855	7.0361	7.1461	6.9661	7.0407	8.2261	7.6251	8.6669	7.4132	8.4705	10.4159	7.2709	8.3466	7.3836
U133A__HK2	8.267	9.3905	8.5865	7.1092	7.2637	6.5737	6.3978	6.9276	5.9444	7.0521	6.4244	7.3448	7.9834	7.8368	6.4973	5.5445	7.3185	6.4854	8.2568	7.2834	7.5312	7.3908	7.8934	7.3739	8.0615	7.0305	8.7597	8.3238	7.3081	8.5453	6.3299	7.351	8.6042	6.7024	7.3711	8.9271	9.8284	7.313
U133A__CDS1	8.169	6.1529	6.9943	4.6661	6.6883	4.9304	5.7098	6.1086	5.7983	6.1974	6.6959	7.3118	5.9499	6.8258	6.321	5.7782	6.6791	5.005	6.6497	6.3397	7.0044	4.9123	6.9792	5.0018	7.4359	6.9108	5.352	6.7669	6.738	7.3771	4.7441	5.4182	9.0847	7.3031	6.8814	6.8096	7.0282	7.4944
U133A__C2orf54	8.4685	6.8355	6.3039	5.7915	6.2505	5.9893	6.405	6.0855	6.3454	6.0255	5.9557	6.0669	7.3183	7.6327	6.4253	6.0383	5.8493	5.9139	6.2292	6.1448	6.1992	5.841	7.4306	6.0411	7.0844	6.0172	6.344	7.549	7.2735	8.1948	6.0615	6.017	6.361	6.2696	7.5534	8.6595	8.4196	6.0049
U133A__DUSP1	7.7114	8.9782	7.1171	6.1533	7.4269	7.9609	5.3717	5.2704	6.595	6.1984	6.4507	5.8845	7.3064	7.3325	7.7346	6.8596	5.6034	7.7844	6.4474	7.2639	7.0795	6.6723	6.1124	8.7086	8.8691	5.7835	9.144	6.1885	7.5622	9.4192	8.3556	9.4805	9.4117	7.1435	8.4658	7.3543	7.386	6.2795
U133A__KYNU	7.5015	3.7016	3.7004	4.199	6.8799	3.4469	3.3451	3.3778	5.2812	5.0897	9.7837	8.1632	3.6599	5.8705	8.3008	4.2979	3.6763	3.9397	9.3041	9.2168	3.205	6.7245	6.0479	5.4828	6.253	3.5387	4.3284	3.4423	9.3122	4.7613	3.2793	5.4603	3.4978	7.2991	4.0878	5.0006	5.7334	3.5004
U133A__HOMER3	6.7908	6.0965	5.8645	6.9993	6.5947	6.4992	7.4988	8.1995	6.5724	6.6337	7.0466	7.3602	6.3587	5.9818	7.9062	5.9173	7.2291	7.8541	5.4821	6.8363	6.597	8.333	6.8523	6.0062	6.1166	7.0976	6.872	5.836	8.8869	5.9463	6.8397	6.8507	6.3858	5.4625	4.9433	6.7364	6.0386	7.0818
U133A__ASH2L	7.106	7.6494	10.8951	8.5314	9.22	7.8935	7.5736	8.1569	8.175	8.2125	7.7153	7.691	7.65	8.0986	7.5654	8.62	7.1897	8.0532	7.6117	7.6926	11.06	8.0895	7.7328	7.9855	8.1322	7.3696	7.322	8.1864	7.8513	7.1923	7.7714	7.6905	7.7051	10.4252	9.0066	7.9134	8.7789	8.7874
U133A__HSPB1	11.9878	11.1392	12.1917	10.9092	12.4619	10.5053	9.7586	9.4377	11.9863	10.4327	9.9008	9.7152	11.6081	7.6241	10.821	9.9102	10.7294	10.9497	11.5674	12.3547	11.3351	10.3616	12.8993	10.0079	11.75	11.1248	7.5702	7.7425	10.8739	11.0928	10.9232	10.3461	8.3736	11.7481	7.4763	11.6336	10.7593	11.8178
U133A__S100A8	12.5664	4.157	7.7019	3.5813	4.7324	3.8563	3.924	5.4707	9.0826	7.6008	10.1724	12.0862	7.7539	11.5807	11.9267	4.6797	8.514	4.0572	4.4943	4.3478	5.5487	4.143	7.8157	3.962	4.2797	3.922	9.8096	4.6677	11.9492	11.5551	3.8788	3.9747	7.2637	6.4202	7.8125	12.2071	5.4406	9.593
U133A__LANCL2	7.2945	7.2875	5.9263	6.1474	5.8428	5.6897	5.9234	6.8344	6.5591	6.0216	6.7342	7.4901	6.0928	5.8528	6.8358	5.9462	6.1305	6.9561	6.2898	6.5257	5.9869	7.2274	5.8817	6.8068	6.3016	5.6848	6.587	5.8898	10.8321	6.6128	6.6065	6.5225	6.0019	6.2078	5.4766	5.6897	5.7803	6.2757
U133A__SCGB1D2	5.9787	7.4401	4.2367	4.2012	5.4419	4.56	4.6072	4.468	4.4654	4.979	4.1649	4.5342	4.8032	4.6409	4.3858	4.3554	4.1849	4.42	4.4166	4.8656	4.8114	4.6315	7.8355	4.3171	10.0737	11.5815	4.4678	4.2609	4.3529	4.5471	4.4279	4.5642	4.1517	7.0208	7.4584	11.9399	6.8625	4.441
U133A__RAD51C	5.6297	9.0343	6.8275	6.1623	7.4823	7.6358	7.1986	7.165	8.0983	6.7777	6.7577	7.6222	6.724	7.291	6.8232	7.3987	7.9373	6.6287	9.8191	9.5414	7.9039	8.2995	6.255	7.6047	8.658	6.7311	6.5666	6.771	7.1423	5.265	7.5262	7.3169	5.3562	6.1603	6.851	7.489	7.054	8.6001
U133A__SLC16A3	8.7523	7.5024	8.6788	3.8512	4.5588	7.2183	5.858	4.6259	4.682	6.8934	8.3892	7.6306	4.5885	4.7371	5.944	7.2585	5.2284	5.8389	5.5231	5.6305	5.6692	6.9724	5.9795	8.9113	5.1973	4.6446	7.7408	4.4335	4.6858	8.1393	6.7169	7.0373	5.8006	5.2896	4.1816	9.251	7.172	9.6262
U133A__PERP	7.0973	7.6962	6.615	3.7373	5.3638	5.3342	9.7383	8.1539	5.5798	8.0637	9.3858	8.5806	6.6907	9.761	9.6637	7.7626	9.0236	8.4519	7.3573	8.2539	4.5243	6.7043	8.3552	7.1068	9.3283	8.2193	6.99	6.1458	8.7154	6.8216	5.743	6.1936	8.3374	9.5871	9.1734	8.1657	7.0175	7.9912
U133A__CHN1	5.9812	6.8807	6.9491	7.0345	7.4646	7.5213	6.5837	6.6716	7.5815	6.5206	5.833	6.1969	6.8903	5.689	6.1582	8.0957	6.6152	6.58	7.1704	6.9188	6.3722	9.1868	6.0755	7.0938	6.8787	6.7295	8.035	6.1745	5.9018	6.2256	6.4345	8.3679	5.7574	6.3759	6.5288	5.9554	7.3065	7.0723
U133A__PSPH	2.8068	8.8397	6.7999	6.9781	3.9571	3.0708	3.5236	4.0114	2.8876	4.9507	5.6603	4.8724	3.7695	3.2991	8.5676	4.3599	6.2269	3.3834	3.9784	3.957	3.1641	7.7069	8.0686	6.9336	3.8532	6.5213	4.0688	3.6251	9.7515	3.3861	7.1978	3.5548	6.222	3.5246	3.3091	3.4727	2.8167	3.3359
U133A__LAMB2	6.9331	5.3368	6.0646	6.7282	5.7382	6.2908	6.9642	6.1662	5.2838	5.4219	4.8086	5.2916	6.5472	6.3258	6.2431	6.0447	7.3694	6.4274	5.1666	6.2658	7.1113	5.9146	7.8648	6.107	6.676	5.6942	6.538	6.7376	5.6879	6.1559	6.6505	6.1049	8.712	6.6946	6.7894	7.2784	6.3862	6.0386
U133A__TPM4	5.8557	7.0182	5.6134	8.444	7.8344	8.6083	7.5265	6.9576	5.253	7.0015	7.1745	7.7741	6.8116	7.5146	8.8621	8.0885	6.9763	8.6658	7.2559	8.5262	6.3231	8.5185	7.7302	7.3272	6.6417	6.7652	7.7766	6.6924	6.9241	7.4954	9.1089	7.4332	3.4831	6.9549	4.6367	6.0027	6.1841	6.0462
U133A__SLC12A2	7.0721	8.1968	7.0689	6.6955	7.2458	6.8588	6.6463	6.6633	6.7385	7.2896	7.4138	7.9024	7.706	7.6004	7.1788	6.4072	6.7053	7.944	8.54	8.2854	7.0651	6.5537	8.7772	6.7589	10.0865	9.2415	6.4149	7.9819	9.8811	6.782	6.9139	6.6781	7.7796	9.7974	6.9059	7.6067	6.5298	7.0343
U133A__LAMB3	4.6146	4.2523	4.5548	4.2692	4.8434	5.8752	8.3716	4.0661	4.4141	5.2448	9.146	7.8459	5.559	4.6953	7.4785	6.003	7.8037	5.974	5.226	5.0082	4.3568	5.795	5.5	8.1853	5.2156	7.5624	5.0024	4.2693	6.2723	4.6992	5.7854	5.9034	5.4211	5.8658	7.4778	5.1624	4.6983	5.6776
U133A__AKR1B1	6.9517	5.9901	5.6065	8.7781	5.6946	10.595	5.6857	6.894	7.4072	8.1445	9.6667	6.1103	6.0593	5.5161	9.8841	10.5542	10.1821	10.9824	5.9497	5.9629	5.5375	10.7395	7.1787	9.6852	6.313	7.2479	11.7579	5.7109	10.7006	5.7104	9.5693	11.2588	5.2415	6.3031	5.3117	5.0463	5.5959	6.4257
U133A__COL5A2	4.0376	4.6751	3.4526	10.0719	3.8191	9.2734	3.8886	3.4847	3.7263	3.4448	6.5973	3.6864	3.664	3.3421	3.6693	9.4833	3.5658	7.0179	3.8522	3.5233	3.4666	8.4776	3.9137	3.5334	3.4515	7.5595	3.8669	3.711	7.4729	3.7488	9.9755	5.1542	9.1244	3.4491	3.6895	3.6153	3.8998	3.5822
U133A__CCNE1	7.656	6.0468	6.445	6.8969	7.2893	6.4485	7.2019	7.4141	6.8348	10.73	9.2363	7.4831	6.9354	6.9815	7.6167	6.8902	7.2455	6.758	7.6532	6.6415	6.293	8.9341	7.247	6.0525	6.3022	6.87	6.7345	6.3794	7.7478	7.0469	6.7699	7.2453	5.2141	6.221	6.1398	6.5824	6.3656	7.2583
U133A__SVIL	4.8517	5.9836	5.9508	5.7247	5.0124	4.6089	7.332	7.4092	5.6298	5.9932	5.7452	6.4526	5.98	6.3594	7.6708	7.1366	8.5448	6.6256	5.809	6.2058	5.4137	6.0857	5.9291	6.7219	5.8165	7.5742	6.7548	7.3894	6.508	4.7982	7.4993	5.5299	6.2033	6.7797	4.5356	7.8651	5.3402	5.6652
U133A__RBPMS	7.9156	7.3213	7.5491	4.6263	6.6453	5.8481	6.3405	4.8493	6.4751	6.9032	4.9182	7.5177	5.9548	8.9011	8.4347	5.1093	6.4882	7.4314	6.3886	7.9839	6.0911	6.3852	9.3425	5.4828	6.0819	7.1503	6.0466	5.089	8.3538	6.5809	4.624	7.1047	6.7866	7.7342	6.643	9.0655	6.277	5.9793
U133A__SEC23A	6.4033	6.3551	5.6767	7.5831	5.0365	6.3168	5.6319	6.0224	3.7853	4.5046	6.0269	6.0896	4.0846	7.3692	7.0419	7.823	6.2331	6.2394	6.075	6.6442	5.7261	6.617	6.0018	8.0254	4.5341	5.9943	7.0395	5.3945	4.7865	5.3527	6.4626	6.8353	7.8656	3.8767	6.3942	7.0233	4.3727	6.6133
U133A__AXL	4.3447	4.6163	4.3957	9.7332	4.3709	9.0689	7.011	4.3959	4.4975	4.5981	4.2906	5.1863	4.9555	4.2474	5.2312	9.2723	4.1729	10.475	4.5906	4.4261	4.7784	8.3136	5.0443	10.3645	4.1508	4.614	7.5333	4.2537	4.6935	4.0831	9.5546	9.6852	4.2137	4.3298	4.2126	4.3396	4.2859	4.2316
U133A__UBL3	7.6775	6.922	7.6336	7.3076	8.7664	5.7383	6.5634	6.2866	9.5318	5.493	6.6881	5.7834	5.8757	7.9422	6.3881	6.4779	6.177	6.1569	7.5274	7.2907	6.2037	6.054	6.3585	6.6733	8.7684	7.6624	6.5733	8.2815	6.1326	7.7059	7.3602	6.3717	7.0935	8.7706	8.8315	7.517	8.1667	10.0176
U133A__SLC39A14	6.3508	5.7462	6.1677	9.7025	6.6078	6.8325	6.3584	10.0436	5.8834	7.972	7.7405	6.229	5.618	6.6312	7.0261	7.3375	6.1078	8.8219	6.2226	6.0328	6.4296	7.3106	6.5998	7.9923	5.6425	6.5311	9.1429	5.5457	7.4857	6.6012	10.1244	8.3297	7.8884	6.4898	6.6665	7.3475	5.9987	8.1011
U133A__GSTM3	9.9259	9.4319	6.9494	8.1387	11.2723	6.2032	7.3368	5.4105	9.6692	8.0063	8.8447	7.8898	11.0805	6.2024	9.0328	10.1601	8.6205	6.615	8.9141	10.139	11.697	9.2361	9.8598	8.5632	10.802	10.9899	8.3745	4.8628	7.7266	10.3404	9.0037	5.2365	5.819	10.9576	11.8676	6.6298	5.4191	4.9216
U133A__SATB1	6.46	7.915	5.7225	7.0344	6.4978	5.1319	6.1	5.8269	7.1574	6.5031	6.3052	5.4998	7.6563	7.4283	5.3983	7.152	5.1854	6.1773	5.6476	5.9801	5.4887	5.4686	5.7554	6.2095	6.7748	7.3489	6.0453	6.0288	5.2217	6.1325	5.3575	5.9003	6.7011	8.403	5.4964	5.3939	5.5049	5.2759
U133A__CASC3	9.5254	7.896	7.8331	7.3214	7.8822	7.6086	7.4055	8.0717	6.9048	7.4362	7.247	7.357	6.7513	7.24	7.5153	7.5471	7.7717	7.1902	7.2305	7.0158	7.7874	6.8132	7.0879	7.6189	6.8153	7.1054	6.7842	6.3196	7.4004	9.5638	7.2235	7.6981	6.8808	6.4971	7.7518	10.4373	7.5613	7.8892
U133A__SHOC2	6.4652	6.926	7.4526	6.3936	7.5677	6.6822	6.5926	7.2378	8.2063	5.6342	7.8995	6.0135	5.6852	6.8143	6.356	6.268	7.263	5.3781	6.6247	6.8352	7.1692	6.6768	6.7138	7.1528	7.9108	8.2722	7.2903	8.0058	7.0351	6.3408	6.6276	6.6845	7.9337	6.531	6.8114	7.641	10.5269	9.7141
U133A__SDC2	4.4758	5.471	5.8173	4.5404	5.3484	4.9752	10.2929	6.6377	9.2915	8.7747	4.4879	4.7327	7.4159	9.7014	7.0364	7.5149	4.7632	8.8181	4.7019	6.728	7.8196	9.0147	5.4896	7.431	4.4419	4.9399	6.4263	5.0457	4.3422	4.8889	6.2214	5.4138	6.0161	7.3231	4.9022	5.683	4.8569	6.2833
U133A__KRT14	4.4747	4.6816	4.2547	4.3247	4.5264	4.6916	12.3349	4.6936	4.8159	5.3676	12.3163	4.854	5.407	4.4493	9.9678	4.7483	10.3774	9.2974	4.8152	4.5092	4.4467	4.1072	4.4478	4.2376	4.4884	4.9099	4.662	4.823	7.6676	4.8535	4.6689	4.1673	4.4201	4.6101	4.4949	4.2088	4.7144	4.3337
U133A__PMP22	4.7053	5.1319	5.4801	8.5525	5.7927	6.8597	10.0992	5.4421	5.429	9.3067	5.4072	5.345	5.2663	5.9816	6.3296	6.8562	5.0425	8.2183	6.5357	9.0143	7.1606	8.7543	9.7452	8.7851	6.3452	8.5414	7.0211	4.8371	5.5181	5.3986	8.7837	7.9716	4.706	5.5135	5.7261	6.5781	5.5308	5.6785
U133A__FNBP1L	6.3494	6.3034	7.1137	5.7258	7.0659	3.4285	4.9683	6.9366	5.9928	5.0314	4.7531	5.0975	5.066	6.6526	6.1696	6.4593	6.5269	4.7117	4.8914	4.3192	7.5094	4.6485	3.3218	5.9207	6.0796	6.3206	3.9647	7.3428	7.1583	5.9159	4.2674	3.693	6.4658	9.0977	6.033	7.0101	5.9501	6.1131
U133A__SERPINH1	7.1112	8.1094	7.609	10.5733	9.4768	8.6268	8.1624	9.1995	7.2126	9.7949	9.0328	7.5828	8.5273	8.1352	9.7503	8.4767	8.1285	9.4153	8.799	8.2441	7.2596	6.5507	9.796	8.2198	7.7041	7.8123	8.8173	8.1456	7.3328	7.2836	9.8089	8.8404	6.2635	8.9087	9.6402	7.692	7.3527	6.6774
U133A__TP53I3	6.6763	6.3293	5.9343	7.1322	6.819	8.4069	7.1618	6.3678	6.5144	7.206	6.7321	7.6571	8.1537	5.8259	8.1345	6.9746	6.8374	7.2446	6.7114	7.2028	7.7129	7.0884	6.1951	7.7591	7.3	6.3167	6.5748	7.4749	7.2586	6.4755	7.6138	7.6483	5.9188	7.7496	6.2309	6.5465	6.4171	6.7233
U133A__ADI1	8.4126	6.0904	7.5485	8.1381	7.1524	8.7872	7.9559	5.7867	7.111	7.2265	8.4107	8.3018	6.6829	7.5084	6.2243	7.7446	7.2521	7.0495	8.7333	8.131	6.9574	8.6245	5.8795	7.4451	8.669	7.2065	7.4689	8.8698	8.2637	7.9541	8.3028	8.8092	7.8845	7.585	7.9971	7.0726	6.8236	7.0473
U133A__SLC29A1	6.4061	6.9671	6.1592	6.072	8.2586	5.7844	7.3036	6.0298	7.3864	7.595	6.5218	6.6417	6.6981	6.6939	6.8846	5.7294	5.6648	6.0583	5.899	6.6256	7.2738	5.1861	6.2051	6.8403	6.5509	7.0954	5.5214	6.9551	5.739	5.7701	7.0758	7.6483	5.4986	9.1382	6.2922	7.5611	7.1754	7.0177
U133A__SLC6A8	7.8981	7.4036	5.6976	8.3725	5.8974	6.4197	5.6049	7.2957	6.4491	7.5947	8.6334	7.764	6.8817	7.1394	6.7583	6.8535	5.7344	6.6405	5.9897	6.7365	5.8509	6.4881	6.2545	6.0851	7.9234	6.7876	9.1798	7.6796	5.7613	9.4851	7.0348	8.1285	9.511	6.7494	6.3318	6.2045	6.8256	7.9459
U133A__INPP1	4.4569	4.9835	4.834	5.0794	5.1826	7.3585	5.963	4.6759	5.639	5.6827	7.4891	5.1384	5.125	5.405	5.9736	7.2265	6.8993	6.1595	5.0695	5.2167	5.3192	7.3656	4.5652	7.1876	5.2332	5.0871	5.0822	5.2625	5.1707	4.6214	5.2558	7.2272	4.1464	5.1839	4.8667	5.4371	4.7565	4.867
U133A__CDCP1	7.2215	7.3078	7.3245	5.7458	7.0456	7.1212	7.5834	6.5563	6.1087	5.8003	8.3644	8.6177	6.9089	7.6904	8.2325	6.9611	7.7991	6.2206	5.8522	5.5089	7.7861	6.0267	6.8073	6.5621	7.4171	6.5984	9.604	7.661	7.8789	5.7184	9.4111	8.8519	5.8008	7.8476	7.2886	7.7043	7.4395	7.2068
U133A__DKK1	5.0117	9.4756	4.5936	6.5014	4.5847	9.7796	3.8903	4.6547	9.8575	5.5531	9.7499	8.9757	5.8126	4.3313	6.5983	7.3948	4.6587	8.431	9.3303	8.505	4.4631	8.7426	6.0065	10.0983	6.1811	9.4083	9.3932	4.3075	8.2598	5.0502	5.9542	10.4274	5.6311	4.2645	9.043	4.5639	4.4719	4.6765
U133A__ALG8	8.4278	6.5356	8.3549	7.9405	6.6033	6.6134	6.2182	7.6456	7.6652	7.8702	8.7761	8.0008	7.4357	7.6089	7.3049	7.2125	7.3278	7.5191	7.5858	7.9871	10.7193	7.7998	8.8685	8.7431	7.2719	7.4657	7.3027	8.1124	8.2988	8.2403	6.5926	7.7542	7.5285	10.1051	9.2336	8.2776	7.1673	8.0229
U133A__PSCA	6.7882	5.2285	4.9533	4.2226	4.8065	4.7535	5.209	4.548	4.64	4.7495	4.3334	5.3627	6.3379	7.273	4.5253	4.1651	4.4817	4.9353	4.7136	5.3853	4.4292	4.5383	9.04	4.3378	10.8662	8.2352	4.1869	4.6424	5.0975	5.1155	4.7656	4.7827	9.1162	7.524	6.9657	5.4954	4.3161	4.4651
U133A__TUBA4A	8.0959	6.0048	6.8604	7.1961	7.2988	7.4336	8.0741	6.1229	7.2844	6.1504	9.7248	9.6436	6.3914	6.9849	6.436	8.1739	9.3597	6.724	7.2218	6.3682	7.9791	6.2093	7.051	7.6192	6.6858	8.986	6.7349	7.9045	7.136	7.5394	6.7402	10.2433	8.5017	8.76	8.7116	6.4082	7.5034	9.1448
U133A__GALNT7	7.7966	7.8677	6.8942	5.9383	6.9964	6.9831	6.6851	5.6639	3.9737	5.7113	6.7685	7.0344	6.2122	7.7397	4.6655	5.1799	8.3199	6.9868	6.8564	5.8593	6.8119	5.811	7.398	7.0977	8.8145	8.7549	5.1126	8.0766	7.2616	7.524	6.8101	6.1104	10.1522	7.3279	9.6661	7.9458	7.9301	7.8191
U133A__IRF9	7.2426	6.4215	10.1828	7.6644	6.1171	7.5577	8.3291	8.6936	7.7642	7.5971	6.2636	8.0265	9.4517	6.8795	7.5318	7.4596	9.766	6.7956	6.2872	7.9939	8.6157	7.9128	7.9232	6.4818	7.5838	7.5909	7.6485	6.9253	9.4289	6.1693	6.8573	6.0417	6.8427	7.753	6.3509	7.4402	6.3875	6.0362
U133A__ISYNA1	6.2368	6.2863	7.5215	6.4988	6.4888	6.5244	7.3933	9.9775	7.7952	7.6356	7.0895	5.7452	6.9705	5.6818	6.726	7.5231	7.9347	5.4531	6.6	7.3573	8.4527	8.1286	8.0915	5.4333	7.097	6.0186	7.374	8.8166	8.2588	6.7392	8.9433	5.4694	8.0671	7.3242	5.3948	7.9949	7.363	7.6432
U133A__SLC2A10	7.3822	8.9337	8.6382	4.1894	8.3078	6.0184	6.2444	3.2902	4.9809	6.8955	4.0514	3.63	3.8058	9.3639	3.6682	6.9324	6.8581	3.9723	5.009	5.5946	4.8866	6.6611	8.9731	3.8427	9.2903	9.274	4.9798	7.8178	4.9547	5.031	6.0298	3.4864	10.4275	8.4897	8.7642	9.0343	9.2699	8.1564
U133A__LCP1	6.6131	6.2662	6.4693	5.9101	6.1359	5.9344	6.1282	6.1918	6.9759	6.4522	8.2536	6.2406	6.6489	6.4331	9.0611	7.1854	6.3068	6.5316	6.456	6.3403	6.4994	5.9818	6.8268	6.3551	6.8295	8.4467	6.1865	6.369	5.7598	7.2037	6.2423	8.3904	6.1335	6.8825	6.1136	5.9047	6.7422	6.5874
U133A__HES1	7.8362	7.9131	6.4896	5.1651	6.9367	6.6125	7.8518	7.9219	7.5594	6.5368	6.5024	6.658	8.8103	9.585	7.7168	6.5411	6.9986	6.0367	6.746	7.2969	6.5532	6.3761	7.2673	5.6609	7.8519	6.9642	5.9911	6.1492	6.8117	7.3558	5.9077	4.6059	7.9363	6.6536	7.3246	6.625	7.1431	5.8228
U133A__VIM	4.9592	7.7481	5.6063	11.6511	5.8908	11.3859	11.3821	8.7797	5.3502	10.7222	4.9413	9.4913	6.0127	5.6946	10.5693	11.5151	8.134	12.5403	5.7703	5.8608	8.4895	12.7467	6.4138	11.4408	5.516	5.4939	11.4129	5.091	6.8737	5.6462	12.9893	12.4633	5.4996	5.7265	5.4907	7.8423	5.528	5.1392
U133A__C17orf81	6.0039	6.305	6.9719	9.3034	6.3511	8.2392	6.528	6.1772	6.1791	7.2188	7.2754	7.7116	8.0863	6.1739	6.8238	7.0527	6.0851	6.985	7.2643	7.5321	6.0424	7.7869	6.1349	7.3204	7.7804	7.7558	9.3014	5.8973	6.1552	5.7549	7.1647	6.465	7.2237	7.5419	6.835	7.2873	5.8677	5.7307
U133A__PDZK1IP1	5.8239	4.8593	4.8828	4.8095	5.0487	5.1545	7.0575	8.8058	5.0094	7.2283	5.2256	5.3772	5.6485	5.4309	9.5137	5.3958	11.0033	5.2088	5.1539	4.9543	5.1708	4.7764	5.4087	5.1653	4.9605	6.5664	6.6374	5.0223	8.8105	5.4685	4.9062	5.1658	4.9814	6.0773	5.2721	4.9334	4.8939	4.7793
U133A__GALNT6	7.3905	6.7568	9.7521	5.1143	8.8841	5.7714	6.8554	6.1052	8.3463	5.6143	6.7577	8.1603	7.455	8.2228	6.9834	5.9045	7.5279	5.4304	8.8602	7.768	8.6096	5.6215	8.65	5.8084	8.4236	9.1485	5.9203	9.1731	6.4012	8.7939	5.665	5.8236	10.0613	7.0845	9.245	9.7446	7.8728	9.2057
U133A__TFPI2	4.6395	4.7191	4.3087	6.5383	4.1132	5.4184	3.9849	4.0743	4.199	4.0486	6.8855	4.3796	4.6333	5.0358	4.0053	6.1919	6.6266	4.2509	4.1836	6.2286	4.2252	8.7661	4.6738	7.4605	7.1817	4.1103	9.4243	4.1122	7.6195	4.4394	6.8177	7.5053	5.1922	3.9826	3.9556	4.5088	5.9324	5.2502
U133A__MSL1	11.0616	7.6567	8.9254	7.246	7.5161	6.9702	6.2351	7.9444	6.4312	7.5699	7.3185	7.4843	7.1746	7.6938	6.777	7.3462	7.9972	7.5341	7.7231	7.2066	8.0309	7.4204	7.6825	7.3756	7.8424	7.0973	7.4219	7.0433	7.2279	11.0407	7.3822	8.238	7.4681	7.0256	7.1078	11.0363	8.2656	8.1269
U133A__HIST2H2BE	6.1555	5.9939	9.4664	4.7581	6.4892	5.8138	7.028	5.845	9.4831	6.6393	5.1986	5.9223	8.8657	8.9328	6.3304	8.0707	6.4151	4.9797	7.2026	8.2043	7.1567	5.8962	6.2671	5.0337	9.2133	6.6612	5.5972	6.7257	5.5572	5.8532	5.39	5.0466	7.1041	6.2	5.9142	5.2721	5.3079	6.1542
U133A__C14orf147	8.3373	8.171	8.4945	6.8873	8.2934	6.8596	6.7264	6.9095	8.3919	6.5508	5.5822	6.6456	6.933	8.6093	8.602	9.9961	7.2904	5.9391	7.7385	7.521	7.7687	6.7347	7.8353	7.4272	8.6416	8.0875	8.2812	8.3295	6.658	7.9421	6.3528	6.1853	7.4063	8.4938	8.3688	9.3596	8.4628	7.7993
U133A__LGALS8	6.93	7.7823	8.9898	4.0492	6.3609	5.2592	6.2438	4.4525	7.5037	4.2296	6.4287	5.7325	5.2971	8.0335	3.8314	5.7469	5.9013	4.1778	3.8058	5.3444	7.2931	3.8368	7.8755	7.5299	7.1015	8.0029	6.5652	7.9816	5.402	6.8287	4.3027	4.594	4.0473	9.0562	8.0004	7.5306	8.9952	6.5759
U133A__NRAS	6.1408	6.0264	5.2946	7.6303	6.9143	5.426	5.5279	5.2327	6.1487	4.6216	7.2599	6.6215	4.9542	4.2955	7.6456	7.144	6.1282	7.0791	8.2575	8.4564	5.858	6.3052	4.9996	7.7325	5.1749	5.0033	6.8065	5.4207	6.9687	5.5992	7.5259	7.2775	4.3038	6.4268	5.9637	4.6213	4.1235	4.3905
U133A__PHLDA1	4.4531	4.5088	4.1534	6.2364	3.6929	5.3714	5.9748	4.3261	4.9452	5.4819	8.5993	8.0033	4.3273	5.8991	6.5052	8.8726	6.6058	9.3967	4.738	4.353	4.468	7.4466	6.5506	9.4625	4.3342	4.674	8.6611	3.9009	7.3799	3.6627	8.757	6.9589	3.8358	3.8758	3.679	4.2782	3.659	3.5303
U133A__KAZ	9.3271	6.8696	6.9423	5.0339	7.2092	6.6701	7.3067	7.019	6.1357	7.4731	7.073	6.6288	6.8015	7.2085	7.7884	6.4812	8.9155	6.7695	6.486	6.7372	6.1829	5.3989	6.2572	5.2274	6.6177	6.5172	6.868	6.8356	6.5498	8.3375	8.3053	5.4891	6.8818	6.3725	7.1619	6.7496	6.8171	7.1912
U133A__SORL1	8.3488	6.2947	7.7962	3.6815	5.7057	4.7523	7.3847	5.8328	7.1687	4.6981	6.6514	4.9174	6.5956	7.6933	5.6486	4.043	5.3373	4.3902	5.4828	4.6985	6.2511	4.3243	7.3687	3.9044	7.8562	7.1221	4.3067	6.9027	7.1802	7.7997	4.4591	4.7273	7.0604	6.1339	7.5793	8.5574	6.4981	5.8997
U133A__CALML5	4.9355	7.506	5.0858	4.3927	4.4391	3.9667	7.0081	4.7674	4.4988	3.976	7.0929	4.7763	6.2877	4.6611	5.6873	4.1746	7.6889	4.3762	4.2787	4.7548	3.9299	4.0226	5.8142	4.3322	9.4476	4.2781	4.9079	8.6032	6.8571	3.8489	4.0363	4.5789	10.2072	5.8136	4.1725	4.8753	4.1623	4.0767
U133A__WIPF2	9.6083	7.5985	8.5238	6.9901	7.5467	6.9138	7.046	7.4943	7.0421	7.2034	7.7741	7.0628	6.6369	7.8499	7.4139	8.121	8.031	6.801	6.8968	7.2167	7.3216	6.9982	7.2732	7.0631	6.9269	7.0783	6.8133	6.7501	6.8131	9.2517	6.8638	6.4372	6.7552	6.9064	7.3093	11.4709	7.2703	8.1868
U133A__SH3YL1	7.6952	9.2864	7.4904	5.2336	7.0931	4.8884	9.887	6.1393	6.2999	7.4269	7.9322	6.3395	8.0232	9.4126	7.2892	7.2825	9.0259	3.7104	7.45	7.8371	6.4369	5.2003	8.1147	4.1523	7.4942	6.9545	5.4848	8.6375	8.2604	7.9384	5.1517	4.371	9.2451	7.9218	8.7861	9.2607	9.9867	8.5619
U133A__HLA-B	6.5287	8.4347	9.7896	8.1642	8.915	10.3122	9.9839	12.112	8.8869	10.6615	9.8035	10.0633	10.1819	6.3218	9.5062	10.8249	12.3107	8.5989	6.9006	8.3908	9.4948	11.9091	8.045	8.1669	9.2382	9.8055	8.963	7.5816	11.9884	6.226	9.7036	9.7905	9.8309	9.1929	8.6981	9.7333	7.8149	7.1263
U133A__SYBU	7.1378	6.5622	5.2884	4.403	6.7934	5.142	7.1796	6.7974	5.8583	5.5895	6.0793	5.9371	6.4785	9.1381	6.3094	6.2101	5.5562	4.806	5.187	5.4624	5.308	6.1226	6.7923	5.5903	7.0347	6.491	4.4301	5.8738	7.6029	6.9754	4.5873	4.8434	5.5518	6.3625	6.6599	4.8361	5.1108	6.1545
U133A__MYH10	7.0683	7.7365	8.0332	9.7416	5.8115	8.0637	6.4076	8.7884	6.8916	7.9537	8.356	7.1923	6.6651	7.5968	7.6521	8.4861	6.6804	8.1849	7.1557	7.4958	6.7144	8.8112	6.7401	7.0599	7.7911	5.3969	9.3994	6.3497	7.7655	6.0481	7.4316	6.0291	7.5215	6.1791	6.4442	8.1056	6.0016	7.2706
U133A__PPP1R3C	5.3831	6.9823	6.0548	7.049	7.3675	6.7619	5.4099	5.1707	6.4353	5.3367	5.5783	5.2825	7.0712	5.6056	5.5377	6.2115	6.2363	5.8868	6.9161	7.2075	5.7518	6.3184	8.2775	6.2228	6.6878	8.1684	5.3715	5.5832	7.3416	5.8696	5.6742	5.9204	6.3529	6.777	5.4165	8.3111	6.3951	5.2313
U133A__LPCAT1	8.9611	9.6749	7.1029	7.2521	7.0423	6.846	7.74	6.6152	6.6098	6.6442	7.3353	10.0197	6.1164	7.112	7.373	6.9475	7.7542	7.1383	7.6529	8.2705	7.4954	7.1965	7.3813	7.7236	8.3462	6.6051	7.0368	6.3507	6.2806	8.3357	7.0926	7.5598	7.3431	7.2548	7.2444	8.9573	6.3502	6.8462
U133A__NBL1	5.5208	6.5773	8.0088	6.4156	7.816	6.7587	6.1978	6.1135	8.2531	6.5199	7.0638	5.614	6.2299	6.0307	6.2699	6.1127	8.421	6.6186	5.6648	5.5864	8.6762	7.2315	5.4859	6.2246	6.6967	8.0563	6.2912	7.9575	5.8276	5.6058	5.9892	6.4818	5.802	7.8907	5.6896	5.391	5.5293	6.3593
U133A__LGALS3	5.1967	9.6117	6.0831	6.4736	10.6334	9.7987	10.9923	5.693	8.8476	8.3646	7.9691	10.8001	9.9214	12.024	5.7673	10.2078	9.9033	8.7651	11.0085	11.0133	5.2014	10.9874	11.7566	8.7619	10.9523	10.7569	10.1607	9.6504	10.1654	5.5985	11.4504	8.6932	10.8435	11.5259	6.0519	11.7026	10.4785	9.7376
U133A__ELMO3	5.7889	6.3025	7.6556	5.2339	6.9758	5.5863	7.0401	5.4423	6.5243	5.5475	5.3853	5.5113	7.6866	5.2542	6.1292	5.5702	7.6032	5.6752	6.3077	6.383	5.9392	5.4442	6.9119	4.9135	8.2494	7.547	4.8671	7.8003	6.782	5.5882	5.0385	5.3956	5.9363	6.8028	5.2154	7.1531	7.128	7.3481
U133A__CREB3	7.295	6.6385	7.5188	7.8333	7.8931	7.4788	7.2634	6.8872	7.2219	7.4311	7.737	7.0688	7.8723	10.674	7.9901	6.7089	7.9428	7.7562	6.858	7.126	7.5448	7.9442	7.7396	7.5443	7.9957	8.3155	8.2443	8.1355	9.2314	6.7483	7.733	7.73	8.3628	7.4037	8.7709	7.6055	7.6952	7.717
U133A__MED1	9.401	9.8321	6.7544	6.543	6.5188	6.7874	6.1616	6.714	5.4657	6.4849	6.584	5.5168	7.637	6.165	6.7157	6.7015	6.6643	5.9833	5.9938	6.0596	6.5369	6.341	6.0538	7.4592	7.1028	5.6961	5.8657	6.8213	6.172	9.7185	6.1455	6.5327	5.9984	5.39	6.2636	8.3873	6.1249	6.4994
U133A__ENO2	4.0911	6.6118	7.4471	6.9977	4.9804	7.4591	6.2819	8.2687	6.2731	4.7508	6.4502	5.1484	7.025	4.7591	5.8573	6.9516	7.8481	5.5888	5.4637	6.616	8.755	5.9837	6.0338	6.8473	7.2303	5.0264	9.6153	7.0545	4.8767	4.8103	5.1581	5.4806	6.4091	4.7664	4.6669	7.0729	7.8942	7.415
U133A__CXADR	8.125	8.0181	6.1243	6.7715	6.9799	6.3442	9.6569	8.9106	5.2516	7.8702	7.8678	7.8178	6.08	8.9819	8.0862	7.9097	9.6282	6.0306	5.2912	5.231	8.6152	6.9797	8.4334	6.2083	8.1996	7.5407	7.8024	8.7362	8.4962	7.2304	4.3852	5.8744	9.329	6.5358	8.1198	8.0455	7.9043	7.8021
U133A__FERMT2	7.439	5.3801	8.2001	9.8437	6.2531	9.1807	6.9012	6.5681	6.2655	6.1023	4.3862	6.2438	5.1273	8.7037	9.2104	9.7082	8.4669	8.7483	8.2909	7.0989	6.4247	8.4146	6.1627	9.5633	6.3958	5.8793	8.3969	7.5523	7.7286	7.6505	8.7006	8.7763	7.4012	5.6875	5.937	7.3012	4.5512	7.3271
U133A__CAV1	4.1942	4.49	4.2497	10.769	3.9335	9.4857	10.2245	4.1066	5.7522	4.5139	10.4314	8.6141	5.5414	5.3759	8.5934	9.5218	8.7912	11.4435	5.6543	6.486	3.9209	10.4205	4.2274	10.5667	4.3654	4.8546	9.7885	3.8748	8.9838	5.5985	10.5467	10.8746	4.009	4.0188	4.2529	4.1429	3.9104	3.9756
U133A__ABLIM1	8.9014	5.137	7.0127	5.1287	7.6638	5.039	6.9115	8.5793	7.4417	6.7201	8.0471	7.3477	6.4693	7.2971	7.9321	6.4772	7.9876	4.3541	5.5293	5.161	7.1559	4.8561	7.9446	7.0666	7.5952	9.4549	6.7257	7.4208	7.5181	7.5593	8.0406	5.867	7.0137	7.6974	8.6624	7.7575	9.3072	8.0811
U133A__WSB1	8.2551	7.3675	7.0195	6.8786	5.492	6.2728	5.8212	7.4104	5.3262	5.914	6.7034	6.6474	6.7776	6.0542	6.0579	7.2149	6.6716	5.7828	5.4442	7.4005	6.4023	7.1279	6.0259	6.9566	6.9722	6.3978	7.1028	6.2506	5.5424	6.6178	5.9927	5.5857	7.1261	5.2113	5.8337	8.813	6.2851	6.3934
U133A__GNG12	7.7849	6.4664	6.5978	9.7447	5.7435	8.5615	7.6541	6.3405	6.7824	8.0676	8.631	7.7945	6.6779	7.4507	8.4371	8.502	9.4671	10.163	5.8447	6.4708	6.9607	8.6305	6.6815	9.2273	6.8388	8.3046	8.7035	7.625	8.6723	7.4958	9.7275	9.2598	7.333	7.6477	8.3668	7.5017	6.9873	7.0425
U133A__UNC13B	6.5725	8.6947	6.836	6.2814	7.5756	6.3921	6.0785	6.0703	6.063	6.198	6.356	6.2065	6.365	10.5586	7.1594	6.4438	6.3226	6.2149	6.499	7.2795	7.301	6.063	7.1499	6.3471	6.8049	6.9117	6.7771	7.4585	7.2927	6.1252	6.9704	6.6068	6.5921	6.1088	6.4418	7.3338	5.8494	6.6952
U133A__IGFBP3	4.871	5.2836	5.3476	10.6212	4.8745	6.3437	10.6165	6.9528	5.2737	5.3532	11.0036	9.3428	8.2413	11.644	9.1924	11.6705	11.6134	10.2776	5.4442	5.6197	9.3685	7.9102	6.1709	6.3213	6.7394	5.1851	9.7614	9.1549	10.5365	6.1615	10.0354	5.5192	8.1578	7.15	5.9969	7.5049	5.0017	4.7505
U133A__GDPD3	10.0153	6.1503	6.642	5.7463	7.4532	6.1041	6.4548	5.9638	6.4119	6.4377	5.6627	6.539	7.1794	7.2005	6.6596	6.229	6.574	5.8339	8.0906	6.7648	6.1995	6	7.6927	6.1031	6.4612	7.043	6.2352	5.897	6.0719	8.9869	6.01	6.2605	7.4305	7.6954	6.1856	6.7211	6.0486	6.5637
U133A__LEPREL1	5.3422	5.4569	5.0282	9.3138	5.5085	8.5248	7.9786	5.848	5.3502	6.5309	7.5076	7.2828	5.5782	5.1026	5.8493	7.0181	9.188	7.5821	5.5045	5.6844	5.199	6.6369	4.9666	7.9034	4.9339	4.9033	5.4406	5.3148	6.4193	5.5942	6.252	7.3962	5.376	5.4198	5.1657	5.109	5.1199	4.9922
U133A__CYFIP2	7.2214	7.2856	7.9177	5.0692	8.2878	5.1518	5.5729	5.7304	7.8867	5.7349	5.1345	5.5263	5.2595	7.4708	6.2103	5.5828	4.7354	5.6666	5.6376	6.6199	6.1386	5.2283	7.4	5.4525	6.2671	5.9559	5.7349	6.8642	5.1087	6.9614	5.7687	5.436	8.0359	5.5103	8.5498	8.2599	5.8194	7.1325
U133A__GLUL	9.8161	7.5359	11.0773	3.4309	8.1531	5.7282	9.8361	8.8808	10.5978	8.4556	10.201	6.6296	10.0567	9.8783	3.3355	8.385	9.3406	5.584	6.555	8.4217	10.7981	8.1008	9.5265	6.7947	10.4427	9.8707	8.1394	8.2571	9.4537	10.11	8.1982	9.0594	9.5098	11.2092	10.0047	10.0695	9.5704	8.8812
U133A__TUSC3	7.3567	5.277	4.5591	4.9647	4.6926	8.0508	7.6665	6.4646	6.2996	8.2575	8.0232	4.8685	4.7861	5.4514	8.2811	9.4858	4.5276	8.1364	7.6041	6.2045	7.4159	7.479	8.6055	8.0955	7.6463	7.7091	8.874	7.1886	8.2349	7.1896	6.8362	7.8885	8.4792	4.8708	7.8483	9.4333	5.5605	8.3897
U133A__CCND1	8.4714	8.1237	9.1256	5.4377	8.8941	5.4406	10.0998	7.9929	9.1837	4.3292	8.6063	10.9904	7.1587	8.1578	6.4037	8.1008	9.0473	8.209	8.2177	9.1804	11.883	6.9939	9.3043	8.8488	8.5351	10.1566	6.4148	6.4129	7.8056	7.9009	6.6177	8.4694	8.7082	7.8416	8.5885	7.8528	8.5427	9.2077
U133A__DECR1	9.0064	7.3199	6.8777	7.0909	7.5545	6.3566	7.8356	5.9952	7.8875	7.8221	5.3596	6.4086	7.4553	7.8985	7.6777	8.2614	7.4609	6.9361	6.6044	7.7078	7.3777	7.9482	8.3211	7.3017	6.9448	6.9046	7.3967	7.1159	6.222	9.7578	7.3422	6.2275	3.9487	7.8193	3.9781	7.5332	6.7474	6.8056
