Cell lines	600MPE	AU565	BT20	BT474	BT483	BT549	CAMA1	HCC1143	HCC1187	HCC1395	HCC1419	HCC1428	HCC1569	HCC1937	HCC1954	HCC202	HCC2185	HCC3153	HCC38	HCC70	HS578T	LY2	MCF7	MDAMB134VI	MDAMB157	MDAMB175VII	MDAMB231	MDAMB361	MDAMB415	MDAMB453	SKBR3	SUM1315MO2	SUM159PT	SUM185PE	SUM52PE	T47D	UACC812	ZR7530
Response	1	1	1	-1	-1	1	-1	1	1	-1	-1	-1	-1	1	-1	-1	-1	-1	1	-1	-1	-1	-1	1	1	1	1	1	-1	1	1	1	1	-1	-1	1	1	1
EA_G__CXCL1	6.2315	5.773	5.6481	5.2495	5.4843	8.6757	4.9909	8.9861	5.6913	5.6857	5.6354	5.3001	6.2977	8.0653	5.8269	5.4469	5.7465	5.7099	8.792	6.8879	5.3542	5.4661	5.6147	5.6269	6.921	6.1869	5.8693	5.6813	5.2917	6.2812	5.7848	8.2351	6.2625	5.2772	5.8319	5.3383	5.5119	5.9002
EA_G__ABCC5	5.9535	8.05	7.5093	8.3158	8.0661	6.8239	8.6461	6.9295	6.5499	7	7.9766	9.0062	7.5615	8.4078	7.2503	8.0671	9.2941	6.922	6.4032	8.0915	7.2329	8.4363	7.7763	6.6309	6.5591	7.5629	6.0979	8.1434	8.4676	6.6576	8.1011	6.0554	6.02	9.9184	6.9504	7.7622	8.1707	7.0775
EA_G__CYP1B1	8.3981	7.4445	7.3992	5.4862	6.4642	8.2514	5.7087	8.9724	10.3842	9.0891	6.3086	6.2613	5.1034	7.311	7.9491	7.2763	7.1478	6.2324	10.699	7.801	5.9282	7.7071	6.7353	10.1153	9.3325	8.9592	6.4875	8.4356	7.4339	6.9523	8.0295	8.0619	3.7017	7.7214	7.7367	7.916	9.0846	8.3429
EA_G__S100A3	4.4039	5.3412	4.9353	4.3282	4.2059	5.6023	4.3749	6.6335	6.9833	6.4591	4.2712	4.0737	4.3869	6.0279	5.0119	4.6463	4.5809	6.6095	7.8016	4.8696	7.5816	4.6237	4.3372	4.3606	8.4498	4.8696	6.8913	4.202	4.152	5.2117	6.455	6.0566	6.9666	4.1692	4.8878	4.3484	4.3764	5.108
EA_G__P2RX5	6.5442	5.6535	5.9787	4.8513	5.2032	7.7908	4.405	7.3498	6.238	6.0583	4.9714	4.9715	7.6052	6.583	4.7167	5.0817	4.8552	4.6299	7.2043	4.7547	5.8678	4.9903	5.4081	6.8051	5.4568	5.6807	7.9649	4.5572	4.2916	5.3502	5.708	4.4613	7.2148	4.7202	7.4141	5.1753	7.0021	5.3713
EA_G__SLFN11	4.0289	7.3239	5.1422	3.4401	6.6335	8.8063	3.6834	6.7822	4.9182	3.8921	3.64	3.5673	3.7837	3.7642	3.9415	3.8847	6.6266	3.7182	8.7167	4.0784	3.9653	4.2244	3.8785	3.8369	5.043	7.1813	3.6201	7.8717	3.9968	4.9768	6.6291	3.8912	8.1337	4.0513	8.2407	7.1963	5.6434	4.1892
EA_G__MGC9913	3.336	3.6127	8.0916	3.1926	6.7385	8.6099	3.049	6.463	7.247	6.3494	3.457	3.4942	7.1606	7.6152	3.1397	4.1229	3.0303	6.9023	7.4533	4.1407	3.4583	3.798	3.6016	7.1968	9.0628	6.4651	3.6274	3.4	3.0124	4.1512	4.3086	7.9567	3.4711	3.7313	3.5534	6.8504	3.3599	4.6384
EA_G__EDG3	7.4502	6.934	8.1139	10.4128	9.7139	6.3952	9.5367	8.0358	6.8443	8.9643	9.1369	8.9153	7.8993	7.8087	9.1444	9.3102	7.1815	7.2726	8.8852	8.5981	8.5947	8.383	8.9758	8.7868	9.7428	8.7596	7.7877	9.4427	8.5052	8.8173	8.0215	7.9986	7.2288	9.8528	8.3141	6.9779	7.5722	8.5797
EA_G__RAB34	9.3179	5.4145	7.7069	5.3779	6.2092	8.2862	5.2527	7.8298	5.8086	7.0027	8.1715	5.2251	8.0878	7.1519	5.3486	5.5521	7.3082	5.1948	8.7784	6.9035	8.527	6.3726	5.3114	4.9351	8.5876	7.1655	8.7138	5.5485	6.5644	6.2956	5.7314	8.5871	8.8448	5.3935	5.8463	7.3655	8.7954	7.5304
EA_G__MRC2	9.5108	6.3393	6.5107	6.1911	6.1822	8.4666	6.2529	6.9342	7.854	7.6383	6.094	6.172	6.5812	6.1795	6.195	7.3137	6.1677	6.3087	9.0085	6.3022	8.5076	6.5354	6.5896	6.3506	9.5693	6.3342	7.1079	6.09	6.0684	7.1592	6.5291	9.3857	7.4802	6.2204	6.9931	6.3224	7.244	6.7034
EA_G__NCOA1	5.7013	6.7755	6.6703	6.6969	6.4277	6.0786	5.9324	5.7387	6.4161	5.8875	7.9094	7.0539	6.4869	6.4759	6.3607	7.8082	6.9388	5.9142	6.0282	6.6922	6.4098	6.6132	6.8043	5.7002	7.2551	6.1257	5.8861	7.114	6.5122	6.1483	6.4088	5.6262	5.8318	7.6638	6.9219	6.5437	6.7976	6.3701
EA_G__CA5B	6.9369	6.4488	6.1867	9.8853	7.5831	6.9713	7.9319	6.4217	6.3814	6.7546	9.6441	7.5718	6.1838	6.8366	6.9423	8.1787	8.8326	6.433	6.1952	6.711	7.0975	6.8575	7.7441	6.8363	7.3049	8.2804	6.0855	9.1757	9.2258	6.4901	6.0825	6.6733	6.9056	6.6601	9.1303	7.0359	6.9926	7.6827
EA_G__RCAN1	8.3981	7.276	8.0798	5.9413	6.4002	7.1087	6.4347	7.2862	6.3657	5.7634	6.2422	6.0939	8.7301	6.7756	7.0026	6.3005	6.7504	6.2905	7.4835	8.3032	6.4474	6.406	5.9538	5.8937	7.2709	8.4988	6.5914	6.3447	7.4459	6.391	7.0801	7.2268	7.1898	6.2648	6.6532	7.4684	6.9513	7.1788
EA_G__HBEGF	5.9666	5.7872	5.8554	4.9068	5.1174	9.3836	5.6136	5.5354	5.6776	5.656	4.9952	5.2972	5.4996	7.5528	5.0328	5.0985	5.4704	6.2009	5.3934	5.9594	7.3717	5.279	5.3204	5.4978	6.9636	5.6472	9.1191	4.8683	5.0741	5.512	5.1797	6.7088	7.5776	5.4672	5.2866	5.6012	5.0115	5.4451
EA_G__UPP1	5.4549	6.1015	7.1467	5.448	5.1849	6.6737	5.1357	6.9823	5.3696	6.6838	4.889	5.2305	5.3407	7.397	7.9997	5.1198	5.3149	6.9028	6.8339	6.2895	6.4335	5.6169	5.127	5.3567	6.8378	5.5727	6.9034	4.8709	5.1442	5.3505	5.686	7.1274	6.8426	5.5523	5.5613	5.6237	5.6119	5.6276
EA_G__MLLT11	8.007	6.2008	6.3829	5.7109	6.3736	8.5988	6.3349	5.8992	6.8591	6.23	6.483	6.4591	6.2006	5.9117	5.5161	7.3871	5.3775	5.7241	9.0878	6.1603	7.701	6.562	7.0744	8.2785	9.0157	6.1221	6.7845	8.4846	7.7671	7.8246	5.9092	7.6861	8.4946	5.9528	6.7688	7.357	6.6726	6.743
EA_G__CYR61	8.1331	7.5718	8.3996	6.2582	7.0497	10.1687	6.6562	8.8232	5.6125	7.8517	6.3522	6.707	7.4924	9.2169	9.0015	6.8394	7.3317	9.6694	10.232	7.091	10.623	6.3553	5.982	5.9694	8.6434	7.9536	11.0584	6.8937	6.6652	6.7454	8.1061	10.084	9.4395	6.6971	6.4717	6.9073	7.0874	8.5372
EA_G__C8orf38	5.6885	5.2961	6.0933	7.4005	6.7728	6.36	6.5944	5.9578	5.9875	5.4229	9.7617	7.3404	6.8741	7.5749	6.428	6.7847	7.2665	6.1555	5.9237	6.2838	7.1253	6.3628	6.663	6.598	6.2003	6.087	6.4429	6.5667	6.5273	6.1991	5.3366	5.7822	5.8823	5.7278	5.6055	6.2685	6.7931	5.5767
EA_G__FLJ13236	6.7954	7.7967	5.1752	6.5348	9.1619	5.2503	7.904	4.8608	4.1423	4.6762	4.6083	8.1356	8.0704	5.1715	5.9532	8.082	7.4603	6.899	7.2254	6.3988	6.9516	7.6782	7.4126	6.2302	6.3646	5.057	6.6025	8.0168	7.6279	6.7583	5.2131	5.2002	4.8706	7.998	8.4853	7.9546	8.5294	5.7201
EA_G__CDYL2	7.3631	7.0718	8.1386	8.2646	8.9194	5.849	8.0675	5.272	5.5548	5.3771	8.4468	8.5447	5.8033	5.7744	7.8384	8.2642	8.1388	5.639	5.5573	5.97	6.2366	8.7179	8.367	8.0456	5.4427	8.2305	6.9612	8.487	8.1416	7.5519	7.1617	5.9508	6.3854	8.3072	7.6963	7.086	7.575	8.1768
EA_G__CDH1	9.4474	3.8156	9.8271	10.2402	10.823	4.1816	8.2155	9.3623	7.7169	4.0645	9.8984	10.4438	8.4461	9.4381	9.6232	10.1534	4.383	8.3525	4.2405	9.6597	4.2637	9.9596	10.2763	6.5768	4.0202	10.0856	3.8114	11.1983	10.3286	7.0185	4.1026	4.9675	4.0229	9.5589	9.2285	9.8379	9.9968	5.7449
EA_G__SLC24A3	6.1884	5.8567	4.866	7.6921	8.927	4.9069	8.2005	5.4026	8.4196	5.6591	7.088	7.3408	6.854	4.81	5.1148	6.8799	7.4995	5.2071	4.6949	7.2516	7.5909	6.3113	7.6462	7.4927	4.6514	6.4122	4.8684	7.4147	6.5707	7.3839	6.6887	4.7718	4.925	7.853	7.3459	7.4011	6.4345	9.5214
EA_G__FAM83B	6.3988	4.2489	8.0882	7.5482	6.1591	7.1767	8.1613	8.9338	7.3558	6.2679	8.1672	9.0873	5.885	9.7395	9.0246	8.5407	4.7067	9.3121	4.5395	8.5196	4.3005	8.9319	9.9937	5.4213	5.593	7.5611	3.9742	10.6464	7.693	6.9275	5.2107	4.5717	4.6842	8.0655	7.971	7.8105	4.9443	4.6379
EA_G__SYTL2	6.4223	4.9566	6.8946	6.9103	8.1367	4.8492	5.4838	3.9633	4.0345	4.3987	6.4077	7.0164	5.1359	4.438	8.1738	3.9026	5.3483	5.8942	4.075	6.6446	3.8372	8.1534	9.1756	6.6909	5.6328	6.3496	4.8433	6.7037	7.0191	5.0262	4.9142	5.3838	3.4051	7.0082	5.592	4.812	8.4366	4.2671
EA_G__LTB4DH	7.9976	5.3933	9.1913	6.6689	7.4318	5.7698	7.1917	6.748	6.2842	6.1681	5.3361	7.7929	6.0232	7.5254	9.1557	6.4389	7.2612	3.6109	7.9631	6.1619	6.545	4.6447	5.2567	8.9637	7.6993	6.6093	7.5951	6.6409	6.0478	6.3848	6.5266	7.6098	6.4725	5.6131	7.3205	8.2498	7.3106	6.9444
EA_G__TFPI2	7.4112	5.7742	6.8889	4.1023	5.2059	7.6313	4.2376	5.2724	5.6988	7.7972	5.5013	5.2292	4.3233	5.223	4.7209	4.4873	5.8133	5.139	5.3328	7.5073	4.2327	4.6548	5.44	4.2051	6.5637	5.4829	7.751	5.7575	4.3729	5.1626	6.729	6.8534	6.8149	4.8815	5.0564	4.7585	4.3977	4.9919
EA_G__PSMD3	9.9672	11.2562	9.0404	11.7628	9.5694	8.956	9.6285	9.1444	9.0967	8.6145	9.4875	8.9127	9.2612	9.3474	9.2635	8.6464	8.9297	9.5538	10.2546	8.9207	9.0875	8.7585	8.7066	9.2011	9.3779	8.7809	9.327	9.0321	9.2325	9.8808	10.9908	9.223	9.6654	8.8172	8.747	9.5431	11.598	9.2223
EA_G__PLAU	5.9385	4.9315	4.724	4.8841	4.8479	8.6933	4.4801	8.7436	5.0131	5.279	4.9719	4.9397	4.9615	7.0979	4.7291	5.766	6.7666	5.7082	7.4742	6.0511	8.372	5.0009	5.0307	4.8073	7.1008	5.1139	9.1058	5.2563	4.9718	5.5771	6.7449	11.4254	6.0434	5.0122	5.0896	5.0643	5.9255	5.0074
EA_G__TP53I3	7.2072	6.49	7.4101	6.4218	5.7296	6.8989	6.3822	6.593	6.3786	5.8914	6.2579	5.8603	7.2299	6.7791	7.2272	7.1261	5.7907	8.2065	6.6747	6.855	7.2216	6.9246	7.2764	7.8446	7.3061	6.6389	7.6965	7.3598	5.8916	7.2624	6.6343	7.0675	7.4269	5.992	6.3766	10.7347	6.5291	6.4093
EA_G__DFNA5	4.4375	4.9524	5.0814	4.5784	4.6557	8.4986	4.6876	4.6458	5.1282	6.5279	4.5264	5.0703	5.5616	5.9883	5.1072	4.7021	4.5042	5.8293	6.3843	4.7786	6.9984	4.8523	4.6266	4.4233	7.4631	5.4062	8.2468	5.284	4.3728	4.9581	5.0627	7.5676	8.1967	5.0913	4.6634	5.3806	5.5044	5.0744
EA_G__ARHGAP23	7.2203	6.0053	6.2233	5.8044	6.1833	7.0529	5.4752	6.3843	6.9114	6.3489	5.4214	5.2812	6.1932	9.3409	6.2881	6.0159	6.4165	6.8485	7.6738	6.8463	7.8115	5.9048	5.7858	5.5407	7.3588	5.8461	8.653	5.7958	5.8236	6.2527	5.9964	6.9923	8.3173	6.3409	5.9923	7.0707	6.1537	6.2543
EA_G__FYN	6.4822	4.8816	6.1063	4.3322	4.2317	4.5595	4.1797	6.6783	5.2254	6.9111	3.9868	4.3095	5.2342	7.1599	5.2737	4.4185	5.5262	6.8905	6.7575	4.3306	8.3757	5.4058	4.5424	6.8396	8.064	4.864	7.376	4.0949	4.3392	4.9848	5.0097	6.3964	7.2559	4.5524	5.3704	4.4577	5.6385	5.4886
EA_G__PLTP	5.0073	8.5711	5.2753	5.2791	5.2349	10.3023	5.2284	4.7825	8.4926	6.2465	5.1712	4.9001	5.0077	6.7248	4.9769	5.2512	5.1362	5.2193	8.4584	7.8778	7.0504	5.3973	5.4912	5.1136	5.7376	5.922	5.4134	5.2568	5.2596	6.0475	9.1856	5.2902	5.3555	5.1643	5.5689	5.832	5.2921	5.5016
EA_G__IGFBP6	7.2425	6.9289	7.07	7.0777	7.168	7.3605	6.723	7.7389	7.3101	7.6525	6.9199	6.9838	7.1167	8.6513	7.0995	7.1885	7.4678	7.1169	7.8968	7.6673	8.6268	7.6983	7.3566	7.2095	7.7843	7.3105	7.9888	6.8878	6.8185	8.0771	7.4943	7.1879	8.4906	7.2053	7.5096	7.7037	7.4415	7.7723
EA_G__FGFR4	6.212	7.4027	6.3774	9.4947	8.6522	6.7252	11.1104	6.9616	6.8446	6.9437	9.9702	7.7334	8.649	6.9704	9.0064	9.4306	7.8246	7.3383	7.6825	6.2891	5.6839	7.6865	8.3879	8.0356	8.0349	7.9172	6.6169	9.9462	9.8037	11.4544	6.6971	6.6719	5.6794	8.3049	8.2707	6.8843	8.8386	7.8981
EA_G__VTCN1	8.5548	8.4065	4.2161	7.5452	6.2201	3.5205	8.5954	6.5572	6.2389	3.9224	8.7124	8.4635	8.9774	6.5605	7.6681	8.428	8.5877	7.1076	3.96	9.0505	3.5167	5.94	6.4774	5.1673	3.6512	7.8442	3.599	7.2457	8.9107	5.6222	9.5899	4.0347	3.5754	7.0528	4.6838	7.9421	4.3324	7.049
EA_G__NAV1	7.4175	8.9354	6.7217	5.4838	5.7925	7.8052	5.1032	5.0575	7.9118	7.629	4.8157	4.8473	5.8443	7.4442	6.9431	5.6569	7.9222	7.0711	8.0474	8.2228	8.6572	5.6577	5.8182	8.033	8.6836	6.9589	6.4817	6.5266	6.955	6.2838	8.7193	8.8574	8.4718	6.3187	6.2935	5.239	5.7713	6.5006
EA_G__BET1	6.3569	6.9957	6.2755	6.3838	6.4256	6.2745	6.7615	5.8252	7.0366	7.918	6.7614	6.4892	6.7832	6.2612	6.0473	6.8367	6.8871	7.0151	6.2255	6.5598	6.8018	6.5824	5.8896	5.7765	6.6229	7.0556	7.0148	5.7022	7.1447	4.6717	6.666	6.4714	6.6824	6.5547	7.9898	6.5079	5.7936	6.3249
EA_G__REPS2	6.5275	6.2241	6.9314	7.1806	7.7358	4.5458	8.1946	6.6843	6.0354	4.9365	8.4365	8.1252	6.6802	5.4823	7.2127	6.5473	7.2935	8.2511	4.7054	7.2418	5.2193	6.3946	6.8378	8.1829	4.8785	6.7219	5.5902	7.2359	9.1659	6.6638	6.8168	5.0851	5.6297	5.5005	7.4447	7.3572	8.9063	6.5573
EA_G__AXL	5.6804	5.1611	5.4463	5.4209	5.1827	10.2739	5.2109	9.8631	5.2949	9.4468	5.1746	4.9087	5.3032	8.9208	6.9786	5.4521	5.6583	8.6491	9.9664	5.4233	11.2512	5.5361	5.534	6.7552	9.689	6.5073	11.0247	5.0726	5.1294	6.1472	5.743	9.8877	9.9992	5.5417	5.7637	5.5023	5.4593	5.9543
EA_G__PLEKHA2	7.1913	6.803	7.5548	6.5699	6.9505	7.0212	8.056	6.1693	6.8387	6.144	5.8322	5.3397	6.7633	6.7739	6.2636	6.8222	7.5654	6.2065	9.2582	6.7399	6.4447	6.4472	5.9849	8.7015	8.2691	7.2099	6.2644	7.1486	6.7822	6.1039	6.6202	8.0243	8.578	6.8361	8.7067	6.925	6.6464	6.8863
EA_G__KIAA1467	6.6315	7.5406	6.6624	7.2865	9.3605	5.8311	8.6582	6.745	7.3667	6.7519	7.505	7.9446	7.4237	6.3595	5.9867	8.131	7.0355	6.5908	7.377	7.3791	6.2821	8.4645	9.6294	9.3226	6.5187	8.4148	6.7367	8.5894	8.7607	6.8448	6.5345	5.8873	6.6599	7.8531	8.4419	6.5175	8.1267	6.9619
EA_G__CHMP4C	6.9565	7.0253	7.3947	7.5918	7.4754	4.8844	7.1787	7.8679	6.6028	4.4485	10.317	7.7176	6.0677	7.5568	7.223	7.8252	7.8167	7.6065	7.0129	7.5536	4.1153	7.291	7.4487	7.2768	4.752	7.1539	6.6016	6.743	7.0289	7.3943	6.9426	4.4597	5.7615	7.3185	7.1496	7.4523	7.0903	6.9539
EA_G__PARD6B	6.6898	7.453	8.2745	7.9356	10.2482	5.6462	9.0659	7.4407	7.1044	6.5166	9.1497	8.5948	7.3837	7.1739	7.7258	7.5297	7.8017	7.1111	5.7964	7.4969	5.8639	9.8281	9.7913	7.6396	5.8916	7.8763	7.6107	7.4723	7.3893	7.1206	7.9257	6.5983	6.0187	7.9875	7.7564	8.7348	9.9907	7.2837
EA_G__CYBRD1	8.8064	4.3372	7.0609	4.9547	4.0631	7.6114	4.3254	5.7306	5.583	4.58	8.7916	5.217	5.8898	6.5731	4.8922	7.4008	4.6864	4.8483	7.1127	7.7659	7.2027	4.3843	4.8649	5.7059	7.9563	6.9987	7.6871	6.5278	6.7933	7.5195	4.923	8.6932	7.1187	8.8201	5.2229	7.3353	6.3207	9.0063
EA_G__PLCE1	6.8135	7.8735	6.768	4.6044	7.1905	6.6847	4.7285	7.5819	5.1961	4.3522	5.7793	6.6242	7.5885	5.937	6.8419	5.684	7.8865	4.2232	5.6112	6.4026	7.1553	4.5175	4.2639	4.7231	6.0015	5.5053	7.128	6.2214	4.2294	4.6147	7.5813	8.8057	7.4058	6.1404	5.3495	7.3688	7.8188	9.1919
EA_G__SLC7A2	4.1619	5.7925	3.7715	6.7311	8.2218	4.0757	8.7507	3.7876	4.1333	4.9639	5.9544	8.7823	6.0163	3.8374	4.2238	6.6085	3.8787	4.037	3.7082	3.9158	7.6908	8.0985	9.9521	5.9318	4.9481	6.4416	6.383	6.6805	6.0503	4.4132	4.5285	4.1797	8.1212	5.8559	4.0673	3.9632	7.5091	3.9987
EA_G__NT5E	5.9068	7.0846	5.1501	3.9196	3.2264	9.0413	3.3792	7.2634	3.8917	3.5081	3.4181	3.341	3.6388	8.5101	8.8687	3.6206	3.5929	6.896	5.2742	5.9823	10.1163	3.8698	5.5831	3.7838	8.137	4.099	10.8683	3.268	4.7321	4.3347	7.0175	10.6481	8.4554	3.5999	3.7861	3.4798	3.9113	3.5841
EA_G__DDAH1	8.2975	8.0848	8.152	6.8764	7.1266	8.5481	6.7475	7.913	5.1987	6.4624	7.6645	7.6054	7.5138	8.2456	7.3184	7.7187	7.9016	7.528	8.1061	7.6799	9.8182	6.4586	7.2951	8.4799	7.6619	7.2348	10.0483	7.3886	8.5508	7.5272	8.303	7.6419	8.2063	8.1604	8.0472	7.3595	7.8989	8.5058
EA_G__THBS1	10.1181	8.8537	10.1535	6.8427	9.5472	11.7756	9.5093	12.1592	9.5535	9.3881	6.4172	6.256	5.7423	9.8642	11.2382	7.5699	6.3827	11.5562	10.0309	8.1139	11.2999	8.4058	9.8527	9.6869	9.8837	9.7727	10.2805	7.7776	10.0528	10.1956	8.4328	5.1794	11.5545	7.7318	8.0413	8.8181	8.8273	9.1584
EA_G__SLC6A15	3.7785	7.1291	3.3198	3.273	3.5835	3.7372	3.1815	6.8971	5.2064	5.4965	3.1428	3.5551	7.6077	3.0742	3.4851	3.6928	3.4727	3.4102	7.1976	3.5516	3.4367	3.5232	3.5706	3.5068	5.6345	3.6135	3.5408	3.2714	3.3421	3.7884	7.2049	7.9561	3.8068	3.4867	3.9042	3.6704	3.4567	4.1987
EA_G__OLFM2	6.9079	5.547	6.5649	6.6675	6.4416	7.0342	7.1634	6.3654	7.564	7.2611	5.8302	5.6484	6.8719	5.951	5.8034	6.2664	6.476	5.9857	7.942	6.1818	6.022	6.28	6.5583	7.4585	10.4327	7.1608	5.4015	6.9463	5.5184	6.6936	6.362	7.077	6.4636	6.3492	6.8775	6.1343	6.9109	6.8023
EA_G__C16orf45	5.513	6.8769	6.1887	6.0307	5.9063	5.9137	5.1053	5.7484	5.3196	6.2622	6.2757	5.362	5.7197	5.5063	5.5949	5.4932	6.164	5.3603	7.1987	5.7951	8.7459	5.9573	6.1757	5.5124	7.548	6.6192	6.8892	5.5918	6.0186	6.41	6.7274	7.9713	6.6187	5.4728	5.9732	5.9187	7.8131	7.7451
EA_G__ATP2C2	7.3612	7.1301	6.3762	8.2179	7.788	5.3497	7.7028	5.9351	5.1224	5.0997	8.4417	7.4719	5.2602	7.169	5.8961	7.2734	8.3016	6.6985	4.6332	6.8254	4.8393	8.5253	8.1187	6.7656	4.7757	7.7212	5.1175	7.5495	8.7963	7.9613	7.5787	5.4452	5.2595	8.2752	6.7796	7.0768	7.274	7.6717
EA_G__CDC6	9.4548	11.7624	9.4197	9.1494	8.3376	8.6381	9.1355	9.6576	8.672	8.5859	8.0943	8.5798	9.0842	9.6001	9.5457	8.1895	8.6502	10.1088	9.3928	8.3432	9.6955	8.2415	8.1085	9.4974	9.7228	8.4562	10.5212	8.4294	7.7918	7.9247	11.0337	8.1653	9.7824	8.8207	8.302	9.1214	11.7864	5.9338
EA_G__RNF43	5.3598	5.5481	6.4542	9.0024	6.2745	4.517	7.0424	6.9704	4.5084	4.5124	6.8189	7.5374	4.6685	6.2646	5.8021	5.4243	7.392	6.6274	4.3808	5.6474	5.393	7.2004	8.5708	7.292	4.3806	6.8899	4.7247	9.1075	8.2078	6.6093	5.1643	4.3623	6.1999	7.3213	5.925	6.1298	4.9051	7.0658
EA_G__TMEM98	9.4954	4.9119	5.2437	5.4122	6.7786	4.9445	4.5186	5.6463	8.2765	4.8284	4.5504	4.9327	8.7098	5.6695	5.0564	5.4408	5.3875	6.7775	7.7384	5.1637	4.8143	5.1628	4.9113	5.2211	5.3969	7.713	4.8877	6.9486	4.5807	5.6826	4.784	5.0266	7.6775	5.2243	5.6284	8.1567	5.5775	6.7161
EA_G__C4orf34	8.8336	7.5189	6.7831	9.2875	9.0579	5.2272	9.1582	4.721	5.3837	8.1851	9.7532	7.4229	7.588	6.5668	7.6648	8.8131	9.1999	5.4193	6.848	8.0783	6.629	8.3072	8.1002	9.1603	6.5726	8.8801	5.1194	9.9662	9.103	8.0987	7.3907	8.1597	5.3506	8.451	9.4196	8.058	8.6313	9.889
EA_G__TNFAIP2	8.3932	8.6081	9.1726	7.0897	7.5352	6.4102	7.2254	7.4036	10.4654	6.4014	7.72	6.7748	6.3185	9.0577	9.6476	7.0008	7.5392	8.1913	9.0493	10.8151	6.9015	7.0093	6.4997	7.7119	9.4384	7.1684	7.6704	6.4159	6.8707	7.2861	8.3727	6.4342	8.0488	6.2151	7.4924	7.6876	7.5397	7.5967
EA_G__TESK1	7.8959	8.3032	8.1661	8.4928	8.928	7.993	8.7249	8.4959	8.4588	7.8626	8.4984	8.442	8.6059	8.1811	8.2056	8.9132	11.6165	8.5538	7.971	8.7505	8.1073	8.3541	8.3853	8.6143	8.4285	8.7537	7.8268	9.5718	8.7004	9.3688	8.2201	7.8973	7.8586	9.2457	8.6664	8.1986	8.1951	9.0552
EA_G__GNA15	5.5402	5.2283	5.4703	5.241	4.6565	5.5834	5.1215	5.4575	6.1569	4.5287	4.9897	5.0025	5.0647	6.7687	5.39	5.2702	6.1621	5.2981	4.9762	7.1649	5.1461	5.7808	5.6393	5.4937	5.5213	6.0996	7.58	5.202	4.8395	6.0372	5.5933	5.039	7.7246	5.3709	5.5976	5.569	5.2808	6.083
EA_G__GBE1	6.8244	7.5239	8.155	6.3966	6.5794	8.5971	6.6869	7.4889	4.9943	8.6312	7.5394	6.471	7.5278	7.6762	7.967	6.3813	5.8657	7.6057	8.2961	6.5153	9.4952	6.8885	7.5212	7.8519	7.2937	6.8441	8.7027	6.8781	5.6533	7.102	7.1436	8.6559	9.5431	6.0081	6.1145	7.2027	7.5811	6.2953
EA_G__FBN1	4.0325	4.4696	3.7873	4.3114	3.7441	9.1291	4.5158	3.9745	4.8806	9.1111	3.8068	3.7206	3.7491	5.1934	3.7998	4.1794	3.9682	4.7343	7.9714	4.2928	10.7199	4.1196	4.204	4.1752	8.9657	5.9105	7.4142	3.7385	3.8478	4.9919	5.3032	8.5241	7.1987	4.0836	4.4269	4.0175	4.0932	4.7631
EA_G__PAR5	7.6718	5.5575	3.7372	7.0457	6.1032	4.1781	7.223	7.644	3.7977	4.7074	4.3404	3.9709	4.176	7.0402	4.4654	4.0041	7.4913	7.5145	7.5487	3.8751	5.1615	4.3599	3.9022	5.156	7.8936	6.1612	4.0247	7.6116	7.5501	6.749	5.1666	8.4151	6.4475	4.5124	4.9471	6.4211	6.0077	7.9355
EA_G__DZIP1	3.8423	3.8318	3.6621	3.9976	3.6467	7.9986	3.7616	7.7736	7.865	6.4633	3.7432	3.8025	7.1699	7.3229	3.8667	4.0447	3.9119	5.2573	8.0773	5.5767	6.5828	3.9509	3.9015	3.7455	8.5714	4.2862	3.9174	3.8676	3.8059	4.6561	4.3905	7.8718	6.8542	4.2409	4.2736	4.0125	6.6612	4.7293
EA_G__RASA3	6.7536	7.7281	5.9848	6.1854	6.9515	7.9914	7.8598	6.9166	5.544	7.3455	5.6888	5.9938	6.6235	6.9662	5.7554	6.9974	6.2026	6.7827	8.3408	5.2362	8.4783	6.8907	6.387	6.2322	9.3533	6.7883	7.6861	6.3381	5.3877	6.1545	8.2353	7.4424	7.737	5.1827	5.7501	6.5498	6.1496	6.1682
EA_G__SNF1LK	7.3472	7.4717	7.6742	6.125	6.7042	8.1864	6.7851	9.3282	9.1018	6.591	6.3455	6.7299	7.2463	6.9341	7.587	7.483	6.4576	8.0192	7.8682	6.7097	6.5979	7.6416	7.8113	7.5154	7.7393	7.3881	6.7562	6.2972	6.7103	6.7099	7.071	8.5385	7.2634	6.732	7.2462	6.2743	6.8817	7.1273
EA_G__RHOD	9.4383	6.3205	9.3367	8.4884	9.4652	5.5742	9.5478	5.9601	8.9794	7.7977	9.6713	9.1259	8.1197	9.0276	9.3317	8.4561	8.733	8.065	7.6813	8.0761	6.3719	8.9545	8.7762	7.9949	6.3457	8.7998	7.5	8.5256	10.589	8.8677	6.6228	6.1711	6.7042	8.4099	9.6388	9.4683	9.594	8.1995
EA_G__FZD4	5.7889	5.5317	4.9638	6.8595	6.2736	5.6885	6.4988	5.8109	5.3941	5.7167	7.1435	6.711	6.2492	5.1574	5.9502	6.668	7.0618	5.2136	5.9353	5.5518	5.8336	6.0994	6.4704	6.0318	6.509	6.4918	5.6264	7.4599	7.0075	7.1602	5.3609	5.5266	4.6597	8.953	7.3894	6.5705	7.5894	6.5411
EA_G__S100A14	12.1606	11.7148	9.5587	11.289	11.27	4.4478	12.2259	9.3338	7.1653	5.7788	11.67	10.2776	5.6437	10.4498	10.811	10.6554	11.2622	9.7527	5.038	10.9988	5.5585	11.3198	10.6309	6.945	5.2235	10.7045	5.3671	11.2594	11.6653	10.9996	11.6593	5.6242	5.2591	11.5032	11.9228	5.3263	11.1298	12.1337
EA_G__TBC1D9	7.4411	8.3535	7.1464	7.6125	9.4084	6.2048	8.2922	5.6316	6.1005	6.2244	8.751	9.4283	6.6935	6.4304	6.9985	7.2152	7.8677	6.602	6.7832	7.9176	7.5388	8.4629	10.3338	8.8604	7.3339	8.5367	7.0702	9.0012	8.2913	6.6536	7.897	7.062	7.2625	9.282	7.818	7.18	7.4421	7.915
EA_G__C10orf38	6.2483	5.0201	5.3839	5.3107	5.1599	8.0693	5.1925	7.2034	9.0347	6.0324	4.802	4.8767	7.5243	6.0726	5.855	5.3286	5.238	6.5257	7.1925	5.3892	7.1998	5.5845	5.4859	4.9971	8.3927	5.5611	7.5852	5.2761	4.6143	5.828	5.3883	5.3581	7.9592	5.5203	5.5036	5.4112	5.5978	5.7005
EA_G__TUBB6	6.692	7.2698	7.7018	7.4183	6.4048	9.6368	6.551	9.5051	9.2748	8.7564	6.7473	7.8841	8.7984	9.0863	7.9565	7.0303	6.9209	9.1825	10.3276	8.0512	9.8505	8.3664	7.7207	7.2372	10.3152	6.4923	8.5128	7.6669	6.2429	7.2555	7.6011	9.9093	9.9172	6.749	7.1787	8.0286	8.0785	7.4806
EA_G__GPR81	4.9668	6.0516	3.5022	7.939	8.2233	3.5141	6.9006	2.868	3.5631	3.7151	8.6916	6.629	4.3242	7.1222	5.8908	8.5484	7.3637	3.5687	5.2175	4.6384	2.9743	7.6206	7.1395	6.8412	3.373	8.2863	4.1802	8.6643	7.4676	6.8526	6.064	3.7546	2.7273	7.8144	5.8669	6.462	5.8118	6.9531
EA_G__ZNF512	7.3129	6.7068	6.5863	5.5243	5.8936	8.1995	7.635	5.4786	7.3626	8.0255	6.0017	6.718	3.9479	7.3707	3.597	5.7202	4.7242	7.7137	6.9084	6.3021	7.5193	6.5412	6.2445	8.0595	4.3519	6.7414	8.0706	4.2979	7.1686	6.4379	6.7135	7.693	7.5241	3.7381	3.9734	6.6712	7.1651	5.0229
EA_G__DKK3	5.3981	5.5437	5.662	5.7281	5.4745	8.5109	5.6116	5.7278	6.3657	8.1004	5.4808	5.5502	5.6327	5.5621	5.7794	5.8143	5.638	6.2634	8.5884	5.6952	7.4382	6.0512	5.7428	6.6315	10.7195	5.8877	6.0222	5.2727	5.3942	6.4128	6.08	7.8756	9.2136	5.5876	6.1618	5.9572	6.0086	6.298
EA_G__VIM	5.3344	5.158	5.9012	5.9379	5.5988	10.7977	5.4171	11.3817	8.0182	11.1534	5.2627	5.1136	9.4485	6.772	7.9764	5.239	5.4915	9.8841	10.9289	7.2613	11.442	5.4061	5.6065	7.7675	11.8277	5.75	10.3946	5.2262	5.1511	5.8853	5.6673	11.8249	11.273	5.4748	5.6659	5.91	6.5815	6.071
EA_G__LTBP2	6.4939	5.7345	6.5526	5.8484	5.7214	5.8612	5.9966	7.2573	9.4343	6.9893	5.5716	5.7214	6.0676	6.828	6.5184	5.9301	6.3254	6.36	8.5798	6.1362	8.6763	6.3948	6.1604	6.2484	8.5092	6.593	6.5464	5.7252	5.5235	6.3771	6.142	7.3028	6.306	6.5798	6.3072	6.3083	5.977	6.5612
EA_G__IGF2BP2	5.3274	4.148	7.4447	3.9096	4.2959	8.766	3.9519	7.3402	4.3688	4.3263	4.1485	4.3259	7.0273	8.3885	7.7439	4.1497	4.275	6.2409	6.9871	7.7544	7.1361	5.5721	4.3172	4.4761	7.532	4.382	7.4978	4.1685	4.075	5.017	4.4165	7.5737	7.8986	7.1443	5.9502	4.389	5.6488	4.6377
EA_G__LDHB	5.2705	9.9549	3.3443	6.5869	5.9575	10.2955	3.0453	10.7181	11.0786	9.4898	2.9818	6.978	11.0733	10.7587	2.5138	3.7516	10.4313	10.2146	10.8921	8.2479	10.3377	3.5445	3.0401	2.8244	10.252	10.0613	11.1245	9.6888	9.633	3.417	9.8014	10.5553	10.9831	2.989	10.1744	5.3941	7.9447	3.5765
EA_G__SEPT3	6.9903	5.635	6.6031	6.7384	7.6211	7.1111	8.259	7.2777	8.3934	8.2094	6.1608	7.8876	8.5761	6.2407	6.9621	8.0979	7.1455	7.637	7.8916	8.5005	5.7086	6.6076	6.7981	8.7827	8.0446	6.7842	5.9076	6.2873	7.0206	7.3441	6.1114	5.7419	5.6368	8.9265	5.9289	6.4781	6.64	6.1824
EA_G__EGR1	7.2232	8.7098	8.5662	6.3103	8.1336	7.8221	6.1358	6.6678	6.5339	6.5598	6.3202	6.1111	6.802	7.4299	7.0737	7.3802	6.53	7.0966	8.2822	7.5578	7.8292	7.87	7.7604	7.3577	6.6488	7.4059	8.9551	6.8846	6.5683	6.7538	7.0109	8.5028	6.8387	6.121	6.7924	6.1829	7.0234	8.3936
EA_G__TIMP2	8.0733	8.3458	7.5595	5.3944	8.578	8.7678	6.3471	8.206	6.7557	9.266	6.5326	6.6301	7.4328	7.6423	8.8436	4.6538	6.5074	8.6701	9.1357	7.1354	8.2937	6.9135	6.629	7.6709	9.9272	7.2971	7.5771	5.6731	6.6532	4.7218	8.7064	9.815	8.3924	5.6884	6.477	7.3707	8.4241	6.2914
EA_G__PRNP	8.5325	8.966	9.4338	7.1683	7.8965	10.0008	4.5591	9.9432	9.4469	10.1123	6.5717	6.5746	9.6536	10.7038	10.0801	5.4384	8.4081	9.0153	10.7803	8.4326	9.5619	7.9611	6.9297	6.4105	9.4125	8.7312	9.6684	7.846	5.9126	6.856	9.276	9.3299	9.619	7.018	8.8016	7.8626	8.2148	7.003
EA_G__MYO5C	8.7021	7.8463	7.275	7.9832	7.3393	4.007	8.6099	7.3812	6.793	3.7876	8.5988	8.705	3.62	7.8221	6.9236	7.8323	7.7686	7.586	4.5314	8.1173	4.1085	9.2621	8.7398	7.5274	3.747	7.8407	7.0582	7.7598	8.3844	7.2253	7.5109	3.8417	3.955	7.9313	8.2857	8.322	7.6815	8.7005
EA_G__LOXL1	8.8376	7.4349	7.7394	7.7773	7.7061	9.0295	7.7618	7.752	10.6471	8.9133	7.4156	7.31	8.0085	7.4587	7.4168	7.5779	7.5758	7.4601	8.8739	7.7037	9.9236	7.5935	7.9409	8.9285	9.9529	7.5511	8.058	8.253	8.0283	8.322	7.6632	9.634	8.9559	8.8333	8.7906	7.5289	7.9717	10.1314
EA_G__LRP1	7.3455	5.8054	6.5213	5.7512	6.6153	7.2126	5.7528	6.4076	8.0052	8.9511	5.5205	5.6759	7.0528	6.513	5.8578	5.8021	5.5253	6.5772	8.0746	5.9964	8.4479	6.5123	6.3447	7.2488	7.5366	6.4919	5.8946	5.9961	6.6637	6.8374	5.9299	8.0212	6.5519	5.6962	6.8541	6.1843	6.9752	6.5493
EA_G__ASAM	4.8114	5.6733	5.5677	4.7681	5.4879	6.7381	4.9316	4.7475	5.066	9.2454	4.715	5.2325	6.9802	8.5412	5.1787	5.0131	5.2943	5.2275	8.3252	5.3162	10.0925	5.1602	5.1685	4.815	7.6896	7.4335	6.0968	4.823	5.0188	5.7042	5.5786	8.0168	10.0129	5.001	5.3421	5.526	6.6321	5.5464
EA_G__ANPEP	6.8343	5.9528	5.3783	5.4461	5.4878	11.5006	5.3386	5.215	7.8921	6.1665	5.1413	5.3679	5.2457	9.4036	5.5622	5.7574	5.5417	5.4591	8.0727	6.9193	9.248	5.723	5.6553	5.3523	9.2404	5.4979	5.2504	5.238	5.586	5.9814	6.0553	12.6822	11.0415	5.504	5.5284	5.6926	6.1733	5.851
EA_G__KIRREL	7.5887	5.9225	6.9042	5.6081	5.7258	10.3544	5.5244	9.7389	9.3978	9.7405	5.3224	5.3906	10.1946	9.2642	8.6382	5.5212	5.5174	9.3051	9.8443	7.0456	9.2853	5.8194	5.7806	5.2632	10.0757	6.4854	8.5703	5.2519	5.8751	6.4035	5.6421	10.2171	9.3106	5.6723	5.7361	6.8062	6.3514	6.1705
EA_G__UGDH	7.0525	7.5249	7.607	8.0492	8.1962	7.6362	7.231	5.8479	6.3252	9.9588	10.8151	5.445	7.3664	6.9732	8.2994	7.9638	8.1909	7.2931	7.6884	6.3928	9.0144	8.8524	8.0119	8.505	8.1834	8.2551	7.7175	7.7366	8.3347	6.4367	6.9406	8.1264	7.9125	9.7694	9.1289	6.3762	9.0015	10.5797
EA_G__LOC349196	8.0785	5.8941	7.1981	6.0111	6.4224	5.6908	6.2716	6.8299	7.6618	6.563	6.8093	6.4141	6.9354	6.0345	6.728	5.7727	6.0867	5.8519	8.2137	5.7968	5.9554	7.1532	6.387	7.7093	6.5907	9.0873	6.6802	6.4903	6.2809	6.5531	6.1947	8.5725	5.9493	6.1833	7.1536	6.0121	8.2888	6.642
EA_G__CHST11	5.5933	8.479	7.6473	6.3925	5.3695	5.6775	4.7302	6.1573	7.3959	7.1552	5.6205	5.3228	8.1747	8.4095	7.4488	6.8241	8.8412	7.4478	6.4102	5.7773	5.0518	6.2274	5.954	5.2161	7.4221	7.3829	7.2048	8.3594	5.2322	7.6196	8.0307	9.1393	7.0447	7.6509	5.4991	7.2041	5.7816	6.4209
EA_G__PRKCDBP	4.8323	4.9869	6.6066	4.8024	4.8467	7.0079	4.9027	9.1517	5.7634	8.3214	4.4053	4.6242	7.4982	8.1819	4.8293	5.3299	5.4113	6.7699	7.3649	6.0356	8.2985	5.6818	5.3427	4.9622	7.9633	5.8675	8.1638	4.8741	6.2092	5.7995	5.1549	8.6926	8.5386	4.9303	4.9373	5.379	5.3021	5.7586
