Cell lines	600MPE	AU565	BT20	BT474	BT549	CAMA1	HCC1143	HCC1187	HCC1428	HCC1569	HCC1806	HCC1937	HCC1954	HCC2185	HCC3153	HCC38	HCC70	HS578T	LY2	MCF7	MDAMB134VI	MDAMB157	MDAMB175VII	MDAMB231	MDAMB361	MDAMB415	MDAMB453	SKBR3	SUM1315MO2	SUM149PT	SUM159PT	SUM185PE	SUM52PE	T47D	UACC812	ZR751	ZR75B
Response	1	1	-1	-1	-1	-1	1	1	-1	1	1	-1	-1	-1	-1	1	-1	1	1	1	1	1	-1	-1	-1	1	1	-1	-1	1	1	-1	1	-1	-1	-1	1
U133A__CLTA	8.5441	9.0829	9.4492	8.6889	10.0873	9.5486	9.3638	9.2209	9.4214	9.6276	9.3187	9.6784	9.5067	12.2679	9.8756	8.4701	10.062	9.7442	9.0902	9.1292	9.8156	10.0738	9.7081	10.2228	10.4124	9.1562	9.658	9.2826	9.7985	8.6576	9.6315	10.4003	8.7302	9.1874	8.7619	9.8217	9.2826
U133A__FKBP11	7.9289	6.4379	5.5652	6.3087	6.2289	6.1656	6.6499	7.5506	5.6176	7.9529	9.0723	7.8138	5.4419	5.5132	5.3126	7.9303	6.8288	8.0248	6.7806	7.6343	6.1916	6.2166	7.3477	5.901	7.3897	7.3281	6.3326	6.706	8.2381	7.5382	9.006	6.0829	6.5844	6.1287	7.3544	7.7315	6.2447
U133A__CRELD2	8.5277	9.2368	8.0881	8.6445	8.6688	8.9179	9.0821	8.7685	8.0203	9.7665	10.7859	8.0359	7.6169	8.3111	8.9344	9.212	9.3579	8.7961	8.8584	8.2566	8.6466	8.3516	9.0627	8.2227	8.2875	10.3251	9.1468	9.006	8.3906	8.2549	8.9392	8.4949	8.646	8.3876	9.3633	8.1463	9.545
U133A__LOXL1	7.6117	4.1966	5.1158	4.3121	8.338	5.7862	4.933	8.9195	5.1848	5.3431	3.9845	4.0034	4.3856	4.1953	4.8002	6.8359	4.9628	9.1502	5.6646	8.9368	6.588	8.3756	3.6902	5.6773	6.3196	7.3211	4.5602	4.2818	9.7542	8.8104	6.6159	5.6259	8.3171	4.6056	5.1326	5.3135	5.2119
U133A__ATP2C2	6.3307	6.2095	5.2594	6.78	4.7505	6.4084	5.4049	4.9367	6.2669	4.6402	5.5946	6.105	5.0725	6.7137	6.1365	4.8823	5.9041	4.6599	6.1516	5.6878	5.0964	4.7406	6.6441	4.5629	6.3763	7.4543	5.9877	6.6966	5.0115	5.5817	4.528	7.6748	6.0596	5.6751	6.1125	7.0079	5.4811
U133A__MLLT11	6.2166	5.4252	5.4761	5.4696	9.2362	5.5842	5.7505	6.2622	6.0969	5.7778	9.3885	5.6596	5.1106	5.3868	5.5513	9.7364	5.8626	8.5124	5.5678	5.6979	8.2225	8.9305	5.5103	5.6819	8.5691	7.7028	7.9421	5.7603	7.4782	7.9219	7.7591	5.4643	5.7609	6.4866	6.123	5.5322	5.3209
U133A__SGCB	5.8037	4.345	4.4165	4.5248	7.8458	4.0945	5.9386	7.1406	5.1858	7.0696	6.3675	4.4416	5.602	3.9234	7.0299	6.7798	4.7882	7.8291	5.4336	5.8159	8.2976	8.6534	5.0713	7.4406	4.5614	4.3851	4.0615	4.7536	6.9454	6.2714	7.184	4.3896	5.3401	5.106	5.3055	4.3728	5.1227
U133A__CYBA	7.5824	8.4801	6.1991	8.2641	5.9814	9.258	6.4165	8.8793	7.1529	9.324	9.0523	10.2521	6.2915	9.1399	6.2252	9.4901	5.747	6.4921	9.1755	10.2423	8.7674	8.5241	9.1094	8.7282	6.2271	7.4685	9.3142	7.853	6.143	10.2727	7.7619	6.4983	6.4006	6.3661	8.2007	9.3755	9.5046
U133A__CSRP2	4.6788	4.979	4.1554	5.0201	7.7089	4.3732	5.1256	8.5335	4.1902	5.8713	8.9537	4.8602	4.5477	5.8602	6.7445	6.1986	3.8214	6.0008	4.9673	4.4735	5.2102	6.9489	4.3389	7.2707	5.5783	4.5925	4.4372	4.4089	6.4662	6.4077	5.9498	4.0688	4.6758	4.0357	4.863	4.0661	5.474
U133A__MBNL2	5.4423	7.1301	8.2242	6.9266	7.5204	6.3889	7.0872	6.6647	6.2769	7.2559	6.1725	8.5786	7.1597	7.9226	7.5396	6.4642	8.1549	6.4804	6.1638	6.2054	4.1661	6.866	6.0078	6.1347	6.8225	6.7261	5.267	6.5825	5.3103	5.603	6.3923	8.6513	5.6113	6.2038	6.5181	6.0766	4.5447
U133A__HERPUD1	7.8504	9.9706	8.0754	10.0646	8.6585	9.142	7.0075	7.9117	8.656	7.5817	9.2323	9.0643	6.9124	8.1682	8.0528	9.5369	8.9705	7.9078	6.5098	7.4347	8.0214	8.0284	8.3141	8.3246	9.9331	9.6455	8.3991	10.3633	9.0879	7.3524	8.4577	10.0106	10.7658	8.1685	9.0364	10.0959	7.8382
U133A__CD164	8.8299	7.4328	7.8665	9.2592	6.725	7.417	6.2788	6.6028	7.1499	7.0635	7.0555	8.4732	7.2985	8.7913	7.3645	5.813	8.0951	6.2029	6.6221	7.6965	7.5817	6.8808	8.2318	6.227	8.7748	8.5415	7.5779	7.1225	6.9702	6.1841	7.3245	9.5526	9.2897	7.6503	8.2668	9.5015	7.5031
U133A__IGFBP5	11.2847	8.6852	11.5084	11.7481	6.1922	12.1021	6.8264	6.4959	9.6121	5.288	4.8427	9.2046	5.4966	11.1816	7.78	9.9612	5.5974	5.609	5.3545	8.3505	5.423	4.852	10.1337	5.0172	10.895	11.2849	11.5891	8.5214	5.4366	4.9226	4.9351	6.1866	8.988	10.8465	11.82	8.0394	6.0761
U133A__PPP1R3C	5.3507	5.3831	5.4618	6.9823	7.049	7.3675	5.4099	5.1707	6.4353	5.3367	5.5783	6.4418	5.2825	5.6056	5.5377	6.2115	6.2363	5.8868	6.9161	7.2075	5.7518	6.3184	8.2775	6.2228	6.6878	8.1684	5.5832	5.8696	5.6742	5.4275	5.9204	6.3529	5.4165	5.5653	8.3111	6.3951	5.2313
U133A__EIF2S3	6.3171	6.1488	6.323	6.434	8.3513	6.7127	6.2297	6.0425	7.2102	7.0259	5.7992	6.53	8.2659	5.7805	8.1589	5.5754	6.8525	6.8843	4.8921	5.6091	6.3863	7.1686	6.7465	6.0282	6.882	5.9506	6.6388	6.2181	6.6393	6.6974	7.4484	7.9685	7.6833	6.4436	7.547	7.5603	6.9873
U133A__FADS1	5.3104	4.4739	5.6559	8.0702	9.0096	5.3236	6.1392	7.5248	5.3496	7.8723	8.1328	5.7481	4.6693	5.6732	4.5489	8.1703	7.1886	7.1482	7.4537	7.4987	6.9271	7.0149	6.0625	7.8986	5.6721	7.4793	5.9334	4.5959	7.3449	8.8393	7.1644	7.0115	4.7401	5.7566	6.9044	4.3667	7.3382
U133A__RARRES1	3.8994	3.9165	5.6757	5.0216	4.0492	6.0037	5.7348	7.3442	3.9305	6.7637	3.5562	11.4641	10.2571	10.121	9.7524	9.0356	11.2702	3.9403	3.9169	3.788	3.8084	4.0365	8.6432	4.0386	4.0105	6.6888	4.6732	4.3522	3.9816	9.533	4.32	4.108	3.7814	4.0176	9.1176	4.1339	3.9863
U133A__ARHGDIB	8.5293	8.1199	5.8842	6.4501	4.7304	4.7976	5.607	6.4063	8.0311	5.4551	9.4922	9.2045	7.5589	10.3184	8.841	4.8659	9.2277	6.0753	4.7729	5.4535	5.0219	5.5393	10.2407	10.0378	9.1753	10.118	6.7721	8.9124	5.2272	8.2832	6.2232	9.5105	7.7081	6.377	9.6437	8.9659	6.9107
U133A__DAAM1	5.7712	6.9394	6.7256	7.4256	5.7426	6.5441	5.5412	5.8286	7.3134	4.3108	6.1768	6.3515	5.6336	9.0542	6.947	5.6935	6.8334	4.2798	6.7682	7.0736	7.5356	5.712	6.5563	4.2843	6.6937	6.402	7.1325	6.6966	5.278	5.2773	4.3674	7.2789	5.4127	6.6933	7.2805	7.2217	7.1886
U133A__DNM1	5.6161	5.646	5.4321	5.8578	6.6942	5.6352	6.4943	8.8086	5.9955	6.2088	7.913	6.0178	5.36	6.3878	5.7923	8.6169	8.4682	5.7741	5.5244	7.1578	6.3168	7.6517	5.6249	5.6326	6.4587	6.9409	5.6904	5.7951	5.5233	6.324	5.5619	5.3328	5.5189	5.5842	5.462	5.8005	8.0049
U133A__MSN	3.841	4.5404	7.0857	3.5172	8.5121	3.3393	9.342	8.9229	4.7864	8.964	8.5521	7.2232	8.4309	3.4629	7.7602	8.5216	9.8294	8.6483	3.9182	3.857	4.7157	8.0642	3.6968	8.6962	3.3597	4.1423	3.5368	3.4264	8.8511	9.046	8.7758	3.5774	3.4357	3.3212	3.8634	3.5565	6.796
U133A__KRT19	11.6554	11.9776	10.9191	11.935	3.995	11.6489	10.8671	10.3292	12.2228	3.8177	10.8381	4.5913	4.6342	12.4618	11.0216	10.3341	11.7799	3.831	10.65	11.6347	12.2467	4.0939	12.0447	7.2772	11.6624	11.784	10.9377	12.0028	3.9802	10.1275	3.2941	11.8623	11.4468	12.1604	12.1037	11.9516	11.561
U133A__GSTM1	10.6942	7.4512	7.2066	6.8005	6.3317	8.4332	6.293	6.6235	6.6232	6.6501	6.9337	6.508	6.082	6.2574	6.4025	7.346	7.1952	7.965	6.6059	6.5949	10.791	6.5556	6.4724	6.8404	6.4642	10.6691	6.9149	7.0285	6.7804	6.5098	6.5735	6.0815	7.4674	7.353	5.9339	6.3352	6.356
U133A__MB	7.4236	8.8244	7.795	8.3925	6.4009	7.7355	8.32	6.2043	7.2	6.8466	6.6614	7.0329	7.5746	9.3254	8.8972	6.5353	7.1009	6.1489	7.3687	7.2662	6.8012	5.9791	8.9188	5.6782	8.6018	8.4996	7.5244	9.1745	6.167	6.6543	6.5481	7.8482	7.9644	7.1885	8.5176	9.4389	8.2806
U133A__DUSP1	6.4053	7.7114	7.1752	8.9782	6.1533	7.4269	5.3717	5.2704	6.595	6.1984	6.4507	7.5507	5.8845	7.3325	7.7346	6.8596	5.6034	7.7844	6.4474	7.2639	7.0795	6.6723	6.1124	8.7086	8.8691	5.7835	6.1885	9.4192	8.3556	6.6147	9.4805	9.4117	8.4658	7.5289	7.3543	7.386	6.2795
U133A__RPS21	6.1004	7.5034	7.4561	6.0557	7.3912	7.8234	7.6523	6.791	7.8928	7.0698	8.2275	7.7594	6.7717	5.4152	7.0551	5.8405	6.8159	8.0306	9.0185	8.5384	7.8557	9.2664	6.3263	7.6396	6.6861	6.9282	8.0313	8.0577	7.49	9.3633	7.7215	7.5797	9.0903	7.8262	6.975	6.4278	7.2525
U133A__SERPINB5	5.4621	4.1249	4.5324	4.1814	4.475	4.0277	9.2067	4.8744	4.5562	7.8717	9.1435	8.3092	8.1107	4.0432	8.489	5.5129	7.3868	4.1973	4.7555	4.4754	5.451	4.3037	4.3547	4.0584	6.3604	6.9888	4.2257	4.2462	4.103	8.5359	6.4318	4.3845	4.8088	4.3172	4.1317	4.4617	4.6225
U133A__CLNS1A	9.4608	8.6558	8.2594	6.9005	8.8302	6.9955	7.7269	8.5912	8.5311	9.0546	9.5556	8.4244	8.5211	8.0984	9.0511	8.2463	8.0085	8.011	8.7419	8.7794	11.0338	8.2217	9.6021	8.4882	7.6112	7.6521	8.5151	8.1378	8.3304	9.2318	9.4287	8.085	10.4912	8.8496	8.6699	7.8664	8.2449
U133A__ASAH1	6.782	7.6309	6.5642	6.3725	6.263	7.5971	6.3153	6.9968	5.0105	5.7667	4.9323	6.2513	6.0697	8.3842	5.5519	5.7256	5.6042	5.8445	5.7707	5.2513	5.7445	5.9329	8.181	5.5178	6.9474	6.1367	6.0655	7.0733	5.3256	5.8795	4.5582	8.1595	6.4194	6.6742	7.7847	7.9367	7.1685
U133A__DPYSL2	6.5499	4.3957	6.3934	5.6905	9.755	6.403	8.6685	6.876	6.4028	8.1874	7.4548	6.1458	4.9671	5.8342	7.3601	7.5697	6.8732	9.3498	4.9229	6.4398	8.4362	7.9753	6.9726	7.9353	6.4448	4.2048	6.5866	3.6449	9.0406	8.4346	8.7608	6.6997	7.204	5.519	7.3291	4.2719	7.339
U133A__CD24	9.747	9.5437	8.9504	8.7744	3.5199	8.2221	9.2422	7.2274	6.6408	6.3939	6.8512	9.9667	9.5275	11.2971	10.3802	7.1	8.5836	3.7671	5.9387	8.2443	9.1643	4.448	8.7916	2.7171	9.446	9.4698	8.2285	9.1722	2.6672	7.1838	3.0234	10.3803	8.0689	7.9118	9.5413	9.566	7.3369
U133A__CPD	8.2101	8.1216	5.649	7.6179	6.7762	5.6894	6.4387	5.4846	5.716	5.8418	6.9123	6.7767	7.1457	6.9298	6.9384	7.8036	6.9833	6.223	5.6333	5.8221	7.2464	6.1744	7.3296	6.9398	9.0281	6.4524	6.7077	7.2602	6.3593	5.2009	6.5355	8.9923	7.2562	7.5889	9.3538	8.3809	7.1765
U133A__PRSS8	8.8288	8.984	7.5482	8.4017	5.5972	7.5995	7.1231	8.7157	7.8521	7.897	6.8913	7.7276	7.1033	9.0244	7.8961	6.167	9.0988	5.8126	6.6594	7.696	7.6602	5.2863	8.842	5.6892	8.4368	7.7911	7.8115	8.3283	5.4722	7.4115	4.5504	10.1071	6.0866	7.2982	9.366	8.0536	7.1875
U133A__KMO	5.7671	7.6837	5.6079	6.0018	5.4186	4.9161	5.6305	4.6965	5.4732	5.4523	4.9175	5.0193	5.6756	7.1436	7.2444	5.8379	4.714	5.3228	4.7488	4.7064	4.5188	5.1243	7.3547	4.6571	7.0098	5.6323	8.8071	6.233	5.1258	5.2933	4.7453	5.5913	4.6167	6.1682	5.529	6.2072	4.8873
U133A__MYLIP	6.25	6.9508	6.3273	6.7777	4.7525	7.3267	5.5464	6.9503	7.7358	6.2283	5.9586	6.7797	5.847	6.6923	6.4724	6.1119	5.8868	5.7605	6.2882	6.4799	5.9671	5.0222	7.521	5.9602	6.7489	6.3817	6.16	6.2006	5.2242	6.0862	5.3436	6.8308	5.6126	6.095	5.7256	7.4054	5.7174
U133A__TGFB1	5.9513	4.8708	6.8974	5.4725	7.6091	5.426	7.5996	5.0132	6.1979	6.213	7.3059	5.6044	5.7321	5.1609	5.4784	8.1482	6.8518	9.5736	6.1038	7.11	6.7	9.5702	4.9982	7.0412	7.021	5.5408	5.1952	5.4666	7.4693	8.4618	8.5279	4.7022	5.0334	5.4006	5.4102	5.4893	7.0574
U133A__ANKRD57	5.9697	4.6663	6.3858	6.1402	5.939	7.7336	6.0224	5.2587	6.8299	5.4594	6.5732	6.5182	6.5702	5.1079	5.4951	5.5572	6.0201	5.2873	5.7804	5.1389	7.8938	5.3602	5.5994	6.4687	6.098	4.9998	6.1175	5.572	5.31	6.1903	6.4324	7.6739	6.4395	5.5621	7.0825	5.7018	5.2503
U133A__SLC16A1	5.5794	5.7645	8.3004	6.0565	7.9693	6.5954	7.3152	6.2764	5.9809	7.3342	8.5427	8.3794	8.0237	5.2666	7.0439	8.327	8.4403	7.6278	6.1698	6.5289	6.4164	7.8131	4.8744	5.4479	5.6483	8.4516	5.5286	5.5178	8.0539	8.2358	8.9896	5.3126	6.7675	5.835	6.0467	4.937	7.0823
U133A__NR3C1	5.0765	6.954	7.0652	5.1788	8.9925	6.6683	6.9561	9.1735	6.103	6.7952	7.9111	7.5877	6.4	5.6099	4.8193	7.9143	7.896	7.9943	6.4699	6.8241	5.5863	8.052	4.8591	8.189	5.6192	5.6545	7.9997	5.85	7.6812	6.8754	7.9483	5.625	6.4618	4.868	6.6686	6.906	6.4361
U133A__SLC27A3	7.2835	6.8031	4.7907	7.2837	4.9482	8.9034	7.3823	7.2365	4.9793	6.363	5.5198	5.3032	6.0769	6.66	6.0547	6.0294	6.3945	5.64	7.0647	7.0305	6.369	6.1087	6.5284	5.2056	6.0497	6.5406	7.6815	6.8684	5.6795	6.2293	5.1971	5.7902	5.4264	5.9204	5.941	5.332	7.1086
U133A__S100A9	7.9647	11.9201	10.3006	5.7847	5.4442	5.8403	6.0309	6.2418	6.3714	8.7074	8.3063	10.7464	12.1734	12.1265	10.5052	5.607	8.7234	5.5487	4.8491	5.2184	5.2175	5.4068	11.3006	5.0361	5.7072	5.0373	5.4591	10.8214	5.383	7.9261	5.5795	6.5783	7.8847	5.9403	11.6483	5.5256	6.655
U133A__ELF3	7.5457	9.7151	8.1411	8.6588	4.5443	6.8332	8.8709	8.6235	7.3098	7.955	6.3115	8.395	8.3632	9.5127	8.8539	7.0033	8.8438	5.3407	7.0076	8.1508	5.7695	5.0759	8.4196	5.1225	7.6662	7.8192	7.1622	8.9949	5.89	6.1304	4.9205	8.3142	7.5694	7.2921	8.2882	9.5173	7.633
U133A__SIK1	5.5407	6.6616	6.0677	4.9096	6.6913	5.4221	7.7282	8.163	5.4636	5.4409	6.6593	5.7017	6.0411	5.3807	7.5037	6.582	5.9786	5.4702	6.3386	6.4975	5.7459	5.7844	5.5274	5.4881	5.517	5.6329	4.9697	5.7079	6.6356	7.7926	6.1986	5.6693	6.413	5.5653	6.0509	5.3543	5.5297
U133A__ALDH4A1	6.0591	7.4246	6.5647	8.3471	6.082	7.9374	5.962	6.3012	7.4468	6.466	6.4855	7.1706	5.8314	7.2935	6.2652	5.8633	7.3004	6.2349	6.5478	7.738	7.2079	6.0012	7.847	5.8512	7.521	6.2685	9.9506	7.4964	5.9475	6.3586	5.7202	7.4961	6.5002	7.6683	7.696	7.7586	7.7793
U133A__SOD2	5.5088	6.9736	6.9797	4.881	7.7208	5.6061	6.6548	7.6545	5.7471	8.3722	7.9873	6.5132	7.3532	5.9588	7.7653	6.3289	7.5586	6.3059	5.2549	6.0585	6.0706	8.5843	5.3729	5.5954	5.823	6.3231	5.1422	6.0321	7.3062	8.7586	9.3681	4.9814	6.5449	5.6744	6.295	4.8445	6.1557
U133A__XIST	7.4954	9.2012	4.4356	3.8785	3.9121	4.3337	4.6098	8.5036	7.7232	4.3864	3.9876	4.0078	3.9	4.7839	7.027	8.1843	7.4679	4.8628	4.5531	7.1401	7.2642	7.8189	6.8515	4.3492	4.1485	7.8787	6.4632	7.1041	4.9547	3.8857	6.9101	4.1381	7.8729	4.508	8.1491	7.1912	4.174
U133A__RAB31	6.2413	8.0673	8.3752	5.1431	8.3412	5.7159	8.1732	6.3882	5.2803	6.3372	7.6547	6.0256	7.7825	5.7421	7.6507	9.5565	6.5396	8.4846	8.4498	8.1669	5.4419	9.649	4.7638	8.3981	8.3539	8.6618	5.3344	8.156	9.8536	8.2197	8.2362	5.2265	5.4669	6.4993	7.2702	5.4727	8.7646
U133A__IGFBP6	5.6731	5.3829	5.4442	5.5177	5.8921	6.136	6.4634	6.072	5.3744	6.0119	8.7753	8.4806	5.5659	5.5465	5.6679	9.4268	6.2516	8.8554	6.6417	6.2663	5.9126	7.9486	6.1228	6.8116	5.5454	5.6252	5.7893	6.0209	5.8285	8.1014	8.1687	5.7392	5.5176	6.0702	5.4302	5.9415	5.281
U133A__KIAA0182	8.7175	8.7547	8.2326	9.4399	5.5927	8.9031	7.0695	8.2032	9.5198	6.5335	7.1268	7.6521	7.6461	8.5395	7.194	7.6429	7.7941	6.6802	9.3437	9.2681	7.1592	5.5687	8.3507	6.8539	9.4821	8.1927	8.8215	8.4014	6.3604	6.768	6.9346	9.4211	8.2608	10.1651	8.3246	9.5845	8.7069
U133A__CLDN4	7.8095	7.8886	6.8892	7.4307	4.3947	6.203	7.5458	8.2974	7.4553	7.4055	6.5293	7.7536	7.9433	7.7545	7.8168	6.8585	7.604	4.6864	7.6706	6.9713	6.7166	4.3184	9.4105	4.2514	7.1352	7.4668	6.7302	8.1243	4.5668	6.7523	3.8645	9.26	6.2457	8.066	7.7975	7.5057	6.617
U133A__ABCC5	6.6226	8.0779	7.8607	7.1449	6.8408	8.5504	7.4246	7.1746	9.5645	7.9864	8.1341	7.9396	7.1158	9.4831	7.1401	7.208	8.2613	7.2144	8.3302	7.7177	6.6558	7.0907	7.519	6.9575	8.0859	7.7665	8.0521	8.6714	6.9314	6.6645	6.9156	10.0979	7.4944	8.5541	8.0903	7.0478	7.2983
U133A__FARP1	7.4771	6.1313	6.2527	8.1138	6.541	6.6631	8.6433	7.6265	8.0007	6.585	5.8878	7.8769	5.4775	7.2328	7.2984	7.3103	7.3406	5.9912	5.3448	5.8391	6.5233	6.071	8.236	5.4881	8.0231	7.4909	5.6239	5.9676	5.0966	5.858	4.6886	8.1285	5.8389	6.1601	7.5092	6.6622	6.7694
U133A__PKP1	5.6185	5.4542	5.1491	5.8326	5.2848	5.2597	7.7467	9.3023	5.4739	6.978	8.1395	7.7906	5.5253	5.9841	5.1287	5.9929	8.6629	5.834	6.2676	5.9481	5.434	5.5739	5.8193	5.0695	5.8165	8.6627	5.6349	5.8531	5.6921	7.6646	5.5444	7.8001	5.5104	5.5428	5.1191	5.8114	5.4465
U133A__ARL4C	5.0372	5.4113	7.4864	6.7865	8.6102	5.4432	8.2727	5.3763	5.1972	5.7854	6.2923	6.6579	6.6568	7.1242	6.4012	8.4927	7.7619	8.1936	5.7452	4.8309	5.8689	8.3712	5.9178	7.2348	6.0425	4.1099	4.347	5.107	9.1009	6.2938	4.6692	5.4439	5.766	4.7769	6.1884	6.1871	5.0522
U133A__PRKACB	5.7668	7.3425	6.974	7.9085	7.128	5.6635	7.0985	7.116	6.5155	6.3986	6.8435	7.7829	7.5556	7.4713	6.6439	7.7662	9.3369	7.1608	5.2971	6.3838	5.8828	7.191	6.1262	8.461	8.0549	5.4461	7.2026	6.4	7.3061	5.9619	6.8006	6.4627	7.2857	6.1098	7.754	6.9566	6.3993
U133A__H2BFS	7.6939	8.14	9.1665	9.0151	7.5511	10.0856	7.4697	7.0381	9.6266	8.3781	8.1802	10.1758	8.4017	11.3662	8.0953	10.2003	8.323	7.2868	9.2405	9.6227	8.6025	9.2039	8.9019	7.7851	10.0234	10.8112	9.3547	8.8394	9.4932	8.0654	6.9914	9.1738	8.557	9.8876	7.6589	8.7904	7.7033
U133A__CDC42	9.1902	7.7859	8.6319	7.387	8.2784	8.4174	7.3727	6.9527	10.4798	7.8221	8.6507	7.6629	8.2869	7.2827	7.6551	7.989	7.7281	8.7232	10.5883	8.6816	8.9952	8.8079	7.4084	8.292	7.8962	8.422	10.2628	7.9201	8.5298	8.7895	9.9012	9.5279	10.5517	7.5621	9.5678	7.3545	7.5374
U133A__HTRA1	6.7003	6.2736	6.3885	6.5619	6.4306	5.9744	6.5707	6.7075	5.904	6.5307	7.7992	8.3177	6.4915	6.4236	6.16	6.9112	5.9653	8.1098	7.5058	6.8794	6.3703	9.3958	6.821	6.888	8.4262	6.0692	6.4565	6.2344	11.4172	9.6218	7.5158	6.3811	8.5513	6.7275	7.4804	6.294	6.4095
U133A__GRB7	8.3996	10.2608	7.1275	10.6507	6.3286	7.053	8.3948	6.9301	7.1531	9.4888	6.7622	7.2019	11.2984	7.5151	8.0687	6.7119	7.5479	6.7995	6.1629	7.5126	6.6554	6.355	7.4331	6.1061	8.6563	6.8747	7.812	9.662	6.2945	6.9855	6.7471	7.4331	7.0393	7.1024	10.4791	7.1442	6.9964
U133A__ISG15	6.2029	6.9837	6.7058	5.5449	7.848	6.5951	8.99	11.005	7.8349	9.826	8.9883	10.2185	9.9476	6.4512	6.7595	8.9387	11.0436	7.8412	7.1602	10.1019	6.9091	10.7759	6.9745	9.7251	7.1162	7.5725	8.311	5.8968	8.9234	8.5587	7.5265	6.4722	6.2122	6.5785	6.7421	5.7411	6.0034
U133A__ZHX2	6.6374	9.2638	6.7542	7.8713	4.9952	6.5017	6.0232	7.4021	7.1239	5.0842	5.9716	7.2131	6.5772	8.4563	6.9501	6.0953	8.0637	5.4724	6.7913	7.4885	6.2762	4.9739	7.7711	6.05	7.6426	6.7416	7.0132	6.648	6.059	6.029	4.8623	6.4096	6.0315	5.7254	6.6176	7.2085	7.0087
U133A__TWF1	5.5084	4.4222	5.9488	6.6463	5.5635	6.9623	5.9922	4.6291	6.6905	5.6328	6.1548	6.9483	8.4203	7.0744	6.4329	5.2535	6.2329	5.6756	6.0343	7.2103	5.6348	5.244	5.2969	5.6623	5.5977	5.005	5.403	5.5177	6.2422	6.9222	7.1039	5.8716	6.9819	6.8472	6.2073	7.887	6.4851
U133A__KANK1	5.1845	6.3431	4.3153	4.4629	6.3967	4.9071	7.1835	6.6344	4.4494	7.8058	6.3191	6.8472	5.5078	4.5401	6.1554	7.7999	8.4046	6.2557	5.5361	5.3198	4.7946	4.5636	5.0467	5.6924	4.7356	4.2955	5.7617	5.8712	5.7353	5.6835	7.4	5.007	6.1543	5.6976	6.0245	5.7133	6.2831
U133A__ZSCAN18	5.152	4.7958	6.4517	7.0714	6.8552	6.1901	7.7	8.3551	7.226	5.2372	6.2193	8.0343	5.3119	7.659	6.4413	9.1674	7.3018	5.1171	4.7969	5.7154	8.7884	6.0862	6.6889	4.8412	6.9565	5.2439	4.7623	5.4213	7.5037	5.87	4.1685	4.6237	5.3803	7.7059	6.9884	5.729	5.1795
U133A__PLBD1	5.7748	5.8209	8.2086	6.4016	9.6028	6.1258	6.4536	6.2081	8.458	6.9179	9.3657	9.8827	5.8011	7.8974	8.9343	7.8913	8.582	5.7965	6.4143	6.7902	5.583	7.3745	6.331	6.3713	6.3844	10.2417	5.9946	6.8279	6.8435	6.2724	5.4299	5.8549	7.0457	6.3584	8.2876	6.5022	5.8222
U133A__SIDT2	5.8856	8.986	6.2933	7.3246	6.6145	6.7782	5.727	7.0085	7.2121	6.4307	6.7302	6.8686	5.6188	8.9948	6.3065	6.9148	6.7901	5.7854	7.1027	6.6763	6.7265	7.3668	6.6904	6.4539	7.618	6.7863	7.0954	7.2985	7.8062	5.4073	6.5306	8.0395	6.6182	7.7683	8.1148	7.4488	7.262
U133A__IFI27	4.6386	5.1543	4.4595	4.6777	4.687	4.5519	4.9288	11.1042	4.871	6.238	7.2516	11.349	11.3436	4.4035	5.9256	4.4385	10.9936	4.7467	4.7579	8.9666	4.6875	7.4637	4.8506	4.661	4.404	4.8339	4.6337	4.5304	4.6953	8.0022	6.5604	4.5079	4.5195	4.8154	4.3101	4.3879	4.4577
U133A__ME1	8.3567	7.7974	8.193	5.9976	6.2304	3.5126	5.2956	7.5277	6.3978	6.0968	8.6735	7.608	7.8782	6.6291	7.442	6.9336	7.1357	6.5106	5.9111	6.5939	4.2005	8.2989	4.2227	6.5132	6.5847	8.4861	3.7088	6.4531	6.6978	6.6297	7.1395	3.7365	8.4449	3.91	5.382	6.4445	7.0946
U133A__PHYH	6.4054	3.9401	5.8836	5.7494	6.3413	6.5331	7.3084	5.9319	6.3361	7.0474	5.2042	7.1477	6.3933	6.5928	7.047	7.8093	8.045	5.0085	5.1134	5.7047	6.6815	8.348	7.1058	5.4477	6.3779	5.1559	4.5231	4.0698	8.1582	5.766	6.2158	7.1574	5.654	7.3429	7.4979	6.3222	6.6848
U133A__CLIC3	4.5666	8.3548	7.3076	6.491	3.6425	6.6116	6.5625	4.1162	9.4396	3.2494	4.1193	7.3005	3.2852	7.8558	3.5136	3.8325	4.8032	3.4001	4.7747	7.6637	4.0788	3.6152	7.5984	3.714	6.3844	4.7366	7.8342	6.9665	3.6517	3.9377	4.0323	7.4723	4.2879	9.4402	9.412	5.9785	6.9891
U133A__THBS1	5.5343	5.001	7.0833	2.6537	9.244	5.7668	8.4849	4.4151	3.3894	3.7441	6.7656	3.75	7.6908	2.6702	7.1499	5.1664	3.2742	8.3906	4.5841	5.9715	6.4773	5.6089	6.0028	6.6098	3.9623	5.9902	7.2005	4.0472	2.661	9.1396	8.1503	4.1347	6.1984	6.842	4.6027	2.8948	2.6965
U133A__FAM129A	5.0158	3.7621	4.7228	4.3398	7.9531	3.6722	4.8097	5.2083	5.9292	4.647	8.5176	6.8051	3.6708	5.0773	6.7572	5.0536	8.9458	4.8652	3.935	3.6517	4.1287	6.924	6.5025	6.8604	6.0223	3.8873	3.8552	3.8009	6.1988	6.8953	4.1109	7.0005	4.7178	5.0793	3.9912	6.4028	4.0884
U133A__GCHFR	7.0875	7.7336	7.3299	7.4086	5.9174	7.0334	6.0695	5.6255	6.5892	6.057	5.9386	5.6697	6.4225	7.2153	6.4454	5.5521	9.3148	5.7151	6.6593	6.6104	6.846	5.6439	8.0588	4.8651	7.7018	7.5975	8.9348	8.3753	6.5251	6.4883	5.3529	6.5813	5.7935	6.8521	6.8993	8.7278	7.0875
U133A__AKR1C1	7.1431	7.4936	9.7287	6.9009	6.9592	6.8648	8.8214	9.5937	6.993	6.9124	13.1661	9.4036	9.5204	6.7947	9.3672	10.5533	8.2823	10.5717	6.8776	7.8026	10.3287	9.2501	8.2671	6.5743	7.7902	8.1125	7.0886	6.9583	7.1779	9.3422	9.1273	9.812	7.2018	7.2829	6.5776	6.7722	6.5749
U133A__C2orf54	7.7605	8.4685	6.5213	6.8355	5.7915	6.2505	6.405	6.0855	6.3454	6.0255	5.9557	6.8201	6.0669	7.6327	6.4253	6.0383	5.8493	5.9139	6.2292	6.1448	6.1992	5.841	7.4306	6.0411	7.0844	6.0172	7.549	8.1948	6.0615	6.1171	6.017	6.361	7.5534	5.9837	8.6595	8.4196	6.0049
U133A__TIMP1	10.3333	7.0824	8.6722	6.0084	10.3319	6.3865	7.5051	5.2107	9.0007	10.0557	7.8295	7.3896	9.965	5.853	8.1505	8.566	7.5314	9.0919	9.1396	8.942	7.7057	10.7712	9.0823	8.6568	8.1735	9.2124	7.044	5.6415	10.4042	10.5345	11.5046	6.6035	8.7976	6.351	8.9574	5.2706	7.571
U133A__CHN1	6.5311	5.9812	6.3268	6.8807	7.0345	7.4646	6.5837	6.6716	7.5815	6.5206	5.833	5.8687	6.1969	5.689	6.1582	8.0957	6.6152	6.58	7.1704	6.9188	6.3722	9.1868	6.0755	7.0938	6.8787	6.7295	6.1745	6.2256	6.4345	9.1519	8.3679	5.7574	6.5288	6.2308	5.9554	7.3065	7.0723
U133A__ZNF238	6.9296	3.6984	8.1969	7.2027	7.2082	4.9441	6.3162	7.6741	3.3173	8.3037	5.0206	6.5104	5.7289	7.2653	6.3071	4.5975	6.9448	5.6544	3.3741	3.5935	4.9768	7.0301	5.758	7.4201	6.4543	4.1213	4.6561	3.2385	4.123	5.4605	4.4145	7.3186	7.108	4.5444	8.6131	7.2481	4.7902
U133A__BTG3	7.0426	7.5953	6.0044	5.9703	7.0791	4.2233	8.9466	7.8792	5.0099	8.5942	7.5041	7.8742	8.5126	7.4848	7.8793	8.5847	8.5934	6.7906	4.2185	4.5037	7.1768	8.6345	6.7812	7.9845	6.3049	6.2882	6.0178	6.2314	7.0501	8.9104	7.0772	6.0982	7.1067	3.7357	7.3764	6.5325	7.4161
U133A__FAM174B	7.6688	7.039	8.6806	7.2556	5.5542	6.0659	5.9859	5.9155	6.0452	5.895	5.4407	6.3246	6.3647	7.2938	5.6754	5.7021	6.1376	6.1391	6.7886	7.0665	6.8153	5.7914	7.8239	5.7429	7.5637	7.1023	6.5758	6.7257	6.0008	5.608	5.8132	8.5023	6.56	6.7379	8.822	6.8445	6.1006
U133A__HES1	7.2466	7.8362	6.8655	7.9131	5.1651	6.9367	7.8518	7.9219	7.5594	6.5368	6.5024	7.6893	6.658	9.585	7.7168	6.5411	6.9986	6.0367	6.746	7.2969	6.5532	6.3761	7.2673	5.6609	7.8519	6.9642	6.1492	7.3558	5.9077	7.0221	4.6059	7.9363	7.3246	7.1297	6.625	7.1431	5.8228
U133A__QPRT	6.2711	9.4457	8.2145	7.4417	5.6007	6.3278	5.4435	5.1401	7.275	7.3774	5.6756	5.5612	6.3718	8.0511	8.7061	7.02	9.2734	5.9733	7.4239	8.1142	6.9332	8.6614	7.115	5.2379	9.1192	8.4536	6.314	8.5981	5.9379	5.4969	5.6873	7.2077	6.3381	7.7665	8.9526	8.0018	5.6556
U133A__KRT8	10.7115	11.2525	11.4126	11.1708	4.6994	10.4767	9.9402	9.7313	11.932	8.4941	8.913	10.6646	11.1743	11.4994	9.9269	9.5922	9.5457	5.7145	11.6793	12.1159	10.506	7.5837	11.0665	8.3426	11.2063	10.4653	9.1194	11.5414	4.6224	9.8963	8.3775	10.5897	9.9593	11.9459	11.5683	9.9995	11.4816
U133A__AIM1	6.2106	8.7963	9.3408	8.6813	6.0558	6.8131	8.9159	4.982	8.2196	8.2287	8.0492	8.7932	9.4742	11.7793	8.8987	8.7905	9.2289	5.3024	8.576	7.7136	7.7323	7.4837	7.2483	7.8501	9.1928	8.7391	8.6797	8.0793	8.5952	7.7807	5.5788	7.1878	8.4594	7.3956	7.2723	8.6011	6.7955
U133A__CCNE1	6.8741	7.656	7.5247	6.0468	6.8969	7.2893	7.2019	7.4141	6.8348	10.73	9.2363	7.2786	7.4831	6.9815	7.6167	6.8902	7.2455	6.758	7.6532	6.6415	6.293	8.9341	7.247	6.0525	6.3022	6.87	6.3794	7.0469	6.7699	7.6627	7.2453	5.2141	6.1398	6.3324	6.5824	6.3656	7.2583
U133A__PIP	6.4355	7.3069	6.3157	7.061	6.2596	6.2897	6.4685	6.4454	6.2459	6.3056	5.9752	6.0752	6.4284	6.7761	6.4129	6.1173	5.7083	6.2892	6.0998	6.2914	6.1608	6.1202	10.0061	5.8344	7.7157	6.8376	7.9615	7.0196	6.1485	6.3994	6.1424	11.8405	6.0735	11.2874	8.8185	7.5776	6.1976
U133A__TSPYL1	7.1208	6.83	8.2478	6.8499	6.8558	6.6155	6.3823	6.2805	7.2393	6.7611	6.3812	7.6203	7.1452	9.9714	7.4672	6.6912	6.8775	6.14	6.7769	7.2514	7.9883	6.4733	7.0354	6.9656	8.3367	7.0077	8.116	6.3896	6.688	6.094	7.0528	7.2503	7.8928	7.6083	8.0874	5.4603	7.6037
U133A__TNFAIP3	5.9295	6.7965	5.5933	5.7553	5.7218	5.7495	6.4198	8.9139	6.1028	6.7203	8.4994	6.6061	6.4225	5.9013	6.9691	6.7715	6.2094	7.2405	5.4449	5.5353	5.9057	6.3513	5.8423	5.564	5.8709	5.9297	5.7984	5.9432	6.3301	8.7543	8.0292	5.6503	5.5626	5.8664	6.2742	5.6705	5.6778
U133A__AKR1C3	4.5755	3.9471	7.9694	3.4576	3.5327	3.5596	5.9661	4.4479	3.8913	4.2299	11.0316	6.9613	6.4956	3.6174	8.1922	8.1221	9.9288	7.8707	3.9479	4.7752	5.2109	8.5158	5.1772	4.3366	5.6304	9.5174	3.4918	3.5267	3.8637	5.972	7.2755	9.2411	4.8461	3.8538	3.7663	3.6274	3.8302
U133A__TSPAN13	9.6774	10.0953	8.3777	10.249	5.511	9.5712	7.7338	7.6575	9.9233	6.7565	9.5285	9.5561	9.2752	10.611	8.413	7.5481	10.2011	5.4571	9.1734	9.4408	9.5767	7.3108	10.1409	5.6786	10.1128	10.3424	9.7301	9.8614	8.6711	6.8176	6.1061	11.0026	11.2545	10.2015	10.0762	10.0917	10.3821
U133A__KIF14	6.6803	6.4582	6.7575	5.5932	7.1136	4.9453	5.6646	8.1398	5.3265	6.9909	7.2605	6.414	5.3583	5.431	6.481	6.2668	7.5613	5.9016	5.7401	6.9772	5.3392	6.6024	5.8901	7.6284	5.4955	6.6597	5.9754	6.0151	5.7495	5.9024	6.1868	4.6193	5.3477	5.6868	5.8779	6.7918	7.0268
U133A__KRT4	6.9644	10.0722	8.7605	5.5598	5.6361	5.6631	6.5386	5.5032	6.0737	5.8991	9.4795	11.8723	5.6528	12.978	7.2059	6.06	11.0246	5.7431	5.5836	5.7032	5.4862	5.5855	6.3982	5.4281	5.8633	6.9905	5.5702	9.9403	5.9632	5.8219	5.4273	5.8027	7.1576	6.1567	7.2326	5.8672	5.5862
U133A__SPHK1	6.5756	6.2039	7.0171	6.0943	6.0261	6.3492	6.9162	6.4991	6.5431	9.0799	7.0979	6.5235	7.3219	6.0867	6.6053	6.6958	7.362	7.0201	7.6825	6.8751	6.2242	8.3971	6.2919	6.1954	8.0365	6.0921	7.3532	6.2097	9.1271	7.5901	6.415	6.2242	6.052	6.0584	5.9343	7.0085	7.0155
U133A__GAL	5.5668	5.0145	6.3931	5.1247	4.3321	5.1451	5.9986	7.9881	4.8284	8.7914	9.0261	6.4929	5.9047	5.3813	8.2046	6.7009	4.1139	4.7831	6.4596	6.1713	4.3119	4.8966	4.9348	4.4756	5.308	4.7313	4.5764	4.8875	4.9972	7.4613	5.5538	4.7111	4.6807	4.7853	4.9327	4.9922	8.7476
U133A__BRD3	8.0335	7.0552	7.9053	8.8741	8.1861	7.469	8.1703	8.9881	7.7792	6.9922	6.8743	8.1244	6.8308	8.0223	8.4947	8.351	7.6168	6.5313	7.3688	7.6875	7.6713	7.2378	8.1662	7.3083	8.1786	6.8757	7.9636	6.8199	7.1282	7.3145	6.6386	10.3884	7.558	7.3309	7.0895	7.6949	7.5907
U133A__COL6A1	6.9732	6.3156	6.0991	6.3956	7.7987	5.9948	8.9878	5.7568	6.6083	8.0962	7.3804	6.3507	5.6124	5.8936	6.4987	9.1927	5.4538	10.8531	6.5479	6.2493	5.8409	11.2448	6.8487	6.5369	6.4207	5.7732	6.0757	5.7873	9.5167	7.8725	6.8032	6.018	6.5026	6.3931	7.0413	5.7191	5.9583
U133A__BHLHE40	4.8137	9.0104	7.5841	7.9928	7.966	8.0251	9.1001	8.8729	7.9228	7.9559	6.8667	9.1255	7.9007	9.1491	9.1102	9.058	9.8461	6.9324	6.5935	7.2855	9.8204	8.4766	7.7957	6.2979	6.4938	6.725	9.0946	7.9858	6.6069	8.2761	6.3476	9.8552	5.9998	9.1508	10.0326	7.6047	7.3721
U133A__AKR1C2	5.4605	6.4464	9.0657	5.9221	6.1651	5.4722	7.525	8.0987	5.4578	6.006	12.3755	8.7393	8.1344	5.8194	8.3491	9.221	7.9785	9.3591	5.9496	6.9475	8.881	8.398	7.346	5.5549	6.8639	7.5265	6.1791	5.8097	6.0822	7.791	7.9192	9.6358	5.6004	5.3554	5.4338	5.3534	5.4075
U133A__PSPH	3.0836	2.8068	6.7289	8.8397	6.9781	3.9571	3.5236	4.0114	2.8876	4.9507	5.6603	5.337	4.8724	3.2991	8.5676	4.3599	6.2269	3.3834	3.9784	3.957	3.1641	7.7069	8.0686	6.9336	3.8532	6.5213	3.6251	3.3861	7.1978	6.3427	3.5548	6.222	3.3091	3.816	3.4727	2.8167	3.3359
U133A__ERBB3	9.0074	7.5004	6.4014	8.3846	4.1332	7.8718	7.0488	7.2396	8.1221	7.1116	6.5673	7.1065	5.2443	8.2884	6.1232	6.1179	7.809	3.9223	7.4837	7.907	7.5422	5.1573	7.8977	4.7362	8.49	7.7735	8.3471	7.8318	4.3134	6.0561	4.2768	8.8454	6.8618	8.571	8.2939	8.3354	7.6055
U133A__PPP1R3D	6.0376	6.2841	6.5806	5.8836	5.5115	7.3522	5.3847	5.2179	8.4079	6.0031	6.2885	6.1268	6.9745	6.7862	5.4457	5.3754	5.7838	5.1445	6.6139	6.9967	9.3097	5.3464	7.7236	5.2928	7.7316	6.1594	7.5285	6.4306	4.8825	6.1016	4.8641	8.1589	6.8287	5.7656	8.1055	7.205	6.5275
U133A__ERBB2	9.3202	12.1579	7.8098	12.0098	7.0802	8.4009	8.7493	7.9295	7.6523	11.8139	7.294	7.8108	11.5446	9.3757	8.9136	8.1445	7.98	6.6782	7.0358	8.5128	6.8815	7.0918	9.2857	6.6117	11.035	7.8448	10.215	11.611	6.9193	6.6093	7.3643	8.4025	7.652	8.3078	12.1946	9.1095	8.3688
U133A__CDH3	7.4771	5.8198	9.8096	7.8882	6.043	5.968	9.171	6.7938	7.3889	7.5876	9.3404	9.1796	9.4736	5.595	10.0478	7.9629	10.7173	5.1299	7.5427	8.2078	5.9477	5.3993	8.3918	5.8738	8.9883	8.0795	6.1937	5.3708	9.2653	10.3897	6.1326	9.8329	7.8968	7.9784	8.8535	9.2606	8.2434
