Cell lines	600MPE	AU565	BT20	BT474	BT483	BT549	CAMA1	HCC1143	HCC1187	HCC1428	HCC1569	HCC1806	HCC1937	HCC1954	HCC202	HCC2185	HCC3153	HCC38	HCC70	HS578T	LY2	MCF7	MDAMB134VI	MDAMB157	MDAMB175VII	MDAMB231	MDAMB361	MDAMB415	MDAMB453	SKBR3	SUM1315MO2	SUM149PT	SUM159PT	SUM185PE	SUM225CWN	SUM52PE	T47D	UACC812	ZR751	ZR75B
Response	-1	-1	-1	-1	-1	-1	1	-1	-1	-1	-1	1	-1	-1	1	-1	-1	-1	-1	1	1	-1	-1	-1	1	-1	1	-1	-1	1	-1	-1	-1	-1	-1	-1	-1	-1	1	-1
U133A__PAM	6.5936	4.9904	5.7176	7.0863	6.6673	8.1748	5.0662	9.5932	7.0482	4.3977	8.7907	6.5625	5.8	6.8941	4.7078	4.3226	7.3707	8.0552	9.9862	6.6152	4.9939	6.885	5.1649	7.0219	5.2092	7.6517	5.7571	4.5287	5.2073	4.5169	7.177	6.6648	6.9385	8.2732	8.5536	5.5328	7.2031	7.9912	5.8766	6.8036
U133A__SEC23A	5.6536	6.4033	6.0959	6.3551	5.6767	7.5831	5.0365	5.6319	6.0224	3.7853	4.5046	6.0269	5.8319	6.0896	4.0846	7.3692	7.0419	7.823	6.2331	6.2394	6.075	6.6442	5.7261	6.617	6.0018	8.0254	4.5341	5.9943	5.3945	5.3527	6.4626	6.0872	6.8353	7.8656	5.2568	6.3942	5.4397	7.0233	4.3727	6.6133
U133A__ANP32E	7.7696	7.1675	6.183	4.7827	8.1079	8.5756	6.3299	9.2043	9.8021	7.8249	7.8684	7.971	7.8101	3.4688	6.0967	7.0035	8.1617	7.4757	9.4891	7.3647	7.0967	7.6872	7.282	6.932	7.591	9.3323	5.9998	7.3604	7.4851	6.1264	8.0691	7.2748	8.2153	6.6022	7.9594	7.1498	7.5878	8.6942	6.7701	8.739
U133A__BTBD3	6.877	6.7463	6.2463	6.9788	7.7979	7.3751	5.4557	7.5269	7.2278	5.7018	8.6077	6.5997	7.475	5.9069	5.1432	6.3204	6.3245	7.5103	7.5578	5.7128	5.0384	5.403	6.3836	5.318	6.3853	6.1573	5.5976	6.4031	6.3796	6.6153	5.4554	6.4899	6.3747	7.2173	6.4509	7.1558	5.6182	8.8467	6.1618	6.4409
U133A__BTG3	7.0426	7.5953	6.0044	5.9703	5.3371	7.0791	4.2233	8.9466	7.8792	5.0099	8.5942	7.5041	7.8742	8.5126	5.082	7.4848	7.8793	8.5847	8.5934	6.7906	4.2185	4.5037	7.1768	8.6345	6.7812	7.9845	6.3049	6.2882	6.0178	6.2314	7.0501	8.9104	7.0772	6.0982	7.3876	7.1067	3.7357	7.3764	6.5325	7.4161
U133A__GGT1	6.3598	7.8753	6.1146	6.9381	7.2095	5.218	6.6358	5.9838	5.8612	5.8938	6.2897	5.7906	5.633	5.6301	8.5877	6.5264	5.9789	5.836	5.2491	6.162	5.6221	5.586	7.1572	5.3165	6.8532	5.7474	9.3288	5.4845	6.6688	7.0597	5.7279	5.4076	5.5316	5.1897	6.2766	6.0135	6.5047	6.6745	7.9471	5.6866
U133A__ABCD3	7.0063	7.9745	7.1436	6.3069	7.8492	6.8135	7.3862	5.9183	7.255	8.2673	7.6174	6.9651	8.3466	6.7182	6.5529	7.2546	7.3412	7.5314	9.019	6.6247	4.9952	6.5144	8.4445	6.8172	6.5626	8.4349	6.7162	8.2522	7.3388	7.5039	6.6689	7.1388	7.2822	7.4719	8.3822	7.5774	6.2728	7.9323	5.995	7.2171
U133A__SVIL	5.5003	4.8517	6.6509	5.9836	5.9508	5.7247	5.0124	7.332	7.4092	5.6298	5.9932	5.7452	6.6285	6.4526	5.98	6.3594	7.6708	7.1366	8.5448	6.6256	5.809	6.2058	5.4137	6.0857	5.9291	6.7219	5.8165	7.5742	7.3894	4.7982	7.4993	6.5853	5.5299	6.2033	6.9885	4.5356	5.5557	7.8651	5.3402	5.6652
U133A__PTPLA	5.6938	4.6823	8.4154	5.182	6.3219	10.3468	6.3568	6.7459	5.8693	5.5657	8.0611	5.5909	5.7785	6.5564	4.3065	4.9583	7.3047	7.8945	6.0142	6.1322	5.8509	6.5989	6.5047	9.4651	5.5866	7.4552	6.2385	5.0439	5.0779	4.2583	7.0215	6.8608	6.9817	6.4239	5.1713	5.2383	6.5071	7.8667	4.9885	5.9094
U133A__HDAC2	7.3362	7.244	8.606	7.6767	6.867	7.551	6.9395	7.0874	8.1325	6.5409	7.9756	7.3507	7.9535	8.3325	5.4068	10.9012	7.9686	7.3425	7.7932	7.6404	7.0908	6.704	8.7541	7.7129	7.1234	8.2561	7.7281	7.5994	7.9039	6.9991	6.7312	7.6319	8.2541	7.5854	7.5802	7.4804	6.7918	7.5777	5.8817	7.6247
U133A__CPT1A	10.5883	8.887	7.4665	9.5016	8.6701	8.4327	9.4235	7.6056	6.2671	7.5383	8.2799	8.953	7.8024	7.5517	8.5724	9.0395	7.646	7.5211	7.2006	7.6178	10.0183	8.1697	9.418	8.0684	10.2031	7.2216	9.6018	11.1624	6.6204	9.3272	7.9409	8.4929	6.4225	7.706	9.0136	9.8477	8.9331	8.9083	8.9262	9.9244
U133A__OPTN	6.6894	6.7093	6.5911	5.5393	6.345	8.1659	6.364	7.7235	9.3179	7.3846	7.9131	7.5348	7.1387	6.3321	6.0953	6.655	7.9647	8.647	8.9296	7.0793	4.8093	6.1075	7.0115	8.782	5.5732	6.5546	5.5827	6.3509	5.1888	6.4005	8.6671	7.8784	6.3001	6.4963	6.6209	5.9897	6.853	7.3481	5.5903	6.235
U133A__OXCT1	6.6631	4.7613	7.2969	7.0793	6.9259	7.4812	5.4562	6.2693	7.2918	5.6784	7.8659	7.0056	8.1555	6.5847	5.3265	7.3689	8.0283	6.8556	8.6449	6.7992	5.6591	6.2862	7.7316	7.7485	6.5278	5.8589	6.9388	7.5486	6.9538	4.8926	7.0168	6.2843	8.3718	5.3477	7.1209	4.9142	4.9097	6.5453	6.2448	6.7417
U133A__ACAA1	6.1633	8.8997	6.6984	5.2632	6.5332	6.3551	7.0217	6.3772	6.4261	7.1641	7.3011	6.5595	6.1541	6.6504	7.2811	7.0428	6.9482	6.9299	6.3982	6.6822	7.7278	6.912	5.4479	7.0365	7.5844	6.3811	6.9764	7.9024	6.7552	9.1231	6.4906	6.7173	6.0876	7.3427	6.9957	6.6535	6.6359	6.846	6.6572	6.2702
U133A__ALDH4A1	6.0591	7.4246	6.5647	8.3471	6.7169	6.082	7.9374	5.962	6.3012	7.4468	6.466	6.4855	7.1706	5.8314	9.2661	7.2935	6.2652	5.8633	7.3004	6.2349	6.5478	7.738	7.2079	6.0012	7.847	5.8512	7.521	6.2685	9.9506	7.4964	5.9475	6.3586	5.7202	7.4961	6.7301	6.5002	7.6683	7.696	7.7586	7.7793
U133A__GLS	4.4195	5.7518	7.2918	4.0759	4.3543	6.6791	3.7784	7.3472	5.1229	5.2186	7.3126	7.012	5.7987	5.3433	3.5858	5.3827	5.5398	7.1731	7.3676	5.5516	5.2015	5.0259	4.7226	6.4009	4.2736	7.034	4.1183	4.9112	3.4156	4.8237	7.9906	6.7428	6.0561	4.4919	4.9067	4.4406	4.5268	4.8293	4.3555	4.9851
U133A__SSFA2	6.018	6.3234	7.823	5.8215	5.9018	6.2125	5.7698	6.999	6.4213	6.2338	6.2115	9.3544	7.0799	7.3471	5.6471	6.226	6.6444	6.9116	8.0158	6.3826	6.1452	7.7163	6.1461	6.8651	5.8156	6.8827	6.6054	6.4586	6.489	5.7497	6.9761	6.9443	6.7033	7.2899	7.152	6.7436	5.9986	6.7698	6.39	9.7366
U133A__TSPYL1	7.1208	6.83	8.2478	6.8499	7.5148	6.8558	6.6155	6.3823	6.2805	7.2393	6.7611	6.3812	7.6203	7.1452	4.9774	9.9714	7.4672	6.6912	6.8775	6.14	6.7769	7.2514	7.9883	6.4733	7.0354	6.9656	8.3367	7.0077	8.116	6.3896	6.688	6.094	7.0528	7.2503	7.8804	7.8928	7.6083	8.0874	5.4603	7.6037
U133A__MSN	3.841	4.5404	7.0857	3.5172	3.4371	8.5121	3.3393	9.342	8.9229	4.7864	8.964	8.5521	7.2232	8.4309	3.3175	3.4629	7.7602	8.5216	9.8294	8.6483	3.9182	3.857	4.7157	8.0642	3.6968	8.6962	3.3597	4.1423	3.5368	3.4264	8.8511	9.046	8.7758	3.5774	5.7481	3.4357	3.3212	3.8634	3.5565	6.796
U133A__DHRS2	3.6915	11.0353	10.3221	9.9415	6.4724	5.6319	3.4445	3.8597	3.4835	8.886	3.8089	4.3762	6.9515	3.9461	8.055	5.3919	4.6408	6.2546	3.3749	9.8464	9.1799	6.4362	3.6246	3.8142	9.5706	4.3924	10.9648	4.9896	3.8658	11.0403	3.5322	5.7199	3.7635	4.1461	7.0288	3.9059	4.3709	4.7984	6.5961	4.5859
U133A__VEGFC	4.7486	4.8359	4.6119	5.143	4.9123	6.447	5.4106	4.5639	4.5225	4.6426	4.6833	8.0047	4.7197	7.4878	5.1508	4.728	4.5083	4.5668	4.7086	7.9566	5.0759	4.9522	4.8807	6.9223	5.207	6.3583	5.5923	5.7777	6.2535	5.2711	9.0667	9.0267	6.5974	4.8815	5.4211	4.5863	4.7451	4.9287	6.3003	5.0252
U133A__FUT8	5.6391	7.1577	6.5198	7.0649	8.3524	6.9182	8.4013	5.8561	5.7352	6.273	6.072	7.683	5.5051	7.2262	6.7192	6.3162	5.7325	7.258	5.4207	7.0337	8.5833	8.8413	7.1088	7.2275	7.4477	6.6699	7.9813	6.5994	8.5014	6.404	6.9045	6.0776	6.1045	7.824	5.3298	5.6915	5.9146	7.2299	6.694	7.3654
U133A__SOD2	5.5088	6.9736	6.9797	4.881	5.1914	7.7208	5.6061	6.6548	7.6545	5.7471	8.3722	7.9873	6.5132	7.3532	5.281	5.9588	7.7653	6.3289	7.5586	6.3059	5.2549	6.0585	6.0706	8.5843	5.3729	5.5954	5.823	6.3231	5.1422	6.0321	7.3062	8.7586	9.3681	4.9814	6.4789	6.5449	5.6744	6.295	4.8445	6.1557
U133A__FBP1	6.8861	5.4407	5.6061	8.7593	9.0806	5.8518	8.9571	5.675	5.3145	9.223	5.9597	5.9596	8.9816	6.1031	8.462	5.4783	5.7636	6.0568	6.0106	6.2966	9.2997	10.2366	9.9675	5.5894	10.3739	5.6397	10.3698	8.9993	6.1156	7.3014	5.5824	7.2633	5.8976	9.8817	8.5732	7.7395	7.7367	9.8135	9.0869	8.5342
U133A__TFAP2B	8.7798	3.7939	3.8194	3.232	3.5036	3.9473	3.791	3.4576	4.0521	3.6527	3.5061	3.6188	3.336	3.6528	9.0822	9.3386	3.3784	3.3415	3.3473	4.2692	3.4222	3.6148	9.1798	3.5941	9.0526	3.3865	9.6646	8.48	10.225	4.1005	3.8977	3.5906	3.1773	3.5597	8.5494	7.4394	3.4552	3.9038	9.745	3.622
U133A__EEF1A2	8.4199	11.0325	10.6134	8.8277	10.4452	4.9698	10.4219	6.4697	4.4425	9.7461	5.8255	8.8877	8.1497	9.2164	10.1473	4.9156	5.5593	9.1134	5.8471	8.9212	10.5813	11.7994	9.6918	9.0784	9.8087	8.0866	10.3513	8.6957	10.0605	7.2008	5.2855	9.4882	6.2216	8.1734	9.764	6.2512	9.1884	8.4557	10.671	11.6249
U133A__MARCKS	4.0846	7.9558	9.3462	9.0052	6.1751	9.3931	3.1121	7.562	9.3508	6.1638	7.7138	7.8514	8.6914	8.1749	6.8248	9.5401	8.7765	9.5328	9.2564	9.3228	3.4705	6.1732	9.3868	9.2405	7.1593	8.4118	8.1083	8.134	7.7284	7.2272	7.9364	6.5351	7.3555	8.9721	8.9906	8.8831	2.8129	7.525	5.898	6.8807
U133A__PPP1R3C	5.3507	5.3831	5.4618	6.9823	6.0548	7.049	7.3675	5.4099	5.1707	6.4353	5.3367	5.5783	6.4418	5.2825	7.0712	5.6056	5.5377	6.2115	6.2363	5.8868	6.9161	7.2075	5.7518	6.3184	8.2775	6.2228	6.6878	8.1684	5.5832	5.8696	5.6742	5.4275	5.9204	6.3529	7.8932	5.4165	5.5653	8.3111	6.3951	5.2313
U133A__SPDEF	10.4241	9.495	6.094	10.1198	9.8359	5.8444	10.4996	6.2908	5.8013	9.2013	6.2848	5.3899	6.8656	7.0677	10.3649	9.5734	6.6571	5.9869	5.2999	6.5909	10.0367	8.9085	8.9427	5.5694	9.9494	6.027	10.078	9.6299	10.1262	9.8712	6.631	6.472	6.5064	10.0966	9.9098	9.9188	9.3052	9.6714	10.8242	10.1563
U133A__BHLHE40	4.8137	9.0104	7.5841	7.9928	10.568	7.966	8.0251	9.1001	8.8729	7.9228	7.9559	6.8667	9.1255	7.9007	8.0186	9.1491	9.1102	9.058	9.8461	6.9324	6.5935	7.2855	9.8204	8.4766	7.7957	6.2979	6.4938	6.725	9.0946	7.9858	6.6069	8.2761	6.3476	9.8552	9.0027	5.9998	9.1508	10.0326	7.6047	7.3721
U133A__NETO2	4.1866	5.2203	8.556	5.5229	7.0904	8.3314	3.6251	4.9915	7.0426	7.6731	6.7208	7.6539	7.7076	8.3348	6.1729	6.592	6.4802	7.0906	8.0553	7.0052	6.605	6.4807	8.0547	5.8595	3.8496	4.3	7.2842	7.0955	8.1756	5.1442	7.8191	7.5577	8.059	8.5558	7.8592	7.8868	4.4382	6.024	6.2995	7.593
U133A__SLC7A8	7.3048	5.798	5.7109	5.7615	6.6861	5.8899	8.455	6.1601	5.8675	8.0313	5.7669	7.8747	5.7383	5.8996	8.6595	6.5492	5.7296	6.3784	5.5527	5.9301	5.7221	6.1378	7.958	5.7353	7.7026	5.7737	8.1897	5.8861	8.0638	6.3444	6.1507	5.8374	5.8904	5.5125	7.8173	6.3478	5.8013	8.7776	6.0993	5.5508
U133A__IGF1R	7.4366	6.0432	6.4696	7.616	9.0997	6.7451	5.1784	7.4726	4.8247	7.1078	5.9359	5.9343	6.3173	5.3298	5.5299	6.252	5.9489	6.6041	5.5932	5.6916	6.2705	7.8115	8.3023	5.3234	5.1774	6.931	7.3309	5.6135	5.2645	5.3017	5.5466	6.4853	4.9335	7.2016	4.7378	7.5757	7.0228	7.4657	5.5772	6.4581
U133A__MID1	6.1037	7.7529	6.9934	5.4843	4.4567	8.6155	4.4247	5.3266	5.9754	4.3322	6.3817	6.6804	7.4209	6.1697	4.5019	9.0976	7.9875	6.0331	7.592	5.0431	4.6781	4.4599	4.4484	8.0006	4.8053	6.7265	5.0984	5.5412	3.9749	6.4367	6.5315	5.246	6.0018	5.3356	5.5969	5.4337	5.7925	5.8913	5.3807	5.5598
U133A__KRT23	7.5352	6.672	5.0029	5.1849	6.4603	4.7636	4.7368	9.4293	4.776	5.0732	9.4778	4.756	10.0895	7.6207	6.2461	5.997	9.7897	8.9188	9.1358	4.7927	4.5752	4.9813	5.4488	4.7175	6.1306	4.2315	4.9867	5.8845	5.3302	5.5014	4.8953	5.6731	4.7272	7.3771	9.1535	7.8789	9.8398	7.9744	5.1192	4.4947
U133A__CEBPD	6.6929	8.6335	8.0005	6.0731	7.3742	9.5029	6.3522	8.0968	9.7249	7.1484	7.2111	7.8098	8.6922	7.3539	6.7642	6.9569	9.2087	8.8963	8.6788	6.0953	6.5099	7.0844	6.2396	8.7538	7.4876	5.9531	6.0972	6.213	6.2153	6.6089	8.2928	8.4856	8.7118	7.0693	6.7231	5.3927	7.6899	7.834	7.6569	6.9549
U133A__IPO5	5.6385	6.1856	5.7095	5.5373	5.8466	7.9162	5.8477	5.7546	6.983	5.09	5.8033	6.0464	7.652	6.3657	3.7682	5.9212	6.7812	7.081	6.3979	5.5539	5.2443	4.6709	5.608	6.7947	5.5339	7.5504	6.15	5.044	4.7743	5.5769	5.0842	6.1051	6.7795	5.4684	5.663	4.6487	5.6728	6.6449	4.7497	6.4272
U133A__ATP2C2	6.3307	6.2095	5.2594	6.78	6.1865	4.7505	6.4084	5.4049	4.9367	6.2669	4.6402	5.5946	6.105	5.0725	6.6704	6.7137	6.1365	4.8823	5.9041	4.6599	6.1516	5.6878	5.0964	4.7406	6.6441	4.5629	6.3763	7.4543	5.9877	6.6966	5.0115	5.5817	4.528	7.6748	7.6835	6.0596	5.6751	6.1125	7.0079	5.4811
U133A__TUBA1A	8.314	3.5977	3.743	6.5989	10.3385	10.2225	4.1592	8.5618	10.0798	9.4561	5.0159	4.3512	4.8868	5.2328	4.1895	6.4301	9.4012	9.5816	8.0618	8.6164	6.7493	8.3105	10.9949	10.4097	5.2917	7.2901	8.6838	4.5294	3.888	3.4929	9.6073	5.4475	7.4504	9.7967	7.508	4.9264	9.0535	6.9368	6.09	9.7726
U133A__CRIM1	6.6823	5.0556	7.7575	4.5538	5.2347	6.6582	3.5903	7.9088	5.0214	5.8645	5.4013	6.6716	6.0828	6.2967	4.8205	6.6118	6.6738	6.5511	6.4677	7.6681	4.209	4.0619	4.8435	6.3739	5.1213	8.3257	4.25	5.0642	4.1324	4.8529	6.1856	4.9762	7.7736	5.3263	5.4297	7.3237	6.0612	4.7611	3.0831	4.056
U133A__TNS3	6.8795	8.1902	9.0136	7.5866	6.9132	9.0042	5.6988	9.2701	4.0902	5.5019	8.1426	7.8083	7.7228	8.5076	8.212	8.5705	6.2364	9.9299	8.961	7.8124	6.7106	6.5179	6.2633	8.3007	8.0747	8.3139	6.4102	7.207	6.7186	6.7809	9.3477	6.5821	8.1469	9.2966	8.4555	7.3788	7.9149	8.683	4.8818	6.7365
U133A__G6PD	7.419	10.257	10.9347	7.6085	8.2352	8.511	8.3055	7.1968	6.9496	9.2814	8.0679	9.3686	7.6264	10.5808	9.6087	7.7827	8.1939	8.8272	8.4124	9.0366	10.2266	10.4884	8.2878	7.8584	9.4783	7.5137	10.8347	8.9439	11.0569	9.6004	7.0779	9.3761	8.2127	10.0446	10.6344	8.6083	7.5745	8.9033	8.575	9.736
U133A__IGFBP6	5.6731	5.3829	5.4442	5.5177	5.4819	5.8921	6.136	6.4634	6.072	5.3744	6.0119	8.7753	8.4806	5.5659	6.2527	5.5465	5.6679	9.4268	6.2516	8.8554	6.6417	6.2663	5.9126	7.9486	6.1228	6.8116	5.5454	5.6252	5.7893	6.0209	5.8285	8.1014	8.1687	5.7392	5.2594	5.5176	6.0702	5.4302	5.9415	5.281
U133A__FHL2	6.8345	7.5313	10.607	6.7725	5.7075	6.7465	4.7439	8.3456	5.4334	4.6551	7.6402	7.5109	8.0003	9.859	6.1876	5.3809	7.916	7.8709	7.455	9.4441	6.409	6.7517	6.052	8.0689	7.7059	7.9957	5.0216	7.9393	4.7353	6.6008	10.66	8.0581	7.9105	7.7389	9.5596	9.8828	8.7644	10.1995	6.2594	5.9175
U133A__GSN	9.2268	8.1061	8.1573	10.15	8.785	7.3084	8.6184	10.9304	10.6582	9.1008	8.4068	6.8738	9.206	8.4359	8.8309	8.3216	10.0933	8.9772	9.9856	6.6957	6.9336	8.5384	9.311	5.7017	8.1205	6.2354	10.0492	9.4899	6.2992	7.8979	9.4176	8.1646	6.513	9.9793	9.7309	8.8637	10.1924	8.7947	7.6626	8.7535
U133A__AQP3	6.9417	9.9287	5.2828	3.8137	3.5973	3.5918	5.1623	6.214	4.2718	3.5187	3.6389	6.1709	9.5345	5.0948	8.4696	5.3084	9.2208	4.8822	3.9124	3.7876	9.5323	6.4128	3.3584	3.941	4.0983	4.1786	4.6432	4.8068	4.4401	7.8977	3.4774	3.844	3.6942	8.563	7.4664	3.7812	3.6757	3.3325	7.4606	3.5666
U133A__IFITM1	6.0202	7.3698	7.925	5.9207	10.1234	6.6332	6.0409	10.8542	10.2787	6.1104	10.3313	7.8697	10.3541	9.6773	7.1028	7.8151	8.0199	7.7981	11.3709	6.0413	5.96	7.7452	8.1858	9.4386	7.698	6.0128	6.0778	7.4828	6.0272	6.6383	7.5469	8.3183	8.5658	6.1808	9.3616	5.9528	6.3759	6.0132	6.1838	5.981
U133A__HMGCS1	4.7548	6.6928	6.068	8.4489	5.7519	6.6066	5.2763	6.7535	7.7171	7.8134	6.283	6.4676	6.3959	6.2914	5.3217	7.887	6.3859	6.4413	6.6387	6.5232	5.2901	6.2517	7.4989	7.1959	6.4676	6.68	6.8716	6.897	7.225	5.5922	4.89	5.3679	5.1532	6.8847	8.9645	5.7117	6.1708	6.9066	5.231	6.3642
U133A__ALDH2	9.3805	9.7677	5.4141	10.227	9.9024	6.8361	9.4075	5.5016	8.2046	6.0363	8.5911	8.8455	5.5621	4.9952	9.9548	5.4287	5.4604	8.6838	7.2193	5.5024	6.2979	6.6812	6.8677	7.5525	6.3535	7.9242	10.2982	8.6058	5.4285	10.0471	7.2277	7.8676	5.8958	5.3037	10.5581	5.8761	7.3889	6.6914	9.1299	7.0443
U133A__HSPB1	9.8381	11.9878	10.658	11.1392	12.1917	10.9092	12.4619	9.7586	9.4377	11.9863	10.4327	9.9008	11.9422	9.7152	11.6081	7.6241	10.821	9.9102	10.7294	10.9497	11.5674	12.3547	11.3351	10.3616	12.8993	10.0079	11.75	11.1248	7.7425	11.0928	10.9232	10.4221	10.3461	8.3736	11.3463	7.4763	12.0345	11.6336	10.7593	11.8178
U133A__IGF2BP2	5.0062	4.5534	6.7785	4.8	4.3562	8.3006	4.1691	7.2592	4.7481	4.6949	6.5841	8.2459	7.525	6.8804	5.012	4.5955	5.6289	7.2659	7.8875	6.6469	5.3637	4.7528	4.5492	6.7268	4.5693	7.693	4.58	4.6515	4.5057	4.383	6.4305	7.5201	7.0731	7.1142	5.7935	5.3714	5.2241	6.4819	4.4216	5.3226
U133A__UPF3B	5.4087	7.4007	8.996	6.0208	6.4356	8.5935	6.8089	6.7156	8.967	5.7916	6.9372	7.1397	6.7902	7.4767	4.349	6.9753	7.8309	7.9876	7.8404	6.1483	7.3708	7.4787	6.5789	7.2884	5.6376	7.2472	6.0651	7.2458	7.3178	6.6988	6.1282	5.6486	6.551	5.1739	6.9342	6.3386	5.4531	6.7	5.4613	6.7386
U133A__GCHFR	7.0875	7.7336	7.3299	7.4086	6.3534	5.9174	7.0334	6.0695	5.6255	6.5892	6.057	5.9386	5.6697	6.4225	7.5495	7.2153	6.4454	5.5521	9.3148	5.7151	6.6593	6.6104	6.846	5.6439	8.0588	4.8651	7.7018	7.5975	8.9348	8.3753	6.5251	6.4883	5.3529	6.5813	7.5842	5.7935	6.8521	6.8993	8.7278	7.0875
U133A__DSG2	6.2933	7.3653	6.6315	7.4431	7.9979	8.7014	6.8108	9.0995	8.3721	6.8674	7.1286	7.8072	6.7464	8.2853	6.1779	6.2759	8.2842	9.3294	9.5026	5.7974	7.2818	6.95	7.2679	5.8236	5.1871	7.6317	6.8121	5.4075	6.326	6.9088	4.8296	8.2165	7.5831	5.7935	7.5739	6.7872	6.8478	8.1937	7.2686	7.8434
U133A__ACTR6	5.0687	6.8016	6.2317	5.2637	6.6557	5.0211	5.4262	5.8828	7.8295	7.1728	6.3794	5.5429	5.8992	5.4579	3.8826	5.9949	7.1072	6.8316	6.7963	4.7402	5.3045	5.6385	5.903	4.9478	5.279	6.4071	7.1927	5.8266	5.4179	6.127	4.7844	7.0833	5.4888	5.3503	8.2895	5.9779	5.7636	6.5635	5.8681	5.9261
U133A__HLA-F	7.3246	7.1514	7.3996	7.6905	9.2785	7.8591	7.9913	8.793	10.7475	8.2523	9.6511	8.8333	10.4241	8.8233	8.6658	6.5921	8.7351	9.7487	10.5898	8.0524	7.2474	7.8303	8.8431	10.4878	7.9252	7.8877	8.5341	8.7941	7.2825	6.829	8.7181	8.5194	9.0699	8.8619	10.3623	8.1545	8.6017	8.9212	7.4898	7.3955
U133A__TM4SF1	8.362	6.5146	5.874	3.8897	8.7189	9.4967	4.6259	10.9337	8.3625	6.6237	9.5874	6.9261	9.7401	8.5645	5.2629	9.6634	8.2595	9.5157	9.932	9.4497	4.0086	3.9065	6.6238	5.6867	3.7921	8.5886	3.6329	8.9573	7.5024	5.3364	9.5365	8.6277	8.4649	3.7295	8.8941	7.1048	3.6687	6.4787	8.7528	3.6383
U133A__IMPA2	8.7531	7.3139	7.0569	8.4529	5.4562	5.1665	6.023	8.6778	7.5464	6.8012	7.8668	7.343	8.3973	7.1983	5.2781	6.5774	8.1387	7.6265	8.1532	4.5312	7.3864	6.8415	6.571	8.0562	6.4168	6.1764	7.4842	5.5594	6.2553	6.4363	8.9052	7.2363	6.417	5.4249	8.3917	6.665	6.5036	7.2796	7.0634	7.835
U133A__S100A14	10.6729	10.3133	8.3063	9.1691	8.474	6.475	11.3051	10.3913	6.7286	7.2141	6.7811	8.4815	9.4805	10.1649	10.3037	9.6534	9.5955	7.3264	10.0147	6.498	10.3599	8.2332	6.2807	6.262	10.1752	5.626	9.6735	10.718	10.2781	10.9606	6.078	9.3308	6.0542	10.6196	10.0711	11.1628	6.9285	10.332	10.9098	11.131
U133A__C10orf116	9.1902	8.2899	5.318	9.178	8.9706	4.472	9.695	10.0032	4.7791	9.3951	5.1718	8.9521	4.3801	5.2636	9.9213	9.8931	6.1048	6.8811	4.7923	4.7919	6.3825	5.6946	10.1961	4.8802	11.1909	5.2037	11.2659	10.0249	6.4343	9.0689	5.2127	7.5886	5.4465	4.9414	8.3863	10.4616	9.125	9.852	9.5303	10.8611
U133A__WWTR1	5.5378	5.4353	5.7299	3.966	4.1743	7.3987	3.3913	8.3892	5.0729	5.616	6.4266	6.3704	8.6394	6.8808	4.278	8.0557	6.9231	9.3347	8.5677	7.4314	3.8181	3.8193	3.4958	6.5088	4.0356	6.9541	4.5266	3.6265	4.75	5.0238	7.8837	6.1643	5.4187	3.2832	6.5895	8.0272	5.8601	6.6523	5.1135	3.6301
U133A__TNC	5.3228	4.6808	6.0589	5.0294	4.8493	6.8118	4.6548	5.8077	9.2972	4.909	6.0354	4.8131	5.0022	8.1084	6.7858	5.3092	6.2336	9.3754	8.5657	6.5111	5.0374	4.7272	7.5415	7.5353	5.0349	5.0495	6.0046	6.2086	9.5715	4.904	7.4837	8.1507	6.8616	5.1442	6.0683	7.8556	4.9164	6.5265	5.2553	4.8657
U133A__ACTL8	7.2689	6.6188	6.8011	6.9101	6.7162	6.7304	6.789	6.7821	6.4917	7.0359	9.48	6.4103	6.6844	6.801	6.9221	6.7823	6.5964	6.6881	6.9857	6.7492	7.0368	6.9253	6.7076	6.7121	7.0124	6.5698	6.7753	6.6986	6.6741	6.9823	6.8612	6.8399	6.7522	6.656	6.0329	6.6576	6.9007	6.3788	6.9607	6.7018
U133A__CSTA	3.3672	5.2138	4.1429	4.492	3.8183	4.0291	3.9406	3.8298	3.1942	5.5298	4.8696	10.7546	10.2411	6.2854	4.2378	4.0758	8.8013	5.8523	8.0961	4.0575	4.9609	6.884	3.5562	3.861	9.2798	3.9751	7.9998	4.3999	3.701	4.7564	4.0488	8.603	4.9863	3.2478	8.2146	4.8553	4.1182	3.3322	9.6093	3.562
U133A__FERMT2	6.0267	7.439	5.8723	5.3801	8.2001	9.8437	6.2531	6.9012	6.5681	6.2655	6.1023	4.3862	7.7149	6.2438	5.1273	8.7037	9.2104	9.7082	8.4669	8.7483	8.2909	7.0989	6.4247	8.4146	6.1627	9.5633	6.3958	5.8793	7.5523	7.6505	8.7006	8.3695	8.7763	7.4012	8.3016	5.937	7.0412	7.3012	4.5512	7.3271
U133A__CXCR7	3.4505	3.4369	3.5229	6.5177	8.9687	6.7031	3.6681	3.4011	3.3612	7.9158	3.7108	7.6545	3.5148	3.6332	3.6488	4.1429	3.4287	3.4867	3.3762	3.7256	7.157	7.6049	4.9871	5.3976	7.5315	3.3214	6.8548	3.5821	3.4802	3.4042	3.5035	3.4851	3.8524	8.5317	3.357	3.9559	3.1811	3.3253	3.6344	3.5391
U133A__ST3GAL5	9.5805	6.4839	6.6923	7.1715	6.4751	6.5116	7.1656	6.8297	6.4177	6.6646	6.2875	6.5189	7.4825	7.0233	8.0535	6.7829	6.2111	6.6579	6.0716	7.1331	6.6666	7.2166	7.8029	7.2347	7.3281	7.1366	8.5636	7.8383	6.8596	6.6984	6.6962	6.5316	6.736	6.7353	6.6495	8.4997	6.4642	6.9124	8.0021	6.7229
U133A__CLU	8.4866	9.6574	5.7652	8.3959	9.3165	8.5782	9.8983	5.8172	5.9712	9.1287	6.7046	7.4377	7.591	6.1048	8.6906	10.3969	8.8984	8.0404	5.3966	7.3871	9.4302	9.0676	9.8273	8.1812	9.9721	6.3767	9.5532	10.0333	8.4353	10.2838	7.7568	5.1932	6.4965	7.0545	9.8177	8.4618	11.489	9.9508	8.2621	5.8636
U133A__LCP1	6.4332	6.6131	8.2296	6.2662	6.4693	5.9101	6.1359	6.1282	6.1918	6.9759	6.4522	8.2536	7.8778	6.2406	6.6489	6.4331	9.0611	7.1854	6.3068	6.5316	6.456	6.3403	6.4994	5.9818	6.8268	6.3551	6.8295	8.4467	6.369	7.2037	6.2423	6.9817	8.3904	6.1335	5.6842	6.1136	6.2428	5.9047	6.7422	6.5874
U133A__NNMT	7.4816	6.4025	8.9292	4.3441	4.2984	10.43	4.4886	4.4447	4.5027	4.0426	5.1421	4.462	6.0129	6.8071	4.8556	4.2145	5.8981	7.0081	7.6329	7.5692	4.5485	4.4465	4.6024	10.1086	4.1548	4.4358	4.2956	4.9538	4.3555	4.6834	8.5814	8.774	9.9583	4.671	5.6167	5.758	4.3408	8.3456	4.1626	4.082
U133A__GPRC5C	7.4235	6.1309	5.8727	6.7046	6.796	5.3902	6.9703	5.6507	5.5117	6.314	5.8513	5.5639	5.7202	5.8357	8.0014	6.4456	5.8599	6.2879	5.6807	6.194	6.4966	6.7739	7.9681	9.0957	7.5182	5.7214	8.3154	6.1173	7.1564	6.0889	5.7109	5.5935	5.16	6.7736	6.437	6.2738	7.4572	7.4876	7.2886	6.3964
U133A__FXYD5	9.4366	8.8706	10.2383	6.3544	6.9093	10.5229	6.5905	9.7949	7.3967	6.6968	9.5407	10.4388	9.0421	11.5641	7.4501	7.8566	10.3211	8.4657	10.2902	9.5227	6.2427	6.8433	6.25	10.5826	6.4736	9.5884	6.6844	7.9084	8.14	8.7157	7.1906	10.2745	9.6556	8.4212	8.9687	6.5669	8.3634	9.4597	6.2665	6.3151
U133A__FKBP11	7.9289	6.4379	5.5652	6.3087	6.0502	6.2289	6.1656	6.6499	7.5506	5.6176	7.9529	9.0723	7.8138	5.4419	6.5442	5.5132	5.3126	7.9303	6.8288	8.0248	6.7806	7.6343	6.1916	6.2166	7.3477	5.901	7.3897	7.3281	6.3326	6.706	8.2381	7.5382	9.006	6.0829	6.3245	6.5844	6.1287	7.3544	7.7315	6.2447
U133A__SLC43A3	8.4498	6.0402	5.8992	6.212	6.1253	6.9124	6.1527	7.4181	7.4411	6.0274	7.9581	7.8423	8.1366	6.946	6.7228	5.7151	8.4918	7.4582	7.9368	5.8347	6.1997	5.9817	6.1113	7.6993	6.2875	8.9615	6.1498	5.9736	8.3214	6.166	7.6939	10.4636	6.3855	6.2893	7.9302	6.2692	6.843	6.1697	5.9313	5.7173
U133A__PSIP1	3.5886	6.4073	6.6162	5.1188	6.6778	8.2756	6.8945	6.4199	7.555	4.4933	6.2788	6.1165	7.4217	8.1103	6.3365	4.5639	7.2935	9.1106	9.2339	6.9717	5.5604	6.5724	7.9387	7.1031	5.4963	6.9404	4.8731	6.4635	5.4842	6.0784	4.2305	8.8722	6.341	5.5796	5.5895	6.4744	5.9734	6.9431	5.742	7.0488
U133A__RPS11	8.733	5.8508	7.0788	7.4744	7.2067	7.6569	6.6613	7.6723	6.1	7.294	7.0191	5.7544	6.6921	7.6675	7.8685	6.7869	6.3032	7.2814	5.7429	8.4126	9.6242	7.3204	7.1407	7.695	7.8463	8.7658	7.2222	7.9554	7.207	10.1389	6.8246	6.6546	6.9884	7.0745	6.1506	6.37	6.8314	5.6956	7.144	5.9172
U133A__CYB561	9.3231	8.9941	7.8642	7.9717	8.632	6.2388	8.0748	7.6969	6.9168	8.6582	8.3664	8.4426	7.8981	7.7693	9.4771	7.5397	7.7448	7.7648	8.0632	6.9285	9.7372	9.1411	8.1277	7.0833	8.4517	7.3983	10.3813	8.2127	8.7824	8.5366	5.2097	7.0984	6.7225	10.2413	8.9039	9.4326	8.5092	8.6084	8.7911	9.3286
U133A__MXRA8	6.6814	6.4226	6.3526	6.5751	7.5162	6.4677	6.6606	6.8139	7.0584	6.6413	6.635	6.1241	6.1358	6.3597	7.4456	6.7322	6.5515	6.2424	6.1817	8.7616	6.6178	6.5441	6.7218	7.6211	6.8253	6.8696	9.6105	6.5215	6.4176	6.9123	10.373	6.457	6.6133	6.658	5.9355	6.3683	8.0331	7.8369	7.0696	7.8033
U133A__HLA-G	8.6143	7.7347	8.7024	8.5798	9.5409	8.7046	9.0598	9.5749	11.289	9.1028	10.2618	9.77	10.21	9.8283	9.3209	7.4684	9.2845	10.1384	11.4304	8.9859	7.7501	8.5791	9.3896	11.228	8.8795	8.9788	9.256	9.8145	8.2706	8.0526	9.6119	9.275	9.4308	9.6748	10.8822	8.9972	9.6493	9.7121	8.3077	7.5665
U133A__ABCC5	6.6226	8.0779	7.8607	7.1449	7.6776	6.8408	8.5504	7.4246	7.1746	9.5645	7.9864	8.1341	7.9396	7.1158	7.6418	9.4831	7.1401	7.208	8.2613	7.2144	8.3302	7.7177	6.6558	7.0907	7.519	6.9575	8.0859	7.7665	8.0521	8.6714	6.9314	6.6645	6.9156	10.0979	6.9137	7.4944	8.5541	8.0903	7.0478	7.2983
U133A__IRF9	6.567	7.2426	7.1816	6.4215	10.1828	7.6644	6.1171	8.3291	8.6936	7.7642	7.5971	6.2636	9.3201	8.0265	9.4517	6.8795	7.5318	7.4596	9.766	6.7956	6.2872	7.9939	8.6157	7.9128	7.9232	6.4818	7.5838	7.5909	6.9253	6.1693	6.8573	6.9026	6.0417	6.8427	10.2102	6.3509	6.8277	7.4402	6.3875	6.0362
U133A__PDLIM1	5.7644	8.4756	8.1934	8.1491	8.0434	10.2395	5.7546	8.6414	8.1691	8.872	8.3891	10.8751	9.4136	9.0246	5.0072	10.4489	8.0425	7.2202	8.911	7.2089	7.1798	7.978	5.1613	8.0366	8.0859	8.5789	8.3603	8.9414	5.3044	7.7921	7.6047	8.9463	8.3623	5.2351	8.0587	6.0616	8.3791	9.0974	7.8274	8.0082
U133A__ARHGAP29	6.5591	7.3738	8.7035	6.2753	7.3346	5.1276	9.1535	8.4873	7.8088	7.8577	6.566	7.504	9.7342	8.5161	6.1598	8.5221	7.9414	9.0108	9.1722	8.6052	4.3682	5.6539	7.3205	7.0369	5.82	9.7782	5.1043	7.1398	7.2637	7.1956	7.847	8.5281	6.4753	7.0779	9.6668	7.1987	6.1439	8.6984	4.2457	6.1199
U133A__SLC9A6	6.4055	7.0008	7.4995	5.2708	4.3228	8.7858	4.4773	6.7706	7.7514	4.2629	6.1563	7.1961	7.6515	7.1268	4.8025	4.3595	7.158	6.999	7.5777	6.9	5.9238	6.2413	5.5375	6.5963	5.6565	7.8945	6.3295	4.5921	4.9043	4.9311	6.407	6.7893	7.3206	6.1149	7.724	6.3706	5.8012	6.5172	6.2142	6.5391
U133A__CDK19	5.3304	5.8767	7.3963	6.7732	5.9929	6.3736	5.4995	7.5978	7.2361	5.3764	6.264	4.9381	6.5455	5.2812	4.2043	6.3578	5.7137	5.5056	7.5181	5.0315	5.9824	6.1391	7.2497	6.6508	6.0127	5.577	6.7105	5.9518	5.812	5.4341	5.7714	5.663	4.4614	6.498	6.2092	5.8676	4.777	8.6431	6.62	5.6184
U133A__GPX2	6.8577	7.8843	6.9012	6.8753	6.5148	6.3724	6.8572	7.12	6.8203	6.6785	6.7852	9.9652	7.5593	7.833	7.36	7.5015	7.9281	6.7967	6.4106	6.7065	6.6238	6.4205	6.7016	6.5389	8.3512	6.4839	9.7852	7.5357	6.9365	7.0079	6.7014	6.7308	6.7698	7.4248	6.3658	7.3312	6.2449	6.1697	6.6815	6.5585
U133A__PCTP	6.8289	5.8709	6.6213	8.1664	6.5612	5.1232	5.3802	9.315	5.6513	6.7262	7.3226	6.3297	6.1024	7.302	4.663	5.2925	6.4219	7.3253	7.702	5.4234	6.3381	6.567	6.1451	7.3843	7.1665	5.6885	6.5636	6.578	5.4163	5.4077	6.0721	6.2962	6.41	6.199	7.0656	6.584	6.8001	6.5245	6.6801	6.402
U133A__ZNF238	6.9296	3.6984	8.1969	7.2027	8.8738	7.2082	4.9441	6.3162	7.6741	3.3173	8.3037	5.0206	6.5104	5.7289	3.9919	7.2653	6.3071	4.5975	6.9448	5.6544	3.3741	3.5935	4.9768	7.0301	5.758	7.4201	6.4543	4.1213	4.6561	3.2385	4.123	5.4605	4.4145	7.3186	7.2616	7.108	4.5444	8.6131	7.2481	4.7902
U133A__MBP	5.1637	4.6214	6.8298	4.9599	4.6325	4.7642	4.382	8.2963	4.0408	5.2755	5.3637	5.5559	5.0395	7.3797	4.2052	7.7157	6.2399	6.1055	8.4056	4.443	5.7006	5.2573	4.7936	4.2088	4.3579	7.526	6.2173	5.1686	5.3124	4.4824	5.3162	7.4457	4.8437	4.3446	6.3017	6.1251	4.5642	4.795	5.4945	6.3904
U133A__PYGL	6.1764	6.1307	4.7939	4.9125	8.0597	7.5817	4.3046	7.4084	4.163	8.6838	7.7568	7.3237	4.9142	7.3781	4.8608	4.8757	7.8709	7.0616	6.0458	5.7669	6.1285	5.7923	5.2368	6.3293	4.9706	7.8474	4.3501	4.681	4.8473	5.8791	7.3971	8.3703	4.7817	4.7269	4.6629	4.499	5.5812	7.9852	4.661	4.5797
U133A__HLA-C	9.5023	8.7854	8.8479	10.5686	11.6679	10.3256	10.1351	11.0708	12.5864	10.813	11.4648	11.0759	11.8655	10.9118	10.8394	8.252	11.0232	11.783	12.3098	9.4587	7.7843	9.2536	10.7895	12.1352	10.024	8.9901	11.4528	11.0879	10.2412	7.1053	10.2763	9.6461	9.7808	10.8914	12.488	10.2614	10.7571	11.1958	9.1612	9.2981
U133A__BMI1	5.2627	6.2853	6.8977	5.6401	9.3719	6.6391	6.0857	5.3895	6.8203	7.5417	5.7456	5.0391	5.5369	5.7849	5.8791	6.4265	5.3789	5.998	6.2942	5.6207	6.3277	6.0755	7.9302	5.5347	5.2115	7.341	7.0147	5.6888	7.2058	5.6715	6.5148	6.4517	5.8622	7.106	6.8552	5.8714	5.5429	7.4405	6.1095	6.7911
U133A__ANXA3	5.8235	5.5164	7.1341	6.4784	5.2551	3.7423	2.8886	7.7672	4.9284	3.7994	4.9793	5.4612	6.6394	7.7175	5.294	7.9447	8.5263	4.939	7.8239	4.1434	4.0707	5.0882	3.0827	3.6072	4.9618	7.2077	5.4258	6.3865	3.2983	4.9883	3.8153	8.814	4.6984	6.6092	7.5001	2.9341	3.7641	5.3431	4.7554	4.7782
U133A__GNG12	7.5942	7.7849	9.0112	6.4664	6.5978	9.7447	5.7435	7.6541	6.3405	6.7824	8.0676	8.631	8.0184	7.7945	6.6779	7.4507	8.4371	8.502	9.4671	10.163	5.8447	6.4708	6.9607	8.6305	6.6815	9.2273	6.8388	8.3046	7.625	7.4958	9.7275	8.1413	9.2598	7.333	9.1562	8.3668	6.9594	7.5017	6.9873	7.0425
U133A__ME1	8.3567	7.7974	8.193	5.9976	4.3669	6.2304	3.5126	5.2956	7.5277	6.3978	6.0968	8.6735	7.608	7.8782	4.659	6.6291	7.442	6.9336	7.1357	6.5106	5.9111	6.5939	4.2005	8.2989	4.2227	6.5132	6.5847	8.4861	3.7088	6.4531	6.6978	6.6297	7.1395	3.7365	9.0868	8.4449	3.91	5.382	6.4445	7.0946
U133A__MB	7.4236	8.8244	7.795	8.3925	7.7501	6.4009	7.7355	8.32	6.2043	7.2	6.8466	6.6614	7.0329	7.5746	8.7101	9.3254	8.8972	6.5353	7.1009	6.1489	7.3687	7.2662	6.8012	5.9791	8.9188	5.6782	8.6018	8.4996	7.5244	9.1745	6.167	6.6543	6.5481	7.8482	8.0214	7.9644	7.1885	8.5176	9.4389	8.2806
U133A__RCAN1	9.5061	7.1303	7.6573	5.82	5.6035	7.7765	5.7191	7.9377	6.1191	5.2347	8.8541	4.8444	6.9518	5.967	5.1898	6.6797	7.3532	6.7074	8.7816	5.7036	5.7352	4.0112	4.6964	6.4032	8.3341	6.0613	5.947	7.4427	5.2858	6.2714	7.7167	5.6586	6.4412	5.1797	8.8791	7.3375	7.707	9.0319	6.8817	5.7304
U133A__HLA-B	8.2861	6.5287	6.9258	8.4347	9.7896	8.1642	8.915	9.9839	12.112	8.8869	10.6615	9.8035	11.5088	10.0633	10.1819	6.3218	9.5062	10.8249	12.3107	8.5989	6.9006	8.3908	9.4948	11.9091	8.045	8.1669	9.2382	9.8055	7.5816	6.226	9.7036	8.7843	9.7905	9.8309	11.646	8.6981	10.2594	9.7333	7.8149	7.1263
U133A__UAP1	9.1598	8.4831	7.1609	8.1046	8.3803	10.5221	7.3076	7.5494	7.5247	7.4176	8.5975	8.0611	7.6904	6.9409	6.9494	7.8611	7.7855	8.3676	8.4675	8.864	6.5547	6.1229	7.6336	8.1057	8.1617	8.5606	7.148	8.1879	8.1683	7.9066	9.5836	8.0031	8.7819	8.9616	8.4541	8.9146	7.0147	8.1841	7.9779	7.8894
U133A__CEACAM5	9.5911	5.7841	5.4423	7.0121	5.5306	5.4417	5.5849	5.6019	5.5464	5.2869	5.6712	6.103	5.7918	6.1129	5.959	6.5326	5.6267	5.9733	5.5358	5.6354	6.2619	5.7931	5.5524	5.3184	9.7291	5.4178	8.1471	6.3627	5.5054	5.4876	5.5328	4.852	5.3902	10.0961	7.4252	5.8371	5.9788	5.7683	5.9469	5.6463
U133A__DPYSL2	6.5499	4.3957	6.3934	5.6905	6.9064	9.755	6.403	8.6685	6.876	6.4028	8.1874	7.4548	6.1458	4.9671	4.0143	5.8342	7.3601	7.5697	6.8732	9.3498	4.9229	6.4398	8.4362	7.9753	6.9726	7.9353	6.4448	4.2048	6.5866	3.6449	9.0406	8.4346	8.7608	6.6997	7.2071	7.204	5.519	7.3291	4.2719	7.339
U133A__MBNL2	5.4423	7.1301	8.2242	6.9266	6.3789	7.5204	6.3889	7.0872	6.6647	6.2769	7.2559	6.1725	8.5786	7.1597	5.3797	7.9226	7.5396	6.4642	8.1549	6.4804	6.1638	6.2054	4.1661	6.866	6.0078	6.1347	6.8225	6.7261	5.267	6.5825	5.3103	5.603	6.3923	8.6513	8.176	5.6113	6.2038	6.5181	6.0766	4.5447
U133A__PRELP	6.8291	6.5662	6.6107	6.843	6.7042	6.6083	6.628	9.6306	6.5614	6.599	6.5589	6.3956	6.1534	6.5104	6.7348	6.7419	6.8514	6.4367	6.4912	6.8243	7.2114	6.7206	6.5358	5.9924	6.6174	6.3867	6.8615	6.2698	6.7329	6.5423	6.7477	6.5663	6.764	6.3013	6.3472	6.6793	6.6153	6.4132	6.6346	6.4253
U133A__MAP4K4	6.0673	5.1091	8.0032	6.3952	5.9184	7.3226	5.7528	6.1253	7.425	6.5388	7.2464	7.61	6.8356	7.0288	5.4933	5.4528	6.7248	7.8366	6.6207	7.9799	6.3307	6.1541	6.5299	8.1798	5.703	6.5193	5.9015	5.0642	4.9385	5.1327	8.1638	8.3236	7.7847	5.9041	6.5972	6.1144	6.0063	5.6747	5.3321	6.2691
U133A__OSBPL9	7.2376	8.5126	7.8669	7.4145	8.1395	8.1616	5.8039	7.1931	8.9375	9.0068	6.9584	8.6277	8.4822	7.1002	5.7205	10.4561	8.0149	7.7603	8.8407	6.8305	7.6955	7.4043	6.0714	7.9846	6.5437	7.68	8.3011	7.6034	5.8251	7.9799	6.7672	8.4488	7.9526	6.2279	9.531	6.5777	7.7101	8.2348	5.6482	6.1438
