Cell lines	600MPE	AU565	BT20	BT474	BT483	BT549	CAMA1	HCC1143	HCC1187	HCC1395	HCC1419	HCC1428	HCC1569	HCC1806	HCC1937	HCC1954	HCC2185	HCC3153	HCC38	HCC70	HS578T	MCF7	MDAMB134VI	MDAMB157	MDAMB175VII	MDAMB231	MDAMB361	MDAMB415	MDAMB453	SKBR3	SUM1315MO2	SUM149PT	SUM159PT	SUM185PE	SUM225CWN	SUM52PE	T47D	UACC812	ZR751
Response	-1	1	1	-1	-1	1	-1	1	1	1	1	-1	1	-1	1	-1	1	-1	1	1	1	-1	-1	1	1	-1	1	1	-1	-1	-1	-1	1	-1	-1	1	-1	1	1
EA_G__GPRC5B	4.9745	6.388	8.1964	6.1617	6.2748	6.497	5.2667	6.0606	6.7039	6.2604	7.0809	4.8034	7.9743	6.8597	7.5867	8.3264	7.6177	6.3867	5.3386	7.5323	7.0233	5.3699	4.439	7.6679	6.8634	4.6996	6.5032	6.9632	5.7648	6.2546	5.117	5.209	6.388	6.478	6.2985	5.6048	5.5162	5.5363	6.325
EA_G__GUCY1B3	5.4722	4.8053	5.0459	4.2776	5.3475	8.0374	5.0634	7.2303	8.833	7.7941	8.7253	4.4872	5.9624	5.3104	5.2187	4.2365	4.2342	4.0363	6.5594	8.6541	5.8324	5.6586	3.9242	10.1264	7.3901	6.6436	6.4968	6.2236	6.7091	4.422	5.7335	4.66	4.5811	4.7908	5.2481	4.7088	4.2932	5.6111	6.9791
EA_G__MAPT	5.7018	5.1448	5.1469	6.9443	9.1397	5.1979	8.0624	5.4416	6.2766	5.0627	4.9614	9.0827	5.6293	5.3387	5.1081	5.4602	5.7802	6.5011	5.2449	5.3896	5.4343	7.1596	8.4538	5.1361	6.1992	5.4871	5.6839	6.2724	6.3443	5.4325	5.4093	5.6854	5.1477	5.3825	6.9415	5.8018	5.8948	7.4277	7.6494
EA_G__KRT10	6.7857	7.0445	6.4279	6.6254	8.0339	6.4804	6.9532	6.4993	6.641	6.7273	6.6412	6.7273	6.5188	6.9106	7.0155	6.7177	6.8042	6.5046	6.5812	6.3903	6.6742	7.0637	6.5853	6.2408	6.3063	6.5867	6.093	6.3976	6.7607	7.0754	6.7185	7.329	7.0358	6.6456	7.3607	6.7347	7.4977	7.0732	6.575
EA_G__GNE	6.5243	5.8046	8.127	6.7037	6.5616	8.1312	6.8197	8.2774	2.9506	7.6775	8.2695	6.1802	7.9216	4.7427	7.1988	8.4466	10.3439	3.761	7.4631	9.1835	7.5768	5.2929	7.1036	8.0096	7.799	7.7133	8.0783	7.203	6.9612	5.6748	7.3399	6.5398	6.8758	3.6159	8.5221	6.8196	6.2245	6.6584	8.0651
EA_G__PRMT6	5.4947	6.6852	6.893	6.6478	6.5168	5.2716	7.5566	5.0996	4.8878	5.3945	6.8564	6.661	5.3206	6.0211	6.4814	6.1415	6.0214	6.8696	6.8387	6.1845	6.6066	8.6068	6.8665	5.4532	5.8688	7.2715	5.4975	5.9887	6.2854	6.7294	6.1922	6.5385	6.412	6.2392	6.2413	6.1271	6.3901	5.6391	5.9249
EA_G__ICA1	6.8007	4.2391	5.5241	7.7109	6.3638	4.2132	7.1927	4.9716	5.9258	3.7922	7.0962	6.1191	4.2211	4.1324	4.8164	5.9834	6.8093	5.7834	3.9633	4.0011	3.8101	7.0587	6.9084	4.0082	5.8056	5.9475	6.8185	5.8066	6.6253	6.7251	5.4292	5.8257	4.0589	6.974	7.7989	6.9839	7.286	7.3446	7.8273
EA_G__CUL4B	6.6142	7.0274	8.4121	6.2287	6.8128	9.3472	7.0256	8.1315	7.2752	7.686	7.6102	7.6919	7.0614	6.7863	6.5816	7.5829	7.2735	7.3667	10.0552	7.1003	7.8513	7.0789	7.0753	8.6142	6.8373	7.2966	6.404	7.2378	6.5199	6.8767	7.1544	6.4288	6.9163	6.5287	6.3816	6.6166	6.3577	7.0476	7.0727
EA_G__SRD5A1	8.0855	7.7981	8.399	7.6275	6.6327	7.4336	7.1454	8.3436	7.7263	8.1358	7.0578	6.9902	7.0641	7.5414	9.0122	7.6676	7.9855	7.9288	7.2715	10.5835	7.8071	7.2067	7.2558	8.68	6.9041	7.457	8.0689	7.8639	6.0999	7.4931	7.124	5.9887	7.6524	7.1851	7.4128	7.5333	6.3411	6.8793	6.9635
EA_G__HIST1H1A	5.8645	4.0453	8.5439	3.5876	3.5514	3.9681	3.6907	7.6004	7.6991	6.3949	3.9692	3.1037	7.5128	8.8424	8.2176	3.1446	6.9075	9.0793	8.1828	7.6253	4.7202	3.8159	3.8268	5.9687	7.1763	4.0482	3.4884	4.5521	3.8362	3.4594	4.5463	6.2006	5.5518	4.6448	4.383	4.4879	3.8866	4.3226	3.7257
EA_G__PRAME	4.3168	5.9018	7.9136	4.3765	6.5075	8.2097	4.7005	9.6874	10.7344	8.7901	4.11	6.8148	9.6168	6.3212	3.8922	7.7804	4.4848	4.6893	9.6601	8.6348	9.1812	4.5637	4.0667	7.8007	9.5788	4.2546	4.5451	5.9514	5.1225	4.507	6.5983	4.4802	4.541	4.4902	6.1804	8.688	7.777	4.5325	6.8262
EA_G__C3orf57	9.2863	5.9049	4.4867	7.7309	8.9084	4.6794	7.6111	4.6058	4.6305	4.8902	7.5725	7.8092	4.6555	4.8895	6.7978	6.3972	7.6159	5.5729	4.2895	7.5956	4.3645	9.5034	6.3347	4.7775	8.9892	4.9538	8.019	6.9899	7.6702	6.6396	4.8998	5.106	4.8812	9.1923	8.0725	6.9367	7.0395	9.2455	4.7138
EA_G__AMOT	7.4757	6.3747	6.7421	5.7743	5.5562	6.6864	5.1458	7.2264	6.3119	6.6321	4.9711	6.104	6.3481	5.0213	5.5256	6.1404	7.617	6.0115	7.2629	7.7889	4.9164	6.1396	7.022	6.908	7.2307	4.8627	6.3627	6.935	5.8527	5.2869	5.6474	5.7734	4.8001	5.5353	5.9797	7.0603	5.2387	6.6051	6.1945
EA_G__AREG	6.2041	5.7836	6.7673	5.8584	10.9135	5.1731	6.7787	6.5017	4.8797	4.9522	6.8361	6.199	4.9694	8.1086	7.338	7.7748	5.5203	5.7802	4.7099	5.6865	4.9715	5.9791	6.5608	4.6884	5.5337	5.8989	6.7826	5.4017	5.6694	5.462	5.2824	10.2272	6.2371	5.898	6.5822	5.7593	6.9511	6.4223	6.0466
EA_G__TRIB2	6.3251	7.4633	7.6453	6.9795	7.3305	7.0461	6.2604	8.149	7.1774	8.8205	6.4106	4.9665	8.0469	7.146	7.8377	7.5341	8.184	7.7129	8.4184	8.9656	8.5709	6.1722	7.1005	8.9665	7.2008	8.0863	6.833	8.5039	7.8125	6.8634	7.1566	6.2633	6.061	7.5797	7.083	6.4467	5.2126	6.9588	7.4249
EA_G__ATG5	6.9997	6.9712	8.1483	6.861	5.9975	7.0483	6.6111	7.085	6.2811	6.9895	7.4	6.5267	7.4648	6.9034	7.6267	7.2798	10.0915	7.8168	7.6807	7.0351	6.986	6.8897	7.0841	7.0823	6.7826	7.1828	7.926	7.8402	6.3811	6.9732	7.4118	7.3608	7.4162	6.7414	6.9041	6.9702	6.6685	6.6068	7.2831
EA_G__SUSD2	10.6325	11.4387	6.1719	6.7655	7.094	5.582	7.4337	6.5795	6.7565	5.8544	8.182	10.5693	5.5116	6.6145	6.8722	7.7756	9.6472	8.8452	6.4276	6.2375	6.632	6.9248	8.1435	6.8947	6.7371	6.8246	7.9512	10.1454	9.4259	11.7924	6.2425	7.9071	5.6027	8.9238	10.8731	8.8168	6.2593	7.5585	6.4449
EA_G__GREB1	7.7266	5.1994	4.9872	8.065	9.9004	4.9192	8.3065	5.0069	4.9788	5.0048	5.6605	10.3094	5.0213	5.124	4.7545	5.1244	4.9551	5.1207	5.0989	5.1942	4.9357	8.8045	7.495	4.9269	5.5524	5.4587	10.088	5.7659	5.3925	5.4098	4.7723	5.3523	4.9276	4.9994	4.9946	7.1014	8.7221	8.5094	5.2315
EA_G__KRT80	7.039	7.9874	8.8008	6.8573	8.593	7.3834	7.596	7.8916	6.2923	5.5115	6.6546	8.7953	4.771	6.296	6.8175	8.4339	6.7786	8.3352	7.0502	6.6578	5.3198	8.2581	6.591	5.9135	7.3827	8.1626	6.9772	7.0231	5.9269	8.9574	6.4723	7.4273	8.2193	8.8584	8.1254	6.6926	7.57	7.3203	5.5589
EA_G__BMP4	6.759	4.9334	5.0114	6.0309	6.098	6.0715	7.1783	6.7259	4.6689	6.2272	4.4739	6.9521	5.1107	6.0793	7.2095	5.0103	7.2881	5.2657	6.2001	5.1243	5.8727	6.7862	6.3408	6.9458	4.7369	8.0266	6.0005	4.8624	7.5144	4.8065	4.6613	8.2492	6.0626	8.2262	6.6187	5.3941	6.9863	5.8698	5.6496
EA_G__TMTC1	4.4896	4.1975	4.0791	4.0964	4.0667	8.1638	3.7979	4.1884	5.6936	6.9863	4.0699	3.7346	5.7868	4.3432	4.0998	4.0193	4.3677	5.3318	7.6003	5.1946	5.8329	4.1876	4.29	7.7598	5.6326	4.2578	4.0151	7.1982	8.0381	4.2633	4.1865	7.6286	8.5249	4.019	4.7206	8.0459	4.3469	6.93	4.4731
EA_G__CHML	7.3051	8.0598	9.4275	6.7424	7.7308	8.2161	6.9082	8.1602	7.3331	7.0119	7.1661	5.7495	7.6763	6.6312	8.3273	7.997	7.2242	9.946	7.2647	6.6481	7.2914	7.1028	5.819	7.6941	7.7859	8.0033	7.1863	7.0993	6.6415	6.9693	6.1961	7.4021	8.5148	6.7959	6.6868	7.0402	6.6901	5.9455	7.3261
EA_G__CACNG4	8.4308	7.5358	5.5674	8.1032	9.2906	6.8087	9.2541	5.6569	5.5719	5.8529	8.0835	9.0764	5.7716	5.8549	6.1478	7.1012	7.839	6.7572	5.5176	6.431	5.6094	8.0995	8.3302	7.8307	8.431	5.7591	9.7756	8.0782	7.9557	7.3151	5.791	5.8689	5.7018	8.4194	7.8612	7.2037	8.0248	8.5048	5.6487
EA_G__IFITM3	8.0008	8.4676	8.7968	6.6997	5.8557	10.1761	5.4392	10.0522	9.5921	9.2931	7.5379	5.3662	9.9815	8.3001	8.9395	10.0223	8.1386	9.0546	8.0493	10.3647	10.1724	8.4578	8.4911	9.9472	8.0382	8.788	7.3043	6.7504	5.8982	8.2512	6.167	9.3358	9.857	4.7248	9.21	5.4554	6.7052	8.6924	5.6085
EA_G__RAB34	9.3179	5.4145	7.7069	5.3779	6.2092	8.2862	5.2527	7.8298	5.8086	7.0027	8.1715	5.2251	8.0878	8.2376	7.1519	5.3486	7.3082	5.1948	8.7784	6.9035	8.527	5.3114	4.9351	8.5876	7.1655	8.7138	5.5485	6.5644	6.2956	5.7314	8.5871	8.1814	8.8448	5.3935	5.4487	5.8463	7.3655	8.7954	7.0463
EA_G__CALD1	4.9976	5.3745	6.4921	4.0059	4.5323	6.9477	4.1231	6.8428	7.5601	8.1298	3.9074	4.2596	6.0823	5.2906	6.3946	5.1864	5.3524	7.4511	7.9533	6.2922	9.3633	4.3691	4.3982	9.1755	5.9927	6.51	5.4997	4.7735	4.7727	5.7915	6.303	6.8236	7.1648	6.5636	6.1459	5.5227	4.6722	4.2721	4.3237
EA_G__GJA7	4.8989	4.8475	6.9278	5.84	5.5942	7.4714	4.7178	8.5742	7.3874	6.8312	5.3196	4.6661	6.5742	6.9284	6.4528	6.9926	6.2159	6.8559	7.0645	7.013	7.5561	4.7611	4.9592	7.6568	5.2429	4.7212	6.6205	4.4482	5.435	4.9082	8.624	6.5147	7.1838	5.9559	5.7329	6.474	6.7178	4.9803	6.6005
EA_G__LIFR	3.1254	5.3269	7.4456	5.6366	5.5904	5.9904	6.8648	5.6356	6.7469	7.0785	6.7025	6.7629	6.2736	3.6609	4.6611	7.4623	3.3126	4.6649	6.206	6.579	8.1775	5.2909	6.2795	8.4742	4.6048	6.5072	5.5981	8.3784	3.6575	4.456	5.697	4.9695	7.9998	4.6174	4.4	4.9194	4.7245	5.909	6.6614
EA_G__DEGS2	10.094	7.8298	7.062	10.9171	11.1362	6.9738	11.1875	6.9282	7.169	7.3682	7.8178	11.8243	7.0946	7.2195	7.4204	7.132	9.1281	8.1767	6.9468	7.466	6.9471	10.052	10.3736	7.0186	11.2507	7.0805	9.9454	11.6743	10.5058	8.2788	7.3888	7.2168	7.1113	10.6843	10.3998	9.5285	10.7139	10.7919	11.6494
EA_G__PHCA	9.4805	7.0124	6.8136	6.733	6.9934	6.8958	6.8838	6.4098	7.1016	5.9372	6.1021	7.9612	6.1233	7.4588	6.4816	7.4683	6.4559	6.918	6.6104	4.7823	6.5791	6.3702	9.8663	6.8811	7.2654	7.1283	6.1298	6.2601	6.7278	6.7396	6.2054	6.767	6.9983	7.2969	7.1347	9.8195	6.9235	8.7412	4.3451
EA_G__SIDT1	5.7225	7.4447	5.3904	8.8752	8.5645	4.6729	8.5319	4.3608	4.6682	4.3873	8.7279	8.8931	4.4944	4.8537	4.7245	7.2688	7.114	4.5267	4.2934	6.0595	4.3148	8.5397	8.675	4.4179	8.167	4.9182	8.5383	9.0785	8.1899	7.1021	4.6199	4.8109	4.4668	7.8236	7.9261	7.9518	8.588	7.5637	7.6898
EA_G__NRP1	5.8023	6.0498	8.0452	6.71	4.9308	8.2096	4.441	8.138	8.1895	9.1956	6.0792	6.4417	4.4621	6.9841	7.1779	7.9053	8.0159	6.4355	6.616	7.5902	8.3999	6.9777	5.0405	7.6503	7.3881	7.5617	6.343	7.5409	5.0336	6.1362	8.3488	6.1973	8.7035	4.9171	5.9388	5.1546	4.6438	4.8869	4.5539
EA_G__CNKSR3	5.06	4.3108	5.5452	5.9153	5.1754	6.9733	4.262	7.7174	7.0384	6.7579	7.093	6.4602	7.8627	5.9133	5.4103	6.6012	6.5838	5.3453	5.8715	6.3588	7.1489	6.0796	5.2304	6.9354	5.1829	6.2601	6.0659	4.2492	4.7517	4.5474	6.9434	4.9648	5.893	5.3603	5.9813	5.3887	3.7367	5.9269	4.9541
EA_G__ALOX15	5.6846	5.5017	7.8356	5.2048	7.0995	5.0413	7.3458	5.794	6.049	5.0225	5.2275	6.833	5.1828	5.82	5.3026	6.9726	7.2879	5.1568	4.9275	5.9771	5.0502	7.7875	5.4194	4.8775	5.7052	5.1627	5.8205	4.748	7.5522	5.7924	4.8617	5.3688	4.8747	6.7162	6.6032	5.4903	6.5594	5.2819	5.5756
EA_G__ISOC1	7.1234	7.7312	7.7099	8.4881	7.9468	7.1505	10.1811	6.8003	8.3692	6.4391	7.8247	9.2481	8.0613	7.4609	7.6971	7.3787	7.7585	7.7394	6.4754	6.4981	7.13	9.2846	9.3326	6.4466	7.818	8.0524	8.6912	8.875	8.4946	7.982	7.6054	7.2698	7.2342	8.2947	7.5257	7.1917	8.0935	7.8404	9.2017
EA_G__WWTR1	8.5062	8.2368	8.9816	6.8254	6.4282	9.2967	6.3017	9.5252	6.9849	10.1663	7.4681	8.7618	8.6822	9.1395	10.0926	8.6425	9.9261	9.4158	10.9385	9.7446	9.7977	7.6245	5.7242	8.8946	7.0799	9.0873	7.4909	7.9722	7.2931	7.9894	10.0168	8.4116	7.8581	5.6614	7.8051	9.2749	8.2689	8.4534	7.9319
EA_G__RARA	7.7415	8.0728	6.8824	7.3062	8.5953	6.4986	8.1003	6.2955	6.8057	6.9795	6.9268	7.7523	6.3667	6.836	6.2488	6.8869	6.6594	7.1295	7.0633	6.867	6.4577	7.5889	7.6497	6.7765	7.4975	6.4896	7.2241	7.3317	7.1561	8.2712	6.7798	6.8118	6.954	7.0002	6.822	7.1679	7.721	10.1923	6.8625
EA_G__DAB2	5.6629	6.0574	6.362	4.4007	3.9271	9.6669	4.0868	7.4827	6.3865	9.0069	10.8663	10.103	5.6433	6.1758	5.0374	6.1662	4.7337	6.9188	7.4558	7.2915	9.8138	5.115	4.1987	9.5508	6.6207	7.8924	4.6273	8.6039	4.8335	6.3081	8.1656	5.948	8.5452	6.1107	7.4008	6.5954	4.5375	3.8524	6.5683
EA_G__TFF1	11.84	6.7837	4.897	11.4404	12.9215	5.4971	7.8702	4.3741	5.1241	5.0018	11.8255	12.4366	5.5277	5.3954	4.6693	5.167	8.9703	4.6936	4.9862	5.1043	4.7645	12.3462	9.3139	4.4746	11.1606	5.7316	11.3324	5.6288	8.5496	6.452	5.3551	4.8953	4.847	10.6487	5.5541	5.7562	7.7064	12.854	6.1027
EA_G__CA12	10.374	7.2275	4.013	8.3578	10.6613	4.4665	10.0681	3.8395	4.2274	6.9445	8.9946	11.4745	4.5173	5.784	5.8456	4.7064	5.8182	4.881	5.4007	5.0197	7.2481	8.5533	10.4266	4.9112	10.2303	6.35	8.8736	9.9468	9.5013	9.0564	7.9017	6.3439	8.7456	9.0545	4.6293	9.4214	10.2797	9.0996	8.3877
EA_G__PMP22	6.0959	5.1224	5.429	5.4594	4.9924	7.9781	6.3995	8.848	5.1563	7.6262	5.2112	4.8395	8.7645	5.8123	5.4972	5.4895	5.8946	7.2789	6.5533	5.0787	8.0606	8.4061	6.657	8.6806	9.0748	7.5881	7.8117	8.2058	5.4837	5.0125	7.6065	6.1094	7.5676	5.526	4.8133	6.7722	5.0781	6.394	6.6771
EA_G__DZIP1	3.8423	3.8318	3.6621	3.9976	3.6467	7.9986	3.7616	7.7736	7.865	6.4633	3.7432	3.8025	7.1699	5.7347	7.3229	3.8667	3.9119	5.2573	8.0773	5.5767	6.5828	3.9015	3.7455	8.5714	4.2862	3.9174	3.8676	3.8059	4.6561	4.3905	7.8718	4.8824	6.8542	4.2409	4.1679	4.2736	4.0125	6.6612	4.1754
EA_G__MAML2	5.1654	6.667	7.8134	4.6254	4.5892	7.6742	3.8292	7.95	6.2085	7.2799	3.5172	3.7807	8.8662	6.2387	7.5965	8.5358	8.6942	7.8364	7.5118	8.6885	7.9423	5.5006	3.9579	7.8878	6.8965	6.8569	5.7608	3.7884	4.3487	6.4097	6.6754	7.3799	7.2715	6.203	5.7587	4.7606	6.1689	4.2942	5.1283
EA_G__DLX3	5.9564	7.4632	6.5922	8.3925	7.6265	5.6094	5.938	5.6328	5.5027	4.8388	7.9765	5.8754	6.3403	5.8666	5.3924	5.3154	6.1978	6.2199	5.0285	5.6926	4.7268	7.0473	6.8724	5.288	6.4617	4.7899	7.0145	5.9772	6.8321	7.7375	5.3032	7.0645	5.2161	6.9139	6.6169	6.2	7.7697	6.3741	5.8481
EA_G__HACE1	6.2489	6.1913	7.184	6.3425	5.6273	5.867	5.9689	5.8489	6.2742	3.5867	6.6401	5.6932	6.7503	5.7821	6.5526	6.3742	9.3817	7.1327	5.922	6.4875	6.7325	6.1138	6.8469	6.205	6.2019	6.9263	6.2767	6.8818	5.5854	6.0655	5.9588	6.06	6.4395	6.1784	6.0459	6.4756	6.0242	6.6629	6.7753
EA_G__LDHB	5.2705	9.9549	3.3443	6.5869	5.9575	10.2955	3.0453	10.7181	11.0786	9.4898	2.9818	6.978	11.0733	10.9666	10.7587	2.5138	10.4313	10.2146	10.8921	8.2479	10.3377	3.0401	2.8244	10.252	10.0613	11.1245	9.6888	9.633	3.417	9.8014	10.5553	11.0504	10.9831	2.989	5.1717	10.1744	5.3941	7.9447	2.9497
EA_G__LEPREL1	5.7216	5.3689	8.7317	4.9851	4.4724	10.3012	4.557	8.9252	6.2886	8.0287	4.8272	4.6886	7.0575	7.3377	10.557	8.7823	4.9267	6.6553	7.275	10.0194	7.8041	5.2716	4.6323	7.7667	5.025	8.5047	4.5016	8.1409	5.3213	5.515	5.8187	7.5245	8.0967	4.9053	5.1145	5.3778	5.2092	5.118	4.9238
EA_G__INPP4B	7.4601	5.5609	6.5215	8.2586	7.8952	6.7976	9.0549	5.2547	3.8202	3.6908	6.6821	9.0399	6.2207	7.1384	7.9002	8.0145	4.926	6.9207	4.0702	6.683	6.1541	8.0536	8.007	6.2776	8.6376	6.7377	9.2115	8.2744	4.6256	5.9112	6.4328	7.1682	6.4642	4.5528	6.704	6.9154	7.0869	6.5131	4.7484
EA_G__RDH10	9.1517	9.0883	7.5021	6.843	6.2959	8.3037	6.7244	6.7136	5.8555	7.8794	7.7617	6.713	8.219	6.6153	7.7211	7.5158	8.3832	6.2322	6.3912	9.4819	7.3706	6.2381	6.2231	6.5457	7.55	5.9558	6.8019	7.9099	7.6223	7.884	6.3739	5.7911	5.6833	7.5739	5.9952	7.5585	6.6152	7.9319	6.5493
EA_G__STARD3	8.6038	11.0005	7.6703	11.6755	8.3238	7.704	8.3756	7.7797	7.712	8.0941	11.6862	7.7375	7.0771	8.264	7.7935	12.1044	7.9649	8.4927	8.6671	8.2598	8.272	7.7682	8.5094	7.7795	8.2495	8.4776	10.5954	8.2645	9.3549	10.7309	8.1765	7.3145	7.8384	8.3666	12.3685	7.7257	8.5737	11.2988	8.1594
EA_G__GAB2	6.5488	5.6516	5.0685	5.7538	7.2887	5.0992	5.4774	7.1803	9.1254	5.1476	5.5236	6.3058	5.4088	6.5113	7.2939	6.6694	6.5785	6.3099	5.6834	5.2341	5.3595	7.2553	8.1084	4.9912	7.2688	6.1639	6.0832	6.4576	5.9063	6.2963	6.8582	6.0527	5.5268	6.534	7.7334	6.4724	6.8633	7.2001	5.135
EA_G__GATA3	6.1846	6.0285	7.7046	9.1018	10.8993	4.9681	10.7896	5.7457	8.0649	4.7885	9.427	10.3545	5.8406	7.0576	7.0787	7.9689	9.3687	5.6591	6.5915	8.1065	4.9955	10.9892	10.6143	4.5959	9.7188	5.609	9.224	9.5855	9.916	7.2562	6.9	7.9032	5.883	10.1592	7.7068	9.5042	10.5263	10.2285	9.6733
EA_G__PITPNC1	5.9581	5.5345	5.4744	7.8044	6.3762	5.2162	6.9251	7.0212	5.1425	6.6952	6.5773	9.4228	4.747	6.4283	5.6002	7.1111	5.9105	6.5611	4.5402	6.7923	5.8769	7.2287	7.2535	7.215	6.1345	6.034	7.8241	6.7048	7.9891	6.3138	6.8045	5.0386	6.0261	6.8894	5.8866	4.687	6.4611	6.7829	7.1502
EA_G__ANKH	4.7353	6.1321	8.0863	5.4319	5.8632	7.5366	6.1278	8.4813	9.0894	8.5155	4.6888	6.49	7.8379	8.1721	8.2302	6.7129	5.1636	6.8831	6.3625	8.2345	8.8695	5.1663	7.006	7.9234	5.9965	7.4819	6.675	4.8461	5.6252	6.0369	7.6275	6.1743	8.3735	7.4034	7.0396	7.2997	4.911	7.1822	5.0068
EA_G__KIAA1324L	7.0722	7.9291	5.8406	6.1594	7.5937	3.7969	6.0241	3.5405	6.1971	3.7839	6.1411	9.4615	3.8884	6.493	3.4786	5.0165	3.8362	3.8949	7.1067	4.0078	4.4434	7.1592	7.6555	5.534	6.5206	7.1017	6.1845	7.6323	4.5317	7.5651	4.068	3.9375	7.2221	6.7877	8.2821	6.0238	7.1134	6.9685	6.0639
EA_G__ABAT	8.23	5.4464	7.4779	8.575	9.4055	5.3302	9.2967	5.496	5.4262	5.5373	7.6306	10.8312	5.688	5.6851	6.7821	6.747	5.2465	5.5203	5.3154	5.3766	4.9875	8.6121	7.7509	5.7589	7.5396	5.0792	10.0971	8.0442	7.7377	5.8369	5.7817	5.8305	5.4758	6.1131	5.8015	7.1274	7.9643	9.9256	7.7029
EA_G__ABCA3	7.4898	6.1001	5.9275	6.9381	8.2598	6.5877	8.6685	6.65	6.4291	6.0702	7.5984	7.7157	6.836	5.8417	5.8612	6.15	7.2382	6.8044	5.8351	6.2413	5.5762	7.7083	7.8356	5.9727	7.5575	6.7002	7.2912	7.0449	8.915	7.0031	6.1109	6.1814	5.8895	7.1448	6.7524	7.366	7.6447	8.529	8.656
EA_G__LOX	4.0749	4.3528	4.0982	4.4889	3.8604	11.8002	3.914	6.6246	6.7898	7.5504	3.5531	4.0064	8.533	6.0924	5.0426	3.8545	6.5508	7.0379	9.1134	6.2016	11.1703	4.1135	3.8759	8.062	4.1215	7.2851	4.4892	3.6242	4.1681	3.9021	11.4184	9.062	6.3026	3.8599	5.276	4.396	3.8898	4.255	5.2499
EA_G__DLG5	8.5367	8.2051	7.6128	7.6054	7.9137	7.4257	7.389	7.1702	8.661	7.0411	7.5975	8.4243	6.8348	8.0736	7.2262	7.4377	7.5578	7.6163	7.1961	7.3677	6.5017	8.3969	7.8307	7.1467	8.2111	7.1437	8.1074	8.0102	7.7634	8.54	7.7252	8.865	8.3913	8.8652	7.819	8.1331	8.281	7.9264	7.9025
EA_G__FGFR1	5.0629	5.3554	5.4223	7.1583	7.1868	7.3778	7.1919	5.869	9.3985	7.4098	6.7101	6.4214	7.082	5.6584	5.8466	5.71	6.7644	6.2995	8.9022	6.329	7.4693	6.4525	11.2183	7.7328	8.0974	6.7207	8.2795	6.8672	6.3893	5.584	7.5019	5.7406	6.9605	5.9161	6.5106	7.1753	6.2782	7.357	7.4174
EA_G__DSE	6.5087	4.9218	7.4749	5.6022	4.7233	8.355	4.9347	7.6562	6.4394	6.6805	5.0587	4.8985	7.5324	6.6408	7.9313	5.3415	7.9374	7.4554	7.7246	8.003	8.3474	5.7104	5.3844	8.2435	5.5075	7.6652	6.1001	5.1929	5.5859	4.9368	7.761	8.7834	8.6778	5.2952	5.4813	5.2387	5.0241	5.9327	4.7765
EA_G__ACTG2	5.7094	6.42	8.1969	5.9149	7.4512	6.5615	7.8168	7.2358	6.044	9.6112	6.8146	6.0135	8.13	6.1929	6.7957	6.5218	6.5331	11.4434	7.5453	6.4375	9.7153	7.6086	6.4451	7.0741	9.1921	6.0054	8.2602	6.1646	6.5419	6.9759	6.7062	6.2758	7.635	5.896	6.1101	6.5448	6.3778	6.1246	5.9909
EA_G__UNC13D	7.2054	8.5678	8.403	6.589	8	5.9315	6.46	7.585	6.7512	6.1501	6.4098	7.9107	6.1484	7.6261	6.5748	8.1147	6.6524	6.8474	5.9809	7.1011	5.9956	7.1245	6.1055	6.002	7.0397	8.6899	7.4076	6.6057	6.9214	9.2958	6.2236	7.8169	6.2601	6.8333	6.4987	7.0049	7.8597	7.6537	6.2393
EA_G__KIAA0040	7.8069	7.4789	6.7956	8.0575	9.0121	3.8	8.4048	6.4704	6.2146	3.5663	7.7336	8.3521	5.6685	8.0741	7.745	7.301	6.8134	6.2849	4.5853	7.7369	4.0879	6.7455	8.3812	4.2463	7.4731	4.9457	6.8716	7.5622	7.7957	7.5472	3.741	6.2459	5.6792	7.6424	7.7124	8.7967	7.0601	8.0289	7.7549
EA_G__ITGA5	6.3772	6.5342	7.6128	5.4102	7.6442	7.8303	4.9929	6.7368	7.765	9.1896	7.0523	5.2835	7.3501	8.4005	6.6512	8.1923	7.09	7.8664	9.0643	8.8209	11.1238	6.3823	6.1907	8.059	6.6655	7.7972	6.2126	7.0346	5.9778	6.1176	8.4345	7.5599	10.4308	5.1878	6.8545	7.1407	6.7302	6.2623	5.62
EA_G__SYK	6.4062	5.9849	7.3582	7.3327	7.0955	4.7423	5.0707	5.0835	6.2633	4.4833	4.4849	6.8967	4.6334	7.5505	7.6245	8.463	6.9189	8.076	4.409	4.8371	4.7997	6.8805	4.6771	4.5247	7.3438	4.6861	6.3931	4.4987	5.1463	7.264	4.8881	4.8966	4.8173	5.6372	7.2579	7.2591	6.9358	5.5448	6.3764
EA_G__AKR1B1	4.6938	6.0548	11.1521	4.8622	4.4778	8.2157	4.4619	4.565	6.3662	10.5992	4.6497	6.9879	7.0157	8.1308	9.1844	5.175	4.7671	8.4129	9.049	9.0045	9.0431	5.0227	4.6497	8.4728	6.866	8.1635	4.946	6.5897	5.4319	5.2901	8.4605	9.627	10.232	4.7564	4.8857	5.1681	5.0863	4.8373	4.9029
EA_G__MFGE8	7.6741	6.2973	7.9092	5.5622	6.729	7.8529	5.5358	8.7195	9.3836	9.1562	5.2872	6.4602	8.088	6.5464	6.5045	7.0548	5.6676	7.9345	7.665	8.5882	8.5229	6.729	6.9641	9.626	6.8217	8.7395	6.6203	6.5256	6.2627	6.3128	7.3457	8.2244	8.164	5.8954	6.711	7.0257	6.2964	8.3133	5.7129
EA_G__DGAT2	7.2799	7.332	7.2533	6.6673	7.965	8.3338	6.793	8.1477	10.0431	7.9407	6.4224	6.7501	9.0412	6.875	7.3975	6.9004	7.9026	7.6489	7.2634	8.3765	7.1782	7.7189	6.9761	6.9919	8.6463	7.3746	6.3347	8.788	7.7984	6.9102	6.8479	8.7216	7.0924	7.0184	8.1387	9.2249	7.3643	8.7326	7.1686
EA_G__LLGL2	9.3921	8.6915	7.7394	9.2172	8.9636	6.2317	8.8119	8.2638	8.0503	6.7246	8.8674	9.3444	7.2747	7.7949	7.7966	7.8608	8.3801	7.9179	6.2965	8.1822	6.0368	9.9449	8.5159	6.5672	8.6457	6.5173	10.4167	8.8447	9.2616	9.2767	6.1906	7.5902	6.2778	8.6172	8.4538	8.1435	8.5877	8.313	9.276
EA_G__SLFN11	4.0289	7.3239	5.1422	3.4401	6.6335	8.8063	3.6834	6.7822	4.9182	3.8921	3.64	3.5673	3.7837	6.9671	3.7642	3.9415	6.6266	3.7182	8.7167	4.0784	3.9653	3.8785	3.8369	5.043	7.1813	3.6201	7.8717	3.9968	4.9768	6.6291	3.8912	4.3298	8.1337	4.0513	4.9569	8.2407	7.1963	5.6434	3.6617
EA_G__SLC9A3R1	10.8284	10.4111	9.8632	10.9597	12.1339	8.7121	11.6704	8.938	9.3166	7.8985	11.4576	12.2228	9.8097	9.4062	9.2397	9.4918	10.1126	9.0002	8.2983	10.211	7.7047	11.5335	10.9539	7.5431	10.175	9.0363	12.6162	10.3807	11.9228	10.702	7.9923	8.16	8.1862	10.5458	9.9597	10.2024	10.9276	11.5295	11.3238
EA_G__PLS3	8.5024	8.5034	10.6252	5.8148	7.2577	10.2417	6.775	10.178	8.0677	8.6415	8.9161	8.5303	8.6841	9.4534	9.3802	9.6655	9.0918	10.7811	10.4548	9.9395	9.3095	2.9423	2.9913	8.6509	6.9315	9.6195	7.9502	9.2696	7.3506	8.6755	9.637	8.4954	9.0071	6.3094	7.9355	8.0676	7.7958	3.0837	7.5616
EA_G__RCN3	5.2909	5.3223	5.2139	5.3075	4.8944	7.2725	4.8899	7.2447	6.9714	7.8065	5.8705	4.9802	7.0715	7.8726	5.8531	5.3134	7.9319	5.9486	6.2787	5.7989	7.4315	5.6812	5.1465	8.6519	5.1569	5.1262	5.037	5.0976	5.9227	5.2641	8.8111	5.3963	8.538	4.9039	5.7068	5.2303	5.3868	5.1206	5.5482
EA_G__RCAN1	8.3981	7.276	8.0798	5.9413	6.4002	7.1087	6.4347	7.2862	6.3657	5.7634	6.2422	6.0939	8.7301	5.979	6.7756	7.0026	6.7504	6.2905	7.4835	8.3032	6.4474	5.9538	5.8937	7.2709	8.4988	6.5914	6.3447	7.4459	6.391	7.0801	7.2268	6.5082	7.1898	6.2648	7.5662	6.6532	7.4684	6.9513	6.7413
EA_G__TMEM45A	3.4262	5.435	6.4061	3.6833	3.8514	7.4132	3.5319	7.2249	4.0808	6.8617	7.5313	3.9416	3.8688	6.2257	8.9489	7.9683	6.9746	6.5289	6.6702	7.6299	7.5793	3.9082	4.449	8.7799	5.8345	6.7967	3.7988	7.9835	4.2971	5.4476	8.3158	10.5267	8.06	7.0406	6.3913	8.6417	3.2231	4.2422	2.72
EA_G__FAM114A1	8.5697	4.6273	7.2249	7.0132	7.2669	8.3277	6.7241	6.9198	6.2194	9.2098	8.5856	4.9727	7.0553	6.6427	7.0419	7.348	7.5489	7.448	8.6982	8.5022	7.9607	6.5231	6.5674	7.9671	6.9999	7.0661	7.7345	8.8432	4.6979	4.2656	9.1323	7.0262	7.5342	7.3642	8.5755	8.3261	7.029	6.7925	8.3748
EA_G__FOXA1	9.78	9.0384	8.3542	10.3303	10.2426	5.7805	10.2446	6.6946	6.2072	5.6298	10.1068	9.1466	5.6115	7.0308	7.1831	8.5271	9.8686	7.3927	5.4563	7.5836	5.5995	9.8998	10.0039	5.6855	9.643	6.0524	10.1447	9.4248	10.0194	8.8238	6.1961	6.457	6.1073	9.5103	9.6063	9.8896	9.6996	9.7959	10.3109
EA_G__MMP2	4.619	4.7727	4.6578	4.5862	4.3656	4.9219	4.4867	7.6929	5.7732	10.9422	4.4826	4.4733	4.9088	6.0595	5.4077	5.6186	4.9941	4.6012	7.4544	5.7767	10.3265	4.9834	4.8745	9.8229	5.0684	4.6176	4.5248	5.481	5.6996	5.2895	9.6213	7.411	9.4531	4.7076	5.1615	5.1411	4.8119	5.1935	4.914
EA_G__PRKAA2	8.0302	4.662	7.4372	6.785	7.1607	3.6146	3.5888	6.7853	4.3759	3.844	7.8428	7.047	4.9962	4.6438	5.4194	7.5108	6.1764	8.9101	5.5563	7.0928	7.0815	4.4841	7.5284	4.0888	5.4735	8.2387	6.3459	7.3935	7.3877	4.6852	7.404	6.4435	4.3005	9.8826	8.7004	8.7343	7.2639	7.2116	5.8771
EA_G__KIF1A	5.441	5.8699	5.6009	9.6423	8.2468	5.5019	5.5673	8.863	9.3245	5.5078	5.1426	6.0836	5.5474	6.3807	5.3728	5.6188	5.6387	6.2192	5.5329	5.7274	5.357	6.7221	6.5349	6.5204	5.709	5.5465	8.3424	5.3544	6.1882	5.839	6.2375	5.9585	5.7378	9.1116	6.7563	5.7625	5.6265	5.5712	6.7046
EA_G__EEF1A2	8.724	10.195	10.7909	10.1908	10.7744	7.0377	10.2507	7.8491	6.0991	6.8516	8.2655	9.0378	6.769	8.7147	8.2178	9.52	6.3966	6.868	8.5526	7.5921	8.032	10.7881	9.8957	9.2038	9.8723	8.1047	10.1051	7.9425	9.8692	7.5646	6.6486	9.7901	7.7531	8.5854	9.8363	7.4054	10.1629	9.1895	11.0605
EA_G__PLEKHB1	7.6231	5.254	5.0693	5.3977	5.4151	5.0068	4.9418	4.9636	5.7412	4.9862	4.8703	5.4097	5.8666	5.3732	5.3426	5.1327	5.889	6.695	4.8447	6.0074	4.9419	7.3042	6.8043	4.8678	6.6047	5.5008	7.3923	5.9226	6.5504	5.4433	5.4751	6.104	5.0925	7.2975	5.5648	7.2707	6.1883	7.2146	5.1969
EA_G__CLDN3	8.0034	8.9717	6.0866	8.0567	10.0582	5.2854	9.4834	7.6571	6.3263	4.6532	8.4969	8.109	5.5586	6.0856	7.1229	6.3996	5.3265	5.3363	5.0908	8.3048	4.9669	9.8658	8.5015	5.456	6.7233	5.1811	9.0222	9.0383	8.3115	8.5947	5.1358	5.1889	5.4921	9.2728	9.3196	7.4412	9.7707	9.9995	5.38
EA_G__KIAA0644	6.6204	7.8892	5.8869	7.22	7.5292	5.0429	7.1733	4.6612	6.9032	4.7288	6.0241	7.1183	5.0476	5.3085	5.1206	6.1557	7.1336	5.2546	5.1951	6.8486	4.7598	5.6884	7.036	4.7568	6.3434	4.8293	6.4892	6.3319	6.5456	7.9545	4.9716	5.2662	5.3064	7.3471	7.7024	6.1171	6.8002	7.5086	6.8457
EA_G__C16orf45	5.513	6.8769	6.1887	6.0307	5.9063	5.9137	5.1053	5.7484	5.3196	6.2622	6.2757	5.362	5.7197	6.1233	5.5063	5.5949	6.164	5.3603	7.1987	5.7951	8.7459	6.1757	5.5124	7.548	6.6192	6.8892	5.5918	6.0186	6.41	6.7274	7.9713	5.7848	6.6187	5.4728	5.3996	5.9732	5.9187	7.8131	7.9662
EA_G__KIAA0195	9.2317	8.1195	7.5064	8.4064	8.8743	7.8452	8.7581	7.6728	8.2281	8.5923	7.9728	8.9658	8.4402	7.6967	7.5845	7.5539	8.6972	8.2867	8.4437	8.0899	7.5258	9.5723	8.7357	7.8019	8.1276	7.7026	10.6093	7.8048	9.2293	8.7163	8.6271	7.8546	7.5508	7.9325	8.4612	8.1096	8.3298	9.5459	9.2109
EA_G__TOM1L1	9.489	7.6603	7.8456	11.1528	8.9596	7.4255	9.1088	8.7525	6.8062	6.4184	9.3334	10.0995	7.2869	7.4997	7.2579	8.116	8.1689	8.1728	8.2532	7.2323	6.7395	9.3382	9.1966	7.8329	9.1409	7.7808	9.9911	9.1808	7.9222	7.5116	9.1269	7.732	8.0915	8.2536	8.7812	8.208	8.9751	8.6278	9.847
EA_G__PRKCDBP	4.8323	4.9869	6.6066	4.8024	4.8467	7.0079	4.9027	9.1517	5.7634	8.3214	4.4053	4.6242	7.4982	8.314	8.1819	4.8293	5.4113	6.7699	7.3649	6.0356	8.2985	5.3427	4.9622	7.9633	5.8675	8.1638	4.8741	6.2092	5.7995	5.1549	8.6926	7.6327	8.5386	4.9303	5.1614	4.9373	5.379	5.3021	5.1032
EA_G__SLC44A4	11.6736	6.0217	5.1742	6.4575	6.28	5.1744	5.8406	5.1784	5.4359	5.1851	5.2161	5.3873	5.2039	5.4683	5.0755	5.4196	9.9478	5.5018	5.1499	6.7549	5.1958	5.7798	8.0796	5.3333	8.6219	5.4313	5.9026	11.0876	7.5139	7.3705	5.4841	5.7716	5.4328	11.6179	5.6014	6.6319	5.8825	6.0667	10.1028
EA_G__EXT1	6.9002	7.2851	8.0007	7.2317	7.4158	9.4078	6.2099	9.0509	8.0849	9.5899	7.5442	7.2337	7.5812	8.4481	9.2912	10.1238	9.2087	8.4022	7.6371	8.1848	10.0477	6.7105	5.5645	9.9259	7.4582	9.0962	7.2525	7.5283	7.3022	6.8852	8.3403	7.8279	8.393	7.9956	8.4691	6.9261	7.0398	7.4408	6.3569
EA_G__IL1R1	5.2433	6.2627	5.8067	6.4215	5.9244	6.9492	7.1119	4.9937	5.9677	7.8353	3.6556	3.6594	6.2725	4.2437	4.4349	5.2934	8.6186	5.4512	6.8552	6.9971	6.0492	5.0264	7.5645	6.6671	6.0735	4.3427	7.0316	7.5953	9.5627	5.5494	6.534	5.8414	5.9406	5.4326	4.8437	5.9686	5.867	5.7212	6.7576
EA_G__PARD6B	6.6898	7.453	8.2745	7.9356	10.2482	5.6462	9.0659	7.4407	7.1044	6.5166	9.1497	8.5948	7.3837	7.5392	7.1739	7.7258	7.8017	7.1111	5.7964	7.4969	5.8639	9.7913	7.6396	5.8916	7.8763	7.6107	7.4723	7.3893	7.1206	7.9257	6.5983	7.1532	6.0187	7.9875	7.3888	7.7564	8.7348	9.9907	7.6213
EA_G__DHRS3	9.1029	9.4374	9.15	5.9608	5.5941	7.1532	5.6841	6.3806	7.0955	8.0214	9.7318	5.5812	8.6881	7.7766	8.8251	9.3762	9.5124	7.4589	6.0606	9.8214	7.6457	6.4916	6.7985	6.2338	7.5048	5.4516	6.4334	7.4001	6.1612	9.0275	6.5603	6.5974	6.912	7.5027	7.3798	8.8044	7.5105	6.0373	7.6803
EA_G__KRT19	12.6916	12.4257	11.7226	11.8694	12.9008	5.3088	12.0071	11.0092	10.8661	5.2972	12.4057	12.4572	5.4234	11.375	5.3996	6.6896	12.625	10.7132	4.9996	11.9989	5.3899	12.1304	12.2871	4.8359	12.0948	8.5044	12.135	12.3305	11.3655	12.6503	6.0673	11.4019	5.1683	11.8464	11.3409	11.6161	12.478	11.9621	11.4901
EA_G__GNG12	7.9257	8.0554	9.1125	6.9215	6.2823	9.5214	5.0723	8.6155	6.8475	8.645	7.8236	7.2029	8.1673	7.6447	8.9862	8.8599	7.3246	8.9495	9.2848	9.2523	10.1455	6.6554	6.6615	8.7552	6.672	9.0735	6.6523	8.8439	7.2152	7.7602	9.7441	7.9395	9.8269	7.4973	8.4644	7.8464	7.0967	6.8414	6.0561
EA_G__DUSP6	9.8728	5.2274	7.0322	9.4609	7.1006	5.9895	4.9247	5.8978	4.2526	6.6354	8.795	5.5236	4.7839	9.6087	7.3352	8.9962	6.4023	7.7043	5.4817	5.005	7.6371	5.4104	10.0187	6.56	10.2348	10.3426	5.7494	8.1152	9.5996	5.0428	6.9765	6.9249	6.2371	9.1666	11.5639	11.3319	6.2762	7.5986	5.0224
EA_G__NCOA1	5.7013	6.7755	6.6703	6.6969	6.4277	6.0786	5.9324	5.7387	6.4161	5.8875	7.9094	7.0539	6.4869	5.1038	6.4759	6.3607	6.9388	5.9142	6.0282	6.6922	6.4098	6.8043	5.7002	7.2551	6.1257	5.8861	7.114	6.5122	6.1483	6.4088	5.6262	5.6425	5.8318	7.6638	6.5291	6.9219	6.5437	6.7976	6.6471
EA_G__ALDOC	6.2369	8.6388	6.0756	5.4163	8.3213	5.4514	6.5337	7.6218	6.1767	5.4101	6.7819	5.1834	9.4752	9.124	5.6227	7.5021	6.4042	8.1628	5.3074	5.6819	5.4596	9.3677	8.7188	5.2114	7.1643	8.7962	5.2821	6.0757	5.9179	8.6731	5.6502	7.4675	6.9394	8.492	5.5922	7.5905	9.0665	10.1178	5.624
EA_G__SPARC	4.5171	4.8293	4.2373	4.5504	4.2699	11.8832	4.6628	6.7226	5.1153	9.4855	4.3425	4.5079	9.4465	4.4679	6.789	4.6287	4.3059	10.9051	11.0077	4.8481	12.1508	4.6314	6.3594	12.8203	6.4311	7.2862	4.4453	12.4428	5.2404	4.8983	8.4651	5.4089	10.5706	4.7633	4.774	4.8747	4.5219	4.6737	4.7502
EA_G__GDF15	8.7068	7.1724	5.6526	5.962	9.4267	8.161	5.4139	4.8212	5.2088	5.2556	9.4947	5.5548	5.304	6.6795	5.3912	8.6846	5.6073	6.0021	4.7668	5.3299	5.2659	9.0769	6.3475	4.9128	10.0786	5.4678	6.8564	5.8438	6.2679	5.9322	5.7552	5.5337	5.7553	6.3737	9.3912	6.9215	6.5323	8.1624	6.3288
EA_G__MUC5B	9.6932	6.4361	5.9022	6.9314	7.7404	5.8684	6.7346	7.1014	5.912	5.8945	5.7874	6.5453	7.6719	6.1315	5.7623	5.913	6.0889	5.8992	5.7273	6.1171	5.8392	6.814	6.4839	5.7219	7.028	6.0495	7.1666	5.8982	6.7563	6.287	6.0671	6.2929	6.0471	5.946	6.0624	6.3067	6.072	9.8801	6.2141
EA_G__SUSD4	6.3578	6.6804	6.1263	6.6157	8.607	5.1199	5.6575	9.2095	9.982	7.2765	6.8583	6.6596	6.4585	5.2454	8.243	6.3725	5.7532	6.6212	7.8351	8.388	5.3817	7.784	9.681	8.2303	7.4646	5.849	6.7063	7.8361	7.3116	5.899	6.0963	6.1151	5.3051	6.2632	5.8529	7.8561	5.7485	8.0041	8.6487
EA_G__SYTL2	6.4223	4.9566	6.8946	6.9103	8.1367	4.8492	5.4838	3.9633	4.0345	4.3987	6.4077	7.0164	5.1359	3.4857	4.438	8.1738	5.3483	5.8942	4.075	6.6446	3.8372	9.1756	6.6909	5.6328	6.3496	4.8433	6.7037	7.0191	5.0262	4.9142	5.3838	4.623	3.4051	7.0082	6.9383	5.592	4.812	8.4366	3.9156
EA_G__IGF2BP3	3.6624	4.2122	8.2012	3.8851	3.6266	4.6605	3.6779	7.2037	4.1296	7.5191	4.0699	3.6299	7.7252	8.3337	6.971	7.5306	4.3622	6.5162	8.1443	7.9738	7.2336	4.2482	3.9471	8.6283	4.0471	7.7226	5.4133	4.7006	4.2992	4.4079	8.7171	4.3408	5.2561	3.7931	4.4225	5.3115	4.8538	3.948	3.8747
EA_G__RPS6KB1	7.9285	6.8347	6.7477	9.686	7.7783	6.8791	7.8417	7.1181	7.0867	6.566	7.7392	8.4481	7.0803	7.3503	7.0176	7.2514	7.1259	7.4042	7.96	6.3461	7.2677	10.5843	7.5458	8.3166	7.0482	7.3725	9.0959	7.2654	7.6868	6.4024	7.9014	6.8211	7.5454	7.1291	7.0397	6.9892	7.5328	7.5836	7.8682
EA_G__EPB41L4A	6.9861	4.8197	5.9817	7.0521	5.6139	3.9585	5.7618	5.0865	4.4588	4.1933	8.3309	7.5778	3.9447	4.723	5.6705	6.4675	7.9628	5.5236	3.7847	6.6248	4.0786	4.7297	7.9019	3.733	7.1104	5.7975	7.6741	9.1353	8.1433	5.9446	3.8929	8.5043	4.0766	8.46	8.061	7.4104	6.8676	6.1666	5.3605
EA_G__BMP1	6.6703	6.5794	7.9687	6.0246	6.445	8.212	6.0746	7.1822	9.0463	8.0235	5.4548	6.9235	6.8115	6.6383	7.5455	7.9091	6.5834	7.2222	7.792	7.3279	8.4422	6.6899	6.5585	9.678	6.943	7.0429	6.1197	7.0648	6.6947	6.5005	7.0603	7.7511	7.8272	6.9575	6.411	6.4197	6.3307	6.3149	5.8934
EA_G__ZNF229	3.015	4.6623	7.1887	2.679	6.6821	7.6054	3.1535	3.2399	5.4165	6.0542	7.8117	7.9884	3.159	5.9597	7.2242	3.2274	6.9587	7.4403	7.8787	6.0636	7.3658	5.8555	3.3461	3.4757	4.6122	3.2397	5.8217	6.1627	4.6086	4.8024	6.858	3.1826	4.5299	3.9861	6.7068	5.4143	4.9974	5.5777	4.7369
EA_G__KRT13	6.9552	7.2847	6.701	6.1001	10.33	5.8539	5.749	6.2374	5.8131	5.8504	5.8338	8.2877	5.8424	10.3909	10.2844	6.4656	5.958	5.8992	5.5661	5.9554	5.8534	6.0885	5.618	5.3836	6.2938	5.7852	5.6344	5.7481	6.6622	7.0171	5.947	6.2364	5.6979	5.7858	5.9224	6.0699	7.0802	6.0486	5.977
EA_G__CASKIN2	7.6011	7.3359	7.6148	7.5427	8.1321	7.0714	7.8006	7.509	7.4029	7.4591	7.2616	8.3236	7.3482	7.4533	6.8615	7.0004	7.2135	7.2855	7.1834	7.3138	6.7536	8.6303	7.0034	7.2135	7.6133	7.2308	8.7965	7.2082	8.7073	7.608	7.3409	7.3259	7.1055	7.4963	7.711	7.4028	7.4153	7.9668	7.9551
EA_G__TLE4	4.0222	3.8544	5.4521	3.904	4.018	8.7904	3.9341	6.1528	6.7137	7.0187	7.207	3.7176	4.7436	5.6386	6.3728	5.9757	6.085	6.4427	7.5938	6.9186	7.7927	4.2411	5.3919	8.2546	6.0291	3.7657	4.0863	3.8625	5.7479	4.681	6.409	6.5703	4.2996	6.8817	5.3884	4.1489	4.2274	3.6597	4.2559
EA_G__FLJ21963	3.8881	7.8605	3.8025	4.6116	6.1423	3.7657	5.0162	4.5512	5.6827	3.7178	4.4978	9.5439	3.6912	5.7086	3.5851	3.9281	4.6064	3.5861	6.6594	3.5759	3.7577	8.4698	4.9766	5.1395	6.5431	7.8168	3.4088	7.7311	4.3437	8.0313	3.8298	6.2589	3.7492	3.5876	5.6069	4.2478	7.0205	7.0556	4.1461
EA_G__FBP1	7.5216	5.2071	4.8652	9.4178	8.9701	4.6472	9.2616	4.5261	4.8	4.8787	7.7114	7.8887	4.5754	5.8823	8.7709	5.6515	4.8183	4.6158	4.5283	7.404	4.6383	10.3261	9.9083	4.6404	9.948	4.8766	9.9939	8.753	6.105	8.9461	4.7417	7.7847	4.8368	9.9019	7.8951	8.5676	8.2741	9.6585	9.9927
EA_G__SGK	4.2316	5.0406	7.2857	5.4106	5.3314	9.0838	4.1858	8.9248	4.3511	8.7011	6.361	5.0384	6.6596	7.7021	7.7639	6.6802	5.1726	7.019	9.4103	6.1623	9.2354	5.3706	5.9424	8.3272	5.1426	8.4342	7.6622	3.713	5.0158	4.8986	9.7393	8.7562	8.0896	5.5156	6.1843	7.5815	4.7744	5.5835	5.6857
EA_G__ANTXR1	5.3638	5.021	6.8935	6.2803	4.3643	8.3203	6.4484	7.9829	6.8212	6.5266	4.5447	5.1114	6.4815	6.0603	7.8974	7.4695	6.41	7.5128	8.3548	8.5385	8.4815	5.5532	4.8534	9.1346	5.6954	7.7099	4.9336	5.5327	5.7268	5.1019	7.686	8.0006	8.3681	6.3598	4.7558	6.7588	6.3156	5.2435	4.9089
EA_G__ATP2C2	7.3612	7.1301	6.3762	8.2179	7.788	5.3497	7.7028	5.9351	5.1224	5.0997	8.4417	7.4719	5.2602	7.0346	7.169	5.8961	8.3016	6.6985	4.6332	6.8254	4.8393	8.1187	6.7656	4.7757	7.7212	5.1175	7.5495	8.7963	7.9613	7.5787	5.4452	6.4738	5.2595	8.2752	8.3637	6.7796	7.0768	7.274	7.6677
EA_G__PAAF1	6.3315	6.2222	5.9607	8.1304	6.716	6.9557	5.9053	5.7181	5.373	6.4287	6.1322	7.0673	5.9076	6.3043	6.4805	6.2198	6.9989	6.2865	6.4644	6.2567	6.5739	7.0299	9.1442	5.9782	6.1653	6.2655	5.6658	5.5522	6.3692	6.2362	6.1288	7.3717	6.9051	6.1696	7.2533	7.1738	7.7825	7.5118	6.7013
EA_G__KIAA1324	9.1151	8.7391	5.5267	9.9689	9.3165	4.7668	10.7206	4.988	4.7104	4.92	9.8157	9.2718	5.0802	4.8433	5.3249	5.2066	8.9328	5.2349	4.8067	6.1461	4.7633	10.4682	9.8777	4.8393	8.4161	5.5117	10.5581	11.1607	8.8761	8.3421	5.2686	5.0444	5.1043	8.8778	10.1644	9.1857	8.7249	9.1258	9.4421
EA_G__C9orf19	4.855	6.829	5.2071	5.2876	5.7361	6.026	5.1261	6.4771	6.7151	6.7726	5.3678	4.8164	7.5139	5.4878	6.4374	5.5258	7.9401	7.2436	7.8618	7.5982	6.9045	5.816	6.7327	9.8291	5.6739	6.2212	6.3068	4.5292	5.5009	5.9774	6.2198	6.1858	5.8776	6.0657	5.6259	5.4415	6.019	5.3041	5.1365
EA_G__IRF1	7.6982	7.006	7.6716	6.2702	7.2857	7.9649	6.6868	7.0591	9.5285	7.102	6.2165	6.4752	7.849	6.7248	8.2268	8.5606	7.1732	7.0029	7.9304	8.6831	8.1805	6.4556	6.9864	7.736	6.9595	7.2986	6.5244	7.6743	5.5382	7.2615	6.8532	6.8387	6.9039	6.6999	7.2248	6.5218	6.4656	6.2076	5.5574
EA_G__PIGS	7.5697	8.5192	6.8888	7.5384	7.3005	7.0996	7.4286	6.3865	6.7787	6.7768	8.2206	7.0898	6.9207	6.921	7.0373	7.7928	6.9324	6.8199	7.1571	7.0957	6.2242	7.6895	7.3205	6.4457	7.3331	7.1863	7.4162	6.9111	7.4132	8.3361	6.8413	7.2873	7.503	8.072	7.9713	7.4937	8.455	9.3036	8.1412
EA_G__WNT5A	4.2203	5.7588	8.2415	4.3574	4.0287	4.6156	3.8004	4.9342	4.0127	7.1312	3.588	3.8275	4.9674	4.6742	6.1426	5.2261	8.387	5.6833	8.2455	5.7529	9.2519	4.4068	4.1971	6.9374	6.4325	5.785	4.2147	5.1055	4.6322	7.5613	6.4118	6.8442	7.2737	5.3906	5.0865	4.6946	4.6565	3.9395	5.703
EA_G__DNM1	5.9198	5.8274	5.8634	6.6095	6.0385	7.1828	5.7542	6.827	7.7025	5.8585	6.1194	6.334	7.8373	7.2976	6.1526	6.048	7.1713	5.8543	8.6239	7.911	6.815	8.0219	6.7251	8.2017	6.0095	6.554	6.9754	6.4942	6.5475	6.308	5.7997	6.9226	6.0011	5.8212	6.3635	6.9134	6.1994	6.0778	6.8304
EA_G__PTPRM	6.1723	5.206	6.3564	5.8235	4.0196	4.3371	5.1707	6.9291	4.1798	6.622	4.0832	3.8877	6.3608	4.1431	5.9112	5.6496	3.9882	6.5661	8.2248	6.089	7.8979	4.1385	4.2472	7.2107	6.9261	8.0141	5.921	4.5732	5.0201	4.3981	6.7359	8.1968	7.0189	5.2382	5.5253	5.3613	4.3122	5.5276	7.1118
EA_G__SNAI2	4.1699	3.7124	6.6607	3.6871	4.9983	9.1313	3.88	6.4837	3.2197	8.7471	3.8197	3.4385	9.9938	8.7811	7.6103	8.0586	3.6267	5.6992	9.113	6.23	9.6167	4.5304	3.9551	10.2171	6.415	6.0717	4.3797	4.0291	3.8604	3.2179	9.5792	6.7031	8.0848	4.5561	3.8284	5.6708	3.7912	4.4566	3.9037
EA_G__MAPK13	8.8569	5.7396	8.8783	8.9074	8.7232	5.4127	8.4843	7.2281	6.6557	5.5989	8.9054	7.3132	5.6793	9.2513	7.9948	7.8879	7.9473	5.5743	5.7215	9.0168	5.3583	7.9377	9.0236	5.4413	8.6852	8.6457	9.7135	9.2189	8.8961	6.4072	5.5621	8.1762	5.5973	9.1242	8.9669	8.3048	8.7898	7.7641	8.6697
EA_G__TSPAN15	10.7984	9.8778	9.8263	10.9843	10.8123	5.9455	9.6871	8.6585	7.7059	7.1726	10.0108	11.304	6.5389	8.5996	8.2911	9.3744	10.3737	8.5205	6.7083	9.9074	5.7659	9.8403	10.1996	8.4957	10.7309	8.9092	9.9043	11.0955	10.7178	10.8031	5.8294	6.72	5.9083	10.8783	9.4913	9.7656	9.5826	10.1287	9.2614
EA_G__CRISPLD2	4.9521	6.5086	6.0046	6.4789	6.4204	8.341	5.3443	5.3199	9.5989	6.4407	5.1924	5.9152	5.1351	5.9629	7.4849	5.9673	6.3755	6.8858	7.9022	6.0834	7.0641	6.0562	4.6744	6.4748	5.8013	5.4103	7.1873	4.8537	5.9612	6.0439	4.6397	5.7479	7.8721	6.6619	5.7479	5.5499	6.5141	6.0975	5.8106
