Cell lines	600MPE	AU565	BT20	BT474	BT549	CAMA1	HCC1143	HCC1187	HCC1428	HCC1569	HCC1806	HCC1937	HCC1954	HCC2185	HCC3153	HCC38	HCC70	HS578T	LY2	MCF7	MDAMB134VI	MDAMB157	MDAMB175VII	MDAMB231	MDAMB361	MDAMB415	MDAMB453	SKBR3	SUM1315MO2	SUM149PT	SUM159PT	SUM225CWN	SUM52PE	T47D	UACC812	ZR751	ZR75B
Response	-1	1	1	-1	1	-1	1	1	-1	1	-1	-1	-1	1	-1	1	1	1	1	-1	1	-1	-1	-1	-1	1	-1	-1	1	-1	1	-1	1	-1	-1	-1	-1
U133A__FKBP4	7.8938	7.2314	7.3501	7.8308	6.4693	7.5977	6.4888	7.6079	10.106	8.0188	7.4516	7.9534	8.2485	6.7073	8.3906	6.7943	7.4821	6.6219	7.3035	8.5173	9.1486	6.0714	8.2269	7.0025	8.2281	5.9213	7.3097	8.068	6.4055	8.0056	7.8416	7.3206	7.2406	8.8391	7.4746	8.1696	8.6481
U133A__GLS	4.4195	5.7518	7.2918	4.0759	6.6791	3.7784	7.3472	5.1229	5.2186	7.3126	7.012	5.7987	5.3433	5.3827	5.5398	7.1731	7.3676	5.5516	5.2015	5.0259	4.7226	6.4009	4.2736	7.034	4.1183	4.9112	3.4156	4.8237	7.9906	6.7428	6.0561	4.9067	4.4406	4.5268	4.8293	4.3555	4.9851
U133A__LRIG1	8.4873	6.2785	5.1965	6.714	3.8294	5.7543	4.6329	5.669	7.1662	4.7873	4.9515	5.9472	4.8144	5.5033	5.2939	4.0003	5.209	4.8805	5.4309	5.1228	6.6869	4.104	7.4281	4.2748	8.0802	5.1363	8.3706	5.1384	5.4354	5.9374	4.1727	8.3873	5.0683	6.8777	6.743	6.956	6.6563
U133A__TM4SF1	8.362	6.5146	5.874	3.8897	9.4967	4.6259	10.9337	8.3625	6.6237	9.5874	6.9261	9.7401	8.5645	9.6634	8.2595	9.5157	9.932	9.4497	4.0086	3.9065	6.6238	5.6867	3.7921	8.5886	3.6329	8.9573	7.5024	5.3364	9.5365	8.6277	8.4649	8.8941	7.1048	3.6687	6.4787	8.7528	3.6383
U133A__CALD1	4.2559	5.8786	8.3527	3.9365	7.9225	3.6763	6.2884	9.1905	3.4181	8.0223	6.0784	7.1754	4.4506	5.5558	9.2409	8.6378	8.8403	9.3954	3.6019	3.9175	4.3435	7.5768	4.9728	7.2995	5.0421	4.1759	3.5041	4.7812	7.3616	7.3157	7.8436	8.0238	6.7517	4.3805	4.0465	4.0081	3.6434
U133A__MARCKS	4.0846	7.9558	9.3462	9.0052	9.3931	3.1121	7.562	9.3508	6.1638	7.7138	7.8514	8.6914	8.1749	9.5401	8.7765	9.5328	9.2564	9.3228	3.4705	6.1732	9.3868	9.2405	7.1593	8.4118	8.1083	8.134	7.7284	7.2272	7.9364	6.5351	7.3555	8.9906	8.8831	2.8129	7.525	5.898	6.8807
U133A__LEPRE1	6.2087	5.7091	6.5775	6.1438	8.4052	6.4342	6.4995	7.6492	6.3773	6.8821	6.2714	6.0789	6.569	6.3589	6.4817	8.1628	6.4934	8.3715	6.5539	6.4152	6.7285	8.5048	6.4054	7.3179	6.1017	6.1139	6.4774	6.1745	9.4289	6.5793	7.5538	6.7493	6.6992	5.7279	6.434	6.3163	5.9634
U133A__ERBB3	9.0074	7.5004	6.4014	8.3846	4.1332	7.8718	7.0488	7.2396	8.1221	7.1116	6.5673	7.1065	5.2443	8.2884	6.1232	6.1179	7.809	3.9223	7.4837	7.907	7.5422	5.1573	7.8977	4.7362	8.49	7.7735	8.3471	7.8318	4.3134	6.0561	4.2768	8.2685	6.8618	8.571	8.2939	8.3354	7.6055
U133A__ALDH4A1	6.0591	7.4246	6.5647	8.3471	6.082	7.9374	5.962	6.3012	7.4468	6.466	6.4855	7.1706	5.8314	7.2935	6.2652	5.8633	7.3004	6.2349	6.5478	7.738	7.2079	6.0012	7.847	5.8512	7.521	6.2685	9.9506	7.4964	5.9475	6.3586	5.7202	6.7301	6.5002	7.6683	7.696	7.7586	7.7793
U133A__KIAA0100	8.8681	9.2054	7.9417	8.8628	7.4282	8.9246	7.7525	7.5068	7.9503	8.0312	8.2047	7.8415	8.2902	8.4022	8.2701	7.8823	7.6288	7.6848	8.8026	8.3881	7.8276	7.2512	8.327	8.6738	9.0547	7.8274	8.4813	9.7569	7.9615	8.3141	8.6067	8.8547	8.3358	9.2605	10.2621	8.2115	8.5997
U133A__BIK	6.79	6.6526	5.7028	7.7609	4.4661	7.2407	6.9484	5.4635	5.8565	5.8302	7.4245	6.541	6.2117	6.5191	7.3676	5.0893	5.7594	6.005	6.0503	6.236	6.6067	5.2379	7.4079	5.0096	7.3216	7.224	8.0241	6.3969	5.3947	7.7769	5.5715	8.47	6.3561	5.6218	6.5498	7.1572	6.2503
U133A__SLC9A3R1	9.519	9.6155	8.3819	9.3381	7.3427	10.3084	7.7895	7.6797	11.4694	8.4963	8.6198	9.0035	8.2239	9.0584	8.1738	7.8626	8.8965	7.1743	9.7706	10.4869	10.1918	6.8074	8.9042	7.6842	11.736	8.9875	10.9463	9.4829	6.4568	7.3574	6.9491	9.1212	9.2263	10.2388	10.5344	10.2528	11.1031
U133A__PDLIM2	6.1838	6.4469	6.5686	5.0195	8.445	5.1054	6.7985	7.5575	4.7108	6.3607	5.2325	5.6691	6.1512	6.3079	7.0536	6.8265	6.1954	8.6963	6.1059	5.2037	5.8817	6.625	6.3894	6.7859	4.9201	6.5696	4.5589	7.137	7.7536	6.8021	7.2215	5.6906	4.947	5.8226	6.1853	6.1648	6.9082
U133A__TFF3	12.242	7.4282	5.6939	11.8098	5.9539	7.9505	5.6693	5.4995	9.7873	5.9862	5.5639	5.8248	5.9636	5.7579	5.9571	5.5964	5.385	6.1336	7.9223	8.6074	8.054	6.0694	12.8617	5.781	12.1275	8.7981	6.2142	7.2255	6.0829	5.986	5.7096	7.2202	6.9097	7.2481	12.881	8.677	9.4077
U133A__TPM2	2.9737	3.2967	2.7599	2.7023	9.2246	3.0307	6.6508	2.7736	3.2918	9.0163	7.0455	3.3028	3.2698	3.8763	6.7663	7.9299	8.1468	9.5375	3.3478	3.2518	3.2009	4.4389	3.1689	3.4678	2.8649	3.6268	3.157	3.4752	8.5825	7.37	8.2812	3.0699	5.6483	3.0476	3.3862	3.4566	2.9659
U133A__FBP1	6.8861	5.4407	5.6061	8.7593	5.8518	8.9571	5.675	5.3145	9.223	5.9597	5.9596	8.9816	6.1031	5.4783	5.7636	6.0568	6.0106	6.2966	9.2997	10.2366	9.9675	5.5894	10.3739	5.6397	10.3698	8.9993	6.1156	7.3014	5.5824	7.2633	5.8976	8.5732	7.7395	7.7367	9.8135	9.0869	8.5342
U133A__KYNU	3.1107	7.5015	4.3378	3.7016	4.199	6.8799	3.3451	3.3778	5.2812	5.0897	9.7837	6.6414	8.1632	5.8705	8.3008	4.2979	3.6763	3.9397	9.3041	9.2168	3.205	6.7245	6.0479	5.4828	6.253	3.5387	3.4423	4.7613	3.2793	9.6851	5.4603	7.9465	4.0878	8.121	5.0006	5.7334	3.5004
U133A__CDH1	9.4054	3.1026	9.7731	10.1506	2.7451	7.2616	8.8869	7.6506	10.3047	8.1115	8.7079	9.9294	9.3213	2.9912	9.3955	7.3494	9.9431	3.1604	9.7553	10.3314	4.8896	2.9383	10.1819	3.7691	10.7292	10.1856	5.9099	3.9307	3.1058	9.2079	3.5212	10.4251	9.7177	9.7436	10.2468	10.6202	10.3636
U133A__TOB1	8.8416	8.1199	7.4176	9.54	5.6991	8.2963	8.2331	6.9626	9.9774	7.4185	7.3983	7.7978	6.7211	8.3342	7.3782	8.2944	7.4541	4.4955	8.4614	8.9689	8.6463	7.562	8.9663	5.935	10.6432	8.5555	9.5297	8.6703	5.2081	4.7449	5.9356	8.2344	8.8228	9.8445	9.2366	9.6404	9.1081
U133A__GPRC5C	7.4235	6.1309	5.8727	6.7046	5.3902	6.9703	5.6507	5.5117	6.314	5.8513	5.5639	5.7202	5.8357	6.4456	5.8599	6.2879	5.6807	6.194	6.4966	6.7739	7.9681	9.0957	7.5182	5.7214	8.3154	6.1173	7.1564	6.0889	5.7109	5.5935	5.16	6.437	6.2738	7.4572	7.4876	7.2886	6.3964
U133A__SH3GLB2	6.5425	6.1316	5.2045	7.5758	5.7078	7.1346	6.1178	5.6393	7.6168	5.069	5.9234	7.0037	5.1924	6.4713	5.3567	5.5879	6.4594	5.1439	5.1173	7.4452	7.2121	5.1126	7.0174	5.9868	6.6336	6.07	6.1606	5.7669	4.7977	6.3724	5.9489	6.4003	6.9105	7.6052	6.7678	5.9303	6.9862
U133A__KIAA0182	8.7175	8.7547	8.2326	9.4399	5.5927	8.9031	7.0695	8.2032	9.5198	6.5335	7.1268	7.6521	7.6461	8.5395	7.194	7.6429	7.7941	6.6802	9.3437	9.2681	7.1592	5.5687	8.3507	6.8539	9.4821	8.1927	8.8215	8.4014	6.3604	6.768	6.9346	8.9541	8.2608	10.1651	8.3246	9.5845	8.7069
U133A__HMOX1	5.9805	6.3462	7.4205	6.2042	9.3758	6.8273	6.6101	6.269	6.5746	7.1662	6.0146	6.2742	5.9549	6.7426	7.6179	6.5557	6.0875	7.9038	5.9175	5.8619	6.4551	6.459	6.0077	6.365	6.3473	6.6004	6.3751	6.243	9.709	5.7164	8.5448	6.6615	5.9153	5.9068	5.6787	6.4186	6.8615
U133A__MSN	3.841	4.5404	7.0857	3.5172	8.5121	3.3393	9.342	8.9229	4.7864	8.964	8.5521	7.2232	8.4309	3.4629	7.7602	8.5216	9.8294	8.6483	3.9182	3.857	4.7157	8.0642	3.6968	8.6962	3.3597	4.1423	3.5368	3.4264	8.8511	9.046	8.7758	5.7481	3.4357	3.3212	3.8634	3.5565	6.796
U133A__FASN	10.7788	11.1828	8.2497	11.2606	9.1052	8.5659	7.7698	10.3198	11.0689	8.5587	9.2366	8.003	8.7145	9.0543	8.8339	8.8259	9.3731	8.0922	10.2977	10.5056	8.8362	9.0354	11.1126	9.0868	10.2173	9.2182	10.1033	11.7652	8.8803	9.9972	8.5825	10.3351	9.0381	9.5315	10.6165	10.1347	11.2674
U133A__TOM1L1	7.9076	5.7186	6.2969	9.4773	5.1145	6.9637	6.7397	4.7466	7.9732	5.146	5.9551	5.8162	5.9377	6.3062	6.4622	6.6798	6.1347	4.2894	7.0622	7.4272	7.1205	5.3791	7.2296	5.9639	8.1008	6.8372	7.168	5.5921	6.9032	5.8708	6.031	7.0091	6.756	7.2706	7.6229	8.6175	7.7091
U133A__CDKN1A	8.2831	7.2923	7.3268	7.7668	6.794	7.442	8.4726	7.4215	6.9593	8.0665	7.8881	9.2323	8.3044	6.6142	10.089	7.0906	7.2666	8.4832	8.0984	8.6455	9.5528	7.835	8.8575	6.9282	9.465	7.5943	7.1964	7.4332	7.7385	9.0587	7.7207	8.4722	6.635	8.1709	8.8133	8.4019	9.8192
U133A__SPDEF	10.4241	9.495	6.094	10.1198	5.8444	10.4996	6.2908	5.8013	9.2013	6.2848	5.3899	6.8656	7.0677	9.5734	6.6571	5.9869	5.2999	6.5909	10.0367	8.9085	8.9427	5.5694	9.9494	6.027	10.078	9.6299	10.1262	9.8712	6.631	6.472	6.5064	9.9098	9.9188	9.3052	9.6714	10.8242	10.1563
U133A__TPBG	8.362	9.3082	9.5497	10.0326	9.0389	8.1457	8.6684	8.0417	9.4877	7.0253	9.8269	9.1174	9.7268	8.3264	9.6879	7.878	9.2793	10.0826	8.4052	10.3529	11.3764	9.4309	9.3753	8.789	11.2864	9.3918	8.2486	8.6674	6.8472	9.796	9.0604	9.5087	7.8683	10.1331	10.3387	9.525	9.7759
U133A__FOXA1	9.1328	7.7572	6.523	9.0263	4.7595	8.7472	5.2283	5.7444	8.14	5.0961	5.822	6.5694	7.5076	8.8813	6.9658	5.4233	5.6401	5.6268	8.3942	8.6803	9.0814	4.7116	8.5308	5.3926	8.8057	8.3218	9.2428	7.9736	5.241	5.689	5.6432	9.3117	8.6746	8.6077	7.9866	8.9553	8.3695
U133A__IGFBP2	8.9994	6.5614	8.0793	8.4756	4.1337	8.2319	6.9756	5.0969	11.3152	6.6399	5.5755	7.4344	6.2061	6.7846	6.7353	5.7058	4.1339	5.3651	7.4161	8.4871	9.2672	6.523	6.9218	5.18	9.4817	8.7196	9.2216	5.7955	5.3561	5.6784	5.7516	8.1112	7.7527	9.675	9.8774	7.0239	9.9643
U133A__ODC1	7.2658	9.8365	9.3139	8.4784	9.6858	8.5726	8.7274	9.1805	7.4758	9.8632	10.1008	8.6725	9.8299	11.1687	9.0012	8.1336	8.249	10.7288	10.2742	8.7641	8.0235	8.4529	6.0289	10.6684	8.4585	8.5167	8.8369	8.9235	9.6933	9.8585	11.6096	8.5777	10.6549	8.7207	7.7962	6.2178	8.5418
U133A__NMU	7.7687	4.1757	5.3381	4.3252	4.1752	4.6813	8.636	7.3185	5.2777	6.318	7.1706	9.1284	4.9977	4.242	7.6872	6.8751	4.3367	4.0377	4.0093	4.3863	4.6474	5.4827	5.9742	7.7496	6.7082	4.4051	6.521	3.9427	4.1099	7.0073	4.7095	7.0702	6.565	6.9468	5.598	7.6505	8.6929
U133A__RHOB	10.4942	9.873	6.3164	11.0388	6.7962	11.0472	6.5967	5.3472	11.2735	6.8223	5.304	6.3977	6.8571	9.5881	6.7605	5.6554	4.5314	6.3916	9.3614	9.9117	11.0411	7.4355	10.1894	6.7163	10.5222	9.9235	10.7721	10.9564	5.3243	5.6316	8.7454	8.1457	9.765	9.1037	9.9938	10.6561	10.3209
U133A__CBR1	4.6632	8.0566	7.6891	5.0839	8.1128	6.1108	7.0953	6.9501	5.0824	7.8906	8.3527	6.8649	4.8263	5.977	7.2162	6.746	7.0213	7.284	7.2775	6.5636	4.8918	7.3525	5.6315	6.639	4.8369	6.4233	4.6356	7.4491	8.3041	7.4609	7.6399	6.1262	6.1997	7.0802	7.7375	4.251	4.3691
U133A__MAP1B	5.2828	4.7448	6.4849	4.9262	7.9119	4.5738	6.6054	8.1982	4.5955	5.1547	5.4784	4.3322	4.8752	4.6449	6.1241	8.077	7.8322	9.7287	4.2933	5.1401	5.3466	8.6245	5.0681	8.226	4.7169	4.9647	4.3393	4.5124	7.7301	5.7202	8.3276	6.9184	4.8221	4.5797	4.5998	4.8576	4.5338
U133A__RGS3	7.3396	7.3194	7.4449	7.1317	7.9865	7.1868	7.3192	6.932	7.2255	7.079	6.1877	7.0754	6.7835	6.8538	6.6612	7.1936	6.9064	7.5345	6.4823	6.5597	7.2539	6.4331	7.161	6.9934	7.1745	7.2838	9.0562	7.3575	9.8179	6.9968	7.3523	7.6718	7.8599	7.1022	6.2931	6.3998	6.6534
U133A__PSMD3	8.2836	10.1567	7.0712	10.9679	7.0583	7.8847	6.5305	7.5896	7.2693	7.2269	8.5095	7.8073	7.9887	7.5412	7.8983	7.6875	7.627	7.5954	7.4128	7.8714	7.6951	7.6183	7.296	7.7875	7.2688	7.4941	8.1391	9.5126	7.7735	7.5639	8.0665	7.5932	7.4112	8.182	10.762	6.9633	8.6239
U133A__CRIM1	6.6823	5.0556	7.7575	4.5538	6.6582	3.5903	7.9088	5.0214	5.8645	5.4013	6.6716	6.0828	6.2967	6.6118	6.6738	6.5511	6.4677	7.6681	4.209	4.0619	4.8435	6.3739	5.1213	8.3257	4.25	5.0642	4.1324	4.8529	6.1856	4.9762	7.7736	5.4297	7.3237	6.0612	4.7611	3.0831	4.056
U133A__ASNS	5.7555	6.9915	8.9025	8.6184	8.7816	8.0217	7.2217	8.7944	7.2405	7.4364	8.23	7.3351	6.7055	7.0562	7.619	7.5599	9.0102	8.0987	7.5216	7.197	7.7174	7.4411	6.7424	9.2835	6.6397	8.0286	6.3197	7.3892	8.7993	8.3637	7.3568	9.2583	11.7898	6.9057	7.4767	6.5745	7.3136
U133A__CAT	9.2728	8.6882	8.9651	8.6094	7.6458	7.9778	7.1926	8.5442	9.183	8.3309	11.1759	8.5523	9.9741	8.1137	9.9591	7.7908	8.3007	7.9061	7.4298	7.812	9.1065	7.2563	8.7414	8.3873	9.0302	7.4691	8.3149	8.1271	8.2005	8.7364	8.0446	10.075	8.6121	9.4779	9.0364	7.6033	7.5928
U133A__EEF1A2	8.4199	11.0325	10.6134	8.8277	4.9698	10.4219	6.4697	4.4425	9.7461	5.8255	8.8877	8.1497	9.2164	4.9156	5.5593	9.1134	5.8471	8.9212	10.5813	11.7994	9.6918	9.0784	9.8087	8.0866	10.3513	8.6957	10.0605	7.2008	5.2855	9.4882	6.2216	9.764	6.2512	9.1884	8.4557	10.671	11.6249
U133A__PRAME	5.1003	5.3193	6.3397	5.3357	6.2642	5.1516	8.9344	9.7548	6.0639	7.7932	5.4245	4.9665	6.5426	4.7451	5.1626	8.5171	7.8514	7.7627	5.4001	4.8634	5.1053	6.2272	7.7763	4.4942	4.8008	6.0026	5.1608	5.4706	5.8955	4.9292	4.9845	5.7112	7.4347	6.7545	4.8801	5.8399	6.7549
U133A__ATP2C2	6.3307	6.2095	5.2594	6.78	4.7505	6.4084	5.4049	4.9367	6.2669	4.6402	5.5946	6.105	5.0725	6.7137	6.1365	4.8823	5.9041	4.6599	6.1516	5.6878	5.0964	4.7406	6.6441	4.5629	6.3763	7.4543	5.9877	6.6966	5.0115	5.5817	4.528	7.6835	6.0596	5.6751	6.1125	7.0079	5.4811
U133A__TNC	5.3228	4.6808	6.0589	5.0294	6.8118	4.6548	5.8077	9.2972	4.909	6.0354	4.8131	5.0022	8.1084	5.3092	6.2336	9.3754	8.5657	6.5111	5.0374	4.7272	7.5415	7.5353	5.0349	5.0495	6.0046	6.2086	9.5715	4.904	7.4837	8.1507	6.8616	6.0683	7.8556	4.9164	6.5265	5.2553	4.8657
U133A__SLC16A1	5.5794	5.7645	8.3004	6.0565	7.9693	6.5954	7.3152	6.2764	5.9809	7.3342	8.5427	8.3794	8.0237	5.2666	7.0439	8.327	8.4403	7.6278	6.1698	6.5289	6.4164	7.8131	4.8744	5.4479	5.6483	8.4516	5.5286	5.5178	8.0539	8.2358	8.9896	5.4203	6.7675	5.835	6.0467	4.937	7.0823
U133A__NNMT	7.4816	6.4025	8.9292	4.3441	10.43	4.4886	4.4447	4.5027	4.0426	5.1421	4.462	6.0129	6.8071	4.2145	5.8981	7.0081	7.6329	7.5692	4.5485	4.4465	4.6024	10.1086	4.1548	4.4358	4.2956	4.9538	4.3555	4.6834	8.5814	8.774	9.9583	5.6167	5.758	4.3408	8.3456	4.1626	4.082
U133A__PPP1R3D	6.0376	6.2841	6.5806	5.8836	5.5115	7.3522	5.3847	5.2179	8.4079	6.0031	6.2885	6.1268	6.9745	6.7862	5.4457	5.3754	5.7838	5.1445	6.6139	6.9967	9.3097	5.3464	7.7236	5.2928	7.7316	6.1594	7.5285	6.4306	4.8825	6.1016	4.8641	6.6839	6.8287	5.7656	8.1055	7.205	6.5275
U133A__TNS3	6.8795	8.1902	9.0136	7.5866	9.0042	5.6988	9.2701	4.0902	5.5019	8.1426	7.8083	7.7228	8.5076	8.5705	6.2364	9.9299	8.961	7.8124	6.7106	6.5179	6.2633	8.3007	8.0747	8.3139	6.4102	7.207	6.7186	6.7809	9.3477	6.5821	8.1469	8.4555	7.3788	7.9149	8.683	4.8818	6.7365
U133A__ITGB4	8.4764	6.8825	7.8694	7.2638	5.1424	6.7049	9.9222	5.9812	6.4977	5.6302	9.8634	7.2601	7.6693	6.7599	9.2314	6.4951	6.4958	5.6846	7.7798	8.3127	5.2167	5.7594	7.597	5.8136	7.8203	7.0236	6.7098	6.7099	5.7868	6.8612	5.7862	7.0662	7.1408	7.4342	7.6944	6.2395	7.5587
U133A__PARP12	5.6212	7.2533	7.2406	5.7221	5.4178	5.3115	6.5946	9.2451	5.6289	6.6519	6.3163	7.2762	7.1555	6.4157	5.7841	7.1514	8.4965	6.4931	6.121	5.4093	6.0014	6.91	5.282	5.8362	6.0526	6.5117	5.5824	5.8208	5.7415	6.6629	6.5579	7.6618	5.5611	5.8681	6.089	5.0997	5.5159
U133A__GNG12	7.5942	7.7849	9.0112	6.4664	9.7447	5.7435	7.6541	6.3405	6.7824	8.0676	8.631	8.0184	7.7945	7.4507	8.4371	8.502	9.4671	10.163	5.8447	6.4708	6.9607	8.6305	6.6815	9.2273	6.8388	8.3046	7.625	7.4958	9.7275	8.1413	9.2598	9.1562	8.3668	6.9594	7.5017	6.9873	7.0425
U133A__ST14	6.2778	7.5491	6.1897	6.5451	3.9898	6.2206	6.3367	7.2561	6.6181	4.9063	6.9803	7.7047	7.101	7.1576	7.4406	4.7531	6.3258	3.7092	6.126	6.1322	5.9004	4.5615	6.1623	3.929	6.3002	6.4807	6.4503	7.2871	4.9825	6.7263	4.1953	6.6592	5.1746	8.3697	7.4472	5.7941	6.2579
U133A__SLC7A11	4.2893	4.9085	8.8657	4.8749	7.6008	4.0794	4.8761	4.5896	3.9585	5.6869	9.4099	5.7783	5.776	4.097	5.2914	7.2811	6.0812	8.3411	4.3563	4.5052	5.6895	6.2811	3.7697	9.0367	5.1478	5.4183	4.2368	4.6391	6.1061	5.0838	6.5691	7.4302	7.695	4.18	3.9346	4.1598	5.1029
U133A__ARHGDIB	8.5293	8.1199	5.8842	6.4501	4.7304	4.7976	5.607	6.4063	8.0311	5.4551	9.4922	9.2045	7.5589	10.3184	8.841	4.8659	9.2277	6.0753	4.7729	5.4535	5.0219	5.5393	10.2407	10.0378	9.1753	10.118	6.7721	8.9124	5.2272	8.2832	6.2232	9.0231	7.7081	6.377	9.6437	8.9659	6.9107
U133A__KDM4B	7.0519	7.1044	6.0515	7.4491	7.1928	8.1492	6.1444	7.9974	8.6306	5.6694	6.594	6.2074	5.1967	6.7817	6.8032	6.8838	6.5409	5.945	6.1848	6.9393	9.4039	7.2455	6.7971	6.6163	7.5952	6.4755	8.2976	6.1498	6.6724	6.5498	6.4961	6.9118	6.5551	8.9722	7.696	8.1269	7.1149
U133A__PLAUR	7.2636	7.0817	7.6566	6.3774	7.9196	6.3478	8.6018	7.3217	6.6571	6.7499	6.7768	7.13	8.4113	6.8516	8.1211	7.2534	7.3607	8.1234	6.4877	6.4579	6.6082	6.9693	6.7436	8.9904	6.1449	6.6998	6.2084	6.715	7.4222	9.277	7.1697	6.8223	6.7814	6.3108	6.3435	6.3425	6.7746
U133A__GRB7	8.3996	10.2608	7.1275	10.6507	6.3286	7.053	8.3948	6.9301	7.1531	9.4888	6.7622	7.2019	11.2984	7.5151	8.0687	6.7119	7.5479	6.7995	6.1629	7.5126	6.6554	6.355	7.4331	6.1061	8.6563	6.8747	7.812	9.662	6.2945	6.9855	6.7471	12.4555	7.0393	7.1024	10.4791	7.1442	6.9964
U133A__SOD2	5.5088	6.9736	6.9797	4.881	7.7208	5.6061	6.6548	7.6545	5.7471	8.3722	7.9873	6.5132	7.3532	5.9588	7.7653	6.3289	7.5586	6.3059	5.2549	6.0585	6.0706	8.5843	5.3729	5.5954	5.823	6.3231	5.1422	6.0321	7.3062	8.7586	9.3681	6.4789	6.5449	5.6744	6.295	4.8445	6.1557
U133A__CYB561	9.3231	8.9941	7.8642	7.9717	6.2388	8.0748	7.6969	6.9168	8.6582	8.3664	8.4426	7.8981	7.7693	7.5397	7.7448	7.7648	8.0632	6.9285	9.7372	9.1411	8.1277	7.0833	8.4517	7.3983	10.3813	8.2127	8.7824	8.5366	5.2097	7.0984	6.7225	8.9039	9.4326	8.5092	8.6084	8.7911	9.3286
U133A__SLC39A14	6.6658	6.3508	8.5567	5.7462	9.7025	6.6078	6.3584	10.0436	5.8834	7.972	7.7405	6.3612	6.229	6.6312	7.0261	7.3375	6.1078	8.8219	6.2226	6.0328	6.4296	7.3106	6.5998	7.9923	5.6425	6.5311	5.5457	6.6012	10.1244	7.5401	8.3297	5.1832	6.6665	6.7652	7.3475	5.9987	8.1011
U133A__IFRD1	5.4877	4.9609	6.223	6.1315	6.6057	4.5862	4.8029	8.1135	5.2789	8.2698	5.9761	6.4008	5.8931	6.959	7.5063	6.305	7.2214	6.5547	7.5278	5.16	4.7386	6.84	4.7622	6.307	4.2376	5.1419	4.3653	5.7774	5.6285	7.0969	5.726	6.0891	6.9652	3.9585	4.1403	5.2741	5.3617
U133A__AGR2	10.3169	10.6821	4.8118	11.0027	4.8801	9.5473	4.7238	4.9574	5.6983	5.7322	9.8422	7.8487	8.9628	11.018	5.5521	4.8807	6.5245	4.9432	9.0223	9.5307	5.3115	4.1066	11.5908	5.8781	10.7955	11.9865	9.8595	9.5144	5.8546	5.7616	4.7808	10.6989	11.3355	11.4831	10.6889	9.3155	10.4286
U133A__PRODH	7.029	8.2633	5.8233	8.8993	5.8303	8.8246	7.1422	6.0662	6.391	6.1094	5.6095	6.9142	6.0079	8.4251	6.3012	6.0604	5.6111	6.144	6.283	6.6374	6.2947	5.8934	8.895	5.9198	9.8687	8.7783	9.8905	7.0932	6.1111	6.2748	5.5846	9.5521	8.7129	7.005	6.463	8.3004	8.9385
U133A__CRYAB	5.9769	6.6645	5.5916	5.2189	5.1263	5.5506	8.962	10.349	5.5635	10.0838	5.3294	7.6599	5.5014	5.2775	8.9366	7.7718	8.6936	5.6617	5.4935	5.4123	5.2084	5.1464	5.1888	5.1236	5.2909	5.2474	5.3376	5.6819	6.1253	5.0584	5.4355	9.1503	5.5079	5.4755	4.7935	4.6965	4.9777
U133A__PLCG2	6.5168	6.5628	6.8862	6.6357	6.7695	6.7472	6.8618	7.0184	6.6858	6.8866	6.5975	7.3542	6.9606	6.522	6.9216	7.2069	10.2967	6.8883	6.7778	6.8881	6.5643	6.5345	6.3556	6.7718	6.6133	6.7417	6.3532	6.7498	7.1081	6.2739	6.6263	6.4407	6.699	6.9178	6.6411	6.4317	6.4792
U133A__LOXL1	7.6117	4.1966	5.1158	4.3121	8.338	5.7862	4.933	8.9195	5.1848	5.3431	3.9845	4.0034	4.3856	4.1953	4.8002	6.8359	4.9628	9.1502	5.6646	8.9368	6.588	8.3756	3.6902	5.6773	6.3196	7.3211	4.5602	4.2818	9.7542	8.8104	6.6159	3.9347	8.3171	4.6056	5.1326	5.3135	5.2119
U133A__C5orf23	5.6841	6.3829	5.455	7.5346	6.5705	7.2092	8.7788	7.6183	5.4248	7.2325	5.4244	5.5515	5.5549	8.2279	6.8555	7.2818	8.3511	7.1384	5.6597	5.5512	6.1622	6.0857	5.6845	5.6237	5.9768	5.8137	7.0568	7.5061	5.7325	5.2448	6.0217	5.3433	5.4923	5.947	6.2081	6.4551	5.6891
U133A__KRT8	10.7115	11.2525	11.4126	11.1708	4.6994	10.4767	9.9402	9.7313	11.932	8.4941	8.913	10.6646	11.1743	11.4994	9.9269	9.5922	9.5457	5.7145	11.6793	12.1159	10.506	7.5837	11.0665	8.3426	11.2063	10.4653	9.1194	11.5414	4.6224	9.8963	8.3775	10.994	9.9593	11.9459	11.5683	9.9995	11.4816
U133A__ESR1	6.6831	4.5396	4.5822	6.3976	4.5782	6.6629	4.3235	4.353	8.2688	4.2264	4.7002	5.0748	4.3154	4.4719	4.0143	4.271	4.5688	4.0522	6.4113	7.7469	9.7696	4.5068	6.1899	4.216	8.2838	6.551	4.4076	4.7332	4.2618	4.2987	3.6143	4.8123	6.8369	7.3126	6.7535	5.0044	7.8658
U133A__FBLN1	6.1437	7.8745	6.5493	4.731	4.7087	5.3776	7.9094	6.6592	4.574	6.5739	5.7041	6.1375	5.3861	7.0399	6.4172	6.3002	6.7823	6.1568	4.5418	5.0442	5.4569	6.0269	4.696	4.6306	4.9543	6.269	4.5353	6.8851	5.23	4.4758	6.9467	9.0548	4.2538	4.5744	7.7406	4.5517	4.7651
U133A__FGFR4	5.2867	5.3796	4.6769	5.932	4.6014	8.8352	4.8179	5.08	5.6192	5.5987	5.5846	4.808	6.2914	5.3225	4.6994	5.1195	4.6729	5.1249	5.0994	4.7136	6.0483	5.4814	5.1906	5.0617	7.1829	6.8866	10.4891	5.3601	5.2254	5.1338	5.1372	6.7871	6.0534	5.1223	5.6953	8.0318	7.52
U133A__RHOD	7.8747	5.2958	7.9209	6.4675	5.1077	7.9489	5.7556	6.6789	8.1395	6.8909	8.2529	7.7422	7.4409	7.285	6.8871	6.6721	6.7316	5.5286	7.3222	8.2642	6.9058	5.7004	7.3765	6.1846	7.1356	10.2792	7.6147	5.486	5.0982	7.0881	5.0527	7.3789	8.2248	8.4567	7.6569	6.3975	7.906
U133A__XBP1	10.8344	9.815	7.6964	10.7009	7.9069	10.6604	7.6036	7.9543	9.2154	7.8611	8.1184	8.313	7.637	10.5899	8.1677	7.1544	8.6517	7.6438	9.3516	10.7117	11.2426	7.2265	11.6896	7.889	11.5911	11.2322	11.2977	10.1574	7.1282	7.1631	8.0768	11.1151	10.9035	10.9459	11.0313	11.6974	10.5644
U133A__SIK1	5.5407	6.6616	6.0677	4.9096	6.6913	5.4221	7.7282	8.163	5.4636	5.4409	6.6593	5.7017	6.0411	5.3807	7.5037	6.582	5.9786	5.4702	6.3386	6.4975	5.7459	5.7844	5.5274	5.4881	5.517	5.6329	4.9697	5.7079	6.6356	7.7926	6.1986	5.94	6.413	5.5653	6.0509	5.3543	5.5297
U133A__UPF3B	5.4087	7.4007	8.996	6.0208	8.5935	6.8089	6.7156	8.967	5.7916	6.9372	7.1397	6.7902	7.4767	6.9753	7.8309	7.9876	7.8404	6.1483	7.3708	7.4787	6.5789	7.2884	5.6376	7.2472	6.0651	7.2458	7.3178	6.6988	6.1282	5.6486	6.551	6.9342	6.3386	5.4531	6.7	5.4613	6.7386
U133A__FN1	5.5508	8.2086	8.2103	5.0901	10.9376	5.1521	5.7746	5.3775	8.8173	8.8456	4.7236	7.7597	5.8096	9.125	10.8297	11.166	5.7755	12.6523	9.0605	6.3942	8.9727	11.2772	6.6221	6.7443	6.9068	5.3011	4.931	7.9249	9.9495	11.5261	10.6074	5.1375	6.0347	6.7769	9.6411	5.6355	5
U133A__FXYD3	11.5397	11.0245	8.0183	10.1672	5.6784	10.1874	10.7614	6.2523	10.0586	7.166	10.7566	11.6944	10.7079	9.3959	11.2081	6.987	11.426	6.3006	7.5367	10.2466	10.2571	5.9241	11.9506	6.3403	11.0188	11.5663	10.5882	10.2691	6.2193	8.8516	6.3659	11.292	11.1506	8.8209	11.6832	10.5311	10.7219
U133A__SPARC	3.7712	3.66	3.5138	3.5735	10.4223	3.5195	4.282	3.8571	3.5912	8.829	3.6301	5.2953	3.922	3.632	9.6467	9.8987	3.695	11.0811	3.9276	3.715	4.7207	11.7943	4.1587	5.5428	3.6311	10.9894	3.6342	4.0483	8.1684	3.7031	9.5455	3.6479	3.7304	3.9174	3.54	3.7679	3.658
U133A__ISOC1	5.1663	6.6553	6.119	7.541	5.287	9.2407	5.7943	7.3405	8.0976	6.9094	6.4093	6.761	6.1868	6.9766	6.6684	5.8931	5.609	5.2129	7.5138	8.045	8.8911	5.4164	6.7959	6.9834	7.4249	7.287	7.952	6.9193	5.8083	6.542	6.1968	6.9708	5.616	6.3399	6.6446	7.5794	7.608
U133A__FADD	8.5432	7.2253	7.5941	7.3694	7.3736	8.6319	7.9796	8.0257	7.5068	7.4055	7.7871	7.4981	9.2216	7.4372	7.3283	6.8438	7.0393	7.045	8.2105	7.9457	9.9878	7.5091	8.7146	8.1263	8.5757	10.0277	8.4773	7.1372	6.7516	8.0897	7.4219	7.5246	6.8788	7.3984	7.6765	7.8862	9.1575
U133A__ID3	6.5887	8.2017	6.4475	6.292	9.0818	8.7673	6.2882	8.7247	5.5829	4.654	7.8635	9.1626	5.6262	9.16	7.4433	9.2935	8.3717	8.8993	7.6416	7.6832	8.4068	8.3992	7.0932	8.1135	7.6525	8.5874	7.9443	8.3927	8.1339	8.6072	8.571	7.3742	8.38	7.5964	7.2625	7.3309	7.1219
U133A__MTSS1	6.1643	5.7383	5.3768	7.3643	4.9656	5.9102	5.6476	7.3985	7.25	5.0706	7.6595	6.7544	5.934	5.6185	5.7008	5.9595	5.9118	5.8551	5.6033	6.7478	6.1281	5.0839	6.6973	5.4931	6.2973	5.9324	6.0706	5.5902	5.4629	5.0714	6.036	6.3201	6.996	5.2492	8.4561	7.5645	6.722
U133A__DHX40	7.0381	5.7867	6.4315	8.6347	5.919	5.9241	6.2316	6.2846	7.014	5.6478	6.411	6.2943	5.4408	6.003	6.5949	7.426	6.0468	5.1125	7.2359	8.2093	6.9354	6.8654	5.6059	6.4999	8.5027	4.9426	6.9965	5.1172	6.5324	3.9736	5.98	6.7685	6.3122	6.9005	7.842	7.2802	7.0766
U133A__GOLGA7	7.8627	7.1818	7.7299	7.3188	8.597	9.1869	7.8963	8.1613	8.3657	7.9391	7.8112	8.6586	8.9611	7.9552	8.1564	8.4016	6.6522	7.8128	6.9887	6.9504	7.3033	8.6761	8.0589	7.7669	8.218	6.831	7.5845	6.547	6.8417	8.3803	7.5855	7.4587	10.2354	8.4365	8.9759	9.4111	9.0354
U133A__PSMB3	9.6802	9.084	9.8988	12.1363	9.5618	10.306	8.8918	9.2269	9.1014	10.006	10.2436	9.5561	9.7906	9.2113	9.923	10.0025	9.3135	9.7381	8.6375	9.5798	9.9499	10.0309	9.6853	10.0956	10.8509	9.7682	9.7899	8.7196	9.5636	9.7851	9.9523	8.917	8.9793	10.2048	11.8259	9.0869	9.9681
U133A__HSPB1	9.8381	11.9878	10.658	11.1392	10.9092	12.4619	9.7586	9.4377	11.9863	10.4327	9.9008	11.9422	9.7152	7.6241	10.821	9.9102	10.7294	10.9497	11.5674	12.3547	11.3351	10.3616	12.8993	10.0079	11.75	11.1248	7.7425	11.0928	10.9232	10.4221	10.3461	11.3463	7.4763	12.0345	11.6336	10.7593	11.8178
U133A__TP53	4.3446	6.3107	8.1243	7.4421	8.6777	6.3807	7.8645	8.1778	7.3335	4.3921	5.3349	4.237	6.7492	8.2247	4.5802	7.4288	7.206	6.2844	7.4501	7.6644	5.9844	4.433	5.6942	7.6558	4.8471	6.8662	4.1163	6.6233	7.125	7.8165	5.286	7.1119	4.3491	6.9765	5.6747	5.0216	6.2393
U133A__NETO2	4.1866	5.2203	8.556	5.5229	8.3314	3.6251	4.9915	7.0426	7.6731	6.7208	7.6539	7.7076	8.3348	6.592	6.4802	7.0906	8.0553	7.0052	6.605	6.4807	8.0547	5.8595	3.8496	4.3	7.2842	7.0955	8.1756	5.1442	7.8191	7.5577	8.059	7.8592	7.8868	4.4382	6.024	6.2995	7.593
U133A__PLS3	7.4402	8.1478	10.5953	6.684	10.0973	5.9543	9.6656	8.887	8.3576	8.6835	9.5501	9.8794	9.4261	9.6483	11.1688	10.1743	10.073	9.1672	7.7474	5.0117	3.273	8.691	5.8468	9.2106	7.8484	9.2009	7.8326	8.6187	9.3368	8.8304	8.2318	9.0743	7.5828	7.7544	2.9017	8.1646	8.5997
U133A__RWDD1	7.4205	7.7046	8.7215	7.1539	7.8573	7.1267	6.7122	7.0839	7.2993	7.7228	7.3589	8.2412	8.0047	11.1379	8.4297	7.6919	7.4456	7.9971	8.4697	7.1268	8.3973	8.1803	7.8542	8.3264	7.9228	8.0948	8.1495	7.8762	8.1894	7.0984	8.5174	7.9832	8.9298	7.2329	7.6671	5.5182	7.5395
U133A__ERBB2	9.3202	12.1579	7.8098	12.0098	7.0802	8.4009	8.7493	7.9295	7.6523	11.8139	7.294	7.8108	11.5446	9.3757	8.9136	8.1445	7.98	6.6782	7.0358	8.5128	6.8815	7.0918	9.2857	6.6117	11.035	7.8448	10.215	11.611	6.9193	6.6093	7.3643	13.0449	7.652	8.3078	12.1946	9.1095	8.3688
U133A__LGALS8	9.6652	6.93	6.3346	7.7823	4.0492	6.3609	6.2438	4.4525	7.5037	4.2296	6.4287	7.3981	5.7325	8.0335	3.8314	5.7469	5.9013	4.1778	3.8058	5.3444	7.2931	3.8368	7.8755	7.5299	7.1015	8.0029	7.9816	6.8287	4.3027	6.2919	4.594	8.7099	8.0004	6.0748	7.5306	8.9952	6.5759
U133A__ATP2A3	5.5132	9.319	5.7472	8.7249	5.168	6.038	6.2331	5.3263	5.7661	5.3368	5.4256	5.7565	5.5403	7.0559	5.6157	5.4054	5.0194	5.5112	7.0769	8.6257	5.5436	6.0057	8.129	5.3314	8.17	7.0926	5.6003	7.7102	5.4588	5.5272	5.605	6.0152	5.9734	6.0096	8.4362	6.5268	7.4269
U133A__ANKRD57	5.9697	4.6663	6.3858	6.1402	5.939	7.7336	6.0224	5.2587	6.8299	5.4594	6.5732	6.5182	6.5702	5.1079	5.4951	5.5572	6.0201	5.2873	5.7804	5.1389	7.8938	5.3602	5.5994	6.4687	6.098	4.9998	6.1175	5.572	5.31	6.1903	6.4324	6.738	6.4395	5.5621	7.0825	5.7018	5.2503
U133A__UAP1	9.1598	8.4831	7.1609	8.1046	10.5221	7.3076	7.5494	7.5247	7.4176	8.5975	8.0611	7.6904	6.9409	7.8611	7.7855	8.3676	8.4675	8.864	6.5547	6.1229	7.6336	8.1057	8.1617	8.5606	7.148	8.1879	8.1683	7.9066	9.5836	8.0031	8.7819	8.4541	8.9146	7.0147	8.1841	7.9779	7.8894
U133A__SERPINE2	4.1494	4.4242	7.97	4.9022	9.6075	4.4355	6.6807	6.0426	3.9813	8.4672	7.9594	4.2132	7.2359	4.2348	6.9187	8.2237	4.4336	10.6755	4.6808	4.5754	4.2682	9.6812	3.944	6.4409	6.9121	5.0607	4.343	4.6083	5.8042	7.156	4.8219	4.3567	4.627	3.9897	4.2821	4.3236	4.6368
U133A__MKNK2	8.8547	9.1024	8.1041	9.4367	7.54	8.4693	7.416	9.167	9.0655	7.1375	8.6892	8.2033	7.7142	8.9706	7.5959	9.0658	8.9596	7.0119	7.0536	7.6164	8.2146	7.3453	8.596	8.3944	8.5317	7.9915	9.8256	9.3436	6.5736	8.5994	8.4037	8.9377	8.8276	8.2748	9.5034	10.562	9.1577
U133A__RHOQ	5.7676	7.464	6.8938	6.6728	8.246	6.4015	7.7497	6.7259	6.1135	8.1764	8.5219	6.1786	6.3748	7.5691	6.9454	8.572	7.5504	7.8128	7.1904	7.2712	6.8144	9.6917	6.7481	7.2082	8.0844	5.0555	6.0637	7.0925	9.122	7.1437	7.3307	7.8551	6.7023	6.4535	7.3277	6.2841	7.5618
U133A__TLN1	6.6588	6.5424	5.8805	5.7994	6.5644	5.9856	6.3255	7.1334	6.2038	6.5911	6.6526	6.1384	6.1843	9.1773	6.3819	6.184	8.0898	6.6104	5.9366	6.2893	5.6054	7.1546	5.8129	7.0731	5.9544	6.3669	6.1561	6.3103	6.3312	5.8417	6.5138	6.0943	6.1867	6.0613	6.1134	5.9299	6.1477
U133A__PTRF	6.1143	6.0022	8.9581	6.2617	9.7082	5.8463	8.3455	6.1188	5.7173	6.9987	8.6548	8.2281	7.4855	6.6073	6.763	9.0215	7.1768	9.9604	6.0237	6.3204	5.3083	9.1023	6.1647	9.8031	6.2294	7.3507	6.3333	5.6802	9.5435	8.2916	9.4023	6.4218	6.5915	6.796	6.1726	5.4646	5.981
U133A__ELMO3	5.9066	5.7889	8.5436	6.3025	5.2339	6.9758	7.0401	5.4423	6.5243	5.5475	5.3853	6.8982	5.5113	5.2542	6.1292	5.5702	7.6032	5.6752	6.3077	6.383	5.9392	5.4442	6.9119	4.9135	8.2494	7.547	7.8003	5.5882	5.0385	7.7912	5.3956	8.1509	5.2154	7.257	7.1531	7.128	7.3481
U133A__CLIC3	4.5666	8.3548	7.3076	6.491	3.6425	6.6116	6.5625	4.1162	9.4396	3.2494	4.1193	7.3005	3.2852	7.8558	3.5136	3.8325	4.8032	3.4001	4.7747	7.6637	4.0788	3.6152	7.5984	3.714	6.3844	4.7366	7.8342	6.9665	3.6517	3.9377	4.0323	8.2999	4.2879	9.4402	9.412	5.9785	6.9891
U133A__GSTP1	10.2691	5.9505	6.2737	6.0305	9.0029	6.4265	9.802	10.165	6.0055	9.9335	10.5334	5.7453	6.4435	9.7716	9.4364	8.9042	6.7726	8.5415	6.0689	6.0078	6.0434	8.826	6.3304	7.3513	5.9938	9.6938	6.2589	7.3166	9.2902	9.987	9.2485	5.822	5.7574	6.2469	5.6179	5.9376	5.7957
U133A__EMP3	4.327	3.9888	4.4028	4.2731	9.9908	4.5129	5.9249	4.5177	4.8069	4.4271	6.169	4.4585	4.1728	4.8236	4.8179	9.0618	5.7623	10.2742	4.4979	4.6047	4.5679	9.169	4.2846	9.3624	4.4717	4.519	4.3967	4.5344	9.6246	8.36	9.3993	4.3435	4.3907	4.6524	4.1567	4.2003	4.5004
U133A__ADAM9	7.4142	7.5275	9.0774	6.2804	9.3027	7.6696	7.9906	6.0137	5.9751	8.8245	8.3077	7.2497	8.5078	7.6816	7.525	8.4688	6.8256	8.2258	6.0776	6.0747	9.3548	8.2242	7.6408	8.4356	7.7889	7.5672	5.8249	6.8231	8.4699	7.364	7.1854	8.6927	10.3643	7.8763	8.8635	6.5808	6.9047
U133A__VIM	5.8226	4.9592	5.965	7.7481	11.6511	5.8908	11.3821	8.7797	5.3502	10.7222	4.9413	5.8206	9.4913	5.6946	10.5693	11.5151	8.134	12.5403	5.7703	5.8608	8.4895	12.7467	6.4138	11.4408	5.516	5.4939	5.091	5.6462	12.9893	9.5774	12.4633	5.2009	5.4907	5.7024	7.8423	5.528	5.1392
U133A__PLEKHF2	7.8227	5.5542	5.4206	8.353	5.3539	7.7758	6.2048	6.0169	8.5369	6.5492	6.6429	8.251	6.1642	9.5057	6.5501	5.6869	6.6621	5.3134	7.6518	7.2111	8.3373	5.1421	7.3073	5.4357	9.0386	6.3531	8.0942	4.8166	4.8152	4.6651	5.4296	9.5436	9.1234	7.8132	8.0893	8.9253	8.4682
U133A__PIP	6.4355	7.3069	6.3157	7.061	6.2596	6.2897	6.4685	6.4454	6.2459	6.3056	5.9752	6.0752	6.4284	6.7761	6.4129	6.1173	5.7083	6.2892	6.0998	6.2914	6.1608	6.1202	10.0061	5.8344	7.7157	6.8376	7.9615	7.0196	6.1485	6.3994	6.1424	8.7615	6.0735	11.2874	8.8185	7.5776	6.1976
U133A__XIST	7.4954	9.2012	4.4356	3.8785	3.9121	4.3337	4.6098	8.5036	7.7232	4.3864	3.9876	4.0078	3.9	4.7839	7.027	8.1843	7.4679	4.8628	4.5531	7.1401	7.2642	7.8189	6.8515	4.3492	4.1485	7.8787	6.4632	7.1041	4.9547	3.8857	6.9101	3.7305	7.8729	4.508	8.1491	7.1912	4.174
U133A__FTL	9.9572	7.7744	11.2056	10.0591	10.2013	8.6878	10.819	10.2002	9.6632	9.4582	11.7469	11.211	10.81	10.6899	9.2376	9.8686	11.1678	11.7066	8.6347	9.802	9.7402	10.2633	9.1036	11.4905	9.5794	9.595	8.687	7.3449	12.0038	10.5268	11.4457	9.9193	10.7519	8.3996	9.5434	9.0406	8.4759
U133A__SHOC2	6.4196	6.4652	5.5	6.926	6.3936	7.5677	6.5926	7.2378	8.2063	5.6342	7.8995	6.1507	6.0135	6.8143	6.356	6.268	7.263	5.3781	6.6247	6.8352	7.1692	6.6768	6.7138	7.1528	7.9108	8.2722	8.0058	6.3408	6.6276	5.6485	6.6845	7.0982	6.8114	8.0742	7.641	10.5269	9.7141
U133A__SLC16A3	4.8204	8.7523	4.7778	7.5024	3.8512	4.5588	5.858	4.6259	4.682	6.8934	8.3892	5.8137	7.6306	4.7371	5.944	7.2585	5.2284	5.8389	5.5231	5.6305	5.6692	6.9724	5.9795	8.9113	5.1973	4.6446	4.4335	8.1393	6.7169	10.4205	7.0373	6.4482	4.1816	5.4415	9.251	7.172	9.6262
U133A__METTL7A	6.9451	7.266	6.3437	7.5847	4.3841	6.851	7.3172	6.7391	8.7913	6.6125	5.1798	8.321	4.1851	7.5515	8.8087	6.7329	6.9387	4.9186	4.7595	5.9162	8.1643	6.6631	7.4639	4.2725	9.2273	7.6442	7.6979	8.0295	4.2081	4.95	5.9051	9.855	7.7331	8.8341	6.5752	7.8531	6.9736
U133A__CPD	8.2101	8.1216	5.649	7.6179	6.7762	5.6894	6.4387	5.4846	5.716	5.8418	6.9123	6.7767	7.1457	6.9298	6.9384	7.8036	6.9833	6.223	5.6333	5.8221	7.2464	6.1744	7.3296	6.9398	9.0281	6.4524	6.7077	7.2602	6.3593	5.2009	6.5355	8.5259	7.2562	7.5889	9.3538	8.3809	7.1765
U133A__IRX5	7.7399	6.5809	5.5081	7.7145	6.7582	9.7052	6.7088	8.4982	9.2355	7.8438	5.0398	8.2703	6.928	6.9459	7.2265	6.0328	7.8287	5.68	6.4979	7.5153	9.0702	5.4402	8.0494	5.6562	8.26	7.8134	9.0329	6.3151	7.6172	6.2181	4.7753	8.6255	7.2192	7.8621	7.0565	8.7904	8.8174
U133A__TTC39A	6.7363	7.9537	4.4192	6.888	3.8361	6.2428	4.6311	5.2211	9.349	4.463	4.6581	5.3975	4.1091	6.965	5.4051	4.311	6.2015	3.7661	4.5869	7.2805	6.8676	3.4222	5.9355	4.2968	7.8908	7.3398	7.8998	7.1437	4.1734	3.6019	4.3341	7.0384	6.696	7.1654	8.5979	6.5769	7.4901
U133A__TXNIP	9.0198	6.3159	6.4357	8.3832	6.3813	7.8916	9.8559	5.7644	9.3606	6.8518	6.1465	7.4178	7.8682	9.4289	7.6529	6.0667	7.4504	5.6214	6.9145	7.9565	7.329	6.5723	9.169	6.4066	8.9171	8.1792	7.3859	6.7269	5.781	8.2045	7.9514	8.9095	10.2571	7.8199	8.5902	10.4484	6.8079
U133A__NDRG1	8.6805	9.5465	6.8656	10.7596	5.7369	8.7552	8.7441	8.9747	8.2843	8.3586	8.4558	8.8067	7.6502	8.7344	8.4931	6.3697	8.1136	7.8216	6.8145	8.2818	7.5775	7.4456	7.5	6.9756	7.9262	7.0386	8.4733	10.6886	7.7033	8.1369	6.9465	9.5387	8.3876	6.9584	10.4157	10.0224	6.6565
U133A__S100A8	6.1706	12.5664	8.3351	4.157	3.5813	4.7324	3.924	5.4707	9.0826	7.6008	10.1724	11.3533	12.0862	11.5807	11.9267	4.6797	8.514	4.0572	4.4943	4.3478	5.5487	4.143	7.8157	3.962	4.2797	3.922	4.6677	11.5551	3.8788	8.6098	3.9747	8.5694	7.8125	4.319	12.2071	5.4406	9.593
U133A__TMEM30B	7.5328	6.8901	7.6466	7.4005	4.5145	7.2183	6.9133	4.3056	6.7918	4.8118	6.6057	6.9381	7.4909	8.128	5.2438	6.5212	6.4775	4.5702	8.4178	7.6244	7.2188	4.4832	7.1355	3.5723	7.4901	7.0626	7.6142	6.6801	4.1736	7.2792	3.6516	8.0335	3.6461	7.2677	8.2243	6.7906	6.8931
U133A__NR3C1	5.0765	6.954	7.0652	5.1788	8.9925	6.6683	6.9561	9.1735	6.103	6.7952	7.9111	7.5877	6.4	5.6099	4.8193	7.9143	7.896	7.9943	6.4699	6.8241	5.5863	8.052	4.8591	8.189	5.6192	5.6545	7.9997	5.85	7.6812	6.8754	7.9483	7.9101	6.4618	4.868	6.6686	6.906	6.4361
U133A__TM7SF2	6.3544	7.7736	5.9613	8.9903	5.9644	6.5563	7.4551	7.1445	7.2359	5.6688	6.2564	7.1204	5.884	7.2668	6.8554	6.8658	5.6005	5.6277	7.5725	8.4942	7.3491	5.3969	7.9643	5.339	8.007	7.0843	8.3892	6.8779	5.8961	6.7959	5.3671	6.0172	6.2127	9.688	8.7472	7.5838	7.4074
U133A__LASP1	9.5381	8.8228	9.664	11.8925	9.1628	9.3673	8.5106	8.657	8.8387	8.7288	9.609	9.423	9.7487	9.9354	8.9098	9.4553	9.1961	8.8766	7.5227	9.3005	9.6931	9.5261	8.2583	9.5882	11.114	9.393	9.1818	8.5311	7.9899	9.1735	9.2861	8.7215	7.7283	9.741	10.3033	8.6075	9.0406
U133A__ZNF217	7.419	7.5835	6.9251	7.8014	6.3906	7.2507	6.639	6.8205	7.0884	6.5128	5.7742	6.7022	5.9938	6.8491	6.55	6.4752	7.1567	5.4451	7.5959	8.0458	7.2063	6.4752	8.3299	5.7126	7.3471	6.1379	5.9462	7.1079	5.8327	5.9423	5.1742	7.3122	5.7603	6.5379	9.0439	7.9256	7.0191
U133A__CEACAM6	11.5329	9.4214	4.7174	10.8388	4.9611	5.2365	5.2078	4.8552	4.8702	5.0137	6.169	7.6943	7.9434	9.7564	6.0992	4.9348	7.757	5.6867	7.1518	7.4223	4.6502	4.7137	7.7183	5.1115	10.5666	10.2236	4.9072	5.7482	4.7969	5.0174	4.96	11.0544	6.1476	5.309	10.9951	6.6025	5.6763
U133A__SOX4	8.6674	8.3533	6.1246	8.8828	8.4109	8.7923	8.9581	8.341	8.2131	6.6364	6.1797	8.3375	7.9094	7.8327	9.3505	7.6446	8.6075	5.5588	6.2454	8.2679	9.9401	7.7534	7.66	5.2287	9.3267	7.9694	7.8062	7.3642	3.5447	7.8776	6.2548	9.4911	6.0618	7.4115	9.15	9.1511	8.6423
U133A__KANK1	5.1845	6.3431	4.3153	4.4629	6.3967	4.9071	7.1835	6.6344	4.4494	7.8058	6.3191	6.8472	5.5078	4.5401	6.1554	7.7999	8.4046	6.2557	5.5361	5.3198	4.7946	4.5636	5.0467	5.6924	4.7356	4.2955	5.7617	5.8712	5.7353	5.6835	7.4	6.7284	6.1543	5.6976	6.0245	5.7133	6.2831
U133A__DAAM1	5.7712	6.9394	6.7256	7.4256	5.7426	6.5441	5.5412	5.8286	7.3134	4.3108	6.1768	6.3515	5.6336	9.0542	6.947	5.6935	6.8334	4.2798	6.7682	7.0736	7.5356	5.712	6.5563	4.2843	6.6937	6.402	7.1325	6.6966	5.278	5.2773	4.3674	7.6872	5.4127	6.6933	7.2805	7.2217	7.1886
U133A__RAB31	6.2413	8.0673	8.3752	5.1431	8.3412	5.7159	8.1732	6.3882	5.2803	6.3372	7.6547	6.0256	7.7825	5.7421	7.6507	9.5565	6.5396	8.4846	8.4498	8.1669	5.4419	9.649	4.7638	8.3981	8.3539	8.6618	5.3344	8.156	9.8536	8.2197	8.2362	6.1315	5.4669	6.4993	7.2702	5.4727	8.7646
U133A__CTSL1	7.8798	7.8217	7.3628	6.5576	9.757	7.4496	7.0288	6.4798	6.048	6.8949	7.4235	7.4542	8.3773	6.2641	7.0943	8.2269	7.8047	8.3916	7.4346	7.6	8.0089	8.9738	6.7347	7.4494	7.8617	7.5577	5.7749	7.5965	10.5886	7.5244	7.4769	6.5554	7.7098	6.1703	7.8203	6.2306	6.448
U133A__MET	4.1684	7.1117	9.1682	6.3733	7.8015	3.681	7.5974	4.7232	5.4852	5.2012	8.5363	6.9785	8.3372	5.3306	7.3328	6.2434	7.4069	8.8939	5.544	5.1935	3.8401	6.8282	4.3847	7.7522	6.4167	4.6308	3.6139	5.2515	7.6225	7.4948	8.1415	6.5536	5.477	3.9143	3.4815	4.67	3.9095
U133A__GJA1	2.8251	2.8586	2.9544	2.9839	10.2343	2.855	3.0983	2.6954	8.3065	2.8297	7.2101	2.6602	2.7479	2.9591	2.7973	7.2452	2.8227	7.4182	3.0721	3.2832	4.9732	7.1043	2.9603	7.1958	2.8845	2.8895	2.7177	2.747	10.3929	2.8106	7.9029	2.8426	2.8623	3.074	2.8055	2.7005	9.3974
U133A__KIAA0040	7.4994	6.4763	6.2241	6.3177	5.5327	7.1961	6.3227	5.7125	7.9873	6.0097	7.8512	6.4646	6.2896	6.4563	6.0658	5.6974	6.5026	5.7298	5.6006	5.9483	7.6846	5.955	6.4962	5.278	6.0962	7.1032	6.9009	7.0973	5.2923	5.7746	5.1966	6.4999	8.7619	6.5898	6.2826	7.188	6.3955
U133A__GALNT6	8.8821	7.3905	8.324	6.7568	5.1143	8.8841	6.8554	6.1052	8.3463	5.6143	6.7577	6.284	8.1603	8.2228	6.9834	5.9045	7.5279	5.4304	8.8602	7.768	8.6096	5.6215	8.65	5.8084	8.4236	9.1485	9.1731	8.7939	5.665	7.8211	5.8236	8.3165	9.245	7.746	9.7446	7.8728	9.2057
U133A__C4orf19	7.472	6.995	6.1152	5.7927	5.2571	5.9706	5.259	4.7316	6.7285	5.4242	6.6961	7.585	5.7606	10.2326	6.1892	5.0874	6.2435	4.9288	5.7074	6.7407	6.5187	5.4766	6.6493	4.9949	7.6176	8.3724	6.8461	6.9588	5.0222	4.9962	5.2601	6.9566	7.7508	8.4822	7.0379	5.3883	6.2493
