Cell lines	600MPE	AU565	BT20	BT474	BT483	BT549	CAMA1	HCC1143	HCC1187	HCC1395	HCC1419	HCC1428	HCC1569	HCC1806	HCC1937	HCC1954	HCC2185	HCC3153	HCC38	HCC70	HS578T	LY2	MCF7	MDAMB134VI	MDAMB157	MDAMB175VII	MDAMB231	MDAMB361	MDAMB415	MDAMB453	SKBR3	SUM1315MO2	SUM149PT	SUM159PT	SUM225CWN	SUM52PE	T47D	UACC812	ZR751	ZR75B
Response	-1	-1	1	-1	1	1	-1	1	-1	1	1	-1	-1	1	1	1	1	-1	1	-1	1	-1	1	-1	1	1	-1	1	1	-1	-1	1	-1	1	-1	1	1	-1	-1	-1
EA_G__MYO1B	6.8615	5.8133	10.7501	8.945	8.9788	8.7951	8.0103	8.3575	8.0004	9.5503	8.8665	7.959	7.7712	10.269	10.4487	10.9518	9.8555	8.4377	8.6697	8.274	9.5011	9.0457	9.1488	9.2139	9.7362	8.7937	8.4929	7.8878	9.3267	4.9158	6.4471	10.0282	7.5577	9.3042	8.6803	7.6236	7.0142	7.2785	5.7675	4.6242
EA_G__LRP5	10.892	8.703	7.987	8.8621	7.9264	7.5126	8.5881	8.1926	8.9058	8.58	8.414	8.2928	9.3271	8.2984	8.0782	7.6569	8.1084	8.3069	7.8191	8.308	7.622	8.8173	8.5587	8.2826	7.3464	10.2027	8.3532	7.8468	8.1839	8.2632	8.5023	6.7977	8.6427	7.7481	8.4709	8.8114	8.2113	8.0194	8.6581	8.1795
EA_G__THRA	7.6633	8.9597	6.4384	8.027	7.7901	7.1068	8.7645	6.8579	8.0306	7.0542	6.2938	7.2483	7.7367	6.9753	6.3581	6.7029	7.0508	7.1104	7.967	8.2489	6.9226	7.4362	7.3108	8.392	7.9166	7.2986	6.6786	7.2192	7.9817	7.2929	8.3527	6.7823	7.784	7.8335	7.7586	7.5549	7.6964	9.9698	8.0602	8.0673
EA_G__MAPT	5.7018	5.1448	5.1469	6.9443	9.1397	5.1979	8.0624	5.4416	6.2766	5.0627	4.9614	9.0827	5.6293	5.3387	5.1081	5.4602	5.7802	6.5011	5.2449	5.3896	5.4343	7.0464	7.1596	8.4538	5.1361	6.1992	5.4871	5.6839	6.2724	6.3443	5.4325	5.4093	5.6854	5.1477	6.9415	5.8018	5.8948	7.4277	7.6494	7.3209
EA_G__SNAI2	4.1699	3.7124	6.6607	3.6871	4.9983	9.1313	3.88	6.4837	3.2197	8.7471	3.8197	3.4385	9.9938	8.7811	7.6103	8.0586	3.6267	5.6992	9.113	6.23	9.6167	3.8127	4.5304	3.9551	10.2171	6.415	6.0717	4.3797	4.0291	3.8604	3.2179	9.5792	6.7031	8.0848	3.8284	5.6708	3.7912	4.4566	3.9037	4.1802
EA_G__MLLT6	8.5446	7.5689	7.9745	10.2659	8.1938	7.2075	7.8921	7.3103	7.924	7.3901	6.9293	7.4125	7.6523	7.1562	7.5017	7.4407	7.9772	7.9221	7.1573	7.9475	7.3379	7.5901	7.3045	7.6289	6.8315	7.8394	7.544	8.5385	7.1777	8.2068	8.0174	7.181	7.6071	7.4195	7.3583	7.2287	7.7259	8.7446	7.8067	7.7721
EA_G__DST	5.7695	5.6314	6.6489	5.8496	6.8365	6.522	5.4187	7.8516	4.2306	7.0187	7.1174	7.453	5.4133	6.8962	7.5451	7.2884	6.3799	7.9233	6.8408	6.4526	8.5037	5.407	5.7353	5.4619	7.1812	6.4687	7.7141	7.1402	8.3095	5.1303	5.9384	9.1508	6.632	8.1101	8.0696	6.6125	6.5333	5.4791	6.8436	5.1731
EA_G__NRP1	5.8023	6.0498	8.0452	6.71	4.9308	8.2096	4.441	8.138	8.1895	9.1956	6.0792	6.4417	4.4621	6.9841	7.1779	7.9053	8.0159	6.4355	6.616	7.5902	8.3999	7.107	6.9777	5.0405	7.6503	7.3881	7.5617	6.343	7.5409	5.0336	6.1362	8.3488	6.1973	8.7035	5.9388	5.1546	4.6438	4.8869	4.5539	5.6674
EA_G__ELL2	6.8523	5.9738	8.4801	5.4848	6.3876	9.0239	5.5223	7.8213	6.2642	7.1177	7.3842	5.1636	5.7827	7.7042	7.7394	8.4219	7.63	8.1983	8.1004	6.8832	8.7843	4.8266	5.4662	7.4627	7.4624	6.6419	7.7774	5.8231	9.4469	6.9037	5.7191	7.9853	7.358	9.1605	7.4441	6.8344	5.428	6.024	5.6388	5.8718
EA_G__CTNNAL1	6.2431	4.2542	7.954	6.4387	5.6072	8.7735	6.3931	8.1612	4.1256	7.0137	7.1051	6.4816	7.2239	8.0383	7.9871	8.3836	5.4545	6.4832	7.6805	5.2114	7.9664	6.1901	5.6676	6.3907	8.9997	5.5644	8.7663	6.723	5.544	5.0793	5.2778	7.4006	6.8008	8.0664	3.6217	5.7089	6.5608	6.3006	5.4776	5.9197
EA_G__PLK2	7.5236	7.8727	8.5494	8.8925	8.5242	10.5128	8.5205	8.6085	7.4595	7.9545	10.1316	8.5336	7.8623	8.9048	9.9297	9.543	9.8103	8.7463	8.8406	9.5894	8.67	9.0988	10.4749	9.3449	9.7563	9.7828	8.3677	8.7253	10.3724	9.3284	6.7134	7.406	8.4268	8.0216	7.9646	8.9164	9.9098	7.2602	7.4777	7.7337
EA_G__TMEM45A	3.4262	5.435	6.4061	3.6833	3.8514	7.4132	3.5319	7.2249	4.0808	6.8617	7.5313	3.9416	3.8688	6.2257	8.9489	7.9683	6.9746	6.5289	6.6702	7.6299	7.5793	2.931	3.9082	4.449	8.7799	5.8345	6.7967	3.7988	7.9835	4.2971	5.4476	8.3158	10.5267	8.06	6.3913	8.6417	3.2231	4.2422	2.72	3.9655
EA_G__ACTG2	5.7094	6.42	8.1969	5.9149	7.4512	6.5615	7.8168	7.2358	6.044	9.6112	6.8146	6.0135	8.13	6.1929	6.7957	6.5218	6.5331	11.4434	7.5453	6.4375	9.7153	7.162	7.6086	6.4451	7.0741	9.1921	6.0054	8.2602	6.1646	6.5419	6.9759	6.7062	6.2758	7.635	6.1101	6.5448	6.3778	6.1246	5.9909	6.2103
EA_G__AMIGO2	6.0828	5.9431	5.8181	5.7276	6.6004	7.6002	4.288	6.3002	4.3864	7.5383	6.3951	6.1074	4.0049	7.5771	6.8291	6.8701	5.3816	6.2299	6.9895	5.2112	6.5632	5.7651	6.3204	5.9356	6.9502	5.9428	8.2119	6.5058	6.0749	6.2811	5.603	9.0508	8.0812	7.7022	4.9309	5.5583	6.3676	5.9183	7.4356	5.6362
EA_G__SLFN11	4.0289	7.3239	5.1422	3.4401	6.6335	8.8063	3.6834	6.7822	4.9182	3.8921	3.64	3.5673	3.7837	6.9671	3.7642	3.9415	6.6266	3.7182	8.7167	4.0784	3.9653	4.2244	3.8785	3.8369	5.043	7.1813	3.6201	7.8717	3.9968	4.9768	6.6291	3.8912	4.3298	8.1337	4.9569	8.2407	7.1963	5.6434	3.6617	3.6138
EA_G__PHLDB2	5.7212	5.3408	8.9822	5.7194	4.9969	8.6835	4.4439	6.4181	4.4526	5.8504	5.3834	7.5781	3.7571	7.6237	8.9054	8.6763	5.8088	7.6562	6.1539	6.4523	8.0371	3.6151	5.7272	3.3209	7.538	6.4464	7.4978	5.7096	8.3029	4.8409	4.7423	5.2801	7.3468	7.9553	6.4168	5.1493	4.1791	6.0091	3.5286	3.6532
EA_G__PRKCA	5.1123	6.9849	6.7965	6.093	4.4173	8.7689	4.7539	7.1254	3.9318	7.493	4.0132	4.0291	5.6109	6.9189	6.4077	7.722	6.2455	7.0923	8.9502	4.7269	8.3028	6.6467	5.9656	4.7651	9.6278	6.3184	8.5886	5.5478	7.1467	5.4288	7.173	9.0008	4.8225	8.6544	5.3847	5.7431	5.6894	6.2828	5.5399	5.837
EA_G__IGF2BP3	3.6624	4.2122	8.2012	3.8851	3.6266	4.6605	3.6779	7.2037	4.1296	7.5191	4.0699	3.6299	7.7252	8.3337	6.971	7.5306	4.3622	6.5162	8.1443	7.9738	7.2336	4.1652	4.2482	3.9471	8.6283	4.0471	7.7226	5.4133	4.7006	4.2992	4.4079	8.7171	4.3408	5.2561	4.4225	5.3115	4.8538	3.948	3.8747	4.3159
EA_G__SYT12	6.5702	8.4842	7.2923	6.4667	7.2718	5.6842	7.9997	5.3679	8.048	5.0011	5.5349	7.2782	6.3472	5.9473	6.3003	7.3051	8.2401	5.853	5.1824	7.0638	5.2108	8.037	7.7083	6.7108	5.4029	6.0574	5.6268	6.4297	7.8238	8.001	7.193	6.263	8.7831	5.9885	6.7599	7.2041	6.3496	8.237	7.9768	6.5939
EA_G__SGK	4.2316	5.0406	7.2857	5.4106	5.3314	9.0838	4.1858	8.9248	4.3511	8.7011	6.361	5.0384	6.6596	7.7021	7.7639	6.6802	5.1726	7.019	9.4103	6.1623	9.2354	5.1628	5.3706	5.9424	8.3272	5.1426	8.4342	7.6622	3.713	5.0158	4.8986	9.7393	8.7562	8.0896	6.1843	7.5815	4.7744	5.5835	5.6857	5.0778
EA_G__EXT1	6.9002	7.2851	8.0007	7.2317	7.4158	9.4078	6.2099	9.0509	8.0849	9.5899	7.5442	7.2337	7.5812	8.4481	9.2912	10.1238	9.2087	8.4022	7.6371	8.1848	10.0477	6.7194	6.7105	5.5645	9.9259	7.4582	9.0962	7.2525	7.5283	7.3022	6.8852	8.3403	7.8279	8.393	8.4691	6.9261	7.0398	7.4408	6.3569	6.7935
EA_G__MED24	8.8928	10.5135	7.9853	11.3695	8.9167	8.1803	8.8183	7.6064	8.9128	8.2128	7.6464	7.7899	8.3849	7.9945	8.4283	7.9851	8.3567	9.0453	8.9935	8.2632	8.2068	7.9656	7.67	8.9512	8.3862	7.9529	8.5317	7.3862	7.9264	9.1471	10.405	8.3745	7.8178	8.7929	7.644	7.8974	8.6859	11.5153	8.4407	8.767
EA_G__KIAA0195	9.2317	8.1195	7.5064	8.4064	8.8743	7.8452	8.7581	7.6728	8.2281	8.5923	7.9728	8.9658	8.4402	7.6967	7.5845	7.5539	8.6972	8.2867	8.4437	8.0899	7.5258	9.0136	9.5723	8.7357	7.8019	8.1276	7.7026	10.6093	7.8048	9.2293	8.7163	8.6271	7.8546	7.5508	8.4612	8.1096	8.3298	9.5459	9.2109	9.2433
EA_G__EPHA4	4.1217	5.0734	5.9051	6.2606	4.4531	7.9784	3.8708	7.1865	5.253	6.9047	4.6924	4.5379	4.3548	5.9984	6.7428	6.6761	9.2057	5.8254	6.264	7.1311	7.3232	7.0524	7.149	4.5379	8.0528	6.3143	6.3083	6.0132	4.0356	7.8997	5.4945	4.3484	4.3606	6.4671	3.9527	6.7085	7.4911	6.4549	4.1474	4.7413
EA_G__RAB31	6.2049	8.207	8.5769	5.1319	7.9678	8.6318	4.3346	8.3939	5.9684	8.6436	7.7198	5.0101	5.8852	7.9053	7.1351	8.5096	5.9347	8.1378	9.1231	7.3167	8.2348	7.1382	6.757	5.0177	9.0757	5.5734	8.3771	6.9554	8.1439	5.658	8.7785	10.5171	8.111	8.5574	6.72	4.3758	6.537	7.7962	5.6415	6.0797
EA_G__PHLDA1	7.264	5.5624	8.6994	5.4323	6.0387	7.1715	4.5343	8.4106	6.9458	7.8576	5.8538	7.0573	5.0523	9.211	9.0987	8.5591	7.6233	7.8731	8.6225	7.3199	9.1532	6.9348	6.4868	7.1009	7.7793	8.4937	9.2009	5.3553	5.2952	5.3613	5.4233	9.2377	6.425	6.9972	7.1747	5.2914	7.144	5.156	4.4997	5.4815
EA_G__FAM92A1	5.5302	3.478	6.5384	5.8483	6.4144	8.4157	5.1613	8.0287	5.1954	6.5926	9.1744	4.5411	7.7132	7.0833	7.3376	4.797	5.1531	7.1769	8.6012	5.3043	7.7639	6.4938	5.9786	4.0925	8.9483	5.4059	7.7509	5.8867	5.4835	4.3822	3.5541	8.8524	6.8195	8.0827	5.3158	3.813	6.5597	7.8706	5.3464	5.5177
EA_G__KIAA0644	6.6204	7.8892	5.8869	7.22	7.5292	5.0429	7.1733	4.6612	6.9032	4.7288	6.0241	7.1183	5.0476	5.3085	5.1206	6.1557	7.1336	5.2546	5.1951	6.8486	4.7598	5.9194	5.6884	7.036	4.7568	6.3434	4.8293	6.4892	6.3319	6.5456	7.9545	4.9716	5.2662	5.3064	7.7024	6.1171	6.8002	7.5086	6.8457	5.1298
EA_G__ISOC1	7.1234	7.7312	7.7099	8.4881	7.9468	7.1505	10.1811	6.8003	8.3692	6.4391	7.8247	9.2481	8.0613	7.4609	7.6971	7.3787	7.7585	7.7394	6.4754	6.4981	7.13	9.3042	9.2846	9.3326	6.4466	7.818	8.0524	8.6912	8.875	8.4946	7.982	7.6054	7.2698	7.2342	7.5257	7.1917	8.0935	7.8404	9.2017	8.2137
EA_G__ITGA5	6.3772	6.5342	7.6128	5.4102	7.6442	7.8303	4.9929	6.7368	7.765	9.1896	7.0523	5.2835	7.3501	8.4005	6.6512	8.1923	7.09	7.8664	9.0643	8.8209	11.1238	6.6621	6.3823	6.1907	8.059	6.6655	7.7972	6.2126	7.0346	5.9778	6.1176	8.4345	7.5599	10.4308	6.8545	7.1407	6.7302	6.2623	5.62	7.8886
EA_G__DCBLD2	8.5471	4.4849	10.0473	7.708	6.5121	9.4737	3.6511	8.2451	7.0105	8.7746	8.1518	3.6162	7.8489	10.0058	9.1965	9.857	8.0481	9.6844	9.6487	8.7991	10.7754	7.3132	6.7617	6.081	10.5443	7.7964	9.4729	7.8692	3.5968	6.9997	6.6151	9.3028	7.7366	9.0471	7.7637	7.4904	8.1841	8.5023	7.8199	7.5897
EA_G__GJA7	4.8989	4.8475	6.9278	5.84	5.5942	7.4714	4.7178	8.5742	7.3874	6.8312	5.3196	4.6661	6.5742	6.9284	6.4528	6.9926	6.2159	6.8559	7.0645	7.013	7.5561	4.9328	4.7611	4.9592	7.6568	5.2429	4.7212	6.6205	4.4482	5.435	4.9082	8.624	6.5147	7.1838	5.7329	6.474	6.7178	4.9803	6.6005	6.5818
EA_G__PRSS23	5.5882	4.6783	7.2342	6.673	6.2032	7.4863	4.7843	7.1082	4.4011	7.4556	5.5755	4.58	4.9244	6.1456	6.2282	7.2194	4.7084	7.308	7.7035	5.6167	7.7645	5.6894	5.8347	7.336	7.9445	6.6193	7.4331	6.501	8.2965	6.1393	4.7616	6.3804	5.4088	5.1328	6.5064	7.8341	4.7269	6.3533	4.7555	4.7505
EA_G__TBC1D2	9.2376	7.7515	8.2597	6.9082	7.0838	8.3025	6.9648	9.3809	5.8309	6.9009	7.5223	6.8364	6.3296	8.9686	9.385	8.6838	6.9966	8.3051	7.0549	6.7734	7.2753	7.0387	7.1429	6.7825	7.3263	7.583	7.2943	6.9501	7.7684	7.1429	8.2747	7.7864	8.2385	8.2072	6.4277	7.9677	7.4045	6.4661	7.4552	6.7711
EA_G__KDELC2	6.195	4.3773	8.1197	5.9275	6.452	7.6967	3.8076	7.0908	3.834	7.3746	7.0664	5.2272	8.6469	7.2625	6.6468	5.9378	7.1883	6.2686	7.4909	5.9922	7.7477	6.5941	5.6485	4.099	7.9831	5.9974	8.4462	7.1548	5.4826	5.0437	5.7329	7.8354	6.7742	5.803	6.6623	5.9204	8.2453	7.5465	5.0136	3.3889
EA_G__UGDH	7.0525	7.5249	7.607	8.0492	8.1962	7.6362	7.231	5.8479	6.3252	9.9588	10.8151	5.445	7.3664	8.1585	6.9732	8.2994	8.1909	7.2931	7.6884	6.3928	9.0144	8.8524	8.0119	8.505	8.1834	8.2551	7.7175	7.7366	8.3347	6.4367	6.9406	8.1264	7.1905	7.9125	7.204	9.1289	6.3762	9.0015	6.4987	6.7532
EA_G__EHD2	7.3175	7.175	6.3216	6.3603	5.9076	9.1305	7.8483	8.6393	6.4028	8.256	6.0272	6.5969	6.0329	8.7643	7.588	8.5066	7.8595	7.7524	9.2252	8.1121	9.9391	6.6247	6.7547	7.943	8.9681	7.5343	7.6772	6.0786	8.2494	7.1402	7.063	8.4964	8.0041	9.1996	7.1679	9.2335	7.4684	6.7046	6.9207	6.7111
EA_G__CAV1	3.6635	4.5287	7.4287	3.8568	4.2305	9.9104	3.712	9.7581	4.2532	9.9879	3.8194	5.4549	3.8847	9.7682	9.8034	7.7855	5.1202	8.3996	9.4259	7.3034	10.2473	5.8282	4.0921	3.8378	9.7323	4.6806	9.5902	3.6008	4.9392	4.3121	6.5569	9.6999	9.2782	9.5947	4.5306	4.1113	3.97	4.1412	3.5529	3.9582
EA_G__PTRF	6.1378	5.9441	8.4012	5.9461	5.7085	9.47	6.0342	7.9379	6.2178	8.1509	5.8965	5.563	7.0871	8.0149	8.4522	8.1467	6.696	6.8672	9.1449	6.8679	9.7016	6.208	6.3008	5.6737	8.7173	5.9941	8.8381	5.6244	6.5879	6.7201	6.1917	8.0202	8.0864	8.6629	6.4714	6.5439	6.4796	5.9012	5.9419	5.7248
EA_G__ADM	6.4321	7.8699	8.2549	6.7316	6.3919	9.2873	6.4248	8.2428	6.6451	7.5044	6.2464	7.0564	6.6729	7.9741	8.8778	8.7503	7.2347	7.2128	7.2707	6.52	10.4389	7.4329	6.5314	6.9772	8.6667	6.6563	8.0916	6.7527	7.0205	6.9918	7.7146	8.0335	8.0033	7.3379	7.3322	7.1694	7.7755	6.1965	6.2225	6.2827
EA_G__ABCA3	7.4898	6.1001	5.9275	6.9381	8.2598	6.5877	8.6685	6.65	6.4291	6.0702	7.5984	7.7157	6.836	5.8417	5.8612	6.15	7.2382	6.8044	5.8351	6.2413	5.5762	8.3807	7.7083	7.8356	5.9727	7.5575	6.7002	7.2912	7.0449	8.915	7.0031	6.1109	6.1814	5.8895	6.7524	7.366	7.6447	8.529	8.656	8.3675
EA_G__FRMD6	6.6327	4.9002	6.7991	5.8569	6.512	8.4921	7.1865	7.9292	7.2846	7.5991	5.8319	5.2792	4.6289	7.4696	7.3778	7.3328	5.7482	7.2501	8.1602	5.44	8.0414	6.187	6.0322	6.3911	8.9032	6.3751	8.4847	5.2365	6.2746	5.5398	4.9049	7.829	6.5761	8.0209	6.2193	5.4363	4.5013	5.7171	5.2584	5.2336
EA_G__BRD9	6.5119	7.52	7.5869	7.4878	7.3624	7.3621	7.0962	7.095	7.428	7.8264	7.1382	7.3027	7.2444	7.8455	8.1898	10.1603	6.93	7.3768	7.8572	8.1182	7.6697	6.6873	7.0869	6.8641	7.8405	6.6992	7.7837	7.2717	7.2449	6.9404	6.834	7.0352	6.7035	8.1623	6.3684	6.9256	7.3582	6.6416	6.7132	6.6879
EA_G__HEG1	6.8455	6.2128	9.9633	4.3598	7.1837	8.3098	6.562	6.4836	5.2993	6.9825	6.2301	7.5078	5.2928	5.9003	6.8884	7.6971	6.2066	6.0265	7.9313	7.4061	10.095	4.7841	4.9313	6.2316	9.1828	5.3043	8.3031	4.2267	6.6247	5.3676	7.0547	6.655	6.1362	8.4389	5.8099	7.466	8.0922	7.6151	4.0331	4.3623
EA_G__SLC16A1	4.1518	4.5175	8.7535	4.621	5.0518	8.3945	6.9479	8.2121	6.7131	8.0753	4.1803	6.0711	8.1756	8.6169	9.6833	7.5445	4.3803	8.5633	9.301	7.8102	8.2915	6.6982	6.3272	6.7496	8.5674	5.5971	4.2042	4.7554	9.2031	5.243	5.3943	8.0807	8.4519	8.8065	5.3618	6.7559	5.7245	3.8845	5.3972	7.3424
EA_G__EDG2	4.8556	3.3359	3.6404	4.2557	4.4188	6.8165	6.3432	4.4746	6.534	7.7048	3.9111	3.8116	6.6588	9.6996	8.5967	7.2909	4.6426	5.8024	6.667	4.1839	9.6511	4.3939	4.5068	9.2968	10.0297	7.5476	9.9468	6.2733	8.3355	5.6309	4.0072	7.897	5.2177	8.6128	3.9829	9.2136	8.0528	4.9111	4.7246	4.3526
EA_G__SSFA2	7.9	8.0602	9.7001	7.5702	8.2629	7.7693	7.2627	9.1545	6.9718	8.4744	9.7091	7.8514	7.9485	9.9051	9.3286	9.1135	7.8362	8.564	8.0507	8.5076	8.5876	7.3669	8.2823	7.4516	8.5337	7.8215	8.7472	8.2148	8.6012	7.4493	7.7685	8.9618	8.325	8.4449	8.6295	7.735	7.4827	7.6748	7.8001	10.9545
EA_G__ICA1	6.8007	4.2391	5.5241	7.7109	6.3638	4.2132	7.1927	4.9716	5.9258	3.7922	7.0962	6.1191	4.2211	4.1324	4.8164	5.9834	6.8093	5.7834	3.9633	4.0011	3.8101	6.8677	7.0587	6.9084	4.0082	5.8056	5.9475	6.8185	5.8066	6.6253	6.7251	5.4292	5.8257	4.0589	7.7989	6.9839	7.286	7.3446	7.8273	7.4766
EA_G__TC2N	8.5979	9.0717	6.9775	9.3938	7.3508	3.3223	8.2578	6.9443	9.7443	3.7734	8.8806	7.6394	5.7542	7.1173	6.7638	7.7872	8.4157	6.5571	2.5474	7.8365	3.1031	7.5099	7.5506	7.6286	3.4834	8.7449	4.5382	8.6498	8.2854	8.3271	8.4929	3.1594	6.1981	2.9353	8.8122	7.8362	8.1402	8.2774	9.4791	8.1944
EA_G__AKR1C3	8.0916	5.8327	8.5037	3.7726	4.7068	5.4481	3.7124	7.3325	6.3418	10.6601	6.7336	3.9747	3.603	9.7453	7.0165	8.7086	4.4783	8.7665	8.2096	9.9154	5.3562	4.0953	5.5774	4.9131	6.6928	6.7088	5.1815	4.8762	10.6157	4.4237	4.1457	4.9186	6.397	8.0434	10.3838	6.251	4.6757	3.9799	4.0118	4.8184
EA_G__A4GALT	5.7224	5.8089	6.1913	5.7502	7.6522	6.7222	5.4072	8.7285	5.9331	7.7788	6.5144	9.8981	6.3584	6.7694	6.1284	5.7258	6.3435	5.7712	5.9156	6.088	6.0808	6.8302	7.4518	5.9053	6.4745	6.4087	6.5983	7.1119	6.1523	6.0566	5.8012	6.3533	6.6638	7.4512	6.5881	6.8593	6.5861	7.9469	5.4932	6.1123
EA_G__MUC5B	9.6932	6.4361	5.9022	6.9314	7.7404	5.8684	6.7346	7.1014	5.912	5.8945	5.7874	6.5453	7.6719	6.1315	5.7623	5.913	6.0889	5.8992	5.7273	6.1171	5.8392	6.768	6.814	6.4839	5.7219	7.028	6.0495	7.1666	5.8982	6.7563	6.287	6.0671	6.2929	6.0471	6.0624	6.3067	6.072	9.8801	6.2141	7.8827
EA_G__S100A4	7.436	7.1974	5.1217	5.0732	4.9989	6.3472	7.2798	7.4983	6.2674	6.533	4.6036	4.3392	5.2873	5.2775	7.1519	4.9025	7.5715	6.4541	6.3144	6.0386	7.9102	5.121	5.1448	4.2527	7.3002	9.3419	5.6066	7.2439	7.4551	4.2037	9.3271	9.2706	6.0814	8.8714	5.8644	6.5472	6.6539	4.7041	4.8505	4.503
EA_G__MSL-1	8.3143	9.5621	7.452	8.0684	8.5439	7.6181	8.671	7.5438	8.1079	7.5239	7.0892	7.678	7.9667	7.5503	7.291	7.2022	7.4556	7.6121	8.1564	7.084	7.2103	7.5327	7.4885	8.1408	7.7784	8.0182	7.5154	7.0039	7.2696	7.5585	9.1093	7.3865	6.9794	7.651	7.271	6.9326	7.8802	10.7038	7.957	7.6873
EA_G__SLC44A4	11.6736	6.0217	5.1742	6.4575	6.28	5.1744	5.8406	5.1784	5.4359	5.1851	5.2161	5.3873	5.2039	5.4683	5.0755	5.4196	9.9478	5.5018	5.1499	6.7549	5.1958	5.7664	5.7798	8.0796	5.3333	8.6219	5.4313	5.9026	11.0876	7.5139	7.3705	5.4841	5.7716	5.4328	5.6014	6.6319	5.8825	6.0667	10.1028	9.7302
EA_G__WWTR1	8.5062	8.2368	8.9816	6.8254	6.4282	9.2967	6.3017	9.5252	6.9849	10.1663	7.4681	8.7618	8.6822	9.1395	10.0926	8.6425	9.9261	9.4158	10.9385	9.7446	9.7977	7.4116	7.6245	5.7242	8.8946	7.0799	9.0873	7.4909	7.9722	7.2931	7.9894	10.0168	8.4116	7.8581	7.8051	9.2749	8.2689	8.4534	7.9319	6.0988
EA_G__ZNF229	3.015	4.6623	7.1887	2.679	6.6821	7.6054	3.1535	3.2399	5.4165	6.0542	7.8117	7.9884	3.159	5.9597	7.2242	3.2274	6.9587	7.4403	7.8787	6.0636	7.3658	4.2696	5.8555	3.3461	3.4757	4.6122	3.2397	5.8217	6.1627	4.6086	4.8024	6.858	3.1826	4.5299	6.7068	5.4143	4.9974	5.5777	4.7369	5.4996
EA_G__CTSB	9.501	7.4211	6.8283	7.6199	8.1219	9.3317	7.7767	9.3496	7.1958	8.9493	8.4326	8.7649	8.2129	8.6363	8.7268	8.1096	8.3457	9.1987	9.0396	8.0125	9.6332	7.609	7.9978	8.1438	8.5369	8.5159	7.744	7.6151	8.7761	7.5629	7.8522	11.2144	7.9953	8.4264	6.9814	7.2367	8.0939	8.6439	7.7091	8.3084
EA_G__TRIP13	7.8157	8.1416	9.0187	8.2321	7.3633	8.6364	8.1903	8.6113	8.0736	8.981	8.1179	7.9184	8.4456	8.9683	9.4647	11.0174	8.1894	8.5695	8.627	8.8367	8.9072	7.4412	7.6605	7.9539	8.9576	7.3297	8.199	7.7935	7.3926	7.5408	7.639	8.0686	7.5311	9.5113	6.3098	7.6794	8.8534	7.6143	7.189	7.7185
EA_G__CDK6	7.6087	5.6752	6.3878	5.5281	6.6409	6.9192	3.5988	8.8538	6.6364	7.2937	6.125	4.3767	6.4356	7.7804	7.8837	6.7871	6.8198	7.98	7.6771	7.5952	8.5033	5.7383	5.2545	4.2023	8.4198	6.2835	7.8416	5.6047	6.5876	4.1059	6.5554	8.4041	6.9278	7.5734	8.3805	7.8478	4.3604	4.162	3.7064	4.1368
EA_G__ARNTL2	6.1217	3.8101	6.5916	4.8596	6.2176	6.4819	3.8273	7.7471	6.2038	6.5566	4.5198	3.7394	5.7917	9.3976	8.4682	6.7304	5.9108	7.6544	6.7791	6.4344	6.9847	5.4205	5.5538	4.4456	4.9612	4.6794	7.737	5.8374	4.5655	4.671	4.5466	8.1851	7.4415	7.0224	4.5638	5.8324	5.2486	4.1156	5.0043	5.9745
EA_G__EFNB2	6.2732	4.2123	5.8805	7.449	6.8216	7.8088	7.6087	9.4634	5.9782	6.3978	7.6795	6.1879	5.0019	8.5778	7.8717	7.0661	8.5742	6.675	7.7842	6.9406	7.8725	6.3033	6.2913	6.4386	8.3838	6.3951	6.6468	7.4016	6.648	7.1692	5.7584	4.591	7.7342	7.1411	5.9107	4.8588	4.9203	4.3397	5.2883	5.3353
EA_G__TSEN54	8.1719	8.2347	7.8821	7.9326	8.2435	7.3471	8.602	8.0255	7.8688	7.7773	7.9281	8.6685	8.0825	8.1462	7.6475	7.6268	7.7482	8.202	7.3186	7.7329	7.1781	9.233	9.0618	7.7048	7.5306	7.8915	7.7392	8.7507	7.4928	9.2291	8.6467	7.5815	7.3676	7.6907	7.5495	7.7498	8.2297	8.3159	8.2921	8.5669
EA_G__CRIM1	9.0196	8.3091	9.5842	6.5929	7.7545	9.7719	4.9514	9.4674	7.4445	8.0665	5.769	8.1182	7.7723	9.2139	9.9786	9.1736	9.1212	9.553	8.9683	9.1882	10.6462	6.9248	7.2872	7.1522	10.3139	7.9992	10.2066	6.0395	8.0396	5.5615	8.5579	8.5317	9.052	10.2588	7.6815	8.6219	8.7841	8.2763	5.0659	6.9187
EA_G__COL5A1	5.9662	5.8088	7.0409	5.9598	6.6038	8.5103	7.1445	5.9127	5.7567	8.008	5.5389	5.7337	5.8423	6.4536	6.5693	7.2131	6.946	6.8077	7.729	6.061	7.9768	6.4916	6.3881	5.8399	9.3623	6.6367	6.5929	5.7747	6.1722	6.8474	6.4904	6.3898	6.7325	7.8069	6.5122	6.4945	6.1985	5.9712	6.0887	6.061
EA_G__AGPS	8.9363	4.5517	9.653	7.2311	5.8532	8.6021	7.7053	9.7677	7.5441	8.9797	8.0721	7.7352	8.2133	10.1761	9.4607	8.6283	8.5532	9.0848	9.1475	8.4572	9.3307	3.0191	3.3336	8.3692	9.0361	7.3817	9.4937	5.9847	8.784	6.8236	5.0358	9.7549	8.9906	9.4369	7.3149	7.8151	3.4863	7.9964	4.0977	5.1068
EA_G__CREB3L4	8.1311	8.1722	6.239	8.8266	8.2267	5.1526	8.4914	5.7882	5.6323	6.0428	8.1729	6.4823	6.4278	5.55	5.5635	6.0272	7.1548	5.7115	5.4265	6.6527	5.4111	6.6146	7.3017	6.9522	5.3083	7.8557	5.5882	7.768	7.4532	8.0278	7.7082	5.6583	5.9138	5.4051	7.9691	7.4838	8.0176	7.745	8.8611	8.2783
EA_G__GPRC5B	4.9745	6.388	8.1964	6.1617	6.2748	6.497	5.2667	6.0606	6.7039	6.2604	7.0809	4.8034	7.9743	6.8597	7.5867	8.3264	7.6177	6.3867	5.3386	7.5323	7.0233	5.9088	5.3699	4.439	7.6679	6.8634	4.6996	6.5032	6.9632	5.7648	6.2546	5.117	5.209	6.388	6.2985	5.6048	5.5162	5.5363	6.325	6.1032
EA_G__ENC1	7.2387	6.6512	7.4225	6.0781	6.6075	6.1923	6.5607	7.7214	5.9687	6.9302	5.3001	6.4784	5.3858	6.397	7.205	7.3056	7.5081	7.1513	7.9648	7.3349	7.2225	5.7503	6.2331	5.8872	7.5025	7.3985	7.1588	6.3733	7.7425	5.4647	6.6838	5.7562	5.5983	6.3036	6.8877	5.973	5.9786	5.7431	6.3593	5.0867
EA_G__SELENBP1	9.3821	11.1376	7.9104	9.1265	9.3341	5.4145	10.1056	5.6859	8.0894	8.1306	9.097	8.0519	8.1768	5.6338	7.0976	7.4304	10.3951	5.9801	5.5176	9.058	5.8776	8.4871	10.0174	9.0404	5.6347	8.8152	7.434	9.528	10.4363	10.1032	10.6142	5.3724	6.0275	6.422	9.591	9.8577	8.6891	10.0604	10.8426	9.9875
EA_G__DSC2	7.1017	9.1183	6.3733	8.4105	7.7812	5.7142	7.231	9.4848	8.3031	6.8806	7.1306	6.9334	5.1413	6.5792	7.7208	9.1096	4.7942	8.4275	8.4285	8.3749	3.5976	6.058	6.1385	8.1262	3.5689	5.0568	5.4356	7.3147	6.4024	6.6175	8.3287	4.1111	7.9091	3.3407	8.8065	4.4065	6.5935	7.4807	7.895	6.9375
EA_G__FLJ33790	6.6866	7.7222	7.3971	7.557	7.2318	6.5064	8.2235	6.9082	6.9404	7.3245	6.6492	7.3755	9.4994	6.7278	7.2245	6.7675	7.2427	6.7291	6.6399	7.2212	6.2331	6.5074	7.7906	6.5877	6.9103	7.6832	5.9928	6.5489	6.2324	9.313	7.5911	6.9989	8.1377	6.4363	8.3494	7.2226	7.5509	8.5104	7.5982	7.5542
EA_G__PIB5PA	6.827	7.2283	5.7738	8.2578	6.7071	5.9039	9.6074	6.094	6.2946	5.745	6.4018	5.6085	5.7297	5.4173	6.1321	6.5065	8.1127	6.2215	5.7362	7.4908	5.3929	6.5917	7.1141	8.8762	5.4621	7.9441	5.8495	7.7113	8.0325	8.7984	8.1997	5.6103	6.7177	5.7789	8.6425	8.3854	7.2749	8.3268	7.7171	6.4746
EA_G__FAM59A	7.1098	7.7905	6.5341	7.2024	7.3453	4.8712	6.68	5.9347	5.9744	5.6379	7.3743	6.2539	5.5819	5.5316	4.9289	7.2641	5.9312	5.9031	4.8528	7.5857	5.9462	6.6224	6.0759	7.2006	4.0473	6.5938	5.419	7.0464	6.7735	6.2219	7.0846	5.2325	6.4577	5.2007	7.22	6.1833	5.4105	6.3264	6.358	6.649
EA_G__ANXA1	9.3451	3.6072	8.2376	4.0476	6.3945	10.2017	3.5434	10.6675	5.6443	9.7178	5.7747	3.241	9.4661	10.3797	10.7509	10.8582	5.1369	10.5083	10.031	11.0436	10.0326	3.448	3.7029	7.6301	10.0666	7.3355	9.9841	4.7581	8.4359	3.764	5.1137	11.0653	10.5969	9.902	10.2567	8.2487	5.7561	3.9458	3.0291	3.6732
EA_G__FNBP1L	8.5219	8.5289	7.6478	8.4539	8.351	7.0591	9.6076	6.7787	8.6686	8.0961	8.2637	8.7931	7.2188	5.7429	7.8353	7.8897	8.3303	8.2916	8.1014	7.8392	6.9948	7.4318	6.9272	9.038	7.6996	5.3207	7.3964	7.8818	8.683	7.6256	8.5993	7.5481	7.6881	4.6379	8.6585	8.0922	7.9175	7.273	7.8445	8.0693
EA_G__VSTM2L	7.7422	8.012	6.5151	7.0129	6.9401	6.45	6.1622	6.337	7.1204	6.482	6.317	6.8206	7.12	6.7261	6.5938	7.0164	7.3487	6.9493	6.5689	6.7803	6.6125	6.719	6.8905	7.0929	7.3722	8.1028	6.9369	6.4124	6.215	7.2384	8.8512	6.3243	6.7686	8.1457	7.1857	6.5892	6.5964	7.12	6.7339	6.6447
EA_G__RGNEF	6.9163	5.1707	6.6724	5.1212	5.9837	7.0069	4.4255	7.2348	4.4193	5.3951	5.1416	5.8542	4.6841	5.83	6.7003	6.3058	6.5711	7.0896	5.7102	6.5727	7.1543	5.4774	5.2531	5.5288	5.9654	4.809	8.1703	6.927	8.3318	4.6278	5.009	6.7815	5.8973	7.0404	6.4503	4.7937	6.0358	5.403	4.7764	5.6277
EA_G__EMP3	5.322	5.0197	5.3132	5.1681	6.3225	10.1699	5.5899	8.0838	4.9953	9.7662	4.5906	5.1911	4.8669	6.8768	6.8134	5.197	6.0581	5.5938	9.5156	5.8185	11.0961	5.6683	5.9556	5.3945	9.489	5.4398	9.6866	4.9836	5.1674	6.1817	5.9198	9.6902	8.0509	9.8346	5.6154	5.8618	5.9019	5.7597	5.2845	5.4276
EA_G__ZBTB38	6.445	5.7599	7.019	5.9454	5.7582	6.691	6.0673	5.7725	4.6195	6.0146	5.3294	6.516	5.4122	6.1625	6.9446	7.5036	5.9031	7.1504	7.0423	6.7134	8.622	5.4905	5.4519	5.5256	6.4745	6.2141	6.3602	6.5626	6.7874	4.8442	5.7475	7.3034	7.7935	7.6197	7.7381	6.2525	7.1268	4.9842	5.6218	4.7997
EA_G__TIMP1	10.696	7.5359	10.0064	5.9828	10.8059	10.6076	6.2943	10.4313	6.0579	11.5399	5.6373	10.8903	11.2532	9.662	9.3399	10.106	6.355	9.3984	9.7969	7.911	10.4885	9.3202	10.1272	8.893	12.1036	10.1588	9.8061	8.7353	10.5777	7.4083	6.8389	11.3341	11.0263	12.4699	7.4412	9.8428	7.7003	11.5617	5.4094	7.1138
EA_G__ELN	6.4868	6.6845	6.5721	6.6019	6.4528	6.4104	6.4611	6.5707	10.8157	6.4814	6.2034	6.3682	6.4975	6.7654	6.4598	6.5872	6.6687	7.244	7.0337	6.7653	6.3472	6.7831	6.6773	6.4624	6.3791	6.7574	6.5574	6.296	6.2615	7.1516	6.7202	6.5708	6.8303	6.5289	7.081	6.7858	6.5157	6.6545	6.5571	6.5757
EA_G__FAM132A	6.6035	7.0726	6.7356	6.7905	6.7412	6.6927	6.7581	6.5001	7.0008	6.7711	6.4586	6.6316	6.6128	7.0575	6.5886	6.8081	6.5194	6.706	6.4491	7.0554	6.5887	7.0058	6.9314	6.6823	6.5831	6.9293	6.6004	6.6262	6.5639	7.1606	7.0314	6.8575	6.9061	6.9675	10.2581	7.3771	6.8498	6.9846	6.7779	7.1615
