Cell lines	600MPE	AU565	BT474	BT483	BT549	CAMA1	HCC1143	HCC1395	HCC1419	HCC1428	HCC1569	HCC1806	HCC1937	HCC1954	HCC3153	HCC38	HCC70	HS578T	MCF7	MDAMB134VI	MDAMB175VII	MDAMB231	MDAMB361	MDAMB453	MX1	SKBR3	SUM1315MO2	SUM149PT	SUM225CWN	SUM229PE	SUM52PE	T47D	UACC812	ZR751
Response	-1	1	-1	-1	1	-1	1	1	1	-1	1	-1	1	-1	-1	1	1	1	-1	-1	1	-1	1	-1	1	-1	-1	-1	-1	1	1	-1	1	1
RS_G8682__OSR1__OSR1	0.11123	0.23849	0.2896	0	0.48045	0	4.8216	6.3439	1.8828	0	4.1075	0.57369	0.83199	0	4.8445	2.7179	0.34605	7.5551	0	0	4.4393	4.3569	0.57157	0.45115	7.4307	0	3.2881	3.4287	0	3.2369	0.52938	0	6.3186	0
RS_G5593__PTGIS__PTGIS	3.0378	0.50905	0.24849	0.58746	0.70782	0.66543	0.79291	5.3109	1.0653	0.87824	6.5345	0.52663	5.969	0.73956	0.88407	2.4779	3.1099	3.4734	0.5584	4.7485	4.5107	0.36191	0.50222	0.45283	3.6031	0	0.52522	1.4475	2.7148	0.93871	1.9172	0.38671	4.2777	1.414
RS_G3853__C11orf41__C11orf41	0.10845	0.061167	0.16984	0.13559	1.3798	0	4.781	3.4279	0.097979	0.21235	5.1998	6.1774	4.1824	1.2452	1.3581	2.648	2.5653	6.7553	0.11354	0	4.6097	0.14799	0	0	4.5718	0.11867	2.9811	0.64591	0.3339	1.7011	0.51858	0	0.7605	0.27734
RS_G1450__HOXA9__HOXA9	0.17011	0	0	0	0	0	4.2747	6.0684	0.42162	1.0745	0.51342	2.9381	3.8685	6.2627	0	2.0643	3.0713	5.5064	0.1108	0	1.3105	0	0.20088	0	7.564	0	0	4.3002	0.78151	3.8141	2.6181	0	0.14669	0.54402
RS_G27826__RP5-857K21.10__RP5-857K21.10	5.8107	2.5263	7.2819	6.0612	5.4616	6.7566	5.7699	6.0557	5.9109	6.3595	4.472	10.192	5.0055	6.5499	5.4524	5.212	6.1806	4.031	5.5395	5.1118	3.5761	6.185	4.0503	5.0325	5.359	6.1325	3.2194	11.8036	3.2593	3.9198	4.7339	6.2921	3.4616	4.7608
RS_G8194__TGFB1I1__TGFB1I1	4.2726	2.3439	1.5566	3.0164	9.8909	0.51218	4.6719	3.9998	1.9533	0	6.8274	5.2331	4.7585	0.25652	0.71603	6.9022	4.8033	9.6163	2.0027	4.1516	2.6547	8.2845	0.19792	0	8.5533	1.3892	0.97629	7.6316	0	6.9564	2.8172	1.8548	4.6982	3.2699
RS_G11159__AC013480.3__AC013480.3	2.5096	5.1382	0.84262	2.1165	4.1201	2.8716	0.28818	5.3213	0.27702	0	5.9502	0.39959	3.0285	3.3463	2.3403	5.281	3.6272	4.1734	0.89116	7.8165	5.4132	3.387	4.0187	0	3.5094	0.11989	3.9565	3.5317	1.5217	1.0292	2.6498	0	3.4541	4.7062
RS_G1762__MMP2__MMP2	0.4728	0.51784	0.16333	0.14627	1.1858	0.21659	6.7222	10.4729	0.2313	0.53378	1.1497	4.3334	3.1849	4.7367	0.74091	5.5154	4.458	10.0294	0	0.15291	5.9153	0	0.47804	0.67254	6.3519	0.71178	8.0913	6.8538	1.7789	5.4073	1.6774	0	3.3427	0.5521
RS_G11349__FBLN2__FBLN2	0.39761	11.101	0.2534	6.3401	0.23155	0.89252	10.8382	3.7514	1.0239	4.0648	5.9735	4.6059	8.1195	0.93459	1.9516	0.6412	5.0908	1.9731	0.52712	1.2761	5.399	0	6.3892	0	11.1067	8.4706	3.8971	5.4564	7.4762	7.0764	7.3138	0	10.8093	8.9052
RS_G15970__C1S__C1S	1.1454	2.4353	2.1969	1.3139	7.0906	0.2046	3.227	10.2073	2.1667	0.75472	9.4664	4.1604	5.9223	5.6662	6.9319	7.4507	8.7764	5.3335	1.8366	1.7222	1.0289	1.1111	3.0973	1.1785	8.531	2.0352	3.0277	6.111	1.6759	2.1257	1.762	1.0168	0.55144	3.8718
RS_G7892__FGF2__FGF2	0.3704	0	0	0.15516	7.5818	0	5.2899	3.8378	0.38255	0.26018	7.8975	2.3116	5.2507	0.14505	6.8459	6.6202	2.6134	4.9625	0.15511	0.26957	2.1954	0	0.019091	0.20773	6.8107	0	4.444	2.0561	0.77491	2.5446	0	0	0.053869	0.72312
RS_G4761__ACTL8__ACTL8	0	4.1513	0	0.49839	1.8156	1.7294	1.7722	1.2647	0	1.0987	9.1407	1.2168	2.2249	0.82274	0	0	4.9166	0.76598	2.0632	0.71367	4.2102	0.46473	2.0947	1.0879	3.372	1.4646	0	4.7146	2.9259	2.428	2.758	2.3907	1.9083	4.9194
RS_G15547__GAS1__GAS1	0	0	0.20138	0.62347	6.8017	0.35442	3.9425	6.4901	0	0	4.9514	0	3.5582	1.1793	5.7523	4.7642	3.202	3.9524	0.34607	0.64055	3.8028	0	1.0246	0.98655	6.4512	0	4.0824	5.0688	0.10817	3.4259	0.80311	0.55514	0.12587	0.66117
RS_G16181__NKX2-5__NKX2-5	0	0.14799	0	2.2776	0.30376	0	0	4.2666	0.17603	0	5.648	0	7.2823	0	7.3849	5.2771	0	7.6837	0	5.3599	6.5462	6.4732	5.7523	0.52732	8.076	0	0.74346	0	0	0.82108	4.6758	0	0	3.6568
RS_G406__GPR124__GPR124	1.8829	1.7232	0.053107	4.3719	5.7625	0.78853	2.0625	4.8648	1.0604	1.6615	8.1524	1.1026	2.1843	1.0762	3.9021	3.3607	3.4824	6.1456	1.1512	3.6587	3.8246	1.8291	1.3221	0.94288	5.0637	0.60658	4.189	0.5674	3.2144	1.2619	2.3916	2.0141	2.5418	2.0064
RS_G6854__CHI3L1__CHI3L1	5.7261	2.3214	0	0.14362	3.5247	0	2.554	7.6575	0	0.36476	12.9621	0	3.0879	1.1763	8.5212	4.7192	9.6636	3.725	0	0.281	5.8121	0	1.1728	1.5253	13.291	5.0116	1.3497	8.1751	2.7927	2.0497	0	0	3.4425	2.1546
RS_G13378__SOX7__SOX7	1.0588	0.80182	0.33529	0.37561	2.2023	0.73492	1.4256	0.908	1.4048	0.41113	3.8063	7.2916	4.6599	0.35444	0.57451	3.0217	1.1564	1.5305	0.44132	1.1929	1.6638	1.6426	1.246	1.1283	3.1652	1.9944	0.7326	1.8712	0.048543	6.6796	0.17357	1.1133	0.74282	0.95838
RS_G8395__COL6A1__COL6A1	5.4602	5.1508	3.3975	4.7457	7.3394	3.4729	9.921	10.6743	1.6458	3.4276	8.8942	7.4773	8.2099	3.563	4.938	10.6909	0.88895	13.8151	3.678	1.0221	5.5817	7.6313	5.1513	0.86484	10.1471	2.4509	9.1319	9.7023	7.0085	9.4911	5.3568	5.7383	6.3313	5.3044
RS_G10920__ITGA5__ITGA5	4.1991	5.5787	1.8799	6.3514	6.6272	0.30001	4.6947	7.953	5.2777	2.5252	7.8276	7.3246	5.4091	6.3575	6.6635	8.0876	7.691	10.758	4.2158	4.198	5.6305	6.9234	5.1389	2.9675	7.4337	4.6841	7.707	6.7365	6.0906	9.7669	6.3055	5.2446	4.5489	5.4798
RS_G12287__ANPEP__ANPEP	4.6781	3.3458	0.4918	2.3499	9.3546	0.34204	0.60793	3.8277	2.1245	1.2098	2.4168	4.5501	9.2789	0.94625	0.81235	7.8441	6.672	8.9544	1.5798	0.72205	10.471	0.4706	0.586	0.65303	2.7753	2.6835	13.7475	11.5166	0.084498	7.974	0.8554	1.2223	6.7332	1.7071
RS_G18066__GSPT2__GSPT2	6.2175	0	0	0	0	0.20684	4.3112	1.7446	0	0	0	0	0.16352	0	2.1342	4.5726	0	3.0978	0	0	2.8417	0	0.40592	0	4.1618	0	0	0.20974	0	2.4223	0	1.1025	5.3381	4.9864
RS_G16556__SLIT3__SLIT3	2.2355	0	2.471	0.90403	8.9874	0.21763	0.33496	7.4124	4.7742	0.68628	0.18968	0.65273	3.7599	0.33265	0	3.0493	0.96971	6.6132	0.15986	0.57603	1.6904	0	1.9982	5.5376	1.4012	0	7.0337	1.139	1.3114	1.8365	0.83487	0.24237	2.8594	2.7669
RS_G11804__CTHRC1__CTHRC1	0.59548	0.84977	0.51115	1.547	3.5916	0.60407	2.1533	1.6025	2.0582	2.0703	7.1335	1.9606	1.1417	0.78187	0.33863	4.9283	4.0665	5.1817	2.4563	0.33446	0.69708	2.4179	1.0593	1.9293	4.9175	0	7.2593	1.3576	3.4705	3.8286	0.64641	0	3.8219	1.0754
RS_G10006__UCHL1__UCHL1	4.6916	3.5306	3.1025	4.9635	9.437	0.31416	6.613	9.9521	5.3917	1.423	10.1083	11.2052	7.0574	1.8004	0	10.0435	7.4474	0.34712	1.6596	3.1489	1.9776	0	5.6516	3.5837	5.4933	2.7509	2.1949	3.649	7.993	5.2947	0	5.6993	4.2934	4.5807
RS_G11127__OLFML2B__OLFML2B	0.42875	0.13423	0.23792	0.40981	5.7677	4.4756	3.339	9.4493	0.30186	0	1.2164	0.33768	1.2905	0.97504	1.9934	7.0512	2.5686	5.708	0.28477	6.7681	1.3501	2.3956	0.30446	0.37271	2.8528	0	5.2065	0.9963	0	0.51857	7.5456	0	0.44843	0.70319
RS_G1585__FYB__FYB	0.2113	0.19141	0.061937	0	0.20909	0	0.34147	1.9912	1.9119	1.2528	0.39857	6.1426	3.5975	2.5922	3.3846	0.15854	9.0496	0.12508	0	0.45377	2.2729	0	0	0	0.53975	0	0	0.11113	0	4.1615	5.2149	0	0	0.42518
RS_G17782__NCCRP1__NCCRP1	1.9723	8.6754	1.5981	1.8852	0.54713	1.1785	1.3837	1.3348	2.5779	2.3662	2.0152	1.3556	6.4577	2.5357	0	0.72975	7.6867	0.73063	0.12719	1.2547	9.0527	0	1.4329	0.61219	3.6245	6.3994	0.23329	0.67322	9.318	6.9508	5.0823	2.535	6.5272	6.7479
RS_G8446__RCN3__RCN3	2.5656	5.646	0.1561	1.0231	6.0513	0.50087	6.6643	7.1184	4.6093	1.7805	6.5676	7.7882	4.1885	2.6545	3.5399	4.4844	5.4142	8.2599	2.497	2.3104	2.3304	0.46976	1.1202	1.2148	3.3418	4.6915	9.0074	0	5.2147	5.4759	0.54176	3.3249	2.4497	3.0716
RS_G9656__TEX9__TEX9	4.2374	1.2952	4.0477	4.067	2.5317	6.9286	2.6932	2.1361	2.019	3.7916	0.57729	2.784	2.0646	4.3718	3.5397	4.1276	3.9276	1.5805	2.2238	4.4367	3.1377	2.9177	5.2171	7.8711	3.2482	3.9164	1.006	0.63633	4.2606	3.1244	3.0016	3.9567	2.0313	3.575
RS_G5405__GLIPR2__GLIPR2	1.6539	7.0819	0.90362	2.8754	5.1543	2.2968	4.6416	4.6861	1.7021	0.87288	5.9912	1.4785	4.9724	4.2248	6.7986	6.3415	6.008	5.354	3.0034	5.421	4.1668	3.8964	3.8901	0.45074	8.0723	4.0647	4.7593	4.2732	2.4767	2.3158	2.7256	3.5392	3.6892	1.1076
RS_G10350__MMP14__MMP14	0.71728	1.4795	0.44191	0.89739	9.639	0.34999	7.3688	9.383	2.0141	1.802	2.0248	8.6885	7.6792	3.3228	1.116	8.0798	8.3525	9.2776	1.7563	0.41929	5.0547	8.3464	1.852	2.8725	9.9761	1.1442	13.1123	6.8229	1.9123	8.7879	1.6794	4.0109	0.92248	1.1125
RS_G2467__MMP9__MMP9	0.3352	4.7331	0	1.8897	7.2801	1.3299	2.8432	7.1538	0.43548	1.2458	3.165	1.5059	6.2936	0.93467	3.1581	0.63889	0.45168	0.35709	3.1157	2.482	1.5826	0	1.3653	0	3.4679	2.3144	0.54164	4.3212	0	5.3232	3.8646	1.7067	1.7646	2.9642
RS_G4465__FNDC4__FNDC4	2.0609	0.96004	3.9996	2.8072	4.2327	0	3.2685	4.1418	3.2899	1.4867	5.815	3.9698	3.0605	0.28662	4.4007	2.7242	1.864	5.8787	0.3037	0	3.3295	1.0742	3.3088	0	4.1372	1.589	5.801	1.1384	0	1.8508	0.60227	3.2523	4.2561	0.74175
RS_G922__CHI3L2__CHI3L2	3.2198	0.51024	0	0.56368	5.798	0.56836	0.66931	5.9387	0.46306	1.1011	8.7973	0	4.899	3.6758	5.7246	5.4771	8.3731	1.2346	0	0.16809	3.2906	0	0.15241	0	9.8113	1.528	1.3437	1.671	4.1672	1.328	3.3623	0.96833	1.5601	0
RS_G17946__SBSN__SBSN	1.9388	3.1448	0.52859	1.4897	2.4916	0.49703	2.2271	6.162	0.70795	2.5177	0.92766	0	4.1818	2.9815	2.7617	5.2222	2.5925	7.2725	0.48448	1.4125	5.2712	0	1.0301	0.79145	8.658	0	2.6291	2.7459	2.1709	5.4825	0.5273	1.5102	0.73069	0
RS_G10048__NCAM2__NCAM2	0.90591	0.059094	5.8956	5.5119	4.3315	7.6151	0.16098	0.37026	4.9363	5.8073	0.17185	2.3537	0.24293	0.091683	0.80572	0	0.22422	0.99046	5.91	4.3296	0.62114	0.23448	3.8161	5.5146	0	0.48347	0	0.25252	0.18146	0.1996	0	7.7429	2.5721	3.7889
RS_G1917__LEPREL1__LEPREL1	1.6812	1.213	1.016	0.15032	9.6328	0	8.6274	7.5555	0	0.20528	2.3881	6.6588	10.0755	7.8581	6.0855	6.9596	8.8539	6.6718	0	0.54021	4.5962	7.6461	0.14506	0	5.0402	1.8994	2.7188	5.8777	1.6577	6.3893	3.8936	2.3297	1.1214	2.3917
RS_G11693__AC010990.3__AC010990.3	1.7961	0.68784	0	0	0	0	1.0911	1.222	2.59	0	2.9069	1.745	3.1818	6.7489	0.13845	2.4197	7.4569	3.2872	0.36743	0	2.6547	0.63123	0	0	3.3869	0	2.4176	2.4682	1.5552	3.7252	0.27953	0	0	0
RS_G748__FOXC1__FOXC1	1.3467	0	0.44926	2.662	6.5029	0	5.6404	4.9248	2.525	1.692	6.4469	6.2567	3.7813	5.4285	5.0029	5.1006	7.1906	5.3363	3.7327	3.9298	6.1284	4.0817	1.8569	0.68469	7.9502	0	5.4878	4.8565	4.7414	6.0806	4.0297	4.116	3.9332	2.8678
RS_G1696__AKR1B1__AKR1B1	1.6658	3.0827	2.2074	1.2461	8.3908	0	0.9276	12.6493	0.66845	7.6641	9.1769	9.7921	10.7386	3.4039	10.1457	10.6783	12.3341	10.3571	0	1.8295	10.5974	10.1671	2.5479	1.3236	11.957	1.821	9.0595	11.5065	3.0981	11.4649	3.3056	0	0	4.7219
RS_G8167__HAPLN3__HAPLN3	0.97429	3.796	0	1.3925	4.9751	0	5.7826	5.9487	0	0.19085	3.582	2.0912	1.8122	2.3328	5.5488	1.5702	3.4771	5.8556	1.2117	0.3906	4.9555	4.7196	0.067181	0	7.3835	1.043	3.0194	6.4629	2.2116	2.8552	1.4751	0	3.0774	0
RS_G7676__MMP7__MMP7	0.47687	0.94026	0	0.42652	0.74274	0	11.7365	5.5087	0.45203	0	4.8989	1.9117	1.6535	4.5871	7.6055	7.0237	11.0385	0	0.2289	0.4265	6.6786	0	0	0	11.8133	0	0	7.3366	0	2.6851	0	2.303	4.0563	0
RS_G9080__IGFBP3__IGFBP3	6.2987	3.3656	2.9054	5.2494	11.5393	1.034	12.0229	11.5965	1.9904	0.38514	2.9917	8.8113	10.5079	11.6002	10.8788	9.9252	12.5244	9.3982	4.4452	6.8854	9.9608	6.9804	4.4091	8.3923	8.5003	0.25393	4.3852	7.1035	6.5264	7.3456	7.1766	0.7413	7.3833	2.4343
RS_G7618__TUBB2B__TUBB2B	0.6419	1.2852	2.7343	2.1775	4.6515	2.6451	5.2601	2.1866	2.6752	0.88256	2.2056	4.5164	2.3003	2.5969	0	4.9227	0.12196	4.3648	1.1441	9.0735	3.4978	0.24815	6.4618	1.07	3.7079	1.8673	5.1284	0.27039	3.4292	3.8959	2.2462	1.4548	3.7105	5.3435
RS_G15650__OXTR__OXTR	2.6453	2.4034	1.4046	5.5286	5.2587	3.3789	7.0907	3.0554	3.0154	3.3339	2.5851	2.3122	6.7918	1.8936	5.7407	2.9858	0.11011	5.3866	2.3399	3.0596	3.9592	0.87158	2.2215	1.958	4.4511	1.8969	2.2283	0.53598	2.6827	2.7785	1.9298	0.59396	4.8693	3.8192
RS_G17313__GPR103__GPR103	0.2541	0.19648	0	0	2.3885	0.31353	5.8962	5.3647	0	0.64283	7.2065	1.4331	0.4547	0.10611	0	3.9701	4.8501	0.24643	0.30443	0.32413	0.092657	0	0.15618	0.19049	5.8225	0	0.38243	6.3115	0.064452	0.47337	0.44342	0	0.28476	0
RS_G4624__GPX7__GPX7	0.58278	0	0	0	0	0	0	0.61279	0	0	3.9738	3.8643	4.113	0	0	5.5601	2.5917	4.9712	0	0	0	0	0.19675	0	0	0	2.9878	4.7546	0	4.2696	0	0	0.50597	2.0518
RS_G31733__RP5-857K21.8__RP5-857K21.8	5.0029	0.86394	5.9947	5.694	3.7407	4.9113	3.5112	11.4972	4.97	5.1034	4.4521	4.4169	3.9669	4.8796	4.9172	4.4921	5.0984	3.7983	4.4026	10.5417	1.8076	5.8063	2.8036	3.5856	3.7878	6.3863	0.75049	5.0293	2.0783	5.1652	4.3612	5.3959	1.8849	4.3343
RS_G10662__SPON2__SPON2	2.7812	6.1264	1.323	1.9091	9.9503	1.7098	1.7203	1.2119	0.29091	0.37481	4.2431	0.42609	1.4054	0	1.9704	1.2893	1.9114	4.3765	1.8656	1.3386	9.2918	0	2.7858	0.82777	6.4201	0	5.8784	7.0758	4.2263	5.7229	3.9687	2.5838	6.3939	1.0492
RS_G13359__HAS2__HAS2	0	0	0	0	6.2901	0	0.50167	7.8174	0.34679	2.7205	0	8.4229	1.3124	0	0	3.943	0.54231	8.0381	0	0	0	3.7323	0	0	5.7447	0	0	2.9735	0	1.4913	0.35491	0	0	0
RS_G10592__HOXB13__HOXB13	0.13852	0.41729	7.3933	4.8456	3.0727	0.090791	3.2697	0.58562	4.225	0	4.5096	4.0837	3.6472	0	0.82986	4.5798	0	2.4854	0.86504	0	4.3853	0	1.7184	0	4.5655	0	2.9856	0	5.5425	3.0351	5.4196	0	6.077	0
RS_G2589__MAP1LC3A__MAP1LC3A	5.4336	7.1958	6.0458	0.63413	8.0698	1.1698	0.95044	5.8552	1.1291	0.5447	9.0622	2.5355	1.2561	0.14229	2.4131	5.7958	3.7533	6.2558	0.28982	6.6626	2.6565	0.27231	1.1472	0.26588	2.9646	3.7384	7.5561	6.9562	0	6.105	5.1861	1.7702	8.0319	2.0084
RS_G15160__THBD__THBD	2.1121	3.0337	1.9883	4.929	0	3.8626	0	1.4846	0.37671	2.3226	0.27449	6.4554	0	0	0	0.1815	0.17079	1.0032	4.1804	6.4552	2.5167	4.9336	6.3586	6.7423	3.077	1.4443	7.6701	3.2897	3.8937	6.9106	0.26966	0.40369	3.3066	3.7341
RS_G1730__FAT2__FAT2	0.57568	0.94746	0.23243	0.48221	0.63808	0.41813	3.7065	0.74319	0.040265	0.48933	0.74388	6.505	4.6282	1.7543	1.5427	3.8253	3.4034	0.89191	0.27443	1.2493	2.9341	0.20058	0.2108	0.46883	5.4965	0.58878	0.59742	0.43138	0.021131	7.0238	0.94431	1.2235	0.23214	0.64995
RS_G12120__LARP6__LARP6	4.2188	1.299	3.6514	2.9647	6.568	0.41765	5.2848	8.1059	3.3645	1.9411	9.7435	4.7567	5.4148	3.8387	5.773	5.0126	6.7561	5.8904	2.9315	4.4766	4.378	6.7601	4.6908	0.67497	7.6855	0	8.9712	6.2283	6.3424	5.1701	5.3971	3.8833	5.3123	3.6215
RS_G13778__EFEMP2__EFEMP2	3.0368	3.7343	0.81802	2.088	8.8475	3.118	2.2097	3.9482	1.5864	2.5361	6.5803	2.2688	2.9904	1.7266	2.9066	5.1189	3.1477	9.4284	2.0559	0.49308	4.0266	0.87765	2.6978	3.2133	4.8099	3.4775	8.8083	6.8745	0	2.7641	2.1223	3.9946	1.3992	5.2468
RS_G10072__APCDD1__APCDD1	3.6283	0	3.4981	1.7279	5.1196	0.94106	8.1676	5.0126	4.698	4.311	0.49093	0.3134	4.4235	0.7662	5.3693	0.79178	4.2019	6.4553	1.278	2.5733	3.1425	0.77135	4.5634	0	1.0504	0	1.5594	0	3.3661	0	3.1684	0.75881	4.9168	3.3698
RS_G8103__FBLN5__FBLN5	2.4898	3.7031	3.3013	1.7502	4.6055	0.76715	0.54751	5.2391	2.3253	1.2888	2.8473	1.9258	3.8111	2.4345	2.4563	1.81	3.9975	6.5096	0.62774	0.88865	4.1303	2.6517	2.5515	1.5994	8.6354	4.668	0.70417	3.152	4.1943	0.82392	3.2984	5.1443	2.8958	4.031
RS_G8938__IQGAP2__IQGAP2	4.9364	3.2259	5.623	2.3392	0.13382	6.2903	2.0729	0.53615	0.58039	1.0363	0	0.40008	1.1611	4.0429	0.62697	0.53648	3.826	0	1.0825	2.2397	0	0	2.1637	4.2405	0.12995	4.3124	0	0.85454	1.4654	0	0	0	0.38642	4.3239
RS_G4751__ST6GALNAC5__ST6GALNAC5	1.3493	1.0504	1.3399	1.0143	5.9416	0.2507	6.665	1.5309	5.1082	0.17517	7.3934	0.37743	6.2258	5.5602	8.2988	7.1961	7.0426	1.3656	2.2612	3.6181	7.0606	5.7759	0	0	9.2757	0	0.75056	6.2159	0.6064	0.52553	0	0	1.0276	1.2189
RS_G18635__AL390294.19__AL390294.19	3.2266	0	0.25251	6.1877	0	2.0959	0.18879	0	1.4648	4.1179	0.62467	0.76578	0.95932	1.0309	0.61877	0.66985	2.2412	0.37138	6.5877	6.6266	1.0383	0.21678	5.6484	7.8851	0	1.0982	0.40247	3.0376	0.13339	0.49741	4.3264	8.3645	2.7329	3.6191
RS_G16369__FAM101B__FAM101B	2.9511	1.0265	1.5763	2.6268	9.3524	1.5603	6.5765	7.1081	2.1504	3.8254	6.532	4.3797	5.5651	3.7832	4.0257	6.4778	1.8729	8.5698	2.3843	1.8116	3.9783	0.79962	2.1654	1.441	6.3464	0.18891	6.972	2.6499	2.5583	4.7299	1.4567	2.4444	0.63941	3.7364
RS_G11512__MFI2__MFI2	4.3376	4.3429	1.2557	4.4132	3.628	2.9574	6.8524	3.5305	2.1402	3.1866	5.8231	4.626	7.4331	3.2695	6.2704	6.235	7.1904	3.2178	3.9668	5.1212	5.8679	6.0568	3.3973	2.8792	8.5881	3.1469	3.4065	6.6324	4.2985	6.8699	3.7922	4.9251	5.1397	4.8503
RS_G6975__LOXL2__LOXL2	1.5391	2.7296	1.2016	5.6888	11.6528	0.8968	6.3164	9.3974	1.5447	2.0715	6.3622	3.9725	6.3672	6.8128	8.6672	8.2651	5.7011	11.1125	3.625	0.83296	9.4404	8.9271	1.3338	2.0015	8.8622	1.078	8.2155	10.5325	5.5342	7.3102	1.0611	1.131	6.4413	3.8986
RS_G10636__AC140077.17__AC140077.17	6.4734	6.1038	3.6772	4.9298	6.3114	4.3628	5.7212	10.4706	2.8701	3.3701	10.9558	5.729	6.1452	6.4867	8.6229	7.1547	8.5327	8.2138	2.5573	6.7464	5.3674	4.1819	4.0261	2.353	10.1164	3.5703	2.1811	7.9831	3.5627	5.4752	4.4278	2.8825	1.3347	4.7804
RS_G12138__AP000926.6__AP000926.6	0.93522	1.4863	0.84409	1.9858	6.1205	0.2896	0.16521	7.2957	0	1.6327	2.942	5.6383	6.523	0.85542	1.2249	6.2727	2.4321	7.6418	0.72117	0.37787	3.864	2.4918	1.2955	0.72971	2.439	0	6.6793	5.9479	2.5442	4.3758	0	1.5434	3.8113	3.3381
RS_G33556__RP5-857K21.9__RP5-857K21.9	4.032	0.92814	5.6433	4.2869	3.7014	4.9239	4.8707	3.4496	3.9351	4.7063	4.5339	14.0208	2.8827	4.1915	13.6529	4.5228	3.7398	3.6656	4.0769	3.9917	3.9629	3.5909	3.1814	2.9104	2.2144	4.4962	2.2607	13.7178	1.6025	4.4127	4.1528	4.1353	2.4462	3.8284
RS_G11659__FOXQ1__FOXQ1	1.3317	0	0	0.32199	0	0	4.9799	0.24861	0	0	1.0826	8.1771	6.1798	2.8295	0	0.11238	5.7483	4.8724	0	0	4.1323	4.4486	0.59161	0	3.5659	0	0	4.3107	3.5072	6.8165	3.8679	0	0.47536	0
RS_G10495__KCNB1__KCNB1	1.009	1.6281	1.3342	0.69095	6.7484	0.95534	1.0196	5.9644	1.3974	0.64929	2.7909	0	4.5119	2.4749	3.1757	1.1316	0.29482	1.5145	1.4521	4.6198	3.3711	0	1.1101	0.45671	2.97	2.4428	0.46397	0.1431	3.7952	0.85425	4.7037	4.3103	1.4735	1.5389
RS_G10448__WDR66__WDR66	1.3746	0.18268	1.6086	4.0469	0.42893	1.7988	3.3738	0.59354	2.6649	1.5647	2.205	3.8871	1.7485	3.0163	3.1333	1.7256	1.0272	1.8378	3.0615	4.6684	1.9986	3.3445	1.963	2.4782	0.3649	0	1.2067	4.3116	0.84815	2.3185	1.8688	3.1701	2.5759	1.3732
RS_G7654__SYTL2__SYTL2	3.1117	0.55508	6.2717	6.9293	4.6446	4.3787	1.7257	3.0294	4.8414	5.7259	3.8285	0.45561	2.6069	7.3332	4.9358	2.1209	6.0929	1.5622	8.5593	5.7273	1.8735	3.9775	3.016	2.7933	2.52	1.7332	1.8466	2.4806	3.8628	1.5828	3.198	3.5101	3.9795	4.6369
RS_G477__SH2D2A__SH2D2A	0.94001	4.6893	0.32589	2.6798	0	0.29969	3.9685	1.0373	0	2.4134	6.2239	1.8472	3.8194	0.97591	2.5234	2.1292	3.9223	0.48031	0	0.1632	2.1868	0	3.6932	2.1948	3.755	0	1.9177	4.4467	2.5454	3.6017	0.81263	3.7963	2.6117	3.0212
RS_G7049__FST__FST	0.37356	1.2178	0	0.32105	8.0293	0.17319	7.5365	0.99188	0	0.42735	1.6952	9.288	7.5214	6.4096	5.0857	2.5122	0.29056	8.3569	0	0.71744	1.5923	8.5197	1.1726	0.93095	4.1524	0	1.1072	1.0014	1.8478	6.3474	1.9509	0.36358	2.0237	0.77804
RS_G14203__IL20RB__IL20RB	2.3285	2.3977	1.9633	2.6694	2.9313	3.6584	3.7298	3.6464	2.6596	2.0501	4.4568	7.3998	6.0774	2.1694	3.8537	4.2693	3.4924	3.1903	3.4285	1.2384	2.9665	2.316	2.3458	2.0891	2.8672	1.235	3.8664	6.4871	3.0164	8.9032	4.6157	2.8394	2.9918	2.5497
RS_G14674__FOXC2__FOXC2	0	0	0	0	0	0	5.0339	5.3056	0.44201	0.21381	3.25	5.8163	4.8008	0	2.4171	1.153	0	8.6324	0	0	0	0	0	0	7.2676	0	5.6112	3.0385	0	3.8454	0.5871	0	0	0
RS_G424__FHL1__FHL1	2.0586	0.14817	0	0.62912	8.4195	0	7.8581	7.6811	0	0.22544	5.2396	7.0935	5.4999	1.6533	8.1859	4.294	0.90187	10.0365	2.4039	0.32044	3.163	4.1986	1.521	0.52788	3.2163	0.9089	7.0593	5.007	3.6967	2.9989	7.6498	0	4.6859	0.6065
RS_G2947__CA2__CA2	2.326	1.607	3.8479	3.7463	0	6.1112	9.8755	7.8397	8.9	0.40209	6.167	2.2896	6.1392	0.89211	2.716	7.8988	6.5331	0	6.3826	7.1346	2.8174	4.6533	5.8083	4.2171	1.5661	0	1.1873	6.3905	2.665	8.6773	4.507	0	2.4798	6.8713
RS_G2464__PLTP__PLTP	0.11482	10.0545	0.75517	1.2357	10.9319	1.1199	0.90633	4.5863	1.0814	0	0.24629	9.5327	6.1663	0.4738	0	7.9012	8.082	6.5859	1.6206	0.80808	4.8815	3.1098	0.52736	0	3.5639	7.9049	3.0229	6.1828	3.6044	10.4891	2.8626	3.5352	0.76102	0
RS_G13459__KRT9__KRT9	0.41554	1.4828	0.54886	0.32451	0	0.1191	4.4878	3.1374	4.9813	0.76367	0	3.221	6.3236	1.2658	4.1905	0	2.8564	3.3175	0.58379	0.90253	4.5933	0	0.70049	0	5.2496	2.5455	0	3.6507	3.1486	1.0384	1.7982	0	0.42014	0.97419
RS_G11089__FAM102B__FAM102B	4.7681	4.3549	4.9539	5.1912	4.7079	6.5703	4.2957	4.4037	6.2818	5.6482	4.1809	3.3366	4.1433	5.0864	6.1751	6.3835	5.8081	3.9008	9.6937	6.6725	3.8133	7.2909	4.2476	3.6212	4.1172	5.8356	4.6297	3.0788	2.268	1.297	4.307	4.2755	2.9334	4.4104
RS_G11943__C10orf10__C10orf10	6.4294	2.4145	3.8936	2.0915	3.4013	0.56101	6.3853	5.9015	2.378	1.5633	7.4403	1.1295	5.9323	4.8405	5.9809	4.172	7.2064	3.6636	2.0915	3.3694	6.6362	2.4972	2.1318	2.6079	8.6536	0	6.2562	1.5369	5.9749	4.0583	1.1558	2.2516	3.1047	1.3846
RS_G5810__CD70__CD70	2.1298	0	0	0	9.7205	0	0	1.7744	0	0	2.6289	1.0273	7.8922	0	6.1861	6.9112	1.3388	6.277	0	0	0	0	0	0	5.1436	0	9.1854	7.1955	0	5.7209	1.9353	4.0443	2.049	2.2205
RS_G2995__SLC39A14__SLC39A14	6.5459	5.6769	5.6594	5.6152	8.7657	6.1716	7.0063	7.7195	6.3535	6.2607	9.1892	7.0224	6.7042	5.8478	7.8421	8.046	5.0282	8.6902	5.871	5.7726	6.4523	7.8138	5.2543	5.461	9.0738	6.3889	11.4705	6.4913	4.5856	7.4146	6.5071	6.5466	6.7714	6.9246
RS_G9825__PRDM8__PRDM8	0	0.22311	0.14198	0	1.2978	0	1.8698	2.636	0.53811	0	0.059588	3.1775	0.72884	1.1762	0	3.6636	2.422	4.8363	0	0.61495	0.10572	6.586	0.45871	0	0.54515	0	8.9585	1.6272	0	2.1404	0	0	0.39293	0
RS_G12178__SERPINB7__SERPINB7	0.9442	0	0	0	5.6432	0	4.7067	3.7483	0	0	5.5995	5.3599	5.0834	3.2114	4.5919	3.2161	2.0948	3.124	0	0.75502	3.0792	2.3119	0	0	9.9222	2.1682	0	4.6954	0.18709	3.6766	0.6301	0	0	0
RS_G27825__RP5-857K21.11__RP5-857K21.11	10.9434	6.6704	13.2896	12.1731	10.1851	12.3866	12.2165	12.1985	12.3339	11.8487	10.0205	11.1852	10.4344	10.7845	10.3199	11.7062	10.6909	11.5127	11.6662	11.723	9.4247	10.3684	10.1889	9.1151	9.3724	9.7862	8.7916	12.4549	15.3032	9.1959	9.7	10.1982	9.1015	9.4473
RS_G1983__CCDC80__CCDC80	3.047	4.5842	0.24634	0.95276	10.2098	0.12049	5.2177	5.0089	0	1.3406	1.1731	5.231	6.9418	3.9554	7.2517	8.6794	7.4749	9.7159	1.9402	0.12167	4.6807	6.4667	0.23618	0.2076	3.8	1.7652	4.6926	6.5604	0.13246	6.081	5.2147	2.8761	0.70055	0.45007
RS_G2301__RASD2__RASD2	4.5481	6.2115	2.1119	2.4793	1.3613	2.4544	5.2822	5.7371	1.482	1.2282	6.6562	1.6672	4.6446	4.05	4.0684	0.46126	5.3658	2.0311	1.2697	3.6782	5.0976	1.6692	1.3274	1.8435	8.0263	5.8517	6.667	1.033	3.8066	6.1902	4.075	1.5484	3.506	6.948
RS_G11215__EN1__EN1	0	1.6203	1.7416	2.0997	3.3363	0	6.9753	4.5556	2.3857	0	6.6847	4.0274	2.9926	1.3909	6.7749	1.863	2.198	4.1982	0	0	4.627	0	0.12776	0.30582	7.8873	0	5.4291	7.244	3.8745	1.2845	0	0	0.33268	0
RS_G4919__CTGF__CTGF	9.505	4.4992	0.78195	1.8219	12.8527	0	8.7089	7.2404	1.2136	1.2462	8.3956	5.4822	6.3887	7.5308	10.7526	9.5522	5.6891	12.5646	1.758	0.22651	5.5647	10.5691	3.2516	1.4824	11.3633	4.5607	6.2663	7.3857	6.1576	5.3545	6.591	2.1019	4.4628	1.8454
RS_G4506__FN1__FN1	4.4659	5.6734	2.1232	6.6339	12.0664	2.308	6.2799	13.1575	2.6835	8.1794	5.3713	6.1008	6.4374	6.0504	10.4557	11.6619	6.9695	14.314	5.8399	8.6337	7.242	8.9032	4.4927	4.0323	12.6716	5.2383	3.1511	10.3215	1.9746	11.44	5.2825	5.777	7.7872	3.9021
RS_G14301__CHST2__CHST2	1.0835	0.13336	0.23835	2.7032	4.1777	0	3.102	3.8426	0.1568	0	2.6096	1.3665	1.1804	0.13922	1.2898	4.074	0	6.1227	0	0.15375	1.5489	4.6798	0	0.26037	6.8572	0	5.0333	4.8977	1.8192	2.0316	2.7945	0	4.0125	0.62457
RS_G29190__AC023300.19__AC023300.19	0	1.2367	0	1.186	0	0	0.51339	0	0	0	0	0	2.5168	3.9066	1.3632	1.6846	5.3328	0	0	0	1.6133	0	0	0	0	0	0	4.4664	0	6.5868	0.35615	0	0.99619	1.3003
RS_G12262__NNMT__NNMT	8.5516	2.0132	0.48442	0	9.4448	0	1.147	7.6778	0	0	1.6205	1.4637	5.9883	7.7288	5.9076	6.1323	8.4278	6.7404	0	0.46256	3.0779	0.7415	0.55533	0.52928	6.6938	0	9.0646	10.6571	6.6568	6.8006	9.2782	0	1.7073	0.22668
RS_G8354__PMAIP1__PMAIP1	4.0124	3.1341	5.0862	4.7247	5.4108	3.4802	5.7681	5.6443	0.25956	3.9484	9.8502	4.4074	4.8414	5.4832	2.9297	7.3392	6.0246	5.9079	2.1942	6.0173	3.7396	6.9079	4.193	0.73814	7.4225	1.8729	4.2525	4.0255	3.8656	5.387	2.6193	2.8566	3.0695	4.9198
RS_G9666__DPYSL4__DPYSL4	2.1402	2.0732	0.10834	2.7477	6.5065	0.36733	0.66651	6.9015	0.20354	0.57452	5.8937	5.5149	3.6203	0	0.89312	7.2924	0	8.4033	5.4214	7.126	3.1706	0.18027	2.5149	2.3566	4.7578	1.5021	3.1696	0.35504	3.2394	0	5.5632	1.3874	7.3126	1.3908
RS_G7629__CLPS__CLPS	0.64757	0.39797	0.47804	4.1686	0	0	2.6577	2.6416	0	7.2248	5.6025	0	0.63906	0	0	0	1.542	0.84833	0	3.3994	0	0	1.6654	0	5.4581	0	0	0	0	0	4.9291	0.86004	3.2082	3.7855
RS_G21756__C6orf127__C6orf127	1.5522	1.1548	0	6.1193	0	0.77551	4.3736	6.2033	0	7.6116	8.1751	0	0	2.5337	0	0	5.3027	0.83621	0.76147	4.2127	1.4252	0	5.6087	0	7.7884	0	0	2.387	0	1.677	7.4612	5.5974	3.7886	6.2311
RS_G9764__SPOCK1__SPOCK1	0.73188	1.8385	1.5447	1.885	8.7612	0.26671	2.8401	8.7292	0.11606	1.9726	0.51264	3.357	5.8754	3.6344	2.2589	3.2299	1.9918	9.0647	0.30801	5.5589	1.2868	1.0533	0.76718	0	5.2564	1.6003	3.5414	1.622	0.23799	3.8591	0.52115	0	4.5238	0.29584
RS_G11572__GUCY1A3__GUCY1A3	2.1771	3.1726	6.4643	3.3749	2.7359	0	6.4477	4.1023	6.8828	0	3.6806	4.4499	2.4961	6.7048	0.41764	2.2033	8.1568	0.45496	2.1317	0.22101	4.4527	0	5.9314	6.7064	4.7362	0	1.7081	3.0364	3.5309	1.891	0	0	1.1889	3.6042
RS_G5561__PI3__PI3	3.0706	3.6429	3.0152	0	2.5138	0.73253	5.0806	3.2166	0.42835	0.53604	11.0888	3.8493	12.335	8.9357	5.0919	5.1559	10.2125	0.7907	0	0	10.7066	0	0.39099	0	7.2484	7.5841	0.66256	11.976	8.1079	9.9971	2.5749	0	1.8475	0
RS_G3666__COL1A1__COL1A1	7.0178	5.8669	5.2157	4.9805	12.7199	4.4818	5.4327	8.3594	5.664	5.5108	5.3331	4.4917	5.1978	3.203	7.323	12.3383	4.2739	13.8339	4.6523	5.9925	5.6444	3.9943	8.6679	8.3648	5.4682	4.2095	10.3027	7.4964	3.5388	6.309	6.4214	6.9884	4.6794	7.4222
RS_G3762__SLC2A9__SLC2A9	1.4954	0.57568	0.93317	0	0	0.89166	2.8768	0.14422	0.84178	0	2.7674	2.9945	4.708	2.8274	3.9188	0.23875	4.7518	0	0	0	3.5199	0	2.0806	2.3324	2.0517	0.56566	0	0.79858	5.2984	5.7181	2.0498	0	3.8285	2.6854
RS_G463__VIM__VIM	2.9652	2.2052	5.3309	4.7875	13.722	3.764	13.663	13.843	4.156	0	10.3261	6.4127	8.4787	10.5793	11.7234	13.9024	10.1043	15.089	3.1521	9.4838	11.1994	13.7198	1.8929	3.5908	12.9747	2.3972	16.3769	9.8039	3.625	11.237	3.9594	5.7587	8.8159	3.9298
RS_G13477__EGFL9__EGFL9	0.35305	1.0213	0.17399	0.30014	7.0141	1.1287	6.5699	1.9639	1.6324	3.5774	4.4184	6.5339	5.819	1.846	4.6749	3.1119	2.0049	4.3364	1.4514	1.356	2.8469	4.4761	2.3108	2.1277	3.36	0	7.3809	3.9582	1.752	9.0993	6.445	4.0929	3.8002	1.9344
RS_G3172__GRIN2D__GRIN2D	1.2815	7.681	0.11453	0.68008	6.2801	0.3443	5.0838	1.1036	1.736	0.83669	0.90964	7.0748	2.9299	1.246	4.2991	1.361	3.6096	2.9072	3.0676	2.3793	3.8963	1.1365	0.84688	0.18568	6.2513	7.0486	4.253	3.6892	1.2689	8.309	7.4344	1.1701	0.90614	2.5652
RS_G12622__ENTPD3__ENTPD3	4.2057	1.6276	2.4329	2.2836	0.094504	1.3137	2.4286	0.70161	2.6439	0.25413	0.3192	4.9483	0.97482	2.9286	0.36104	0	5.8247	0	1.5158	0.18811	0.28822	1.9706	0.86462	0.46191	0.47913	1.6258	0.17393	0.98866	4.5946	0.52321	0.10292	2.4856	4.1525	0
RS_G18145__ACADSB__ACADSB	5.7144	2.0174	6.2904	6.2849	3.5409	4.8607	3.4732	4.5269	6.9104	4.8351	4.3707	5.0549	4.8191	4.277	4.398	4.0563	3.7095	2.9234	5.8543	6.4362	1.8393	5.1703	4.2944	4.8621	3.5718	3.4325	1.8983	3.7738	2.7996	0.85369	10.8001	5.2469	5.1251	5.6484
RS_G7852__SLC40A1__SLC40A1	8.1261	6.0053	7.765	8.1177	0	7.1984	1.8182	1.1013	7.0717	9.5596	4.9572	4.0017	0.11962	2.6831	2.3757	3.5437	5.1833	0	0.15331	0.15829	5.071	2.5055	7.5995	9.0335	0	6.8656	0.27233	0.42348	6.3631	0.91534	4.6019	10.0753	3.8126	7.1722
RS_G4882__NRP2__NRP2	0.9771	0.20883	0.35126	0.070484	5.1284	0	4.7753	5.4477	2.767	0	6.9605	5.4682	6.1647	1.8408	5.4395	6.3585	3.0381	4.719	0.60902	2.8202	1.0506	4.1193	0.27601	0.53772	8.4982	1.3656	9.3677	1.3344	1.1954	6.321	2.2134	0.87418	0.047311	0
RS_G11366__IFI16__IFI16	1.3751	1.0912	0.088938	0.077879	0.1516	0	0.25526	8.0208	0	0	6.9257	7.8901	6.2163	8.4592	1.9825	7.2647	10.0474	5.8672	0	0	0.49689	6.093	0	0	2.2315	0	0	5.6095	5.4474	6.2941	1.6259	3.4074	0.10754	0.73329
RS_G1039__SYT1__SYT1	1.123	2.1228	4.824	8.2377	4.8047	0.86198	1.222	0.68231	5.6408	5.3681	0	3.4414	1.3791	4.1984	1.2674	3.4954	4.8334	2.6812	5.8949	8.1976	0.47919	3.3375	2.2683	0.18611	0.34465	4.36	5.568	0.54555	2.9818	2.9818	4.8527	4.0193	0.88003	2.2162
RS_G10667__TPPP3__TPPP3	2.2526	0	2.186	6.7959	0.41479	1.8475	2.3133	1.109	7.6865	0	4.4312	2.1008	0.83472	0	0.90646	1.6514	5.3208	2.3318	0.42247	5.9442	5.773	0	1.9225	0	3.125	0	3.6597	4.4601	0	3.6464	0.64202	2.8537	5.2787	7.4528
RS_G4220__LOX__LOX	0	0.68991	0.90169	0.66555	10.7791	0.13865	4.9709	5.7714	0.79742	0.96733	5.2774	4.4823	2.895	0.54503	5.5501	7.6689	5.766	10.1643	0.75454	0.48913	3.2735	6.0679	0.45546	0.44199	4.3449	0	11.6434	8.3827	2.7516	9.2551	0.4056	2.3981	0.6104	1.3457
RS_G19245__PAPSS2__PAPSS2	4.7504	6.5983	4.0619	7.0498	8.042	1.3024	4.17	5.4592	6.5039	0.8696	4.569	4.1836	0.38472	7.7571	0	6.2425	8.4018	5.8728	6.6965	3.3596	6.2762	8.5553	4.5095	0.23329	6.3454	5.2053	3.3438	5.187	6.174	4.5244	6.5563	6.9514	8.76	8.8967
RS_G12470__CORO6__CORO6	1.3736	5.0261	0.59829	1.6239	4.7642	1.2424	0.53723	2.196	0.58695	1.6114	3.6444	2.0788	3.9669	3.775	4.9726	3.2655	1.2535	2.6312	0.41837	2.0176	3.8302	3.9416	2.9862	3.0768	3.4635	4.5564	1.1636	4.1819	1.6303	5.1099	4.2711	2.3894	5.3274	2.0977
RS_G15600__TMEM46__TMEM46	2.893	0	7.3461	8.6498	7.9881	6.3119	5.7037	0.74527	1.9434	4.0751	0.30927	1.052	5.2526	4.1	3.8335	2.9939	0	0.20205	4.4623	8.0956	2.7918	0.70078	5.6394	3.8354	0	0	0.68267	2.7968	3.177	2.0895	1.2532	6.1793	5.6331	4.0311
RS_G11471__NMNAT3__NMNAT3	3.2876	0.98265	3.7081	3.9964	0.2993	6.1909	0.33705	1.2249	1.0633	4.365	0	2.136	3.923	1.0631	0	2.6955	0.097999	0	2.2258	7.3217	4.0756	1.1246	1.6219	3.0718	2.3893	0	1.3699	1.3746	4.781	2.5735	5.1841	5.1134	3.8199	0
RS_G4225__SPARC__SPARC	0.1343	0.14978	0.094438	0.083816	14.1217	2.1509	6.2713	9.2733	0.091823	0.11392	4.201	0.91565	6.6944	2.2353	11.9638	11.47	4.5495	13.0059	0.63481	5.5294	3.5813	6.8619	0.63899	1.2224	2.1099	0	6.5885	3.3867	0	2.9029	0	0	0.40268	0.4355
RS_G807__CAMK2B__CAMK2B	2.055	1.083	4.9995	6.7296	0.2691	2.5981	1.3003	0.35965	1.7145	6.897	0.053428	0.80048	2.9125	1.3969	1.2759	0.92393	0.20156	0.69563	4.0117	6.9571	3.3654	0.35082	3.2641	0.38027	0.44242	1.0315	0.54473	1.0781	3.6915	0.79091	0.12731	2.5763	6.9971	4.9143
RS_G9868__CLGN__CLGN	5.351	2.4399	1.2214	3.5153	0	4.207	0.95697	1.7001	4.7741	2.5942	6.9704	1.2397	0.41511	1.7557	4.1594	1.7729	2.528	0.40433	2.4317	2.5282	0.83646	5.2919	2.3854	3.6129	2.9021	4.9395	1.856	1.5868	7.074	0.29254	5.7486	2.1471	0.64985	5.6069
