Cell lines	600MPE	AU565	BT20	BT474	BT483	BT549	CAMA1	HCC1143	HCC1187	HCC1395	HCC1419	HCC1428	HCC1569	HCC1806	HCC1937	HCC1954	HCC202	HCC2185	HCC3153	HCC38	HCC70	HS578T	LY2	MCF7	MDAMB157	MDAMB231	MDAMB361	MDAMB415	MDAMB453	SKBR3	SUM1315MO2	SUM149PT	SUM159PT	SUM185PE	SUM225CWN	SUM52PE	T47D	UACC812	ZR751	ZR75B
Response	1	1	1	1	-1	1	1	1	1	1	-1	-1	-1	1	-1	1	-1	1	1	1	1	1	1	1	1	1	1	1	1	1	1	1	1	1	-1	1	1	-1	-1	-1
EA_G__TGFBR2	6.9434	7.122	8.3904	6.5636	4.7044	7.6681	4.6862	8.3695	6.7089	8.3645	4.4748	5.3047	5.4067	7.9499	7.6715	8.5874	5.241	4.773	7.6865	7.6328	7.8443	8.9298	5.7233	6.4778	7.1766	8.7346	5.9185	7.2226	5.4298	6.893	8.0594	8.1697	9.4684	5.389	6.8625	5.8513	5.002	5.1139	4.6654	4.2384
EA_G__ADAMTS2	6.1291	6.4219	6.3072	6.2602	6.0553	7.6736	6.1679	6.1605	6.2747	7.8228	5.8276	6.0975	6.1593	6.3934	5.9939	6.1867	6.1105	6.3238	6.2655	7.1276	6.3853	9.24	6.3816	6.4391	10.5608	6.1669	6.0913	5.8184	6.9592	6.5254	6.4858	6.4164	7.2845	6.2169	6.3472	6.6946	6.26	6.1651	6.1176	6.2255
EA_G__REEP6	7.2756	7.3124	7.8296	8.0118	9.1556	6.6815	8.2179	7.8251	7.3053	7.6152	10.3249	9.2159	7.4347	7.4881	7.4719	7.15	9.761	8.9474	7.5053	6.5065	6.8337	6.7464	8.4331	8.6279	7.2691	7.1275	9.1377	6.3806	10.0931	7.8307	7.1074	7.1343	6.4064	7.4075	9.6168	7.6949	9.7124	9.2173	9.9128	8.8387
EA_G__TNC	6.8419	4.5317	8.0622	7.9377	5.5042	6.5045	4.5282	10.3359	11.7961	10.5952	4.4803	4.2461	6.7117	5.6666	6.5706	9.083	5.1491	6.9443	8.7277	10.3709	9.8215	9.1583	4.8052	4.8852	10.3004	6.8871	5.9621	9.4908	9.8865	4.591	9.3078	7.1626	9.313	6.8903	6.6164	9.3018	4.8565	4.7517	4.5568	4.34
EA_G__CDH1	9.4474	3.8156	9.8271	10.2402	10.823	4.1816	8.2155	9.3623	7.7169	4.0645	9.8984	10.4438	8.4461	8.5324	9.4381	9.6232	10.1534	4.383	8.3525	4.2405	9.6597	4.2637	9.9596	10.2763	4.0202	3.8114	11.1983	10.3286	7.0185	4.1026	4.9675	8.714	4.0229	9.5589	10.3671	9.2285	9.8379	9.9968	10.6397	10.3255
EA_G__ANTXR1	5.3638	5.021	6.8935	6.2803	4.3643	8.3203	6.4484	7.9829	6.8212	6.5266	4.5447	5.1114	6.4815	6.0603	7.8974	7.4695	4.5918	6.41	7.5128	8.3548	8.5385	8.4815	6.8244	5.5532	9.1346	7.7099	4.9336	5.5327	5.7268	5.1019	7.686	8.0006	8.3681	6.3598	4.7558	6.7588	6.3156	5.2435	4.9089	5.114
EA_G__NPAL2	6.9008	5.9027	6.8153	6.3489	6.9902	4.937	4.6577	5.4937	6.2101	3.9815	8.9241	8.0853	6.4543	4.0973	7.2119	6.8325	7.3829	7.1773	6.7199	5.7675	6.141	6.516	7.0963	6.8102	6.6986	6.4927	6.9277	6.313	5.4176	5.8846	5.0348	6.7427	5.276	5.5001	8.6295	6.5493	6.7587	7.214	6.7578	6.4154
EA_G__TCEA3	8.2375	5.9539	5.5222	6.0256	7.4926	5.0487	8.8314	5.0673	5.5704	6.1196	8.0815	7.159	8.4022	5.5647	6.6279	5.2515	8.1284	5.1551	5.0747	5.9317	8.4357	5.064	6.9062	6.2141	5.6284	6.534	6.4577	8.4136	7.6133	5.6212	5.6072	5.5857	5.4579	6.1439	8.918	8.5451	7.826	7.9185	9.0069	8.328
EA_G__C8orf38	5.6885	5.2961	6.0933	7.4005	6.7728	6.36	6.5944	5.9578	5.9875	5.4229	9.7617	7.3404	6.8741	5.5815	7.5749	6.428	6.7847	7.2665	6.1555	5.9237	6.2838	7.1253	6.3628	6.663	6.2003	6.4429	6.5667	6.5273	6.1991	5.3366	5.7822	6.0141	5.8823	5.7278	6.8811	5.6055	6.2685	6.7931	6.1164	6.5177
EA_G__S100A4	7.436	7.1974	5.1217	5.0732	4.9989	6.3472	7.2798	7.4983	6.2674	6.533	4.6036	4.3392	5.2873	5.2775	7.1519	4.9025	5.1462	7.5715	6.4541	6.3144	6.0386	7.9102	5.121	5.1448	7.3002	5.6066	7.2439	7.4551	4.2037	9.3271	9.2706	6.0814	8.8714	6.2248	5.8644	6.5472	6.6539	4.7041	4.8505	4.503
EA_G__NAV1	7.4175	8.9354	6.7217	5.4838	5.7925	7.8052	5.1032	5.0575	7.9118	7.629	4.8157	4.8473	5.8443	6.4689	7.4442	6.9431	5.6569	7.9222	7.0711	8.0474	8.2228	8.6572	5.6577	5.8182	8.6836	6.4817	6.5266	6.955	6.2838	8.7193	8.8574	7.5636	8.4718	6.3187	5.356	6.2935	5.239	5.7713	5.7746	5.8825
EA_G__TP53INP1	7.1211	4.0339	4.7723	8.5398	8.086	6.3946	6.9129	4.1921	4.5465	4.4168	10.0237	8.8782	6.0874	4.385	6.9501	5.9169	8.0398	6.8808	4.0731	6.0588	6.1896	5.8195	7.2924	7.6158	6.6539	4.5579	8.3123	7.0256	6.518	4.5237	3.7159	4.1588	3.8629	7.5959	7.2959	5.8419	6.9661	7.8789	6.8327	6.9651
EA_G__COX6C	8.4251	8.7722	8.4294	9.3046	10.7821	8.8445	9.8554	8.8231	8.5697	8.6473	11.0978	10.6795	9.4782	8.5041	9.477	9.1648	9.118	10.0254	7.9185	9.4142	7.3975	8.1813	9.3532	11.4426	9.1365	8.3708	8.6786	8.346	7.8627	8.7901	9.2058	8.5356	8.4797	8.2679	9.1264	8.8519	8.3672	9.887	8.7243	9.307
EA_G__APOBEC3C	4.9575	4.3796	8.4404	5.0079	4.3185	4.6432	3.9746	6.252	7.5233	7.2601	4.2715	4.3922	4.4322	7.6314	8.0586	6.1462	4.3766	4.9659	6.7292	8.0813	6.5526	7.1948	4.5514	4.7951	7.4161	7.5841	7.6699	8.5436	4.8073	4.7309	4.6374	7.9769	7.4662	5.0818	5.0684	8.9395	4.9317	4.2818	4.5283	4.3357
EA_G__MID1	7.3575	7.8671	7.6225	6.5319	4.0253	9.2256	4.8036	5.4959	6.325	7.5814	4.2086	3.5424	6.8833	6.9614	7.3835	8.122	3.8564	9.1473	8.728	6.919	7.6831	6.2463	5.1206	4.2893	9.4667	6.9923	5.9284	5.9819	4.6915	7.7104	7.4575	6.4535	6.77	5.7152	5.6586	6.2357	6.9547	5.4707	5.6867	6.1604
EA_G__DNAJA4	7.9766	4.7516	4.5141	8.0682	7.3489	4.2649	6.8891	6.3925	5.3544	4.7358	8.8331	6.9037	5.5941	7.0226	7.0286	4.6258	7.5871	6.1691	4.6041	7.0471	6.3352	5.3644	7.0912	6.871	4.8811	4.7158	8.324	6.9391	7.0638	5.8064	4.5857	6.9409	4.803	5.0151	7.474	6.8647	7.9157	8.4296	8.8969	7.5146
EA_G__MTSS1	5.8587	5.6912	4.5068	6.8843	7.0331	6.4919	5.8012	5.3065	7.1918	6.2432	8.5811	7.0421	7.0883	7.5023	7.0308	5.9383	5.6926	4.9353	5.3388	5.1834	4.8634	5.7994	5.7517	6.2886	5.0317	4.561	6.0564	8.121	5.6778	5.9113	5.2908	4.9113	5.8955	5.5815	6.5243	7.5958	6.1442	7.246	7.146	6.6464
EA_G__RAB11FIP1	7.7489	7.29	6.7556	7.2374	10.9487	6.0996	8.0487	7.7821	6.9453	5.8301	8.3145	8.4506	7.1372	6.5495	6.7129	6.7962	7.4883	8.1631	6.6448	7.058	7.0896	5.8517	6.8206	6.8315	7.2036	6.2077	7.9194	6.8136	6.9053	7.6757	6.0579	6.4956	6.959	7.013	10.2659	8.072	7.7446	7.0056	8.1997	8.3727
EA_G__EHD2	7.3175	7.175	6.3216	6.3603	5.9076	9.1305	7.8483	8.6393	6.4028	8.256	6.0272	6.5969	6.0329	8.7643	7.588	8.5066	7.2154	7.8595	7.7524	9.2252	8.1121	9.9391	6.6247	6.7547	8.9681	7.6772	6.0786	8.2494	7.1402	7.063	8.4964	8.0041	9.1996	6.4192	7.1679	9.2335	7.4684	6.7046	6.9207	6.7111
EA_G__RBMS3	3.6966	3.9791	3.4284	3.7614	3.2958	6.9879	3.583	6.8575	3.6609	6.9888	3.541	3.5718	3.7914	3.8414	5.8881	4.5971	3.8785	3.7264	5.8152	7.3861	5.6311	8.01	3.8227	3.7421	8.1422	7.5577	3.5926	4.3143	4.0302	3.8835	7.0336	4.6486	7.2745	3.4165	3.5711	3.8293	3.865	3.5954	3.6699	3.4762
EA_G__LIPG	5.1381	5.163	7.1426	4.9295	4.8718	4.6897	4.6188	7.0169	10.9807	4.7925	4.1621	4.592	4.6623	6.8091	5.6252	9.1776	5.1501	5.0515	5.1382	7.1466	7.0825	6.1352	4.986	4.9245	5.151	6.6887	4.5965	5.4637	6.2382	5.6447	4.9432	7.1057	5.1428	6.8457	5.4978	5.4611	5.2502	4.7586	4.8716	4.5788
EA_G__PRKCA	5.1123	6.9849	6.7965	6.093	4.4173	8.7689	4.7539	7.1254	3.9318	7.493	4.0132	4.0291	5.6109	6.9189	6.4077	7.722	4.558	6.2455	7.0923	8.9502	4.7269	8.3028	6.6467	5.9656	9.6278	8.5886	5.5478	7.1467	5.4288	7.173	9.0008	4.8225	8.6544	5.553	5.3847	5.7431	5.6894	6.2828	5.5399	5.837
EA_G__TGFBI	7.8583	7.3654	6.7359	6.4943	5.5709	5.5324	5.0026	5.9032	9.4129	11.9905	6.5426	5.3841	5.1904	9.5998	9.0848	10.3532	5.7241	8.1936	8.0879	11.7397	10.3964	12.124	6.9215	6.836	10.9424	8.6777	5.6641	5.8451	5.9103	7.4635	11.9134	9.4362	11.7644	5.5448	5.6932	5.0333	5.5732	5.8233	5.305	5.0359
EA_G__THBS1	10.1181	8.8537	10.1535	6.8427	9.5472	11.7756	9.5093	12.1592	9.5535	9.3881	6.4172	6.256	5.7423	10.1946	9.8642	11.2382	7.5699	6.3827	11.5562	10.0309	8.1139	11.2999	8.4058	9.8527	9.8837	10.2805	7.7776	10.0528	10.1956	8.4328	5.1794	11.4742	11.5545	7.7318	9.2531	8.0413	8.8181	8.8273	5.1516	5.3147
EA_G__NT5E	5.9068	7.0846	5.1501	3.9196	3.2264	9.0413	3.3792	7.2634	3.8917	3.5081	3.4181	3.341	3.6388	6.864	8.5101	8.8687	3.6206	3.5929	6.896	5.2742	5.9823	10.1163	3.8698	5.5831	8.137	10.8683	3.268	4.7321	4.3347	7.0175	10.6481	5.3531	8.4554	3.5999	3.747	3.7861	3.4798	3.9113	3.6276	3.2018
EA_G__S100A3	4.4039	5.3412	4.9353	4.3282	4.2059	5.6023	4.3749	6.6335	6.9833	6.4591	4.2712	4.0737	4.3869	5.8534	6.0279	5.0119	4.6463	4.5809	6.6095	7.8016	4.8696	7.5816	4.6237	4.3372	8.4498	6.8913	4.202	4.152	5.2117	6.455	6.0566	6.3403	6.9666	4.1692	4.1719	4.8878	4.3484	4.3764	4.3595	4.5112
EA_G__ZNF652	7.5137	6.6796	7.1304	9.1134	7.658	5.4265	8.0263	7.5657	6.1455	6.1679	10.4217	8.3293	6.9403	6.4695	6.4805	6.6269	8.7194	7.371	6.6141	7.0294	6.8064	6.2259	7.3028	7.8102	6.7251	6.172	9.0124	7.6468	7.4323	6.5588	6.6853	6.6539	6.3657	7.335	8.4527	7.8613	7.2296	8.3435	8.7495	7.6069
EA_G__KREMEN1	6.5585	6.9751	6.0424	8.046	7.4854	6.2366	6.3047	7.6357	6.6143	7.7238	9.2185	7.0632	7.6468	7.082	6.9969	6.8058	7.631	7.5835	6.7676	6.5842	5.4202	6.1612	7.2185	6.9237	7.088	6.2457	9.67	7.3885	7.2974	6.9629	6.9396	6.5568	6.1826	7.9062	7.6804	7.3377	8.1413	8.4315	8.2097	7.8019
EA_G__CALCOCO2	8.4692	6.6383	7.7069	9.6562	8.6952	7.8574	8.6576	8.2623	7.6502	7.7392	10.6594	9.3799	8.0394	7.4656	7.6139	7.5792	10.6111	7.8504	7.8448	8.7402	7.8462	7.8244	7.7946	8.405	7.8819	7.8642	9.6198	8.5167	8.2891	6.2432	8.685	7.1097	7.8718	7.3404	8.2046	8.7228	9.0431	9.6396	9.2757	8.839
EA_G__SLC19A2	7.8428	7.7834	6.555	8.6972	9.2989	5.8688	8.05	5.9865	7.3949	6.009	8.1815	10.1415	8.0242	6.2908	7.3019	7.0936	7.4043	7.6557	7.2335	6.9579	6.8503	6.6471	7.8194	8.4896	3.9396	7.9704	7.8213	8.2376	7.1089	7.2999	6.8343	7.3796	7.4287	7.7499	7.1276	6.9377	7.6287	8.3672	8.0226	7.9977
EA_G__TOB1	9.7608	9.0994	8.2733	10.3884	10.6059	7.4602	9.6086	8.2488	7.4455	7.3781	10.7407	10.9032	8.0535	7.6285	8.1314	7.6875	11.098	9.066	7.1435	8.0148	7.7478	5.8354	9.5153	10.1659	7.4631	6.2229	10.9348	8.9254	9.3315	8.7014	7.2404	7.3259	7.5716	9.1303	8.452	9.2129	9.9542	9.2213	10.3392	10.2663
EA_G__GPR137B	7.3173	7.3696	7.6294	7.4089	8.1599	7.0778	7.3259	6.2259	6.8084	6.4613	8.107	8.2884	6.8585	6.7126	6.9986	6.5121	8.0507	7.6793	6.8539	6.108	3.5024	4.7996	6.656	7.7104	7.3236	6.6327	7.212	5.9258	6.6425	7.1303	6.8735	6.4763	5.6081	7.6708	7.6703	7.3033	7.8159	7.0711	8.8563	7.0471
EA_G__PGM2L1	5.1043	5.0607	5.1815	5.9896	5.7321	5.7676	7.7206	6.3623	6.7073	7.1083	4.302	5.4083	4.8871	4.7927	4.2934	7.8337	5.8619	7.0438	6.7975	6.2643	6.7048	6.6205	5.1081	5.1711	7.3829	5.9498	5.1439	6.6134	4.6713	4.8103	5.9794	6.251	6.8761	7.0398	5.335	5.2986	4.9215	5.3564	4.3529	4.3942
EA_G__CALD1	4.9976	5.3745	6.4921	4.0059	4.5323	6.9477	4.1231	6.8428	7.5601	8.1298	3.9074	4.2596	6.0823	5.2906	6.3946	5.1864	4.6531	5.3524	7.4511	7.9533	6.2922	9.3633	4.4971	4.3691	9.1755	6.51	5.4997	4.7735	4.7727	5.7915	6.303	6.8236	7.1648	6.5636	6.1459	5.5227	4.6722	4.2721	4.3237	4.2804
EA_G__SRD5A1	8.0855	7.7981	8.399	7.6275	6.6327	7.4336	7.1454	8.3436	7.7263	8.1358	7.0578	6.9902	7.0641	7.5414	9.0122	7.6676	7.0617	7.9855	7.9288	7.2715	10.5835	7.8071	7.3295	7.2067	8.68	7.457	8.0689	7.8639	6.0999	7.4931	7.124	5.9887	7.6524	7.1851	7.4128	7.5333	6.3411	6.8793	6.9635	6.1703
EA_G__TPD52	5.9209	8.4542	5.7277	7.0653	6.6962	5.3719	6.8489	6.829	4.9629	5.1704	7.2799	6.5672	7.0081	5.6315	6.5702	6.5929	6.3041	6.491	5.8988	5.8681	5.9646	3.9806	6.3341	6.808	4.2657	5.3093	6.894	6.7619	6.1522	8.3772	5.8053	5.8745	5.9066	6.8577	7.4252	6.5493	5.7787	7.5175	7.2785	6.8565
EA_G__ADAM19	7.0925	6.7177	4.8427	5.0563	5.4713	6.7155	4.8301	7.786	6.0565	6.9025	4.6711	4.9038	6.0687	6.2888	5.1522	5.7544	5.1512	5.8864	6.6231	6.8082	5.7394	8.7117	5.4742	5.4706	8.544	7.72	4.7314	6.6282	5.6521	7.3337	8.5251	5.7288	5.9389	4.9755	5.7672	6.095	5.2166	5.0739	5.4023	5.2444
EA_G__WWP1	8.0302	8.9967	7.7907	8.8018	9.7101	8.1978	8.8679	8.3785	7.5529	7.4231	11.3334	8.4612	8.6495	7.1267	8.5063	7.861	8.4297	8.3236	7.9304	8.7833	8.4192	7.9482	9.4423	9.7243	7.8338	7.7268	9.4123	8.1499	8.3365	9.3644	7.2959	8.2918	7.7756	9.3304	9.3449	8.0658	7.9781	8.6656	8.7748	8.939
EA_G__TMEM16A	5.2908	7.2916	6.4055	9.4332	8.3635	4.9702	5.3162	9.8919	8.7183	5.2833	9.0278	8.6188	6.5456	7.9563	8.5709	7.4917	7.0008	7.5129	6.7371	4.7918	5.8483	5.1414	5.324	5.5073	5.098	4.7971	8.0768	11.1144	7.8885	8.0278	5.0673	5.1832	5.1206	5.3765	8.6544	5.3902	7.2997	5.773	10.4323	8.705
EA_G__BMP1	6.6703	6.5794	7.9687	6.0246	6.445	8.212	6.0746	7.1822	9.0463	8.0235	5.4548	6.9235	6.8115	6.6383	7.5455	7.9091	5.7024	6.5834	7.2222	7.792	7.3279	8.4422	6.9906	6.6899	9.678	7.0429	6.1197	7.0648	6.6947	6.5005	7.0603	7.7511	7.8272	6.9575	6.411	6.4197	6.3307	6.3149	5.8934	6.5979
EA_G__FGFR4	6.212	7.4027	6.3774	9.4947	8.6522	6.7252	11.1104	6.9616	6.8446	6.9437	9.9702	7.7334	8.649	7.4069	6.9704	9.0064	9.4306	7.8246	7.3383	7.6825	6.2891	5.6839	7.6865	8.3879	8.0349	6.6169	9.9462	9.8037	11.4544	6.6971	6.6719	6.5764	5.6794	8.3049	9.0287	8.2707	6.8843	8.8386	10.7427	9.4229
EA_G__PRKAR2B	3.6639	4.751	7.6397	6.673	7.3892	4.2612	5.5339	6.1629	5.6519	5.6035	7.3352	8.2984	6.7023	3.924	7.0818	5.0653	4.5253	7.3375	6.4084	5.38	8.6228	5.2452	7.008	6.7479	6.3269	5.5951	6.3291	4.8747	4.7273	5.1911	6.4866	4.6942	3.6612	6.1377	6.4419	5.7235	5.3886	6.9424	6.823	6.4128
EA_G__GSTP1	11.5172	6.0003	6.1295	6.0346	5.6096	11.1308	5.8622	12.02	11.7468	11.734	5.8607	5.9335	11.77	12.0193	5.513	5.9581	6.2447	11.1635	11.2713	11.265	8.5568	10.561	6.195	5.9383	11.1738	8.9486	5.7978	11.6968	6.8557	9.2514	11.0721	11.5502	11.2948	11.9288	6.2721	6.4486	6.3612	5.7143	6.0423	7.4988
EA_G__PTRF	6.1378	5.9441	8.4012	5.9461	5.7085	9.47	6.0342	7.9379	6.2178	8.1509	5.8965	5.563	7.0871	8.0149	8.4522	8.1467	6.1849	6.696	6.8672	9.1449	6.8679	9.7016	6.208	6.3008	8.7173	8.8381	5.6244	6.5879	6.7201	6.1917	8.0202	8.0864	8.6629	5.8363	6.4714	6.5439	6.4796	5.9012	5.9419	5.7248
EA_G__EDIL3	4.2675	4.4678	4.1222	4.2003	4.1091	10.3398	3.9199	7.7527	10.7627	10.9328	4.1415	6.574	4.1486	5.3387	3.582	5.0077	4.1852	4.3808	6.4883	10.5374	4.466	10.2267	4.3709	4.7425	9.6383	9.9608	3.9369	3.9483	4.4458	4.7088	7.9988	6.332	7.8969	4.3348	4.5551	4.1115	4.1293	3.8469	4.2709	3.9187
EA_G__CRIP1	8.4336	5.31	5.3267	9.7731	11.423	5.334	5.4641	5.3474	8.9387	4.8935	11.7544	5.561	8.2598	7.0206	5.2656	5.5827	7.7479	5.8054	5.3255	5.4495	8.2606	5.0561	5.5382	5.4859	5.3967	4.9174	9.2424	6.8474	7.5698	5.9588	5.2163	8.9972	5.2167	5.7411	6.8932	5.2574	9.2766	9.2825	9.7626	10.5449
EA_G__STAC	4.6901	5.967	6.944	4.4744	4.4739	8.7517	4.4143	8.7019	5.2245	6.8093	4.2275	4.1802	4.3895	5.9041	6.5323	7.7776	4.7595	4.569	6.183	6.74	6.7671	7.8582	4.503	4.5206	6.7276	7.5021	4.3421	4.3729	4.7293	6.4295	4.531	5.9112	7.5436	4.6565	4.8691	4.9889	4.5177	4.371	4.5517	4.6534
EA_G__ARL4C	6.9231	6.4043	8.6446	7.8979	6.524	8.6542	6.5207	8.5419	6.249	9.5728	7.2395	5.713	6.9818	7.8644	7.5521	7.3938	5.5924	8.1788	8.3581	8.8294	7.832	8.4905	6.8551	6.4925	9.064	7.769	6.7918	5.7117	6.6629	7.184	10.1983	7.1131	6.0957	7.0154	6.579	7.5063	5.9402	6.3704	6.6452	6.0953
EA_G__MMP14	5.1852	5.3987	5.2376	5.2335	5.0592	10.3729	5.1512	8.0249	9.9154	9.7962	5.0892	5.2954	5.2874	8.803	7.6928	6.3976	5.5909	8.0609	5.2277	8.9768	8.7686	8.9717	5.9409	5.8539	7.6746	8.2005	5.1668	5.3091	6.2949	5.8482	11.2199	7.0852	7.8574	5.7305	5.466	5.7344	6.2135	5.2291	5.5205	5.535
EA_G__NAV2	7.047	5.9388	8.3512	5.1132	6.0164	6.6849	5.544	6.9753	9.7986	7.586	5.5004	5.4398	5.3615	5.9011	7.0078	7.7367	4.7494	5.5622	7.9494	5.0788	6.3855	7.6234	5.2578	4.9935	6.821	6.9071	5.3098	8.0044	5.7505	6.8978	8.132	7.6056	8.1373	6.9788	6.4853	7.9451	4.7301	5.2354	4.8832	4.7912
EA_G__RBL2	6.5155	6.8291	7.1781	7.173	7.4847	7.5013	8.3133	7.6582	6.384	7.5506	7.7134	7.583	7.2456	6.4413	7.4927	6.7561	7.0312	7.2492	7.1869	7.6166	7.4074	5.9941	6.8225	6.765	6.2257	6.6463	7.2992	8.2297	7.0719	6.6407	7.5723	7.353	6.7457	6.9845	8.7925	7.1554	6.8087	6.8755	7.7084	7.6992
EA_G__PROSC	8.4071	6.9543	8.2249	7.7791	9.4024	8.2912	9.0613	7.4837	7.3607	7.3428	8.2497	8.1848	8.5838	8.105	7.1638	7.2847	8.1915	8.4134	7.7126	8.3445	6.9349	7.8458	8.0721	7.6868	7.8446	7.7727	8.3526	8.0222	7.7677	7.2703	8.1236	7.7901	7.9593	7.9341	9.9284	9.7352	8.1248	8.1056	9.0744	8.8766
EA_G__LOC653391	6.5666	6.9131	6.9086	7.1983	7.2077	6.6292	8.0002	6.5219	6.9319	6.3736	7.7959	7.6275	7.6459	5.7625	6.5929	7.0805	6.409	6.3346	6.4281	6.6881	6.0577	6.9954	6.7399	7.0051	5.7961	6.637	7.2294	8.9528	6.2286	6.5107	6.2781	6.0329	6.7981	7.771	7.1838	7.4489	7.9916	8.5776	9.8749	8.768
EA_G__ELK3	6.214	5.7875	6.4343	5.0173	5.7208	6.3793	6.0668	6.2242	5.6844	6.4943	6.0164	6.0869	6.0582	6.9747	5.8821	6.9185	5.3533	4.5117	6.5217	6.7734	6.2157	7.2924	6.2209	5.6102	6.1929	8.1946	5.6704	5.4659	5.4923	6.0903	8.2677	6.319	8.0026	5.7072	5.567	5.9615	5.5961	5.5168	5.4524	5.4035
EA_G__ELF5	4.2981	5.8202	4.2489	7.3218	7.309	4.3044	4.9445	5.2392	9.8355	4.3338	6.7358	7.7811	4.6943	4.4652	6.239	4.271	7.1992	7.4263	5.3967	4.094	4.411	4.0815	6.4913	6.7385	4.0654	4.2349	6.8165	4.3561	4.6392	6.1555	4.6482	4.6594	4.1047	8.7989	7.3541	5.8785	8.5803	7.339	5.3151	6.8873
EA_G__MPP7	8.0834	7.201	6.8077	7.6254	7.7941	3.5809	7.1178	6.0094	6.4583	3.9626	7.6765	8.069	7.0109	4.702	6.5822	6.5066	7.1208	8.1318	6.4942	4.974	6.8515	4.1343	6.835	7.312	3.4258	4.8621	7.4319	7.8872	4.7048	6.7447	3.9781	5.7979	4.8244	7.7533	8.0238	5.708	8.7197	7.3438	7.4885	6.8702
EA_G__WDR32	6.688	7.0005	6.9373	6.8804	10.0989	7.6017	8.0546	7.7223	7.6852	6.7785	8.2107	8.427	7.466	6.4857	7.6113	7.4965	7.8452	9.7947	6.7844	8.4793	8.3966	6.8673	7.0156	7.1314	7.2606	7.136	7.3108	8.0252	7.2598	7.0917	7.6321	5.6922	6.8736	8.3833	7.1692	7.345	7.1693	7.718	7.6429	8.1755
EA_G__SLC39A11	8.0039	7.6914	6.4328	7.5502	7.8772	6.5108	9.2791	6.8888	6.8928	7.3307	7.5156	8.6527	7.168	6.3672	7.0764	7.36	8.9869	8.1172	7.0266	7.0961	7.8446	6.3549	7.9397	7.9691	7.3801	6.5379	7.9556	9.0344	6.4632	8.3686	7.2705	6.1905	6.1289	7.8538	8.5277	6.7183	7.9721	9.1536	9.6432	8.6471
EA_G__IGFBP3	6.5418	6.2321	5.9447	6.194	6.6882	10.4666	5.8726	10.7593	8.2432	10.8471	5.6892	5.5772	5.9308	8.7316	10.2826	10.7306	6.27	10.0307	9.709	9.0301	11.3362	9.3579	6.1592	6.4941	8.1435	7.4194	5.9981	6.6661	7.6014	6.7459	8.8475	7.5569	6.2586	7.9654	6.9434	6.7155	5.8457	6.3318	5.853	5.7447
EA_G__EPHA4	4.1217	5.0734	5.9051	6.2606	4.4531	7.9784	3.8708	7.1865	5.253	6.9047	4.6924	4.5379	4.3548	5.9984	6.7428	6.6761	5.5218	9.2057	5.8254	6.264	7.1311	7.3232	7.0524	7.149	8.0528	6.3083	6.0132	4.0356	7.8997	5.4945	4.3484	4.3606	6.4671	8.8106	3.9527	6.7085	7.4911	6.4549	4.1474	4.7413
EA_G__DENND1B	6.8796	6.6791	6.7675	7.167	7.3121	4.7193	6.0054	5.8785	5.9951	5.7859	6.8062	6.8071	6.1834	6.5026	6.5064	6.6765	6.7352	7.4498	6.5538	5.7247	7.5458	5.444	6.254	6.4954	5.8145	5.6087	6.7896	7.0417	8.8044	6.7401	5.1312	5.7658	5.6866	7.0638	7.1235	6.6987	5.8053	7.2246	7.9649	9.7169
EA_G__HGD	6.292	6.1701	3.7824	7.6492	5.5405	3.7536	7.1472	3.8709	3.8208	3.6315	8.002	8.7179	8.6658	3.8689	3.4665	4.1149	5.727	8.0684	3.8546	3.7892	4.0083	3.6706	4.0437	5.1745	3.4955	3.8207	9.1095	8.8747	5.3693	4.2486	3.9795	3.876	3.8261	5.1101	8.751	4.4323	4.1422	5.0669	8.3076	8.2304
EA_G__STARD10	8.7444	9.3189	7.1028	9.838	10.3464	6.9657	8.9884	7.0812	7.6816	6.3309	10.6337	9.9114	7.9561	7.2257	7.6626	7.4036	9.0078	9.147	7.3262	6.4872	7.4777	6.0307	9.734	9.5739	7.4208	6.2262	9.903	9.0237	9.6166	9.3077	6.0593	7.4425	5.9183	8.838	8.704	9.3903	8.7334	9.6701	9.2205	9.5445
EA_G__AXL	5.6804	5.1611	5.4463	5.4209	5.1827	10.2739	5.2109	9.8631	5.2949	9.4468	5.1746	4.9087	5.3032	6.6145	8.9208	6.9786	5.4521	5.6583	8.6491	9.9664	5.4233	11.2512	5.5361	5.534	9.689	11.0247	5.0726	5.1294	6.1472	5.743	9.8877	7.8036	9.9992	5.5417	5.5984	5.7637	5.5023	5.4593	5.4104	5.3293
EA_G__CYP2J2	7.5609	6.4435	5.1334	6.7259	6.0601	4.78	5.8339	6.1137	5.5908	4.6398	7.7706	6.8903	5.9356	4.8007	5.9878	5.8329	6.8396	7.4097	4.6187	4.4382	6.0827	4.8923	6.3696	7.0868	4.2793	5.9153	7.5381	8.3749	5.4937	7.2803	4.893	5.2515	5.3152	6.042	7.5127	5.895	5.9996	6.2447	7.9614	6.8202
EA_G__MYST4	7.0307	7.28	6.3665	7.2199	8.4465	6.5277	6.3824	6.8866	7.1206	6.6054	7.7331	8.0713	6.421	6.5186	5.9631	6.3027	7.7007	6.7349	5.8394	6.8652	6.0591	6.5269	6.4161	7.4607	7.212	6.5672	7.9534	7.5016	6.9041	6.9537	6.8183	6.9037	6.3843	7.8271	7.4201	6.1145	6.8248	7.1588	8.713	9.517
EA_G__TRPS1	9.0576	8.6929	5.2817	7.9637	9.9113	7.941	9.6003	8.2676	6.2971	8.2542	9.3574	9.0344	9.6289	4.8732	6.8942	6.1011	9.6131	9.2005	6.9033	8.6796	7.3462	6.7309	8.3805	8.2701	6.9377	5.6309	8.4217	9.3101	8.6854	8.8784	8.6992	8.1937	5.6307	10.0786	8.309	10.1946	9.9131	9.5757	9.4528	9.8853
EA_G__NRP1	5.8023	6.0498	8.0452	6.71	4.9308	8.2096	4.441	8.138	8.1895	9.1956	6.0792	6.4417	4.4621	6.9841	7.1779	7.9053	7.0831	8.0159	6.4355	6.616	7.5902	8.3999	7.107	6.9777	7.6503	7.5617	6.343	7.5409	5.0336	6.1362	8.3488	6.1973	8.7035	4.9171	5.9388	5.1546	4.6438	4.8869	4.5539	5.6674
EA_G__LOXL1	8.8376	7.4349	7.7394	7.7773	7.7061	9.0295	7.7618	7.752	10.6471	8.9133	7.4156	7.31	8.0085	7.5414	7.4587	7.4168	7.5779	7.5758	7.4601	8.8739	7.7037	9.9236	7.5935	7.9409	9.9529	8.058	8.253	8.0283	8.322	7.6632	9.634	9.1346	8.9559	8.8333	7.528	8.7906	7.5289	7.9717	8.0361	7.5038
EA_G__ACSL4	3.8905	3.2437	6.8678	3.2175	3.0199	8.1981	3.93	5.8474	4.9921	7.8339	3.2795	4.7223	6.0223	5.4391	5.9242	7.1514	3.1844	3.2448	6.4566	7.5506	6.3064	7.7862	4.3467	3.4318	6.5727	8.0383	3.8174	6.3426	4.0514	3.2697	7.359	6.9283	7.5937	6.0038	3.4226	5.8348	4.7256	3.5077	3.3705	5.1109
EA_G__PPAPDC1B	6.7988	6.7719	6.5795	7.4609	7.6138	8.1184	8.4847	5.9723	7.2835	6.7645	8.4434	7.5461	7.6034	6.7695	6.515	6.2917	7.9819	7.1062	6.6868	7.8694	5.7329	6.6646	6.65	6.7462	7.3495	6.6301	8.1141	7.7679	7.2382	6.6002	6.8594	6.7839	6.4509	8.5883	9.0955	9.4031	8.0144	7.6513	8.7271	8.6681
EA_G__RNF145	8.2864	8.9906	7.8601	5.9042	6.4469	8.2399	3.6986	8.1927	6.4509	8.8975	4.383	6.8288	6.957	7.388	7.931	8.2957	7.1362	6.8248	7.964	8.0655	8.2727	9.2999	7.2541	5.8841	8.7718	8.5754	5.0477	9.0789	5.5689	8.0365	8.8456	9.6135	7.7868	7.1606	8.1719	8.3063	7.5792	6.3729	6.331	6.4106
EA_G__LY6K	4.7598	4.7912	5.9445	5.0371	4.4493	6.2608	4.5636	7.6438	5.4813	7.4329	5.0743	4.619	4.7229	6.0532	5.3105	6.539	4.8457	4.6299	5.1488	6.6308	5.6369	8.7196	5.0864	5.319	6.7941	6.5263	4.8837	5.1368	5.6165	5.3571	6.0195	6.9862	7.0719	4.7227	7.4067	5.2135	5.0951	5.0453	4.7443	4.7605
EA_G__CDK5RAP3	8.0769	7.0657	7.0022	7.5364	7.9107	7.8547	7.8394	8.6243	7.1116	7.3997	10.176	7.8988	7.9888	6.9633	7.5531	7.1028	7.4433	7.9227	7.4204	7.2929	7.5687	6.8329	7.8635	8.8183	7.1384	8.1751	8.666	8.6379	8.04	6.512	6.8064	7.0335	6.9849	7.0939	8.8863	8.3218	8.1078	7.7401	8.6391	8.6733
EA_G__LEPREL1	5.7216	5.3689	8.7317	4.9851	4.4724	10.3012	4.557	8.9252	6.2886	8.0287	4.8272	4.6886	7.0575	7.3377	10.557	8.7823	4.979	4.9267	6.6553	7.275	10.0194	7.8041	5.1104	5.2716	7.7667	8.5047	4.5016	8.1409	5.3213	5.515	5.8187	7.5245	8.0967	4.9053	5.1145	5.3778	5.2092	5.118	4.9238	4.7824
EA_G__DNMBP	6.264	5.6061	5.9029	7.4671	4.629	7.5821	6.0355	6.771	5.1335	6.3707	6.1806	6.5786	5.9325	7.7479	5.3193	6.346	4.4996	6.2645	6.8332	6.0247	5.8245	7.7047	5.5747	6.2957	6.7426	9.5674	7.7793	7.3264	6.7295	5.3964	7.8646	5.9863	7.7632	6.7723	5.9044	6.519	5.1557	5.326	6.8578	4.9304
SNP__CES4	-0.627	-2.149	0.18	-0.004	0.161	0.179	0.089	-0.05	-0.2	0.091	2.452	0.254	0.626	0.919	0.504	-1.56	-0.316	-0.113	0.877	0.916	0.442	-0.133	-0.436	2.724	-0.074	0.245	-0.22	1.808	0.158	-1.816	1.372	1.53	0.026	-0.24	0.86	-0.145	-2.051	2.179	2.961	1.452
EA_G__HIST1H4F	9.3096	10.1766	6.6891	6.5893	6.1192	6.0342	6.9893	6.2196	6.8731	6.789	6.1668	6.2814	6.5782	10.2247	6.2046	6.3489	6.6103	6.7268	8.9075	9.4822	6.246	5.4877	8.2487	8.3599	9.5996	5.8309	6.5338	9.9472	7.8608	9.833	6.1433	5.8144	6.5602	6.362	5.685	6.2002	8.1842	5.9407	6.568	6.1126
EA_G__BRF2	6.6475	6.2276	6.4428	7.0071	9.4145	7.2164	7.8488	7.1488	6.7196	6.3591	8.1825	7.3209	8.0953	7.5814	6.3615	6.3304	7.0358	7.0131	6.7187	8.2402	6.0198	6.7729	6.6952	6.6157	7.437	6.5626	8.153	6.7856	6.8661	6.5485	6.3313	5.8399	6.6518	7.0016	8.8859	8.022	7.1646	6.5129	7.7892	8.2845
EA_G__C1orf218	7.4242	6.7585	6.6478	7.7296	7.8377	4.8299	6.1538	5.7539	6.1505	5.7112	7.0907	6.9728	6.1713	6.676	6.6411	6.7272	6.9322	7.6856	6.7783	5.7804	8.1156	5.8114	6.2471	6.7206	6.1616	6.2937	7.1937	7.2887	9.2348	6.5456	5.1798	6.2832	5.6584	7.7131	7.6903	7.2075	6.4256	7.7697	8.9776	10.3715
EA_G__NPR3	5.053	6.2791	4.3066	8.8301	6.5755	7.1153	7.7103	6.7764	7.8595	9.2488	4.0526	4.1831	4.8551	4.542	3.9992	4.2357	7.6376	8.6244	6.8258	8.5735	8.2467	7.9171	4.6729	4.8031	8.9189	4.4893	5.0461	4.2088	5.8023	6.4772	4.3789	4.7253	6.205	5.898	4.3344	4.9976	4.9285	4.4669	5.0264	4.4551
EA_G__CMTM7	7.8658	5.9188	6.2141	7.1049	5.3678	7.6197	5.935	8.8032	7.0911	8.1796	5.1804	5.5291	8.2411	8.1877	7.9604	5.5399	5.3654	5.849	8.9538	7.5776	8.2734	7.6982	6.3971	5.7649	7.7657	8.3036	5.4139	6.5478	6.1254	6.2854	8.5469	7.8743	7.6306	7.0904	5.7507	6.2845	7.1193	7.5985	5.557	5.7201
EA_G__S100A2	4.9938	4.9619	5.4168	4.3304	4.8145	6.0816	4.8565	9.6017	5.8766	6.2329	4.4923	4.5089	4.6254	9.9432	7.9132	6.2996	4.9466	5.0789	9.6456	6.3764	7.9301	5.4236	4.7519	4.6769	6.233	5.8	4.2069	4.6835	5.3593	4.8616	7.3285	8.6077	6.9381	4.8188	5.1131	5.1742	4.6866	4.7369	4.5623	4.7572
EA_G__DSE	6.5087	4.9218	7.4749	5.6022	4.7233	8.355	4.9347	7.6562	6.4394	6.6805	5.0587	4.8985	7.5324	6.6408	7.9313	5.3415	5.3874	7.9374	7.4554	7.7246	8.003	8.3474	5.6499	5.7104	8.2435	7.6652	6.1001	5.1929	5.5859	4.9368	7.761	8.7834	8.6778	5.2952	5.4813	5.2387	5.0241	5.9327	4.7765	4.927
EA_G__WHSC1L1	8.2211	7.3636	8.0191	7.5646	8.6371	8.6315	9.4188	7.6437	8.5728	7.8112	8.2073	8.4367	8.4292	7.9034	7.5394	7.3496	8.0128	7.92	7.4006	9.3632	6.8412	7.8864	7.3858	7.3099	8.5908	7.543	8.563	7.8817	7.3956	7.3029	7.3875	7.5827	7.7311	8.1722	8.6743	9.7484	7.8569	8.2919	9.1075	8.918
EA_G__BST2	8.4769	6.3047	8.0706	4.4654	8.9227	4.6655	7.9335	5.4972	8.8686	4.3777	6.0733	7.9336	8.705	5.4719	8.4786	7.8429	7.819	4.5329	5.7838	4.2178	9.7105	5.6067	6.2145	5.7087	5.6229	4.88	4.5129	7.7721	8.045	4.8064	4.4884	8.2782	7.314	8.1446	8.8466	7.2096	7.1554	5.081	7.4286	8.4525
EA_G__SLC9A3R1	10.8284	10.4111	9.8632	10.9597	12.1339	8.7121	11.6704	8.938	9.3166	7.8985	11.4576	12.2228	9.8097	9.4062	9.2397	9.4918	10.8515	10.1126	9.0002	8.2983	10.211	7.7047	11.5891	11.5335	7.5431	9.0363	12.6162	10.3807	11.9228	10.702	7.9923	8.16	8.1862	10.5458	9.9597	10.2024	10.9276	11.5295	11.3238	11.858
EA_G__FLJ33790	6.6866	7.7222	7.3971	7.557	7.2318	6.5064	8.2235	6.9082	6.9404	7.3245	6.6492	7.3755	9.4994	6.7278	7.2245	6.7675	7.8922	7.2427	6.7291	6.6399	7.2212	6.2331	6.5074	7.7906	6.9103	5.9928	6.5489	6.2324	9.313	7.5911	6.9989	8.1377	6.4363	6.4097	8.3494	7.2226	7.5509	8.5104	7.5982	7.5542
EA_G__WNT5A	4.2203	5.7588	8.2415	4.3574	4.0287	4.6156	3.8004	4.9342	4.0127	7.1312	3.588	3.8275	4.9674	4.6742	6.1426	5.2261	4.0126	8.387	5.6833	8.2455	5.7529	9.2519	4.0882	4.4068	6.9374	5.785	4.2147	5.1055	4.6322	7.5613	6.4118	6.8442	7.2737	5.3906	5.0865	4.6946	4.6565	3.9395	5.703	4.3353
EA_G__DCBLD1	8.0507	7.3596	8.504	6.569	5.4158	6.654	6.1741	7.8853	7.573	8.619	7.2112	6.2603	8.716	7.3743	8.3283	9.1338	6.5455	9.7068	8.8283	8.211	8.1033	9.1712	7.6008	7.0742	7.9422	9.4711	7.2718	7.6412	7.4242	6.6999	8.6572	10.4023	9.4362	6.8646	7.1366	7.0277	6.9867	7.219	6.199	6.7029
EA_G__PLAUR	7.9049	6.7309	7.8258	6.0771	6.1861	8.4203	6.2934	9.2084	6.8231	6.865	5.7579	6.4228	5.9058	7.5242	8.1222	8.9373	6.4397	7.2079	8.2427	6.86	7.5313	9.1235	6.3205	6.2248	6.8885	9.49	5.3804	6.6653	6.2359	7.1679	8.7702	7.8366	7.568	6.2077	6.9525	7.3476	5.9986	6.1998	6.0948	6.4607
EA_G__FBN1	4.0325	4.4696	3.7873	4.3114	3.7441	9.1291	4.5158	3.9745	4.8806	9.1111	3.8068	3.7206	3.7491	5.0767	5.1934	3.7998	4.1794	3.9682	4.7343	7.9714	4.2928	10.7199	4.1196	4.204	8.9657	7.4142	3.7385	3.8478	4.9919	5.3032	8.5241	4.622	7.1987	4.0836	4.0056	4.4269	4.0175	4.0932	4.4051	4.1226
EA_G__B4GALNT3	7.1092	6.9649	5.6312	6.0981	8.3395	5.8707	5.7563	6.8101	7.5583	6.3181	7.2793	9.0251	6.5173	7.1681	7.1566	7.3057	6.2612	6.8762	7.7833	5.8952	8.2248	5.6841	5.8718	6.0511	6.0185	6.8599	6.3605	6.1138	6.6364	6.1034	5.842	7.6391	5.9322	5.8952	8.1763	6.2917	6.4298	7.3841	6.1195	6.4727
EA_G__PDCD4	8.7451	7.2221	4.9274	9.1525	9.6114	6.9065	9.7468	6.4642	9.1019	7.7495	8.5973	10.2921	6.4907	5.6176	6.6294	5.985	8.6672	8.9419	5.47	6.8651	7.9542	5.877	8.1806	7.8868	6.0254	8.695	9.6332	10.4832	8.1844	6.4457	7.2904	6.741	5.8866	7.7702	8.4289	7.9408	8.9593	9.1703	10.8018	10.2493
EA_G__ABCA12	4.3109	7.364	7.1095	6.8238	7.0373	3.3572	3.9202	3.4709	3.3851	3.4184	8.1267	8.8693	3.3669	5.5671	6.1363	6.2983	5.5426	6.998	4.6112	3.2091	5.7931	3.2291	6.2715	9.5323	3.1101	3.3908	10.1166	5.9646	7.5299	8.0032	3.6763	5.1243	3.733	6.1352	9.0577	7.3809	7.9179	9.511	9.895	8.4165
EA_G__LRIG1	9.1612	8.4644	7.5392	8.7042	8.5962	7.0764	8.4047	7.6769	8.3325	7.3526	9.3453	9.2857	7.6133	6.3691	7.9605	7.5204	8.2662	9.2238	7.7319	6.9662	7.6377	8.0083	7.897	7.9151	6.6753	7.0332	9.4991	6.4779	9.8144	7.5698	6.9521	7.7575	7.6009	7.4641	8.9085	8.3308	9.4649	8.0402	8.882	9.1154
EA_G__SLFN5	6.3551	4.5627	3.6113	7.9279	3.3937	4.6782	3.8517	6.4659	5.4428	6.1726	3.1811	3.7721	5.7445	5.5597	6.1661	8.0224	5.4493	7.6382	6.6715	5.8769	5.0148	6.1858	3.8609	3.6344	5.5046	5.5264	7.019	6.8036	5.2233	5.1094	6.6307	6.8766	6.7561	6.619	7.6172	5.8034	6.9799	3.166	3.9379	3.9261
EA_G__ATP7B	6.2045	5.8567	5.7373	8.4859	7.6758	5.5861	8.0376	6.1909	6.562	5.3359	7.9776	9.3079	6.3782	5.2183	4.7565	5.8059	7.0642	5.7551	5.9086	5.888	5.2875	4.8425	6.5883	6.4678	6.1273	5.1534	9.4854	8.2401	5.8082	6.645	6.3643	5.7143	5.6434	6.7281	6.2771	6.1749	6.2514	9.3683	7.6427	6.5602
EA_G__SERPINE1	5.4251	5.8986	5.9074	5.4065	5.5036	5.6132	5.2081	6.988	5.5114	5.7937	5.0759	5.1916	5.1886	7.6995	7.0332	7.2798	5.9422	5.2755	7.7287	5.7854	5.5744	11.9346	5.8429	5.6226	6.3332	10.2428	5.0146	6.1282	5.9937	7.8398	8.1438	5.5569	11.8792	5.5559	5.6639	6.5275	5.4098	5.4253	5.331	5.4464
EA_G__EFHD1	9.6927	10.4897	6.7838	10.8877	11.0855	6.4363	11.3552	8.4531	10.9246	7.5588	10.9769	10.5969	8.0806	6.5687	7.1335	7.0749	11.1351	10.7681	8.1233	6.512	6.812	6.1904	7.6784	9.8691	6.8011	7.1188	10.1568	10.3331	10.1827	10.9819	6.6063	7.3525	6.5382	10.5168	10.3753	10.2061	10.8369	10.3846	11.0058	9.4912
EA_G__SLFN11	4.0289	7.3239	5.1422	3.4401	6.6335	8.8063	3.6834	6.7822	4.9182	3.8921	3.64	3.5673	3.7837	6.9671	3.7642	3.9415	3.8847	6.6266	3.7182	8.7167	4.0784	3.9653	4.2244	3.8785	5.043	3.6201	7.8717	3.9968	4.9768	6.6291	3.8912	4.3298	8.1337	4.0513	4.9569	8.2407	7.1963	5.6434	3.6617	3.6138
EA_G__PNPO	8.7882	8.1562	8.3341	8.2753	8.9159	7.7222	9.2247	10.6234	7.8616	7.9387	11.3371	8.8667	8.2731	8.2194	8.6054	8.5096	9.0508	8.3666	5.1365	8.9765	8.508	8.3284	9.3787	9.8038	7.5153	8.4429	9.8215	8.2369	9.3371	8.0346	8.2333	8.4208	8.7819	7.4562	8.8604	9.2944	9.1859	8.9543	9.8133	10.073
EA_G__EPHA2	9.1154	8.5414	9.6508	7.3461	6.8444	9.4567	7.1665	8.6973	7.4528	7.6542	8.0337	6.4815	6.9884	9.9389	10.0314	10.1517	7.8157	8.3948	9.354	9.0916	8.7865	9.6476	7.7947	7.5449	9.4881	10.4042	6.9463	7.1418	7.4838	8.3671	8.6969	9.6151	9.4186	8.7254	8.4036	7.5725	7.0417	7.2961	6.8289	7.5115
EA_G__FXYD5	9.087	8.4722	10.1501	5.1452	6.8194	10.3061	5.212	9.9677	7.5861	9.9666	4.9676	5.8157	8.678	10.7836	9.0929	10.6352	5.4508	7.316	9.7402	8.2865	10.1781	9.7392	5.3102	5.5668	10.1368	9.7893	5.2174	5.9207	8.6977	8.8892	7.4253	9.2964	9.4217	8.919	8.5269	5.7418	8.3542	7.2186	5.8579	5.2807
EA_G__ICA1	6.8007	4.2391	5.5241	7.7109	6.3638	4.2132	7.1927	4.9716	5.9258	3.7922	7.0962	6.1191	4.2211	4.1324	4.8164	5.9834	7.7682	6.8093	5.7834	3.9633	4.0011	3.8101	6.8677	7.0587	4.0082	5.9475	6.8185	5.8066	6.6253	6.7251	5.4292	5.8257	4.0589	6.974	7.7989	6.9839	7.286	7.3446	7.8273	7.4766
EA_G__MMP2	4.619	4.7727	4.6578	4.5862	4.3656	4.9219	4.4867	7.6929	5.7732	10.9422	4.4826	4.4733	4.9088	6.0595	5.4077	5.6186	4.9253	4.9941	4.6012	7.4544	5.7767	10.3265	5.0395	4.9834	9.8229	4.6176	4.5248	5.481	5.6996	5.2895	9.6213	7.411	9.4531	4.7076	5.1615	5.1411	4.8119	5.1935	4.914	4.563
EA_G__SYDE1	6.3871	6.1369	6.3992	6.3616	5.8841	8.4653	5.4574	8.3258	6.6153	7.9902	5.8161	5.3023	6.2033	6.9579	7.0087	6.4074	6.6718	6.1217	6.9318	8.2904	7.7112	8.9081	6.0991	6.2731	8.7207	8.9894	5.7382	5.0994	6.1707	6.551	8.0444	7.0048	8.2118	6.1916	5.8197	5.9689	6.0967	6.1051	6.3412	6.0907
EA_G__ODC1	8.2896	10.465	9.5627	8.3575	7.6785	9.4687	9.336	10.0973	10.0351	9.0722	8.0106	7.8639	10.349	10.8011	10.2312	9.4858	9.4118	11.5169	10.2391	9.2002	8.7508	10.8136	10.032	8.9614	9.2352	10.9698	8.5127	8.4729	8.582	9.2004	9.8319	9.299	11.1664	9.3759	8.589	10.2758	8.5891	8.4029	6.8497	8.8356
EA_G__HOXC10	4.74	6.9683	8.1828	7.8332	9.4461	6.9178	5.1939	6.9379	5.1428	7.1737	8.5486	5.3777	8.2195	7.3622	7.208	7.7071	8.2843	7.6059	7.2768	6.7651	7.9149	6.8844	6.6844	5.3594	6.5243	4.9652	8.4344	8.7743	8.7311	6.6801	6.7435	7.9778	7.779	9.1746	7.9355	8.816	8.9938	8.9917	9.3653	8.1466
EA_G__DEGS2	10.094	7.8298	7.062	10.9171	11.1362	6.9738	11.1875	6.9282	7.169	7.3682	7.8178	11.8243	7.0946	7.2195	7.4204	7.132	9.2692	9.1281	8.1767	6.9468	7.466	6.9471	8.7706	10.052	7.0186	7.0805	9.9454	11.6743	10.5058	8.2788	7.3888	7.2168	7.1113	10.6843	10.3998	9.5285	10.7139	10.7919	11.6494	11.3238
EA_G__FN1	5.8877	6.6198	8.3686	4.0288	6.9699	9.8478	3.7438	6.8731	6.5156	11.9001	4.4044	8.4649	5.1783	6.5823	5.5249	6.3209	6.4661	8.3059	11.3179	10.8315	7.74	12.354	8.0092	6.6245	11.7706	8.224	6.684	4.5648	4.8693	9.218	9.6008	10.5618	11.1685	7.1705	4.5006	7.7977	7.2817	8.5263	5.625	3.9594
EA_G__FRMD6	6.6327	4.9002	6.7991	5.8569	6.512	8.4921	7.1865	7.9292	7.2846	7.5991	5.8319	5.2792	4.6289	7.4696	7.3778	7.3328	5.4074	5.7482	7.2501	8.1602	5.44	8.0414	6.187	6.0322	8.9032	8.4847	5.2365	6.2746	5.5398	4.9049	7.829	6.5761	8.0209	6.1144	6.2193	5.4363	4.5013	5.7171	5.2584	5.2336
EA_G__CDC42EP3	9.0257	7.1684	8.2816	6.4466	5.5439	6.0591	5.2021	8.6114	5.8992	7.0122	6.1762	6.0531	6.2691	8.2591	7.7353	7.5788	6.1763	7.0087	7.4932	6.3863	6.5898	9.4579	5.4725	5.3958	7.5972	9.2612	6.0781	7.1779	5.7903	7.6114	6.5633	7.1839	7.8793	6.2241	7.028	8.4548	6.881	6.5467	5.3772	5.4262
EA_G__CREB3L4	8.1311	8.1722	6.239	8.8266	8.2267	5.1526	8.4914	5.7882	5.6323	6.0428	8.1729	6.4823	6.4278	5.55	5.5635	6.0272	8.4488	7.1548	5.7115	5.4265	6.6527	5.4111	6.6146	7.3017	5.3083	5.5882	7.768	7.4532	8.0278	7.7082	5.6583	5.9138	5.4051	7.0025	7.9691	7.4838	8.0176	7.745	8.8611	8.2783
EA_G__RECQL5	6.3866	5.9241	6.0982	6.0967	6.7977	6.1105	6.3339	6.1693	5.8448	6.5609	6.5268	6.6407	6.1679	6.2175	6.1243	6.0609	6.8126	6.1575	6.5895	6.5771	6.3722	6.0161	6.9088	6.9666	6.6794	6.0628	7.0021	6.1281	6.3826	6.4489	6.5105	6.0787	5.9867	6.2323	6.493	6.191	6.7539	6.5892	6.812	6.8478
EA_G__PDLIM4	6.3468	6.5293	6.2511	7.1997	6.0704	6.2219	6.1313	7.301	7.815	6.5161	6.2182	5.9288	6.1434	7.481	7.1811	6.1103	6.0078	6.187	6.2728	7.7514	7.6157	7.0196	6.4254	6.4202	5.8866	7.9411	5.9933	8.7632	7.0234	6.5909	6.332	6.5471	8.3351	6.3504	6.1832	6.7261	6.1563	6.9223	6.2421	6.277
EA_G__EPN3	8.6199	8.2278	8.0466	9.6436	8.7561	6.3758	8.069	7.4293	7.116	6.3802	8.672	8.7373	8.1351	7.9438	6.843	7.7746	10.1126	7.7472	7.1172	6.3093	7.9575	6.3471	8.673	8.446	6.1877	6.2349	9.6115	8.2606	8.6589	8.2641	6.6755	7.3269	6.6283	8.2206	7.2364	8.4764	8.7652	8.4147	8.8978	8.7596
EA_G__DPYD	5.7967	5.64	5.7553	4.3788	4.2825	8.3159	4.2017	7.8062	4.2855	8.8549	3.9347	4.0726	5.0063	6.1143	9.4525	6.9179	5.538	4.5943	4.9597	9.4643	8.6987	8.286	4.1438	5.5058	7.1156	8.739	4.3333	7.724	5.5622	5.8884	7.8689	7.0905	7.6585	4.0732	6.6423	6.7683	4.2669	4.0758	4.0451	4.3467
EA_G__ERBB2	9.7997	12.3532	8.5748	12.3566	10.2935	7.7806	9.1247	7.7491	8.9829	7.1261	12.6526	8.5876	11.3467	7.4832	7.6512	12.3708	12.1521	10.2349	8.7512	8.1322	8.6875	7.0841	8.5271	8.7417	7.9542	7.3805	11.4924	9.0715	10.6304	12.0992	8.1194	7.4859	7.6326	8.7176	12.6826	8.6454	9.1608	12.2493	10.0611	9.751
EA_G__EGFR	7.0647	8.2975	10.5214	7.0644	5.2572	8.4673	4.4568	8.684	8.52	7.7874	4.1842	5.2693	6.4645	8.6796	8.6335	8.7636	6.7396	8.5062	8.3438	6.3164	8.6417	8.6737	5.6004	4.6993	8.2983	9.1647	6.6811	4.4528	5.0546	8.2905	7.1305	9.1228	7.7843	5.1254	6.712	4.8298	6.2005	4.4951	6.3168	5.4392
EA_G__SRPX	4.8418	3.8166	4.7162	5.1588	4.2865	4.4735	4.0039	7.2853	4.7073	10.396	4.3236	4.6318	9.3757	4.3267	4.0548	5.2999	4.2515	4.527	5.7129	5.7652	4.6263	6.3779	4.5545	4.5687	6.9883	5.8279	4.3906	5.7889	4.9086	4.3626	10.949	6.1023	9.3259	4.8527	4.4114	4.3412	4.962	4.12	4.6042	4.6542
EA_G__SRPX2	4.1973	4.7095	7.9005	4.3877	4.2742	4.2844	4.0862	5.4767	4.4034	6.441	4.0076	4.3344	4.1716	5.7482	7.5426	8.5976	4.5518	5.2662	6.331	6.7143	9.6519	7.1681	4.5453	4.3283	4.4019	5.4315	4.1632	5.0324	4.908	4.8403	6.884	6.2682	6.3809	4.7994	5.0401	4.7459	4.5637	4.38	4.4076	4.1805
EA_G__STRA6	6.7414	6.289	8.1692	5.4803	5.5155	5.7664	5.3015	5.2021	8.3085	6.2458	5.2694	5.3811	5.311	5.6253	6.1813	6.659	5.7231	6.7091	6.389	6.6861	8.5028	5.7136	5.7998	5.8201	5.747	5.6188	5.2515	5.3631	6.3975	6.4701	5.314	7.4427	5.6336	6.0435	5.6735	5.8389	5.8468	5.7931	5.6851	5.5958
EA_G__MYST3	8.1225	7.2101	7.5827	7.9023	8.8491	8.2654	9.4978	8.2803	8.4163	7.4617	8.2893	8.3112	8.4965	7.9237	8.1024	8.7314	8.6497	7.8195	8.2078	8.2801	6.3291	7.8467	7.5357	7.2349	8.357	7.765	8.557	7.5893	8.0318	7.2941	7.2059	8.1683	7.7478	8.3676	6.4999	9.0857	8.3661	8.4175	9.0079	9.0507
EA_G__IGFBP2	8.5819	7.265	8.5701	9.2045	10.6598	5.7406	9.0647	7.9946	7.7249	6.7037	9.6491	9.7208	8.1824	6.5365	7.6499	7.3055	7.1166	7.7549	8.2099	5.7756	6.114	6.1845	8.9304	9.2132	7.7601	5.934	10.1046	8.3743	9.0101	6.3136	5.7437	6.0489	6.0078	8.2235	7.9551	8.6306	8.9587	9.4836	8.4837	9.1231
EA_G__NRAS	8.8555	8.6798	10.3366	8.779	8.7419	10.1321	9.294	8.8577	7.8488	8.7858	5.968	8.8714	5.4055	9.1916	9.9501	8.9914	9.1434	5.3664	9.5788	10.417	8.7148	9.4073	10.6152	11.0763	8.9749	10.0815	8.4322	7.5223	8.2559	8.7267	9.918	9.3361	9.5803	5.4178	5.0209	8.1186	8.3406	5.1291	5.3785	4.6904
EA_G__TFF3	9.2227	5.933	5.6996	10.0034	10.7125	5.7698	6.0317	5.2869	5.5149	5.2225	11.1718	9.6618	5.4121	5.8319	5.6036	5.5634	8.4004	6.5691	5.6123	5.5181	5.8234	5.3069	7.253	7.5253	5.1884	5.6698	10.8538	8.3961	6.3143	6.2639	5.6818	5.5285	5.7962	10.7256	6.6908	7.1122	7.4428	11.8709	7.4014	9.3846
EA_G__C17orf28	9.3617	9.729	7.4386	9.6197	10.0389	5.5952	9.5722	6.3666	6.9129	5.2734	10.3721	9.0304	5.4402	6.5831	7.025	7.3859	10.3392	8.2773	7.1557	5.8027	7.1023	5.3634	9.1167	9.277	5.3589	6.1912	11.1353	8.8997	11.0475	9.6716	5.6045	6.3796	5.9321	9.479	9.5063	9.3071	9.6105	9.9773	10.4072	10.4021
EA_G__C9orf52	5.4336	6.3541	5.4953	4.4137	7.8017	5.4187	5.4913	5.2176	6.1326	4.9922	7.0446	6.233	6.1965	4.829	5.2363	8.3683	7.254	5.0067	6.3737	6.5044	8.2294	5.0142	5.7081	6.4979	5.6911	5.3056	5.1317	5.4161	4.8514	5.5256	4.9481	6.4278	4.239	7.2634	7.006	6.6735	7.4269	6.4038	6.5127	6.1107
EA_G__KIAA0040	7.8069	7.4789	6.7956	8.0575	9.0121	3.8	8.4048	6.4704	6.2146	3.5663	7.7336	8.3521	5.6685	8.0741	7.745	7.301	7.8004	6.8134	6.2849	4.5853	7.7369	4.0879	6.7133	6.7455	4.2463	4.9457	6.8716	7.5622	7.7957	7.5472	3.741	6.2459	5.6792	7.6424	7.7124	8.7967	7.0601	8.0289	7.7549	6.7365
EA_G__IRF6	9.1696	8.0282	7.5604	8.1633	10.1843	3.8128	9.1797	10.0554	6.7037	4.5638	8.2055	9.4594	8.5462	9.872	9.6737	8.8168	8.5601	8.441	8.7425	4.26	8.7031	4.1966	7.1606	7.4177	4.2715	4.6084	8.7099	9.4025	8.2687	8.274	4.6999	8.2688	5.0442	8.089	8.7285	9.079	8.3038	7.8424	9.1979	8.3068
EA_G__SERPINE2	4.0868	4.5291	7.1362	5.0367	4.5921	8.5856	4.3339	6.6648	6.196	10.0503	4.0924	4.3624	6.511	6.4522	5.0436	6.2877	4.351	4.4667	7.9244	5.5267	4.4716	8.6674	4.8736	4.5462	7.5002	6.157	6.2779	4.8582	4.7758	4.3674	6.3207	7.4697	5.5084	4.4828	4.7034	4.6027	4.4743	4.4909	4.3197	4.6893
EA_G__FAM77C	5.5986	5.2746	5.141	5.8177	9.2404	6.2285	6.2276	5.3808	8.9727	5.7255	5.6698	8.9535	6.7136	5.356	5.6356	5.4778	6.8957	5.3006	5.5056	5.3072	5.7193	5.0108	6.0272	7.3493	7.2011	5.2503	6.1178	5.1351	6.0575	5.6643	5.5834	5.2124	5.4421	6.2118	6.579	6.0491	6.0703	7.1372	5.5503	5.5351
EA_G__TSPAN13	8.9952	9.6423	8.1642	10.1182	9.6628	5.2331	8.9285	7.1263	8.3643	6.2564	10.0071	9.488	7.0469	8.4981	8.9186	8.9	10.0359	9.8295	7.9678	6.1771	9.4757	4.5718	8.6216	9.4154	6.6857	5.7384	9.4215	9.7858	9.0558	9.2686	9.1487	6.0293	5.9884	10.2356	9.635	9.965	9.7869	9.9264	9.7648	9.4508
EA_G__GYG2	7.8871	7.1576	5.0908	6.2027	6.4853	5.2693	5.7758	5.0278	5.4435	5.294	6.8818	5.6047	7.0613	5.6904	6.3938	5.9091	5.2829	6.7178	4.9633	6.8701	5.4592	4.9197	6.1102	6.7559	8.9014	5.5224	7.9013	5.0136	6.0633	5.6047	5.4549	5.4488	5.136	5.1981	6.3422	5.6961	5.9374	7.7537	7.8063	7.0443
EA_G__LOC100049076	7.0936	7.0762	6.7879	6.3557	7.0575	6.2671	7.8785	6.241	7.2365	7.6562	8.0347	8.0606	7.9715	6.8279	6.8261	6.4388	6.8744	6.2467	7.4016	6.368	6.2444	7.2473	6.6934	6.7555	7.1619	7.0123	7.754	8.6545	6.3745	6.662	6.4034	6.3731	7.1051	8.438	6.6784	8.4421	7.3706	8.4095	8.8073	7.8687
EA_G__CTGF	7.8838	7.0133	5.9156	5.884	6.0218	9.3777	5.681	7.7782	6.5942	7.1026	5.7885	5.882	8.7018	6.664	6.8898	6.9109	5.8146	7.1419	8.6485	7.6684	6.5018	10.62	6.0448	6.3716	7.6168	8.8141	5.7406	6.065	6.5061	6.6274	9.1454	7.3645	8.134	6.5749	6.6338	6.6145	6.0636	6.0606	5.9837	6.0465
EA_G__ZNF552	7.4897	6.2846	5.0135	6.6113	8.7231	5.7557	7.2646	5.9294	6.3298	5.1079	7.3401	8.9754	5.1354	5.9876	6.8188	6.4273	8.1867	6.7368	5.6621	6.2769	5.7796	5.5615	5.8853	5.7611	4.8218	5.4258	7.2799	7.4622	5.5762	6.7348	5.4915	6.2575	5.7401	8.0396	6.6779	6.4069	7.702	7.8214	5.5955	6.8744
EA_G__ASH2L	8.3695	7.5032	8.8317	8.7541	11.3249	9.0738	9.9881	7.9064	8.8671	8.6079	8.9691	8.9276	9.3402	7.9872	8.3893	7.9697	8.5692	8.6524	8.3482	9.6057	7.7414	8.9074	8.2283	8.1755	9.0545	8.812	9.2976	8.2044	8.7109	7.7592	7.9237	8.0788	8.1687	9.0115	8.2323	9.8576	8.6394	8.8618	9.9775	9.9512
EA_G__IGF2BP3	3.6624	4.2122	8.2012	3.8851	3.6266	4.6605	3.6779	7.2037	4.1296	7.5191	4.0699	3.6299	7.7252	8.3337	6.971	7.5306	3.9006	4.3622	6.5162	8.1443	7.9738	7.2336	4.1652	4.2482	8.6283	7.7226	5.4133	4.7006	4.2992	4.4079	8.7171	4.3408	5.2561	3.7931	4.4225	5.3115	4.8538	3.948	3.8747	4.3159
EA_G__ADM	6.4321	7.8699	8.2549	6.7316	6.3919	9.2873	6.4248	8.2428	6.6451	7.5044	6.2464	7.0564	6.6729	7.9741	8.8778	8.7503	7.8693	7.2347	7.2128	7.2707	6.52	10.4389	7.4329	6.5314	8.6667	8.0916	6.7527	7.0205	6.9918	7.7146	8.0335	8.0033	7.3379	6.5653	7.3322	7.1694	7.7755	6.1965	6.2225	6.2827
EA_G__MME	3.7488	4.2193	3.9441	5.8745	3.8299	5.8503	3.7392	4.4121	4.1589	5.4356	3.8361	3.8756	4.0762	4.4176	7.8495	4.8749	5.7301	3.9929	4.2718	10.0839	9.1142	5.8842	4.1751	5.6371	10.2583	4.1547	3.6984	3.8362	6.2662	4.2118	10.1735	8.6152	7.2612	4.1969	4.1179	4.223	3.8639	3.7725	3.6667	4.0496
EA_G__RND3	10.1573	7.8999	8.9547	6.1271	6.4514	9.3787	6.5605	9.1991	7.1835	8.7782	9.0163	5.1647	6.6321	8.5989	9.4839	9.9065	8.1357	10.6716	9.4119	9.059	9.3223	10.8501	8.1155	8.1217	9.0663	9.5673	7.2105	7.5672	7.4692	7.9216	7.9453	9.0072	8.2004	7.6541	8.8924	8.1492	7.8509	4.3407	5.9197	5.8057
EA_G__MPP1	4.6323	4.6149	5.5659	4.1933	4.53	7.3661	5.2864	5.9491	6.1238	6.5432	4.0628	4.851	6.9422	6.5674	5.376	4.4365	4.4762	5.2199	6.7918	7.3067	4.5936	7.6194	4.6365	4.6134	8.3037	7.4557	4.1565	6.2867	6.0077	4.7191	7.4905	6.8069	8.2609	5.4014	4.4879	6.8111	6.0661	4.9223	4.6406	4.793
EA_G__LTBP2	6.4939	5.7345	6.5526	5.8484	5.7214	5.8612	5.9966	7.2573	9.4343	6.9893	5.5716	5.7214	6.0676	6.8141	6.828	6.5184	5.9301	6.3254	6.36	8.5798	6.1362	8.6763	6.3948	6.1604	8.5092	6.5464	5.7252	5.5235	6.3771	6.142	7.3028	6.7043	6.306	6.5798	6.8782	6.3072	6.3083	5.977	6.2503	6.0799
EA_G__SYCP2	7.275	5.8983	4.4894	6.4484	7.8828	2.9936	6.9637	8.0918	3.8402	6.6285	9.2616	7.9569	7.1003	2.8373	5.943	6.7598	7.9079	3.9092	3.2976	7.3214	7.2432	2.5679	6.2527	6.8523	5.076	2.5324	5.136	7.891	7.1419	4.9946	6.3317	4.3206	2.547	8.7546	8.0635	7.9788	7.4247	9.02	5.1181	4.4648
EA_G__PLTP	5.0073	8.5711	5.2753	5.2791	5.2349	10.3023	5.2284	4.7825	8.4926	6.2465	5.1712	4.9001	5.0077	9.6842	6.7248	4.9769	5.2512	5.1362	5.2193	8.4584	7.8778	7.0504	5.3973	5.4912	5.7376	5.4134	5.2568	5.2596	6.0475	9.1856	5.2902	6.5947	5.3555	5.1643	5.662	5.5689	5.832	5.2921	5.1842	5.1372
EA_G__KIAA1754	5.6979	6.2297	6.5357	5.8518	5.2852	6.9463	5.4686	6.2887	5.9089	7.0913	6.134	4.8143	5.9613	7.0933	6.3267	6.952	5.9693	5.6172	6.357	5.9586	6.7698	8.4302	6.1948	5.7878	6.2668	7.5315	5.084	5.6017	5.8272	6.0504	8.4361	6.3043	7.7256	7.0121	6.5976	5.8607	5.6484	5.4141	5.5	5.3359
EA_G__MAML2	5.1654	6.667	7.8134	4.6254	4.5892	7.6742	3.8292	7.95	6.2085	7.2799	3.5172	3.7807	8.8662	6.2387	7.5965	8.5358	5.4807	8.6942	7.8364	7.5118	8.6885	7.9423	4.9397	5.5006	7.8878	6.8569	5.7608	3.7884	4.3487	6.4097	6.6754	7.3799	7.2715	6.203	5.7587	4.7606	6.1689	4.2942	5.1283	4.2388
EA_G__INHBA	4.4157	5.1581	8.1871	4.5395	5.5901	8.8598	4.8232	7.3236	6.0828	7.322	4.2724	4.7245	4.8786	6.9908	6.3432	8.1192	4.7776	4.7682	7.6801	5.3617	6.0516	8.9587	5.1789	4.9393	8.3441	5.4346	4.3707	4.4921	5.5462	5.3421	4.2383	8.171	4.7614	4.6445	5.0442	5.0919	5.2185	4.3351	4.6254	4.2807
EA_G__PLAC8	7.5849	4.3784	5.5335	4.6404	4.3999	10.3303	4.3519	5.8883	4.8316	4.5305	4.5206	4.5626	5.6797	6.7942	9.6931	8.6522	4.341	4.9466	4.7212	5.0038	5.431	6.1799	5.5596	4.9022	8.1083	10.2787	4.2949	5.6506	5.2538	7.0254	5.0214	8.0194	10.047	7.6014	4.7039	7.0826	5.2624	5.1686	4.2791	4.7688
EA_G__LARGE	7.5776	7.6411	6.3724	8.2811	8.8172	6.4327	9.2071	5.23	7.0295	7.4912	8.5957	8.6586	7.3338	5.688	5.8935	6.4137	7.4822	9.0514	5.108	4.9343	7.5548	5.6162	8.0168	8.493	6.9842	5.0348	9.7924	7.8886	8.0502	7.5051	6.4651	5.3077	5.0334	7.6831	7.6621	6.5147	7.7088	8.4373	8.51	9.0378
EA_G__ERBB3	9.6684	9.5479	7.8567	9.4394	10.4453	4.3498	9.8292	7.4364	7.8742	4.4095	10.05	9.2441	9.4138	7.239	7.3572	7.9625	10.1738	9.7082	7.3935	4.2979	8.8706	4.0683	9.4649	9.439	3.9776	4.5784	9.6653	10.1482	9.5168	9.1277	4.1238	6.8843	4.2234	9.5831	8.8726	9.2288	9.7254	9.7608	9.5803	9.1455
EA_G__VIM	5.3344	5.158	5.9012	5.9379	5.5988	10.7977	5.4171	11.3817	8.0182	11.1534	5.2627	5.1136	9.4485	5.5819	6.772	7.9764	5.239	5.4915	9.8841	10.9289	7.2613	11.442	5.4061	5.6065	11.8277	10.3946	5.2262	5.1511	5.8853	5.6673	11.8249	7.839	11.273	5.4748	5.4106	5.6659	5.91	6.5815	5.3475	5.5621
