Cell lines	600MPE	AU565	BT20	BT474	BT483	BT549	CAMA1	HCC1143	HCC1187	HCC1395	HCC1419	HCC1428	HCC1569	HCC1806	HCC1937	HCC1954	HCC202	HCC2185	HCC3153	HCC38	HCC70	HS578T	LY2	MCF7	MDAMB134VI	MDAMB157	MDAMB175VII	MDAMB231	MDAMB361	MDAMB415	MDAMB453	SKBR3	SUM1315MO2	SUM149PT	SUM159PT	SUM185PE	SUM225CWN	SUM52PE	T47D	UACC812	ZR751	ZR75B
Response	1	-1	-1	1	1	-1	1	-1	1	-1	1	1	-1	-1	-1	-1	1	1	-1	1	1	-1	-1	1	1	-1	1	-1	1	-1	1	1	-1	-1	-1	1	-1	1	-1	1	-1	-1
EA_G__ARRB1	8.2889	9.278	8.6028	9.8252	9.1138	7.2888	9.9283	8.1013	10.1215	7.5478	8.8726	9.7235	8.7038	5.9949	7.766	8.4052	8.3822	9.0201	6.4387	7.4618	8.705	7.8793	8.548	9.302	11.1235	8.3332	10.9277	8.1342	8.6984	8.8635	8.7944	9.5879	6.4149	7.6542	5.28	8.8767	8.3635	9.7353	8.9914	9.19	7.8939	7.5003
EA_G__CD44	5.0643	6.221	10.4901	5.8402	7.147	9.4203	5.0229	11.129	6.7431	8.6542	5.9841	8.2408	10.1261	11.6066	10.3665	10.8891	4.2923	6.5189	10.2825	8.6214	8.932	10.7718	5.0212	5.5111	8.1534	9.6122	6.1197	8.8998	8.3912	8.3341	5.0009	5.3355	9.4761	9.5375	9.1489	4.4169	9.289	4.2538	7.4487	7.7525	7.9545	4.4431
EA_G__ETS1	3.8667	4.805	5.9815	3.8221	3.5321	9.1987	3.7611	9.7835	5.4674	8.8179	3.5174	3.7092	9.0214	8.4312	8.6336	7.6481	4.1411	4.2609	8.9186	6.6496	6.1098	7.8626	4.2242	4.1251	3.6311	8.5584	3.7782	8.8462	3.44	3.778	4.6855	4.7509	7.741	7.9709	8.314	4.3718	5.9158	4.288	4.0329	3.9583	4.1234	3.7159
EA_G__PPFIBP2	7.8433	6.5176	5.6898	8.685	6.6337	5.3909	6.8131	5.2124	6.2853	5.3868	7.7925	5.6154	5.8536	4.9366	5.4374	5.497	7.8702	7.7047	5.6356	5.98	5.7397	4.7978	6.5585	6.3397	6.9949	4.0523	8.1624	5.0389	7.4755	8.9514	7.7945	6.9673	5.7632	5.0592	4.8184	8.3164	7.5942	7.3962	6.0261	6.8366	6.9521	5.8403
EA_G__SLC24A3	6.1884	5.8567	4.866	7.6921	8.927	4.9069	8.2005	5.4026	8.4196	5.6591	7.088	7.3408	6.854	5.1651	4.81	5.1148	6.8799	7.4995	5.2071	4.6949	7.2516	7.5909	6.3113	7.6462	7.4927	4.6514	6.4122	4.8684	7.4147	6.5707	7.3839	6.6887	4.7718	5.043	4.925	7.853	6.2864	7.3459	7.4011	6.4345	6.9271	6.0728
EA_G__SERPINE2	4.0868	4.5291	7.1362	5.0367	4.5921	8.5856	4.3339	6.6648	6.196	10.0503	4.0924	4.3624	6.511	6.4522	5.0436	6.2877	4.351	4.4667	7.9244	5.5267	4.4716	8.6674	4.8736	4.5462	4.2566	7.5002	4.6258	6.157	6.2779	4.8582	4.7758	4.3674	6.3207	7.4697	5.5084	4.4828	4.7034	4.6027	4.4743	4.4909	4.3197	4.6893
EA_G__FOSL1	5.7631	6.0413	7.5462	6.1458	5.9209	7.919	5.8606	9.0589	5.8613	8.9972	6.4142	5.6608	6.5225	9.6121	8.7498	8.1476	6.1033	5.9831	8.443	7.8496	6.2968	9.5414	6.2276	6.2266	5.9202	7.7186	6.2518	9.0294	6.0945	5.7333	6.9064	6.1028	9.2315	7.675	8.8965	6.0134	6.702	6.2235	6.2177	6.1091	6.0999	6.6548
EA_G__TSPAN15	10.7984	9.8778	9.8263	10.9843	10.8123	5.9455	9.6871	8.6585	7.7059	7.1726	10.0108	11.304	6.5389	8.5996	8.2911	9.3744	10.6364	10.3737	8.5205	6.7083	9.9074	5.7659	10.1381	9.8403	10.1996	8.4957	10.7309	8.9092	9.9043	11.0955	10.7178	10.8031	5.8294	6.72	5.9083	10.8783	9.4913	9.7656	9.5826	10.1287	9.2614	9.4224
EA_G__ABCC4	4.0162	7.9015	4.1881	5.887	4.057	7.9337	4.8344	7.9145	4.1608	6.591	4.2718	3.7883	7.984	6.0505	5.8245	6.6924	4.4895	4.194	6.9176	7.1819	4.3603	7.2826	6.884	5.8639	4.3607	8.2748	5.4801	6.8775	5.2767	6.6107	4.9413	5.1307	6.5936	6.4059	7.3103	6.1696	4.4039	4.3086	4.4926	5.0538	4.9592	6.3257
EA_G__TMEM63C	7.9641	8.592	6.0696	8.7886	7.8238	4.5419	8.2991	4.5942	6.0379	5.3185	8.5746	8.1623	7.3653	4.9035	4.698	7.1967	8.3326	7.5247	6.3223	7.603	7.3911	4.2781	5.8289	6.3846	8.1346	7.6805	8.2487	4.4405	7.4794	8.0082	9.2885	7.5344	4.2336	4.6113	4.8724	8.902	8.7742	7.7339	5.4872	9.4194	7.6357	6.3547
EA_G__KIRREL	7.5887	5.9225	6.9042	5.6081	5.7258	10.3544	5.5244	9.7389	9.3978	9.7405	5.3224	5.3906	10.1946	8.1	9.2642	8.6382	5.5212	5.5174	9.3051	9.8443	7.0456	9.2853	5.8194	5.7806	5.2632	10.0757	6.4854	8.5703	5.2519	5.8751	6.4035	5.6421	10.2171	8.5799	9.3106	5.6723	5.8787	5.7361	6.8062	6.3514	5.7109	6.6927
EA_G__DOPEY2	8.2239	7.9457	6.5423	8.2781	7.6848	6.7292	6.8553	6.4959	7.261	5.4701	8.972	8.176	5.1726	5.2203	5.5628	6.4086	7.668	8.0014	5.6175	5.1986	6.0869	5.9919	7.9673	7.5194	7.1617	6.3299	8.384	5.0722	7.8844	7.5647	7.2843	7.5263	6.4388	5.1658	5.6352	8.4635	7.2463	8.5448	7.6241	7.9335	7.2307	6.2296
EA_G__TFF1	11.84	6.7837	4.897	11.4404	12.9215	5.4971	7.8702	4.3741	5.1241	5.0018	11.8255	12.4366	5.5277	5.3954	4.6693	5.167	7.8188	8.9703	4.6936	4.9862	5.1043	4.7645	11.9278	12.3462	9.3139	4.4746	11.1606	5.7316	11.3324	5.6288	8.5496	6.452	5.3551	4.8953	4.847	10.6487	5.5541	5.7562	7.7064	12.854	6.1027	12.0692
EA_G__EIF5A2	5.0671	6.2951	7.8413	5.3636	5.4876	7.0288	3.9816	6.5229	4.6112	6.4989	4.0049	6.0151	6.4365	8.0195	8.5671	6.6962	4.3065	4.1127	7.1292	7.9963	5.1445	8.1412	6.4023	6.2623	4.3311	7.3762	6.1378	6.8793	3.7667	4.1613	4.6846	5.9985	6.7265	6.2262	7.4626	5.477	4.3927	4.1756	6.6644	4.8266	4.4717	5.0973
EA_G__MGAT4A	7.1175	7.2337	6.1293	7.9405	6.6441	3.5648	7.0458	6.4377	7.0051	5.7811	8.3426	8.7133	3.9622	4.1821	6.597	7.0333	7.4289	7.2257	7.3125	6.0781	7.3453	3.4221	6.2895	7.3787	7.4632	4.2994	7.5161	4.4567	7.106	7.0817	5.7758	6.8743	4.1153	5.0296	3.4517	7.4609	7.7127	6.3828	5.6407	6.6198	5.7478	4.6306
EA_G__STARD10	8.7444	9.3189	7.1028	9.838	10.3464	6.9657	8.9884	7.0812	7.6816	6.3309	10.6337	9.9114	7.9561	7.2257	7.6626	7.4036	9.0078	9.147	7.3262	6.4872	7.4777	6.0307	9.734	9.5739	9.1011	7.4208	9.3232	6.2262	9.903	9.0237	9.6166	9.3077	6.0593	7.4425	5.9183	8.838	8.704	9.3903	8.7334	9.6701	9.2205	9.5445
EA_G__BCAM	9.8674	8.5352	7.2259	9.581	8.9707	6.2673	8.0224	7.1544	8.0057	6.9655	10.324	8.5515	6.7296	7.6049	7.9327	7.5802	9.5644	8.0228	7.377	7.7845	6.7104	7.3065	8.3757	8.9779	9.6798	6.5678	9.3828	6.643	10.3764	9.5041	8.8674	9.7229	6.3302	7.3465	6.1911	10.1589	9.4881	10.6832	9.4485	8.6028	9.8222	7.872
EA_G__ST6GALNAC2	10.2973	5.0291	5.516	10.3685	9.1426	4.5595	8.7228	6.5984	7.353	4.8036	9.9648	6.5371	4.6823	5.9709	5.9589	4.8008	9.0183	8.1178	5.1009	5.8811	7.4136	4.6967	6.3217	8.8799	9.8266	5.7877	9.9075	4.6438	11.3695	9.1258	9.9534	5.1063	4.954	6.391	4.6258	9.9215	6.6702	10.1722	9.3112	10.0639	10.5198	10.1631
EA_G__ADM	6.4321	7.8699	8.2549	6.7316	6.3919	9.2873	6.4248	8.2428	6.6451	7.5044	6.2464	7.0564	6.6729	7.9741	8.8778	8.7503	7.8693	7.2347	7.2128	7.2707	6.52	10.4389	7.4329	6.5314	6.9772	8.6667	6.6563	8.0916	6.7527	7.0205	6.9918	7.7146	8.0335	8.0033	7.3379	6.5653	7.3322	7.1694	7.7755	6.1965	6.2225	6.2827
EA_G__SLC7A8	8.5421	7.6746	4.869	8.8236	8.1028	5.042	10.6962	5.0441	6.3737	6.0296	9.5636	7.2944	4.7488	8.4816	5.2606	5.1604	8.3362	8.1148	4.7435	5.7111	5.5632	5.0076	5.3353	5.3922	10.8003	4.7921	10.2389	4.9899	10.2853	9.6818	8.7371	6.5396	4.8894	6.1091	4.9765	7.0086	8.4994	8.5397	9.0232	10.533	6.8407	5.1734
EA_G__PRKCDBP	4.8323	4.9869	6.6066	4.8024	4.8467	7.0079	4.9027	9.1517	5.7634	8.3214	4.4053	4.6242	7.4982	8.314	8.1819	4.8293	5.3299	5.4113	6.7699	7.3649	6.0356	8.2985	5.6818	5.3427	4.9622	7.9633	5.8675	8.1638	4.8741	6.2092	5.7995	5.1549	8.6926	7.6327	8.5386	4.9303	5.1614	4.9373	5.379	5.3021	5.1032	5.0301
EA_G__FAM46C	7.2034	6.5679	5.0716	7.2736	7.3711	4.4742	6.598	4.9588	8.1081	4.7892	7.1412	8.3311	4.2893	4.5706	4.9818	4.9152	4.3105	7.3574	5.1651	5.1344	6.0986	4.6335	5.6979	7.4742	6.9553	4.5008	7.298	5.9973	6.2513	7.0994	4.7529	5.5045	4.2856	4.9044	4.4957	8.0851	5.8403	8.0227	5.1973	6.326	6.6373	5.9488
EA_G__KIAA0644	6.6204	7.8892	5.8869	7.22	7.5292	5.0429	7.1733	4.6612	6.9032	4.7288	6.0241	7.1183	5.0476	5.3085	5.1206	6.1557	7.8377	7.1336	5.2546	5.1951	6.8486	4.7598	5.9194	5.6884	7.036	4.7568	6.3434	4.8293	6.4892	6.3319	6.5456	7.9545	4.9716	5.2662	5.3064	7.3471	7.7024	6.1171	6.8002	7.5086	6.8457	5.1298
EA_G__SLC16A6	6.3763	6.9175	5.8252	7.9652	9.3395	6.2609	8.504	6.5765	5.5061	7.0216	8.6466	7.1262	4.4458	5.417	6.0462	6.0024	6.6771	7.1765	6.5612	5.107	5.8467	4.2712	7.8573	8.4955	9.9281	5.155	7.3289	4.8415	6.8034	6.259	9.8112	7.1754	4.514	5.1226	6.0726	9.6108	5.5918	7.6663	7.6884	9.1586	6.7156	6.4555
EA_G__LEPREL1	5.7216	5.3689	8.7317	4.9851	4.4724	10.3012	4.557	8.9252	6.2886	8.0287	4.8272	4.6886	7.0575	7.3377	10.557	8.7823	4.979	4.9267	6.6553	7.275	10.0194	7.8041	5.1104	5.2716	4.6323	7.7667	5.025	8.5047	4.5016	8.1409	5.3213	5.515	5.8187	7.5245	8.0967	4.9053	5.1145	5.3778	5.2092	5.118	4.9238	4.7824
EA_G__PLAC2	7.092	6.5212	6.272	6.2707	7.6406	4.6991	6.5129	6.0206	4.7126	4.7023	7.6164	7.0925	4.4729	4.9591	5.5125	5.7204	7.5466	6.3614	5.0401	4.0759	5.545	4.6795	6.094	5.7331	6.3838	5.7395	8.3496	4.412	7.2278	5.4979	5.6125	7.2238	5.2128	5.3025	5.0216	6.6899	5.7468	6.1706	5.5055	7.3122	5.5028	5.7836
EA_G__MYB	6.4454	7.3833	5.8315	7.7499	7.6455	5.0163	7.364	5.9692	6.8993	5.1898	8.3839	7.6386	5.2504	4.5412	5.2464	5.6456	6.725	8.0208	5.3536	4.5154	5.93	5.8028	7.1808	8.0709	7.0712	4.4789	6.9476	5.6926	8.6746	7.4365	7.2492	6.6892	4.7019	5.5426	4.7383	6.1985	6.1338	6.9719	6.8456	7.1594	6.537	7.2111
EA_G__SLC9A3R1	10.8284	10.4111	9.8632	10.9597	12.1339	8.7121	11.6704	8.938	9.3166	7.8985	11.4576	12.2228	9.8097	9.4062	9.2397	9.4918	10.8515	10.1126	9.0002	8.2983	10.211	7.7047	11.5891	11.5335	10.9539	7.5431	10.175	9.0363	12.6162	10.3807	11.9228	10.702	7.9923	8.16	8.1862	10.5458	9.9597	10.2024	10.9276	11.5295	11.3238	11.858
EA_G__SLC16A14	8.027	5.154	7.2259	9.4226	7.5525	4.7617	9.2456	6.9964	7.124	7.7154	7.6445	7.9787	6.0737	7.1437	6.7561	6.3346	8.4717	8.8237	7.5912	7.3306	7.1073	4.5964	7.4319	7.513	8.762	4.7248	8.6295	5.7839	9.7294	7.7908	8.0978	5.2884	5.1813	5.5497	5.0783	8.0577	8.3088	8.4916	7.4261	7.4162	8.8439	7.3206
EA_G__UPP1	5.4549	6.1015	7.1467	5.448	5.1849	6.6737	5.1357	6.9823	5.3696	6.6838	4.889	5.2305	5.3407	7.4135	7.397	7.9997	5.1198	5.3149	6.9028	6.8339	6.2895	6.4335	5.6169	5.127	5.3567	6.8378	5.5727	6.9034	4.8709	5.1442	5.3505	5.686	7.1274	6.5287	6.8426	5.5523	7.256	5.5613	5.6237	5.6119	5.0034	5.0762
EA_G__MET	5.2919	8.4888	9.8576	6.907	6.8321	8.3625	3.2377	9.2522	5.3249	7.5857	3.2698	6.3495	6.1792	8.7101	9.18	9.5533	5.8399	6.3674	8.9764	6.0304	8.9068	9.9443	6.8639	7.1523	4.6219	7.3588	5.4183	9.002	7.5613	6.2826	3.9662	7.0874	9.5923	8.4591	9.0204	5.2276	7.3053	6.7738	4.1065	3.6661	5.8882	4.1216
EA_G__PTRF	6.1378	5.9441	8.4012	5.9461	5.7085	9.47	6.0342	7.9379	6.2178	8.1509	5.8965	5.563	7.0871	8.0149	8.4522	8.1467	6.1849	6.696	6.8672	9.1449	6.8679	9.7016	6.208	6.3008	5.6737	8.7173	5.9941	8.8381	5.6244	6.5879	6.7201	6.1917	8.0202	8.0864	8.6629	5.8363	6.4714	6.5439	6.4796	5.9012	5.9419	5.7248
EA_G__ALDH4A1	6.6137	7.563	7.3057	9.6464	7.5347	6.4231	8.4263	6.2446	7.1993	6.1997	8.3781	7.28	7.0017	6.8621	7.236	7.2316	8.1565	8.1332	6.577	6.5174	8.276	6.5183	7.8706	7.9981	7.9767	6.5559	8.9964	6.44	8.6197	7.9773	10.1902	8.6634	6.6103	6.757	6.4059	8.2904	6.8675	7.3929	8.1326	7.6348	9.4543	7.8978
EA_G__CACNA1D	5.1325	7.7334	5.8969	6.4883	7.1711	4.3929	5.9883	5.0697	5.9576	4.3872	7.9984	8.2401	5.3635	4.4459	4.8797	4.8552	7.1779	7.7626	4.6953	4.4363	5.9109	4.1169	6.6581	6.2977	6.8725	4.2473	7.3781	4.4991	6.9919	6.4139	7.5077	7.7938	4.5576	4.5211	4.5248	5.9556	6.0469	7.638	6.6987	6.9375	7.5353	5.8883
EA_G__CTSC	5.4952	6.9314	6.7103	4.9649	5.3028	7.7911	5.4136	8.0983	5.7933	7.5281	4.0374	6.0004	6.9612	7.7773	7.2324	8.405	6.5359	6.6336	7.2167	8.6748	7.5384	7.787	4.8884	5.0084	4.6775	7.2029	5.0392	7.1921	5.7985	6.5951	5.359	6.8275	5.9194	8.5472	8.368	4.9625	6.6113	5.1935	5.7068	5.3761	5.9173	5.5737
EA_G__TOB1	9.7608	9.0994	8.2733	10.3884	10.6059	7.4602	9.6086	8.2488	7.4455	7.3781	10.7407	10.9032	8.0535	7.6285	8.1314	7.6875	11.098	9.066	7.1435	8.0148	7.7478	5.8354	9.5153	10.1659	9.1038	7.4631	9.6678	6.2229	10.9348	8.9254	9.3315	8.7014	7.2404	7.3259	7.5716	9.1303	8.452	9.2129	9.9542	9.2213	10.3392	10.2663
EA_G__PRSS8	9.6655	9.4021	8.6396	9.1182	9.8896	5.839	8.563	7.0852	9.3449	5.6234	9.9989	8.7449	9.0331	7.2019	7.5485	8.8439	10.563	9.5767	7.8573	5.7101	9.9771	5.7054	9.0099	8.9593	8.5698	5.822	9.4326	5.9163	9.2733	8.5573	8.7847	9.0995	6.067	7.8782	5.7102	9.9436	9.4381	6.9483	8.2088	9.2864	8.4567	7.7295
EA_G__TFF3	9.2227	5.933	5.6996	10.0034	10.7125	5.7698	6.0317	5.2869	5.5149	5.2225	11.1718	9.6618	5.4121	5.8319	5.6036	5.5634	8.4004	6.5691	5.6123	5.5181	5.8234	5.3069	7.253	7.5253	7.3798	5.1884	11.3167	5.6698	10.8538	8.3961	6.3143	6.2639	5.6818	5.5285	5.7962	10.7256	6.6908	7.1122	7.4428	11.8709	7.4014	9.3846
EA_G__C1orf34	8.0896	8.7299	6.5143	8.6653	9.5229	4.3849	7.8825	4.9498	6.4694	4.4875	9.621	10.7155	4.7666	5.4992	6.0973	5.9825	8.7478	8.1981	5.8414	4.7716	8.2159	4.4583	7.4708	8.655	7.6569	4.7734	7.5177	4.9479	9.2873	8.812	7.8876	9.2993	4.8324	4.8993	4.8296	8.0572	7.8121	7.8552	8.6739	9.9698	7.8377	8.6777
EA_G__MSN	6.7845	5.5245	8.9289	4.0134	4.419	10.3783	4.1022	11.3117	10.2913	10.364	4.1309	7.0685	10.7693	10.103	9.5137	10.4191	4.3616	4.4627	9.6207	10.8946	10.6461	10.7237	4.1429	4.7797	6.5085	10.1759	5.7957	10.8438	3.9279	8.4521	5.0086	4.469	10.7101	10.614	10.7822	3.9763	6.4413	4.674	4.3941	4.086	5.8385	7.8425
EA_G__RNF145	8.2864	8.9906	7.8601	5.9042	6.4469	8.2399	3.6986	8.1927	6.4509	8.8975	4.383	6.8288	6.957	7.388	7.931	8.2957	7.1362	6.8248	7.964	8.0655	8.2727	9.2999	7.2541	5.8841	5.5607	8.7718	5.3762	8.5754	5.0477	9.0789	5.5689	8.0365	8.8456	9.6135	7.7868	7.1606	8.1719	8.3063	7.5792	6.3729	6.331	6.4106
EA_G__TP53INP1	7.1211	4.0339	4.7723	8.5398	8.086	6.3946	6.9129	4.1921	4.5465	4.4168	10.0237	8.8782	6.0874	4.385	6.9501	5.9169	8.0398	6.8808	4.0731	6.0588	6.1896	5.8195	7.2924	7.6158	7.3659	6.6539	7.4096	4.5579	8.3123	7.0256	6.518	4.5237	3.7159	4.1588	3.8629	7.5959	7.2959	5.8419	6.9661	7.8789	6.8327	6.9651
EA_G__ACSL4	3.8905	3.2437	6.8678	3.2175	3.0199	8.1981	3.93	5.8474	4.9921	7.8339	3.2795	4.7223	6.0223	5.4391	5.9242	7.1514	3.1844	3.2448	6.4566	7.5506	6.3064	7.7862	4.3467	3.4318	4.0505	6.5727	4.394	8.0383	3.8174	6.3426	4.0514	3.2697	7.359	6.9283	7.5937	6.0038	3.4226	5.8348	4.7256	3.5077	3.3705	5.1109
EA_G__IGF2BP3	3.6624	4.2122	8.2012	3.8851	3.6266	4.6605	3.6779	7.2037	4.1296	7.5191	4.0699	3.6299	7.7252	8.3337	6.971	7.5306	3.9006	4.3622	6.5162	8.1443	7.9738	7.2336	4.1652	4.2482	3.9471	8.6283	4.0471	7.7226	5.4133	4.7006	4.2992	4.4079	8.7171	4.3408	5.2561	3.7931	4.4225	5.3115	4.8538	3.948	3.8747	4.3159
EA_G__FSCN1	6.8308	6.9952	7.5474	7.1701	7.1692	8.8985	6.7299	9.8533	9.8245	9.7445	6.454	7.0825	8.4576	11.4143	9.3293	9.3009	7.014	7.0833	8.7193	9.1685	9.4212	9.8571	7.5215	7.7422	6.5522	9.6478	6.8572	8.4388	6.817	7.4765	7.24	7.0958	7.3337	9.286	10.5846	7.0571	7.894	7.1431	7.0679	6.8991	6.8126	8.0465
EA_G__EFHD1	9.6927	10.4897	6.7838	10.8877	11.0855	6.4363	11.3552	8.4531	10.9246	7.5588	10.9769	10.5969	8.0806	6.5687	7.1335	7.0749	11.1351	10.7681	8.1233	6.512	6.812	6.1904	7.6784	9.8691	9.5217	6.8011	10.6784	7.1188	10.1568	10.3331	10.1827	10.9819	6.6063	7.3525	6.5382	10.5168	10.3753	10.2061	10.8369	10.3846	11.0058	9.4912
EA_G__POPDC3	4.0536	5.4767	8.9926	3.4924	3.4786	4.7785	3.2555	7.1357	3.5857	3.6644	4.5477	4.0952	8.0904	6.8204	5.9743	7.1176	3.8058	3.69	6.6232	7.4945	6.4594	5.9804	4.1027	3.6397	3.7352	6.6553	3.6034	7.7354	3.7091	5.9969	3.737	4.2054	7.9858	6.6727	5.0813	3.6103	7.014	7.0935	3.6805	4.3597	3.6212	4.6441
EA_G__PRKCA	5.1123	6.9849	6.7965	6.093	4.4173	8.7689	4.7539	7.1254	3.9318	7.493	4.0132	4.0291	5.6109	6.9189	6.4077	7.722	4.558	6.2455	7.0923	8.9502	4.7269	8.3028	6.6467	5.9656	4.7651	9.6278	6.3184	8.5886	5.5478	7.1467	5.4288	7.173	9.0008	4.8225	8.6544	5.553	5.3847	5.7431	5.6894	6.2828	5.5399	5.837
EA_G__FAM126A	6.3818	4.5794	7.043	7.153	4.3663	8.6294	6.0958	6.8821	7.6573	8.533	3.5746	4.3202	7.0721	8.1954	7.9781	8.1677	5.2757	4.5708	7.4622	7.9965	6.1561	9.3766	5.7628	4.3029	2.9915	9.1447	5.9057	7.9583	6.4401	5.131	4.7284	4.2539	8.47	5.9557	9.0501	6.6312	5.0043	6.138	7.4823	6.8191	6.6976	7.2663
EA_G__PRLR	4.5995	7.9719	3.7946	9.1863	9.9247	4.9871	9.5426	6.8392	7.9902	5.3778	9.5253	9.6628	4.8155	3.4702	5.1603	5.2633	8.7529	8.3946	6.1661	3.8892	6.4743	3.5713	6.7331	8.7018	9.5475	6.0702	7.3558	3.9288	10.1469	8.5814	7.4217	7.8099	3.7377	4.6704	4.4364	9.0648	6.4511	8.0691	11.1837	7.9121	8.9712	5.9926
EA_G__MAP7D3	5.3052	6.181	7.0881	3.7726	5.4351	8.0335	4.1145	8.2134	6.6816	7.4399	3.8649	5.2828	6.9662	6.369	7.7975	7.3791	3.9067	3.9768	7.9146	7.4129	6.0423	7.4841	5.9373	6.1096	3.8188	6.9765	4.3266	8.4972	3.8711	3.6075	4.4657	5.4472	6.6247	7.5826	7.2635	4.9255	4.3312	5.013	4.094	6.2554	3.8949	6.3251
EA_G__C3orf57	9.2863	5.9049	4.4867	7.7309	8.9084	4.6794	7.6111	4.6058	4.6305	4.8902	7.5725	7.8092	4.6555	4.8895	6.7978	6.3972	8.5908	7.6159	5.5729	4.2895	7.5956	4.3645	9.7988	9.5034	6.3347	4.7775	8.9892	4.9538	8.019	6.9899	7.6702	6.6396	4.8998	5.106	4.8812	9.1923	8.0725	6.9367	7.0395	9.2455	4.7138	4.7469
EA_G__KIAA0953	5.8011	7.1466	5.1187	6.4823	6.4155	5.2019	5.9649	5.0737	5.2215	5.2114	7.1887	6.4801	6.417	5.2006	4.9367	5.1337	7.245	6.7991	5.5015	4.9454	5.1521	4.9522	6.5841	7.1799	7.1045	6.3501	6.4431	5.3853	6.697	5.4274	6.3729	7.3694	5.9187	5.1845	5.2015	7.2702	5.1623	6.2853	5.4857	7.35	6.0943	5.5729
EA_G__GLS	7.4277	7.4228	9.005	6.9834	6.7626	8.2057	6.6295	9.1094	7.2106	8.9736	8.0475	7.609	9.5461	8.4018	8.6477	8.1178	5.0412	7.4503	8.7597	8.412	7.7883	8.4596	6.8403	6.6922	7.5002	8.8394	6.5709	8.5453	6.2814	7.2594	4.5529	7.0692	10.0833	8.7098	8.438	6.5093	7.0957	6.6458	6.6057	6.9638	6.5527	6.4748
EA_G__SH3KBP1	6.9181	6.3485	7.4737	6.2274	6.2885	8.1333	6.2943	7.8321	5.0438	7.9499	5.0309	5.2233	8.041	6.9922	7.6968	8.5194	5.3393	5.9744	7.0511	7.4211	7.9876	7.6714	7.6042	7.027	6.3902	8.4773	6.7531	7.8992	6.2095	5.0461	6.2935	5.9915	9.2351	7.3744	8.3209	6.2036	7.3834	6.9534	5.4421	7.2851	5.7527	7.1467
EA_G__DFNA5	4.4375	4.9524	5.0814	4.5784	4.6557	8.4986	4.6876	4.6458	5.1282	6.5279	4.5264	5.0703	5.5616	7.8414	5.9883	5.1072	4.7021	4.5042	5.8293	6.3843	4.7786	6.9984	4.8523	4.6266	4.4233	7.4631	5.4062	8.2468	5.284	4.3728	4.9581	5.0627	7.5676	6.6997	8.1967	5.0913	6.9021	4.6634	5.3806	5.5044	5.7413	4.8228
EA_G__CRABP2	7.4296	6.1829	7.8329	8.2111	10.912	4.4698	7.9616	8.6534	10.6063	6.122	10.0004	9.994	6.1523	5.359	9.2933	9.5237	10.1591	10.1017	7.2807	7.095	10.0598	5.7308	10.0904	10.2988	9.8344	5.4326	9.6052	6.2093	6.9694	9.4935	9.9741	8.4814	6.0872	6.2944	6.0848	9.0317	7.6666	8.6722	10.4906	11.0984	7.8585	8.5211
EA_G__DNAJB4	5.6443	6.1035	6.4481	3.9001	4.3168	7.9907	4.3378	5.2992	5.8049	7.7414	5.9526	5.3929	5.5614	6.4492	5.8692	5.7091	4.7853	5.1111	6.1544	6.802	5.857	8.51	4.2631	4.0582	5.6577	6.9904	4.7861	7.3876	4.94	5.3639	3.9784	5.149	8.1583	6.4834	8.0232	4.1585	6.7141	5.2226	5.0912	4.2958	4.3341	4.3752
EA_G__SDC1	9.8678	9.8238	9.9144	9.5408	10.3	8.2603	9.1986	8.3541	10.0467	8.3696	10.5063	8.5726	8.8345	9.0355	9.2236	9.4389	11.6207	9.8784	8.3024	7.9464	10.0645	8.4409	9.4673	8.7275	8.6508	8.7282	10.8626	8.9286	9.0714	9.007	9.5907	10.3639	7.9955	7.9054	7.6301	9.8965	9.1961	9.5786	8.4186	9.5167	8.2436	8.615
EA_G__GATA3	6.1846	6.0285	7.7046	9.1018	10.8993	4.9681	10.7896	5.7457	8.0649	4.7885	9.427	10.3545	5.8406	7.0576	7.0787	7.9689	10.1018	9.3687	5.6591	6.5915	8.1065	4.9955	10.3924	10.9892	10.6143	4.5959	9.7188	5.609	9.224	9.5855	9.916	7.2562	6.9	7.9032	5.883	10.1592	7.7068	9.5042	10.5263	10.2285	9.6733	10.1029
EA_G__PLOD2	6.1911	8.3419	8.1358	7.0175	6.9131	10.2933	6.8168	7.2038	5.3942	8.7914	7.1322	7.4866	8.0339	6.5989	8.2857	9.3417	7.8623	4.782	8.6845	9.2717	8.4052	9.1792	7.4818	7.5432	4.2248	9.0537	5.9173	8.1487	7.3068	7.3589	6.2115	7.2225	7.589	9.2253	8.3727	7.0657	7.6736	7.2993	8.5125	7.6262	6.8806	7.1493
EA_G__KIAA0040	7.8069	7.4789	6.7956	8.0575	9.0121	3.8	8.4048	6.4704	6.2146	3.5663	7.7336	8.3521	5.6685	8.0741	7.745	7.301	7.8004	6.8134	6.2849	4.5853	7.7369	4.0879	6.7133	6.7455	8.3812	4.2463	7.4731	4.9457	6.8716	7.5622	7.7957	7.5472	3.741	6.2459	5.6792	7.6424	7.7124	8.7967	7.0601	8.0289	7.7549	6.7365
EA_G__KIAA1754	5.6979	6.2297	6.5357	5.8518	5.2852	6.9463	5.4686	6.2887	5.9089	7.0913	6.134	4.8143	5.9613	7.0933	6.3267	6.952	5.9693	5.6172	6.357	5.9586	6.7698	8.4302	6.1948	5.7878	5.2799	6.2668	5.807	7.5315	5.084	5.6017	5.8272	6.0504	8.4361	6.3043	7.7256	7.0121	6.5976	5.8607	5.6484	5.4141	5.5	5.3359
EA_G__COL4A1	5.2274	5.1752	5.7736	5.0845	4.9534	8.4977	5.0007	7.7123	5.163	7.1576	4.8711	4.8859	6.8901	7.6945	6.6224	5.5455	5.2071	5.3043	8.5407	8.3695	5.3973	9.1832	5.3929	5.3075	5.1744	10.8621	5.4841	6.5621	5.0616	4.8149	5.8907	5.2895	5.8097	6.7643	5.719	5.1567	5.4451	5.4895	5.3269	5.26	5.2465	5.1624
EA_G__CAV1	3.6635	4.5287	7.4287	3.8568	4.2305	9.9104	3.712	9.7581	4.2532	9.9879	3.8194	5.4549	3.8847	9.7682	9.8034	7.7855	4.8518	5.1202	8.3996	9.4259	7.3034	10.2473	5.8282	4.0921	3.8378	9.7323	4.6806	9.5902	3.6008	4.9392	4.3121	6.5569	9.6999	9.2782	9.5947	3.7722	4.5306	4.1113	3.97	4.1412	3.5529	3.9582
EA_G__OBFC2A	8.663	7.6101	9.2122	5.7752	5.5617	8.0921	4.5264	8.1177	5.6774	8.5995	6.3325	5.6037	7.6901	9.0276	8.7656	8.7563	5.6341	6.3893	8.8214	9.7788	7.8827	9.2412	6.4123	6.7442	5.6996	8.2834	6.6746	9.4543	5.5142	6.1973	6.3699	6.996	8.5565	8.4307	9.0169	7.7607	7.9834	6.1808	5.7689	6.4453	5.6546	6.4721
EA_G__GLIPR1	3.2087	3.7756	3.3277	3.4702	3.5103	8.225	3.4968	6.1064	6.1439	7.0228	3.3575	3.7556	4.2416	6.6397	6.1565	5.3053	3.6098	3.5767	6.5325	8.5465	4.8932	8.9965	3.6517	3.3135	2.8019	7.2825	5.5198	6.9605	3.1331	5.5399	3.7158	3.6556	7.0461	6.3423	9.0025	3.6353	4.0555	3.3701	4.2331	3.4115	3.1647	3.5428
EA_G__SULT2B1	7.1357	6.8833	9.4294	9.1628	8.474	5.7405	7.7251	5.914	6.4811	5.785	8.7665	8.3769	6.0404	6.95	7.4704	7.0618	9.0211	8.0968	6.0645	6.3418	7.6274	5.6875	8.1165	9.3186	7.4801	5.9954	8.1852	5.853	8.6353	7.0519	7.6271	6.8376	6.0664	6.8115	6.0611	8.2359	8.1049	9.217	8.2163	8.3169	7.9758	7.5317
EA_G__MAG1	5.0042	4.8462	6.5185	4.46	4.6633	4.7063	5.5047	8.6994	3.8116	8.0966	5.258	4.0635	8.6953	8.0707	6.8669	7.0484	4.0073	4.3276	6.6603	4.7034	4.608	6.35	4.994	5.0979	6.6825	4.3329	5.303	7.3618	5.1826	6.106	4.5695	4.4668	7.8363	4.8364	7.0045	6.1928	7.0747	5.4076	5.0039	4.6966	4.7718	6.0232
EA_G__LYN	6.7091	5.0314	7.5883	4.8348	5.1853	5.1028	5.0591	6.6688	6.1794	6.2336	4.7252	4.705	8.3103	7.6061	8.3886	8.7529	4.7194	5.1541	7.3798	6.2885	9.3436	5.5146	5.3756	5.2372	4.5418	7.4913	5.1404	7.6488	4.7925	6.2007	5.3564	5.3096	7.3032	7.3173	7.4683	5.287	6.1842	6.0271	6.1764	5.6508	5.0276	5.7183
EA_G__C20orf23	6.6434	7.0294	6.5902	8.5777	7.7217	6.111	6.1433	6.0096	5.5281	5.8938	7.6529	7.4873	6.7683	5.7552	5.4711	5.6375	6.6432	6.4804	5.8272	6.818	6.417	5.6887	6.2267	6.8451	7.7531	5.0611	7.0432	5.4199	8.0795	8.5849	5.696	7.2235	6.1562	5.674	5.9679	6.9491	6.6013	7.4319	6.3719	7.427	6.6283	6.1755
EA_G__FOXA1	9.78	9.0384	8.3542	10.3303	10.2426	5.7805	10.2446	6.6946	6.2072	5.6298	10.1068	9.1466	5.6115	7.0308	7.1831	8.5271	10.1683	9.8686	7.3927	5.4563	7.5836	5.5995	9.5923	9.8998	10.0039	5.6855	9.643	6.0524	10.1447	9.4248	10.0194	8.8238	6.1961	6.457	6.1073	9.5103	9.6063	9.8896	9.6996	9.7959	10.3109	10.1618
EA_G__TGFB3	7.1774	8.6881	4.6236	8.3173	7.5047	5.5213	7.607	5.4247	6.0167	7.2469	8.7177	7.0531	5.7405	5.0309	4.787	4.6977	7.879	8.3291	5.2017	9.4529	6.474	5.1135	6.187	6.6684	7.2071	8.1792	8.396	4.6681	7.9033	8.6527	8.8772	8.7065	7.2984	5.3984	5.4579	8.0666	7.2829	8.7559	8.4583	8.7206	7.4674	6.7545
EA_G__SLC7A11	5.1809	5.1817	7.4396	4.1599	5.0311	6.5597	4.2618	5.8494	3.5826	8.4557	4.9675	5.0098	5.4931	7.8307	6.4145	6.5624	5.4258	3.8433	5.6015	6.7087	5.6799	7.1183	5.8004	5.4594	5.75	5.2728	4.449	8.0821	4.96	5.0106	4.2806	4.9229	7.2331	5.2141	7.3597	6.9123	7.5002	4.0292	4.5781	4.0326	4.6664	4.9372
EA_G__LOC124220	8.934	7.4736	6.5045	8.0215	8.0349	5.4055	8.8675	5.9469	5.7857	5.9124	7.9883	7.6471	5.8141	6.6156	6.0411	5.8713	8.307	7.8574	5.7468	5.5707	7.5995	6.7221	8.0322	7.9345	8.4762	5.7493	7.8782	7.1355	9.1801	8.6759	7.6816	7.9156	6.0924	6.2257	6.4568	6.7771	7.0487	8.2349	8.0054	8.3906	7.3629	7.7702
EA_G__ZNF703	8.9258	7.2036	7.6985	8.3321	10.7497	6.7294	8.7856	7.5604	6.8715	7.1891	8.9055	8.3589	6.7036	6.9888	6.8515	6.7668	6.8639	9.5952	6.8245	6.9589	7.3393	7.3347	8.401	8.7959	10.5647	7.4865	8.389	6.8422	9.4783	7.1382	8.1575	7.1893	6.8779	6.9616	7.2656	8.5025	8.7906	8.6151	8.0155	7.6965	7.8571	8.3007
EA_G__SLC1A3	5.9579	6.6111	6.2239	4.1502	3.9597	5.561	4.1358	7.4102	5.9275	7.3403	4.0183	4.0396	5.7351	5.5781	8.6946	9.2695	4.9448	4.5557	6.6053	4.058	6.8828	5.3296	4.5643	4.2625	4.0624	8.6562	4.4019	4.9309	3.99	3.5104	5.37	5.4099	6.7133	5.7299	8.3903	4.1191	5.2441	4.6502	4.7893	4.0327	4.5597	4.0849
EA_G__CRIP2	10.4931	10.8373	8.5349	10.9609	12.0226	9.889	9.8807	8.4184	9.5757	7.1672	11.6983	10.5287	8.4838	7.4709	7.5177	8.5105	10.8318	9.9585	8.7795	9.9819	10.025	8.8842	10.8957	10.0144	10.4003	9.5079	9.8837	6.5594	11.1565	9.5562	9.9669	10.9026	9.354	8.7135	7.478	11.0502	10.7092	8.721	10.6665	10.0145	10.3347	10.564
EA_G__ERBB3	9.6684	9.5479	7.8567	9.4394	10.4453	4.3498	9.8292	7.4364	7.8742	4.4095	10.05	9.2441	9.4138	7.239	7.3572	7.9625	10.1738	9.7082	7.3935	4.2979	8.8706	4.0683	9.4649	9.439	9.5575	3.9776	9.4408	4.5784	9.6653	10.1482	9.5168	9.1277	4.1238	6.8843	4.2234	9.5831	8.8726	9.2288	9.7254	9.7608	9.5803	9.1455
EA_G__PRR15	8.5828	8.4609	8.4524	9.4281	8.7477	5.9517	8.5116	6.3331	6.8835	5.4556	8.8302	7.6556	5.6097	6.8916	7.1865	8.0894	9.1388	8.3428	6.3757	5.5522	6.7254	5.7507	7.5276	8.6434	9.1665	5.9078	9.2711	5.5891	9.0365	8.5096	8.2513	8.5682	5.5335	7.784	5.8528	9.2642	9.3127	8.6535	7.2126	8.8522	9.174	8.0916
EA_G__LMX1B	6.9476	7.0005	7.2729	9.3656	9.0905	6.9439	7.6305	7.1723	6.8839	6.6951	8.6262	8.5572	6.8858	6.9417	6.9284	6.8258	6.8833	7.4215	6.8074	6.8958	7.5919	6.4544	7.7392	8.5642	7.4095	6.6147	8.2031	6.5912	8.4106	7.433	7.7919	6.7515	6.5205	6.695	6.3187	8.6843	7.5381	7.564	7.6533	7.8472	7.4231	8.3092
EA_G__PCP4	10.1667	6.5286	5.0555	5.437	6.6064	4.3983	6.5311	4.6403	5.9112	5.1521	5.6116	6.06	4.7868	5.3258	4.6097	4.3657	8.0471	10.57	5.5234	4.9326	5.3257	4.6323	7.0488	7.3361	6.2066	4.9014	9.0066	5.2082	5.9918	8.2043	5.2775	7.6777	5.4337	5.3151	5.7331	6.4316	5.3913	7.8539	7.8234	6.7121	5.5744	4.8747
EA_G__CDYL2	7.3631	7.0718	8.1386	8.2646	8.9194	5.849	8.0675	5.272	5.5548	5.3771	8.4468	8.5447	5.8033	5.7483	5.7744	7.8384	8.2642	8.1388	5.639	5.5573	5.97	6.2366	8.7179	8.367	8.0456	5.4427	8.2305	6.9612	8.487	8.1416	7.5519	7.1617	5.9508	5.5106	6.3854	8.3072	6.9069	7.6963	7.086	7.575	7.7872	6.4997
EA_G__KIAA1467	6.6315	7.5406	6.6624	7.2865	9.3605	5.8311	8.6582	6.745	7.3667	6.7519	7.505	7.9446	7.4237	6.29	6.3595	5.9867	8.131	7.0355	6.5908	7.377	7.3791	6.2821	8.4645	9.6294	9.3226	6.5187	8.4148	6.7367	8.5894	8.7607	6.8448	6.5345	5.8873	6.7214	6.6599	7.8531	6.7002	8.4419	6.5175	8.1267	7.9241	8.2149
EA_G__GADD45A	6.0251	6.3877	7.29	6.2489	5.8731	7.0816	5.5713	7.2169	6.2905	6.627	5.9471	5.5842	6.46	7.4015	8.8588	7.7404	5.9186	5.5864	7.7197	6.6974	6.4102	8.2647	6.0858	6.2982	7.2958	7.206	5.9708	6.8756	5.9687	6.3753	6.3945	6.1844	8.4067	6.1507	8.2315	5.9881	7.382	5.9993	5.571	5.8913	6.1594	5.5673
EA_G__TJP3	9.3077	8.0518	7.766	8.3849	8.6587	5.9377	7.9192	6.4262	6.6429	5.9521	9.8328	7.6407	6.3501	6.2599	7.1653	7.5222	8.3666	8.4592	6.5682	5.9474	8.0263	5.6884	8.0699	7.9648	7.8198	5.7056	8.8534	6.1169	8.5057	8.1059	8.1475	7.9939	6.014	7.1509	6.1539	8.6348	7.4672	7.8886	8.6752	8.1957	8.4645	8.0411
EA_G__LOXL2	5.4783	5.8448	8.0146	5.6278	6.8917	11.5706	5.3784	7.3672	8.3444	9.7971	5.3611	5.5669	7.4703	6.3969	7.012	8.4417	5.7226	5.7593	8.9623	8.3503	7.7097	10.4794	7.4047	6.4296	5.5399	10.1895	5.9609	8.8689	5.4797	5.8476	6.3622	6.7527	8.6472	9.8992	9.576	6.1699	6.8763	5.9034	5.8065	6.9555	5.6576	5.5175
EA_G__PVRL4	8.9017	8.8387	7.5802	8.6614	9.612	6.0215	8.4399	7.6435	8.619	6.0006	7.4022	6.9983	5.9267	6.4973	7.5051	7.1911	9.1697	8.8506	6.8664	5.7394	9.0419	6.0255	8.6467	7.9387	7.8324	5.9404	9.5825	6.0246	7.6553	7.9653	8.7386	8.6132	6.1518	6.6455	5.8878	9.0033	8.5554	8.2224	8.8527	8.4894	7.7461	7.9785
EA_G__TGFBR2	6.9434	7.122	8.3904	6.5636	4.7044	7.6681	4.6862	8.3695	6.7089	8.3645	4.4748	5.3047	5.4067	7.9499	7.6715	8.5874	5.241	4.773	7.6865	7.6328	7.8443	8.9298	5.7233	6.4778	5.1441	7.1766	5.8674	8.7346	5.9185	7.2226	5.4298	6.893	8.0594	8.1697	9.4684	5.389	6.8625	5.8513	5.002	5.1139	4.6654	4.2384
EA_G__ZNF750	6.7199	7.3482	4.6567	6.7097	6.6858	4.9155	5.6839	4.6689	7.2202	5.1846	6.7591	6.451	4.7703	5.1668	5.5797	5.4145	6.5387	7.1353	5.1352	4.7351	5.3662	4.4688	5.7987	6.4591	5.1944	4.6503	6.6426	4.6995	6.0296	5.1191	6.1847	7.0681	4.8725	5.4428	4.8895	6.5246	7.0578	6.3349	6.3737	6.0345	6.7232	5.4634
EA_G__FXYD5	9.087	8.4722	10.1501	5.1452	6.8194	10.3061	5.212	9.9677	7.5861	9.9666	4.9676	5.8157	8.678	10.7836	9.0929	10.6352	5.4508	7.316	9.7402	8.2865	10.1781	9.7392	5.3102	5.5668	5.4603	10.1368	5.6902	9.7893	5.2174	5.9207	8.6977	8.8892	7.4253	9.2964	9.4217	8.919	8.5269	5.7418	8.3542	7.2186	5.8579	5.2807
EA_G__PRNP	8.5325	8.966	9.4338	7.1683	7.8965	10.0008	4.5591	9.9432	9.4469	10.1123	6.5717	6.5746	9.6536	10.4869	10.7038	10.0801	5.4384	8.4081	9.0153	10.7803	8.4326	9.5619	7.9611	6.9297	6.4105	9.4125	8.7312	9.6684	7.846	5.9126	6.856	9.276	9.3299	8.787	9.619	7.018	9.7165	8.8016	7.8626	8.2148	6.9197	7.6553
EA_G__GPR81	4.9668	6.0516	3.5022	7.939	8.2233	3.5141	6.9006	2.868	3.5631	3.7151	8.6916	6.629	4.3242	6.9887	7.1222	5.8908	8.5484	7.3637	3.5687	5.2175	4.6384	2.9743	7.6206	7.1395	6.8412	3.373	8.2863	4.1802	8.6643	7.4676	6.8526	6.064	3.7546	3.8905	2.7273	7.8144	4.8618	5.8669	6.462	5.8118	6.8539	6.1376
EA_G__PIB5PA	6.827	7.2283	5.7738	8.2578	6.7071	5.9039	9.6074	6.094	6.2946	5.745	6.4018	5.6085	5.7297	5.4173	6.1321	6.5065	7.6601	8.1127	6.2215	5.7362	7.4908	5.3929	6.5917	7.1141	8.8762	5.4621	7.9441	5.8495	7.7113	8.0325	8.7984	8.1997	5.6103	6.7177	5.7789	8.9248	8.6425	8.3854	7.2749	8.3268	7.7171	6.4746
EA_G__KIAA1161	7.5336	8.5935	6.3491	8.0995	8.3119	5.961	8.8216	7.4813	5.558	4.978	6.8816	8.6918	5.8828	6.5016	6.3173	6.5558	8.3268	10.7468	7.2179	6.3672	7.4519	5.3607	6.8104	6.6223	7.1909	5.4313	7.8995	5.6807	9.0698	8.6115	7.4427	9.0701	5.6673	5.8678	4.9556	7.0576	6.2692	7.8144	8.5458	7.9949	7.4192	6.7034
EA_G__UCP2	10.2363	10.285	8.2709	11.4812	10.2832	9.2588	8.3161	9.0922	5.1597	5.635	8.7629	10.0147	8.4267	7.8566	5.8229	7.7685	10.2138	9.058	6.9909	9.0221	9.2994	4.0908	9.4679	10.1566	11.764	7.163	10.8198	8.852	10.0792	8.5645	9.8026	10.5439	6.8558	5.8204	5.2237	8.8212	8.3847	9.2589	9.7636	9.1878	9.807	9.3827
EA_G__CAPS	10.7823	9.0478	6.5813	7.9658	9.4653	5.8603	7.0129	6.1536	6.1463	5.8143	10.8287	7.3341	10.5962	5.7871	6.0836	6.8688	6.898	6.3952	7.0283	6.3341	6.1385	5.7156	6.4196	5.9889	7.0841	6.3328	9.9621	5.8726	8.5837	6.55	7.1682	9.0415	6.2687	6.1294	6.116	11.1088	6.1606	7.0327	6.4839	7.9726	6.3301	6.3652
EA_G__LARGE	7.5776	7.6411	6.3724	8.2811	8.8172	6.4327	9.2071	5.23	7.0295	7.4912	8.5957	8.6586	7.3338	5.688	5.8935	6.4137	7.4822	9.0514	5.108	4.9343	7.5548	5.6162	8.0168	8.493	8.7988	6.9842	8.3543	5.0348	9.7924	7.8886	8.0502	7.5051	6.4651	5.3077	5.0334	7.6831	7.6621	6.5147	7.7088	8.4373	8.51	9.0378
EA_G__ZNF649	6.3709	5.7303	7.1386	7.6582	6.8691	6.3895	6.2774	5.297	7.2554	5.962	7.0301	7.482	6.0581	6.8143	6.0947	5.2195	8.6292	8.197	5.5291	7.1498	6.0276	5.5455	3.833	4.7577	7.4516	3.8241	6.7017	3.8653	7.6469	6.985	6.6308	5.9335	6.1333	5.7362	6.0239	6.0245	6.572	5.7814	5.9513	6.5329	5.3778	5.1546
EA_G__ANKRD30A	8.6028	2.8704	2.5572	7.2234	8.3499	2.8885	9.2244	2.8332	2.7669	3.2657	8.5776	2.7758	2.8399	3.523	2.6245	2.863	7.4943	2.9944	2.7739	3.1471	2.8759	3.2328	3.0641	3.3301	8.6986	2.9268	4.6548	2.872	4.3146	8.9193	7.5461	2.9411	2.8403	2.8056	3.1303	8.7095	2.7598	7.4575	3.7411	6.6087	3.9268	3.1336
EA_G__C20orf42	3.4376	4.7787	6.7008	3.8664	5.7135	6.0366	3.6472	7.5292	6.0665	4.1794	3.3863	5.1534	6.995	8.7192	9.0772	8.2143	3.7099	4.6405	6.635	6.317	5.5793	5.9733	3.838	3.8146	3.6969	3.6306	6.0091	7.1876	3.542	4.684	4.2703	3.8293	5.3947	7.4157	7.0976	4.1238	4.2218	3.7979	5.7945	4.0094	3.5256	6.1723
EA_G__ETNK2	7.0246	7.5221	6.2958	9.7857	10.3826	7.9061	9.9112	6.888	8.279	6.8342	7.9484	10.7975	8.3972	8.1223	7.3287	6.047	9.5415	6.9475	7.6305	7.4034	5.0177	6.0105	8.2102	7.2977	10.6718	8.5517	8.6151	6.0214	8.6961	8.7361	8.9902	8.1005	5.4341	6.619	4.237	7.1677	6.6387	8.0919	7.2943	10.09	6.6311	6.3521
EA_G__RORC	7.6294	7.8594	5.6786	7.0519	7.5726	5.514	5.6777	5.6198	6.0853	5.5107	7.422	7.2508	5.5734	5.5397	5.5921	6.1229	6.4823	6.9352	5.5364	5.4595	8.2631	5.482	6.6938	7.2834	6.8486	5.1718	7.0259	5.7918	5.6745	5.7574	6.3865	6.4728	5.2525	6.2949	5.6901	7.2421	6.84	6.987	6.9613	8.9875	7.1181	6.3763
EA_G__SSFA2	7.9	8.0602	9.7001	7.5702	8.2629	7.7693	7.2627	9.1545	6.9718	8.4744	9.7091	7.8514	7.9485	9.9051	9.3286	9.1135	7.2166	7.8362	8.564	8.0507	8.5076	8.5876	7.3669	8.2823	7.4516	8.5337	7.8215	8.7472	8.2148	8.6012	7.4493	7.7685	8.9618	8.325	8.4449	8.3265	8.6295	7.735	7.4827	7.6748	7.8001	10.9545
EA_G__SLC16A1	4.1518	4.5175	8.7535	4.621	5.0518	8.3945	6.9479	8.2121	6.7131	8.0753	4.1803	6.0711	8.1756	8.6169	9.6833	7.5445	5.1163	4.3803	8.5633	9.301	7.8102	8.2915	6.6982	6.3272	6.7496	8.5674	5.5971	4.2042	4.7554	9.2031	5.243	5.3943	8.0807	8.4519	8.8065	6.2744	5.3618	6.7559	5.7245	3.8845	5.3972	7.3424
EA_G__TUBB6	6.692	7.2698	7.7018	7.4183	6.4048	9.6368	6.551	9.5051	9.2748	8.7564	6.7473	7.8841	8.7984	8.9031	9.0863	7.9565	7.0303	6.9209	9.1825	10.3276	8.0512	9.8505	8.3664	7.7207	7.2372	10.3152	6.4923	8.5128	7.6669	6.2429	7.2555	7.6011	9.9093	8.4349	9.9172	6.749	7.0652	7.1787	8.0286	8.0785	7.0165	8.7717
EA_G__RNF19A	7.5806	6.8449	7.213	8.3854	8.0815	7.4887	7.3422	7.2186	7.9854	6.5758	9.8883	7.8509	7.0373	6.7801	7.3909	7.7348	8.0034	8.5087	7.3712	7.2933	7.1165	7.2386	7.3685	7.2872	7.8623	7.2107	7.9831	6.8442	7.493	6.5911	8.0239	6.734	7.7721	7.3392	6.609	7.3567	9.1622	7.7411	6.5622	7.081	7.206	6.3504
EA_G__C4orf34	8.8336	7.5189	6.7831	9.2875	9.0579	5.2272	9.1582	4.721	5.3837	8.1851	9.7532	7.4229	7.588	5.1128	6.5668	7.6648	8.8131	9.1999	5.4193	6.848	8.0783	6.629	8.3072	8.1002	9.1603	6.5726	8.8801	5.1194	9.9662	9.103	8.0987	7.3907	8.1597	7.0955	5.3506	8.451	9.2518	9.4196	8.058	8.6313	9.0896	8.1182
EA_G__ITGA6	6.7446	3.5983	8.8761	6.6671	6.3461	7.6542	5.1661	9.2656	5.7846	8.5126	7.5573	5.6742	7.6857	10.5288	10.3204	8.9874	5.8986	3.6557	8.6883	6.2079	7.0879	7.2968	4.2723	3.9472	7.6904	6.793	5.9178	8.1442	6.6046	8.5089	7.7496	4.1794	7.3789	8.221	8.2275	6.6701	9.4133	7.5001	6.7193	7.6797	6.882	4.358
EA_G__MLPH	9.7749	8.9613	8.6126	9.4537	9.4619	7.2434	8.8593	6.8868	6.8657	5.9652	10.2061	9.2145	6.1493	7.1993	6.1736	7.9823	9.0264	9.408	7.7663	8.4935	7.6096	7.3314	9.3005	9.7117	9.0131	8.2664	9.9729	8.0714	10.0726	9.6628	9.7087	9.4819	6.3658	8.0179	6.4396	9.4011	9.1543	9.9994	9.2638	8.9017	10.4752	9.9638
EA_G__PDK2	8.2428	7.0593	7.3418	8.6813	8.1326	7.0869	8.0833	7.6765	7.668	7.2951	9.5634	8.5473	7.3267	6.8853	7.5144	5.2004	9.5965	7.6	7.5001	8.071	7.2623	6.6124	7.5269	7.8726	8.1051	7.353	8.0214	6.89	9.2013	7.7035	8.4327	6.8599	5.42	7.5932	6.1561	7.9233	6.9924	7.5973	8.3188	5.2635	8.3825	8.3118
EA_G__KRT19	12.6916	12.4257	11.7226	11.8694	12.9008	5.3088	12.0071	11.0092	10.8661	5.2972	12.4057	12.4572	5.4234	11.375	5.3996	6.6896	11.5907	12.625	10.7132	4.9996	11.9989	5.3899	11.9541	12.1304	12.2871	4.8359	12.0948	8.5044	12.135	12.3305	11.3655	12.6503	6.0673	11.4019	5.1683	11.8464	11.3409	11.6161	12.478	11.9621	11.4901	11.9652
EA_G__MUCL1	9.7015	9.6708	5.4032	11.9418	10.2431	4.8957	8.9223	4.5051	8.786	4.9442	8.2638	6.8099	4.7529	4.7936	4.5822	5.1223	5.8277	8.4609	4.7998	4.6962	4.8549	4.861	6.192	7.9264	7.538	4.9978	10.2647	4.8186	11.1491	8.2536	10.2257	5.8615	6.5654	5.2871	4.4087	5.4239	12.5835	9.5991	5.3747	11.7143	10.7729	5.1542
EA_G__RHOB	9.2793	9.3585	7.394	9.8896	9.3985	7.6395	10.3938	7.6986	6.9264	7.1127	10.2289	10.0866	7.0769	7.524	6.9368	7.9047	9.6821	8.7278	7.261	6.7834	7.1452	8.2823	9.565	9.2465	9.8531	8.3788	9.4573	7.5833	10.0124	8.9442	9.8377	10.0424	7.0709	7.9873	8.8352	8.6291	8.0375	9.0331	8.5103	9.1206	9.1928	9.4859
EA_G__EGFR	7.0647	8.2975	10.5214	7.0644	5.2572	8.4673	4.4568	8.684	8.52	7.7874	4.1842	5.2693	6.4645	8.6796	8.6335	8.7636	6.7396	8.5062	8.3438	6.3164	8.6417	8.6737	5.6004	4.6993	4.237	8.2983	6.3225	9.1647	6.6811	4.4528	5.0546	8.2905	7.1305	9.1228	7.7843	5.1254	6.712	4.8298	6.2005	4.4951	6.3168	5.4392
EA_G__ZNF625	5.9593	3.9017	6.1368	7.6618	6.0715	6.9551	7.0424	3.8607	6.9674	6.8694	7.2099	6.2266	3.8224	4.4074	5.8433	4.3393	7.2085	6.5772	4.1238	6.7356	3.965	4.5409	4.1474	4.7414	6.8463	6.9807	6.1506	3.646	6.6733	4.1284	5.1304	4.238	5.6741	3.82	5.0868	6.3827	5.3151	6.3003	6.3367	6.3242	4.8614	4.019
EA_G__STK17A	5.9146	6.3042	7.6759	6.7496	6.2505	6.8388	6.5173	7.0289	6.6728	8.0695	6.6336	6.8904	5.9002	8.2019	7.6215	8.3165	6.3507	5.6394	7.3603	7.5898	8.0327	7.2169	6.4256	5.9265	5.4037	8.0381	6.2079	7.6587	7.2486	5.5554	6.1393	6.0406	8.8014	8.1987	7.3813	5.9857	8.9739	6.1883	6.8924	6.6018	6.6526	6.332
EA_G__CACNG4	8.4308	7.5358	5.5674	8.1032	9.2906	6.8087	9.2541	5.6569	5.5719	5.8529	8.0835	9.0764	5.7716	5.8549	6.1478	7.1012	6.3777	7.839	6.7572	5.5176	6.431	5.6094	9.1382	8.0995	8.3302	7.8307	8.431	5.7591	9.7756	8.0782	7.9557	7.3151	5.791	5.8689	5.7018	8.4194	7.8612	7.2037	8.0248	8.5048	5.6487	6.6438
EA_G__PYCARD	9.443	5.8975	6.2016	7.4633	8.2937	5.8679	7.1821	6.5411	6.4667	5.8489	7.1847	7.4192	6.1353	8.2567	8.6562	6.1075	7.568	7.7418	6.1017	7.5823	7.0041	6.1024	8.4495	8.2378	7.7843	6.0251	8.0953	6.0005	8.4311	7.9519	7.989	6.2619	5.8926	8.3914	6.3681	8.4864	6.4585	8.0813	7.3974	9.0695	6.9469	7.0365
EA_G__MAGED2	10.2764	8.1489	7.8591	11.2059	9.1679	9.9061	9.181	7.7178	8.9631	8.9439	10.8694	9.4801	8.287	7.1551	7.058	7.963	10.5076	9.874	7.8358	9.0836	7.9886	7.5896	8.8158	9.5837	11.1899	10.0756	10.1298	7.5636	10.5231	10.9442	9.3951	8.0807	9.7287	8.416	7.7228	8.4196	8.9792	9.5787	10.1646	11.2238	9.4135	8.8541
EA_G__TSPAN13	8.9952	9.6423	8.1642	10.1182	9.6628	5.2331	8.9285	7.1263	8.3643	6.2564	10.0071	9.488	7.0469	8.4981	8.9186	8.9	10.0359	9.8295	7.9678	6.1771	9.4757	4.5718	8.6216	9.4154	9.1455	6.6857	9.4324	5.7384	9.4215	9.7858	9.0558	9.2686	9.1487	6.0293	5.9884	10.2356	9.635	9.965	9.7869	9.9264	9.7648	9.4508
EA_G__TMPRSS2	7.1443	7.2062	5.9505	7.4163	6.1494	4.76	5.2206	5.9465	7.398	4.4614	8.4729	6.5273	4.686	4.6026	5.5772	4.5393	8.7158	9.8984	4.5147	4.4592	8.9766	4.216	7.2592	6.7275	6.4975	4.3741	6.8914	4.2222	6.094	7.3281	6.4244	7.2688	4.3749	4.9769	4.5539	6.2306	7.1473	5.1128	7.3834	5.9248	4.9624	4.7479
EA_G__GPRC5C	7.6101	5.5189	6.1655	7.332	7.6822	5.3112	7.1347	4.7799	5.2041	4.9386	8.4073	6.3584	5.7559	5.6562	5.7216	6.4168	8.2749	6.6969	5.5993	6.833	6.1201	5.8081	6.4901	6.5073	8.4925	9.035	8.354	5.7161	8.8446	6.6127	7.499	5.8373	5.3311	6.0201	5.2279	6.8033	7.0565	6.8851	7.9923	7.874	7.6601	6.7807
EA_G__ETS2	7.6868	8.1544	7.7695	5.9882	6.7044	7.6179	5.7312	9.8797	4.4996	6.946	4.4589	6.0857	8.0416	9.1314	8.521	9.0216	4.9514	7.524	7.3306	7.2601	7.5177	8.7817	7.6743	7.6445	5.9571	7.8418	7.4479	7.4919	6.9607	4.9855	6.1512	7.8091	9.6944	8.9333	9.2659	6.9815	7.7872	8.1139	5.8419	7.1329	6.2789	6.8801
EA_G__SLC12A2	11.0489	7.7784	8.1504	10.349	9.1326	7.0937	7.5373	8.0808	8.0458	6.9817	10.8473	7.569	7.6518	7.232	7.8916	8.4272	8.3111	9.589	7.6019	7.7225	8.0086	8.9947	8.7156	8.6511	8.4487	7.1474	9.8399	7.7202	11.102	10.3887	8.4168	7.7307	7.6855	6.7804	7.0958	9.8354	8.7048	8.3015	7.5585	8.6366	7.4819	7.7776
EA_G__AKR1B1	4.6938	6.0548	11.1521	4.8622	4.4778	8.2157	4.4619	4.565	6.3662	10.5992	4.6497	6.9879	7.0157	8.1308	9.1844	5.175	5.4781	4.7671	8.4129	9.049	9.0045	9.0431	5.1215	5.0227	4.6497	8.4728	6.866	8.1635	4.946	6.5897	5.4319	5.2901	8.4605	9.627	10.232	4.7564	4.8857	5.1681	5.0863	4.8373	4.9029	5.9326
EA_G__PLS3	8.5024	8.5034	10.6252	5.8148	7.2577	10.2417	6.775	10.178	8.0677	8.6415	8.9161	8.5303	8.6841	9.4534	9.3802	9.6655	3.6126	9.0918	10.7811	10.4548	9.9395	9.3095	7.2571	2.9423	2.9913	8.6509	6.9315	9.6195	7.9502	9.2696	7.3506	8.6755	9.637	8.4954	9.0071	6.3094	7.9355	8.0676	7.7958	3.0837	7.5616	8.325
EA_G__ATAD4	8.9675	6.5076	5.3802	8.0263	8.0542	4.5523	7.5399	8.0394	5.9508	4.8296	10.7967	7.4212	4.1336	4.5672	4.7596	5.2565	8.1361	8.0676	5.5651	4.2357	7.043	4.1056	7.2902	7.5689	6.5886	3.7982	8.0822	4.8914	9.0888	8.2291	7.5073	7.1289	4.5322	5.1374	4.3119	7.2446	7.4827	9.1193	7.2602	7.8865	8.9783	8.279
EA_G__CAV2	6.8437	4.5018	8.4908	3.7097	5.5046	9.6475	3.2968	9.8419	4.7699	9.5411	3.41	6.384	6.665	9.7361	10.2366	8.8897	6.038	6.3564	9.7925	9.8782	9.1849	9.3055	6.8317	4.985	4.251	9.9149	5.9759	8.7015	5.0696	5.7687	3.9831	6.1201	9.4274	10.0236	8.9668	6.5462	7.0424	6.8936	3.7499	5.2992	4.0191	4.5273
EA_G__SACS	4.5844	5.5065	5.7151	4.387	4.7922	8.2338	5.5884	6.3576	7.2455	7.5184	5.6008	4.9033	5.9435	6.2962	5.4477	5.9335	3.4612	3.5737	6.839	6.8542	4.146	8.3747	5.1792	4.7755	3.6428	6.9225	3.9677	7.6452	4.2029	3.5922	4.7532	5.8038	8.5415	5.6956	7.7867	4.8587	4.2936	4.3439	4.6223	5.3828	4.3278	6.2313
EA_G__LY6K	4.7598	4.7912	5.9445	5.0371	4.4493	6.2608	4.5636	7.6438	5.4813	7.4329	5.0743	4.619	4.7229	6.0532	5.3105	6.539	4.8457	4.6299	5.1488	6.6308	5.6369	8.7196	5.0864	5.319	4.4846	6.7941	5.142	6.5263	4.8837	5.1368	5.6165	5.3571	6.0195	6.9862	7.0719	4.7227	7.4067	5.2135	5.0951	5.0453	4.7443	4.7605
EA_G__TSKU	12.5261	10.4098	10.2759	10.0709	10.5018	8.0717	8.4689	7.1433	10.1	8.2356	10.138	9.9115	8.9901	9.4814	8.8597	10.2607	7.4604	9.0707	9.5202	8.8872	7.3872	7.2081	10.0431	9.9799	10.943	7.8837	11.0263	7.442	10.6057	9.2151	10.5632	9.4929	6.7049	9.298	8.0439	10.2988	10.1936	11.6453	7.6531	9.7677	5.5515	7.3182
EA_G__COL4A2	6.36	6.061	6.9582	5.9927	5.6818	9.1358	5.6938	8.5657	5.8659	8.1435	5.706	5.736	8.5431	8.8082	7.6081	6.3498	6.3264	6.3447	9.6397	9.1724	6.1702	9.4784	6.189	6.2593	5.9015	11.3453	6.2475	7.8284	5.8093	5.7943	6.9666	6.5292	6.5386	8.0359	6.3432	6.0159	6.3401	6.3543	6.1933	5.9988	6.2438	5.8257
EA_G__IDH2	9.4084	9.0203	8.5981	10.3873	10.7588	8.0667	9.7965	8.2773	9.6941	9.8823	9.9588	7.8733	9.0831	6.1131	8.6125	8.1028	10.0996	9.1842	8.4942	8.9461	10.4002	6.776	9.5467	9.9548	9.1699	8.3399	10.0707	6.7409	10.4101	8.7147	7.8956	9.5364	8.6078	8.1004	7.7049	8.7028	9.0819	9.8275	10.3343	9.4696	10.5446	9.3732
EA_G__CA12	10.374	7.2275	4.013	8.3578	10.6613	4.4665	10.0681	3.8395	4.2274	6.9445	8.9946	11.4745	4.5173	5.784	5.8456	4.7064	9.3657	5.8182	4.881	5.4007	5.0197	7.2481	9.8496	8.5533	10.4266	4.9112	10.2303	6.35	8.8736	9.9468	9.5013	9.0564	7.9017	6.3439	8.7456	9.0545	4.6293	9.4214	10.2797	9.0996	8.3877	8.6511
EA_G__COTL1	5.9198	7.0348	10.274	6.6603	7.9471	8.8765	6.1352	8.5549	7.4247	8.4905	6.565	7.2202	7.2821	9.2408	9.7896	9.7695	6.152	6.8316	9.2709	9.1656	9.3668	8.8264	7.2009	7.0144	6.3387	7.8644	6.9472	8.3797	6.4174	5.9237	7.2764	7.4072	7.7958	7.976	9.0746	6.9195	7.4659	7.2679	7.4007	7.0112	6.5166	6.9788
EA_G__ABCC11	4.9799	5.0771	4.4868	8.9135	5.5246	4.3409	6.068	4.3488	4.5022	4.3945	9.0536	6.4968	4.3846	4.531	5.3781	4.6172	7.1058	5.5215	4.3978	4.2837	4.7067	4.5984	4.5406	4.9815	5.9853	4.152	8.7674	4.4954	7.3019	6.4495	9.0235	6.726	4.427	4.9806	4.4854	9.756	7.5508	8.4576	9.3681	8.0366	9.5692	4.8818
EA_G__WWP1	8.0302	8.9967	7.7907	8.8018	9.7101	8.1978	8.8679	8.3785	7.5529	7.4231	11.3334	8.4612	8.6495	7.1267	8.5063	7.861	8.4297	8.3236	7.9304	8.7833	8.4192	7.9482	9.4423	9.7243	9.689	7.8338	9.6395	7.7268	9.4123	8.1499	8.3365	9.3644	7.2959	8.2918	7.7756	9.3304	9.3449	8.0658	7.9781	8.6656	8.7748	8.939
EA_G__RAB31	6.2049	8.207	8.5769	5.1319	7.9678	8.6318	4.3346	8.3939	5.9684	8.6436	7.7198	5.0101	5.8852	7.9053	7.1351	8.5096	7.6748	5.9347	8.1378	9.1231	7.3167	8.2348	7.1382	6.757	5.0177	9.0757	5.5734	8.3771	6.9554	8.1439	5.658	8.7785	10.5171	8.111	8.5574	4.3963	6.72	4.3758	6.537	7.7962	5.6415	6.0797
EA_G__TC2N	8.5979	9.0717	6.9775	9.3938	7.3508	3.3223	8.2578	6.9443	9.7443	3.7734	8.8806	7.6394	5.7542	7.1173	6.7638	7.7872	8.326	8.4157	6.5571	2.5474	7.8365	3.1031	7.5099	7.5506	7.6286	3.4834	8.7449	4.5382	8.6498	8.2854	8.3271	8.4929	3.1594	6.1981	2.9353	9.1398	8.8122	7.8362	8.1402	8.2774	9.4791	8.1944
EA_G__C17orf28	9.3617	9.729	7.4386	9.6197	10.0389	5.5952	9.5722	6.3666	6.9129	5.2734	10.3721	9.0304	5.4402	6.5831	7.025	7.3859	10.3392	8.2773	7.1557	5.8027	7.1023	5.3634	9.1167	9.277	9.1052	5.3589	9.2435	6.1912	11.1353	8.8997	11.0475	9.6716	5.6045	6.3796	5.9321	9.479	9.5063	9.3071	9.6105	9.9773	10.4072	10.4021
EA_G__ITGA5	6.3772	6.5342	7.6128	5.4102	7.6442	7.8303	4.9929	6.7368	7.765	9.1896	7.0523	5.2835	7.3501	8.4005	6.6512	8.1923	5.8672	7.09	7.8664	9.0643	8.8209	11.1238	6.6621	6.3823	6.1907	8.059	6.6655	7.7972	6.2126	7.0346	5.9778	6.1176	8.4345	7.5599	10.4308	5.1878	6.8545	7.1407	6.7302	6.2623	5.62	7.8886
EA_G__ANXA9	8.5276	6.7661	8.291	6.2682	9.5791	4.8888	9.4956	5.0476	5.9137	4.926	8.2202	8.4838	6.7228	5.7918	5.6264	7.0057	8.458	6.7506	5.056	4.9114	7.3041	4.9863	9.2851	9.9914	8.5984	5.2292	8.5816	5.3425	8.1028	9.0798	8.036	7.942	5.0301	6.1862	5.2573	7.8449	6.669	8.2312	8.9961	8.5833	6.7036	6.1409
EA_G__FSTL3	6.2606	6.7712	7.4701	6.6243	7.9925	8.29	6.6981	7.3862	6.3513	6.9988	6.7904	6.481	7.0656	7.7062	6.8675	6.8262	7.524	6.3215	7.57	7.4797	6.2131	8.9828	7.7468	7.4046	6.4834	9.5208	6.8041	7.4653	6.6931	5.9216	7.1502	7.1409	7.4427	8.0244	8.7911	6.6813	7.3778	6.5094	6.7341	6.7612	6.8778	7.3586
EA_G__CTGF	7.8838	7.0133	5.9156	5.884	6.0218	9.3777	5.681	7.7782	6.5942	7.1026	5.7885	5.882	8.7018	6.664	6.8898	6.9109	5.8146	7.1419	8.6485	7.6684	6.5018	10.62	6.0448	6.3716	5.976	7.6168	6.9053	8.8141	5.7406	6.065	6.5061	6.6274	9.1454	7.3645	8.134	6.5749	6.6338	6.6145	6.0636	6.0606	5.9837	6.0465
EA_G__FJX1	8.3967	5.5806	6.0986	4.9649	6.9083	9.0274	6.719	9.9085	6.8217	6.0156	5.9123	6.1875	9.0239	10.8651	7.8271	8.5625	6.4561	7.6401	8.2594	7.1323	6.3296	8.4796	7.4508	5.7965	7.8509	8.9907	7.6792	8.713	6.5637	7.2206	7.9145	6.3355	8.3063	8.4438	8.6121	7.8131	7.6374	7.4963	7.972	7.0963	6.8239	7.4267
EA_G__MEGF9	7.0461	6.094	6.6923	8.7061	7.4811	5.822	7.6443	5.9558	7.2222	6.1581	6.9122	9.1405	6.0661	6.5113	6.1046	6.7453	7.5722	6.5073	5.9738	6.1278	6.3046	6.2887	7.6627	7.5047	7.6915	5.9312	8.2692	6.1493	9.7645	8.6638	7.6239	6.2421	5.741	5.513	6.3937	7.5167	7.3731	7.5806	8.0296	7.315	8.3711	7.4477
EA_G__HBEGF	5.9666	5.7872	5.8554	4.9068	5.1174	9.3836	5.6136	5.5354	5.6776	5.656	4.9952	5.2972	5.4996	8.232	7.5528	5.0328	5.0985	5.4704	6.2009	5.3934	5.9594	7.3717	5.279	5.3204	5.4978	6.9636	5.6472	9.1191	4.8683	5.0741	5.512	5.1797	6.7088	5.5459	7.5776	5.4672	6.9455	5.2866	5.6012	5.0115	5.3434	4.9792
EA_G__TBC1D9	7.4411	8.3535	7.1464	7.6125	9.4084	6.2048	8.2922	5.6316	6.1005	6.2244	8.751	9.4283	6.6935	4.8845	6.4304	6.9985	7.2152	7.8677	6.602	6.7832	7.9176	7.5388	8.4629	10.3338	8.8604	7.3339	8.5367	7.0702	9.0012	8.2913	6.6536	7.897	7.062	6.6687	7.2625	9.282	7.6497	7.818	7.18	7.4421	7.7944	8.5484
EA_G__SPDEF	9.8828	10.1908	7.4018	10.7931	10.5658	5.6685	11.013	5.9359	6.1425	5.7703	10.7443	9.8237	6.0475	6.0136	6.4407	7.5494	10.9979	10.0929	6.9762	5.6718	6.3194	5.7139	10.0469	10.246	9.7584	5.6466	10.4039	7.0764	10.5661	10.3098	10.5877	10.0553	6.1331	6.4231	5.9152	10.0886	9.922	10.6581	9.6624	10.226	11.1169	10.8329
EA_G__STS-1	5.2033	5.2244	9.0503	4.6973	4.8157	5.8729	4.6605	8.0688	5.1083	7.3136	4.7549	4.4609	7.6737	8.3529	8.4559	8.6415	4.9514	5.1812	8.8066	7.7323	7.8819	8.4816	5.1073	5.0474	4.5253	5.032	5.6294	7.8078	5.5263	4.3696	5.545	5.6356	5.6818	6.8601	7.5785	7.1292	6.3024	5.5028	5.2742	4.7396	5.0443	5.2837
EA_G__LLGL2	9.3921	8.6915	7.7394	9.2172	8.9636	6.2317	8.8119	8.2638	8.0503	6.7246	8.8674	9.3444	7.2747	7.7949	7.7966	7.8608	9.2732	8.3801	7.9179	6.2965	8.1822	6.0368	9.5561	9.9449	8.5159	6.5672	8.6457	6.5173	10.4167	8.8447	9.2616	9.2767	6.1906	7.5902	6.2778	8.6172	8.4538	8.1435	8.5877	8.313	9.276	9.4724
EA_G__FZD4	5.7889	5.5317	4.9638	6.8595	6.2736	5.6885	6.4988	5.8109	5.3941	5.7167	7.1435	6.711	6.2492	4.9652	5.1574	5.9502	6.668	7.0618	5.2136	5.9353	5.5518	5.8336	6.0994	6.4704	6.0318	6.509	6.4918	5.6264	7.4599	7.0075	7.1602	5.3609	5.5266	6.1938	4.6597	8.953	6.7156	7.3894	6.5705	7.5894	6.2159	5.0788
EA_G__FAS	5.2964	4.3814	4.7546	5.5666	4.5598	6.8075	4.351	3.9808	4.755	7.461	3.7128	4.5233	5.2159	7.0657	6.6827	6.6267	4.4217	3.9523	6.3324	7.5096	6.4286	6.8271	5.7738	5.2312	4.1912	6.2432	5.2975	5.7043	5.0033	4.0033	4.6971	4.0116	7.1214	6.6558	6.8109	4.5431	6.5784	6.22	7.0896	4.4007	6.1656	6.8306
EA_G__SLC4A8	6.1742	5.1797	5.22	5.3497	7.4196	5.5149	7.0729	4.7902	4.6576	4.9181	7.7206	6.37	4.0643	4.2266	4.0046	4.6154	4.2819	6.0253	4.535	5.4474	4.6531	5.2518	6.505	6.7182	8.218	5.5374	7.7695	3.9907	5.7194	7.9154	6.8865	5.8841	5.7113	4.5121	4.2936	7.778	6.5599	8.222	6.0153	9.3627	6.9785	6.2058
EA_G__C1orf181	6.0922	6.8042	6.9163	6.2983	6.4502	7.5148	6.2355	7.2417	6.3709	8.0289	6.8713	6.4078	7.3561	7.3965	8.3549	7.1615	6.2919	6.9633	7.1618	9.3678	7.1704	8.0049	6.3537	5.9378	7.2237	6.9216	6.434	9.0789	6.4776	7.2327	5.7429	7.3017	8.0185	7.5216	7.3962	6.9983	7.1642	6.34	6.8331	6.3512	6.2779	6.1141
EA_G__XBP1	11.283	10.9214	8.6686	11.4285	11.4319	8.6723	11.3432	8.5408	9.0517	9.4895	11.6752	10.8517	8.688	9.1233	8.734	9.1933	10.7393	11.2423	8.6586	8.207	9.7409	8.5637	10.908	11.5332	11.3709	8.4505	11.6948	8.6487	11.8604	11.6993	11.4718	10.6695	8.502	8.3625	9.0461	11.0474	11.1889	11.1636	10.9799	11.4501	11.6409	11.6006
EA_G__ABCA3	7.4898	6.1001	5.9275	6.9381	8.2598	6.5877	8.6685	6.65	6.4291	6.0702	7.5984	7.7157	6.836	5.8417	5.8612	6.15	7.1337	7.2382	6.8044	5.8351	6.2413	5.5762	8.3807	7.7083	7.8356	5.9727	7.5575	6.7002	7.2912	7.0449	8.915	7.0031	6.1109	6.1814	5.8895	7.1448	6.7524	7.366	7.6447	8.529	8.656	8.3675
EA_G__GPR160	6.7527	6.9782	5.0229	8.0657	6.759	3.3556	7.1076	4.229	4.4657	2.9609	9.3959	7.726	4.058	3.7191	5.921	4.7387	7.6326	6.9804	4.7694	3.446	5.8982	3.5785	7.7744	7.445	7.3926	2.9737	8.141	4.3088	7.3759	8.3753	7.7969	7.1789	2.9307	3.3042	3.8572	7.0867	5.9659	8.1528	7.8124	7.3001	7.6953	7.3985
EA_G__ATP7B	6.2045	5.8567	5.7373	8.4859	7.6758	5.5861	8.0376	6.1909	6.562	5.3359	7.9776	9.3079	6.3782	5.2183	4.7565	5.8059	7.0642	5.7551	5.9086	5.888	5.2875	4.8425	6.5883	6.4678	5.873	6.1273	7.1474	5.1534	9.4854	8.2401	5.8082	6.645	6.3643	5.7143	5.6434	6.7281	6.2771	6.1749	6.2514	9.3683	7.6427	6.5602
EA_G__RGNEF	6.9163	5.1707	6.6724	5.1212	5.9837	7.0069	4.4255	7.2348	4.4193	5.3951	5.1416	5.8542	4.6841	5.83	6.7003	6.3058	4.5828	6.5711	7.0896	5.7102	6.5727	7.1543	5.4774	5.2531	5.5288	5.9654	4.809	8.1703	6.927	8.3318	4.6278	5.009	6.7815	5.8973	7.0404	4.5557	6.4503	4.7937	6.0358	5.403	4.7764	5.6277
EA_G__SIDT1	5.7225	7.4447	5.3904	8.8752	8.5645	4.6729	8.5319	4.3608	4.6682	4.3873	8.7279	8.8931	4.4944	4.8537	4.7245	7.2688	7.7584	7.114	4.5267	4.2934	6.0595	4.3148	8.2739	8.5397	8.675	4.4179	8.167	4.9182	8.5383	9.0785	8.1899	7.1021	4.6199	4.8109	4.4668	7.8236	7.9261	7.9518	8.588	7.5637	7.6898	6.1964
EA_G__BAG2	3.8525	4.3299	5.1524	3.8546	3.7077	7.7073	3.4446	6.687	6.4005	6.3219	6.2911	4.5582	8.1386	7.9545	7.1173	6.8822	6.5667	4.381	6.3286	7.4399	6.2299	7.9982	5.0232	5.4682	4.334	7.5584	3.3871	8.1211	5.4731	4.2242	4.7056	4.5241	8.2828	6.9224	8.5168	5.2833	6.1298	3.6269	5.8246	5.7192	3.7646	3.4296
EA_G__GBE1	6.8244	7.5239	8.155	6.3966	6.5794	8.5971	6.6869	7.4889	4.9943	8.6312	7.5394	6.471	7.5278	7.1057	7.6762	7.967	6.3813	5.8657	7.6057	8.2961	6.5153	9.4952	6.8885	7.5212	7.8519	7.2937	6.8441	8.7027	6.8781	5.6533	7.102	7.1436	8.6559	8.4116	9.5431	6.0081	6.5628	6.1145	7.2027	7.5811	7.0531	6.4247
EA_G__PERLD1	7.9981	10.4494	7.2334	11.5309	8.5186	7.0395	8.0143	6.7798	7.5363	7.5751	11.7835	7.7075	6.0197	6.9121	6.5128	11.3772	10.5844	8.5531	7.9337	8.1056	7.9547	6.9567	7.2717	7.3187	7.6108	6.8706	8.1096	6.7476	10.1259	7.7315	8.2906	10.1853	7.6784	7.1932	6.6914	7.5985	12.8771	7.0808	7.6174	10.9271	8.078	7.8159
EA_G__PHF8	7.432	7.4992	7.1941	8.277	7.5931	7.2066	7.3436	7.0351	8.1385	6.6316	8.829	8.0481	7.5933	7.2677	6.7328	7.239	10.0678	7.7279	6.3823	7.1054	6.4405	5.9305	7.6451	7.324	7.7133	7.3858	7.8437	6.9463	8.6278	7.5576	7.5714	7.3043	6.3657	7.0032	6.7677	7.1694	6.4064	7.9412	7.6525	7.6297	8.6022	7.9915
EA_G__POP4	6.4803	6.6788	7.411	6.6816	6.9569	7.7712	7.3211	7.6491	6.848	7.1331	7.0684	8.0056	9.9441	8.7022	7.0002	7.1696	7.0652	6.8093	7.0532	7.1648	7.1037	6.9117	6.9608	6.8777	6.5974	8.3278	6.5059	6.7758	6.7085	6.9417	6.7721	7.2435	7.8658	7.2947	7.7843	6.562	7.2743	6.2605	7.2599	7.7461	7.1184	7.4755
EA_G__GNG12	7.9257	8.0554	9.1125	6.9215	6.2823	9.5214	5.0723	8.6155	6.8475	8.645	7.8236	7.2029	8.1673	7.6447	8.9862	8.8599	7.5179	7.3246	8.9495	9.2848	9.2523	10.1455	5.2669	6.6554	6.6615	8.7552	6.672	9.0735	6.6523	8.8439	7.2152	7.7602	9.7441	7.9395	9.8269	7.4973	8.4644	7.8464	7.0967	6.8414	6.0561	6.6101
EA_G__RND1	7.3143	8.2366	5.1518	5.5848	8.1345	5.2959	7.5678	4.9253	6.6945	4.833	6.5432	5.3653	4.8394	5.688	5.355	5.6049	8.3402	6.4109	5.1296	5.0251	5.5654	4.655	7.389	6.8855	7.5082	4.321	9.0383	5.229	6.9107	7.667	7.8736	8.9453	5.08	5.2271	5.1002	6.2484	6.2849	5.9817	7.1618	8.9243	7.8627	6.9375
EA_G__MAP4K4	6.8339	4.283	7.8822	6.9846	6.6211	7.6195	6.5829	6.9551	7.9128	9.6361	4.6415	6.9167	7.5113	7.577	8.575	7.535	4.2391	5.8437	7.5774	7.9209	6.8842	8.4149	6.9634	6.292	7.0002	8.0307	6.2858	7.2345	6.2708	6.4071	4.8013	4.4212	9.5851	6.9638	7.773	6.0739	7.3778	6.2682	6.226	6.4416	6.0425	6.3334
EA_G__DEPDC6	7.4503	6.6941	5.2717	9.1632	7.448	4.9752	7.5121	6.4015	6.416	7.052	8.3884	8.0948	6.8441	4.7516	5.8902	5.8436	7.74	8.5968	6.2251	6.0457	7.4547	9.2139	6.8396	7.695	8.225	7.3615	8.3302	5.541	9.0918	9.6198	7.432	8.03	6.4449	6.1382	5.6161	7.127	9.8221	6.946	8.0294	8.5831	6.7683	7.0533
EA_G__GPD1L	7.1581	8.4613	5.3985	8.9161	7.7328	6.4188	7.7827	6.2488	5.9624	6.2165	8.38	7.4073	6.0314	6.2961	6.7928	7.0246	7.647	9.6036	7.1174	6.939	6.6889	6.1596	8.6801	8.5606	7.1846	6.3214	7.8672	6.7807	8.9259	7.8841	8.5556	8.1451	6.377	7.0466	7.118	8.1813	7.3485	8.142	7.77	7.872	8.385	7.5835
EA_G__CYR61	8.1331	7.5718	8.3996	6.2582	7.0497	10.1687	6.6562	8.8232	5.6125	7.8517	6.3522	6.707	7.4924	7.1965	9.2169	9.0015	6.8394	7.3317	9.6694	10.232	7.091	10.623	6.3553	5.982	5.9694	8.6434	7.9536	11.0584	6.8937	6.6652	6.7454	8.1061	10.084	8.4031	9.4395	6.6971	7.8889	6.4717	6.9073	7.0874	6.1877	6.0361
EA_G__ZNF652	7.5137	6.6796	7.1304	9.1134	7.658	5.4265	8.0263	7.5657	6.1455	6.1679	10.4217	8.3293	6.9403	6.4695	6.4805	6.6269	8.7194	7.371	6.6141	7.0294	6.8064	6.2259	7.3028	7.8102	7.151	6.7251	7.2562	6.172	9.0124	7.6468	7.4323	6.5588	6.6853	6.6539	6.3657	7.335	8.4527	7.8613	7.2296	8.3435	8.7495	7.6069
EA_G__TM7SF2	7.362	8.6146	7.5175	10.6738	8.9356	7.777	7.8977	7.2251	9.5359	6.8147	9.1668	7.9039	6.7241	7.7442	7.9366	7.4522	10.2226	8.5326	7.6531	7.0171	7.4679	6.3437	9.5635	10.0085	8.6953	6.465	9.4025	6.9611	9.7289	8.2619	9.9341	8.013	7.0973	7.8511	5.806	9.5896	6.8613	8.2324	10.641	9.5627	9.7151	9.4245
EA_G__KIAA1324	9.1151	8.7391	5.5267	9.9689	9.3165	4.7668	10.7206	4.988	4.7104	4.92	9.8157	9.2718	5.0802	4.8433	5.3249	5.2066	8.5814	8.9328	5.2349	4.8067	6.1461	4.7633	8.0162	10.4682	9.8777	4.8393	8.4161	5.5117	10.5581	11.1607	8.8761	8.3421	5.2686	5.0444	5.1043	8.8778	10.1644	9.1857	8.7249	9.1258	9.4421	8.6387
EA_G__OSMR	7.3804	4.082	9.4472	5.802	6.8804	9.497	7.2103	7.7341	7.646	9.3854	7.0832	7.2204	9.4997	8.1243	8.2112	9.4281	4.1859	3.9004	8.415	7.5476	9.8494	9.3473	5.7608	5.667	3.9652	9.6437	5.9028	8.3514	6.6129	4.4232	5.7495	3.6578	7.5476	8.4167	9.3045	6.6755	6.9844	7.2652	7.6885	7.1203	6.7778	4.7162
EA_G__ALDH3B2	7.8751	9.1519	7.5805	11.3608	8.8077	5.8866	9.7334	6.4255	8.223	6.1384	9.5823	7.6199	7.7955	6.3071	6.4469	7.0901	10.0377	10.2674	6.2786	6.047	6.1466	5.7429	8.5602	9.6127	10.4301	5.6515	9.014	5.9874	10.8628	9.2617	9.5867	8.9624	6.0873	8.4091	5.947	8.3315	10.3339	9.1412	9.1133	9.2081	9.9559	8.9847
