Cell lines	600MPE	AU565	BT20	BT474	BT483	BT549	CAMA1	HBL100	HCC1143	HCC1187	HCC1428	HCC1569	HCC1806	HCC1937	HCC1954	HCC202	HCC2185	HCC3153	HCC38	HS578T	LY2	MCF7	MDAMB134VI	MDAMB157	MDAMB175VII	MDAMB231	MDAMB361	MDAMB415	MDAMB453	SKBR3	SUM1315MO2	SUM149PT	SUM159PT	SUM185PE	SUM225CWN	SUM52PE	T47D	ZR751	ZR75B
Response	-1	1	-1	1	1	-1	-1	-1	-1	1	1	-1	1	-1	-1	1	1	1	-1	-1	1	1	-1	-1	-1	-1	-1	1	1	1	1	1	-1	1	1	-1	1	-1	-1
U133A__ST14	6.2778	7.5491	6.1897	6.5451	6.0697	3.9898	6.2206	4.1856	6.3367	7.2561	6.6181	4.9063	6.9803	7.7047	7.101	7.5368	7.1576	7.4406	4.7531	3.7092	6.126	6.1322	5.9004	4.5615	6.1623	3.929	6.3002	6.4807	6.4503	7.2871	4.9825	6.7263	4.1953	5.3351	6.6592	5.1746	8.3697	5.7941	6.2579
U133A__TNNT1	8.2819	4.9891	6.4262	4.9956	8.3311	7.8062	8.8016	7.7009	8.3106	4.9018	7.2426	7.0991	5.6489	5.7277	7.4717	8.1012	5.7509	7.0071	7.2158	8.2758	7.1092	6.2331	9.388	7.8218	8.5365	7.2242	6.7944	6.3568	7.4262	4.9607	7.6684	6.2444	5.7386	6.0627	4.8809	8.7274	6.5307	7.9068	8.7371
U133A__FASN	10.7788	11.1828	8.2497	11.2606	9.3724	9.1052	8.5659	8.5505	7.7698	10.3198	11.0689	8.5587	9.2366	8.003	8.7145	11.0383	9.0543	8.8339	8.8259	8.0922	10.2977	10.5056	8.8362	9.0354	11.1126	9.0868	10.2173	9.2182	10.1033	11.7652	8.8803	9.9972	8.5825	11.0307	10.3351	9.0381	9.5315	10.1347	11.2674
U133A__DCTD	6.7368	5.2551	7.543	5.1467	5.2233	6.3193	7.0626	6.6695	6.191	5.2222	5.2165	8.2899	7.0776	7.2563	7.3378	4.372	5.1893	5.3932	7.6038	6.8982	5.9638	6.1875	3.9253	7.3325	7.087	8.1583	6.0793	6.8102	6.0422	5.4363	7.4175	8.6957	7.8895	6.5288	6.9611	7.7797	6.4909	6.6284	7.042
U133A__GNE	5.3352	5.3076	6.8641	5.2581	5.499	6.5008	5.4021	6.5984	5.967	4.4695	4.7172	5.5494	5.0627	6.9256	5.3405	4.9399	8.1098	5.192	6.4608	5.9888	4.7223	4.7803	5.7832	7.899	6.9789	6.4229	6.856	6.3987	5.8493	4.9721	5.7542	5.3722	5.1636	3.8687	7.4947	5.399	4.9661	6.238	5.4946
U133A__ATP2C2	6.3307	6.2095	5.2594	6.78	6.1865	4.7505	6.4084	4.8405	5.4049	4.9367	6.2669	4.6402	5.5946	6.105	5.0725	6.6704	6.7137	6.1365	4.8823	4.6599	6.1516	5.6878	5.0964	4.7406	6.6441	4.5629	6.3763	7.4543	5.9877	6.6966	5.0115	5.5817	4.528	7.6748	7.6835	6.0596	5.6751	7.0079	5.4811
U133A__CLDN4	7.8095	7.8886	6.8892	7.4307	8.0102	4.3947	6.203	4.3468	7.5458	8.2974	7.4553	7.4055	6.5293	7.7536	7.9433	8.4582	7.7545	7.8168	6.8585	4.6864	7.6706	6.9713	6.7166	4.3184	9.4105	4.2514	7.1352	7.4668	6.7302	8.1243	4.5668	6.7523	3.8645	9.26	8.5318	6.2457	8.066	7.5057	6.617
U133A__LSM1	7.8171	7.8623	8.5086	7.9043	9.1836	9.2115	9.878	8.3231	8.0733	8.0605	8.9855	9.4091	8.2982	7.8836	8.2887	7.7397	8.4755	8.3307	9.7167	8.9638	8.561	8.0476	11.3265	9.5951	8.9668	8.5705	9.2838	8.1226	8.8467	7.9526	8.0793	8.1342	8.5197	8.9891	7.9489	10.2265	7.9451	9.487	10.0421
U133A__SIDT2	5.8856	8.986	6.2933	7.3246	8.4842	6.6145	6.7782	5.5119	5.727	7.0085	7.2121	6.4307	6.7302	6.8686	5.6188	6.7115	8.9948	6.3065	6.9148	5.7854	7.1027	6.6763	6.7265	7.3668	6.6904	6.4539	7.618	6.7863	7.0954	7.2985	7.8062	5.4073	6.5306	8.0395	7.2792	6.6182	7.7683	7.4488	7.262
U133A__TTC39A	6.7363	7.9537	4.4192	6.888	8.6528	3.8361	6.2428	4.2693	4.6311	5.2211	9.349	4.463	4.6581	5.3975	4.1091	5.2844	6.965	5.4051	4.311	3.7661	4.5869	7.2805	6.8676	3.4222	5.9355	4.2968	7.8908	7.3398	7.8998	7.1437	4.1734	3.6019	4.3341	7.0522	7.0384	6.696	7.1654	6.5769	7.4901
U133A__PRSS8	8.8288	8.984	7.5482	8.4017	8.4845	5.5972	7.5995	6.1579	7.1231	8.7157	7.8521	7.897	6.8913	7.7276	7.1033	9.1171	9.0244	7.8961	6.167	5.8126	6.6594	7.696	7.6602	5.2863	8.842	5.6892	8.4368	7.7911	7.8115	8.3283	5.4722	7.4115	4.5504	10.1071	9.5346	6.0866	7.2982	8.0536	7.1875
U133A__BMP7	5.505	7.1792	6.1026	10.2899	5.9915	5.5804	5.844	5.7056	5.7479	5.7537	6.1111	6.2167	5.7013	7.6113	5.7656	5.9684	8.3614	7.0256	6.2535	5.8496	8.2441	8.6872	5.7141	6.8215	5.6201	5.4503	5.7334	5.8301	5.615	8.7775	6.0241	5.685	5.5064	5.6985	7.0329	5.9278	5.9429	5.5512	5.6131
U133A__CRIP2	8.2574	9.2634	6.3153	9.209	9.9678	7.8746	8.3415	6.5901	7.7681	8.0402	9.0021	7.6044	5.5453	6.6722	6.6952	9.1442	8.8685	7.8221	7.9649	7.3507	8.6357	8.6983	8.9642	6.3079	8.3729	5.1886	9.2302	8.0924	7.8109	8.3547	8.1304	6.4487	5.4693	9.8773	9.8924	7.1792	9.294	9.0175	9.4029
U133A__OBSL1	6.4514	8.9967	8.0289	7.8813	8.0845	7.8676	6.4196	7.4034	6.992	7.3861	7.9661	7.1877	6.5112	6.835	7.0874	7.2713	9.4103	5.8645	7.4016	5.0045	8.8911	7.6113	6.4547	7.3043	7.8238	6.2485	8.0171	7.5013	8.824	7.9762	6.5707	7.5554	5.2249	7.6849	9.4082	7.1551	5.7054	6.569	5.8275
U133A__TM7SF2	6.3544	7.7736	5.9613	8.9903	7.2452	5.9644	6.5563	5.6411	7.4551	7.1445	7.2359	5.6688	6.2564	7.1204	5.884	8.8806	7.2668	6.8554	6.8658	5.6277	7.5725	8.4942	7.3491	5.3969	7.9643	5.339	8.007	7.0843	8.3892	6.8779	5.8961	6.7959	5.3671	7.9074	6.0172	6.2127	9.688	7.5838	7.4074
U133A__CLDN3	7.7269	8.5775	5.1292	7.7776	9.2494	4.7725	8.7299	4.6935	8.1731	6.2573	8.0305	4.4347	5.0398	6.8845	4.4998	10.8392	3.9735	3.9722	6.2876	4.6249	8.2015	10.1075	7.6582	4.2289	5.683	4.4656	7.8263	8.3076	7.829	7.6463	5.0252	5.2019	3.7519	9.1572	10.4226	6.5411	9.7858	5.8151	7.4535
U133A__CTNNAL1	6.8072	5.2576	9.176	6.5586	5.9492	9.2333	6.7237	8.9145	8.725	5.2291	7.0447	7.3007	9.0378	6.3929	8.7139	6.2145	6.4033	6.7594	7.8544	8.1258	6.7643	6.5967	7.0346	9.6872	6.7579	10.2032	7.1815	7.3743	6.467	5.4645	8.052	8.7128	8.9356	7.388	4.743	6.401	7.5563	5.9706	7.1552
U133A__PPID	5.7543	5.0949	7.5725	4.7081	6.3369	6.4077	6.4478	6.511	5.1869	5.9801	4.6728	6.5156	7.3894	7.1278	7.2762	4.8877	4.8359	4.6655	5.973	5.6947	6.2058	5.1748	7.1153	5.4494	5.3947	6.7744	6.0593	5.3653	5.694	6.1165	5.3484	6.8163	7.1574	5.5997	5.9419	5.023	4.7731	5.197	6.5643
U133A__AUTS2	8.2188	8.3114	4.5825	8.4291	7.2653	7.3927	3.7114	4.054	5.8691	8.7868	6.4949	8.1057	6.1945	7.6533	4.4486	7.6466	8.6231	6.8757	5.9822	4.3504	6.3258	5.1607	5.2775	4.39	8.7609	4.093	3.561	7.8198	8.4658	6.084	4.5523	3.3971	4.0043	7.8252	9.0873	7.7387	7.5901	5.5548	5.9426
U133A__ADAM9	7.4142	7.5275	9.0774	6.2804	7.4135	9.3027	7.6696	7.8921	7.9906	6.0137	5.9751	8.8245	8.3077	7.2497	8.5078	4.5828	7.6816	7.525	8.4688	8.2258	6.0776	6.0747	9.3548	8.2242	7.6408	8.4356	7.7889	7.5672	5.8249	6.8231	8.4699	7.364	7.1854	9.0709	8.6927	10.3643	7.8763	6.5808	6.9047
U133A__KIAA0182	8.7175	8.7547	8.2326	9.4399	8.9626	5.5927	8.9031	6.2784	7.0695	8.2032	9.5198	6.5335	7.1268	7.6521	7.6461	9.0573	8.5395	7.194	7.6429	6.6802	9.3437	9.2681	7.1592	5.5687	8.3507	6.8539	9.4821	8.1927	8.8215	8.4014	6.3604	6.768	6.9346	9.4211	8.9541	8.2608	10.1651	9.5845	8.7069
U133A__ERBB3	9.0074	7.5004	6.4014	8.3846	9.4643	4.1332	7.8718	3.9425	7.0488	7.2396	8.1221	7.1116	6.5673	7.1065	5.2443	8.1957	8.2884	6.1232	6.1179	3.9223	7.4837	7.907	7.5422	5.1573	7.8977	4.7362	8.49	7.7735	8.3471	7.8318	4.3134	6.0561	4.2768	8.8454	8.2685	6.8618	8.571	8.3354	7.6055
U133A__AGR2	10.3169	10.6821	4.8118	11.0027	11.4133	4.8801	9.5473	6.1277	4.7238	4.9574	5.6983	5.7322	9.8422	7.8487	8.9628	11.0145	11.018	5.5521	4.8807	4.9432	9.0223	9.5307	5.3115	4.1066	11.5908	5.8781	10.7955	11.9865	9.8595	9.5144	5.8546	5.7616	4.7808	12.2035	10.6989	11.3355	11.4831	9.3155	10.4286
U133A__KRT19	11.6554	11.9776	10.9191	11.935	12.491	3.995	11.6489	4.3819	10.8671	10.3292	12.2228	3.8177	10.8381	4.5913	4.6342	12.1027	12.4618	11.0216	10.3341	3.831	10.65	11.6347	12.2467	4.0939	12.0447	7.2772	11.6624	11.784	10.9377	12.0028	3.9802	10.1275	3.2941	11.8623	11.6439	11.4468	12.1604	11.9516	11.561
U133A__HIST1H3H	4.5987	5.0394	5.7959	5.2954	7.0262	5.1973	7.1901	4.9072	5.2309	5.1804	7.7752	4.9774	5.3258	6.7115	4.903	6.9369	8.3387	5.3894	8.3287	4.5073	5.3057	6.6563	5.6775	4.9412	4.668	4.3556	8.4879	6.8346	6.7291	5.1044	5.9021	5.0129	4.7309	5.8351	6.2272	4.5009	5.9355	5.2029	5.5379
U133A__VIM	5.8226	4.9592	5.965	7.7481	5.6063	11.6511	5.8908	11.3859	11.3821	8.7797	5.3502	10.7222	4.9413	5.8206	9.4913	6.0127	5.6946	10.5693	11.5151	12.5403	5.7703	5.8608	8.4895	12.7467	6.4138	11.4408	5.516	5.4939	5.091	5.6462	12.9893	9.5774	12.4633	5.4996	5.2009	5.4907	5.7024	5.528	5.1392
U133A__ITGA3	7.0347	5.904	8.7863	7.0003	6.2149	8.0259	6.2689	8.8922	7.8936	5.0259	6.8603	5.3603	7.6743	7.3976	8.3943	7.9867	5.562	7.1843	8.7137	7.4535	6.6455	6.406	6.3636	8.2664	6.2884	7.5132	7.5224	6.7249	6.8296	5.5944	6.0298	7.3832	7.7502	5.8839	6.4267	6.8074	5.8556	5.7229	5.9956
U133A__RAI14	5.8045	6.8528	7.6505	6.5191	4.7329	7.1977	6.3754	8.5524	6.2722	5.5801	7.0817	6.0818	7.393	5.9586	7.2175	5.1903	4.9184	8.4573	6.3942	6.5584	5.6957	5.9513	5.9509	8.3284	6.7127	7.995	7.088	4.6179	5.8292	6.033	4.3547	5.7551	7.8314	6.3683	4.7881	6.0277	5.7235	4.2361	5.793
U133A__PTPLA	5.6938	4.6823	8.4154	5.182	6.3219	10.3468	6.3568	6.56	6.7459	5.8693	5.5657	8.0611	5.5909	5.7785	6.5564	4.3065	4.9583	7.3047	7.8945	6.1322	5.8509	6.5989	6.5047	9.4651	5.5866	7.4552	6.2385	5.0439	5.0779	4.2583	7.0215	6.8608	6.9817	6.4239	5.1713	5.2383	6.5071	4.9885	5.9094
U133A__SGK1	4.5039	4.9334	6.1785	4.7827	5.0255	8.6493	4.9394	7.5162	7.9635	4.3632	4.5738	6.4205	8.1867	7.2171	5.7353	4.9836	4.2787	5.4377	7.4515	7.7563	5.059	5.5643	4.8025	7.6973	4.6129	7.0334	6.3626	4.4837	4.4109	4.9636	8.6062	6.7889	7.1807	4.5583	5.3698	6.1684	4.7328	4.6854	4.8292
U133A__PMP22	5.2565	4.7053	5.1463	5.1319	5.4801	8.5525	5.7927	6.8597	10.0992	5.4421	5.429	9.3067	5.4072	5.1737	5.345	5.2663	5.9816	6.3296	6.8562	8.2183	6.5357	9.0143	7.1606	8.7543	9.7452	8.7851	6.3452	8.5414	4.8371	5.3986	8.7837	6.0432	7.9716	4.706	4.6818	5.7261	4.7756	5.5308	5.6785
U133A__DAAM1	5.7712	6.9394	6.7256	7.4256	9.1201	5.7426	6.5441	7.2811	5.5412	5.8286	7.3134	4.3108	6.1768	6.3515	5.6336	5.6113	9.0542	6.947	5.6935	4.2798	6.7682	7.0736	7.5356	5.712	6.5563	4.2843	6.6937	6.402	7.1325	6.6966	5.278	5.2773	4.3674	7.2789	7.6872	5.4127	6.6933	7.2217	7.1886
U133A__HES1	7.2466	7.8362	6.8655	7.9131	6.4896	5.1651	6.9367	6.6125	7.8518	7.9219	7.5594	6.5368	6.5024	7.6893	6.658	8.8103	9.585	7.7168	6.5411	6.0367	6.746	7.2969	6.5532	6.3761	7.2673	5.6609	7.8519	6.9642	6.1492	7.3558	5.9077	7.0221	4.6059	7.9363	7.6559	7.3246	7.1297	7.1431	5.8228
U133A__ABCC5	6.6226	8.0779	7.8607	7.1449	7.6776	6.8408	8.5504	6.9079	7.4246	7.1746	9.5645	7.9864	8.1341	7.9396	7.1158	7.6418	9.4831	7.1401	7.208	7.2144	8.3302	7.7177	6.6558	7.0907	7.519	6.9575	8.0859	7.7665	8.0521	8.6714	6.9314	6.6645	6.9156	10.0979	6.9137	7.4944	8.5541	7.0478	7.2983
U133A__ASH2L	7.6539	7.106	8.131	7.6494	10.8951	8.5314	9.22	7.8935	7.5736	8.1569	8.175	8.2125	7.7153	7.5994	7.691	7.65	8.0986	7.5654	8.62	8.0532	7.6117	7.6926	11.06	8.0895	7.7328	7.9855	8.1322	7.3696	8.1864	7.1923	7.7714	7.6423	7.6905	7.7051	7.6894	9.0066	7.6147	8.7789	8.7874
U133A__ST3GAL5	9.5805	6.4839	6.6923	7.1715	6.4751	6.5116	7.1656	7.0327	6.8297	6.4177	6.6646	6.2875	6.5189	7.4825	7.0233	8.0535	6.7829	6.2111	6.6579	7.1331	6.6666	7.2166	7.8029	7.2347	7.3281	7.1366	8.5636	7.8383	6.8596	6.6984	6.6962	6.5316	6.736	6.7353	6.6495	8.4997	6.4642	8.0021	6.7229
U133A__ARL4C	5.0372	5.4113	7.4864	6.7865	5.2082	8.6102	5.4432	6.8605	8.2727	5.3763	5.1972	5.7854	6.2923	6.6579	6.6568	5.1034	7.1242	6.4012	8.4927	8.1936	5.7452	4.8309	5.8689	8.3712	5.9178	7.2348	6.0425	4.1099	4.347	5.107	9.1009	6.2938	4.6692	5.4439	5.5883	5.766	4.7769	6.1871	5.0522
U133A__ADORA2B	6.2311	6.1615	8.2451	5.3114	5.5734	8.4773	5.51	7.5576	7.9456	5.3852	6.126	7.0501	8.6464	7.6821	8.9669	7.12	7.1201	7.0246	7.5635	8.0401	6.1847	5.779	5.1524	9.0234	6.3393	8.2953	5.5289	6.2769	5.5188	6.1711	7.4778	6.8111	6.6939	5.2126	6.4237	5.9435	5.4204	6.1897	6.3068
U133A__NDRG1	8.6805	9.5465	6.8656	10.7596	9.778	5.7369	8.7552	7.21	8.7441	8.9747	8.2843	8.3586	8.4558	8.8067	7.6502	10.4825	8.7344	8.4931	6.3697	7.8216	6.8145	8.2818	7.5775	7.4456	7.5	6.9756	7.9262	7.0386	8.4733	10.6886	7.7033	8.1369	6.9465	8.0954	9.5387	8.3876	6.9584	10.0224	6.6565
U133A__CLIC3	4.5666	8.3548	7.3076	6.491	6.4612	3.6425	6.6116	3.7317	6.5625	4.1162	9.4396	3.2494	4.1193	7.3005	3.2852	3.8082	7.8558	3.5136	3.8325	3.4001	4.7747	7.6637	4.0788	3.6152	7.5984	3.714	6.3844	4.7366	7.8342	6.9665	3.6517	3.9377	4.0323	7.4723	8.2999	4.2879	9.4402	5.9785	6.9891
U133A__CTSL1	7.8798	7.8217	7.3628	6.5576	7.0167	9.757	7.4496	7.435	7.0288	6.4798	6.048	6.8949	7.4235	7.4542	8.3773	5.337	6.2641	7.0943	8.2269	8.3916	7.4346	7.6	8.0089	8.9738	6.7347	7.4494	7.8617	7.5577	5.7749	7.5965	10.5886	7.5244	7.4769	6.9951	6.5554	7.7098	6.1703	6.2306	6.448
U133A__PIP	6.4355	7.3069	6.3157	7.061	7.2807	6.2596	6.2897	6.2978	6.4685	6.4454	6.2459	6.3056	5.9752	6.0752	6.4284	10.9177	6.7761	6.4129	6.1173	6.2892	6.0998	6.2914	6.1608	6.1202	10.0061	5.8344	7.7157	6.8376	7.9615	7.0196	6.1485	6.3994	6.1424	11.8405	8.7615	6.0735	11.2874	7.5776	6.1976
U133A__SORL1	5.7086	8.3488	6.9424	6.2947	7.7962	3.6815	5.7057	4.7523	7.3847	5.8328	7.1687	4.6981	6.6514	5.1493	4.9174	6.5956	7.6933	5.6486	4.043	4.3902	5.4828	4.6985	6.2511	4.3243	7.3687	3.9044	7.8562	7.1221	6.9027	7.7997	4.4591	4.9864	4.7273	7.0604	8.2421	7.5793	7.4088	6.4981	5.8997
U133A__PPL	7.2713	8.6978	8.5532	7.5989	7.4733	5.343	7.0375	5.1253	7.7172	7.1606	6.3943	5.6236	8.6777	7.8406	6.9215	7.4366	9.0138	6.3552	6.8729	4.9562	8.1627	7.1625	6.2894	4.9658	7.221	5.0623	8.1619	8.0623	6.3576	7.8424	6.0512	6.4286	4.7362	7.7004	9.3791	7.1074	6.9717	6.9001	7.5252
U133A__ZHX2	6.6374	9.2638	6.7542	7.8713	7.8561	4.9952	6.5017	6.1914	6.0232	7.4021	7.1239	5.0842	5.9716	7.2131	6.5772	6.5952	8.4563	6.9501	6.0953	5.4724	6.7913	7.4885	6.2762	4.9739	7.7711	6.05	7.6426	6.7416	7.0132	6.648	6.059	6.029	4.8623	6.4096	7.6708	6.0315	5.7254	7.2085	7.0087
U133A__TRIL	6.45	7.691	4.9883	5.7803	8.2706	4.3206	6.0987	4.2621	4.8923	6.7164	6.9271	4.5574	4.0993	4.5377	4.618	7.1587	7.1386	4.4006	4.3815	4.3545	4.9991	5.0011	7.308	4.4089	5.3409	4.5657	5.6758	4.9838	5.7791	7.6403	4.4034	4.3459	4.6801	7.0693	7.903	5.9149	7.3008	6.3898	4.6888
U133A__TSPAN13	9.6774	10.0953	8.3777	10.249	10.7603	5.511	9.5712	6.4062	7.7338	7.6575	9.9233	6.7565	9.5285	9.5561	9.2752	10.1883	10.611	8.413	7.5481	5.4571	9.1734	9.4408	9.5767	7.3108	10.1409	5.6786	10.1128	10.3424	9.7301	9.8614	8.6711	6.8176	6.1061	11.0026	10.0425	11.2545	10.2015	10.0917	10.3821
U133A__ACAA1	6.1633	8.8997	6.6984	5.2632	6.5332	6.3551	7.0217	5.9495	6.3772	6.4261	7.1641	7.3011	6.5595	6.1541	6.6504	7.2811	7.0428	6.9482	6.9299	6.6822	7.7278	6.912	5.4479	7.0365	7.5844	6.3811	6.9764	7.9024	6.7552	9.1231	6.4906	6.7173	6.0876	7.3427	6.9957	6.6535	6.6359	6.6572	6.2702
U133A__KRT8	10.7115	11.2525	11.4126	11.1708	11.8105	4.6994	10.4767	8.954	9.9402	9.7313	11.932	8.4941	8.913	10.6646	11.1743	11.3477	11.4994	9.9269	9.5922	5.7145	11.6793	12.1159	10.506	7.5837	11.0665	8.3426	11.2063	10.4653	9.1194	11.5414	4.6224	9.8963	8.3775	10.5897	10.994	9.9593	11.9459	9.9995	11.4816
U133A__EIF2S3	6.3171	6.1488	6.323	6.434	6.8048	8.3513	6.7127	8.3434	6.2297	6.0425	7.2102	7.0259	5.7992	6.53	8.2659	6.2587	5.7805	8.1589	5.5754	6.8843	4.8921	5.6091	6.3863	7.1686	6.7465	6.0282	6.882	5.9506	6.6388	6.2181	6.6393	6.6974	7.4484	7.9685	6.1071	7.6833	6.4436	7.5603	6.9873
U133A__GOLGA7	7.8627	7.1818	7.7299	7.3188	9.2393	8.597	9.1869	7.9219	7.8963	8.1613	8.3657	7.9391	7.8112	8.6586	8.9611	4.8743	7.9552	8.1564	8.4016	7.8128	6.9887	6.9504	7.3033	8.6761	8.0589	7.7669	8.218	6.831	7.5845	6.547	6.8417	8.3803	7.5855	8.834	7.4587	10.2354	8.4365	9.4111	9.0354
U133A__IL6ST	7.5935	7.0793	6.0749	5.4211	8.567	8.125	7.0206	8.2546	5.2974	6.534	6.7419	6.7623	7.3269	7.0733	6.731	4.2533	6.9801	7.0261	7.9029	8.7535	5.2886	5.2522	9.4937	7.2806	7.1899	7.3972	7.6621	8.1222	3.4946	6.5663	6.341	6.8491	8.4642	6.1815	7.4497	7.8678	7.8973	6.8129	6.5801
U133A__RANBP6	4.7934	5.0371	6.4418	4.2429	6.3425	6.7217	6.3532	5.6877	5.4548	5.4428	4.5938	5.5795	5.5374	6.4931	8.7863	6.1904	4.0948	6.9804	7.1459	5.7405	5.2136	5.2393	5.9539	6.3699	5.797	5.9788	5.2613	6.0678	5.228	5.0434	4.4442	5.6174	7.2921	6.6713	5.6587	5.6978	6.412	5.5102	6.0529
U133A__DPYSL2	6.5499	4.3957	6.3934	5.6905	6.9064	9.755	6.403	6.8983	8.6685	6.876	6.4028	8.1874	7.4548	6.1458	4.9671	4.0143	5.8342	7.3601	7.5697	9.3498	4.9229	6.4398	8.4362	7.9753	6.9726	7.9353	6.4448	4.2048	6.5866	3.6449	9.0406	8.4346	8.7608	6.6997	7.2071	7.204	5.519	4.2719	7.339
U133A__PSMD6	8.5665	8.6993	10.152	8.3642	8.8256	9.7455	8.3163	9.927	8.2829	8.6801	8.2862	8.5112	8.5596	9.2404	9.5267	7.448	8.3989	8.7111	8.5784	9.7554	11.9775	12.0073	9.7716	8.8803	8.9574	9.6493	9.3167	7.7253	9.076	8.5109	8.6482	9.3608	9.6836	8.4333	8.8076	8.7697	8.7334	9.3153	9.1403
U133A__BIK	6.79	6.6526	5.7028	7.7609	7.8101	4.4661	7.2407	5.8664	6.9484	5.4635	5.8565	5.8302	7.4245	6.541	6.2117	7.1457	6.5191	7.3676	5.0893	6.005	6.0503	6.236	6.6067	5.2379	7.4079	5.0096	7.3216	7.224	8.0241	6.3969	5.3947	7.7769	5.5715	10.0292	8.47	6.3561	5.6218	7.1572	6.2503
U133A__HIST1H2BK	7.8626	9.2518	9.6636	9.211	10.265	7.7061	10.2513	7.472	7.6802	8.4455	9.6962	8.8744	9.1657	10.3357	8.5626	10.2075	11.4476	8.3287	10.8107	7.4624	9.4798	10.0636	8.8671	9.2992	9.3189	8.3553	10.3908	10.9972	9.5832	8.6993	9.5496	8.6964	7.2105	9.793	10.1358	9.1875	10.0889	9.1856	8.8304
U133A__HIST1H2BG	4.8283	4.2641	3.7738	5.0005	8.9158	4.5763	5.5262	4.2147	4.4331	5.2718	9.2574	5.3945	5.7249	6.471	4.4167	7.7626	6.6603	4.5105	7.4535	4.0378	5.3949	6.6731	6.9855	5.2408	5.3898	4.1684	8.9951	6.9417	6.9214	4.4134	4.9449	4.4145	4.68	5.8657	6.7726	3.6731	5.8628	4.8942	4.9211
U133A__PRNP	6.1952	7.6265	8.3038	4.4988	6.3549	8.3473	2.8621	7.7789	8.8473	8.0052	3.5182	8.5845	9.0397	9.2202	8.6949	3.0417	6.9932	8.0449	9.5522	9.3616	5.659	4.5659	3.7609	8.366	6.9978	8.3535	5.8395	3.3305	4.0872	7.1137	7.4428	8.3248	8.0389	5.8058	8.428	8.4491	6.0263	4.5816	5.6471
U133A__FGFR1	6.1557	5.7798	5.7379	6.852	7.4678	7.5789	7.3779	7.6334	6.7737	8.6157	6.1787	6.737	5.9285	6.0116	5.8635	6.4269	6.623	6.2015	9.3113	7.4059	6.7359	6.0403	11.6578	8.0272	8.3604	7.1029	8.2599	6.0409	6.4628	6.1317	8.3245	5.7774	7.9791	6.489	7.6248	7.2695	6.4819	7.4521	7.6142
U133A__NEBL	7.1562	7.471	6.4486	7.9659	8.3793	4.4277	8.0852	4.1247	8.1581	5.8258	8.7265	4.729	4.5974	6.1047	4.8275	6.2376	8.4438	4.7794	5.3089	4.5196	7.2791	7.7379	7.7128	4.3245	6.2351	4.2596	7.1621	7.8028	6.5042	7.6328	4.692	4.966	5.6682	9.7977	8.5099	6.3427	7.0842	8.448	7.1828
U133A__ALDOC	6.5777	8.3205	6.2278	6.6705	8.4622	5.9173	6.748	8.2793	8.3786	7.6054	6.2571	8.268	6.8246	5.9627	7.5516	9.5103	6.3166	7.6059	5.9395	6.084	7.2912	7.7475	7.8802	5.3038	6.7481	7.1603	6.11	6.5345	6.1454	8.8374	6.2906	6.7714	6.409	6.929	8.0066	6.3134	7.7955	6.2557	6.2591
U133A__MT1E	7.8851	7.3809	10.9472	7.1994	7.283	8.052	7.2057	10.8902	8.2554	6.7525	10.3763	8.6888	9.325	7.7407	8.1952	7.4243	7.1704	8.6778	10.2166	10.4822	6.9449	7.3634	7.9805	8.8841	8.1675	11.072	7.7895	10.3548	7.9851	7.853	10.6588	10.8935	10.8512	7.4854	7.5278	9.3421	7.187	8.0755	6.722
U133A__PLXND1	8.0278	8.0521	7.2243	6.8569	8.0591	6.1152	6.932	6.9463	6.7389	7.6025	7.7119	7.432	6.9718	7.012	6.7294	7.4985	8.5089	6.3405	7.3005	7.1712	7.5315	8.1479	7.045	8.3326	9.6295	6.9015	7.1637	6.9815	8.0254	6.8911	7.248	7.013	6.1165	9.3213	7.7929	7.2942	7.5523	6.6068	6.7508
U133A__SASH1	6.8729	8.0514	6.5801	6.2097	6.3274	5.5121	5.0593	5.4916	6.3964	7.9624	5.8275	5.5587	7.1532	6.4264	4.9592	5.8088	8.5103	5.5314	5.4471	6.0764	5.3468	5.6008	4.5609	5.7093	6.2216	6.4312	4.7488	6.2194	8.058	7.0212	7.7444	5.3774	6.1138	6.2486	8.2544	6.7125	6.0433	5.8784	5.0383
U133A__RAB6A	8.3478	8.1354	7.602	9.6089	8.5203	8.235	7.0744	6.9855	7.5458	8.9785	9.6511	8.2605	8.7391	8.1772	8.2082	6.8947	9.3203	8.6921	7.8781	7.1215	8.4947	8.5233	10.7149	8.1531	8.4794	7.9162	7.769	7.67	7.9761	8.2774	7.0141	8.7486	7.4315	8.176	8.9419	8.722	7.9143	7.9982	7.7061
U133A__TGFB1	5.9513	4.8708	6.8974	5.4725	7.8468	7.6091	5.426	8.1271	7.5996	5.0132	6.1979	6.213	7.3059	5.6044	5.7321	5.3338	5.1609	5.4784	8.1482	9.5736	6.1038	7.11	6.7	9.5702	4.9982	7.0412	7.021	5.5408	5.1952	5.4666	7.4693	8.4618	8.5279	4.7022	5.8055	5.0334	5.4006	5.4893	7.0574
U133A__PSIP1	3.5886	6.4073	6.6162	5.1188	6.6778	8.2756	6.8945	8.4135	6.4199	7.555	4.4933	6.2788	6.1165	7.4217	8.1103	6.3365	4.5639	7.2935	9.1106	6.9717	5.5604	6.5724	7.9387	7.1031	5.4963	6.9404	4.8731	6.4635	5.4842	6.0784	4.2305	8.8722	6.341	5.5796	5.5895	6.4744	5.9734	5.742	7.0488
U133A__H2BFS	7.6939	8.14	9.1665	9.0151	9.4825	7.5511	10.0856	7.8887	7.4697	7.0381	9.6266	8.3781	8.1802	10.1758	8.4017	10.2471	11.3662	8.0953	10.2003	7.2868	9.2405	9.6227	8.6025	9.2039	8.9019	7.7851	10.0234	10.8112	9.3547	8.8394	9.4932	8.0654	6.9914	9.1738	9.0903	8.557	9.8876	8.7904	7.7033
U133A__AXL	4.5848	4.3447	4.36	4.6163	4.3957	9.7332	4.3709	9.0689	7.011	4.3959	4.4975	4.5981	4.2906	4.9826	5.1863	4.9555	4.2474	5.2312	9.2723	10.475	4.5906	4.4261	4.7784	8.3136	5.0443	10.3645	4.1508	4.614	4.2537	4.0831	9.5546	7.5369	9.6852	4.2137	3.971	4.2126	4.5153	4.2859	4.2316
U133A__MALL	5.9594	9.6574	8.4122	5.7996	5.7681	5.5609	5.355	5.4016	7.6983	5.6344	5.9818	6.1853	8.6162	9.3676	10.0543	8.2866	8.4348	6.8244	7.0931	5.675	8.3023	6.3252	5.9264	5.4322	6.7314	5.8379	5.7292	6.607	5.6076	6.8833	7.6292	6.4668	5.7006	6.9903	8.1516	5.6005	6.0371	5.5443	5.7131
U133A__LGALS1	9.2382	7.7525	11.1622	5.8446	8.8126	11.9757	12.336	12.3419	12.1952	11.1399	10.6651	11.5613	8.1987	9.9206	10.3303	10.8452	5.0472	11.7356	11.486	12.9455	7.8464	8.893	10.3526	12.5884	11.124	11.6327	5.2613	11.3986	10.2053	8.8885	12.472	11.6862	11.8188	5.4749	9.8542	9.5798	11.0411	6.0697	8.6626
U133A__MT1F	8.8457	8.4682	11.449	9.0415	8.2996	9.723	8.3702	10.1491	9.3606	7.3736	10.1497	8.895	9.2237	8.6485	10.1593	8.2385	8.1514	9.0099	10.0446	10.7	7.8613	8.0034	8.7306	9.3064	8.6793	10.6159	9.1573	10.5503	8.8884	8.8961	10.4918	11.0993	11.1161	8.3957	9.5437	9.1751	8.0095	9.2106	8.4788
U133A__MT1X	8.4084	8.2002	10.7098	8.1249	7.4471	9.3471	8.3782	9.6993	10.0479	6.6892	9.4273	8.2086	8.6822	8.4598	10.1523	7.0356	8.178	8.9091	10.0628	10.1184	6.7858	7.3453	7.4573	9.6321	8.505	10.0782	8.8258	10.9035	8.2451	8.777	9.7324	10.4715	10.7999	8.8989	9.62	9.7216	6.9663	9.2386	6.7383
