Cell lines	600MPE	AU565	BT20	BT474	BT483	BT549	CAMA1	HCC1143	HCC1187	HCC1395	HCC1419	HCC1428	HCC1569	HCC1806	HCC1937	HCC2185	HCC3153	HCC38	HCC70	HS578T	LY2	MCF7	MDAMB134VI	MDAMB157	MDAMB175VII	MDAMB231	MDAMB361	MDAMB415	MDAMB453	SKBR3	SUM1315MO2	SUM149PT	SUM159PT	SUM185PE	SUM225CWN	SUM52PE	T47D	UACC812	ZR751	ZR75B
Response	-1	1	-1	1	1	1	-1	1	1	-1	1	-1	-1	-1	1	-1	1	-1	1	-1	-1	-1	-1	1	-1	-1	-1	1	-1	-1	1	1	1	1	1	1	1	-1	-1	-1
EA_G__TMEM45A	3.4262	5.435	6.4061	3.6833	3.8514	7.4132	3.5319	7.2249	4.0808	6.8617	7.5313	3.9416	3.8688	6.2257	8.9489	6.9746	6.5289	6.6702	7.6299	7.5793	2.931	3.9082	4.449	8.7799	5.8345	6.7967	3.7988	7.9835	4.2971	5.4476	8.3158	10.5267	8.06	7.0406	6.3913	8.6417	3.2231	4.2422	2.72	3.9655
EA_G__KIAA0195	9.2317	8.1195	7.5064	8.4064	8.8743	7.8452	8.7581	7.6728	8.2281	8.5923	7.9728	8.9658	8.4402	7.6967	7.5845	8.6972	8.2867	8.4437	8.0899	7.5258	9.0136	9.5723	8.7357	7.8019	8.1276	7.7026	10.6093	7.8048	9.2293	8.7163	8.6271	7.8546	7.5508	7.9325	8.4612	8.1096	8.3298	9.5459	9.2109	9.2433
EA_G__TSEN54	8.1719	8.2347	7.8821	7.9326	8.2435	7.3471	8.602	8.0255	7.8688	7.7773	7.9281	8.6685	8.0825	8.1462	7.6475	7.7482	8.202	7.3186	7.7329	7.1781	9.233	9.0618	7.7048	7.5306	7.8915	7.7392	8.7507	7.4928	9.2291	8.6467	7.5815	7.3676	7.6907	7.6974	7.5495	7.7498	8.2297	8.3159	8.2921	8.5669
EA_G__ANXA1	9.3451	3.6072	8.2376	4.0476	6.3945	10.2017	3.5434	10.6675	5.6443	9.7178	5.7747	3.241	9.4661	10.3797	10.7509	5.1369	10.5083	10.031	11.0436	10.0326	3.448	3.7029	7.6301	10.0666	7.3355	9.9841	4.7581	8.4359	3.764	5.1137	11.0653	10.5969	9.902	8.9069	10.2567	8.2487	5.7561	3.9458	3.0291	3.6732
EA_G__LOC349196	8.0785	5.8941	7.1981	6.0111	6.4224	5.6908	6.2716	6.8299	7.6618	6.563	6.8093	6.4141	6.9354	6.3984	6.0345	6.0867	5.8519	8.2137	5.7968	5.9554	7.1532	6.387	7.7093	6.5907	9.0873	6.6802	6.4903	6.2809	6.5531	6.1947	8.5725	5.9682	5.9493	6.1833	6.0653	7.1536	6.0121	8.2888	7.5392	7.1371
EA_G__CD68	6.0924	6.7302	6.0095	6.0308	6.4705	7.2649	5.8231	6.8934	6.2509	5.9802	6.8145	6.0723	6.0712	8.627	7.2361	6.0436	7.2269	6.3077	7.2117	8.8449	5.9699	6.2632	5.9313	6.6335	5.9061	7.9657	6.0215	6.3502	6.6785	7.2136	9.2278	8.7606	6.985	6.1473	6.1914	6.0869	6.1949	5.9665	5.9869	6.4345
EA_G__CXADR	8.1242	8.319	6.2655	8.1395	7.1178	7.7775	6.8156	8.8884	8.8088	4.5049	9.7127	4.296	6.9281	7.6426	7.2309	8.571	7.8728	7.7685	9.1079	5.8523	5.5015	4.419	8.243	5.97	7.772	5.7844	8.1596	8.4086	8.1508	7.4478	6.0175	7.8805	6.1286	8.7646	8.0084	8.2033	7.7026	6.4509	6.9211	7.1124
EA_G__CDK6	7.6087	5.6752	6.3878	5.5281	6.6409	6.9192	3.5988	8.8538	6.6364	7.2937	6.125	4.3767	6.4356	7.7804	7.8837	6.8198	7.98	7.6771	7.5952	8.5033	5.7383	5.2545	4.2023	8.4198	6.2835	7.8416	5.6047	6.5876	4.1059	6.5554	8.4041	6.9278	7.5734	6.8846	8.3805	7.8478	4.3604	4.162	3.7064	4.1368
EA_G__SEMA4C	7.2719	7.5273	7.8625	8.26	8.6249	7.0002	8.0346	6.9744	7.4205	8.0985	6.9877	9.8344	8.6208	6.4917	6.9693	6.9843	7.2017	7.7054	7.3261	7.1737	8.8988	9.6211	8.403	7.4376	7.8696	7.3859	9.169	6.8374	6.8478	7.8752	6.9353	7.2155	6.8307	8.7622	6.9926	6.6063	6.5848	7.4099	7.6439	7.2913
EA_G__RIPK4	6.871	7.9736	8.8248	6.8823	6.6219	5.4194	6.2606	10.003	8.1762	7.5466	7.2891	6.9524	7.4303	8.3576	8.4394	9.9231	7.5356	6.5099	9.3756	7.0701	7.7119	6.9846	6.5311	8.9101	7.3793	5.9776	6.4471	7.8051	6.7761	7.9128	8.2782	7.9023	7.0163	7.7812	7.66	8.2183	7.8609	6.3054	6.0498	6.4884
EA_G__CASKIN2	7.6011	7.3359	7.6148	7.5427	8.1321	7.0714	7.8006	7.509	7.4029	7.4591	7.2616	8.3236	7.3482	7.4533	6.8615	7.2135	7.2855	7.1834	7.3138	6.7536	8.5084	8.6303	7.0034	7.2135	7.6133	7.2308	8.7965	7.2082	8.7073	7.608	7.3409	7.3259	7.1055	7.4963	7.711	7.4028	7.4153	7.9668	7.9551	7.8924
EA_G__ID4	7.8024	5.0792	4.903	4.5794	6.4651	6.3344	4.6568	5.3636	4.8892	5.1254	6.9305	4.3506	4.0953	5.9303	8.4764	8.1697	7.4511	9.0732	8.1833	4.4491	4.528	4.9054	4.5309	7.1718	5.2449	6.7376	4.9316	5.9511	4.8759	5.4081	6.3371	6.9028	4.697	4.5777	8.6466	5.0357	5.123	4.7612	4.1936	4.3441
EA_G__SNTB1	6.5174	9.0401	5.3419	5.6897	6.342	6.1939	5.2882	6.8135	7.5273	6.0278	5.2358	6.1383	5.151	5.3682	6.147	7.9611	5.7358	5.328	7.1994	8.4768	5.5713	5.5621	5.3527	6.4132	5.801	6.978	5.4164	7.0513	5.7734	7.048	7.0599	6.3088	7.2352	5.9782	8.8972	5.898	5.5137	5.5402	5.8036	6.2733
EA_G__HLA-B	8.4711	7.4001	7.564	7.8785	10.145	8.659	8.8232	10.2468	11.5916	10.9769	8.2343	9.3756	10.1463	9.8807	10.8919	6.2673	9.6772	10.3952	11.7262	8.4608	7.3551	7.809	9.6782	11.5422	8.044	9.0422	9.097	10.7292	7.2297	6.9933	8.6785	8.4225	9.2525	9.1078	11.7874	8.7936	10.5236	8.7379	6.9556	7.6713
EA_G__SLC39A6	9.2354	8.7066	6.8348	9.8987	11.072	9.1401	9.4509	9.1186	8.8211	9.4959	9.367	8.848	8.7179	8.074	7.218	8.486	8.159	9.8133	7.98	9.0263	10.0833	12.0608	10.1142	7.9438	9.1761	8.3452	10.0745	7.693	8.3266	8.3122	7.6699	8.8951	8.9497	8.1689	7.9465	8.1477	8.6689	9.8579	9.9621	12.6056
EA_G__GNG12	7.9257	8.0554	9.1125	6.9215	6.2823	9.5214	5.0723	8.6155	6.8475	8.645	7.8236	7.2029	8.1673	7.6447	8.9862	7.3246	8.9495	9.2848	9.2523	10.1455	5.2669	6.6554	6.6615	8.7552	6.672	9.0735	6.6523	8.8439	7.2152	7.7602	9.7441	7.9395	9.8269	7.4973	8.4644	7.8464	7.0967	6.8414	6.0561	6.6101
EA_G__TFF1	11.84	6.7837	4.897	11.4404	12.9215	5.4971	7.8702	4.3741	5.1241	5.0018	11.8255	12.4366	5.5277	5.3954	4.6693	8.9703	4.6936	4.9862	5.1043	4.7645	11.9278	12.3462	9.3139	4.4746	11.1606	5.7316	11.3324	5.6288	8.5496	6.452	5.3551	4.8953	4.847	10.6487	5.5541	5.7562	7.7064	12.854	6.1027	12.0692
EA_G__HIST1H3H	8.0395	8.3123	9.9021	7.9551	8.3334	7.9503	9.9355	7.9839	7.7339	8.6948	8.1968	9.514	5.0676	8.5702	8.9289	10.4743	8.0081	9.1569	8.4908	8.4286	9.1932	9.1026	8.7539	7.6105	4.8362	7.5247	10.4119	8.6725	8.9047	8.3972	8.2755	7.9758	8.375	8.8441	6.6582	4.9978	8.2214	6.5902	8.2874	8.3204
EA_G__C3orf14	7.1203	7.3072	6.0211	7.9076	7.1029	6.9583	7.4013	2.6217	4.8057	6.2124	8.1857	7.2363	5.9098	4.7573	6.6061	7.1222	5.897	5.4185	5.5153	6.8306	8.5062	8.6206	8.6997	5.5483	6.1287	6.9514	7.3778	5.6174	7.1317	7.1147	5.7149	5.6834	7.1176	6.801	6.5169	6.6653	5.9565	8.4885	7.6724	6.9621
EA_G__AKR1C3	8.0916	5.8327	8.5037	3.7726	4.7068	5.4481	3.7124	7.3325	6.3418	10.6601	6.7336	3.9747	3.603	9.7453	7.0165	4.4783	8.7665	8.2096	9.9154	5.3562	4.0953	5.5774	4.9131	6.6928	6.7088	5.1815	4.8762	10.6157	4.4237	4.1457	4.9186	6.397	8.0434	8.6478	10.3838	6.251	4.6757	3.9799	4.0118	4.8184
EA_G__MUC5B	9.6932	6.4361	5.9022	6.9314	7.7404	5.8684	6.7346	7.1014	5.912	5.8945	5.7874	6.5453	7.6719	6.1315	5.7623	6.0889	5.8992	5.7273	6.1171	5.8392	6.768	6.814	6.4839	5.7219	7.028	6.0495	7.1666	5.8982	6.7563	6.287	6.0671	6.2929	6.0471	5.946	6.0624	6.3067	6.072	9.8801	6.2141	7.8827
EA_G__RNF145	8.2864	8.9906	7.8601	5.9042	6.4469	8.2399	3.6986	8.1927	6.4509	8.8975	4.383	6.8288	6.957	7.388	7.931	6.8248	7.964	8.0655	8.2727	9.2999	7.2541	5.8841	5.5607	8.7718	5.3762	8.5754	5.0477	9.0789	5.5689	8.0365	8.8456	9.6135	7.7868	7.1606	8.1719	8.3063	7.5792	6.3729	6.331	6.4106
EA_G__DAPK1	8.9532	4.6543	4.198	4.9839	5.432	4.4592	4.2831	8.6502	8.8307	5.3304	7.8309	4.8701	4.8078	5.0352	9.0553	5.5257	6.0966	7.5478	8.9386	4.2903	4.5903	4.4422	5.4142	7.3737	7.8863	4.1997	4.5624	8.8908	5.1879	6.1992	5.0654	8.4505	4.3745	6.9328	6.3755	6.2194	4.7905	5.8225	4.6603	5.1694
EA_G__HLA-C	8.1948	7.0379	7.4655	9.3222	9.7658	9.1193	8.0343	8.5693	10.3684	10.0251	8.0582	9.8213	8.6382	8.2471	9.9243	7.3347	9.6674	8.6105	9.6861	7.4422	7.2764	7.3082	8.3373	9.5616	8.6802	7.5842	9.789	8.9824	8.7418	6.7131	7.8177	7.9329	8.0271	8.2549	10.8568	9.1101	8.358	8.1519	7.0686	7.2261
EA_G__FGFBP1	6.3225	5.2148	4.9506	5.1963	5.1792	4.6488	4.6917	8.0087	5.957	5.0765	4.397	5.121	4.9933	9.6209	10.2994	7.3946	7.7014	4.9615	9.6788	4.4341	5.1536	4.7886	4.939	5.5871	5.5038	5.4156	5.1479	6.8693	5.6272	5.0578	5.0235	10.3758	4.803	5.459	8.9481	5.4596	6.1439	5.1489	4.7668	5.0402
EA_G__GREB1	7.7266	5.1994	4.9872	8.065	9.9004	4.9192	8.3065	5.0069	4.9788	5.0048	5.6605	10.3094	5.0213	5.124	4.7545	4.9551	5.1207	5.0989	5.1942	4.9357	8.9837	8.8045	7.495	4.9269	5.5524	5.4587	10.088	5.7659	5.3925	5.4098	4.7723	5.3523	4.9276	4.9994	4.9946	7.1014	8.7221	8.5094	5.2315	6.7104
EA_G__C6orf145	5.4036	8.3998	8.4855	5.2388	7.33	9.3274	4.84	7.6627	6.9175	7.2514	7.2355	6.1149	7.5599	8.4464	7.8633	8.7077	9.2521	7.4843	8.2029	8.7651	5.8759	5.2908	5.5396	9.2975	6.9192	7.5824	7.0897	5.7131	5.997	8.6844	8.3425	8.6219	8.6442	8.5776	9.1234	6.0272	7.1796	7.373	6.837	5.4988
EA_G__EXT1	6.9002	7.2851	8.0007	7.2317	7.4158	9.4078	6.2099	9.0509	8.0849	9.5899	7.5442	7.2337	7.5812	8.4481	9.2912	9.2087	8.4022	7.6371	8.1848	10.0477	6.7194	6.7105	5.5645	9.9259	7.4582	9.0962	7.2525	7.5283	7.3022	6.8852	8.3403	7.8279	8.393	7.9956	8.4691	6.9261	7.0398	7.4408	6.3569	6.7935
EA_G__SLFN5	6.3551	4.5627	3.6113	7.9279	3.3937	4.6782	3.8517	6.4659	5.4428	6.1726	3.1811	3.7721	5.7445	5.5597	6.1661	7.6382	6.6715	5.8769	5.0148	6.1858	3.8609	3.6344	3.7697	5.5046	6.4506	5.5264	7.019	6.8036	5.2233	5.1094	6.6307	6.8766	6.7561	6.619	7.6172	5.8034	6.9799	3.166	3.9379	3.9261
EA_G__CLDN1	7.6578	4.4763	7.2121	3.6507	6.0343	7.7638	3.733	8.0939	5.7666	3.4748	3.216	3.5243	3.5127	6.9894	10.0931	3.8193	7.6843	3.5462	9.1727	3.5493	4.7566	4.1826	4.1118	3.4928	5.8339	6.1981	3.949	8.7898	4.0297	4.9698	3.9423	6.8482	5.0792	4.6202	8.5755	6.5582	9.719	5.7492	8.6607	3.5972
EA_G__CASP4	6.3019	7.5155	6.7396	5.3109	5.4746	5.9578	3.3988	6.0738	7.8177	6.3475	4.2606	5.0249	4.6603	8.3937	7.5857	6.3506	7.6006	6.7481	7.609	7.1811	3.0831	4.2468	3.2894	6.8069	5.7767	7.2394	7.347	6.6588	5.7453	6.5478	4.3336	7.0875	7.6942	7.0168	8.686	5.509	6.2177	3.4534	6.0266	3.7952
EA_G__FAM129A	4.4658	4.7623	4.795	6.1347	5.1721	8.5183	4.2735	6.4053	4.962	5.4214	8.6954	5.6846	4.985	7.6132	6.825	7.5199	6.9124	5.1148	8.7647	6.4001	4.6473	4.9202	4.3877	6.4889	6.5003	7.2337	7.4601	4.9574	4.9803	4.5042	7.668	5.6631	4.6996	6.7856	8.5185	4.9327	7.5698	6.4192	7.4092	4.716
EA_G__KIAA1754	5.6979	6.2297	6.5357	5.8518	5.2852	6.9463	5.4686	6.2887	5.9089	7.0913	6.134	4.8143	5.9613	7.0933	6.3267	5.6172	6.357	5.9586	6.7698	8.4302	6.1948	5.7878	5.2799	6.2668	5.807	7.5315	5.084	5.6017	5.8272	6.0504	8.4361	6.3043	7.7256	7.0121	6.5976	5.8607	5.6484	5.4141	5.5	5.3359
EA_G__TMEM56	7.7003	6.8082	7.0164	6.0689	5.6643	7.0342	8.097	8.0119	7.1428	6.0235	7.4051	6.1252	4.771	4.294	7.3609	5.3324	8.349	5.8094	8.1211	4.7916	6.1513	4.5994	7.4412	6.758	6.6059	7.6663	6.6414	4.134	6.1775	6.9155	7.4303	7.7792	7.2751	7.7927	5.9365	7.1385	7.0724	6.8133	6.8511	6.2266
EA_G__OLFM1	5.8857	3.9473	6.2398	5.8982	8.1065	6.2281	6.9557	5.3196	4.0115	6.4145	4.1261	7.9889	6.0814	4.7644	4.0341	4.2864	6.6904	6.6777	4.3616	4.2975	6.4303	6.7448	7.8504	6.5676	6.8607	4.2142	6.1806	4.7398	5.1136	4.5497	4.3742	4.7118	4.6354	4.1064	4.4114	5.6	7.2333	7.2075	5.4123	6.6933
EA_G__SLC9A3R1	10.8284	10.4111	9.8632	10.9597	12.1339	8.7121	11.6704	8.938	9.3166	7.8985	11.4576	12.2228	9.8097	9.4062	9.2397	10.1126	9.0002	8.2983	10.211	7.7047	11.5891	11.5335	10.9539	7.5431	10.175	9.0363	12.6162	10.3807	11.9228	10.702	7.9923	8.16	8.1862	10.5458	9.9597	10.2024	10.9276	11.5295	11.3238	11.858
EA_G__TPCN2	8.8521	7.9813	7.1748	7.711	7.6641	7.3829	8.7998	7.9965	7.8396	8.0192	7.5535	7.3698	8.9345	7.5463	7.7012	7.6544	7.51	8.149	7.223	7.2046	8.0075	7.7043	9.9994	7.5842	9.0437	7.7263	7.5978	10.3492	8.0264	8.0715	7.3931	8.0012	7.5193	7.3771	7.2979	7.8551	7.7114	8.1412	7.9299	8.8507
EA_G__EMP1	7.3819	6.3911	7.2295	5.8153	5.7756	6.8032	4.0355	9.1487	4.3234	7.6364	4.3292	3.8499	4.3325	8.4222	8.4295	7.2113	6.964	5.7053	8.5989	7.4242	4.1604	3.8749	4.0779	5.7537	6.0598	7.2059	4.2582	6.4765	4.4231	5.8757	7.6785	7.6572	7.8355	4.3011	7.1448	6.9305	4.6827	4.4767	4.816	3.5023
EA_G__PFTK1	6.4434	4.6955	5.7636	6.7976	6.166	4.3015	6.6181	7.0255	7.2514	8.1983	5.1313	5.2688	5.6752	6.2696	7.1337	4.3274	7.3448	6.6948	6.5962	7.6551	4.7366	4.6529	6.7084	5.6797	5.2948	7.034	5.2519	7.2384	5.4197	4.6521	6.6485	7.9803	6.9505	6.8473	6.6428	8.2703	5.5371	5.1284	5.3968	5.376
EA_G__ELL2	6.8523	5.9738	8.4801	5.4848	6.3876	9.0239	5.5223	7.8213	6.2642	7.1177	7.3842	5.1636	5.7827	7.7042	7.7394	7.63	8.1983	8.1004	6.8832	8.7843	4.8266	5.4662	7.4627	7.4624	6.6419	7.7774	5.8231	9.4469	6.9037	5.7191	7.9853	7.358	9.1605	9.5203	7.4441	6.8344	5.428	6.024	5.6388	5.8718
EA_G__BARX2	6.797	8.389	5.7126	6.9133	7.188	6.252	7.5117	8.4559	11.1211	5.6323	7.5418	7.0128	5.4977	7.0286	8.5708	9.9251	7.6073	5.0948	8.4973	5.3841	6.5464	6.6153	6.1236	5.2814	6.9235	5.2849	5.4921	7.3107	6.1523	8.1563	6.0178	5.6598	5.5147	7.4181	6.2294	7.1511	7.0297	6.4968	6.1154	6.7537
EA_G__SLC7A2	4.1619	5.7925	3.7715	6.7311	8.2218	4.0757	8.7507	3.7876	4.1333	4.9639	5.9544	8.7823	6.0163	5.3979	3.8374	3.8787	4.037	3.7082	3.9158	7.6908	8.0985	9.9521	5.9318	4.9481	6.4416	6.383	6.6805	6.0503	4.4132	4.5285	4.1797	5.4227	8.1212	5.8559	4.2872	4.0673	3.9632	7.5091	7.2721	8.5677
EA_G__LPHN2	5.9496	5.9135	5.9626	4.8698	5.8907	9.8463	4.1827	8.8835	8.5265	8.1494	6.7013	5.553	4.0877	4.3555	6.0773	6.9108	7.0534	7.8955	8.7157	8.649	3.9831	4.0529	7.2988	8.6443	4.0015	9.052	6.601	4.6639	4.5698	6.4479	8.079	8.2552	5.8779	8.6784	8.7407	4.667	4.4183	8.4316	4.8237	5.4047
EA_G__ITGB8	7.0563	4.3345	6.4719	5.1465	5.9577	4.0873	4.1401	7.5286	5.774	5.2072	5.7826	5.2163	8.4625	7.1158	7.234	4.659	6.9491	5.0819	7.6877	5.151	4.2771	4.6015	4.2081	5.1207	5.038	4.0543	4.6954	4.9463	4.3102	4.6555	5.4208	9.0265	5.8961	5.499	7.0729	4.6554	4.8433	7.1037	4.1332	4.4104
EA_G__LOC493869	7.5675	4.5883	6.8253	6.5814	6.1373	9.9093	3.4796	6.1974	8.7434	9.0133	2.7338	6.9972	7.0989	7.0566	6.7197	4.9328	8.408	8.8576	8.31	8.9892	6.3644	5.0232	6.2845	9.1317	6.159	8.3857	6.483	7.7228	4.5915	3.9953	9.3612	8.0153	9.2636	9.5856	8.1735	5.9401	8.3805	5.4012	4.2873	7.5247
EA_G__PLSCR1	6.007	4.9531	6.0385	5.2434	5.7498	6.2815	4.905	7.562	6.3723	6.1836	6.0387	5.7123	6.5254	6.119	8.0815	5.5683	7.0136	5.5771	8.2668	6.0881	5.757	5.0735	5.4781	5.158	5.696	6.174	6.115	6.533	5.08	5.103	5.5	7.6768	6.8309	4.4089	7.7226	5.4504	5.5249	5.2	4.3885	5.0149
EA_G__PSPH	8.1364	7.3902	10.0086	8.985	6.9631	9.0737	8.3679	8.7555	8.7772	8.3853	8.0849	7.9505	7.6698	7.865	8.5813	8.078	8.4717	8.0389	8.4856	8.2638	8.3905	7.56	7.4143	8.7498	7.7325	8.7525	8.3302	7.5235	8.1851	7.2295	9.1561	7.8796	7.7659	8.8248	9.1318	7.2878	8.4671	7.1854	7.4852	7.5738
EA_G__IFI6	8.0205	8.8049	6.9188	7.9177	11.3769	8.1399	6.2723	9.5254	8.5864	8.7518	7.8325	8.8305	9.6611	7.6102	10.0389	7.7947	7.5965	7.6075	12.4696	7.8243	8.8915	9.206	10.2621	9.0368	8.9342	7.4426	9.8659	11.0616	7.5724	7.6435	8.5163	10.2681	7.7294	6.7292	12.5566	8.3479	9.3106	7.8069	7.9529	6.4615
EA_G__PDGFC	6.2406	5.2252	5.8828	4.5988	4.6285	6.9602	4.254	6.6341	6.9329	6.5961	5.683	4.128	4.3127	5.9231	5.6638	6.1259	5.5105	6.0058	6.6886	6.8017	4.0501	4.408	3.7897	6.6632	4.9434	8.0265	5.6458	4.57	5.3536	4.9157	8.2663	6.9944	7.0339	3.9536	7.7297	5.2456	6.1582	3.8801	5.4219	5.5455
EA_G__NAV2	7.047	5.9388	8.3512	5.1132	6.0164	6.6849	5.544	6.9753	9.7986	7.586	5.5004	5.4398	5.3615	5.9011	7.0078	5.5622	7.9494	5.0788	6.3855	7.6234	5.2578	4.9935	7.0901	6.821	7.11	6.9071	5.3098	8.0044	5.7505	6.8978	8.132	7.6056	8.1373	6.9788	6.4853	7.9451	4.7301	5.2354	4.8832	4.7912
EA_G__TNFSF15	8.1057	5.0665	4.2376	6.5491	5.3442	4.8168	3.937	6.7509	8.5035	4.0823	4.4359	4.2295	4.6983	5.0589	6.2062	6.7812	6.1778	3.8683	5.2534	4.2908	5.1889	4.1671	6.2623	4.6553	5.7061	4.5483	8.9447	6.2674	5.0295	4.9746	4.2144	5.4643	4.2661	8.0557	5.1116	7.2695	5.1029	5.1025	4.7308	4.587
EA_G__ZBTB38	6.445	5.7599	7.019	5.9454	5.7582	6.691	6.0673	5.7725	4.6195	6.0146	5.3294	6.516	5.4122	6.1625	6.9446	5.9031	7.1504	7.0423	6.7134	8.622	5.4905	5.4519	5.5256	6.4745	6.2141	6.3602	6.5626	6.7874	4.8442	5.7475	7.3034	7.7935	7.6197	5.8735	7.7381	6.2525	7.1268	4.9842	5.6218	4.7997
EA_G__PPM2C	6.8303	5.9722	7.7697	7.6728	7.438	8.6017	8.5499	9.1553	6.737	7.8162	10.0805	6.7368	7.5476	7.6749	8.7905	7.33	8.7959	6.844	8.9514	8.7395	7.4152	7.2127	7.1936	8.1894	7.0653	7.5908	7.1395	7.3435	7.4793	5.8525	8.2374	7.4353	7.6362	7.6471	8.0402	5.724	6.4073	7.4892	7.2866	7.1381
EA_G__ARHGAP18	5.5988	5.631	5.5199	6.5887	4.7252	7.2885	5.2074	6.6089	4.9579	5.6958	6.7369	5.1862	6.6774	6.4351	7.3713	6.7022	7.2933	7.8405	7.9695	7.5814	5.5177	6.6724	4.2449	6.1321	5.6656	6.8698	6.285	7.6441	5.6892	5.7823	5.9652	6.9738	9.2011	6.1521	5.9493	5.8856	6.5006	5.9544	4.8022	6.3868
EA_G__PSAT1	3.5968	8.2914	9.3579	8.5626	6.3553	9.8292	3.9255	9.3664	8.8569	9.819	8.0891	6.1267	8.8646	8.96	9.5056	7.9384	4.1475	9.6668	9.8041	8.7413	8.3464	7.1102	4.4041	8.3568	7.6086	8.8755	6.8694	4.8052	4.78	8.176	10.1293	8.7025	9.0258	10.4948	10.2469	4.0839	7.9566	4.4052	6.4859	6.414
EA_G__TNFSF10	7.2591	5.7198	3.5621	6.1808	6.6762	3.9131	4.191	3.5048	7.7882	3.4474	7.5689	6.5684	3.5722	4.645	6.3477	8.1757	5.2783	3.5772	9.709	3.725	3.7304	4.1417	6.1581	6.8426	5.5207	4.6852	7.0454	8.5212	6.1688	4.2662	3.6572	4.2944	3.437	7.5867	9.1214	7.7597	6.7804	6.5223	5.9878	4.0143
EA_G__ETV5	6.2865	4.3272	9.1423	7.3578	5.0088	6.9009	4.2365	5.8917	6.4816	7.5422	7.6289	4.0637	6.2938	6.6339	8.6748	4.5278	8.0022	8.106	6.3993	8.4113	5.8307	5.215	4.6177	7.0525	6.8419	7.8838	4.0658	6.391	5.5641	4.6071	8.3688	6.1142	7.3205	7.1489	8.6807	7.6779	4.437	7.0861	4.0131	3.8071
EA_G__GJA7	4.8989	4.8475	6.9278	5.84	5.5942	7.4714	4.7178	8.5742	7.3874	6.8312	5.3196	4.6661	6.5742	6.9284	6.4528	6.2159	6.8559	7.0645	7.013	7.5561	4.9328	4.7611	4.9592	7.6568	5.2429	4.7212	6.6205	4.4482	5.435	4.9082	8.624	6.5147	7.1838	5.9559	5.7329	6.474	6.7178	4.9803	6.6005	6.5818
EA_G__ABCA3	7.4898	6.1001	5.9275	6.9381	8.2598	6.5877	8.6685	6.65	6.4291	6.0702	7.5984	7.7157	6.836	5.8417	5.8612	7.2382	6.8044	5.8351	6.2413	5.5762	8.3807	7.7083	7.8356	5.9727	7.5575	6.7002	7.2912	7.0449	8.915	7.0031	6.1109	6.1814	5.8895	7.1448	6.7524	7.366	7.6447	8.529	8.656	8.3675
EA_G__DST	5.7695	5.6314	6.6489	5.8496	6.8365	6.522	5.4187	7.8516	4.2306	7.0187	7.1174	7.453	5.4133	6.8962	7.5451	6.3799	7.9233	6.8408	6.4526	8.5037	5.407	5.7353	5.4619	7.1812	6.4687	7.7141	7.1402	8.3095	5.1303	5.9384	9.1508	6.632	8.1101	5.6277	8.0696	6.6125	6.5333	5.4791	6.8436	5.1731
EA_G__NAT9	8.1593	7.8306	8.3091	8.0459	8.4237	7.7876	8.4994	8.6647	7.5253	8.564	8.8338	9.219	8.2806	9.0493	8.0557	7.8629	9.0283	8.7203	7.8613	8.7642	7.84	8.1418	7.8169	8.8001	8.483	8.7994	9.7072	7.8432	9.3691	8.6332	9.1259	7.9788	8.2836	7.7963	8.21	7.5803	8.9098	8.3649	8.733	8.8322
EA_G__IGFBP7	5.421	6.0189	5.5814	5.6195	5.7641	5.6527	5.2525	9.5888	6.0939	6.253	5.5267	5.8065	7.9135	8.7223	8.5077	5.8402	9.2974	6.8475	6.7497	10.4989	5.703	5.5275	5.6305	10.8549	5.6948	9.3336	5.5052	9.0609	5.944	6.6045	5.7196	6.5123	6.9599	5.7638	8.0042	5.6972	6.1333	5.5951	5.4712	5.5935
EA_G__ISOC1	7.1234	7.7312	7.7099	8.4881	7.9468	7.1505	10.1811	6.8003	8.3692	6.4391	7.8247	9.2481	8.0613	7.4609	7.6971	7.7585	7.7394	6.4754	6.4981	7.13	9.3042	9.2846	9.3326	6.4466	7.818	8.0524	8.6912	8.875	8.4946	7.982	7.6054	7.2698	7.2342	8.2947	7.5257	7.1917	8.0935	7.8404	9.2017	8.2137
EA_G__PSMB9	6.9429	6.3563	7.3378	5.3201	7.5091	7.2465	6.3855	5.8205	7.8684	9.4407	4.9445	7.0672	6.7022	8.0447	8.7527	5.8946	6.8749	8.4528	10.2444	6.664	6.645	4.9041	6.606	8.7138	5.6229	7.5196	5.8368	7.0753	5.6665	6.2453	6.8692	7.5742	8.1866	6.6373	7.7852	7.3004	8.0178	5.5168	6.066	4.8427
EA_G__MEGF9	7.0461	6.094	6.6923	8.7061	7.4811	5.822	7.6443	5.9558	7.2222	6.1581	6.9122	9.1405	6.0661	6.5113	6.1046	6.5073	5.9738	6.1278	6.3046	6.2887	7.6627	7.5047	7.6915	5.9312	8.2692	6.1493	9.7645	8.6638	7.6239	6.2421	5.741	5.513	6.3937	7.5167	7.3731	7.5806	8.0296	7.315	8.3711	7.4477
EA_G__C6orf211	7.1167	7.5529	7.5818	8.0371	8.9695	6.4566	8.8642	6.4826	6.1229	6.7659	8.2246	9.54	7.1196	6.925	6.4815	8.0926	6.2859	6.3803	6.6822	7.1049	9.1159	9.3817	8.8041	6.4438	8.1352	7.1002	9.6383	8.3855	6.2112	6.8191	7.0987	6.614	7.3027	7.2231	7.1262	8.1988	7.496	8.4447	6.9121	10.4963
EA_G__TRIM29	7.8672	8.1849	7.3824	6.3446	5.7624	5.0369	5.0978	10.1741	6.4193	4.6779	5.0291	4.8452	5.5473	9.9617	10.0902	8.1421	9.6401	4.7333	7.5443	5.0266	5.1232	4.9924	5.1988	4.6375	5.1951	4.7967	7.0683	7.363	6.5166	8.2277	5.119	9.3772	5.546	6.482	8.8789	9.7032	6.4986	6.2062	5.727	5.2751
EA_G__GLIPR1	3.2087	3.7756	3.3277	3.4702	3.5103	8.225	3.4968	6.1064	6.1439	7.0228	3.3575	3.7556	4.2416	6.6397	6.1565	3.5767	6.5325	8.5465	4.8932	8.9965	3.6517	3.3135	2.8019	7.2825	5.5198	6.9605	3.1331	5.5399	3.7158	3.6556	7.0461	6.3423	9.0025	3.6353	4.0555	3.3701	4.2331	3.4115	3.1647	3.5428
EA_G__MME	3.7488	4.2193	3.9441	5.8745	3.8299	5.8503	3.7392	4.4121	4.1589	5.4356	3.8361	3.8756	4.0762	4.4176	7.8495	3.9929	4.2718	10.0839	9.1142	5.8842	4.1751	5.6371	3.8823	10.2583	5.1333	4.1547	3.6984	3.8362	6.2662	4.2118	10.1735	8.6152	7.2612	4.1969	4.1179	4.223	3.8639	3.7725	3.6667	4.0496
EA_G__CDKN2A	7.3231	7.3827	6.0767	6.6305	6.9325	9.7428	7.7762	7.2902	8.585	5.7667	6.8184	7.5164	8.8826	5.9474	9.0146	7.0357	9.0947	5.6978	10.0086	5.9713	5.8649	5.742	7.8898	8.856	6.9963	5.7696	6.9057	7.6006	7.6794	8.0816	5.8326	6.005	5.5676	7.1071	7.7702	8.0533	7.8227	6.1777	7.3088	7.2229
EA_G__IFI27	7.372	5.8765	5.8672	5.9634	6.5869	5.8995	5.4532	5.5807	8.8289	6.063	5.688	5.9176	5.9609	7.0174	8.4091	5.719	5.6297	5.5432	10.2193	5.4534	6.2246	5.9099	5.7179	5.6424	6.2605	5.5659	5.7446	7.0341	6.5357	5.8964	6.6504	8.3749	6.7455	5.9171	10.8426	5.8441	6.2312	5.7468	5.9358	5.876
EA_G__KRT5	5.6583	5.8647	11.8335	5.8158	5.7928	6.1841	5.6275	12.3391	11.7328	9.6928	5.683	5.7326	5.9572	12.6685	12.0415	6.212	10.3753	5.594	12.0293	5.5336	6.1731	6.055	5.6596	5.7219	6.1329	5.8241	5.9914	6.7276	6.3146	7.1845	6.0938	11.8827	6.3071	6.1514	9.9957	6.1381	6.3179	6.1874	6.1794	5.8452
EA_G__CDA	5.2686	5.558	5.5753	5.5341	5.1235	5.405	5.1099	6.6075	5.538	5.1654	4.9187	4.9022	5.1158	7.1164	7.5887	5.3002	5.256	4.8953	7.3729	5.285	5.5972	5.0279	5.4287	5.0825	5.9062	6.1751	4.9709	6.7809	5.6922	5.6357	5.2511	9.238	7.0107	6.053	5.6418	5.6949	5.1177	5.4638	5.2699	4.9831
EA_G__LARGE	7.5776	7.6411	6.3724	8.2811	8.8172	6.4327	9.2071	5.23	7.0295	7.4912	8.5957	8.6586	7.3338	5.688	5.8935	9.0514	5.108	4.9343	7.5548	5.6162	8.0168	8.493	8.7988	6.9842	8.3543	5.0348	9.7924	7.8886	8.0502	7.5051	6.4651	5.3077	5.0334	7.6831	7.6621	6.5147	7.7088	8.4373	8.51	9.0378
EA_G__PLOD2	6.1911	8.3419	8.1358	7.0175	6.9131	10.2933	6.8168	7.2038	5.3942	8.7914	7.1322	7.4866	8.0339	6.5989	8.2857	4.782	8.6845	9.2717	8.4052	9.1792	7.4818	7.5432	4.2248	9.0537	5.9173	8.1487	7.3068	7.3589	6.2115	7.2225	7.589	9.2253	8.3727	7.0657	7.6736	7.2993	8.5125	7.6262	6.8806	7.1493
EA_G__SLC1A3	5.9579	6.6111	6.2239	4.1502	3.9597	5.561	4.1358	7.4102	5.9275	7.3403	4.0183	4.0396	5.7351	5.5781	8.6946	4.5557	6.6053	4.058	6.8828	5.3296	4.5643	4.2625	4.0624	8.6562	4.4019	4.9309	3.99	3.5104	5.37	5.4099	6.7133	5.7299	8.3903	4.1191	5.2441	4.6502	4.7893	4.0327	4.5597	4.0849
EA_G__LSM1	7.3706	6.8857	7.3403	7.3934	7.8954	8.0103	8.5987	7.042	7.3834	6.9818	8.0061	8.3504	8.3754	7.199	6.7079	7.1681	7.4451	8.483	5.9746	7.5023	7.2557	7.0244	9.8522	8.3307	7.3895	7.4484	7.8255	6.8362	7.2466	6.8084	6.9624	6.765	7.6545	7.5583	6.4061	8.4546	6.7651	7.2777	8.3896	8.41
EA_G__REEP6	7.2756	7.3124	7.8296	8.0118	9.1556	6.6815	8.2179	7.8251	7.3053	7.6152	10.3249	9.2159	7.4347	7.4881	7.4719	8.9474	7.5053	6.5065	6.8337	6.7464	8.4331	8.6279	8.0963	7.2691	8.1977	7.1275	9.1377	6.3806	10.0931	7.8307	7.1074	7.1343	6.4064	7.4075	9.6168	7.6949	9.7124	9.2173	9.9128	8.8387
EA_G__KITLG	7.1314	7.4053	4.8541	6.063	7.5518	5.6232	9.1403	6.3987	3.5706	7.2129	7.3691	8.3875	3.0446	7.41	6.8032	8.0787	4.6936	5.1107	5.5358	6.4225	5.7927	7.4415	6.1378	6.5814	6.0469	5.186	7.9143	6.8566	5.2791	7.6387	4.3973	4.8235	6.3978	5.5019	4.811	7.0466	5.9125	6.1408	8.1845	6.0224
EA_G__PLXDC2	5.7451	4.0545	5.7022	6.3983	4.4752	8.4076	4.1149	8.2121	9.3399	7.3789	8.9908	3.6281	6.4344	4.2185	7.0529	4.3702	8.5583	7.8445	9.3787	5.5589	4.6432	6.2911	4.9429	4.5856	6.2651	4.9408	7.8012	4.98	4.5464	4.8332	6.0867	7.9675	4.484	7.8416	6.2447	5.5712	4.8475	5.1624	7.5364	6.0498
EA_G__OPTN	7.221	5.4882	6.3773	5.3369	6.9311	8.3122	6.5453	7.5186	9.5381	6.0328	4.7322	6.9897	6.7986	6.2956	7.0622	6.6243	7.2997	8.3212	8.8409	7.0253	5.3053	5.7791	7.3007	8.1823	5.8963	6.7992	4.892	6.3711	5.1838	6.2416	7.8105	7.3452	6.5014	6.3757	5.827	5.7857	7.2587	5.688	4.9217	6.1182
EA_G__MIA3	8.5583	7.0307	5.7462	6.6868	6.9948	6.1601	6.3152	6.6262	6.5807	6.7333	8.5191	5.4987	6.7627	6.0677	6.8187	6.4036	6.806	7.2635	5.626	6.2241	5.5335	6.1307	6.4659	7.0895	7.345	6.1186	6.5842	7.8544	6.5877	6.1163	6.5766	6.9348	6.4153	7.6795	7.447	7.0044	6.6358	6.854	7.8763	6.9599
EA_G__S100A2	4.9938	4.9619	5.4168	4.3304	4.8145	6.0816	4.8565	9.6017	5.8766	6.2329	4.4923	4.5089	4.6254	9.9432	7.9132	5.0789	9.6456	6.3764	7.9301	5.4236	4.7519	4.6769	4.421	6.233	5.0704	5.8	4.2069	4.6835	5.3593	4.8616	7.3285	8.6077	6.9381	4.8188	5.1131	5.1742	4.6866	4.7369	4.5623	4.7572
EA_G__ACN9	5.663	7.7457	7.1364	2.2474	6.4061	7.3112	2.7477	7.1126	7.5669	8.0424	2.5176	7.5615	6.6273	6.5053	7.5679	2.2849	8.2112	7.1776	6.3609	7.4386	2.5402	2.3462	2.429	7.0306	6.2283	7.6458	6.8231	4.2824	5.423	7.6019	7.7805	7.3034	7.8799	7.6985	6.6824	8.9937	3.1105	6.3996	2.2698	3.0759
EA_G__CYBA	8.6625	7.7799	6.6622	8.3706	9.8861	6.4721	9.4842	6.0497	9.8984	9.7419	9.5066	7.7059	9.6825	9.1328	10.0917	9.4314	5.8755	9.5932	6.2478	5.9861	10.2372	9.9769	8.6067	8.5606	8.9937	9.0457	5.9595	6.8741	9.5533	8.482	6.6512	10.1354	8.1075	6.3268	6.655	7.0429	6.4701	8.2417	9.8042	9.5474
EA_G__GYG2	7.8871	7.1576	5.0908	6.2027	6.4853	5.2693	5.7758	5.0278	5.4435	5.294	6.8818	5.6047	7.0613	5.6904	6.3938	6.7178	4.9633	6.8701	5.4592	4.9197	6.1102	6.7559	5.4648	8.9014	7.8392	5.5224	7.9013	5.0136	6.0633	5.6047	5.4549	5.4488	5.136	5.1981	6.3422	5.6961	5.9374	7.7537	7.8063	7.0443
EA_G__PI3	5.4935	6.6341	5.5867	5.3966	5.2772	5.1281	5.0132	6.5067	4.9895	6.0351	4.9141	4.8174	8.0854	5.7644	11.5247	8.489	7.0306	6.082	9.9852	4.8608	5.2333	4.4701	4.5927	8.0319	5.2665	4.7272	4.8564	4.4285	5.6206	6.432	5.1154	11.3513	4.5478	6.2481	7.7031	5.301	4.9799	4.4726	4.8049	4.6511
EA_G__UCHL1	6.4525	5.7946	4.931	5.3146	6.3368	9.9801	5.0259	6.5753	10.4462	10.1736	6.9799	4.8118	8.9111	10.7585	8.1848	5.8865	4.7882	10.5443	8.079	4.6751	5.0645	5.2248	5.4795	7.8491	5.0463	4.9923	4.9464	6.5207	6.0308	5.5858	5.0615	5.8771	5.3554	5.4628	7.5819	5.1078	6.2853	5.9129	4.8978	4.7617
EA_G__MPP2	6.1691	6.2134	6.0063	5.3463	8.2711	6.776	6.3588	6.5849	5.6217	6.5627	4.9561	8.105	6.8007	6.2796	6.0538	5.5303	5.8452	7.423	6.4743	6.5471	6.62	6.5894	8.2721	6.6649	6.0583	6.5197	5.5904	5.3955	6.0175	5.7428	5.9556	5.4923	5.7716	5.8514	5.6234	7.7935	6.9553	7.2392	5.8677	6.9831
EA_G__TGFB2	8.6086	7.8164	4.0695	3.7069	9.2193	8.588	6.9572	10.7977	7.555	9.4652	4.3705	3.9796	5.5356	6.4676	8.377	9.3163	9.5593	10.3503	8.9543	9.47	6.2555	6.1774	3.7395	10.108	7.0037	10.0626	5.2703	6.8137	4.9299	7.8379	7.1376	11.2373	8.4518	5.0337	9.4033	6.8578	6.7752	5.3196	4.1757	4.3058
EA_G__ALOX15	5.6846	5.5017	7.8356	5.2048	7.0995	5.0413	7.3458	5.794	6.049	5.0225	5.2275	6.833	5.1828	5.82	5.3026	7.2879	5.1568	4.9275	5.9771	5.0502	7.3987	7.7875	5.4194	4.8775	5.7052	5.1627	5.8205	4.748	7.5522	5.7924	4.8617	5.3688	4.8747	6.7162	6.6032	5.4903	6.5594	5.2819	5.5756	6.2052
EA_G__CYBRD1	8.8064	4.3372	7.0609	4.9547	4.0631	7.6114	4.3254	5.7306	5.583	4.58	8.7916	5.217	5.8898	6.3778	6.5731	4.6864	4.8483	7.1127	7.7659	7.2027	4.3843	4.8649	5.7059	7.9563	6.9987	7.6871	6.5278	6.7933	7.5195	4.923	8.6932	9.2077	7.1187	8.8201	7.9739	5.2229	7.3353	6.3207	5.6993	4.4819
EA_G__HSD17B1	6.8648	6.1767	10.2182	6.6528	7.1656	6.3509	6.9166	6.3769	6.191	5.998	8.3289	8.4302	6.6546	6.5512	6.0547	8.9288	6.5383	6.5624	6.1392	6.4509	6.8158	6.6654	6.2387	6.2816	8.226	6.295	7.1552	6.637	6.7763	7.1995	7.0966	6.2754	7.0723	6.0497	6.2168	7.9879	8.6434	9.263	6.549	6.2183
EA_G__TBC1D2	9.2376	7.7515	8.2597	6.9082	7.0838	8.3025	6.9648	9.3809	5.8309	6.9009	7.5223	6.8364	6.3296	8.9686	9.385	6.9966	8.3051	7.0549	6.7734	7.2753	7.0387	7.1429	6.7825	7.3263	7.583	7.2943	6.9501	7.7684	7.1429	8.2747	7.7864	8.2385	8.2072	7.9272	6.4277	7.9677	7.4045	6.4661	7.4552	6.7711
EA_G__DHRS2	4.826	12.6045	11.3429	10.9225	6.4126	4.7951	4.9841	5.0026	4.1419	5.2133	9.4922	7.8911	4.6987	5.8971	6.6305	6.6271	7.6348	4.3533	4.9997	9.4494	9.5675	9.8142	5.6673	4.3182	9.6429	5.2669	11.2132	5.0481	5.6525	12.2474	4.5827	5.307	5.0884	5.0364	5.5179	5.5243	4.9878	5.1772	8.1213	5.7559
EA_G__MAP1B	4.0691	4.1506	5.5635	4.4828	4.4376	7.3859	4.0451	7.1683	6.6007	8.4876	3.7581	4.3324	4.8655	5.0727	5.2252	4.0538	6.0101	7.7143	6.2577	8.7705	4.4155	5.0935	5.1036	7.836	4.0668	7.159	4.158	5.8074	4.7968	4.2089	8.0577	4.7129	8.5112	8.6027	6.5307	4.2357	4.0326	4.3419	4.0378	4.0619
EA_G__EEF1A2	8.724	10.195	10.7909	10.1908	10.7744	7.0377	10.2507	7.8491	6.0991	6.8516	8.2655	9.0378	6.769	8.7147	8.2178	6.3966	6.868	8.5526	7.5921	8.032	10.8297	10.7881	9.8957	9.2038	9.8723	8.1047	10.1051	7.9425	9.8692	7.5646	6.6486	9.7901	7.7531	8.5854	9.8363	7.4054	10.1629	9.1895	11.0605	11.6464
EA_G__PLA2G10	8.5249	7.4097	5.9502	6.2138	6.5712	5.9734	6.4801	5.8603	6.1584	7.2084	6.4113	7.186	6.003	7.7286	6.572	7.2149	6.2563	5.4353	7.149	5.9167	7.1404	6.5337	6.9787	5.2459	8.2977	5.5339	7.2334	10.1074	6.4499	7.7312	6.1785	6.1912	5.9954	6.0704	5.9926	5.8723	6.6205	7.9511	6.6977	6.1379
EA_G__HIPK1	8.4251	8.0318	9.4704	7.7963	7.7928	7.5714	9.4185	7.9095	6.5565	7.5522	7.8405	8.257	7.6931	7.3006	8.5449	7.7887	8.2062	8.7902	8.2608	8.126	10.3116	10.1289	8.5642	7.6644	7.4828	8.7892	8.2611	8.6395	7.5971	8.1063	7.9093	7.6015	7.7333	7.9905	8.1498	8.2838	7.8659	9.9512	8.09	7.9533
EA_G__ALDH1L2	3.8704	4.6506	4.6715	3.8029	4.0778	8.2493	3.8382	6.0497	8.1465	8.2078	4.1275	3.7704	7.1758	6.5789	5.668	4.624	6.2321	7.7076	8.421	7.2761	3.9378	4.2675	4.6066	7.2696	4.0337	3.8061	3.6811	3.6515	4.2305	6.1047	8.7186	5.4012	4.4385	5.1538	4.2922	4.5222	6.1109	4.577	3.9143	3.8966
EA_G__MAPT	5.7018	5.1448	5.1469	6.9443	9.1397	5.1979	8.0624	5.4416	6.2766	5.0627	4.9614	9.0827	5.6293	5.3387	5.1081	5.7802	6.5011	5.2449	5.3896	5.4343	7.0464	7.1596	8.4538	5.1361	6.1992	5.4871	5.6839	6.2724	6.3443	5.4325	5.4093	5.6854	5.1477	5.3825	6.9415	5.8018	5.8948	7.4277	7.6494	7.3209
EA_G__UPP1	5.4549	6.1015	7.1467	5.448	5.1849	6.6737	5.1357	6.9823	5.3696	6.6838	4.889	5.2305	5.3407	7.4135	7.397	5.3149	6.9028	6.8339	6.2895	6.4335	5.6169	5.127	5.3567	6.8378	5.5727	6.9034	4.8709	5.1442	5.3505	5.686	7.1274	6.5287	6.8426	5.5523	7.256	5.5613	5.6237	5.6119	5.0034	5.0762
EA_G__HLA-A	7.8707	7.4634	7.8511	7.2796	8.8216	8.4211	8.2799	8.468	10.3086	9.2133	8.2409	8.9294	9.8653	9.7514	9.9892	6.5646	8.5607	10.2489	10.7024	9.2783	7.8209	7.9741	9.352	10.8299	8.2563	8.8588	8.9153	10.3791	7.6804	7.4263	8.6851	8.627	9.5834	9.2171	10.4923	7.9114	8.5648	8.6208	6.6451	6.7586
EA_G__MCAM	5.2407	5.7795	5.3307	5.1883	5.2259	5.6003	5.1722	9.3743	7.982	7.1729	5.052	4.9842	9.6692	7.1972	5.6044	6.1156	8.2544	7.2642	6.6063	6.1967	5.3892	5.3243	5.0364	10.2004	5.3038	7.8638	5.0728	5.3592	5.9372	5.5648	6.5817	8.8252	6.4371	5.4652	6.1593	5.5898	5.4962	5.4539	5.5286	5.1903
EA_G__NNMT	8.175	4.8089	6.7152	3.8271	4.1496	8.2242	3.6997	3.8335	3.9479	6.2424	3.9401	3.567	3.7123	3.8429	5.4458	4.5212	4.3755	6.0984	6.0797	6.0012	4.1344	4.306	4.0165	7.3124	4.1152	3.8669	3.1296	4.1849	4.4702	4.3726	7.4463	8.63	7.9916	3.8228	5.2255	5.2161	4.3412	4.1349	4.3434	3.8635
EA_G__PNPO	8.7882	8.1562	8.3341	8.2753	8.9159	7.7222	9.2247	10.6234	7.8616	7.9387	11.3371	8.8667	8.2731	8.2194	8.6054	8.3666	5.1365	8.9765	8.508	8.3284	9.3787	9.8038	8.6813	7.5153	8.7336	8.4429	9.8215	8.2369	9.3371	8.0346	8.2333	8.4208	8.7819	7.4562	8.8604	9.2944	9.1859	8.9543	9.8133	10.073
EA_G__ESR1	7.8103	5.949	6.0559	7.1801	8.5941	5.6039	8.4071	5.601	5.7796	5.8403	7.5436	9.7789	5.8332	6.1272	6.5118	6.2441	5.6586	5.4846	6.0553	5.6479	8.4338	8.7397	9.4422	5.3713	6.9678	5.413	8.6907	8.0188	6.1198	5.8501	5.7046	5.9209	5.8721	5.7063	6.0028	7.9154	8.6844	8.1235	6.081	8.4263
EA_G__FSTL1	6.3208	6.1624	6.202	7.111	6.4291	11.8037	4.1138	4.7382	6.2309	9.2198	4.3438	6.6183	6.5907	7.6625	10.1327	8.2704	9.5531	9.8665	8.6378	11.1061	4.3358	4.4994	4.4241	11.153	6.2928	8.265	4.5749	4.7229	4.7707	6.2699	8.5073	9.2021	9.4467	3.6254	6.7816	5.1479	7.162	4.0235	4.5517	4.4062
EA_G__PLAT	4.8795	5.2508	5.3138	5.6481	6.099	5.4087	4.9178	7.7348	5.2681	5.081	4.9812	4.9954	5.1825	8.0439	5.7616	5.2285	6.5808	7.0983	5.8378	9.719	5.3008	5.2594	5.2905	8.1452	5.0758	8.0401	5.079	4.8066	6.0343	5.4405	7.2002	8.3147	9.0046	5.3745	5.346	5.6399	5.2868	7.4639	5.262	5.2243
EA_G__ERRFI1	8.1341	7.5702	8.7043	6.603	7.3203	8.6141	6.7365	7.8389	9.4325	7.4122	6.6906	7.5325	7.394	7.2591	8.2775	6.9059	7.3531	7.017	7.3158	8.0267	6.6888	6.1651	7.6397	5.1415	6.9321	8.6333	6.2681	6.6757	6.8775	6.909	8.4482	9.4221	8.6958	8.3408	8.7294	7.8365	6.4471	6.9978	5.8399	6.0896
EA_G__ST6GAL1	7.1627	7.7394	5.4994	6.0727	5.7592	4.9826	5.8866	5.2929	4.8651	4.3675	7.1704	4.4732	6.6134	4.3999	5.6027	6.3251	5.7577	4.7896	6.3255	4.7526	5.2073	4.6559	4.3331	4.6197	6.3901	4.8325	5.7496	8.8885	5.4107	6.5704	5.1495	6.8937	4.9485	5.7285	7.4109	6.9642	6.9889	6.987	7.0116	5.2249
EA_G__CALD1	4.9976	5.3745	6.4921	4.0059	4.5323	6.9477	4.1231	6.8428	7.5601	8.1298	3.9074	4.2596	6.0823	5.2906	6.3946	5.3524	7.4511	7.9533	6.2922	9.3633	4.4971	4.3691	4.3982	9.1755	5.9927	6.51	5.4997	4.7735	4.7727	5.7915	6.303	6.8236	7.1648	6.5636	6.1459	5.5227	4.6722	4.2721	4.3237	4.2804
EA_G__C9orf150	6.3988	7.1869	6.5076	7.0707	10.7652	8.6927	9.877	7.1481	7.4135	7.6684	8.5063	8.2506	5.0014	5.7357	6.51	8.0107	6.6126	6.4634	9.9622	6.4075	7.596	7.9432	9.3978	7.9167	8.0685	5.8597	8.115	9.0118	6.6495	6.7351	7.0564	6.7245	7.6222	6.9489	8.5812	7.2989	10.3317	7.9699	7.1346	6.9196
EA_G__GUCY1A3	4.5009	6.0531	4.9695	8.4516	5.9182	5.2069	3.9292	8.6645	9.9189	6.4862	9.1825	4.1816	5.499	6.6166	5.7355	5.6982	4.5786	6.7644	10.116	4.5044	4.6991	5.7095	4.4116	9.4398	9.3403	4.1571	8.6149	6.2556	8.6845	4.532	5.0525	6.3449	4.4938	8.1693	7.6123	4.6695	4.3123	4.3976	7.4114	6.5141
EA_G__PLEKHC1	6.508	7.6212	6.2125	6.5678	8.1282	10.1065	6.5099	8.6203	6.7251	9.1988	6.9412	7.494	6.2784	5.351	7.8608	7.8623	9.0216	9.8995	7.9162	9.7294	8.2504	7.2733	6.3482	9.1124	6.7528	9.3856	6.827	5.8237	6.9659	7.9629	9.0052	10.0159	9.4771	8.1901	7.8979	6.5226	7.7571	8.2164	5.8175	7.603
EA_G__STK17A	5.9146	6.3042	7.6759	6.7496	6.2505	6.8388	6.5173	7.0289	6.6728	8.0695	6.6336	6.8904	5.9002	8.2019	7.6215	5.6394	7.3603	7.5898	8.0327	7.2169	6.4256	5.9265	5.4037	8.0381	6.2079	7.6587	7.2486	5.5554	6.1393	6.0406	8.8014	8.1987	7.3813	5.9857	8.9739	6.1883	6.8924	6.6018	6.6526	6.332
EA_G__LOC124220	8.934	7.4736	6.5045	8.0215	8.0349	5.4055	8.8675	5.9469	5.7857	5.9124	7.9883	7.6471	5.8141	6.6156	6.0411	7.8574	5.7468	5.5707	7.5995	6.7221	8.0322	7.9345	8.4762	5.7493	7.8782	7.1355	9.1801	8.6759	7.6816	7.9156	6.0924	6.2257	6.4568	6.7771	7.0487	8.2349	8.0054	8.3906	7.3629	7.7702
EA_G__PPM1D	7.1961	6.4047	6.8097	8.8326	7.4205	6.6706	7.3209	6.9889	7.2826	6.6967	7.2676	8.1753	7.3076	6.7708	6.9153	7.1345	7.1903	7.5078	6.8495	7.0824	9.9465	10.2646	7.4232	7.4433	7.2434	7.386	8.7455	6.7745	7.5111	6.4364	7.3234	6.8069	7.3224	7.2489	6.6012	7.2373	7.7021	7.4789	7.6803	7.5994
EA_G__APOL6	6.746	5.8515	7.0023	3.9178	4.4778	6.5102	4.1502	6.6456	7.3032	6.392	4.4163	4.5239	7.0243	5.9254	7.3936	6.3608	5.1484	6.5327	8.7211	6.4086	4.6596	4.1977	5.0472	7.0424	5.3689	6.3436	4.2165	7.3372	4.81	6.0351	4.9995	5.9265	6.0161	6.6903	8.6586	5.8541	4.7923	4.605	4.0734	3.9093
EA_G__PTBP2	6.4415	7.2314	6.3823	6.6012	6.7424	7.4693	7.969	6.7197	7.4457	7.0102	6.2017	6.8719	7.038	6.114	7.7229	6.1892	7.3498	7.7541	7.0678	7.4414	5.4425	6.7625	6.7048	7.2886	5.1418	8.2313	6.6261	6.8417	5.6934	6.5126	6.8487	6.6015	7.5655	6.5175	6.427	6.4271	6.3348	6.1613	5.6732	6.3614
EA_G__AKR1C2	5.5514	6.5139	7.0241	3.7745	4.2156	5.3748	3.603	5.3031	9.7278	8.9379	4.5177	4.0514	3.9807	7.9473	6.4415	4.7043	7.7951	5.8854	7.1098	4.6004	5.4571	5.7248	4.1	4.2198	6.2272	3.9389	4.2995	7.853	4.0772	4.7216	5.2509	6.8252	5.6429	6.7441	8.8011	4.9808	4.2148	3.6287	4.5024	5.7839
EA_G__LEPREL1	5.7216	5.3689	8.7317	4.9851	4.4724	10.3012	4.557	8.9252	6.2886	8.0287	4.8272	4.6886	7.0575	7.3377	10.557	4.9267	6.6553	7.275	10.0194	7.8041	5.1104	5.2716	4.6323	7.7667	5.025	8.5047	4.5016	8.1409	5.3213	5.515	5.8187	7.5245	8.0967	4.9053	5.1145	5.3778	5.2092	5.118	4.9238	4.7824
EA_G__ANPEP	6.8343	5.9528	5.3783	5.4461	5.4878	11.5006	5.3386	5.215	7.8921	6.1665	5.1413	5.3679	5.2457	5.8735	9.4036	5.5417	5.4591	8.0727	6.9193	9.248	5.723	5.6553	5.3523	9.2404	5.4979	5.2504	5.238	5.586	5.9814	6.0553	12.6822	11.1296	11.0415	5.504	5.3809	5.5284	5.6926	6.1733	5.347	5.2839
EA_G__SLC16A14	8.027	5.154	7.2259	9.4226	7.5525	4.7617	9.2456	6.9964	7.124	7.7154	7.6445	7.9787	6.0737	7.1437	6.7561	8.8237	7.5912	7.3306	7.1073	4.5964	7.4319	7.513	8.762	4.7248	8.6295	5.7839	9.7294	7.7908	8.0978	5.2884	5.1813	5.5497	5.0783	8.0577	8.3088	8.4916	7.4261	7.4162	8.8439	7.3206
EA_G__UCP2	10.2363	10.285	8.2709	11.4812	10.2832	9.2588	8.3161	9.0922	5.1597	5.635	8.7629	10.0147	8.4267	7.8566	5.8229	9.058	6.9909	9.0221	9.2994	4.0908	9.4679	10.1566	11.764	7.163	10.8198	8.852	10.0792	8.5645	9.8026	10.5439	6.8558	5.8204	5.2237	8.8212	8.3847	9.2589	9.7636	9.1878	9.807	9.3827
EA_G__LLGL2	9.3921	8.6915	7.7394	9.2172	8.9636	6.2317	8.8119	8.2638	8.0503	6.7246	8.8674	9.3444	7.2747	7.7949	7.7966	8.3801	7.9179	6.2965	8.1822	6.0368	9.5561	9.9449	8.5159	6.5672	8.6457	6.5173	10.4167	8.8447	9.2616	9.2767	6.1906	7.5902	6.2778	8.6172	8.4538	8.1435	8.5877	8.313	9.276	9.4724
EA_G__MT1X	6.9139	7.5373	8.8387	6.7582	6.5118	7.3728	8.6301	8.181	7.6868	7.5849	6.9154	8.2892	7.3949	7.5713	8.6507	7.7844	8.4645	8.4732	9.4955	8.5996	7.2428	7.501	7.0176	8.1222	6.8468	8.6105	6.9696	9.2047	7.2895	8.1859	9.2261	9.4135	9.6321	7.7182	9.6859	9.093	6.1584	6.9249	7.3598	6.2165
EA_G__RHOB	9.2793	9.3585	7.394	9.8896	9.3985	7.6395	10.3938	7.6986	6.9264	7.1127	10.2289	10.0866	7.0769	7.524	6.9368	8.7278	7.261	6.7834	7.1452	8.2823	9.565	9.2465	9.8531	8.3788	9.4573	7.5833	10.0124	8.9442	9.8377	10.0424	7.0709	7.9873	8.8352	8.6291	8.0375	9.0331	8.5103	9.1206	9.1928	9.4859
EA_G__BDKRB1	6.009	7.3093	4.5393	6.4928	5.7881	9.3136	4.6358	4.445	4.1136	4.6262	7.4737	4.6699	3.7861	5.9742	8.2865	5.3733	5.8217	5.0744	4.5043	8.606	6.2149	4.8423	5.5452	5.4271	7.7021	4.5375	3.6303	4.1342	4.7633	6.3986	5.9832	6.8341	8.1395	4.8873	5.6941	5.4952	4.6948	4.5476	3.9648	4.6789
EA_G__INTS2	7.2151	6.7012	6.7113	7.2601	7.4253	6.4691	7.3178	7.4116	6.4775	7.149	7.3245	8.1638	7.1226	7.5024	6.9457	6.5345	7.4087	7.8691	6.0655	7.1747	8.414	8.9319	6.9755	7.7431	6.6139	7.7411	8.5325	6.2997	7.3884	6.2112	7.546	7.0627	7.3497	7.3037	6.3364	7.8161	7.6856	7.5579	7.8745	7.6142
EA_G__SPATA20	8.607	8.2653	8.4576	9.8882	9.1813	8.1514	8.139	8.3121	6.1306	8.2299	8.5791	8.2522	8.7598	7.2456	7.3484	6.5447	7.6949	8.2231	6.7962	8.138	8.7451	9.2789	7.7178	8.0638	8.4625	8.5716	8.8268	8.9717	8.4922	7.7205	7.4663	7.7456	7.3248	7.3058	6.6333	7.8187	8.4599	8.4633	8.1349	8.717
EA_G__PREX1	7.9747	10.1507	6.3622	9.9138	10.6924	5.4353	7.9321	6.5773	5.3663	7.5136	7.7622	8.9501	7.3264	7.5541	6.2879	8.8888	5.6941	6.1752	5.4909	7.4025	11.1024	10.0746	8.4321	7.209	8.8094	5.6266	9.2822	8.1605	6.6959	10.2442	5.5217	5.7424	8.1249	6.3237	6.4448	8.9225	9.8773	8.7623	7.3444	7.4778
EA_G__MLLT6	8.5446	7.5689	7.9745	10.2659	8.1938	7.2075	7.8921	7.3103	7.924	7.3901	6.9293	7.4125	7.6523	7.1562	7.5017	7.9772	7.9221	7.1573	7.9475	7.3379	7.5901	7.3045	7.6289	6.8315	7.8394	7.544	8.5385	7.1777	8.2068	8.0174	7.181	7.6071	7.4195	7.375	7.3583	7.2287	7.7259	8.7446	7.8067	7.7721
EA_G__CCNE1	7.6535	7.8418	8.0914	7.0969	7.2369	7.4634	7.6882	8.339	8.7289	7.419	6.7812	7.5335	11.2562	9.7392	7.4122	7.6396	8.5594	7.8077	7.3077	7.6216	7.3331	7.1323	6.8991	10.4788	7.8367	7.5348	7.1922	6.9594	7.2704	8.2914	7.809	6.8693	6.9504	5.1363	6.311	6.1008	7.1561	7.3417	7.2865	7.692
EA_G__SLC39A8	7.5069	5.2339	7.9614	7.0481	5.9744	7.7922	5.9074	7.5774	5.9204	7.8345	8.7128	6.1333	7.0918	7.38	7.9149	7.5713	8.1024	6.6158	9.0195	7.128	7.881	7.1336	4.6784	7.0412	7.0472	8.3751	8.6047	7.8042	7.489	5.4089	7.1187	10.3383	8.1133	8.1534	8.8371	7.8607	8.4558	7.6448	8.2974	7.7944
EA_G__MT1JP	6.7292	6.6321	8.2896	6.2727	6.3985	6.9116	6.6686	6.6193	5.8113	6.6685	6.5757	6.7785	5.8586	7.179	7.6138	6.3952	7.5047	6.5983	7.2695	7.4192	6.4199	6.6983	5.8912	6.5937	6.2681	8.0383	6.3704	7.7117	6.9775	7.1574	8.626	8.2754	8.4374	6.9914	7.577	8.0625	5.7723	6.1877	6.591	5.6863
EA_G__RBP1	4.8403	5.9552	5.457	6.6656	6.0731	5.2736	5.9034	9.2259	7.7798	5.7334	5.6325	8.3341	5.4096	6.5517	8.8984	5.797	6.2743	7.3786	7.6065	5.3195	5.4454	6.0751	10.828	7.1653	6.181	5.6685	5.5169	8.7108	5.8746	5.5847	5.6237	8.4724	5.6264	5.294	10.3371	5.7197	5.646	7.4831	5.5608	5.3198
EA_G__CDYL2	7.3631	7.0718	8.1386	8.2646	8.9194	5.849	8.0675	5.272	5.5548	5.3771	8.4468	8.5447	5.8033	5.7483	5.7744	8.1388	5.639	5.5573	5.97	6.2366	8.7179	8.367	8.0456	5.4427	8.2305	6.9612	8.487	8.1416	7.5519	7.1617	5.9508	5.5106	6.3854	8.3072	6.9069	7.6963	7.086	7.575	7.7872	6.4997
EA_G__TNC	6.8419	4.5317	8.0622	7.9377	5.5042	6.5045	4.5282	10.3359	11.7961	10.5952	4.4803	4.2461	6.7117	5.6666	6.5706	6.9443	8.7277	10.3709	9.8215	9.1583	4.8052	4.8852	9.5513	10.3004	5.5014	6.8871	5.9621	9.4908	9.8865	4.591	9.3078	7.1626	9.313	6.8903	6.6164	9.3018	4.8565	4.7517	4.5568	4.34
EA_G__TMEPAI	9.0313	7.6306	9.859	9.54	8.6064	6.2846	7.0365	9.0017	5.6839	8.1741	8.9912	5.7617	5.8511	7.0375	8.3055	7.3319	9.8654	7.7737	7.5938	7.1114	7.2926	7.102	7.431	8.911	8.2193	5.7113	7.5478	8.244	8.6251	9.7532	8.1357	8.1942	6.3423	8.011	8.9255	7.8324	7.4014	8.2315	7.8687	6.9058
EA_G__KLK5	8.8612	5.7268	10.7442	6.0015	6.5371	5.7592	5.6518	9.3419	10.3177	5.8366	5.3934	5.4802	5.8684	9.1285	11.5373	7.6912	9.4852	5.6833	10.4309	5.7396	6.3454	5.8009	5.6215	5.6034	6.2514	5.7069	5.5741	7.0938	6.284	5.6274	6.8851	5.9581	5.7464	5.8626	11.8009	9.7617	5.9085	7.268	6.058	5.8419
EA_G__TMPRSS3	9.8081	6.2517	4.6731	6.3099	7.8022	4.3753	6.8658	4.1635	5.2231	4.4602	5.3789	6.8408	4.6199	4.668	6.3221	6.0278	6.1435	4.2958	7.1903	3.9978	5.25	4.758	4.0896	4.7685	7.5031	4.1056	7.4917	9.4186	4.7655	5.2652	4.5343	9.1125	4.5138	7.2599	7.5815	7.0602	5.4646	7.505	4.7394	4.7502
EA_G__KIAA1467	6.6315	7.5406	6.6624	7.2865	9.3605	5.8311	8.6582	6.745	7.3667	6.7519	7.505	7.9446	7.4237	6.29	6.3595	7.0355	6.5908	7.377	7.3791	6.2821	8.4645	9.6294	9.3226	6.5187	8.4148	6.7367	8.5894	8.7607	6.8448	6.5345	5.8873	6.7214	6.6599	7.8531	6.7002	8.4419	6.5175	8.1267	7.9241	8.2149
EA_G__RARA	7.7415	8.0728	6.8824	7.3062	8.5953	6.4986	8.1003	6.2955	6.8057	6.9795	6.9268	7.7523	6.3667	6.836	6.2488	6.6594	7.1295	7.0633	6.867	6.4577	7.8228	7.5889	7.6497	6.7765	7.4975	6.4896	7.2241	7.3317	7.1561	8.2712	6.7798	6.8118	6.954	7.0002	6.822	7.1679	7.721	10.1923	6.8625	8.0987
EA_G__FBXO32	6.4224	7.6783	8.1937	7.0116	6.2259	4.8769	6.54	7.873	5.993	8.6203	8.3564	6.1378	8.2483	4.2313	6.6466	8.4864	6.8305	7.3539	5.7434	6.2022	4.9185	4.3157	5.8681	5.6122	6.6177	4.7735	5.5186	6.6536	7.4219	8.3307	9.0189	9.1506	7.231	7.0251	8.3507	8.4703	7.8346	7.6307	6.7079	5.3246
EA_G__IFITM1	4.955	6.0176	8.0251	4.2124	8.3903	5.9383	5.4824	9.0056	6.7403	8.4714	4.0937	4.8646	9.3887	6.6329	8.5115	7.7922	6.3744	5.4517	10.7138	7.2294	5.7593	7.4095	8.3769	7.2532	6.8074	4.4739	4.9995	7.2448	4.7663	6.3415	7.0263	9.678	8.2737	6.4552	9.2745	4.3998	7.0862	4.4135	4.1749	4.3142
EA_G__CD58	6.8277	6.9871	9.2583	5.6632	6.0538	7.2021	6.9656	6.9285	6.0743	5.8761	6.1121	6.4586	6.5012	6.6152	7.7048	5.819	7.4036	7.9261	7.5297	6.7504	6.6201	6.8207	6.3345	6.9016	5.5527	7.6471	5.6213	6.7996	4.9268	6.6071	7.1219	7.1185	7.2653	6.5758	7.1223	6.201	6.1213	6.1303	6.1112	6.1329
EA_G__CMBL	7.624	6.338	5.6412	9.1109	8.546	6.8474	9.2152	4.834	4.6645	8.4506	8.7606	9.0487	8.3741	8.3704	5.8067	7.0077	4.5286	8.5597	4.5799	4.8784	5.3033	8.8598	9.7006	6.6694	7.0049	7.7211	10.0716	10.0458	8.9201	6.1403	8.2328	4.3995	8.0143	8.3546	7.176	9.2449	7.8362	8.4592	9.1821	7.9908
EA_G__EFEMP1	8.9932	7.9469	4.1539	5.1865	7.8477	9.5279	9.8558	10.6762	4.3132	6.7744	5.8441	8.2369	4.4974	8.7016	8.8237	9.5514	9.4495	10.4554	9.7036	7.9544	6.7067	7.2431	4.2682	10.2084	7.8036	6.9153	6.0749	8.1426	4.4023	9.074	4.0759	10.5316	9.6474	10.1493	7.0303	4.5549	9.4677	7.1217	7.8647	5.6764
EA_G__PIP4K2B	8.56	6.6517	7.5389	10.7053	7.9788	7.6384	8.3879	7.4073	7.827	7.2976	7.0867	7.4723	7.9348	7.6381	7.3297	7.607	7.7597	8.3613	7.1999	7.522	7.3989	7.0576	8.4546	8.182	7.8868	7.8583	8.8026	7.4908	8.1487	6.8937	7.6749	7.2899	7.5845	7.2672	7.0028	7.3472	7.999	10.235	7.6148	7.7658
EA_G__LTBP1	7.3215	9.4148	7.5511	7.1877	7.9194	7.1507	9.0224	6.284	6.5966	7.881	6.9605	5.8608	8.0854	5.1592	4.9346	8.2315	6.9216	6.8268	8.3373	10.4774	8.3129	7.2807	7.7035	8.4819	7.7213	7.6275	7.8692	6.2093	7.0011	9.2556	8.4342	5.7644	5.526	7.272	7.1967	6.9898	8.0786	7.5135	7.5491	7.3847
EA_G__PPP2R2C	7.8327	6.1796	7.3569	7.5506	8.1042	5.4216	7.0691	5.1203	4.6485	4.7309	6.9322	6.837	6.4121	6.8921	6.7967	5.2296	6.7186	5.794	5.0392	4.7801	8.0008	7.1813	7.9936	5.7678	7.178	4.6369	8.7009	6.4914	7.0986	4.9998	6.6378	4.9071	5.0094	4.7937	7.2653	7.4191	6.3323	7.1069	7.6812	8.092
EA_G__C11orf30	9.5224	7.6773	7.4862	8.9987	7.6623	7.6161	7.4197	7.6921	8.6373	7.6463	6.9628	7.9645	8.0066	7.8554	7.1178	8.0799	7.8424	7.8959	7.1154	7.6006	7.8934	7.9539	11.0873	7.2381	8.6453	7.6121	7.5829	7.2737	8.0072	6.8821	6.7023	7.7355	7.5515	6.8319	7.57	9.7154	8.3229	8.1211	7.2045	7.2777
EA_G__PDZK1IP1	11.0506	7.2079	6.184	5.22	5.5838	5.029	5.3972	6.3091	9.5151	5.2526	5.1257	5.2597	7.72	5.4091	8.5957	6.8808	8.9546	4.8002	11.5388	5.0775	6.2896	5.6724	5.2237	5.3698	6.0746	5.2611	5.4061	7.8026	6.3287	6.2941	5.7144	8.9892	5.4013	5.7881	7.7916	5.8293	5.9415	5.6748	5.2567	5.5452
EA_G__GOLM1	10.6542	9.0879	7.7912	5.8713	8.7354	8.8955	8.0444	7.6119	8.1742	7.5186	7.9766	6.1707	9.1269	8.3851	8.6299	10.6549	8.1552	9.0695	8.5263	7.877	7.0272	6.2692	7.8674	8.7262	8.8045	8.571	5.7222	10.3887	5.4803	9.2732	8.3602	8.2085	8.6668	9.3781	9.3115	9.4594	8.5029	10.2388	4.8432	7.7427
EA_G__PCGF2	8.8409	7.037	7.9491	11.0078	8.863	8.1769	8.6192	7.9527	7.6476	7.8942	7.4595	7.7972	7.3997	7.8637	7.7962	8.0271	7.9592	8.735	8.1838	7.8347	8.5073	8.4387	8.4491	7.9718	9.0677	8.3688	9.1782	7.9304	8.7525	7.331	7.8821	7.9346	8.1247	8.1893	7.7973	7.8207	8.8358	10.8027	8.8685	8.5848
EA_G__SNF8	8.3855	7.2629	7.9927	9.9424	8.2756	7.7066	8.5111	8.5891	7.6052	7.6153	9.8547	8.9845	8.009	7.888	7.5924	7.466	8.0427	8.8797	7.1608	8.1036	8.1961	8.3564	8.036	8.2399	7.6711	8.3732	9.2493	7.7645	8.5238	7.2603	8.1667	7.3522	8.3283	7.295	7.0669	8.5089	8.1056	9.1775	8.3836	8.5801
EA_G__DAB2	5.6629	6.0574	6.362	4.4007	3.9271	9.6669	4.0868	7.4827	6.3865	9.0069	10.8663	10.103	5.6433	6.1758	5.0374	4.7337	6.9188	7.4558	7.2915	9.8138	3.729	5.115	4.1987	9.5508	6.6207	7.8924	4.6273	8.6039	4.8335	6.3081	8.1656	5.948	8.5452	6.1107	7.4008	6.5954	4.5375	3.8524	6.5683	3.8021
EA_G__CA12	10.374	7.2275	4.013	8.3578	10.6613	4.4665	10.0681	3.8395	4.2274	6.9445	8.9946	11.4745	4.5173	5.784	5.8456	5.8182	4.881	5.4007	5.0197	7.2481	9.8496	8.5533	10.4266	4.9112	10.2303	6.35	8.8736	9.9468	9.5013	9.0564	7.9017	6.3439	8.7456	9.0545	4.6293	9.4214	10.2797	9.0996	8.3877	8.6511
EA_G__ARSJ	6.7046	4.1618	3.7627	7.2598	4.4582	8.8682	4.1374	6.9042	4.5932	7.8876	5.794	4.076	6.2482	7.0085	6.1297	5.422	6.2652	6.6957	5.9446	7.9663	4.401	4.4831	3.7109	8.3193	6.0887	7.9827	5.8497	5.4783	5.9855	4.3994	6.8218	6.515	7.9454	4.071	6.0963	5.9841	6.0991	4.5306	4.5496	3.8537
EA_G__CNN3	8.4208	5.6037	8.51	7.712	6.7753	9.0177	9.2162	8.9063	8.3886	8.6155	9.2855	7.7128	8.5625	7.7239	9.4372	7.7323	9.3889	9.7847	9.7946	9.0441	4.2049	3.5971	9.1817	9.392	8.0108	9.5909	8.2272	9.1239	9.3042	7.601	9.0462	8.283	8.3459	8.3036	8.8179	8.6341	8.8297	7.4936	8.3843	4.7103
EA_G__MFSD2	7.2966	7.7164	6.0506	8.6138	6.477	6.0257	6.2412	6.2149	8.0212	5.8516	6.1562	5.419	6.3786	7.6426	6.6083	7.0198	6.887	7.071	7.4308	6.0344	5.6524	5.7796	6.8238	6.7033	7.2184	7.8895	5.9641	8.505	8.7674	8.0289	6.471	8.3094	7.1014	10.8495	6.757	7.2966	6.0039	7.0495	5.3309	6.8767
EA_G__ASH2L	8.3695	7.5032	8.8317	8.7541	11.3249	9.0738	9.9881	7.9064	8.8671	8.6079	8.9691	8.9276	9.3402	7.9872	8.3893	8.6524	8.3482	9.6057	7.7414	8.9074	8.2283	8.1755	11.392	9.0545	8.5777	8.812	9.2976	8.2044	8.7109	7.7592	7.9237	8.0788	8.1687	9.0115	8.2323	9.8576	8.6394	8.8618	9.9775	9.9512
EA_G__KLHL2	8.3587	6.0843	6.2619	5.8795	4.8245	5.5681	4.4533	4.8289	5.2569	6.2357	7.2477	5.2499	5.7442	5.9133	7.0091	5.3661	6.0851	5.5678	6.1052	6.2443	5.8969	5.594	4.9807	6.1928	5.1338	7.3609	6.058	6.831	5.1092	5.3609	5.8007	6.5952	6.0257	6.0448	7.0047	7.3673	5.3257	4.8985	5.6249	5.2991
EA_G__ARRDC4	7.4046	6.8863	7.5975	8.4159	7.4155	3.5491	5.5104	3.0726	3.1681	6.3627	7.2012	8.8288	6.7709	7.4121	6.26	7.5604	8.7145	6.251	5.7705	6.0754	7.4979	8.2835	7.3964	6.0863	7.5698	6.4172	9.1734	8.6024	6.9325	6.7306	5.2931	7.6387	6.3655	6.741	8.0912	7.0782	6.2986	8.2375	7.3061	7.4518
EA_G__CX3CL1	4.8992	7.5203	5.2355	8.1937	8.0604	5.3572	4.9287	7.6396	8.1076	8.1127	5.2753	8.3565	6.5916	5.3695	5.828	8.6337	6.9305	7.4107	9.3933	4.8522	5.3672	5.3974	6.5175	5.562	8.1013	5.068	5.56	6.1645	5.6093	8.2584	5.6996	5.5162	5.4522	5.5328	9.1033	5.7656	5.5337	5.1705	5.342	5.4813
EA_G__FAM102B	5.6143	7.6807	5.4958	6.4889	7.0483	6.2611	8.3148	6.6228	4.541	6.1593	8.3918	8.0497	6.9206	5.5418	6.8988	7.4748	7.1613	7.6866	7.3443	6.8907	8.9932	10.8838	8.5057	7.036	6.8071	8.478	7.9942	6.5299	5.8843	7.6278	8.7208	5.7998	5.8155	5.2574	4.5815	5.9812	6.7263	6.6192	6.9419	6.6286
EA_G__RPS6KB1	7.9285	6.8347	6.7477	9.686	7.7783	6.8791	7.8417	7.1181	7.0867	6.566	7.7392	8.4481	7.0803	7.3503	7.0176	7.1259	7.4042	7.96	6.3461	7.2677	10.1584	10.5843	7.5458	8.3166	7.0482	7.3725	9.0959	7.2654	7.6868	6.4024	7.9014	6.8211	7.5454	7.1291	7.0397	6.9892	7.5328	7.5836	7.8682	8.2306
EA_G__PARD6B	6.6898	7.453	8.2745	7.9356	10.2482	5.6462	9.0659	7.4407	7.1044	6.5166	9.1497	8.5948	7.3837	7.5392	7.1739	7.8017	7.1111	5.7964	7.4969	5.8639	9.8281	9.7913	7.6396	5.8916	7.8763	7.6107	7.4723	7.3893	7.1206	7.9257	6.5983	7.1532	6.0187	7.9875	7.3888	7.7564	8.7348	9.9907	7.6213	9.8215
EA_G__TMC5	8.6421	6.9145	6.7603	8.3275	4.9412	4.1477	4.4891	4.8611	5.9953	4.1582	7.3579	4.1254	4.0837	5.6135	6.3803	6.8626	4.5594	4.2029	6.964	4.1799	4.8592	5.0648	4.0745	4.0229	5.5938	4.2583	5.2922	8.1657	6.1833	6.1085	4.3188	5.4765	4.0282	7.1972	7.0375	6.6136	4.9861	5.6506	4.7505	4.2989
EA_G__ARHGAP23	7.2203	6.0053	6.2233	5.8044	6.1833	7.0529	5.4752	6.3843	6.9114	6.3489	5.4214	5.2812	6.1932	8.4672	9.3409	6.4165	6.8485	7.6738	6.8463	7.8115	5.9048	5.7858	5.5407	7.3588	5.8461	8.653	5.7958	5.8236	6.2527	5.9964	6.9923	6.3647	8.3173	6.3409	6.3077	5.9923	7.0707	6.1537	5.8307	5.6982
EA_G__STEAP4	8.7208	8.8261	8.2268	3.6065	3.9258	3.5677	3.5754	4.1022	7.0677	3.6997	6.8604	5.1387	3.3645	3.6121	8.0281	3.9855	4.4083	3.3684	9.233	3.3895	4.1094	4.5633	3.5896	3.4877	7.5717	3.6511	3.6823	8.3019	4.0973	6.8116	4.0102	10.6528	4.3021	3.5768	9.1109	3.8375	5.9035	4.1422	4.1833	4.1754
EA_G__MOSC1	7.2047	7.7244	5.0453	7.4006	7.5815	5.2325	8.0611	5.6455	6.4694	5.3303	7.5824	5.2939	7.148	8.4058	7.6881	7.7554	5.052	5.7615	5.5529	4.618	8.3247	7.9413	6.8259	5.0039	8.2946	7.9699	7.5204	7.4566	7.7944	7.1235	5.1006	9.8581	5.3711	7.2209	7.0558	6.8277	7.5493	8.2886	7.739	7.165
EA_G__GPR177	7.4313	6.5646	4.5545	8.088	5.2854	8.8432	4.465	6.9746	7.7814	7.3153	3.9865	6.8497	7.5306	7.1746	8.6333	8.0881	8.547	8.6787	8.9108	8.8539	4.5316	5.1773	4.3457	8.89	5.7728	8.4612	7.7822	6.3128	6.3973	5.7239	8.5792	7.7636	8.6474	4.7687	7.8318	4.3787	5.5476	5.2176	5.4504	7.1333
EA_G__TLE4	4.0222	3.8544	5.4521	3.904	4.018	8.7904	3.9341	6.1528	6.7137	7.0187	7.207	3.7176	4.7436	5.6386	6.3728	6.085	6.4427	7.5938	6.9186	7.7927	5.4186	4.2411	5.3919	8.2546	6.0291	3.7657	4.0863	3.8625	5.7479	4.681	6.409	6.5703	4.2996	6.8817	5.3884	4.1489	4.2274	3.6597	4.2559	3.9956
EA_G__BRD9	6.5119	7.52	7.5869	7.4878	7.3624	7.3621	7.0962	7.095	7.428	7.8264	7.1382	7.3027	7.2444	7.8455	8.1898	6.93	7.3768	7.8572	8.1182	7.6697	6.6873	7.0869	6.8641	7.8405	6.6992	7.7837	7.2717	7.2449	6.9404	6.834	7.0352	6.7035	8.1623	7.2232	6.3684	6.9256	7.3582	6.6416	6.7132	6.6879
EA_G__APLP1	6.6556	6.7871	7.1358	7.5477	8.5018	8.7495	8.9122	6.9223	6.2862	8.4279	6.6353	7.8881	7.5909	6.545	6.4702	6.2521	7.4983	8.1402	6.7957	8.3393	7.3509	7.0396	10.3161	9.1095	8.4935	6.4126	7.1772	6.2183	7.6014	6.8051	7.6283	6.5227	6.3312	6.2694	6.6896	8.1133	7.4847	8.2639	6.969	7.6054
EA_G__BAG2	3.8525	4.3299	5.1524	3.8546	3.7077	7.7073	3.4446	6.687	6.4005	6.3219	6.2911	4.5582	8.1386	7.9545	7.1173	4.381	6.3286	7.4399	6.2299	7.9982	5.0232	5.4682	4.334	7.5584	3.3871	8.1211	5.4731	4.2242	4.7056	4.5241	8.2828	6.9224	8.5168	5.2833	6.1298	3.6269	5.8246	5.7192	3.7646	3.4296
EA_G__ACSL1	8.4285	9.3878	8.6513	9.8595	7.938	7.0775	9.3158	7.6291	6.6026	8.2128	9.6152	8.8888	7.4057	6.6016	8.5239	8.4505	6.5524	6.2068	9.8073	6.9813	7.6201	5.1828	7.7769	7.2449	9.0405	7.5045	8.814	8.3192	9.1933	8.0645	6.585	9.5051	8.4462	8.6173	9.4908	10.3861	8.6547	8.5527	7.1048	6.8911
EA_G__RECQL5	6.3866	5.9241	6.0982	6.0967	6.7977	6.1105	6.3339	6.1693	5.8448	6.5609	6.5268	6.6407	6.1679	6.2175	6.1243	6.1575	6.5895	6.5771	6.3722	6.0161	6.9088	6.9666	6.0202	6.6794	6.3234	6.0628	7.0021	6.1281	6.3826	6.4489	6.5105	6.0787	5.9867	6.2323	6.493	6.191	6.7539	6.5892	6.812	6.8478
EA_G__PER3	7.2994	4.7587	5.8291	7.3809	7.6406	7.7319	6.9896	7.9503	7.3346	7.0982	8.6199	6.7186	5.7995	7.255	8.6937	7.3702	6.6237	6.7456	8.4856	8.5718	7.2242	6.8376	8.9575	7.7691	6.719	5.287	8.9877	8.1057	8.599	4.8052	7.5518	6.1644	5.4752	7.8532	8.3404	7.448	7.958	5.5944	7.8333	7.3847
EA_G__OGFRL1	7.2907	6.8486	7.834	7.3162	7.3684	9.7312	8.3226	8.0075	6.7988	7.4392	7.7099	6.852	10.0646	6.5605	8.1751	7.2933	9.4914	8.5394	8.5703	6.9298	6.4392	7.7643	5.8689	6.9108	6.5117	9.3618	7.7996	7.9517	7.1129	7.0535	7.7615	8.2585	8.8917	7.1307	6.7379	7.4452	7.4045	6.5472	7.6576	7.6894
EA_G__C16orf45	5.513	6.8769	6.1887	6.0307	5.9063	5.9137	5.1053	5.7484	5.3196	6.2622	6.2757	5.362	5.7197	6.1233	5.5063	6.164	5.3603	7.1987	5.7951	8.7459	5.9573	6.1757	5.5124	7.548	6.6192	6.8892	5.5918	6.0186	6.41	6.7274	7.9713	5.7848	6.6187	5.4728	5.3996	5.9732	5.9187	7.8131	7.9662	6.7192
EA_G__MLPH	9.7749	8.9613	8.6126	9.4537	9.4619	7.2434	8.8593	6.8868	6.8657	5.9652	10.2061	9.2145	6.1493	7.1993	6.1736	9.408	7.7663	8.4935	7.6096	7.3314	9.3005	9.7117	9.0131	8.2664	9.9729	8.0714	10.0726	9.6628	9.7087	9.4819	6.3658	8.0179	6.4396	9.4011	9.1543	9.9994	9.2638	8.9017	10.4752	9.9638
EA_G__NFIA	8.7219	7.9826	8.0354	7.8386	8.0413	4.1739	6.7501	6.6336	5.2372	4.5819	7.9987	6.797	6.7164	6.497	7.8099	8.33	7.7521	3.6404	8.4696	5.6756	6.9786	5.9519	5.0951	4.647	6.5191	6.7285	7.501	8.4243	8.3092	7.9186	7.3501	5.5137	6.8647	8.2188	9.3077	9.5288	8.6585	7.846	7.8989	6.3366
EA_G__LOXL2	5.4783	5.8448	8.0146	5.6278	6.8917	11.5706	5.3784	7.3672	8.3444	9.7971	5.3611	5.5669	7.4703	6.3969	7.012	5.7593	8.9623	8.3503	7.7097	10.4794	7.4047	6.4296	5.5399	10.1895	5.9609	8.8689	5.4797	5.8476	6.3622	6.7527	8.6472	9.8992	9.576	6.1699	6.8763	5.9034	5.8065	6.9555	5.6576	5.5175
EA_G__TAGLN	5.3151	5.7585	6.6645	6.2522	6.0612	10.1516	5.6237	8.347	6.2093	7.2583	5.992	6.5892	7.604	6.2202	8.2394	6.2527	11.083	6.0464	6.9682	10.5177	5.7232	5.9843	5.7482	8.2972	7.7912	7.4628	5.8491	5.4102	6.8033	6.7969	6.952	6.6514	7.6329	6.71	6.3456	5.9289	6.238	6.1344	5.6886	5.5426
EA_G__C10orf116	8.5275	7.8628	6.5106	9.234	8.6953	6.0445	8.8934	8.0972	6.6043	6.3444	10.0804	8.4497	6.3077	9.3566	5.5352	8.2283	6.4519	6.6204	6.9088	6.4827	7.4401	6.8984	8.7283	6.5491	10.0568	6.4931	9.9144	9.1916	6.8429	8.3492	6.279	7.7809	6.2948	6.332	7.8405	9.3617	7.999	8.5228	8.537	9.5151
