Cell lines	600MPE	AU565	BT474	BT483	BT549	CAMA1	HBL100	HCC1143	HCC1187	HCC1428	HCC1569	HCC1806	HCC1937	HCC1954	HCC202	HCC2185	HCC3153	HCC70	HS578T	LY2	MCF7	MDAMB134VI	MDAMB157	MDAMB175VII	MDAMB231	MDAMB361	MDAMB415	MDAMB436	MDAMB453	MDAMB468	SKBR3	SUM1315MO2	SUM149PT	SUM159PT	SUM185PE	SUM52PE	T47D	UACC812	ZR751	ZR7530	ZR75B
Response	-1	1	-1	-1	1	-1	1	1	1	-1	-1	1	1	1	1	1	1	1	1	-1	-1	1	1	-1	1	1	1	1	1	1	-1	1	1	1	-1	1	-1	-1	-1	-1	-1
U133A__TFF3	12.242	7.4282	11.8098	12.1898	5.9539	7.9505	6.1278	5.6693	5.4995	9.7873	5.9862	5.5639	5.8248	5.9636	6.9685	5.7579	5.9571	5.385	6.1336	7.9223	8.6074	8.054	6.0694	12.8617	5.781	12.1275	8.7981	5.6714	6.2142	5.5641	7.2255	6.0829	5.986	5.7096	12.552	6.9097	7.2481	12.881	8.677	10.9125	9.4077
U133A__EXT1	5.9409	6.9912	6.0302	6.0805	8.4548	5.5923	6.9876	6.8187	7.0983	7.327	6.7887	7.3775	8.1855	10.4735	6.8258	8.2801	7.7689	7.6661	9.1103	6.1098	5.6871	5.344	9.0202	6.2664	8.134	6.311	7.1049	8.246	6.3766	7.7789	6.5234	7.4435	8.7782	7.0972	7.003	7.0514	5.8885	6.2246	5.1195	6.942	5.2664
U133A__GADD45A	5.3909	6.2445	7.5063	5.2446	7.3392	5.1443	8.6309	7.1551	6.8213	5.8339	6.7283	7.7482	8.4893	7.405	6.8995	5.0377	8.008	8.2273	9.7214	5.0571	5.8846	7.9334	7.5512	5.2269	6.8579	6.8197	6.6866	8.9886	6.5109	9.8078	5.6789	8.471	7.4893	9.3585	5.2882	7.1867	5.4167	6.9506	6.5311	6.1497	5.8262
U133A__PDGFC	5.5151	4.7072	5.306	4.2114	8.5446	4.2682	7.4629	7.5679	8.1244	3.5487	4.7294	7.0604	5.2036	7.8858	6.7858	6.5847	5.6004	7.1701	6.9926	4.1352	3.636	4.0802	7.2686	4.8705	9.2966	6.5591	5.3401	6.8294	5.7983	8.4198	4.7499	8.8223	6.3115	7.8914	4.062	5.1023	5.7918	4.4004	5.4727	4.4081	5.9931
U133A__TGFBR2	4.7952	5.333	5.0315	4.0804	6.7765	4.5064	6.7981	6.3664	4.7365	4.2208	4.6006	6.7692	5.9237	8.2695	5.0056	4.2784	5.3755	6.5588	7.6766	4.5196	5.7419	4.3473	6.6819	4.3361	7.685	4.9647	5.073	6.9129	4.4376	6.2656	5.0651	7.2266	7.6333	8.8984	4.4958	4.7649	4.3031	4.2663	4.2258	4.2648	4.3092
U133A__TFF1	12.2913	8.7704	12.009	13.0647	4.5823	11.357	4.4645	5.0347	4.9526	12.0586	5.5069	4.6102	4.7953	5.1295	7.7444	6.8636	5.3196	4.7428	5.032	12.5113	12.6032	7.2875	4.6427	11.0566	4.7941	12.0723	7.1696	4.5311	5.6426	4.66	6.7433	5.0684	4.859	4.9279	10.1664	5.2403	4.7042	12.6332	7.8516	8.9264	12.1863
U133A__PTRF	6.1143	6.0022	6.2617	5.8685	9.7082	5.8463	9.004	8.3455	6.1188	5.7173	6.9987	8.6548	8.2281	7.4855	6.7332	6.6073	6.763	7.1768	9.9604	6.0237	6.3204	5.3083	9.1023	6.1647	9.8031	6.2294	7.3507	8.0369	6.3333	7.3438	5.6802	9.5435	8.2916	9.4023	5.267	6.5915	6.796	6.1726	5.4646	6.4682	5.981
U133A__PLAUR	7.2636	7.0817	6.3774	6.0661	7.9196	6.3478	7.0145	8.6018	7.3217	6.6571	6.7499	6.7768	7.13	8.4113	6.868	6.8516	8.1211	7.3607	8.1234	6.4877	6.4579	6.6082	6.9693	6.7436	8.9904	6.1449	6.6998	7.9687	6.2084	8.0323	6.715	7.4222	9.277	7.1697	6.0395	6.7814	6.3108	6.3435	6.3425	6.1753	6.7746
U133A__ERBB3	9.0074	7.5004	8.3846	9.4643	4.1332	7.8718	3.9425	7.0488	7.2396	8.1221	7.1116	6.5673	7.1065	5.2443	8.1957	8.2884	6.1232	7.809	3.9223	7.4837	7.907	7.5422	5.1573	7.8977	4.7362	8.49	7.7735	4.4635	8.3471	6.2743	7.8318	4.3134	6.0561	4.2768	8.8454	6.8618	8.571	8.2939	8.3354	8.1268	7.6055
U133A__PSMB9	4.8843	6.5081	4.5777	6.4754	4.7598	4.9569	7.7952	5.4396	7.3883	5.527	6.1295	8.4128	8.0092	6.9446	7.3893	5.1029	6.1024	9.9119	5.7298	4.7975	4.492	5.0886	8.6041	4.6674	5.0612	5.1089	6.7275	5.4245	4.8534	9.1835	4.6866	6.3482	7.112	7.5584	4.6708	4.9221	5.6582	4.9831	4.8526	4.7699	4.6645
U133A__ANXA1	8.3863	5.1813	6.8058	4.8279	10.1509	4.9132	10.8697	10.2727	4.9733	4.6701	10.5859	11.0167	11.8721	11.347	5.6928	5.3504	11.3303	11.4584	11.0326	4.9591	4.9942	5.0231	10.6713	6.8432	11.1804	5.5085	9.4097	11.2499	5.0185	10.4199	5.8809	10.9965	10.7391	9.9079	9.1288	9.263	4.6556	4.9519	4.8945	6.9477	4.9117
U133A__MARCKS	4.0846	7.9558	9.0052	6.1751	9.3931	3.1121	7.6127	7.562	9.3508	6.1638	7.7138	7.8514	8.6914	8.1749	6.8248	9.5401	8.7765	9.2564	9.3228	3.4705	6.1732	9.3868	9.2405	7.1593	8.4118	8.1083	8.134	8.7476	7.7284	9.0459	7.2272	7.9364	6.5351	7.3555	8.9721	8.8831	2.8129	7.525	5.898	4.6992	6.8807
U133A__IGFBP3	5.6494	4.871	5.2836	5.3476	10.6212	4.8745	6.3437	10.6165	6.9528	5.2737	5.3532	11.0036	11.5055	9.3428	8.2413	11.644	9.1924	11.6134	10.2776	5.4442	5.6197	9.3685	7.9102	6.1709	6.3213	6.7394	5.1851	9.7614	9.1549	10.5365	6.1615	10.0354	6.1315	5.5192	8.1578	5.9969	5.2047	7.5049	5.0017	5.4275	4.7505
U133A__GNG12	7.5942	7.7849	6.4664	6.5978	9.7447	5.7435	8.5615	7.6541	6.3405	6.7824	8.0676	8.631	8.0184	7.7945	6.6779	7.4507	8.4371	9.4671	10.163	5.8447	6.4708	6.9607	8.6305	6.6815	9.2273	6.8388	8.3046	8.7035	7.625	8.6723	7.4958	9.7275	8.1413	9.2598	7.333	8.3668	6.9594	7.5017	6.9873	8.0563	7.0425
U133A__MET	4.1684	7.1117	6.3733	6.3704	7.8015	3.681	7.2627	7.5974	4.7232	5.4852	5.2012	8.5363	6.9785	8.3372	4.3959	5.3306	7.3328	7.4069	8.8939	5.544	5.1935	3.8401	6.8282	4.3847	7.7522	6.4167	4.6308	7.4226	3.6139	7.5616	5.2515	7.6225	7.4948	8.1415	4.3291	5.477	3.9143	3.4815	4.67	3.614	3.9095
U133A__TOB1	8.8416	8.1199	9.54	10.0412	5.6991	8.2963	6.2978	8.2331	6.9626	9.9774	7.4185	7.3983	7.7978	6.7211	9.922	8.3342	7.3782	7.4541	4.4955	8.4614	8.9689	8.6463	7.562	8.9663	5.935	10.6432	8.5555	5.5873	9.5297	7.5843	8.6703	5.2081	4.7449	5.9356	8.5847	8.8228	9.8445	9.2366	9.6404	9.9614	9.1081
U133A__JAG1	4.1715	3.9738	3.6819	4.1545	4.2839	3.7708	4.507	8.0789	7.4077	4.0578	4.4086	8.2193	7.9108	7.5138	4.8254	6.404	6.704	9.4865	8.0298	4.0333	4.1281	3.9545	7.3283	3.9943	5.8484	3.9838	4.4251	3.9955	4.9316	6.6225	3.8902	5.0175	8.7436	4.4868	7.8841	3.9565	3.6018	3.9492	3.8016	4.0315	3.7944
U133A__PBX1	10.6681	9.5764	9.4725	9.8965	7.1982	8.9231	6.5424	8.3278	6.6554	8.7516	7.3662	6.3245	8.2703	4.0816	6.8856	9.1327	6.7302	8.0011	5.482	7.1916	8.0443	8.9407	5.4143	8.5418	4.6607	8.253	8.9907	5.5921	9.1773	7.7912	9.2953	7.468	4.6159	4.8149	9.5481	7.913	8.3759	9.2425	9.5066	9.3962	9.2392
U133A__RND3	9.2212	8.0358	6.583	5.7807	9.5701	6.3813	8.8505	10.1356	7.1855	4.6386	8.8115	8.5677	9.8172	9.7581	8.3455	10.8218	9.5237	8.7922	10.6323	8.3719	7.8108	8.0078	9.4195	8.1009	9.0001	6.4467	7.7819	9.5531	9.1513	10.135	7.8503	8.2474	8.9026	7.7138	7.7559	9.2065	7.8362	7.1121	5.8681	7.3291	5.3049
U133A__ZNF217	7.419	7.5835	7.8014	8.8077	6.3906	7.2507	4.8339	6.639	6.8205	7.0884	6.5128	5.7742	6.7022	5.9938	6.3508	6.8491	6.55	7.1567	5.4451	7.5959	8.0458	7.2063	6.4752	8.3299	5.7126	7.3471	6.1379	5.8998	5.9462	7.0682	7.1079	5.8327	5.9423	5.1742	6.4352	5.7603	6.5379	9.0439	7.9256	6.4036	7.0191
U133A__NMI	5.4002	6.3355	5.7453	6.2096	6.1877	3.8738	6.686	5.7535	7.1553	4.6454	6.3539	7.9995	8.664	7.9398	6.1445	6.8946	7.0581	8.4223	6.1866	5.3983	5.7694	4.0752	7.4026	5.436	6.8466	6.5341	3.9968	6.5408	5.6363	8.6585	5.8808	6.4119	8.0871	6.5488	4.6572	5.5115	4.7055	6.0912	6.4388	4.0133	5.2935
U133A__SOD2	5.5088	6.9736	4.881	5.1914	7.7208	5.6061	6.9795	6.6548	7.6545	5.7471	8.3722	7.9873	6.5132	7.3532	5.281	5.9588	7.7653	7.5586	6.3059	5.2549	6.0585	6.0706	8.5843	5.3729	5.5954	5.823	6.3231	11.1784	5.1422	8.2402	6.0321	7.3062	8.7586	9.3681	4.9814	6.5449	5.6744	6.295	4.8445	5.1503	6.1557
U133A__IL8	4.0745	4.3172	4.1479	4.0587	6.6	4.1697	5.8725	5.1717	4.2146	4.2386	4.7313	7.1824	4.7397	6.9478	4.3148	4.0815	7.3904	4.6508	8.9614	4.2436	4.1859	4.3014	5.4975	4.6944	4.452	4.2646	4.5124	8.3977	4.2893	7.6142	4.2288	4.3639	10.3657	7.7098	4.2191	3.4927	4.0444	4.273	4.2045	4.3166	4.2885
U133A__PLS3	7.4402	8.1478	6.684	6.6342	10.0973	5.9543	9.0506	9.6656	8.887	8.3576	8.6835	9.5501	9.8794	9.4261	3.407	9.6483	11.1688	10.073	9.1672	7.7474	5.0117	3.273	8.691	5.8468	9.2106	7.8484	9.2009	9.4815	7.8326	9.7297	8.6187	9.3368	8.8304	8.2318	4.6121	7.5828	7.7544	2.9017	8.1646	8.7256	8.5997
U133A__PSMB8	5.9129	8.1465	4.8895	7.4786	5.1509	5.1652	8.4902	6.704	9.2071	5.7421	6.8288	8.2608	8.6923	8.168	8.0046	5.4133	4.9573	9.5104	6.8425	4.8232	4.9295	6.5153	9.0369	5.5676	7.2687	6.817	7.9776	6.9481	5.3379	9.8933	6.1107	7.182	8.2313	8.3033	6.4629	6.4871	6.663	6.7358	5.3678	6.1207	4.6754
U133A__KIAA0182	8.7175	8.7547	9.4399	8.9626	5.5927	8.9031	6.2784	7.0695	8.2032	9.5198	6.5335	7.1268	7.6521	7.6461	9.0573	8.5395	7.194	7.7941	6.6802	9.3437	9.2681	7.1592	5.5687	8.3507	6.8539	9.4821	8.1927	7.0051	8.8215	8.6243	8.4014	6.3604	6.768	6.9346	9.4211	8.2608	10.1651	8.3246	9.5845	7.8404	8.7069
U133A__SPDEF	10.4241	9.495	10.1198	9.8359	5.8444	10.4996	6.3272	6.2908	5.8013	9.2013	6.2848	5.3899	6.8656	7.0677	10.3649	9.5734	6.6571	5.2999	6.5909	10.0367	8.9085	8.9427	5.5694	9.9494	6.027	10.078	9.6299	6.3312	10.1262	8.3452	9.8712	6.631	6.472	6.5064	10.0966	9.9188	9.3052	9.6714	10.8242	10.4874	10.1563
U133A__TNC	5.3228	4.6808	5.0294	4.8493	6.8118	4.6548	6.2793	5.8077	9.2972	4.909	6.0354	4.8131	5.0022	8.1084	6.7858	5.3092	6.2336	8.5657	6.5111	5.0374	4.7272	7.5415	7.5353	5.0349	5.0495	6.0046	6.2086	7.7184	9.5715	6.4274	4.904	7.4837	8.1507	6.8616	5.1442	7.8556	4.9164	6.5265	5.2553	5.9237	4.8657
U133A__FBP1	6.8861	5.4407	8.7593	9.0806	5.8518	8.9571	6.0355	5.675	5.3145	9.223	5.9597	5.9596	8.9816	6.1031	8.462	5.4783	5.7636	6.0106	6.2966	9.2997	10.2366	9.9675	5.5894	10.3739	5.6397	10.3698	8.9993	6.0119	6.1156	5.7261	7.3014	5.5824	7.2633	5.8976	9.8817	7.7395	7.7367	9.8135	9.0869	6.2665	8.5342
U133A__PLSCR1	5.7683	6.133	5.6899	7.381	7.0623	5.5627	7.7485	9.5252	8.7953	6.0307	7.8496	7.6944	10.6908	8.7217	7.12	6.6667	8.7989	10.1561	6.8395	6.7902	6.9671	6.7378	7.3472	6.7924	7.2952	6.6431	6.6225	6.6973	5.9994	10.0131	5.5298	6.3075	8.9766	8.1261	4.5375	6.4163	6.1377	6.1938	4.9059	4.7673	6.114
U133A__TRPS1	8.6584	7.3827	7.0458	9.6951	6.9494	8.2062	3.4593	8.634	5.392	8.5305	7.8165	3.8643	6.1183	4.2236	6.5161	8.4291	7.4467	6.7044	5.5976	7.4086	7.1694	8.6372	5.0367	7.8186	3.923	6.8585	7.5954	6.8846	8.5243	6.1981	8.38	7.5346	3.3148	4.1508	10.0281	9.272	9.1202	8.4461	8.5384	8.553	8.6575
U133A__GPX1	8.9739	4.0916	9.13	4.1978	9.7074	8.7943	8.0487	8.6375	3.8954	7.8047	3.5472	8.4418	9.4091	9.7496	9.301	3.7548	10.5188	8.6679	9.1332	5.2514	5.269	9.851	7.3749	3.9513	9.7794	9.7769	8.2842	10.3552	9.6262	9.4756	4.1969	8.82	10.2252	9.2677	3.2767	3.978	3.5145	4.9552	3.7776	3.3897	4.1642
U133A__KRT8	10.7115	11.2525	11.1708	11.8105	4.6994	10.4767	8.954	9.9402	9.7313	11.932	8.4941	8.913	10.6646	11.1743	11.3477	11.4994	9.9269	9.5457	5.7145	11.6793	12.1159	10.506	7.5837	11.0665	8.3426	11.2063	10.4653	7.4827	9.1194	10.6725	11.5414	4.6224	9.8963	8.3775	10.5897	9.9593	11.9459	11.5683	9.9995	10.623	11.4816
U133A__BTG3	7.0426	7.5953	5.9703	5.3371	7.0791	4.2233	6.8336	8.9466	7.8792	5.0099	8.5942	7.5041	7.8742	8.5126	5.082	7.4848	7.8793	8.5934	6.7906	4.2185	4.5037	7.1768	8.6345	6.7812	7.9845	6.3049	6.2882	8.5612	6.0178	8.2201	6.2314	7.0501	8.9104	7.0772	6.0982	7.1067	3.7357	7.3764	6.5325	5.9266	7.4161
U133A__CRIP2	8.2574	9.2634	9.209	9.9678	7.8746	8.3415	6.5901	7.7681	8.0402	9.0021	7.6044	5.5453	6.6722	6.6952	9.1442	8.8685	7.8221	7.9883	7.3507	8.6357	8.6983	8.9642	6.3079	8.3729	5.1886	9.2302	8.0924	6.1297	7.8109	6.317	8.3547	8.1304	6.4487	5.4693	9.8773	7.1792	9.294	7.9542	9.0175	7.8351	9.4029
U133A__CTSC	6.462	7.8213	5.6429	6.511	8.7733	6.0613	6.6398	7.1267	6.1393	6.1285	7.7895	8.61	7.1706	9.9228	7.5757	7.5029	7.5712	9.4375	8.1937	5.3937	6.3418	5.3429	7.5387	6.0198	8.1208	6.9996	7.2767	9.555	6.7308	8.1037	7.4898	5.6283	9.7333	8.6939	5.451	5.3268	6.5055	5.8231	6.0762	4.8574	6.4382
U133A__CDC42EP3	6.5387	5.3841	4.6925	3.6723	4.5565	3.1213	5.8254	6.9265	4.1005	3.5236	5.3886	7.7389	6.2455	6.0531	4.3747	5.6163	6.6861	4.6904	8.1804	3.4122	3.5095	4.5022	5.9676	4.1611	8.5465	4.5654	4.5823	5.1224	3.2159	6.6844	3.9786	4.1004	5.9385	6.0244	3.4122	9.3553	4.4616	4.6908	3.2918	4.4069	3.4654
U133A__AKR1C2	5.4605	6.4464	5.9221	5.7432	6.1651	5.4722	6.1618	7.525	8.0987	5.4578	6.006	12.3755	8.7393	8.1344	5.8008	5.8194	8.3491	7.9785	9.3591	5.9496	6.9475	8.881	8.398	7.346	5.5549	6.8639	7.5265	6.8303	6.1791	8.2474	5.8097	6.0822	7.791	7.9192	9.6358	5.6004	5.3554	5.4338	5.3534	5.9593	5.4075
U133A__CYFIP2	6.119	7.2214	7.2856	7.9177	5.0692	8.2878	5.1518	5.5729	5.7304	7.8867	5.7349	5.1345	5.1257	5.5263	5.2595	7.4708	6.2103	4.7354	5.6666	5.6376	6.6199	6.1386	5.2283	7.4	5.4525	6.2671	5.9559	5.7349	6.8642	5.1087	6.9614	5.7687	5.5363	5.436	8.0359	8.5498	7.3658	8.2599	5.8194	5.5973	7.1325
U133A__EPHA2	6.8777	6.8505	5.9049	5.1826	8.0944	5.8575	7.5704	6.3275	5.4135	5.1916	6.3529	7.8942	7.0137	8.5616	7.0007	6.7903	6.7602	6.7414	8.1722	6.0052	6.6211	5.7144	7.5885	5.7941	8.7282	5.6235	5.8814	7.1399	5.967	7.0434	6.6319	7.5941	8.0211	8.2738	6.9307	6.077	5.5545	5.7672	5.4127	5.972	5.8045
U133A__CD44	4.7486	5.2851	4.5395	6.9448	9.4833	4.1435	8.3319	8.4113	5.113	7.9968	9.5046	10.7234	9.0773	11.1618	4.3106	4.529	9.4828	9.166	11.6044	5.1419	5.1402	7.6727	9.821	4.0806	9.3837	7.2156	8.5655	10.2823	4.2934	10.3147	3.3122	10.2795	9.5681	9.6161	4.206	3.3732	4.9207	6.2961	5.8441	6.1734	4.1655
U133A__SLC9A3R1	9.519	9.6155	9.3381	11.1179	7.3427	10.3084	7.7009	7.7895	7.6797	11.4694	8.4963	8.6198	9.0035	8.2239	10.6246	9.0584	8.1738	8.8965	7.1743	9.7706	10.4869	10.1918	6.8074	8.9042	7.6842	11.736	8.9875	6.416	10.9463	8.9907	9.4829	6.4568	7.3574	6.9491	9.7921	9.2263	10.2388	10.5344	10.2528	8.9988	11.1031
U133A__EFHD2	6.3941	7.0454	6.4766	6.4936	7.5636	6.3588	8.1769	6.0969	6.8305	8.0424	7.0821	8.2535	7.4678	7.6052	7.1227	6.5976	6.7764	8.0389	8.0316	6.5578	7	6.8124	7.6341	6.6975	7.8318	6.7962	6.8529	7.4818	6.7788	6.5373	6.5078	7.4881	10.043	8.6704	6.1727	6.4398	6.3416	6.2008	5.7129	6.0777	7.3278
U133A__CSRP2	4.6788	4.979	5.0201	4.0119	7.7089	4.3732	7.2517	5.1256	8.5335	4.1902	5.8713	8.9537	4.8602	4.5477	7.3587	5.8602	6.7445	3.8214	6.0008	4.9673	4.4735	5.2102	6.9489	4.3389	7.2707	5.5783	4.5925	8.3245	4.4372	4.0297	4.4089	6.4662	6.4077	5.9498	4.0688	4.6758	4.0357	4.863	4.0661	4.3677	5.474
U133A__MELK	7.4057	8.2586	7.7049	8.1506	9.2766	8.9561	9.3756	8.3064	8.9809	8.3003	8.785	8.8851	9.0786	8.8704	7.6241	11.0903	8.9656	9.9242	8.7947	8.6129	8.3998	9.4282	8.8347	7.7825	9.7051	8.938	9.0018	9.0216	9.3381	10.21	8.7079	8.3682	8.1645	9.0565	7.3721	6.5906	7.9253	7.6879	7.8002	7.5753	9.065
U133A__FASN	10.7788	11.1828	11.2606	9.3724	9.1052	8.5659	8.5505	7.7698	10.3198	11.0689	8.5587	9.2366	8.003	8.7145	11.0383	9.0543	8.8339	9.3731	8.0922	10.2977	10.5056	8.8362	9.0354	11.1126	9.0868	10.2173	9.2182	8.4683	10.1033	9.25	11.7652	8.8803	9.9972	8.5825	11.0307	9.0381	9.5315	10.6165	10.1347	11.3211	11.2674
U133A__SLC9A6	6.4055	7.0008	5.2708	4.3228	8.7858	4.4773	6.5737	6.7706	7.7514	4.2629	6.1563	7.1961	7.6515	7.1268	4.8025	4.3595	7.158	7.5777	6.9	5.9238	6.2413	5.5375	6.5963	5.6565	7.8945	6.3295	4.5921	7.2907	4.9043	7.3732	4.9311	6.407	6.7893	7.3206	6.1149	6.3706	5.8012	6.5172	6.2142	4.9762	6.5391
U133A__ADM	5.277	8.0616	6.529	5.3128	7.8679	5.4283	7.0432	7.2131	7.8738	6.5466	6.1613	7.8844	8.3814	8.7626	6.6977	6.6973	6.3123	5.4869	10.3763	6.8255	6.2425	7.0655	8.2545	7.1649	7.5308	6.2133	6.6996	9.7941	5.353	7.8632	6.5454	8.4176	7.0588	7.011	5.4331	6.3307	7.7379	7.1417	6.1264	5.593	5.0025
U133A__SLC7A11	4.2893	4.9085	4.8749	4.2309	7.6008	4.0794	5.9768	4.8761	4.5896	3.9585	5.6869	9.4099	5.7783	5.776	4.4735	4.097	5.2914	6.0812	8.3411	4.3563	4.5052	5.6895	6.2811	3.7697	9.0367	5.1478	5.4183	6.981	4.2368	6.0977	4.6391	6.1061	5.0838	6.5691	8.3337	7.695	4.18	3.9346	4.1598	6.0442	5.1029
U133A__AKR1B1	5.4264	6.9517	5.9901	5.6065	8.7781	5.6946	10.595	5.6857	6.894	7.4072	8.1445	9.6667	9.0128	6.1103	6.0593	5.5161	9.8841	10.1821	10.9824	5.9497	5.9629	5.5375	10.7395	7.1787	9.6852	6.313	7.2479	11.7579	5.7109	10.7006	5.7104	9.5693	11.8108	11.2588	5.2415	5.3117	5.4185	5.0463	5.5959	5.9962	6.4257
U133A__CALD1	4.2559	5.8786	3.9365	4.9682	7.9225	3.6763	6.3654	6.2884	9.1905	3.4181	8.0223	6.0784	7.1754	4.4506	5.9083	5.5558	9.2409	8.8403	9.3954	3.6019	3.9175	4.3435	7.5768	4.9728	7.2995	5.0421	4.1759	7.5142	3.5041	7.4042	4.7812	7.3616	7.3157	7.8436	7.7707	6.7517	4.3805	4.0465	4.0081	5.9235	3.6434
U133A__ID1	7.5488	8.458	9.202	5.6677	8.8821	8.9097	8.6448	9.9643	9.5179	4.83	7.5484	9.8832	11.5212	8.5198	11.0086	11.6982	9.9092	9.877	8.8602	8.3347	9.1138	9.3942	9.3329	8.6759	9.2361	9.5439	9.8859	7.508	9.7659	7.0042	7.7427	9.1492	8.3101	10.132	8.381	10.2033	9.0256	5.3317	9.1427	9.4895	8.2074
U133A__ITGA3	7.0347	5.904	7.0003	6.2149	8.0259	6.2689	8.8922	7.8936	5.0259	6.8603	5.3603	7.6743	7.3976	8.3943	7.9867	5.562	7.1843	6.5616	7.4535	6.6455	6.406	6.3636	8.2664	6.2884	7.5132	7.5224	6.7249	7.7298	6.8296	6.9427	5.5944	6.0298	7.3832	7.7502	5.8839	6.8074	5.8556	6.1491	5.7229	6.6238	5.9956
U133A__TOM1L1	7.9076	5.7186	9.4773	7.1879	5.1145	6.9637	5.2507	6.7397	4.7466	7.9732	5.146	5.9551	5.8162	5.9377	4.7196	6.3062	6.4622	6.1347	4.2894	7.0622	7.4272	7.1205	5.3791	7.2296	5.9639	8.1008	6.8372	6.9063	7.168	6.292	5.5921	6.9032	5.8708	6.031	6.4239	6.756	7.2706	7.6229	8.6175	6.4265	7.7091
U133A__CYB561	9.3231	8.9941	7.9717	8.632	6.2388	8.0748	6.4993	7.6969	6.9168	8.6582	8.3664	8.4426	7.8981	7.7693	9.4771	7.5397	7.7448	8.0632	6.9285	9.7372	9.1411	8.1277	7.0833	8.4517	7.3983	10.3813	8.2127	5.3051	8.7824	7.615	8.5366	5.2097	7.0984	6.7225	10.2413	9.4326	8.5092	8.6084	8.7911	8.2033	9.3286
U133A__CAV2	3.628	3.1779	3.3923	3.0698	7.8986	2.8462	5.1588	7.2226	3.0586	4.8437	4.7763	8.5945	8.2912	7.4602	2.8226	3.682	7.035	8.1446	7.6605	4.8362	4.751	3.1371	7.6109	3.3443	7.438	2.9043	3.4366	6.8305	3.0974	7.613	3.3199	7.4425	7.9614	7.5886	3.3399	4.8789	2.8856	3.9524	2.9463	2.8217	2.6443
U133A__COTL1	3.8873	6.1669	4.9965	7.057	8.685	3.9985	8.114	6.2075	4.6672	5.8737	7.9639	9.1007	8.7132	9.1908	5.7679	4.9764	9.1278	8.2581	8.4075	6.502	5.7289	4.8017	7.2017	5.5067	8.776	5.4758	5.1598	7.8233	5.832	9.0136	5.7785	6.831	8.3543	8.6649	5.26	6.4731	6.115	5.3958	4.3443	4.0865	5.3925
U133A__SFRP1	5.1117	5.3705	5.4813	5.2707	8.5268	5.2428	8.8216	9.9972	5.5535	5.1718	9.5246	5.3062	10.0981	5.6955	5.8066	5.5267	9.5855	6.0073	6.2385	5.3056	5.4548	5.5234	8.2226	5.0257	5.1371	5.8117	5.2424	6.0577	5.5989	9.2322	5.185	5.4689	9.8611	5.3713	5.4951	5.3988	5.3516	5.0277	5.5497	5.545	5.2553
U133A__RHOB	10.4942	9.873	11.0388	10.4831	6.7962	11.0472	8.3443	6.5967	5.3472	11.2735	6.8223	5.304	6.3977	6.8571	10.6523	9.5881	6.7605	4.5314	6.3916	9.3614	9.9117	11.0411	7.4355	10.1894	6.7163	10.5222	9.9235	9.2453	10.7721	7.3136	10.9564	5.3243	5.6316	8.7454	9.5754	9.765	9.1037	9.9938	10.6561	9.3275	10.3209
U133A__EMP1	6.5915	6.3958	5.0881	5.0017	7.0257	3.4401	4.9083	8.7769	3.0985	3.053	3.4966	8.7768	9.395	6.5596	3.3468	6.9316	8.1768	9.811	7.0502	3.0761	3.2399	3.5147	5.1524	6.6583	7.7947	4.2229	7.3056	7.4591	3.2898	7.0991	5.2264	7.5455	8.5932	7.733	3.5142	7.6672	3.1839	6.04	3.7279	7.3995	3.3071
U133A__SLC39A6	7.7971	6.2623	8.41	9.7579	7.1998	7.8475	5.9221	7.3674	7.4381	7.3231	6.8048	6.6043	5.6466	7.0401	6.3356	6.5261	6.3182	6.9683	6.666	7.9931	10.5732	8.0261	5.5622	7.2093	6.5394	8.0151	6.4029	6.2922	6.5248	6.2491	6.2838	6.153	7.6162	7.6329	7.1446	7.6467	7.1279	8.8267	9.2532	6.6951	11.5676
U133A__S100A2	5.7104	5.2629	5.0266	5.1361	8.7308	5.1261	9.3678	11.8664	8.1017	4.6494	5.0442	12.1145	9.7223	9.938	6.7237	5.0393	12.6387	10.0914	6.775	6.5171	4.9131	4.8508	7.9401	6.4604	5.843	5.1111	6.0773	7.1644	4.8966	8.4703	5.6079	8.4846	10.926	8.9102	5.3655	5.9202	5.5082	5.3582	5.3529	6.4182	5.7302
U133A__NEBL	7.1562	7.471	7.9659	8.3793	4.4277	8.0852	4.1247	8.1581	5.8258	8.7265	4.729	4.5974	6.1047	4.8275	6.2376	8.4438	4.7794	8.8448	4.5196	7.2791	7.7379	7.7128	4.3245	6.2351	4.2596	7.1621	7.8028	3.7526	6.5042	5.5637	7.6328	4.692	4.966	5.6682	9.7977	6.3427	7.0842	8.2432	8.448	8.1131	7.1828
U133A__CAV1	4.2859	4.1942	4.49	4.2497	10.769	3.9335	9.4857	10.2245	4.1066	5.7522	4.5139	10.4314	9.7651	8.6141	5.5414	5.3759	8.5934	8.7912	11.4435	5.6543	6.486	3.9209	10.4205	4.2274	10.5667	4.3654	4.8546	9.7885	3.8748	8.9838	5.5985	10.5467	9.5059	10.8746	4.009	4.2529	4.2671	4.1429	3.9104	3.9215	3.9756
U133A__UPP1	5.0584	5.6322	4.9845	5.0589	6.9232	5.299	6.6679	5.9974	4.9958	5.0688	5.6954	7.8197	6.1613	9.6091	5.2682	5.0163	6.3642	6.4785	7.3965	6.2153	5.1453	5.9254	8.1145	5.4148	6.9723	4.8951	5.5995	8.0609	4.8817	8.3517	4.624	6.9538	8.4167	7.2426	5.2043	5.3043	5.2285	5.6796	5.0327	5.0486	5.1655
U133A__RAGE	6.0153	6.1349	5.6582	5.9482	7.2698	6.0013	6.7008	6.0206	5.8776	6.0351	5.5039	7.6833	5.9007	7.0987	6.3245	5.9309	8.8647	5.7582	8.3499	6.0592	5.9778	6.0999	6.24	5.936	7.0726	5.6932	6.5152	5.9202	5.9935	6.5255	5.614	7.5141	5.9461	7.6006	5.8088	5.7914	6.1698	5.6803	5.8604	5.3095	5.4439
U133A__STK17A	4.9501	5.586	5.9762	6.0216	6.566	5.4767	6.8878	6.4057	6.6561	5.4821	6.0291	8.4562	5.8604	8.8451	4.2898	5.3348	6.9874	7.9924	7.3272	6.1679	5.637	4.929	8.7568	5.3935	7.6759	6.849	5.6005	7.6556	6.2104	7.1288	5.4237	7.6464	7.6153	7.0711	5.235	5.8133	6.2781	5.7631	5.1737	6.1401	6.3458
U133A__GATA3	4.3432	3.6303	5.039	9.974	4.1358	8.5593	3.5801	2.9041	5.2215	8.0058	4.0984	4.9866	4.7334	5.0131	7.259	7.9089	3.0972	5.4572	3.2756	8.2784	9.0129	8.8407	2.9786	7.4635	3.0718	7.1761	6.9304	3.0294	9.0051	5.2047	4.2017	3.2494	3.2905	2.7796	8.2158	7.0477	8.5736	7.9187	6.4257	7.0591	8.156
U133A__IFNGR1	6.2688	7.5228	6.3571	5.4815	5.8801	5.2355	5.7804	6.8528	8.334	4.6056	6.7327	8.5441	8.1554	6.8216	4.8815	8.3696	6.9811	8.2171	6.8533	6.2653	5.2145	6.2502	7.4998	6.6431	6.5338	6.6722	6.1714	7.2957	6.5028	8.8206	6.212	6.5564	7.4746	7.0159	6.9089	6.8947	5.0929	7.0664	5.7274	6.1177	6.2415
U133A__FKBP4	7.8938	7.2314	7.8308	8.6332	6.4693	7.5977	6.5142	6.4888	7.6079	10.106	8.0188	7.4516	7.9534	8.2485	6.6807	6.7073	8.3906	7.4821	6.6219	7.3035	8.5173	9.1486	6.0714	8.2269	7.0025	8.2281	5.9213	7.899	7.3097	6.3919	8.068	6.4055	8.0056	7.8416	7.6881	7.2406	8.8391	7.4746	8.1696	8.2421	8.6481
U133A__GCLM	6.0291	7.5479	5.4249	5.7461	7.6196	7.7395	6.217	5.5992	7.0837	7.1773	7.0669	8.3129	8.4717	7.7987	5.9682	6.114	8.1152	8.4664	8.4537	6.8713	5.8763	6.9286	6.4362	5.0065	8.8706	6.9329	7.2826	7.292	6.7209	8.5339	6.6394	7.626	8.7869	8.1921	6.054	7.1043	5.0209	6.7278	4.8826	7.8625	6.8645
U133A__SLC16A1	5.5794	5.7645	6.0565	5.5591	7.9693	6.5954	7.3612	7.3152	6.2764	5.9809	7.3342	8.5427	8.3794	8.0237	5.8946	5.2666	7.0439	8.4403	7.6278	6.1698	6.5289	6.4164	7.8131	4.8744	5.4479	5.6483	8.4516	8.7246	5.5286	6.8735	5.5178	8.0539	8.2358	8.9896	5.3126	6.7675	5.835	6.0467	4.937	5.5224	7.0823
U133A__HDAC2	7.3362	7.244	7.6767	6.867	7.551	6.9395	7.3048	7.0874	8.1325	6.5409	7.9756	7.3507	7.9535	8.3325	5.4068	10.9012	7.9686	7.7932	7.6404	7.0908	6.704	8.7541	7.7129	7.1234	8.2561	7.7281	7.5994	7.9714	7.9039	8.3523	6.9991	6.7312	7.6319	8.2541	7.5854	7.4804	6.7918	7.5777	5.8817	6.6741	7.6247
U133A__SUV420H1	8.4184	6.2935	8.3197	7.3251	6.0152	8.0207	5.3438	5.9581	8.1196	6.0526	5.2183	5.9548	5.9755	5.019	5.5126	6.6016	5.1908	5.786	5.2395	6.1525	6.3096	5.3072	4.9307	7.1395	4.5903	5.949	6.2792	4.7395	6.8667	6.7692	6.0065	5.2142	4.8774	4.6831	6.5164	7.155	5.7848	6.6498	7.9656	6.3312	7.6793
U133A__CRIM1	6.6823	5.0556	4.5538	5.2347	6.6582	3.5903	5.9807	7.9088	5.0214	5.8645	5.4013	6.6716	6.0828	6.2967	4.8205	6.6118	6.6738	6.4677	7.6681	4.209	4.0619	4.8435	6.3739	5.1213	8.3257	4.25	5.0642	6.0909	4.1324	7.3998	4.8529	6.1856	4.9762	7.7736	5.3263	7.3237	6.0612	4.7611	3.0831	4.6988	4.056
U133A__CA12	9.2856	6.8362	6.6024	10.0646	4.94	9.4907	5.492	5.3522	5.2704	9.9923	5.8997	5.8965	5.9293	4.8096	8.2238	5.138	5.3006	5.1204	6.4199	7.0757	8.7923	10.1694	5.1916	8.8035	5.7859	7.8998	10.1217	9.4883	9.7319	5.0811	8.5665	7.398	5.5183	8.3814	7.6774	8.1588	9.8759	9.6625	8.016	9.0663	9.0498
U133A__TNFAIP3	5.9295	6.7965	5.7553	5.6916	5.7218	5.7495	7.1966	6.4198	8.9139	6.1028	6.7203	8.4994	6.6061	6.4225	5.9136	5.9013	6.9691	6.2094	7.2405	5.4449	5.5353	5.9057	6.3513	5.8423	5.564	5.8709	5.9297	8.9282	5.7984	7.7501	5.9432	6.3301	8.7543	8.0292	5.6503	5.5626	5.8664	6.2742	5.6705	5.8143	5.6778
U133A__MT1G	9.5396	9.8014	9.5375	9.1879	10.2389	9.5497	10.9803	10.1966	8.9364	10.0569	9.4293	10.1144	9.3626	10.3956	9.6338	8.9171	9.9396	10.0105	11.0897	9.5614	9.4205	9.4776	9.8725	9.5197	10.9873	9.9641	11.216	10.8516	9.6989	10.5912	9.9504	10.9458	11.5697	11.2823	9.5986	9.9742	9.6423	8.985	9.3284	10.8216	8.7799
U133A__FTL	9.9572	7.7744	10.0591	9.0597	10.2013	8.6878	11.5796	10.819	10.2002	9.6632	9.4582	11.7469	11.211	10.81	10.1587	10.6899	9.2376	11.1678	11.7066	8.6347	9.802	9.7402	10.2633	9.1036	11.4905	9.5794	9.595	11.9073	8.687	8.1879	7.3449	12.0038	10.5268	11.4457	11.6906	10.7519	8.3996	9.5434	9.0406	9.2702	8.4759
U133A__ADORA2B	6.2311	6.1615	5.3114	5.5734	8.4773	5.51	7.5576	7.9456	5.3852	6.126	7.0501	8.6464	7.6821	8.9669	7.12	7.1201	7.0246	7.1372	8.0401	6.1847	5.779	5.1524	9.0234	6.3393	8.2953	5.5289	6.2769	7.0087	5.5188	7.702	6.1711	7.4778	6.8111	6.6939	5.2126	5.9435	5.4204	6.5418	6.1897	6.3217	6.3068
U133A__ISG15	6.2029	6.9837	5.5449	10.2551	7.848	6.5951	9.5835	8.99	11.005	7.8349	9.826	8.9883	10.2185	9.9476	12.0484	6.4512	6.7595	11.0436	7.8412	7.1602	10.1019	6.9091	10.7759	6.9745	9.7251	7.1162	7.5725	8.273	8.311	11.7544	5.8968	8.9234	8.5587	7.5265	6.4722	6.2122	6.5785	6.7421	5.7411	5.8216	6.0034
U133A__RAB11FIP1	7.0112	6.3265	6.3952	10.1852	4.1652	7.5606	4.6623	6.1832	5.5435	7.7345	6.5955	5.6248	6.6226	5.2897	5.0526	7.879	5.1828	5.6434	4.4743	5.1289	5.3596	9.2312	5.4449	6.7784	5.3435	6.8999	5.2841	4.1855	5.1493	6.8548	6.3631	3.4957	5.5237	5.5979	7.3772	7.5511	7.0406	7.0536	8.8087	5.8785	8.0265
U133A__BAG2	3.9484	3.6233	3.847	3.6546	6.779	3.7302	6.7389	4.687	5.112	3.9445	6.6817	8.2798	6.0631	5.3853	4.0193	4.1116	5.402	4.2779	6.4596	4.6848	4.244	4.0731	6.4698	3.909	7.9802	4.5399	3.9434	6.3208	3.9206	5.8701	3.9939	8.1652	7.0594	7.9745	4.0376	3.8011	4.8384	4.0353	3.5252	4.6713	3.6305
U133A__WWTR1	5.5378	5.4353	3.966	4.1743	7.3987	3.3913	5.7099	8.3892	5.0729	5.616	6.4266	6.3704	8.6394	6.8808	4.278	8.0557	6.9231	8.5677	7.4314	3.8181	3.8193	3.4958	6.5088	4.0356	6.9541	4.5266	3.6265	6.1605	4.75	6.726	5.0238	7.8837	6.1643	5.4187	3.2832	8.0272	5.8601	6.6523	5.1135	5.1994	3.6301
U133A__PI3	5.4605	6.0659	5.2747	5.1541	5.6851	5.4395	5.4688	5.4843	5.4682	5.3716	9.0288	9.8906	11.7417	7.4857	5.3839	6.3272	8.0137	10.9352	5.6048	5.2401	5.4199	5.3788	6.6699	5.4661	5.3969	5.2653	5.5095	11.1656	5.6113	8.5496	5.7414	5.7132	10.5138	5.7526	5.6718	5.2888	5.0395	5.2202	5.1343	5.6601	5.3184
U133A__APOBEC3B	5.6539	4.2711	6.5459	6.1597	7.1609	5.2836	8.7672	8.8535	7.4971	5.6452	7.898	6.4634	8.5401	6.9878	8.8726	6.3674	7.4904	4.6104	8.1097	4.2584	5.2772	6.7787	7.0989	5.8155	8.1658	6.4705	7.6752	5.9632	7.7664	8.4691	4.3131	6.0569	7.041	6.4845	5.3145	3.7522	6.726	5.4782	6.346	6.7144	6.0347
U133A__MSN	3.841	4.5404	3.5172	3.4371	8.5121	3.3393	8.5499	9.342	8.9229	4.7864	8.964	8.5521	7.2232	8.4309	3.3175	3.4629	7.7602	9.8294	8.6483	3.9182	3.857	4.7157	8.0642	3.6968	8.6962	3.3597	4.1423	8.2181	3.5368	7.6773	3.4264	8.8511	9.046	8.7758	3.5774	3.4357	3.3212	3.8634	3.5565	3.039	6.796
U133A__PLAU	5.5718	5.8756	5.6696	5.1491	7.8668	5.3929	7.9168	6.0278	5.2362	5.2184	5.332	7.874	6.7758	5.664	6.2216	5.9968	5.3077	5.1726	7.9917	5.4641	5.6808	5.4287	6.8126	5.511	7.6491	5.3504	5.7285	8.5978	5.3338	6.9324	5.507	10.1668	9.6993	5.9627	5.292	5.2565	5.5545	5.8024	5.0415	5.4286	5.2204
U133A__IGFBP2	8.9994	6.5614	8.4756	10.174	4.1337	8.2319	5.5098	6.9756	5.0969	11.3152	6.6399	5.5755	7.4344	6.2061	7.8506	6.7846	6.7353	4.1339	5.3651	7.4161	8.4871	9.2672	6.523	6.9218	5.18	9.4817	8.7196	7.0344	9.2216	6.2351	5.7955	5.3561	5.6784	5.7516	6.6061	7.7527	9.675	9.8774	7.0239	7.1688	9.9643
U133A__MT1H	9.7691	9.9144	9.4742	8.8859	10.3299	8.7427	11.4441	10.344	8.326	10.4489	9.4932	10.0553	9.4289	10.9063	8.6699	8.4144	10.0575	10.2961	11.2855	8.4115	8.8273	9.1557	10.2353	9.3853	10.9772	10.1181	11.5502	10.8867	9.7013	11.0968	9.8995	11.3317	11.9502	11.5849	8.9971	10.0943	8.5934	8.495	9.4841	11.1866	8.3513
U133A__TGFBI	5.9683	6.9042	6.5837	5.5476	6.1062	5.7755	7.9789	5.3076	9.9085	5.8022	5.705	8.7344	7.4678	9.0113	6.0496	7.0812	6.6511	10.6715	11.2079	6.2419	8.2212	5.6705	10.843	6.2392	7.7059	5.9087	6.0484	6.6849	5.846	7.5198	6.7466	11.8115	10.622	11.553	5.5123	5.6781	5.5711	6.5084	5.5391	5.9796	5.3747
U133A__LMCD1	6.5609	6.4091	6.1756	7.4953	5.3439	6.2751	5.829	7.8319	5.3364	7.8935	7.3762	5.3461	5.7221	5.6691	5.9457	7.0603	5.1047	6.3042	5.9992	6.2394	5.9717	8.0941	5.9372	7.2973	5.7364	6.2042	7.0151	5.3802	6.8584	5.0196	6.1463	5.4766	5.0203	5.7004	7.9499	7.4884	7.5056	8.1009	6.6191	8.1152	5.7219
U133A__PRKACB	5.7668	7.3425	7.9085	6.873	7.128	5.6635	7.1514	7.0985	7.116	6.5155	6.3986	6.8435	7.7829	7.5556	7.3933	7.4713	6.6439	9.3369	7.1608	5.2971	6.3838	5.8828	7.191	6.1262	8.461	8.0549	5.4461	7.4797	7.2026	8.0305	6.4	7.3061	5.9619	6.8006	6.4627	7.2857	6.1098	7.754	6.9566	6.7215	6.3993
U133A__CRIP1	8.4245	4.9101	9.7016	12.0514	5.0897	4.9873	4.8363	5.2707	8.3369	5.2036	8.8011	6.9537	4.8419	4.9281	6.1535	4.8404	5.1706	7.8829	4.6486	5.4919	5.8025	10.1788	4.3166	9.4513	4.6497	9.8876	9.8166	4.7566	8.6704	4.5905	5.2638	5.2501	8.6033	4.6048	5.5028	5.1629	10.2423	9.5778	10.2373	6.3351	11.2244
U133A__GALNT6	8.8821	7.3905	6.7568	9.7521	5.1143	8.8841	5.7714	6.8554	6.1052	8.3463	5.6143	6.7577	6.284	8.1603	7.455	8.2228	6.9834	7.5279	5.4304	8.8602	7.768	8.6096	5.6215	8.65	5.8084	8.4236	9.1485	5.9203	9.1731	6.4012	8.7939	5.665	7.8211	5.8236	10.0613	9.245	7.746	9.7446	7.8728	8.6079	9.2057
U133A__FOXA1	9.1328	7.7572	9.0263	9.4147	4.7595	8.7472	5.2356	5.2283	5.7444	8.14	5.0961	5.822	6.5694	7.5076	8.5585	8.8813	6.9658	5.6401	5.6268	8.3942	8.6803	9.0814	4.7116	8.5308	5.3926	8.8057	8.3218	5.1007	9.2428	6.7332	7.9736	5.241	5.689	5.6432	8.73	8.6746	8.6077	7.9866	8.9553	9.0709	8.3695
U133A__ESR1	6.6831	4.5396	6.3976	9.5319	4.5782	6.6629	4.2484	4.3235	4.353	8.2688	4.2264	4.7002	5.0748	4.3154	4.2686	4.4719	4.0143	4.5688	4.0522	6.4113	7.7469	9.7696	4.5068	6.1899	4.216	8.2838	6.551	4.2663	4.4076	4.543	4.7332	4.2618	4.2987	3.6143	4.1637	6.8369	7.3126	6.7535	5.0044	6.8682	7.8658
U133A__TRIP13	7.745	8.3821	8.3399	7.2109	8.4946	8.4298	9.1761	8.1542	8.1616	8.0032	8.2922	9.269	8.9522	11.8558	8.2882	8.7189	8.5732	9.2749	9.1383	7.9553	7.9682	8.584	8.3787	7.6696	8.1315	7.9447	8.0787	7.5528	7.9149	8.371	8.2085	8.3646	8.3153	9.9502	6.6053	7.2737	8.9561	7.5954	6.3957	7.3615	7.9724
U133A__PRNP	6.1952	7.6265	4.4988	6.3549	8.3473	2.8621	7.7789	8.8473	8.0052	3.5182	8.5845	9.0397	9.2202	8.6949	3.0417	6.9932	8.0449	7.329	9.3616	5.659	4.5659	3.7609	8.366	6.9978	8.3535	5.8395	3.3305	6.5325	4.0872	8.1388	7.1137	7.4428	8.3248	8.0389	5.8058	8.4491	6.0263	6.8121	4.5816	4.4824	5.6471
U133A__GLS	4.4195	5.7518	4.0759	4.3543	6.6791	3.7784	5.6804	7.3472	5.1229	5.2186	7.3126	7.012	5.7987	5.3433	3.5858	5.3827	5.5398	7.3676	5.5516	5.2015	5.0259	4.7226	6.4009	4.2736	7.034	4.1183	4.9112	6.675	3.4156	6.1462	4.8237	7.9906	6.7428	6.0561	4.4919	4.4406	4.5268	4.8293	4.3555	4.6226	4.9851
U133A__SERPINE2	4.1494	4.4242	4.9022	4.2554	9.6075	4.4355	7.5807	6.6807	6.0426	3.9813	8.4672	7.9594	4.2132	7.2359	4.7087	4.2348	6.9187	4.4336	10.6755	4.6808	4.5754	4.2682	9.6812	3.944	6.4409	6.9121	5.0607	10.279	4.343	5.3284	4.6083	5.8042	7.156	4.8219	4.8116	4.627	3.9897	4.2821	4.3236	4.7262	4.6368
U133A__XBP1	10.8344	9.815	10.7009	11.15	7.9069	10.6604	7.5297	7.6036	7.9543	9.2154	7.8611	8.1184	8.313	7.637	9.3929	10.5899	8.1677	8.6517	7.6438	9.3516	10.7117	11.2426	7.2265	11.6896	7.889	11.5911	11.2322	7.2602	11.2977	8.939	10.1574	7.1282	7.1631	8.0768	11.2015	10.9035	10.9459	11.0313	11.6974	11.2028	10.5644
U133A__FXYD5	9.4366	8.8706	6.3544	6.9093	10.5229	6.5905	8.4872	9.7949	7.3967	6.6968	9.5407	10.4388	9.0421	11.5641	7.4501	7.8566	10.3211	10.2902	9.5227	6.2427	6.8433	6.25	10.5826	6.4736	9.5884	6.6844	7.9084	8.5436	8.14	10.4145	8.7157	7.1906	10.2745	9.6556	8.4212	6.5669	8.3634	9.4597	6.2665	7.3764	6.3151
U133A__MEGF9	6.1887	5.2454	7.1921	7.8359	5.352	6.5592	4.9552	5.4416	7.4246	8.1128	5.4149	5.8697	5.8965	5.6407	5.6619	5.7681	5.6285	6.4887	5.5942	7.7911	6.5321	7.1962	5.0869	7.0854	5.5495	9.258	7.1866	5.7579	6.6597	5.1058	5.7238	5.1876	5.0277	5.331	6.8868	6.8659	6.6887	6.5666	6.1345	6.8859	6.9286
U133A__F3	5.6359	5.7878	4.8426	4.8308	4.8733	5.2295	6.1369	7.2696	6.3878	5.6992	5.0961	9.3964	8.9468	10.1006	5.3373	5.3307	6.0537	5.6586	7.8855	4.9005	4.6238	4.8423	5.4199	4.9281	10.2136	4.9116	5.5278	5.6705	4.8716	8.5018	5.9576	4.987	10.2594	8.114	6.1874	5.6275	5.1655	4.9829	4.8419	5.597	4.8161
U133A__EGFR	6.5405	8.8087	9.1916	5.4966	8.9985	4.6032	7.5795	8.5853	8.75	5.4451	6.1574	10.0365	8.0004	9.7369	8.7474	10.2614	7.8659	9.5572	8.9579	5.5013	5.3316	4.5102	8.86	6.0289	9.7841	6.2142	4.6987	8.8153	5.0824	12.3476	8.0587	7.8138	9.152	8.0666	4.8664	4.2139	6.1317	6.387	8.1672	4.77	4.7772
U133A__SNX7	7.2258	6.9361	6.3575	7.242	8.2264	6.3147	7.9095	7.2735	6.4903	7.5596	7.2552	8.0102	8.1539	7.6537	6.9576	5.9321	7.1316	7.9242	8.5314	5.7752	7.1402	5.4831	8.5363	5.4501	9.0729	6.7602	6.3801	7.3863	7.3553	8.9996	7.4533	9.1969	8.5021	8.5449	5.1871	5.9201	4.634	7.2475	6.574	4.966	7.2083
U133A__EIF5A	6.1532	10.2322	6.6804	8.676	10.141	10.3505	9.8574	7.0561	6.2771	10.4307	10.9743	9.7164	7.3039	9.2206	10.7045	10.6954	11.0518	10.9733	11.4584	6.2508	7.0806	7.2351	10.9628	6.3987	9.8155	8.213	8.5732	10.7809	9.7217	10.5292	9.4725	10.7482	11.3354	10.6383	7.469	10.9772	6.6051	6.774	8.3558	6.3053	9.9089
U133A__LDHB	4.1912	9.5557	7.7198	7.4019	11.1499	3.7442	10.385	10.2809	11.5671	9.3184	11.4528	11.4705	11.0616	3.5408	6.3778	11.1987	10.7072	8.8148	11.0885	3.5489	4.7582	3.8705	10.5632	11.012	11.6052	10.7455	9.8168	11.3903	3.3627	7.3532	10.4303	10.9508	11.7129	11.5033	3.5016	10.3626	4.7713	8.3895	3.3083	4.5865	3.6779
U133A__PHLDA1	5.8382	4.4531	4.5088	4.1534	6.2364	3.6929	5.3714	5.9748	4.3261	4.9452	5.4819	8.5993	8.0713	8.0033	4.3273	5.8991	6.5052	6.6058	9.3967	4.738	4.353	4.468	7.4466	6.5506	9.4625	4.3342	4.674	8.6611	3.9009	7.3799	3.6627	8.757	7.7525	6.9589	3.8358	3.679	6.5088	4.2782	3.659	5.4414	3.5303
U133A__CDH1	9.4054	3.1026	10.1506	10.8025	2.7451	7.2616	3.7836	8.8869	7.6506	10.3047	8.1115	8.7079	9.9294	9.3213	10.668	2.9912	9.3955	9.9431	3.1604	9.7553	10.3314	4.8896	2.9383	10.1819	3.7691	10.7292	10.1856	2.9604	5.9099	7.8365	3.9307	3.1058	9.2079	3.5212	10.1757	9.7177	9.7436	10.2468	10.6202	4.1184	10.3636
U133A__INPP1	4.5957	4.4569	4.9835	4.834	5.0794	5.1826	7.3585	5.963	4.6759	5.639	5.6827	7.4891	8.6164	5.1384	5.125	5.405	5.9736	6.8993	6.1595	5.0695	5.2167	5.3192	7.3656	4.5652	7.1876	5.2332	5.0871	5.0822	5.2625	5.1707	4.6214	5.2558	5.5906	7.2272	4.1464	4.8667	4.4657	5.4371	4.7565	5.2376	4.867
U133A__TTC39A	6.7363	7.9537	6.888	8.6528	3.8361	6.2428	4.2693	4.6311	5.2211	9.349	4.463	4.6581	5.3975	4.1091	5.2844	6.965	5.4051	6.2015	3.7661	4.5869	7.2805	6.8676	3.4222	5.9355	4.2968	7.8908	7.3398	5.0521	7.8998	5.7429	7.1437	4.1734	3.6019	4.3341	7.0522	6.696	7.1654	8.5979	6.5769	7.6768	7.4901
U133A__MT2A	10.9552	11.1401	10.4878	10.1506	11.974	9.7104	12.6273	11.2993	9.0299	11.5175	10.4585	11.412	10.5068	12.4137	9.6896	9.637	11.1486	10.5049	12.7479	9.4434	9.8433	9.9102	11.5674	10.5695	12.3499	11.3019	12.5433	12.2377	10.9416	12.3951	11.1928	12.3549	12.769	12.9115	10.216	11.154	9.7036	9.4884	10.4759	12.5701	9.1116
U133A__KIAA0100	8.8681	9.2054	8.8628	8.6047	7.4282	8.9246	7.5337	7.7525	7.5068	7.9503	8.0312	8.2047	7.8415	8.2902	9.0749	8.4022	8.2701	7.6288	7.6848	8.8026	8.3881	7.8276	7.2512	8.327	8.6738	9.0547	7.8274	7.5392	8.4813	7.605	9.7569	7.9615	8.3141	8.6067	7.8017	8.3358	9.2605	10.2621	8.2115	10.903	8.5997
U133A__ODC1	7.2658	9.8365	8.4784	6.9821	9.6858	8.5726	9.7688	8.7274	9.1805	7.4758	9.8632	10.1008	8.6725	9.8299	8.3002	11.1687	9.0012	8.249	10.7288	10.2742	8.7641	8.0235	8.4529	6.0289	10.6684	8.4585	8.5167	10.4742	8.8369	8.9036	8.9235	9.6933	9.8585	11.6096	8.7049	10.6549	8.7207	7.7962	6.2178	7.3623	8.5418
U133A__BCAM	10.151	8.1702	8.9493	8.1994	6.1925	7.2428	7.4964	8.1735	7.7114	8.0871	7.3462	6.5328	7.6031	6.7278	8.1161	7.4603	7.2592	6.6556	7.1254	7.5406	7.3836	8.8748	6.9566	8.1709	6.6431	9.5823	7.5033	6.4178	7.9197	7.0762	9.1546	6.9064	6.5732	6.4991	9.2367	9.1207	8.013	8.2831	7.997	9.1362	7.2864
U133A__GPRC5C	7.4235	6.1309	6.7046	6.796	5.3902	6.9703	6.1972	5.6507	5.5117	6.314	5.8513	5.5639	5.7202	5.8357	8.0014	6.4456	5.8599	5.6807	6.194	6.4966	6.7739	7.9681	9.0957	7.5182	5.7214	8.3154	6.1173	5.323	7.1564	5.6728	6.0889	5.7109	5.5935	5.16	6.7736	6.2738	7.4572	7.4876	7.2886	7.2206	6.3964
U133A__NNMT	7.4816	6.4025	4.3441	4.2984	10.43	4.4886	8.6418	4.4447	4.5027	4.0426	5.1421	4.462	6.0129	6.8071	4.8556	4.2145	5.8981	7.6329	7.5692	4.5485	4.4465	4.6024	10.1086	4.1548	4.4358	4.2956	4.9538	7.6063	4.3555	4.7903	4.6834	8.5814	8.774	9.9583	4.671	5.758	4.3408	8.3456	4.1626	4.4202	4.082
U133A__TAP1	5.7327	7.5006	6.3813	7.6236	5.9818	6.3709	7.4078	6.5781	9.653	6.8374	6.8908	8.2561	7.7278	8.4082	7.8418	5.7944	7.9218	9.3298	6.9324	6.4186	6.1383	7.2276	9.1618	6.1234	6.0921	6.3952	7.2535	6.5874	5.9068	9.2916	6.5505	7.8065	7.5458	7.6768	5.8906	6.2797	7.491	6.9934	6.2227	5.7339	6.26
U133A__MUC1	10.1555	9.7623	8.1214	10.3854	6.7355	8.7127	6.3368	8.4463	6.4213	9.1046	5.7418	5.1906	6.0486	7.3453	8.4879	7.7259	6.8365	9.5673	5.6403	7.1832	7.3812	6.1272	6.3008	10.2523	5.2223	7.5387	9.6077	4.8726	5.4753	8.5079	6.9283	6.0402	6.3749	4.8389	5.6669	7.0484	9.262	11.7763	9.5261	7.7096	10.3378
U133A__MT1P2	10.1084	9.8881	9.719	9.2436	10.5395	9.2019	11.5542	10.3683	8.2837	10.6617	9.531	10.1679	9.6322	10.9101	9.1045	9.0536	10.1399	10.1722	11.5302	9.2927	9.0609	9.141	10.3507	9.5369	11.052	9.9655	11.5305	11.07	9.8421	10.8688	10.038	11.0822	11.8502	11.6559	9.2834	10.1061	8.6721	8.6118	9.5654	11.309	8.5364
U133A__ALDH4A1	6.0591	7.4246	8.3471	6.7169	6.082	7.9374	6.3639	5.962	6.3012	7.4468	6.466	6.4855	7.1706	5.8314	9.2661	7.2935	6.2652	7.3004	6.2349	6.5478	7.738	7.2079	6.0012	7.847	5.8512	7.521	6.2685	6.068	9.9506	6.211	7.4964	5.9475	6.3586	5.7202	7.4961	6.5002	7.6683	7.696	7.7586	5.9932	7.7793
