Cell lines	600MPE	AU565	BT20	BT474	BT483	BT549	CAMA1	HCC1143	HCC1187	HCC1428	HCC1569	HCC1937	HCC1954	HCC2185	HCC3153	HCC38	HCC70	HS578T	MCF7	MDAMB134VI	MDAMB157	MDAMB175VII	MDAMB361	MDAMB415	MDAMB453	SKBR3	SUM1315MO2	SUM149PT	SUM159PT	SUM185PE	SUM225CWN	SUM52PE	T47D	UACC812	ZR751	ZR75B
Response	1	1	1	1	1	-1	-1	1	1	1	-1	-1	1	-1	1	-1	1	1	1	-1	-1	1	1	-1	-1	-1	1	1	1	-1	1	1	1	1	1	1
U133A__ID2	8.0734	7.4444	3.4919	9.022	7.2765	8.2608	9.4546	8.9987	8.7602	7.2989	8.911	9.6486	3.8659	9.4692	6.8716	7.2985	6.0127	7.966	8.6926	9.3373	7.6134	7.141	9.3071	7.5169	9.9817	7.6966	5.7772	6.8302	6.2331	6.7214	6.8739	7.9709	6.2231	7.4058	8.9398	6.7317
U133A__CAT	9.2728	8.6882	8.9651	8.6094	8.1768	7.6458	7.9778	7.1926	8.5442	9.183	8.3309	8.5523	9.9741	8.1137	9.9591	7.7908	8.3007	7.9061	7.812	9.1065	7.2563	8.7414	9.0302	7.4691	8.3149	8.1271	8.2005	8.7364	8.0446	6.1542	10.075	8.6121	9.4779	9.0364	7.6033	7.5928
U133A__PRELP	6.8291	6.5662	6.6107	6.843	6.7042	6.6083	6.628	9.6306	6.5614	6.599	6.5589	6.1534	6.5104	6.7419	6.8514	6.4367	6.4912	6.8243	6.7206	6.5358	5.9924	6.6174	6.8615	6.2698	6.7329	6.5423	6.7477	6.5663	6.764	6.3013	6.3472	6.6793	6.6153	6.4132	6.6346	6.4253
U133A__HIST1H2AC	6.6347	6.1315	6.2762	6.5263	8.9285	6.3159	8.2325	6.2668	5.7625	8.2922	6.892	8.9315	5.4115	9.1759	6.6311	9.0257	6.3429	6.1112	7.5399	6.5756	7.5443	6.7217	8.1253	8.7312	7.1371	6.148	7.2614	5.7119	5.4892	7.0303	8.049	6.763	7.3041	6.8911	6.201	5.5955
U133A__MAGEA12	3.4909	8.5934	9.1314	3.6742	4.3691	3.6666	3.181	3.5403	3.6563	9.3479	3.4526	3.1286	4.8389	3.4203	4.1481	3.6093	3.9717	8.1449	3.8575	3.4049	4.8922	3.17	3.8532	3.9622	3.4557	6.8693	5.2006	3.1928	8.1218	3.5872	8.4059	3.7137	3.7545	3.4816	6.3265	7.8246
U133A__CDH1	9.4054	3.1026	9.7731	10.1506	10.8025	2.7451	7.2616	8.8869	7.6506	10.3047	8.1115	9.9294	9.3213	2.9912	9.3955	7.3494	9.9431	3.1604	10.3314	4.8896	2.9383	10.1819	10.7292	10.1856	5.9099	3.9307	3.1058	9.2079	3.5212	10.1757	10.4251	9.7177	9.7436	10.2468	10.6202	10.3636
U133A__ID3	6.5887	8.2017	6.4475	6.292	4.9436	9.0818	8.7673	6.2882	8.7247	5.5829	4.654	9.1626	5.6262	9.16	7.4433	9.2935	8.3717	8.8993	7.6832	8.4068	8.3992	7.0932	7.6525	8.5874	7.9443	8.3927	8.1339	8.6072	8.571	6.0519	7.3742	8.38	7.5964	7.2625	7.3309	7.1219
U133A__H2BFS	7.6939	8.14	9.1665	9.0151	9.4825	7.5511	10.0856	7.4697	7.0381	9.6266	8.3781	10.1758	8.4017	11.3662	8.0953	10.2003	8.323	7.2868	9.6227	8.6025	9.2039	8.9019	10.0234	10.8112	9.3547	8.8394	9.4932	8.0654	6.9914	9.1738	9.0903	8.557	9.8876	7.6589	8.7904	7.7033
U133A__NOTCH2NL	7.8298	8.6341	7.7021	7.6974	7.8539	7.4215	6.8991	8.7139	10.2228	7.6996	7.2474	6.7152	7.8414	7.8356	7.0501	7.9431	8.1671	6.7489	8.6442	6.2143	7.3806	7.39	6.7809	7.1969	7.2189	7.5982	7.1509	6.6654	6.8928	6.7038	8.3539	7.4317	7.8704	9.2372	8.3514	7.9329
U133A__MUC1	10.1555	9.7623	6.6886	8.1214	10.3854	6.7355	8.7127	8.4463	6.4213	9.1046	5.7418	6.0486	7.3453	7.7259	6.8365	6.3458	9.5673	5.6403	7.3812	6.1272	6.3008	10.2523	7.5387	9.6077	5.4753	6.9283	6.0402	6.3749	4.8389	5.6669	8.8905	7.0484	9.262	11.7763	9.5261	10.3378
U133A__MELK	7.4057	8.2586	9.206	7.7049	8.1506	9.2766	8.9561	8.3064	8.9809	8.3003	8.785	9.0786	8.8704	11.0903	8.9656	8.5623	9.9242	8.7947	8.3998	9.4282	8.8347	7.7825	8.938	9.0018	9.3381	8.7079	8.3682	8.1645	9.0565	7.3721	8.1871	6.5906	7.9253	7.6879	7.8002	9.065
U133A__HIST1H2BD	7.1145	7.0557	6.7147	8.3315	8.972	6.5474	8.7616	6.8223	6.2897	8.8163	7.4548	8.5844	6.7043	8.5002	6.9767	9.7647	6.8531	6.3362	8.789	7.8715	8.7047	6.9099	9.1778	9.4058	9.1269	7.538	8.103	6.6518	5.7787	6.7578	7.389	6.2454	8.4972	7.73	7.5308	6.3211
U133A__CDH3	7.4771	5.8198	9.8096	7.8882	6.491	6.043	5.968	9.171	6.7938	7.3889	7.5876	9.1796	9.4736	5.595	10.0478	7.9629	10.7173	5.1299	8.2078	5.9477	5.3993	8.3918	8.9883	8.0795	6.1937	5.3708	9.2653	10.3897	6.1326	9.8329	9.791	7.8968	7.9784	8.8535	9.2606	8.2434
U133A__C2CD2	6.774	8.7407	9.2737	7.1994	7.3698	5.6435	5.9359	6.1188	7.8405	7.7948	6.9643	6.2788	6.0795	5.1897	5.3207	6.1441	7.489	6.3777	5.9892	4.3464	7.1836	6.9948	6.8773	5.5821	4.915	8.4905	6.6962	7.2271	6.4275	7.5738	8.665	6.9045	6.6834	8.2981	6.738	7.3067
U133A__TPBG	8.362	9.3082	9.5497	10.0326	9.716	9.0389	8.1457	8.6684	8.0417	9.4877	7.0253	9.1174	9.7268	8.3264	9.6879	7.878	9.2793	10.0826	10.3529	11.3764	9.4309	9.3753	11.2864	9.3918	8.2486	8.6674	6.8472	9.796	9.0604	8.4863	9.5087	7.8683	10.1331	10.3387	9.525	9.7759
U133A__SNX3	7.4822	8.0248	8.9435	8.0462	7.0702	8.3886	7.6091	7.4899	7.8493	7.3454	8.4501	8.4314	7.936	11.1678	8.4686	7.962	8.1692	7.7878	7.6676	8.7653	8.4924	8.0632	8.4013	8.1024	8.0647	7.9791	8.03	7.2657	8.0497	8.0363	7.9844	8.681	7.3744	8.4575	7.824	7.949
U133A__HIST1H2BH	5.6812	6.0699	6.681	6.6317	7.5581	5.8329	7.5314	5.3788	5.4489	7.8848	6.2884	8.0459	6.4774	8.926	6.4962	8.3146	6.1497	6.5559	7.7503	6.9409	7.3871	6.9553	8.1245	8.6179	7.6452	6.122	7.1496	6.3953	6.4262	6.8218	7.0021	6.1434	7.3149	5.5171	6.5665	5.6708
U133A__CDKN2A	5.4592	5.6337	4.6481	4.6365	5.0078	9.7826	5.6669	5.4065	7.8926	5.4771	8.3981	9.1976	5.8929	4.8747	8.6854	4.4747	9.9184	4.8437	4.5033	6.0073	9.0399	5.1148	5.1969	6.6681	5.4652	5.6444	4.5362	4.7548	4.9797	5.2966	6.2669	5.514	5.2599	4.5154	5.1321	5.1595
U133A__HIST1H2BG	4.8283	4.2641	3.7738	5.0005	8.9158	4.5763	5.5262	4.4331	5.2718	9.2574	5.3945	6.471	4.4167	6.6603	4.5105	7.4535	4.1956	4.0378	6.6731	6.9855	5.2408	5.3898	8.9951	6.9417	6.9214	4.4134	4.9449	4.4145	4.68	5.8657	6.7726	3.6731	5.8628	4.7131	4.8942	4.9211
U133A__C5orf13	7.5479	5.1369	4.8195	6.7214	7.2221	10.5831	8.7053	6.8127	10.1445	5.6449	7.1065	5.3783	7.077	6.914	5.561	7.2038	5.9763	8.7252	5.8234	8.3707	9.2578	5.8943	6.9229	7.5753	8.2068	4.9232	7.1556	5.2497	9.5255	9.8606	6.3485	5.4205	6.0864	7.4534	6.3202	6.9258
U133A__EFNB2	5.4764	4.7613	4.9303	7.0119	6.4386	8.6207	7.4791	8.8445	5.5096	6.4622	4.9044	7.0896	7.4331	9.9666	5.9393	6.9153	7.5536	5.9236	6.9459	6.1413	8.3547	5.5304	7.2819	7.5891	7.6132	4.8166	4.7258	8.8053	8.021	8.057	5.2698	4.9264	5.6351	4.1326	4.9242	7.1568
U133A__ABCD3	7.0063	7.9745	7.1436	6.3069	7.8492	6.8135	7.3862	5.9183	7.255	8.2673	7.6174	8.3466	6.7182	7.2546	7.3412	7.5314	9.019	6.6247	6.5144	8.4445	6.8172	6.5626	6.7162	8.2522	7.3388	7.5039	6.6689	7.1388	7.2822	7.4719	8.3822	7.5774	6.2728	7.9323	5.995	7.2171
U133A__MTSS1	6.1643	5.7383	5.3768	7.3643	7.6215	4.9656	5.9102	5.6476	7.3985	7.25	5.0706	6.7544	5.934	5.6185	5.7008	5.9595	5.9118	5.8551	6.7478	6.1281	5.0839	6.6973	6.2973	5.9324	6.0706	5.5902	5.4629	5.0714	6.036	5.7336	6.3201	6.996	5.2492	8.4561	7.5645	6.722
U133A__UQCRFS1	10.0269	10.6652	10.6758	9.9943	10.0223	10.9053	10.2782	10.0791	10.9378	10.9334	13.007	10.5051	10.2465	10.8613	10.4987	10.4377	10.6239	10.3676	10.4159	10.2653	11.9652	10.0527	10.1782	10.8522	10.6767	10.6897	10.4716	10.5062	10.0575	9.6761	10.3779	9.5102	10.0002	10.14	10.4875	10.7572
U133A__ENDOD1	6.0301	6.163	5.9949	6.1888	7.7402	5.962	4.8192	6.8451	4.831	9.2858	7.1931	6.9526	9.1862	7.0642	7.3106	7.9812	8.5395	7.4115	5.7154	6.3748	5.9568	6.6527	6.7055	5.6026	5.3417	5.8318	6.5422	6.6354	5.9732	5.0008	7.2533	6.1859	6.1984	7.3685	6.6468	7.2686
U133A__CLTA	8.5441	9.0829	9.4492	8.6889	9.0599	10.0873	9.5486	9.3638	9.2209	9.4214	9.6276	9.6784	9.5067	12.2679	9.8756	8.4701	10.062	9.7442	9.1292	9.8156	10.0738	9.7081	10.4124	9.1562	9.658	9.2826	9.7985	8.6576	9.6315	10.4003	8.318	8.7302	9.1874	8.7619	9.8217	9.2826
U133A__PHF11	6.8572	6.8199	6.1504	6.1094	7.5155	4.6492	6.1965	6.3952	8.6781	5.6711	5.5715	6.1798	6.3456	6.8223	6.0406	6.8884	8.1456	5.5505	6.4986	5.6302	5.53	6.6321	6.368	7.2591	5.8747	5.8702	6.4841	6.3897	6.1046	4.2574	7.3746	5.6881	5.8207	8.1203	6.3191	6.1857
U133A__TRIM16	6.1574	6.1974	9.2691	5.7526	6.4896	7.8195	6.6675	6.8223	7.0869	5.7686	6.3137	8.2659	7.3056	6.6343	7.8839	7.5431	5.7772	7.4161	6.7198	6.2253	7.6578	5.7971	7.4512	6.3	8.2898	7.0752	6.5095	7.3537	6.161	7.2962	7.0737	6.0595	6.0184	6.2297	6.5469	6.4635
U133A__TOM1L1	7.9076	5.7186	6.2969	9.4773	7.1879	5.1145	6.9637	6.7397	4.7466	7.9732	5.146	5.8162	5.9377	6.3062	6.4622	6.6798	6.1347	4.2894	7.4272	7.1205	5.3791	7.2296	8.1008	6.8372	7.168	5.5921	6.9032	5.8708	6.031	6.4239	7.0091	6.756	7.2706	7.6229	8.6175	7.7091
U133A__ITGB4	8.4764	6.8825	7.8694	7.2638	6.1489	5.1424	6.7049	9.9222	5.9812	6.4977	5.6302	7.2601	7.6693	6.7599	9.2314	6.4951	6.4958	5.6846	8.3127	5.2167	5.7594	7.597	7.8203	7.0236	6.7098	6.7099	5.7868	6.8612	5.7862	9.5481	7.0662	7.1408	7.4342	7.6944	6.2395	7.5587
U133A__CDCP1	7.0742	7.2215	8.8826	7.3078	7.3245	5.7458	7.0456	7.5834	6.5563	6.1087	5.8003	7.5225	8.6177	7.6904	8.2325	6.9611	7.7991	6.2206	5.5089	7.7861	6.0267	6.8073	7.4171	6.5984	7.661	5.7184	9.4111	8.3319	8.8519	5.8008	6.9583	7.2886	6.9554	7.7043	7.4395	7.2068
U133A__SPARC	3.7712	3.66	3.5138	3.5735	3.4648	10.4223	3.5195	4.282	3.8571	3.5912	8.829	5.2953	3.922	3.632	9.6467	9.8987	3.695	11.0811	3.715	4.7207	11.7943	4.1587	3.6311	10.9894	3.6342	4.0483	8.1684	3.7031	9.5455	3.8431	3.6479	3.7304	3.9174	3.54	3.7679	3.658
U133A__GOLM1	10.7915	6.9699	6.8996	6.1436	7.4106	7.6162	6.9619	6.097	6.8168	4.7724	7.2941	7.9946	8.2171	10.0582	6.9203	7.2777	7.3807	6.7465	5.3774	8.0129	7.4232	8.809	5.4568	9.5048	5.0972	8.7597	7.0625	7.1676	7.1221	8.1662	8.2527	8.4265	7.2974	10.2189	5.9218	5.7551
U133A__SLC39A6	7.7971	6.2623	5.3606	8.41	9.7579	7.1998	7.8475	7.3674	7.4381	7.3231	6.8048	5.6466	7.0401	6.5261	6.3182	7.2364	6.9683	6.666	10.5732	8.0261	5.5622	7.2093	8.0151	6.4029	6.5248	6.2838	6.153	7.6162	7.6329	7.1446	6.6113	7.6467	7.1279	8.8267	9.2532	11.5676
U133A__SHB	6.1653	6.8733	6.828	6.1711	6.3303	7.2606	6.1796	6.4954	6.4016	6.8149	6.1061	6.5164	7.1248	9.4468	6.3557	7.5118	8.0176	6.6858	6.5346	6.4142	6.7529	6.5025	6.3874	6.546	7.5095	6.2702	5.2957	5.9911	6.1421	7.0421	7.0962	6.027	6.3154	6.456	5.9912	5.9384
U133A__HIST1H2BK	7.8626	9.2518	9.6636	9.211	10.265	7.7061	10.2513	7.6802	8.4455	9.6962	8.8744	10.3357	8.5626	11.4476	8.3287	10.8107	9.2549	7.4624	10.0636	8.8671	9.2992	9.3189	10.3908	10.9972	9.5832	8.6993	9.5496	8.6964	7.2105	9.793	10.1358	9.1875	10.0889	8.8459	9.1856	8.8304
U133A__VAV3	6.6139	7.1379	7.0703	8.3207	8.416	8.4371	8.5097	7.4218	5.5936	6.3399	6.8818	6.9613	6.2428	8.366	6.9085	7.5863	7.8535	6.6148	6.4528	8.4579	6.1239	6.0939	8.7219	7.0271	8.7019	6.3496	5.5358	5.611	5.8513	9.0343	7.2773	7.438	8.7886	7.663	6.9197	6.7062
U133A__CARD10	5.7778	6.6189	6.4732	6.0074	5.6113	7.1832	6.9806	5.8013	5.447	5.0291	6.8955	6.4404	6.6995	5.3041	6.1251	5.6387	6.8007	8.2432	5.8035	6.6709	6.9111	6.3909	6.2227	6.8504	5.0682	5.6466	5.2563	6.1299	5.5845	8.1902	6.3387	5.6863	5.8941	5.8825	5.1234	6.1903
U133A__HIST1H3H	4.5987	5.0394	5.7959	5.2954	7.0262	5.1973	7.1901	5.2309	5.1804	7.7752	4.9774	6.7115	4.903	8.3387	5.3894	8.3287	4.9466	4.5073	6.6563	5.6775	4.9412	4.668	8.4879	6.8346	6.7291	5.1044	5.9021	5.0129	4.7309	5.8351	6.2272	4.5009	5.9355	5.0129	5.2029	5.5379
U133A__PCTP	6.8289	5.8709	6.6213	8.1664	6.5612	5.1232	5.3802	9.315	5.6513	6.7262	7.3226	6.1024	7.302	5.2925	6.4219	7.3253	7.702	5.4234	6.567	6.1451	7.3843	7.1665	6.5636	6.578	5.4163	5.4077	6.0721	6.2962	6.41	6.199	7.0656	6.584	6.8001	6.5245	6.6801	6.402
U133A__MARCKS	4.0846	7.9558	9.3462	9.0052	6.1751	9.3931	3.1121	7.562	9.3508	6.1638	7.7138	8.6914	8.1749	9.5401	8.7765	9.5328	9.2564	9.3228	6.1732	9.3868	9.2405	7.1593	8.1083	8.134	7.7284	7.2272	7.9364	6.5351	7.3555	8.9721	8.9906	8.8831	2.8129	7.525	5.898	6.8807
U133A__SEPP1	6.7939	8.2703	4.9517	6.4515	7.7486	4.5723	7.1106	4.7281	4.5017	7.5343	8.2599	8.2811	4.6901	8.1246	5.8341	6.3741	4.8683	4.9177	4.5954	9.4429	6.2604	5.3088	10.806	10.2101	9.6458	6.2624	4.7379	4.6913	5.1189	8.3721	8.0684	8.6532	8.6522	5.8956	9.6879	6.5472
U133A__LSM1	7.8171	7.8623	8.5086	7.9043	9.1836	9.2115	9.878	8.0733	8.0605	8.9855	9.4091	7.8836	8.2887	8.4755	8.3307	9.7167	6.9342	8.9638	8.0476	11.3265	9.5951	8.9668	9.2838	8.1226	8.8467	7.9526	8.0793	8.1342	8.5197	8.9891	7.9489	10.2265	7.9451	8.3267	9.487	10.0421
U133A__SARS	7.7374	8.322	11.1448	8.1394	8.1342	9.4981	9.6965	7.7344	7.4681	8.0177	8.2959	8.9196	8.2049	7.1093	8.7586	9.6745	9.0718	8.3933	8.5561	8.4441	8.8517	7.1754	7.8395	8.1705	8.5303	8.3585	9.224	8.73	8.4421	9.1614	9.4498	8.9271	7.9232	7.8378	7.7401	8.0215
U133A__MAGEA6	4.1337	10.693	11.5841	4.2307	9.8056	4.0703	3.9456	4.2992	4.86	11.4676	3.9504	4.0099	9.9063	3.986	9.5413	4.4473	6.445	9.4312	4.1283	4.1417	8.6643	4.1481	3.9064	4.9708	4.038	10.2216	9.7426	3.9341	10.1877	8.205	10.544	4.2629	4.3884	3.8095	7.8366	9.4051
U133A__BHLHE40	4.8137	9.0104	7.5841	7.9928	10.568	7.966	8.0251	9.1001	8.8729	7.9228	7.9559	9.1255	7.9007	9.1491	9.1102	9.058	9.8461	6.9324	7.2855	9.8204	8.4766	7.7957	6.4938	6.725	9.0946	7.9858	6.6069	8.2761	6.3476	9.8552	9.0027	5.9998	9.1508	10.0326	7.6047	7.3721
U133A__BASP1	5.4356	5.7977	4.4396	10.6202	9.2038	11.5185	8.8654	6.594	9.1826	5.6244	6.3603	8.6432	5.4185	9.2461	7.096	10.984	5.1029	10.982	11.1484	8.6087	11.8373	5.8638	8.7157	5.3006	6.2352	9.4114	10.254	7.787	10.2463	6.6101	4.8086	5.856	5.2301	8.934	5.5732	5.2642
U133A__C5orf23	5.6841	6.3829	5.455	7.5346	6.271	6.5705	7.2092	8.7788	7.6183	5.4248	7.2325	5.5515	5.5549	8.2279	6.8555	7.2818	8.3511	7.1384	5.5512	6.1622	6.0857	5.6845	5.9768	5.8137	7.0568	7.5061	5.7325	5.2448	6.0217	5.878	5.3433	5.4923	5.947	6.2081	6.4551	5.6891
U133A__IMPA2	8.7531	7.3139	7.0569	8.4529	5.4562	5.1665	6.023	8.6778	7.5464	6.8012	7.8668	8.3973	7.1983	6.5774	8.1387	7.6265	8.1532	4.5312	6.8415	6.571	8.0562	6.4168	7.4842	5.5594	6.2553	6.4363	8.9052	7.2363	6.417	5.4249	8.3917	6.665	6.5036	7.2796	7.0634	7.835
U133A__RHOBTB3	5.0787	5.0683	6.7277	5.1065	5.6136	6.0473	6.2514	4.9227	5.6696	8.5462	7.9271	7.275	6.0499	6.8141	6.2335	6.566	6.6969	5.985	8.3924	6.5413	6.3596	3.3827	5.9011	7.025	3.8914	5.5555	5.72	3.8442	6.2604	6.5518	6.8905	7.0476	5.4977	6.662	5.3302	4.6212
U133A__CNN3	6.5662	5.928	7.2837	6.2459	5.2624	7.9772	7.5358	7.333	7.2978	5.852	8.5066	8.3566	7.6308	5.711	7.0815	8.6543	9.1609	8.1059	3.6053	8.2442	7.3666	6.0036	7.1398	7.5905	8.7984	6.3226	7.2367	6.9493	5.7464	5.5974	9.1542	7.5337	7.6915	8.1608	6.8602	3.467
U133A__FKBP4	7.8938	7.2314	7.3501	7.8308	8.6332	6.4693	7.5977	6.4888	7.6079	10.106	8.0188	7.9534	8.2485	6.7073	8.3906	6.7943	7.4821	6.6219	8.5173	9.1486	6.0714	8.2269	8.2281	5.9213	7.3097	8.068	6.4055	8.0056	7.8416	7.6881	7.3206	7.2406	8.8391	7.4746	8.1696	8.6481
U133A__IGFBP3	5.6494	4.871	4.8198	5.2836	5.3476	10.6212	4.8745	10.6165	6.9528	5.2737	5.3532	11.5055	9.3428	11.644	9.1924	11.6705	11.6134	10.2776	5.6197	9.3685	7.9102	6.1709	6.7394	5.1851	9.1549	6.1615	10.0354	6.1315	5.5192	8.1578	7.2412	5.9969	5.2047	7.5049	5.0017	4.7505
U133A__CDKN1A	8.2831	7.2923	7.3268	7.7668	9.5202	6.794	7.442	8.4726	7.4215	6.9593	8.0665	9.2323	8.3044	6.6142	10.089	7.0906	7.2666	8.4832	8.6455	9.5528	7.835	8.8575	9.465	7.5943	7.1964	7.4332	7.7385	9.0587	7.7207	7.994	8.4722	6.635	8.1709	8.8133	8.4019	9.8192
U133A__SC4MOL	6.5171	6.5786	7.7464	8.3085	7.3617	7.4395	7.4458	6.4389	8.954	6.4917	9.1533	7.0222	6.7823	8.1324	7.125	8.7294	9.2114	8.0288	7.5004	9.0774	7.376	7.5698	7.82	9.4736	8.5153	6.9312	6.2572	8.6736	7.0867	8.3981	9.7021	7.4237	6.2246	8.4562	6.5214	8.3066
U133A__LRIG1	8.4873	6.2785	5.1965	6.714	7.3323	3.8294	5.7543	4.6329	5.669	7.1662	4.7873	5.9472	4.8144	5.5033	5.2939	4.0003	5.209	4.8805	5.1228	6.6869	4.104	7.4281	8.0802	5.1363	8.3706	5.1384	5.4354	5.9374	4.1727	5.8208	8.3873	5.0683	6.8777	6.743	6.956	6.6563
U133A__SATB1	7.5811	6.46	6.2436	7.915	5.7225	7.0344	6.4978	6.1	5.8269	7.1574	6.5031	5.7998	5.4998	7.4283	5.3983	7.152	5.1854	6.1773	5.9801	5.4887	5.4686	5.7554	6.7748	7.3489	6.0288	6.1325	5.3575	5.6958	5.9003	6.7011	5.4317	5.4964	10.497	5.3939	5.5049	5.2759
U133A__KIAA0100	8.8681	9.2054	7.9417	8.8628	8.6047	7.4282	8.9246	7.7525	7.5068	7.9503	8.0312	7.8415	8.2902	8.4022	8.2701	7.8823	7.6288	7.6848	8.3881	7.8276	7.2512	8.327	9.0547	7.8274	8.4813	9.7569	7.9615	8.3141	8.6067	7.8017	8.8547	8.3358	9.2605	10.2621	8.2115	8.5997
U133A__TUBB2A	6.2823	6.2694	6.4759	8.2123	7.7176	9.9627	8.8813	5.6803	9.2026	6.4986	7.3227	7.6821	7.3947	8.9698	8.7629	9.0162	7.6128	9.0731	6.297	9.7882	10.051	7.8633	8.7845	9.0565	4.761	6.235	7.9656	8.6791	8.5396	7.6596	7.2856	6.409	6.0207	8.3106	7.8256	8.6647
U133A__DERA	5.5781	5.9419	6.8346	6.1925	6.5152	6.0295	5.272	6.1059	6.7801	6.0139	6.0557	8.1627	5.6616	7.1835	7.0636	6.7477	7.7884	5.9393	5.592	6.2087	5.1167	5.362	7.2845	4.8626	5.9168	5.1172	5.9513	8.5474	6.6315	5.7685	7.1535	6.6148	8.9576	5.3098	7.4364	7.1865
U133A__CTSH	7.7912	7.8723	8.9284	7.1516	7.8606	7.6416	5.9081	8.2239	6.6067	7.394	8.0708	9.1521	8.9282	7.4304	8.2436	7.9671	9.1895	6.2436	9.0816	6.3329	6.9505	8.1891	6.8663	7.6441	6.3931	7.6669	7.427	8.1701	6.6331	5.5263	8.3996	7.2394	7.1167	9.3313	7.7488	7.101
U133A__TWF1	5.5084	4.4222	5.9488	6.6463	6.0045	5.5635	6.9623	5.9922	4.6291	6.6905	5.6328	6.9483	8.4203	7.0744	6.4329	5.2535	6.2329	5.6756	7.2103	5.6348	5.244	5.2969	5.5977	5.005	5.403	5.5177	6.2422	6.9222	7.1039	5.8716	6.0657	6.9819	6.8472	6.2073	7.887	6.4851
U133A__MET	4.1684	7.1117	9.1682	6.3733	6.3704	7.8015	3.681	7.5974	4.7232	5.4852	5.2012	6.9785	8.3372	5.3306	7.3328	6.2434	7.4069	8.8939	5.1935	3.8401	6.8282	4.3847	6.4167	4.6308	3.6139	5.2515	7.6225	7.4948	8.1415	4.3291	6.5536	5.477	3.9143	3.4815	4.67	3.9095
U133A__HMOX1	5.9805	6.3462	7.4205	6.2042	6.0583	9.3758	6.8273	6.6101	6.269	6.5746	7.1662	6.2742	5.9549	6.7426	7.6179	6.5557	6.0875	7.9038	5.8619	6.4551	6.459	6.0077	6.3473	6.6004	6.3751	6.243	9.709	5.7164	8.5448	6.5511	6.6615	5.9153	5.9068	5.6787	6.4186	6.8615
U133A__TRIM14	5.7111	7.293	5.9119	5.5532	6.9845	4.7954	6.0307	6.4656	4.7405	5.0382	6.2084	8.4742	7.3205	5.9769	8.6716	7.1586	7.3079	4.8671	5.8925	6.5025	7.7062	6.2134	5.7377	6.9022	6.2579	6.7685	5.6757	6.187	7.3255	7.821	6.663	6.7641	5.4603	6.2686	5.5596	5.512
U133A__CYBA	7.5824	8.4801	6.1991	8.2641	9.4769	5.9814	9.258	6.4165	8.8793	7.1529	9.324	10.2521	6.2915	9.1399	6.2252	9.4901	5.747	6.4921	10.2423	8.7674	8.5241	9.1094	6.2271	7.4685	9.3142	7.853	6.143	10.2727	7.7619	6.4983	5.6748	6.4006	6.3661	8.2007	9.3755	9.5046
U133A__DHX40	7.0381	5.7867	6.4315	8.6347	7.5986	5.919	5.9241	6.2316	6.2846	7.014	5.6478	6.2943	5.4408	6.003	6.5949	7.426	6.0468	5.1125	8.2093	6.9354	6.8654	5.6059	8.5027	4.9426	6.9965	5.1172	6.5324	3.9736	5.98	5.644	6.7685	6.3122	6.9005	7.842	7.2802	7.0766
U133A__GSTP1	10.2691	5.9505	6.2737	6.0305	6.0116	9.0029	6.4265	9.802	10.165	6.0055	9.9335	5.7453	6.4435	9.7716	9.4364	8.9042	6.7726	8.5415	6.0078	6.0434	8.826	6.3304	5.9938	9.6938	6.2589	7.3166	9.2902	9.987	9.2485	10.4558	5.822	5.7574	6.2469	5.6179	5.9376	5.7957
U133A__IGFBP6	5.6731	5.3829	5.4442	5.5177	5.4819	5.8921	6.136	6.4634	6.072	5.3744	6.0119	8.4806	5.5659	5.5465	5.6679	9.4268	6.2516	8.8554	6.2663	5.9126	7.9486	6.1228	5.5454	5.6252	5.7893	6.0209	5.8285	8.1014	8.1687	5.7392	5.2594	5.5176	6.0702	5.4302	5.9415	5.281
U133A__DIP2C	6.0306	5.6	4.8042	6.1426	7.3021	5.8184	7.2703	5.9785	7.7083	7.6453	5.5877	5.5528	4.2909	5.8443	5.318	7.5229	3.946	5.2792	6.5002	7.245	7.9021	6.0921	7.1526	6.9179	6.2128	5.3484	6.081	4.2421	5.8763	8.1831	5.9789	5.1349	5.6502	6.3524	6.2191	6.4159
U133A__LPCAT1	7.3577	8.9611	8.569	9.6749	7.1029	7.2521	7.0423	7.74	6.6152	6.6098	6.6442	6.5708	10.0197	7.112	7.373	6.9475	7.7542	7.1383	8.2705	7.4954	7.1965	7.3813	8.3462	6.6051	6.3507	8.3357	7.0926	5.9251	7.5598	7.3431	6.6121	7.2444	7.0242	8.9573	6.3502	6.8462
U133A__PLK2	5.4424	6.9523	6.867	7.2092	5.1939	8.3725	6.0463	7.0513	6.4452	6.2027	5.7464	9.2273	6.818	8.4373	6.6563	7.0758	8.5326	7.8286	7.5027	6.8697	6.9099	8.1218	7.2951	8.1968	8.4353	5.3432	5.2835	6.169	5.4839	8.784	8.1345	7.3299	8.5802	6.9561	6.1403	5.3885
U133A__EMP3	4.327	3.9888	4.4028	4.2731	4.2246	9.9908	4.5129	5.9249	4.5177	4.8069	4.4271	4.4585	4.1728	4.8236	4.8179	9.0618	5.7623	10.2742	4.6047	4.5679	9.169	4.2846	4.4717	4.519	4.3967	4.5344	9.6246	8.36	9.3993	5.4208	4.3435	4.3907	4.6524	4.1567	4.2003	4.5004
U133A__AMIGO2	5.8455	6.5327	5.3052	5.0478	8.1995	8.6579	4.6776	6.3495	4.6129	5.8787	3.9541	4.9778	6.2682	5.1466	5.4281	5.7522	5.0069	7.2447	7.0588	6.0228	7.047	5.9365	7.6933	4.0096	6.5794	5.5099	8.94	8.9749	7.9447	5.8444	4.3368	4.696	5.1131	6.6145	7.8914	6.3577
U133A__CKB	5.3442	7.7875	5.6154	5.4548	7.2727	7.2986	7.9556	7.8831	5.951	7.7218	5.4318	6.4976	6.0638	6.8017	5.8878	6.9659	6.6128	5.5701	6.5721	8.3052	7.7159	5.8863	7.0171	6.8611	9.5775	7.0333	9.5311	5.9426	5.512	8.4104	7.5521	5.1422	6.9092	7.7166	9.1697	9.3753
U133A__MBP	5.1637	4.6214	6.8298	4.9599	4.6325	4.7642	4.382	8.2963	4.0408	5.2755	5.3637	5.0395	7.3797	7.7157	6.2399	6.1055	8.4056	4.443	5.2573	4.7936	4.2088	4.3579	6.2173	5.1686	5.3124	4.4824	5.3162	7.4457	4.8437	4.3446	6.3017	6.1251	4.5642	4.795	5.4945	6.3904
U133A__RAD51C	6.9822	5.6297	7.983	9.0343	6.8275	6.1623	7.4823	7.1986	7.165	8.0983	6.7777	7.1427	7.6222	7.291	6.8232	7.3987	7.9373	6.6287	9.5414	7.9039	8.2995	6.255	8.658	6.7311	6.771	5.265	7.5262	6.7448	7.3169	5.3562	7.6741	6.851	7.0812	7.489	7.054	8.6001
U133A__HIST1H1C	6.7013	7.1292	8.0132	6.5045	9.1141	6.9532	8.2509	7.0394	6.3388	10.398	6.9231	8.2905	7.3105	9.7845	6.9361	11.4337	6.1558	7.0663	7.5185	7.507	8.0986	6.4316	9.5265	10.1659	7.8506	6.8838	9.78	5.7435	5.3977	6.8637	8.1879	8.3266	7.75	6.6189	8.2057	7.231
U133A__ACAA1	6.1633	8.8997	6.6984	5.2632	6.5332	6.3551	7.0217	6.3772	6.4261	7.1641	7.3011	6.1541	6.6504	7.0428	6.9482	6.9299	6.3982	6.6822	6.912	5.4479	7.0365	7.5844	6.9764	7.9024	6.7552	9.1231	6.4906	6.7173	6.0876	7.3427	6.9957	6.6535	6.6359	6.846	6.6572	6.2702
U133A__SMURF2	5.3079	5.6089	5.9547	5.405	5.7355	6.9838	3.5189	7.3907	5.6463	5.7139	5.1517	5.353	6.3549	5.0893	5.7892	6.8505	5.6735	6.5155	6.1958	4.5026	6.9682	4.4935	7.8146	4.9734	6.1146	4.805	7.3581	6.5988	5.5586	5.2551	5.9648	5.0942	4.8824	5.9768	5.5258	5.7758
U133A__EPAS1	7.5586	9.4435	9.3385	6.5628	6.6454	7.1099	6.6122	6.878	5.9279	7.9068	9.1876	8.1309	8.2067	11.134	8.0527	8.9875	8.7955	7.4187	7.7912	8.5965	8.4085	9.4821	8.0953	7.8271	7.9185	9.5402	6.3055	8.8077	8.0257	8.9549	7.1293	10.3129	7.6909	9.5309	7.7552	6.3461
U133A__STEAP3	8.0543	8.4341	7.0147	6.9625	7.0864	7.3676	6.5586	6.8849	7.5276	7.445	7.753	7.1557	7.53	7.9038	8.1799	7.1387	8.774	8.4079	7.1979	6.45	7.9782	6.7535	7.0101	7.31	6.5345	7.9369	8.3281	8.0487	8.8255	6.5464	8.2534	7.0222	6.8751	7.3441	7.2453	7.7787
U133A__FHL2	6.8345	7.5313	10.607	6.7725	5.7075	6.7465	4.7439	8.3456	5.4334	4.6551	7.6402	8.0003	9.859	5.3809	7.916	7.8709	7.455	9.4441	6.7517	6.052	8.0689	7.7059	5.0216	7.9393	4.7353	6.6008	10.66	8.0581	7.9105	7.7389	9.5596	9.8828	8.7644	10.1995	6.2594	5.9175
U133A__DNM1	5.6161	5.646	5.4321	5.8578	5.8727	6.6942	5.6352	6.4943	8.8086	5.9955	6.2088	6.0178	5.36	6.3878	5.7923	8.6169	8.4682	5.7741	7.1578	6.3168	7.6517	5.6249	6.4587	6.9409	5.6904	5.7951	5.5233	6.324	5.5619	5.3328	5.261	5.5189	5.5842	5.462	5.8005	8.0049
U133A__DSG2	6.2933	7.3653	6.6315	7.4431	7.9979	8.7014	6.8108	9.0995	8.3721	6.8674	7.1286	6.7464	8.2853	6.2759	8.2842	9.3294	9.5026	5.7974	6.95	7.2679	5.8236	5.1871	6.8121	5.4075	6.326	6.9088	4.8296	8.2165	7.5831	5.7935	7.5739	6.7872	6.8478	8.1937	7.2686	7.8434
U133A__CALML5	9.1843	4.9355	4.4468	7.506	5.0858	4.3927	4.4391	7.0081	4.7674	4.4988	3.976	6.2387	4.7763	4.6611	5.6873	4.1746	7.6889	4.3762	4.7548	3.9299	4.0226	5.8142	9.4476	4.2781	8.6032	3.8489	4.0363	4.425	4.5789	10.2072	8.829	4.1725	4.0406	4.8753	4.1623	4.0767
U133A__NBL1	5.9735	5.5208	5.2898	6.5773	8.0088	6.4156	7.816	6.1978	6.1135	8.2531	6.5199	7.4328	5.614	6.0307	6.2699	6.1127	8.421	6.6186	5.5864	8.6762	7.2315	5.4859	6.6967	8.0563	7.9575	5.6058	5.9892	8.1472	6.4818	5.802	6.6236	5.6896	6.7591	5.391	5.5293	6.3593
U133A__EFEMP1	7.4576	8.4777	3.9936	4.9476	7.2537	9.8537	9.8452	11.5931	3.9406	9.5939	4.5082	7.8452	6.2124	9.5684	8.5328	11.2032	9.9411	5.6562	6.1881	4.3448	9.1576	7.5869	5.3781	9.5557	4.4232	8.7332	3.8355	9.2272	9.7898	10.0329	9.0876	4.2679	10.1096	7.0931	6.9504	7.616
U133A__NMU	7.7687	4.1757	5.3381	4.3252	6.8641	4.1752	4.6813	8.636	7.3185	5.2777	6.318	9.1284	4.9977	4.242	7.6872	6.8751	4.3367	4.0377	4.3863	4.6474	5.4827	5.9742	6.7082	4.4051	6.521	3.9427	4.1099	7.0073	4.7095	4.1234	7.0702	6.565	6.9468	5.598	7.6505	8.6929
U133A__RWDD1	7.4205	7.7046	8.7215	7.1539	6.7113	7.8573	7.1267	6.7122	7.0839	7.2993	7.7228	8.2412	8.0047	11.1379	8.4297	7.6919	7.4456	7.9971	7.1268	8.3973	8.1803	7.8542	7.9228	8.0948	8.1495	7.8762	8.1894	7.0984	8.5174	7.2492	7.9832	8.9298	7.2329	7.6671	5.5182	7.5395
U133A__MEST	4.1765	9.1445	7.6999	8.9309	8.7516	6.6424	8.5033	7.7862	7.8309	8.7083	4.5952	7.8941	7.5623	8.9105	4.5462	11.3108	3.7298	6.5437	8.9624	7.5797	9.3082	8.7994	7.7	7.1751	9.0391	9.9474	5.8419	5.283	7.8764	7.8433	7.9864	3.8016	3.9968	7.8186	7.7185	9.1736
U133A__ANP32E	7.7696	7.1675	6.183	4.7827	8.1079	8.5756	6.3299	9.2043	9.8021	7.8249	7.8684	7.8101	3.4688	7.0035	8.1617	7.4757	9.4891	7.3647	7.6872	7.282	6.932	7.591	5.9998	7.3604	7.4851	6.1264	8.0691	7.2748	8.2153	6.6022	7.9594	7.1498	7.5878	8.6942	6.7701	8.739
U133A__MDK	6.9831	5.8166	5.8069	10.4845	7.2442	9.5628	5.4762	7.2438	10.8926	6.6919	8.7624	8.1924	5.8212	9.4224	5.5966	9.6158	7.3553	5.9591	9.2987	7.0267	7.3533	8.0454	9.0373	7.1533	6.1214	5.8713	5.747	6.4917	5.8461	10.8153	8.6003	6.3981	7.7515	7.1022	5.765	5.7944
U133A__PODXL	5.8122	5.7718	6.187	7.415	6.6408	5.2774	6.7693	7.8292	8.6333	5.6383	5.5409	8.1435	5.8862	6.0954	7.4922	5.36	8.3307	6.3805	8.2421	7.1327	6.063	6.6091	6.9862	5.6992	5.7078	5.6023	5.7194	7.4992	6.0624	6.5541	5.9813	5.9662	5.7361	6.265	5.4449	6.6903
U133A__UBAP2	5.4385	7.195	7.7345	6.0293	7.8019	7.284	6.8105	6.5709	7.7504	7.1467	6.9458	6.8468	6.2426	9.8684	6.9149	6.3077	7.8567	6.7469	5.9218	7.247	6.867	6.6527	8.1591	7.0411	7.7502	6.5173	6.3175	6.6482	6.7127	6.8332	6.0548	6.2607	6.3922	6.805	6.7369	7.6546
U133A__PGAP3	6.0798	7.7235	5.5166	7.8242	5.9351	5.2618	5.6344	6.0077	5.363	5.2591	5.2674	5.1176	8.224	5.914	5.4419	5.4125	5.624	5.2056	5.6348	5.6203	5.1433	5.5062	7.3947	5.4054	5.9113	6.9123	5.3523	5.1623	5.3377	5.4946	10.9139	5.4472	5.34	7.9766	5.7382	5.5235
U133A__LANCL2	5.8528	7.2945	8.7735	7.2875	5.9263	6.1474	5.8428	5.9234	6.8344	6.5591	6.0216	6.6088	7.4901	5.8528	6.8358	5.9462	6.1305	6.9561	6.5257	5.9869	7.2274	5.8817	6.3016	5.6848	5.8898	6.6128	6.6065	6.6469	6.5225	6.0019	6.8958	5.4766	6.1616	5.6897	5.7803	6.2757
U133A__MAFB	4.2939	5.2209	6.2054	6.0526	7.1675	4.5699	8.118	4.4545	6.0147	5.8886	5.9523	8.0513	5.6472	5.899	5.4665	8.7595	6.8573	6.4104	5.7821	6.9794	6.131	5.4416	6.1242	5.0501	8.6345	4.3436	4.4115	6.6507	4.4563	7.0732	7.0174	7.4185	5.1496	5.3409	5.6559	6.4191
U133A__DECR1	6.66	9.0064	4.9993	7.3199	6.8777	7.0909	7.5545	7.8356	5.9952	7.8875	7.8221	7.6481	6.4086	7.8985	7.6777	8.2614	7.4609	6.9361	7.7078	7.3777	7.9482	8.3211	6.9448	6.9046	7.1159	9.7578	7.3422	5.6397	6.2275	3.9487	8.2313	3.9781	7.355	7.5332	6.7474	6.8056
U133A__CTSD	9.7858	9.5957	7.9406	7.1763	8.323	6.9866	6.4872	8.2899	6.7151	7.5811	7.2047	8.3106	8.6724	8.1006	7.8089	7.6112	7.4579	8.1864	10.1375	8.6215	7.6491	9.6629	8.6821	8.955	7.1412	9.2908	7.8084	7.3249	7.2014	8.1671	9.185	8.7805	8.9881	10.763	7.1248	10.2609
