Cell lines	600MPE	AU565	BT20	BT474	BT483	BT549	CAMA1	HCC1143	HCC1187	HCC1428	HCC1569	HCC1937	HCC1954	HCC2185	HCC3153	HCC38	HCC70	HS578T	LY2	MCF7	MDAMB134VI	MDAMB157	MDAMB175VII	MDAMB231	MDAMB361	MDAMB415	MDAMB453	SKBR3	SUM1315MO2	SUM149PT	SUM159PT	SUM185PE	SUM225CWN	SUM52PE	T47D	UACC812	ZR751	ZR75B
Response	-1	1	1	-1	1	1	1	1	1	-1	-1	1	1	1	1	1	-1	1	-1	1	1	1	1	-1	-1	1	1	1	-1	1	1	1	1	1	1	1	1	-1
Meth__cg15457899__SCN3B	0.98204	0.42207	0.50346	0.73666	0.04861	0.98232	0.98289	0.20757	0.083613	0.98334	0.98504	0.4217	0.49952	0.30947	0.092995	0.49166	0.095358	0.94886	0.98745	0.97247	0.98406	0.72372	0.36485	0.97875	0.98083	0.86117	0.977	0.16063	0.97971	0.06625	0.063077	0.0224	0.0247	0.14199	0.94306	0.044822	0.54705	0.95169
Meth__cg22153116__C9orf52	0.024071	0.026641	0.024666	0.039902	0.028814	0.026865	0.036749	0.028531	0.020373	0.044384	0.025423	0.020355	0.025713	0.021534	0.014691	0.016519	0.036081	0.018926	0.039263	0.026094	0.034057	0.023709	0.01989	0.063924	0.034217	0.035204	0.05985	0.024534	0.031406	0.01693	0.4557	0.018412	0.016234	0.023984	0.071179	0.022704	0.020784	0.029655
Meth__cg19177941__ALDH1A3	0.65452	0.11564	0.04902	0.86285	0.7929	0.97054	0.86933	0.15491	0.041659	0.77254	0.9603	0.040326	0.043047	0.052804	0.074262	0.087499	0.075738	0.088324	0.54452	0.69424	0.49036	0.071282	0.38632	0.81726	0.62711	0.4558	0.71795	0.099593	0.46801	0.055653	0.63404	0.085723	0.037034	0.6284	0.33599	0.064319	0.53313	0.82475
Meth__cg01161597__TAF2	0.092611	0.078922	0.081551	0.073331	0.04803	0.064894	0.07186	0.055078	0.070592	0.074074	0.07288	0.072788	0.066619	0.08494	0.056912	0.075497	0.094082	0.070667	0.096295	0.075889	0.07557	0.071474	0.072788	0.10078	0.087221	0.10002	0.093446	0.068573	0.075942	0.081275	0.083542	0.063252	0.071813	0.046349	0.073703	0.073998	0.070712	0.073297
Meth__cg06717231__ZNF559	0.11932	0.028852	0.024842	0.02882	0.030196	0.026468	0.034909	0.18271	0.025482	0.037195	0.96613	0.033217	0.037052	0.076422	0.021242	0.019754	0.049795	0.021104	0.9688	0.10405	0.021466	0.022895	0.023481	0.046386	0.42289	0.045355	0.038395	0.07178	0.021478	0.022934	0.032374	0.025225	0.028473	0.020321	0.047896	0.034627	0.046453	0.10916
Meth__cg20002248__ACN9	0.54516	0.039908	0.080159	0.90647	0.038551	0.061611	0.8787	0.039616	0.055825	0.063955	0.27257	0.085317	0.10679	0.14085	0.058597	0.050056	0.083616	0.047536	0.54152	0.32663	0.20309	0.06236	0.045101	0.44386	0.089069	0.11846	0.10326	0.064017	0.059479	0.050922	0.061565	0.054563	0.055101	0.053793	0.12343	0.073354	0.68264	0.7919
Meth__cg25827112__TESK2	0.018031	0.017499	0.029385	0.035596	0.020422	0.01868	0.019163	0.02375	0.013239	0.030205	0.024989	0.020843	0.039259	0.01507	0.019756	0.016696	0.05015	0.015206	0.018636	0.022041	0.017074	0.022717	0.014025	0.038151	0.023311	0.01858	0.036526	0.020107	0.16888	0.016181	0.015732	0.013475	0.017842	0.014544	0.055825	0.019517	0.022479	0.022101
Meth__cg03752628__PTGFRN	0.30375	0.050089	0.028833	0.34264	0.28567	0.46271	0.51286	0.0293	0.023625	0.45468	0.18986	0.020968	0.028236	0.025973	0.034109	0.033035	0.039067	0.019505	0.33659	0.62872	0.94448	0.35051	0.3617	0.61372	0.56719	0.041017	0.036399	0.056648	0.61895	0.021666	0.021672	0.12866	0.030528	0.015998	0.096507	0.10413	0.13895	0.065712
Meth__cg05120641__CHAC1	0.032895	0.020787	0.02156	0.03863	0.024981	0.022708	0.025641	0.02049	0.023923	0.028775	0.028313	0.01516	0.044031	0.02789	0.027988	0.020262	0.039524	0.026093	0.026051	0.024992	0.021897	0.029785	0.024404	0.039178	0.031712	0.037037	0.031484	0.037276	0.025965	0.029197	0.022604	0.02121	0.027866	0.022695	0.045118	0.036946	0.037574	0.52617
Meth__cg10770529__ZNF274	0.38204	0.016856	0.031483	0.13648	0.022882	0.019331	0.024351	0.019845	0.017972	0.026513	0.054063	0.013897	0.036405	0.020852	0.032254	0.015861	0.030279	0.01615	0.050586	0.16667	0.020191	0.045724	0.023506	0.026176	0.15435	0.03086	0.033598	0.040006	0.024504	0.025529	0.018697	0.020368	0.027212	0.033969	0.031726	0.028358	0.02596	0.02984
Meth__cg25599242__RARRES3	0.33251	0.10668	0.12207	0.71295	0.40287	0.84402	0.16672	0.38036	0.082461	0.15473	0.55584	0.055647	0.085197	0.088441	0.42097	0.13801	0.14261	0.22321	0.61071	0.63522	0.15679	0.098644	0.42237	0.55741	0.52893	0.10762	0.91717	0.12923	0.53775	0.53654	0.20434	0.10231	0.070813	0.12662	0.21508	0.11534	0.39962	0.65437
Meth__cg22637507__ALKBH3	0.049824	0.044614	0.051901	0.97334	0.033821	0.03337	0.96315	0.03484	0.036422	0.061856	0.96759	0.041901	0.077862	0.047963	0.04185	0.040926	0.055837	0.044967	0.045995	0.05522	0.049704	0.045853	0.048359	0.060074	0.052309	0.055813	0.073731	0.071458	0.41642	0.042329	0.044213	0.032597	0.0497	0.43141	0.054762	0.057438	0.049564	0.049703
Meth__cg27088655__FBXL16	0.028589	0.033754	0.027652	0.029222	0.025296	0.019152	0.026291	0.023433	0.018001	0.027296	0.47024	0.027449	0.046781	0.025303	0.023543	0.027752	0.041058	0.021433	0.027215	0.022707	0.02379	0.026974	0.027665	0.62675	0.037493	0.048626	0.045557	0.034028	0.021595	0.025418	0.025082	0.034145	0.018485	0.022739	0.023629	0.026011	0.020619	0.046748
Meth__cg12629325__PCDHAC1	0.72053	0.031167	0.067636	0.98037	0.74264	0.14147	0.53618	0.4169	0.035504	0.055849	0.088822	0.069204	0.37618	0.48265	0.060213	0.057251	0.19379	0.038446	0.9744	0.85281	0.041328	0.032386	0.040947	0.93686	0.74678	0.1506	0.07194	0.041369	0.061068	0.032482	0.5916	0.034754	0.027944	0.84757	0.45674	0.035593	0.82349	0.84554
Meth__cg00674922__SATB1	0.0388	0.020251	0.053906	0.035375	0.078375	0.036862	0.34706	0.10912	0.025569	0.035973	0.037	0.13337	0.12485	0.14835	0.67125	0.04182	0.062236	0.026134	0.16672	0.28617	0.59252	0.096198	0.64094	0.053704	0.038043	0.06868	0.9287	0.063155	0.031763	0.052308	0.32364	0.18553	0.098257	0.84971	0.11616	0.043782	0.13546	0.075966
Meth__cg00466249__MGC15523	0.092023	0.065303	0.2403	0.071753	0.15167	0.76543	0.1075	0.35207	0.37706	0.20109	0.10238	0.63695	0.43023	0.32491	0.36145	0.24243	0.083399	0.89086	0.044207	0.068353	0.41842	0.77008	0.20009	0.25636	0.06278	0.14313	0.10094	0.12175	0.32064	0.047963	0.23162	0.53284	0.095648	0.53721	0.19014	0.32812	0.086398	0.070755
Meth__cg00756058__DZIP1	0.96833	0.030265	0.97005	0.56045	0.024725	0.030488	0.62167	0.34321	0.019434	0.97643	0.026764	0.017164	0.89565	0.024186	0.4943	0.026056	0.097789	0.018138	0.97245	0.96711	0.97205	0.02222	0.53529	0.9283	0.97159	0.095064	0.94587	0.046695	0.026231	0.017612	0.018472	0.030433	0.022009	0.77069	0.86617	0.024053	0.66824	0.94356
Meth__cg03513163__PCDHB1	0.78168	0.10268	0.79143	0.62216	0.11254	0.66389	0.80449	0.86479	0.13677	0.15187	0.73308	0.14055	0.5359	0.16146	0.7606	0.13226	0.17289	0.15138	0.86833	0.63286	0.10358	0.083574	0.086172	0.59501	0.76329	0.11736	0.3017	0.10384	0.32816	0.77225	0.14221	0.09019	0.063568	0.12822	0.25633	0.11855	0.50757	0.43519
Meth__cg01505590__PHLDA2	0.027634	0.015987	0.016926	0.033541	0.025877	0.032605	0.031511	0.018719	0.019438	0.031768	0.026236	0.01672	0.042913	0.022346	0.020669	0.020424	0.053064	0.015898	0.022027	0.028771	0.027261	0.029031	0.011675	0.072933	0.039051	0.041368	0.052775	0.045216	0.28609	0.018175	0.015497	0.021054	0.024616	0.018316	0.036797	0.031634	0.028713	0.022963
Meth__cg08314660__PKP3	0.046644	0.028778	0.037573	0.044512	0.033102	0.97405	0.040461	0.0397	0.033567	0.052808	0.030695	0.03027	0.032239	0.027954	0.040536	0.058007	0.086497	0.035639	0.043956	0.057505	0.030062	0.67464	0.029927	0.067237	0.05354	0.036046	0.15997	0.036625	0.6669	0.029844	0.03991	0.039097	0.031995	0.025863	0.060417	0.041506	0.057496	0.061924
Meth__cg19843429__OSBPL3	0.045508	0.034982	0.037428	0.49253	0.040724	0.032161	0.5657	0.033012	0.028611	0.051974	0.04058	0.019838	0.21767	0.039519	0.033226	0.034016	0.18982	0.029494	0.95866	0.95319	0.076406	0.03933	0.033716	0.07351	0.044205	0.056436	0.075967	0.068426	0.035642	0.026856	0.024848	0.036571	0.031691	0.026505	0.084487	0.039532	0.036396	0.040813
Meth__cg07782113__HIVEP1	0.018414	0.010182	0.014348	0.012397	0.013963	0.011865	0.022444	0.019421	0.010395	0.013349	0.018699	0.0085566	0.020708	0.010024	0.010989	0.011495	0.031774	0.013087	0.019152	0.01219	0.015186	0.018646	0.012966	0.045643	0.01924	0.015685	0.024031	0.10608	0.022298	0.016623	0.0080596	0.0078895	0.012576	0.014997	0.019043	0.017311	0.018313	0.017481
Meth__cg11815363__KCNK1	0.02155	0.020232	0.024426	0.023535	0.012193	0.58716	0.022916	0.018469	0.020117	0.020861	0.03828	0.018066	0.043007	0.022309	0.019794	0.018045	0.024611	0.019451	0.030801	0.015775	0.020893	0.01929	0.017394	0.47831	0.025133	0.031295	0.031588	0.028687	0.022539	0.013953	0.020523	0.013123	0.016349	0.0099319	0.52391	0.024286	0.01813	0.02053
Meth__cg14161730__TIMP1	0.35594	0.065045	0.14231	0.83017	0.18896	0.052533	0.34067	0.34679	0.059628	0.60511	0.4094	0.29915	0.20277	0.07177	0.088999	0.11423	0.10984	0.11697	0.46679	0.34934	0.36512	0.074464	0.087577	0.26938	0.69521	0.33319	0.40898	0.077682	0.062861	0.11654	0.091624	0.18186	0.13271	0.25905	0.17409	0.4521	0.094962	0.28409
Meth__cg25881193__BTN2A2	0.087355	0.077916	0.70746	0.41598	0.071084	0.070293	0.082112	0.13104	0.073035	0.083469	0.099963	0.061834	0.24577	0.085998	0.069414	0.06904	0.13927	0.069138	0.076544	0.086213	0.077361	0.071895	0.0699	0.096677	0.084455	0.072136	0.14674	0.1508	0.085414	0.075486	0.066062	0.083227	0.069144	0.049899	0.10885	0.07743	0.091025	0.10062
Meth__cg10885645__CLSTN3	0.032063	0.02158	0.036976	0.036123	0.025234	0.02124	0.030755	0.027655	0.016242	0.034985	0.039972	0.012651	0.53411	0.031828	0.024462	0.023569	0.34111	0.023105	0.034892	0.026286	0.021366	0.036654	0.02116	0.060583	0.026319	0.041217	0.057428	0.053927	0.037407	0.020511	0.026376	0.023951	0.028999	0.024543	0.047019	0.036125	0.022423	0.025656
Meth__cg06812977__C10orf59	0.48059	0.076338	0.093312	0.90832	0.079474	0.91537	0.098891	0.093702	0.05709	0.74036	0.58514	0.087912	0.85275	0.067054	0.07802	0.080269	0.12777	0.056751	0.087305	0.08944	0.8976	0.44081	0.08296	0.1365	0.5416	0.099472	0.15689	0.14317	0.35217	0.63883	0.21128	0.13183	0.080807	0.89671	0.25909	0.10103	0.24205	0.57514
Meth__cg23050981__L1CAM	0.051461	0.0096891	0.74262	0.01848	0.2194	0.029925	0.10098	0.025179	0.84938	0.025954	0.058249	0.22201	0.29001	0.72456	0.15206	0.41155	0.028686	0.013622	0.65683	0.083243	0.079204	0.31416	0.31833	0.032634	0.017569	0.050756	0.19631	0.039648	0.014417	0.67564	0.0098214	0.27515	0.017868	0.42091	0.13429	0.62042	0.053429	0.019416
Meth__cg10052840__SEMA6B	0.017892	0.020033	0.23987	0.027887	0.64146	0.22626	0.038318	0.27053	0.045339	0.021061	0.017134	0.082514	0.052089	0.032141	0.019464	0.054314	0.049743	0.012337	0.024883	0.15123	0.77008	0.24682	0.05861	0.070899	0.018312	0.027271	0.18752	0.037185	0.014935	0.015347	0.21365	0.026366	0.024535	0.019647	0.038428	0.85316	0.029022	0.028253
Meth__cg00476580__ANP32E	0.031343	0.031024	0.039028	0.034931	0.0281	0.02987	0.038711	0.016878	0.023169	0.036405	0.033562	0.037207	0.054086	0.028997	0.032144	0.025931	0.070979	0.02801	0.32444	0.21462	0.030077	0.028918	0.025654	0.083128	0.040427	0.036463	0.074089	0.036954	0.028602	0.025179	0.032989	0.023139	0.027054	0.032358	0.059494	0.028486	0.027149	0.033194
Meth__cg05086873__RIC8A	0.041894	0.033097	0.03287	0.042598	0.0363	0.027069	0.03578	0.029168	0.034157	0.52497	0.035624	0.042369	0.07292	0.040967	0.03071	0.029036	0.08125	0.02837	0.036753	0.047519	0.031911	0.030355	0.023511	0.11985	0.056461	0.067086	0.068461	0.041337	0.029714	0.025857	0.033877	0.40997	0.023519	0.039883	0.041167	0.031653	0.057787	0.058162
Meth__cg07122126__ZNF8	0.045161	0.038274	0.044571	0.040057	0.032817	0.030888	0.046656	0.033645	0.025093	0.032945	0.048973	0.016527	0.092048	0.030031	0.03259	0.036177	0.088221	0.030601	0.03495	0.038117	0.034289	0.047536	0.024373	0.12296	0.04588	0.050496	0.10233	0.048431	0.034987	0.035267	0.027735	0.028342	0.031788	0.030564	0.055031	0.040161	0.035443	0.28408
Meth__cg17870792__LPHN2	0.047863	0.043131	0.053128	0.046851	0.038495	0.034018	0.057071	0.044304	0.042305	0.04683	0.14499	0.061101	0.071056	0.045833	0.043661	0.034268	0.055121	0.028634	0.12725	0.081043	0.048804	0.040527	0.033271	0.087709	0.049473	0.075397	0.089843	0.042698	0.0469	0.03076	0.036861	0.039933	0.034832	0.035015	0.0997	0.053169	0.041688	0.044668
Meth__cg27331144__RING1	0.020077	0.013038	0.021416	0.022366	0.01813	0.018709	0.096151	0.01363	0.014127	0.32624	0.022426	0.018486	0.04122	0.01618	0.014461	0.015781	0.022987	0.013586	0.02147	0.018365	0.022018	0.041468	0.012034	0.03786	0.02915	0.032331	0.043931	0.032074	0.019254	0.014165	0.018394	0.018947	0.018528	0.010561	0.021653	0.018375	0.019262	0.018482
Meth__cg21784498__TMEM97	0.028657	0.019597	0.029435	0.029807	0.022391	0.021906	0.02743	0.020124	0.026481	0.034921	0.028613	0.038199	0.028554	0.031062	0.023972	0.020036	0.055208	0.024898	0.023729	0.037522	0.023954	0.026354	0.019845	0.070059	0.38124	0.045043	0.038783	0.038422	0.041848	0.021051	0.024566	0.025271	0.017286	0.01547	0.056073	0.025924	0.027697	0.022461
Meth__cg18652941__CD44	0.042852	0.023814	0.034297	0.045643	0.020994	0.024227	0.19243	0.054085	0.023441	0.030333	0.05896	0.015854	0.047765	0.041342	0.030591	0.026599	0.06252	0.019217	0.074211	0.031779	0.028047	0.037259	0.041652	0.056568	0.043569	0.036713	0.80789	0.048337	0.029091	0.029787	0.028107	0.41287	0.030579	0.18408	0.051927	0.028694	0.026179	0.76409
Meth__cg05286874__ABCA1	0.48258	0.021962	0.37006	0.36238	0.016301	0.017646	0.027802	0.048023	0.02058	0.025381	0.02359	0.026611	0.81567	0.023375	0.41761	0.017065	0.052967	0.016804	0.97285	0.54978	0.040057	0.027094	0.01578	0.055876	0.45604	0.044879	0.097611	0.047798	0.090347	0.028462	0.044531	0.015962	0.018469	0.96715	0.074651	0.03875	0.021845	0.066255
Meth__cg24387380__GABRA5	0.8703	0.098072	0.12174	0.83515	0.055052	0.068296	0.7505	0.31692	0.12544	0.17962	0.8	0.20725	0.11828	0.12666	0.25162	0.16112	0.1326	0.089679	0.4154	0.36815	0.34697	0.11355	0.52588	0.10245	0.21664	0.11155	0.20479	0.14851	0.29151	0.042511	0.088707	0.094359	0.090281	0.18989	0.34483	0.43818	0.24836	0.35064
Meth__cg06713098__IGFBP3	0.03977	0.033595	0.97696	0.05374	0.028293	0.027732	0.036967	0.077203	0.024286	0.26698	0.89944	0.02949	0.064432	0.033609	0.046272	0.039446	0.077294	0.023696	0.67903	0.23574	0.087494	0.038864	0.031567	0.60492	0.66867	0.069609	0.62856	0.092188	0.050971	0.028929	0.60954	0.025836	0.035426	0.67649	0.53862	0.033439	0.037138	0.03299
Meth__cg16691616__INPP1	0.020083	0.050768	0.56267	0.021568	0.022434	0.60404	0.029176	0.019081	0.028737	0.027808	0.023092	0.036357	0.19616	0.028584	0.5702	0.01994	0.042406	0.018767	0.034009	0.034323	0.038597	0.023653	0.089252	0.027849	0.022019	0.031098	0.34971	0.041232	0.055988	0.11605	0.030403	0.13325	0.033838	0.91339	0.68588	0.033032	0.034672	0.028064
Meth__cg09072120__PRTFDC1	0.030489	0.099081	0.97658	0.24235	0.027423	0.43821	0.035777	0.023486	0.025395	0.023401	0.015631	0.018981	0.47434	0.026712	0.9682	0.017625	0.041123	0.024168	0.018265	0.025169	0.42215	0.4064	0.20293	0.045657	0.024964	0.035156	0.61808	0.19393	0.017412	0.47793	0.57239	0.11628	0.023787	0.93793	0.030284	0.68579	0.28524	0.093138
Meth__cg07849904__MN1	0.11474	0.16014	0.17153	0.20315	0.22837	0.072058	0.20299	0.11854	0.068817	0.14889	0.22686	0.045074	0.16876	0.104	0.093405	0.079578	0.16016	0.068605	0.18325	0.20656	0.095834	0.11802	0.11723	0.54005	0.094433	0.14148	0.15875	0.096903	0.075348	0.079152	0.066674	0.061412	0.069138	0.11822	0.10294	0.082399	0.086831	0.12024
Meth__cg19875047__ANKRD42	0.075377	0.038998	0.057752	0.082545	0.047394	0.031465	0.47707	0.051809	0.089984	0.36758	0.053713	0.073626	0.087676	0.094209	0.046501	0.034276	0.070232	0.037116	0.061034	0.051623	0.060806	0.045285	0.091901	0.15596	0.087569	0.098597	0.068046	0.067887	0.054283	0.041205	0.036895	0.061014	0.031032	0.072368	0.20932	0.052058	0.046137	0.15866
Meth__cg17660655__HIST3H2A	0.83484	0.11048	0.11285	0.1359	0.077094	0.10745	0.47597	0.077381	0.09658	0.11345	0.47745	0.10352	0.1796	0.10797	0.085568	0.1015	0.1957	0.086413	0.17639	0.089071	0.12995	0.10708	0.30563	0.83393	0.11402	0.19246	0.21897	0.20901	0.13644	0.11351	0.10491	0.63795	0.12721	0.44458	0.27701	0.15606	0.1129	0.12504
Meth__cg19324791__CEECAM1	0.04791	0.034851	0.06313	0.06061	0.038808	0.029251	0.040693	0.057006	0.032786	0.03726	0.052553	0.026239	0.080527	0.046937	0.058591	0.03407	0.083311	0.029355	0.039775	0.039494	0.0367	0.055377	0.026409	0.10328	0.045164	0.045836	0.095374	0.087631	0.045096	0.019961	0.041784	0.034251	0.026456	0.031505	0.05099	0.033686	0.029628	0.043285
Meth__cg06850526__MGC15523	0.067797	0.075712	0.19615	0.096842	0.092101	0.87227	0.060445	0.056349	0.33919	0.078976	0.117	0.71953	0.38465	0.21604	0.31351	0.19648	0.1299	0.90819	0.047805	0.12046	0.50792	0.94745	0.1076	0.17402	0.061937	0.12681	0.11865	0.088441	0.26392	0.052686	0.28293	0.59904	0.052057	0.66482	0.16467	0.28064	0.073901	0.035999
Meth__cg08946989__TBC1D7	0.032502	0.015408	0.026708	0.026349	0.017881	0.019492	0.032599	0.28844	0.023106	0.026819	0.031232	0.018336	0.059711	0.018332	0.018052	0.02277	0.046558	0.020819	0.024528	0.02576	0.023302	0.027687	0.019972	0.10104	0.031736	0.043382	0.045131	0.039459	0.026596	0.013725	0.01888	0.021499	0.01877	0.020423	0.043914	0.029315	0.027694	0.030599
Meth__cg23967169__FAM19A4	0.90929	0.047501	0.91698	0.91659	0.71161	0.53588	0.87721	0.11151	0.28217	0.075882	0.89757	0.20965	0.54019	0.26572	0.21669	0.19344	0.37477	0.052017	0.83664	0.4537	0.47071	0.19658	0.73758	0.57418	0.29661	0.06236	0.80849	0.080425	0.6987	0.092004	0.69322	0.16676	0.07076	0.22694	0.048952	0.43774	0.56934	0.69244
Meth__cg18335068__ZNF677	0.42356	0.051365	0.39538	0.95047	0.29806	0.61395	0.93149	0.96116	0.20221	0.80268	0.95149	0.068351	0.40136	0.17876	0.66161	0.027996	0.3627	0.041031	0.88043	0.64354	0.036104	0.03575	0.079372	0.66219	0.67995	0.33768	0.90756	0.15916	0.10864	0.50139	0.098178	0.48366	0.30474	0.25807	0.2661	0.033494	0.088111	0.05029
Meth__cg10154926__HAP1	0.05149	0.022167	0.05716	0.043959	0.027332	0.030192	0.054171	0.053109	0.033079	0.032846	0.45826	0.034084	0.061506	0.041771	0.027348	0.031097	0.092373	0.036235	0.042499	0.031057	0.030677	0.053372	0.034156	0.82013	0.037825	0.067887	0.12692	0.040177	0.034835	0.022574	0.033112	0.038671	0.030047	0.034782	0.032381	0.044504	0.035863	0.0367
Meth__cg08307092__HIST1H3D	0.061629	0.050571	0.16676	0.059566	0.038435	0.048571	0.049651	0.057303	0.042057	0.065416	0.52174	0.026705	0.14652	0.054844	0.053239	0.042894	0.10777	0.04346	0.070562	0.052563	0.058799	0.072049	0.062164	0.54993	0.09435	0.08998	0.061159	0.058315	0.049201	0.054458	0.06634	0.058946	0.071748	0.66256	0.26033	0.063768	0.065949	0.081375
Meth__cg15878317__NMNAT3	0.48326	0.060267	0.92229	0.50329	0.03727	0.9159	0.051981	0.92269	0.053689	0.055689	0.93007	0.052931	0.90576	0.049957	0.89343	0.18529	0.13294	0.15694	0.61974	0.073723	0.05477	0.086252	0.047931	0.22349	0.94334	0.062671	0.47475	0.08601	0.37623	0.10791	0.08493	0.94628	0.062727	0.044509	0.16395	0.041568	0.92456	0.89934
Meth__cg04384398__PMM1	0.48314	0.10346	0.10822	0.22334	0.15646	0.1037	0.11937	0.067889	0.14876	0.17394	0.10641	0.28099	0.21155	0.11536	0.17215	0.058596	0.22008	0.11243	0.13149	0.15339	0.080636	0.1097	0.14288	0.15127	0.66434	0.15043	0.10964	0.14525	0.12365	0.1144	0.14811	0.21443	0.063595	0.093929	0.26289	0.15776	0.17906	0.17426
Meth__cg14228840__MICA	0.032209	0.023157	0.033804	0.036382	0.020796	0.38086	0.017343	0.018118	0.021284	0.027693	0.028581	0.026185	0.080635	0.018808	0.019766	0.014817	0.051007	0.01764	0.033124	0.0294	0.026792	0.037771	0.035943	0.048264	0.036049	0.026062	0.040532	0.039561	0.024087	0.018384	0.02654	0.021377	0.020272	0.016692	0.040811	0.026669	0.02853	0.030651
Meth__cg22429822__RAB3B	0.50051	0.049276	0.27081	0.054474	0.023759	0.023925	0.032282	0.30483	0.022644	0.031799	0.66476	0.031309	0.1628	0.026799	0.032552	0.046829	0.071033	0.023684	0.11297	0.043551	0.032179	0.033333	0.021202	0.95616	0.29193	0.046189	0.94958	0.058244	0.025235	0.056688	0.037432	0.020609	0.024371	0.029316	0.061322	0.029414	0.035301	0.031606
Meth__cg15658426__MGC39633	0.078065	0.45644	0.3683	0.078228	0.12975	0.5391	0.19991	0.27148	0.13557	0.083112	0.082249	0.76254	0.35263	0.12186	0.24008	0.070868	0.22692	0.37106	0.18656	0.10484	0.26328	0.21433	0.1915	0.35432	0.079202	0.2717	0.17852	0.25695	0.12541	0.083546	0.27887	0.22438	0.13192	0.18446	0.18847	0.066767	0.20568	0.17844
Meth__cg21530453__GNAO1	0.84749	0.056112	0.055115	0.44295	0.045648	0.38887	0.3899	0.091572	0.057915	0.30295	0.51756	0.79638	0.18398	0.070336	0.049634	0.052922	0.10552	0.051439	0.46773	0.43244	0.072536	0.054138	0.44298	0.54331	0.057434	0.1233	0.8212	0.077942	0.086035	0.039243	0.072341	0.071172	0.027645	0.053436	0.18207	0.42916	0.053514	0.057724
Meth__cg24450312__RASSF5	0.49124	0.036195	0.15706	0.30652	0.11893	0.78908	0.3895	0.15656	0.090412	0.20297	0.92502	0.18315	0.10764	0.077038	0.089647	0.62789	0.093418	0.055666	0.94947	0.94853	0.13002	0.17165	0.31611	0.35838	0.23858	0.10943	0.94361	0.11248	0.1645	0.10554	0.12131	0.096111	0.21999	0.82535	0.074901	0.15877	0.11202	0.45996
Meth__cg21094154__TNFSF11	0.15516	0.12349	0.19919	0.25304	0.089754	0.1151	0.16357	0.63327	0.28932	0.16861	0.43652	0.65955	0.2884	0.24498	0.55016	0.70551	0.10674	0.1881	0.076174	0.17964	0.30939	0.23208	0.75188	0.16989	0.11537	0.14073	0.13738	0.12044	0.06226	0.82343	0.26914	0.23919	0.10255	0.20771	0.16105	0.37284	0.18948	0.10703
Meth__cg03361068__TRIM9	0.053205	0.025567	0.94624	0.34726	0.030048	0.022941	0.17252	0.025973	0.033151	0.039274	0.061642	0.036842	0.32895	0.029089	0.04464	0.026377	0.051163	0.025271	0.81623	0.38472	0.029857	0.051557	0.053914	0.82344	0.19485	0.062065	0.48978	0.039786	0.03363	0.019807	0.038796	0.087456	0.034286	0.031192	0.13742	0.02757	0.039998	0.041536
Meth__cg15591678__ZNF365	0.045456	0.038047	0.039536	0.051857	0.031996	0.027104	0.06728	0.16114	0.028694	0.03978	0.13224	0.037335	0.059131	0.037238	0.04704	0.044199	0.071727	0.020145	0.034748	0.05722	0.039664	0.041542	0.027923	0.38684	0.051325	0.054407	0.081023	0.080352	0.044335	0.031421	0.033085	0.038016	0.035114	0.031968	0.077966	0.034266	0.037224	0.053463
Meth__cg22734480__ABHD8	0.023382	0.024602	0.024558	0.17105	0.018577	0.024353	0.021812	0.37772	0.017145	0.021224	0.49113	0.024866	0.055697	0.02072	0.02463	0.018943	0.038957	0.017008	0.86992	0.031092	0.017859	0.1362	0.02314	0.031668	0.7146	0.044356	0.052516	0.027495	0.022536	0.022624	0.029835	0.022555	0.019658	0.026796	0.027504	0.033795	0.033801	0.86602
Meth__cg11977634__DDR1	0.035932	0.020527	0.041096	0.032597	0.030173	0.02598	0.026439	0.023141	0.024158	0.034148	0.040897	0.020017	0.067613	0.030735	0.024982	0.024121	0.044408	0.021371	0.024266	0.034631	0.030216	0.037152	0.032647	0.071125	0.03333	0.021757	0.10113	0.04878	0.50709	0.034497	0.035823	0.025708	0.026601	0.025533	0.051575	0.030906	0.045649	0.043981
Meth__cg02589695__RASSF5	0.033423	0.10272	0.24451	0.07987	0.16825	0.57948	0.3717	0.69831	0.87714	0.085363	0.71149	0.564	0.59981	0.71273	0.52476	0.37618	0.34421	0.32223	0.22419	0.2147	0.32448	0.58038	0.1366	0.089552	0.06118	0.10929	0.26957	0.16174	0.13109	0.56875	0.2497	0.15757	0.1398	0.71408	0.11908	0.12251	0.097257	0.35475
Meth__cg12792011__ZNF329	0.026352	0.032072	0.033866	0.0277	0.018067	0.025246	0.031036	0.025487	0.020528	0.023515	0.1117	0.015433	0.027302	0.020008	0.03194	0.019725	0.026012	0.017822	0.027884	0.022762	0.025487	0.050313	0.022456	0.4366	0.027641	0.025499	0.047543	0.02603	0.029771	0.024854	0.026873	0.01252	0.016365	0.02195	0.065817	0.028475	0.95307	0.16939
Meth__cg06958537__ETS2	0.15724	0.45751	0.32134	0.78642	0.41643	0.72128	0.37502	0.083297	0.081149	0.11899	0.054861	0.26983	0.80534	0.077988	0.5395	0.35707	0.18942	0.51988	0.049889	0.047671	0.86285	0.92571	0.21174	0.11693	0.17052	0.33287	0.12642	0.58172	0.03086	0.060624	0.5559	0.69834	0.10415	0.72466	0.25704	0.71822	0.089295	0.12066
Meth__cg06899976__PCDHB1	0.83963	0.055027	0.86094	0.55318	0.076194	0.61023	0.8731	0.90737	0.069839	0.076665	0.87171	0.090636	0.83681	0.066088	0.86764	0.1287	0.11219	0.052217	0.89091	0.60863	0.099168	0.077468	0.05566	0.5146	0.82309	0.079886	0.29215	0.10853	0.29814	0.7433	0.07304	0.052506	0.086142	0.35854	0.097599	0.069008	0.49645	0.53387
Meth__cg21255732__GPD1L	0.050935	0.050812	0.052632	0.040589	0.04375	0.047582	0.054132	0.10812	0.044482	0.051287	0.55267	0.044083	0.093462	0.047659	0.037326	0.058361	0.079472	0.037932	0.039374	0.056065	0.037914	0.046713	0.036204	0.14655	0.055797	0.072449	0.076783	0.06133	0.13516	0.039515	0.036322	0.033535	0.032394	0.028999	0.064853	0.040204	0.043344	0.056158
Meth__cg00818693__TTC14	0.046846	0.050201	0.086617	0.69562	0.036749	0.042307	0.40868	0.12799	0.040366	0.044588	0.18129	0.036825	0.069172	0.048675	0.038849	0.038516	0.13669	0.042606	0.29496	0.21431	0.43952	0.040718	0.041879	0.18086	0.049398	0.054295	0.093109	0.061155	0.044491	0.037534	0.05244	0.036759	0.040019	0.037691	0.063503	0.044973	0.036773	0.042388
Meth__cg15397506__LOC93622	0.033752	0.026617	0.048033	0.045176	0.025818	0.35488	0.030768	0.0282	0.023763	0.038201	0.039357	0.025176	0.14233	0.026128	0.027976	0.025025	0.063508	0.02406	0.028605	0.04514	0.024826	0.026203	0.027082	0.06539	0.033818	0.061689	0.054173	0.0607	0.026537	0.025828	0.021559	0.017716	0.024454	0.019565	0.064095	0.033221	0.025433	0.031714
Meth__cg15979098__ZNF615	0.064172	0.044467	0.0593	0.051	0.030919	0.044401	0.041552	0.47942	0.035697	0.05167	0.096958	0.046615	0.077201	0.046157	0.070479	0.040242	0.075254	0.036037	0.54987	0.055178	0.051518	0.078162	0.046119	0.1129	0.052746	0.083913	0.082305	0.089705	0.057997	0.044068	0.046385	0.033804	0.035253	0.052052	0.080025	0.048649	0.064753	0.05015
Meth__cg07579404__RAET1L	0.087452	0.068787	0.10203	0.17103	0.77643	0.39364	0.15838	0.071891	0.075372	0.7589	0.54712	0.1142	0.092885	0.071929	0.079365	0.06985	0.11573	0.071774	0.31721	0.19239	0.26312	0.11751	0.061762	0.13696	0.80669	0.11516	0.14806	0.10018	0.077687	0.054496	0.05665	0.38404	0.060834	0.62963	0.16031	0.76153	0.31622	0.56342
Meth__cg12439899__TFAP2A	0.045694	0.02733	0.038393	0.047692	0.036245	0.038457	0.053945	0.11453	0.039513	0.047021	0.10195	0.031644	0.091145	0.033186	0.024588	0.029503	0.059166	0.041173	0.053793	0.04767	0.042526	0.07563	0.036885	0.88258	0.061104	0.11349	0.059297	0.076604	0.039045	0.035143	0.056426	0.033242	0.027604	0.030034	0.083597	0.045631	0.061053	0.064607
Meth__cg10823926__ANKRD35	0.038484	0.026492	0.02963	0.077451	0.015693	0.029906	0.031151	0.024832	0.018839	0.040855	0.040024	0.044282	0.061639	0.017198	0.03535	0.069536	0.053732	0.028897	0.020459	0.022649	0.034122	0.045143	0.021311	0.059847	0.93393	0.055191	0.4232	0.048861	0.046006	0.024665	0.04482	0.030566	0.03764	0.029785	0.12183	0.019978	0.88745	0.95674
Meth__cg14892066__DCTD	0.050701	0.14792	0.078983	0.30249	0.050185	0.89033	0.050902	0.30563	0.074648	0.070555	0.055807	0.12472	0.71378	0.060215	0.48836	0.089824	0.09196	0.052841	0.046523	0.07975	0.66908	0.20994	0.056295	0.086563	0.046716	0.10831	0.1417	0.16407	0.046468	0.11571	0.84363	0.05554	0.045146	0.17652	0.13626	0.064637	0.1023	0.085964
Meth__cg04626574__LOC402055	0.026374	0.021214	0.037248	0.028748	0.021626	0.022143	0.032045	0.68798	0.028089	0.023337	0.030569	0.024503	0.030986	0.026276	0.022107	0.022222	0.073147	0.026093	0.023212	0.026309	0.022759	0.035375	0.026998	0.042551	0.02818	0.023321	0.047544	0.025551	0.031358	0.022914	0.022023	0.020294	0.024362	0.021557	0.073779	0.023145	0.021327	0.027586
Meth__cg06493994__SCGN	0.91357	0.0307	0.12132	0.9316	0.065241	0.8153	0.84913	0.33293	0.038371	0.27865	0.71426	0.13684	0.2835	0.051624	0.036276	0.39878	0.13622	0.85946	0.3349	0.61399	0.41792	0.14975	0.026431	0.884	0.46945	0.065686	0.87355	0.17172	0.091515	0.071482	0.38013	0.025744	0.027267	0.082377	0.07033	0.076686	0.13346	0.045216
Meth__cg10098888__IRS1	0.020772	0.022124	0.9541	0.72179	0.020586	0.95339	0.17659	0.69546	0.9334	0.019234	0.63075	0.90594	0.91673	0.87473	0.90383	0.37943	0.63659	0.94905	0.018993	0.029943	0.023072	0.96015	0.021985	0.031584	0.031961	0.036965	0.050281	0.039945	0.11373	0.95957	0.95856	0.021879	0.21285	0.91119	0.13336	0.036661	0.080663	0.025599
Meth__cg09381701__SASH1	0.035678	0.030304	0.053907	0.039388	0.027615	0.038003	0.037649	0.032478	0.032835	0.0355	0.037669	0.026992	0.05763	0.041359	0.034332	0.037578	0.072586	0.028395	0.039494	0.040808	0.13389	0.038617	0.034246	0.067632	0.92815	0.074763	0.071267	0.07835	0.086373	0.030731	0.031557	0.032763	0.034464	0.029163	0.061205	0.03888	0.040085	0.054784
Meth__cg23146358__CDKN1C	0.10182	0.084681	0.11832	0.082219	0.27315	0.031053	0.076687	0.14646	0.084698	0.059381	0.16472	0.034151	0.14251	0.092732	0.048739	0.091666	0.17851	0.027675	0.61718	0.61678	0.050468	0.056963	0.077931	0.16631	0.11053	0.081641	0.13876	0.1002	0.048566	0.084263	0.056357	0.066115	0.036953	0.027115	0.071615	0.079078	0.13725	0.1647
Meth__cg10072995__NINJ1	0.033271	0.03454	0.028456	0.04212	0.026415	0.030712	0.027607	0.022487	0.023067	0.043882	0.030983	0.029574	0.05303	0.029905	0.74852	0.01755	0.045484	0.030494	0.037186	0.03102	0.031862	0.038678	0.020841	0.038788	0.034687	0.066238	0.14764	0.061146	0.034933	0.018344	0.025472	0.018243	0.022606	0.034754	0.12288	0.03551	0.028321	0.031793
Meth__cg06379754__CACNA2D1	0.040611	0.083201	0.5111	0.042072	0.034305	0.55811	0.11022	0.0319	0.09378	0.031134	0.25625	0.50436	0.10849	0.088893	0.13467	0.062907	0.30513	0.18495	0.12314	0.065049	0.35324	0.037091	0.092937	0.054598	0.032684	0.090751	0.38779	0.16846	0.028379	0.053558	0.26803	0.13249	0.042189	0.72111	0.076806	0.092366	0.03368	0.030301
Meth__cg06981182__C10orf59	0.61137	0.070592	0.087392	0.91535	0.08291	0.90222	0.068847	0.034723	0.048838	0.61946	0.56736	0.1383	0.90052	0.068891	0.073012	0.047696	0.0895	0.050917	0.042279	0.060715	0.91464	0.23261	0.044769	0.12711	0.4904	0.10013	0.11615	0.17001	0.28538	0.53793	0.17021	0.097911	0.055253	0.88652	0.43443	0.057492	0.20871	0.48137
Meth__cg20885089__AMPD2	0.059106	0.054649	0.10127	0.56291	0.045765	0.051276	0.069181	0.037585	0.044106	0.061495	0.063342	0.033342	0.079308	0.052092	0.049313	0.059676	0.093112	0.041763	0.050631	0.071084	0.053661	0.055165	0.039479	0.078338	0.053243	0.046966	0.13104	0.093987	0.05093	0.045287	0.046522	0.046868	0.042585	0.042366	0.089245	0.050536	0.052091	0.054566
