Cell lines	600MPE	AU565	BT474	BT483	BT549	CAMA1	HBL100	HCC1143	HCC1187	HCC1428	HCC1569	HCC1806	HCC1937	HCC1954	HCC202	HCC2185	HCC3153	HCC38	HCC70	HS578T	LY2	MCF7	MDAMB134VI	MDAMB157	MDAMB175VII	MDAMB231	MDAMB361	MDAMB415	MDAMB436	MDAMB453	MDAMB468	SKBR3	SUM1315MO2	SUM149PT	SUM159PT	SUM185PE	SUM52PE	T47D	UACC812	ZR751	ZR7530	ZR75B
Response	-1	1	-1	-1	1	-1	1	-1	1	-1	1	1	-1	1	1	1	1	1	1	-1	1	1	-1	-1	1	-1	1	-1	-1	1	-1	1	-1	1	1	-1	1	1	1	1	-1	1
U133A__CSTA	3.3672	5.2138	4.492	3.8183	4.0291	3.9406	3.9232	3.8298	3.1942	5.5298	4.8696	10.7546	10.2411	6.2854	4.2378	4.0758	8.8013	5.8523	8.0961	4.0575	4.9609	6.884	3.5562	3.861	9.2798	3.9751	7.9998	4.3999	3.7416	3.701	3.5472	4.7564	4.0488	8.603	4.9863	3.2478	4.8553	4.1182	3.3322	9.6093	3.6782	3.562
U133A__G6PD	7.419	10.257	7.6085	8.2352	8.511	8.3055	8.4506	7.1968	6.9496	9.2814	8.0679	9.3686	7.6264	10.5808	9.6087	7.7827	8.1939	8.8272	8.4124	9.0366	10.2266	10.4884	8.2878	7.8584	9.4783	7.5137	10.8347	8.9439	7.375	11.0569	8.6609	9.6004	7.0779	9.3761	8.2127	10.0446	8.6083	7.5745	8.9033	8.575	8.5037	9.736
U133A__NFIB	5.1049	8.0429	5.5476	8.2244	6.5844	7.7382	4.5777	7.2318	8.0784	6.7958	8.4369	4.8136	6.7973	7.8837	8.0486	7.8088	8.563	6.8395	9.0065	6.3652	6.5391	6.6523	3.9047	5.8632	5.138	6.9184	6.2054	5.2087	5.3905	8.4052	7.4796	7.2966	5.089	7.8456	6.1568	4.7122	5.6226	7.4827	7.2677	7.2396	4.93	8.705
U133A__ZNF544	6.9864	6.6867	6.9637	7.6542	7.1156	7.4338	6.0262	7.4326	7.681	7.4451	6.6237	9.6213	8.1072	6.7879	6.9704	7.0077	6.8549	7.3676	6.9216	7.1203	7.0009	6.9974	7.2612	6.3988	6.4939	7.2039	7.0974	7.1081	6.825	6.2996	8.1382	6.724	7.0081	6.8126	6.8659	7.3366	6.3543	6.967	6.629	6.3383	6.615	6.9272
U133A__NBR1	8.5837	6.8223	7.7641	8.4116	6.3274	7.4229	7.716	7.3541	7.0632	7.8062	7.2236	7.32	7.4418	5.8032	6.2526	7.2843	7.2111	8.5669	7.3033	7.4616	6.7581	6.9477	7.5243	7.4008	7.1891	8.0003	7.8273	7.3042	7.2467	6.9636	7.2487	6.1965	7.7861	7.0789	7.3247	6.9851	7.6207	7.9033	7.6139	8.6925	7.6123	7.1429
U133A__MGLL	8.2469	9.04	8.5543	7.9714	5.7801	8.5358	6.1856	7.5087	6.1704	7.0151	7.2816	6.3151	7.9814	8.197	6.7506	8.2177	7.6209	6.0812	6.3137	9.439	6.4863	6.6796	8.7077	6.984	8.0526	7.4364	7.414	8.6103	7.8301	5.7225	7.5775	8.2169	6.1597	8.0148	7.7377	7.6289	8.2178	6.3348	8.0407	6.7549	9.2887	7.0911
U133A__HMOX1	5.9805	6.3462	6.2042	6.0583	9.3758	6.8273	6.1023	6.6101	6.269	6.5746	7.1662	6.0146	6.2742	5.9549	6.1698	6.7426	7.6179	6.5557	6.0875	7.9038	5.9175	5.8619	6.4551	6.459	6.0077	6.365	6.3473	6.6004	7.3798	6.3751	6.869	6.243	9.709	5.7164	8.5448	6.5511	5.9153	5.9068	5.6787	6.4186	6.6584	6.8615
U133A__DSG2	6.2933	7.3653	7.4431	7.9979	8.7014	6.8108	7.7422	9.0995	8.3721	6.8674	7.1286	7.8072	6.7464	8.2853	6.1779	6.2759	8.2842	9.3294	9.5026	5.7974	7.2818	6.95	7.2679	5.8236	5.1871	7.6317	6.8121	5.4075	7.7383	6.326	7.2045	6.9088	4.8296	8.2165	7.5831	5.7935	6.7872	6.8478	8.1937	7.2686	6.1169	7.8434
U133A__GRB10	4.7959	5.4919	8.5374	8.2707	5.3595	7.4569	4.8131	5.402	10.2075	6.5732	6.3604	4.9465	4.8583	6.6414	6.6836	6.2955	4.6338	6.1154	7.6347	7.8401	5.8101	5.4498	9.6632	7.1144	5.4158	6.6734	6.0157	7.1687	8.0491	5.4992	6.6179	4.9824	5.3711	4.4084	7.763	6.053	5.8099	6.8667	7.2711	4.8448	7.2124	6.1565
U133A__SLC6A8	6.9459	7.8981	7.4036	5.6976	8.3725	5.8974	6.4197	5.6049	7.2957	6.4491	7.5947	8.6334	5.8306	7.764	6.8817	7.1394	6.7583	6.8535	5.7344	6.6405	5.9897	6.7365	5.8509	6.4881	6.2545	6.0851	7.9234	6.7876	9.1798	7.6796	5.7613	9.4851	7.0348	8.6371	8.1285	9.511	6.3318	6.7968	6.2045	6.8256	6.2767	7.9459
U133A__FARP1	7.4771	6.1313	8.1138	8.8341	6.541	6.6631	5.4307	8.6433	7.6265	8.0007	6.585	5.8878	7.8769	5.4775	7.1214	7.2328	7.2984	7.3103	7.3406	5.9912	5.3448	5.8391	6.5233	6.071	8.236	5.4881	8.0231	7.4909	6.371	5.6239	6.7873	5.9676	5.0966	5.858	4.6886	8.1285	5.8389	6.1601	7.5092	6.6622	8.4562	6.7694
U133A__EPAS1	7.5586	9.4435	6.5628	6.6454	7.1099	6.6122	7.581	6.878	5.9279	7.9068	9.1876	9.0687	8.1309	8.2067	8.4481	11.134	8.0527	8.9875	8.7955	7.4187	9.242	7.7912	8.5965	8.4085	9.4821	6.3178	8.0953	7.8271	9.2692	7.9185	8.6953	9.5402	6.3055	8.8077	8.0257	8.9549	10.3129	7.6909	9.5309	7.7552	8.2398	6.3461
U133A__SLCO4A1	6.2348	6.7352	7.1578	6.3902	6.9714	6.7224	7.3719	6.1678	5.5299	6.5915	6.887	9.0157	7.0585	7.1801	5.9475	6.7742	6.3876	6.0588	7.1977	6.8532	8.0642	8.0368	5.9788	7.0604	6.4478	5.9196	6.7694	6.3666	7.5834	6.8818	7.1583	6.8639	5.9723	8.4308	8.3952	5.9474	6.4851	6.1254	8.3285	6.5888	5.8349	7.2784
U133A__RDX	6.2849	7.0989	5.5424	5.2777	9.8431	4.669	7.4389	6.885	8.2381	4.714	7.2261	8.2444	7.3477	6.6441	3.4463	7.49	6.8925	7.3649	7.5288	7.2916	8.6552	8.7689	3.9994	7.5706	6.3754	7.8273	6.2957	6.3962	7.169	5.5619	7.8498	7.7306	7.8101	6.6603	7.7876	6.3776	7.0507	7.4451	8.1581	6.8784	6.3951	7.3748
U133A__GOLGA8A	5.5482	5.624	7.8406	6.2792	7.9159	5.1443	6.4675	6.1268	6.5558	3.9995	6.2642	7.0239	4.5668	5.7512	4.8288	6.4569	5.5296	6.6093	6.9683	4.5496	4.7798	5.7913	4.5748	6.1873	5.6399	5.1079	4.7992	4.7586	6.7718	6.2041	5.8264	5.4125	5.9638	7.2451	4.9087	7.7159	8.1643	5.205	7.8459	8.5237	4.6228	7.3475
U133A__IER5	7.3983	8.4834	5.6405	7.5553	5.9635	6.4142	8.5787	7.3217	7.8547	5.634	7.5246	8.7751	8.6291	8.5956	7.2478	9.4112	7.7493	7.0389	9.4247	6.8806	7.7217	7.0547	7.6119	7.9844	7.7677	7.9227	6.8566	6.0609	7.7524	6.9052	9.7525	7.4431	4.9517	7.9731	8.0814	7.4049	8.2302	8.1897	7.8434	7.3929	6.9424	7.6796
U133A__SORBS2	8.936	5.4961	6.4401	5.4424	5.5175	5.5786	5.7715	8.6285	5.6054	6.2198	6.3474	6.0802	6.9047	5.4611	5.7926	6.2066	6.4919	6.1776	7.7611	6.6186	5.7661	5.5938	5.7209	6.9767	6.1543	5.9303	6.5877	6.2867	5.4416	5.633	6.0051	5.5737	8.6789	5.8552	6.5495	7.5596	6.8821	5.923	5.5824	6.4692	7.3065	5.6689
U133A__CLNS1A	9.4608	8.6558	6.9005	8.581	8.8302	6.9955	8.0207	7.7269	8.5912	8.5311	9.0546	9.5556	8.4244	8.5211	7.4982	8.0984	9.0511	8.2463	8.0085	8.011	8.7419	8.7794	11.0338	8.2217	9.6021	8.4882	7.6112	7.6521	8.1443	8.5151	8.2984	8.1378	8.3304	9.2318	9.4287	8.085	10.4912	8.8496	8.6699	7.8664	7.831	8.2449
U133A__C1orf106	10.0398	9.071	6.4457	6.3035	6.014	6.2668	5.4447	7.1557	9.242	6.8518	8.8609	8.3117	8.8083	7.699	8.3482	9.1534	7.9706	6.8505	8.7505	5.9213	5.7634	6.1472	5.874	5.323	9.2096	6.4594	7.3261	8.0817	5.844	7.0397	8.0604	7.7464	6	8.7694	5.5202	7.8809	9.3234	7.395	7.6388	8.4486	7.5821	7.6676
U133A__AXL	4.5848	4.3447	4.6163	4.3957	9.7332	4.3709	9.0689	7.011	4.3959	4.4975	4.5981	4.2906	4.9826	5.1863	4.9555	4.2474	5.2312	9.2723	4.1729	10.475	4.5906	4.4261	4.7784	8.3136	5.0443	10.3645	4.1508	4.614	7.5333	4.2537	4.6935	4.0831	9.5546	7.5369	9.6852	4.2137	4.2126	4.5153	4.3396	4.2859	4.6527	4.2316
U133A__NEDD4	5.8766	5.7439	5.8644	5.7051	8.7922	7.1953	6.1936	5.5039	5.1218	6.4833	5.2576	5.4214	5.58	5.8284	4.7364	5.4936	5.4286	5.4974	5.2635	6.0369	6.1024	5.4419	6.1074	6.471	5.8631	8.2282	6.2391	6.6502	7.6668	6.199	6.5735	5.913	6.1135	6.0024	7.5448	7.4447	6.7903	5.6626	6.515	6.1297	5.6007	6.457
U133A__MYBL1	4.1786	3.2174	4.7679	7.0366	9.1908	7.7161	6.3016	7.5343	6.7188	7.7789	5.5451	3.7465	3.8436	5.3119	3.4746	5.9194	5.2875	6.3972	6.3711	6.4187	4.9238	5.6882	8.1351	7.2197	5.1224	7.4962	5.1765	5.8498	4.9694	3.5382	4.8312	3.6408	9.1344	4.1395	4.4723	3.8426	4.8438	6.6299	6.5727	4.3772	5.7111	5.5983
U133A__KYNU	3.1107	7.5015	3.7016	3.7004	4.199	6.8799	3.4469	3.3451	3.3778	5.2812	5.0897	9.7837	6.6414	8.1632	3.6599	5.8705	8.3008	4.2979	3.6763	3.9397	9.3041	9.2168	3.205	6.7245	6.0479	5.4828	6.253	3.5387	4.3284	3.4423	9.3122	4.7613	3.2793	9.6851	5.4603	3.4978	4.0878	8.121	5.0006	5.7334	3.7515	3.5004
U133A__ANKRD57	5.9697	4.6663	6.1402	6.2868	5.939	7.7336	6.5621	6.0224	5.2587	6.8299	5.4594	6.5732	6.5182	6.5702	5.2921	5.1079	5.4951	5.5572	6.0201	5.2873	5.7804	5.1389	7.8938	5.3602	5.5994	6.4687	6.098	4.9998	6.7942	6.1175	6.472	5.572	5.31	6.1903	6.4324	7.6739	6.4395	5.5621	7.0825	5.7018	6.1324	5.2503
U133A__C5orf13	7.5479	5.1369	6.7214	7.2221	10.5831	8.7053	6.6718	6.8127	10.1445	5.6449	7.1065	5.0964	5.3783	7.077	7.9666	6.914	5.561	7.2038	5.9763	8.7252	5.4808	5.8234	8.3707	9.2578	5.8943	5.5724	6.9229	7.5753	7.8776	8.2068	8.2004	4.9232	7.1556	5.2497	9.5255	9.8606	5.4205	6.0864	7.4534	6.3202	6.2864	6.9258
U133A__DEPDC6	6.5775	5.651	7.3238	6.9351	5.3355	6.1073	5.1492	6.4586	5.8382	6.8016	5.4454	5.018	5.9569	5.7007	6.5867	7.0469	5.6039	5.2684	6.8221	7.3107	5.2826	7.2091	6.8144	6.7692	6.3997	5.2031	8.2562	7.3802	5.133	6.37	6.3896	6.1324	5.3696	5.477	5.4188	5.853	5.8502	6.5351	7.6139	5.8068	10.0744	5.7792
U133A__CCND1	9.1764	8.4714	8.1237	9.1256	5.4377	8.8941	5.4406	10.0998	7.9929	9.1837	4.3292	8.6063	8.813	10.9904	7.1587	8.1578	6.4037	8.1008	9.0473	8.209	8.2177	9.1804	11.883	6.9939	9.3043	8.8488	8.5351	10.1566	6.4148	6.4129	7.8056	7.9009	6.6177	8.3147	8.4694	8.7082	8.5885	7.1643	7.8528	8.5427	9.8744	9.2077
U133A__AHNAK2	4.3732	3.6455	3.7668	4.2833	7.8526	4.6283	6.6866	9.299	3.5509	4.9391	3.8991	6.3896	4.45	6.0159	3.693	4.1841	7.2624	6.7199	6.3673	5.4933	3.9157	4.2351	4.6591	8.267	4.9602	5.1847	4.0095	4.1542	8.1732	3.6524	5.7244	3.8567	9.5019	5.603	7.6929	8.3787	4.0909	4.2427	4.4986	3.8844	4.0133	4.6233
U133A__DDAH1	8.9187	8.5483	7.8829	8.8633	8.3878	7.0164	7.2762	7.0683	5.6482	8.0142	6.9419	7.8773	8.3529	7.671	6.9839	8.697	7.4941	8.6928	7.845	9.6453	6.2098	7.4176	9.7077	6.2347	8.0152	10.6373	8.2905	8.9321	7.3515	8.726	8.8341	8.7206	8.3137	7.7288	8.0215	8.5239	8.3946	8.0016	9.3856	7.7819	9.4862	8.5761
U133A__ALDH4A1	6.0591	7.4246	8.3471	6.7169	6.082	7.9374	6.3639	5.962	6.3012	7.4468	6.466	6.4855	7.1706	5.8314	9.2661	7.2935	6.2652	5.8633	7.3004	6.2349	6.5478	7.738	7.2079	6.0012	7.847	5.8512	7.521	6.2685	6.068	9.9506	6.211	7.4964	5.9475	6.3586	5.7202	7.4961	6.5002	7.6683	7.696	7.7586	5.9932	7.7793
U133A__SLC1A4	6.0902	5.1754	8.2176	6.8155	4.8003	6.8859	4.8683	5.7327	5.1074	7.8823	4.3634	6.4325	5.903	4.3597	7.8159	6.3009	5.1746	4.6385	4.3902	5.7849	5.8689	4.9972	8.3702	6.7636	6.7105	4.5674	8.7053	7.2159	4.9516	6.8512	6.803	5.5833	7.6199	6.4011	3.8519	8.9226	7.5856	6.4569	7.3409	8.5448	7.2005	7.4771
U133A__ARHGAP29	6.5591	7.3738	6.2753	7.3346	5.1276	9.1535	8.4816	8.4873	7.8088	7.8577	6.566	7.504	9.7342	8.5161	6.1598	8.5221	7.9414	9.0108	9.1722	8.6052	4.3682	5.6539	7.3205	7.0369	5.82	9.7782	5.1043	7.1398	6.6222	7.2637	9.2873	7.1956	7.847	8.5281	6.4753	7.0779	7.1987	6.1439	8.6984	4.2457	8.3729	6.1199
U133A__SLC39A8	5.1516	4.2055	4.6934	5.3623	6.7829	4.5658	4.9292	4.7239	4.8535	5.2895	6.9349	6.8201	7.4608	6.518	6.3975	6.201	7.026	6.0177	8.7032	5.9219	6.7641	7.3615	4.8517	5.4355	5.6375	7.3636	8.4679	4.9229	9.1978	6.4025	6.4836	4.5111	4.9586	7.9776	7.8383	6.9244	6.2055	6.6736	6.9142	6.4371	5.7098	7.2598
U133A__BACE2	9.3765	8.281	6.3105	6.1423	6.0657	5.3419	6.603	7.5574	6.834	6.793	7.912	7.5191	7.95	7.8842	7.7563	9.2403	7.9159	7.0988	9.2209	6.3671	7.1378	6.2433	5.9436	6.2496	7.3922	6.7457	6.6809	7.7806	6.3089	5.4893	8.2188	9.4037	6.7943	8.3682	6.6684	5.4672	6.8133	7.5997	8.4457	6.8962	7.3362	6.4187
U133A__MT1F	8.8457	8.4682	9.0415	8.2996	9.723	8.3702	10.1491	9.3606	7.3736	10.1497	8.895	9.2237	8.6485	10.1593	8.2385	8.1514	9.0099	10.0446	9.6652	10.7	7.8613	8.0034	8.7306	9.3064	8.6793	10.6159	9.1573	10.5503	10.3282	8.8884	10.4899	8.8961	10.4918	11.0993	11.1161	8.3957	9.1751	8.0095	8.3509	9.2106	10.4592	8.4788
U133A__SDC2	7.6839	4.4758	5.471	5.8173	4.5404	5.3484	4.9752	10.2929	6.6377	9.2915	8.7747	4.4879	4.6024	4.7327	7.4159	9.7014	7.0364	7.5149	4.7632	8.8181	4.7019	6.728	7.8196	9.0147	5.4896	7.431	4.4419	4.9399	6.4263	5.0457	4.3422	4.8889	6.2214	4.7253	5.4138	6.0161	4.9022	6.7886	5.683	4.8569	4.8693	6.2833
U133A__ST3GAL5	9.5805	6.4839	7.1715	6.4751	6.5116	7.1656	7.0327	6.8297	6.4177	6.6646	6.2875	6.5189	7.4825	7.0233	8.0535	6.7829	6.2111	6.6579	6.0716	7.1331	6.6666	7.2166	7.8029	7.2347	7.3281	7.1366	8.5636	7.8383	6.7365	6.8596	6.5607	6.6984	6.6962	6.5316	6.736	6.7353	8.4997	6.4642	6.9124	8.0021	8.205	6.7229
U133A__BUB3	6.6002	6.0554	6.0351	7.3624	6.5937	7.3754	7.8327	7.8016	6.7483	7.7009	7.2229	7.9427	8.537	6.9331	6.2499	6.8889	6.9126	5.998	7.222	7.1674	7.425	7.6221	8.0473	7.0969	6.6585	7.9701	7.2205	8.2642	7.5448	7.2657	6.9541	6.3573	7.891	6.8639	7.7743	7.7615	10.1185	7.3584	7.5848	8.3318	7.6342	7.4434
U133A__FKBP11	7.9289	6.4379	6.3087	6.0502	6.2289	6.1656	8.2107	6.6499	7.5506	5.6176	7.9529	9.0723	7.8138	5.4419	6.5442	5.5132	5.3126	7.9303	6.8288	8.0248	6.7806	7.6343	6.1916	6.2166	7.3477	5.901	7.3897	7.3281	5.245	6.3326	5.627	6.706	8.2381	7.5382	9.006	6.0829	6.5844	6.1287	7.3544	7.7315	5.8327	6.2447
U133A__IRS2	8.2646	5.3993	6.1831	6.7845	6.2723	5.228	5.7221	9.8849	5.6423	6.4241	5.833	9.3915	7.7954	6.0032	5.6418	5.453	8.6129	6.621	5.3606	5.4758	5.921	6.2504	6.3569	6.8503	5.6481	7.0768	7.1192	5.6215	6.9995	5.0591	9.2111	5.6329	6.3412	7.299	7.7423	7.3676	5.7346	6.0545	5.8869	5.9846	5.1704	6.0265
U133A__LMO4	7.4737	7.1325	8.5532	7.9792	9.7098	5.7002	6.5274	8.2677	7.6793	8.0974	7.6477	7.0389	7.4546	6.855	9.4747	7.7206	8.0476	7.8791	8.7906	7.5205	6.2739	5.9112	7.0129	7.6279	7.9445	7.5364	7.9322	9.2733	7.4324	7.7056	9.2118	6.1979	8.918	6.745	6.2862	9.1307	7.5695	8.3962	6.7757	4.2304	7.7812	6.628
U133A__HIST1H2AC	6.6347	6.1315	6.5263	8.9285	6.3159	8.2325	5.5273	6.2668	5.7625	8.2922	6.892	6.4753	8.9315	5.4115	7.5241	9.1759	6.6311	9.0257	6.3429	6.1112	6.5974	7.5399	6.5756	7.5443	6.7217	5.4127	8.1253	8.7312	9.7477	7.1371	8.4921	6.148	7.2614	5.7119	5.4892	7.0303	6.763	7.3041	6.8911	6.201	6.0728	5.5955
U133A__CTSB	8.9033	8.3507	7.895	9.4448	10.3253	7.3919	8.9813	9.8386	7.1998	8.7026	8.7987	10.4713	8.9155	8.2071	7.5955	8.7264	9.6347	10.3193	8.6727	10.1243	7.6852	8.2081	8.7671	9.7003	8.8804	7.8934	8.1404	8.1867	11.1434	7.8041	9.4426	7.0968	12.1734	8.6588	8.6083	10.4251	7.1327	8.8929	9.6935	8.6247	8.1411	8.6464
U133A__HSPA2	7.5745	5.3383	4.8587	5.2922	5.7385	6.2135	6.716	7.2722	6.0608	4.9351	4.4227	6.2423	7.8916	5.2766	6.8258	5.7926	7.3109	8.2914	8.5554	5.5942	5.4509	5.593	7.4921	7.7696	9.0724	6.2914	4.4708	9.3607	6.0147	4.9705	6.2649	5.9957	7.5395	6.4053	5.2248	5.4669	6.9474	4.6155	5.8189	4.7869	9.5936	5.566
U133A__RPS11	8.733	5.8508	7.4744	7.2067	7.6569	6.6613	10.6295	7.6723	6.1	7.294	7.0191	5.7544	6.6921	7.6675	7.8685	6.7869	6.3032	7.2814	5.7429	8.4126	9.6242	7.3204	7.1407	7.695	7.8463	8.7658	7.2222	7.9554	7.5845	7.207	8.088	10.1389	6.8246	6.6546	6.9884	7.0745	6.37	6.8314	5.6956	7.144	7.1044	5.9172
U133A__UAP1	9.1598	8.4831	8.1046	8.3803	10.5221	7.3076	7.6231	7.5494	7.5247	7.4176	8.5975	8.0611	7.6904	6.9409	6.9494	7.8611	7.7855	8.3676	8.4675	8.864	6.5547	6.1229	7.6336	8.1057	8.1617	8.5606	7.148	8.1879	8.7112	8.1683	8.0352	7.9066	9.5836	8.0031	8.7819	8.9616	8.9146	7.0147	8.1841	7.9779	10.2007	7.8894
U133A__MED1	6.789	9.401	9.8321	6.7544	6.543	6.5188	6.7874	6.1616	6.714	5.4657	6.4849	6.584	6.2933	5.5168	7.637	6.165	6.7157	6.7015	6.6643	5.9833	5.9938	6.0596	6.5369	6.341	6.0538	7.4592	7.1028	5.6961	5.8657	6.8213	6.172	9.7185	6.1455	5.8447	6.5327	5.9984	6.2636	7.0154	8.3873	6.1249	5.1839	6.4994
U133A__BAG3	8.2247	8.6391	6.253	9.9605	8.3813	9.003	7.8039	7.9982	7.4648	11.0007	7.1423	9.6167	8.4159	8.6065	7.9534	7.5275	8.5037	7.9374	8.6106	8.5739	9.9299	9.2509	8.7854	8.1334	8.0965	9.2955	9.1869	9.7985	8.8918	8.0433	8.2307	8.1213	9.3118	8.3239	8.7457	7.9336	8.2817	7.725	8.5901	8.0945	9.2026	8.6739
U133A__C9orf3	7.366	6.5794	6.6357	7.8892	6.6726	5.1043	6.2287	8.9507	5.7797	7.6312	7.4943	6.3704	7.4047	5.8919	5.6705	6.1052	8.818	8.935	5.2379	8.0265	6.0234	6.2445	6.3347	8.4646	5.741	7.1594	7.1312	5.9799	6.1224	5.7451	7.2871	6.7186	5.992	7.3108	6.71	5.6671	6.4093	7.8139	5.9673	5.5812	6.6993	5.5698
U133A__PLOD2	4.3063	7.3206	4.5369	6.9176	9.2988	4.8502	7.713	6.7221	4.8014	5.6396	6.5382	6.0955	7.4393	8.281	5.5341	4.2286	6.6365	8.4281	8.6329	8.0595	6.0565	7.9788	4.0323	7.7046	4.7658	7.3204	6.5491	6.0127	5.7272	5.6189	7.2919	6.3062	5.0164	7.6348	5.9357	4.2051	4.8868	7.4106	8.3946	5.5846	3.8126	6.5638
U133A__C14orf132	6.5685	5.8874	7.5794	9.1172	5.7191	8.9151	6.7815	5.7685	5.747	7.4848	6.0918	5.6316	6.0757	6.1224	6.1424	6.5911	5.947	6.5909	5.5007	6.5415	7.2414	7.1242	8.7075	6.9817	8.2171	4.9994	8.7207	8.7824	6.8336	6.2356	5.7013	6.2289	6.637	6.0698	6.9631	6.5585	6.156	6.6175	9.5821	5.5833	8.014	6.6772
U133A__OBSL1	6.4514	8.9967	7.8813	8.0845	7.8676	6.4196	7.4034	6.992	7.3861	7.9661	7.1877	6.5112	6.835	7.0874	7.2713	9.4103	5.8645	7.4016	7.6103	5.0045	8.8911	7.6113	6.4547	7.3043	7.8238	6.2485	8.0171	7.5013	7.0411	8.824	7.1924	7.9762	6.5707	7.5554	5.2249	7.6849	7.1551	5.7054	8.0534	6.569	4.4182	5.8275
U133A__ADD3	6.6598	6.5922	6.785	7.3626	4.6305	5.8974	7.5238	7.5616	6.7554	6.0067	5.9834	8.9014	7.7653	5.2378	4.6477	6.6912	4.2227	7.5595	8.6087	8.3932	5.0474	4.6928	6.3464	7.5729	4.5674	5.9771	9.2733	8.7003	7.2265	4.1664	6.7518	5.7824	6.9891	7.4625	3.7616	4.5454	8.6528	6.232	7.0666	6.5704	7.5578	6.4893
U133A__EFNA1	7.4693	9.3579	7.5136	8.376	6.6392	8.3622	6.4668	9.1469	8.2413	7.3582	8.6901	6.6008	7.1272	7.1407	8.6568	7.8695	7.9285	6.7005	8.463	5.9166	7.5664	7.1332	5.7053	6.1636	7.2538	5.6049	7.2607	6.8021	6.8753	7.6601	8.4067	8.13	5.6522	7.3104	5.6485	7.3048	7.0874	7.6772	9.5736	8.8508	7.5333	7.5574
U133A__NBL1	5.9735	5.5208	6.5773	8.0088	6.4156	7.816	6.7587	6.1978	6.1135	8.2531	6.5199	7.0638	7.4328	5.614	6.2299	6.0307	6.2699	6.1127	8.421	6.6186	5.6648	5.5864	8.6762	7.2315	5.4859	6.2246	6.6967	8.0563	6.2912	7.9575	5.8276	5.6058	5.9892	8.1472	6.4818	5.802	5.6896	6.7591	5.391	5.5293	5.6823	6.3593
U133A__NR2F2	3.8546	3.9071	6.5484	6.9842	7.5445	3.0831	6.5883	5.2905	3.3799	5.4746	7.2639	6.7675	4.2238	6.2959	5.1802	7.5495	7.0903	6.3474	6.6617	5.8807	6.2814	8.5361	7.1223	5.9595	8.1206	7.9019	7.1992	6.5105	6.0499	7.5131	4.5526	3.6811	6.3605	5.5146	5.5978	6.3304	5.6772	7.5591	6.7163	6.4496	6.448	7.0572
U133A__IGFBP4	11.0146	5.2361	9.7198	9.3935	7.2318	8.0076	7.5107	7.3593	7.5275	9.1421	8.2795	8.0721	7.2479	6.0637	6.2098	6.3741	6.0228	8.3002	8.3906	8.9442	7.3456	9.23	9.7558	7.7929	7.1647	10.3468	9.1055	9.0012	6.9578	5.6107	7.1508	6.7255	5.6586	7.7099	9.881	6.4871	5.5116	9.5902	10.2401	6.4333	7.5132	8.2681
U133A__MT1P2	10.1084	9.8881	9.719	9.2436	10.5395	9.2019	11.5542	10.3683	8.2837	10.6617	9.531	10.1679	9.6322	10.9101	9.1045	9.0536	10.1399	10.8309	10.1722	11.5302	9.2927	9.0609	9.141	10.3507	9.5369	11.052	9.9655	11.5305	11.07	9.8421	10.8688	10.038	11.0822	11.8502	11.6559	9.2834	10.1061	8.6721	8.6118	9.5654	11.309	8.5364
U133A__MT1X	8.4084	8.2002	8.1249	7.4471	9.3471	8.3782	9.6993	10.0479	6.6892	9.4273	8.2086	8.6822	8.4598	10.1523	7.0356	8.178	8.9091	10.0628	10.8713	10.1184	6.7858	7.3453	7.4573	9.6321	8.505	10.0782	8.8258	10.9035	9.7955	8.2451	10.3187	8.777	9.7324	10.4715	10.7999	8.8989	9.7216	6.9663	7.1999	9.2386	9.9108	6.7383
U133A__FTL	9.9572	7.7744	10.0591	9.0597	10.2013	8.6878	11.5796	10.819	10.2002	9.6632	9.4582	11.7469	11.211	10.81	10.1587	10.6899	9.2376	9.8686	11.1678	11.7066	8.6347	9.802	9.7402	10.2633	9.1036	11.4905	9.5794	9.595	11.9073	8.687	8.1879	7.3449	12.0038	10.5268	11.4457	11.6906	10.7519	8.3996	9.5434	9.0406	9.2702	8.4759
U133A__NOTCH2NL	7.8298	8.6341	7.6974	7.8539	7.4215	6.8991	8.2007	8.7139	10.2228	7.6996	7.2474	7.7885	6.7152	7.8414	7.163	7.8356	7.0501	7.9431	8.1671	6.7489	7.9419	8.6442	6.2143	7.3806	7.39	7.798	6.7809	7.1969	7.7693	7.2189	7.8977	7.5982	7.1509	6.6654	6.8928	6.7038	7.4317	7.8704	9.2372	8.3514	8.2976	7.9329
U133A__MYO1B	4.9251	5.2274	7.7381	6.2344	6.9998	6.1406	7.0427	5.4766	5.3426	6.0185	5.3998	8.7032	7.6434	8.6547	5.2345	8.6163	6.3402	6.0725	6.5031	6.5145	6.8656	7.213	7.3218	7.3374	5.9616	6.5732	5.6089	6.271	7.0135	4.2831	7.265	4.6345	8.0745	7.5374	7.5324	6.6835	6.2627	4.8035	6.0925	4.0897	6.1784	3.9421
