Cell lines	600MPE	AU565	BT20	BT474	BT483	BT549	CAMA1	HCC1143	HCC1187	HCC1428	HCC1569	HCC1806	HCC1937	HCC1954	HCC2185	HCC3153	HCC38	HCC70	HS578T	LY2	MCF7	MDAMB134VI	MDAMB157	MDAMB175VII	MDAMB231	MDAMB361	MDAMB415	MDAMB453	SKBR3	SUM1315MO2	SUM149PT	SUM159PT	SUM185PE	SUM225CWN	SUM52PE	T47D	UACC812	ZR751	ZR75B
Response	-1	1	-1	-1	-1	1	-1	1	1	-1	1	-1	-1	-1	1	-1	1	1	1	-1	-1	1	-1	-1	-1	-1	1	-1	-1	1	-1	1	1	-1	1	-1	-1	-1	1
U133A__KYNU	3.1107	7.5015	4.3378	3.7016	3.7004	4.199	6.8799	3.3451	3.3778	5.2812	5.0897	9.7837	6.6414	8.1632	5.8705	8.3008	4.2979	3.6763	3.9397	9.3041	9.2168	3.205	6.7245	6.0479	5.4828	6.253	3.5387	3.4423	4.7613	3.2793	9.6851	5.4603	3.4978	7.9465	4.0878	8.121	5.0006	5.7334	3.5004
U133A__TMEM30B	7.5328	6.8901	7.6466	7.4005	7.841	4.5145	7.2183	6.9133	4.3056	6.7918	4.8118	6.6057	6.9381	7.4909	8.128	5.2438	6.5212	6.4775	4.5702	8.4178	7.6244	7.2188	4.4832	7.1355	3.5723	7.4901	7.0626	7.6142	6.6801	4.1736	7.2792	3.6516	7.2406	8.0335	3.6461	7.2677	8.2243	6.7906	6.8931
U133A__KIAA0100	8.8681	9.2054	7.9417	8.8628	8.6047	7.4282	8.9246	7.7525	7.5068	7.9503	8.0312	8.2047	7.8415	8.2902	8.4022	8.2701	7.8823	7.6288	7.6848	8.8026	8.3881	7.8276	7.2512	8.327	8.6738	9.0547	7.8274	8.4813	9.7569	7.9615	8.3141	8.6067	7.8017	8.8547	8.3358	9.2605	10.2621	8.2115	8.5997
U133A__PDLIM2	6.1838	6.4469	6.5686	5.0195	5.6124	8.445	5.1054	6.7985	7.5575	4.7108	6.3607	5.2325	5.6691	6.1512	6.3079	7.0536	6.8265	6.1954	8.6963	6.1059	5.2037	5.8817	6.625	6.3894	6.7859	4.9201	6.5696	4.5589	7.137	7.7536	6.8021	7.2215	5.3168	5.6906	4.947	5.8226	6.1853	6.1648	6.9082
U133A__HMOX1	5.9805	6.3462	7.4205	6.2042	6.0583	9.3758	6.8273	6.6101	6.269	6.5746	7.1662	6.0146	6.2742	5.9549	6.7426	7.6179	6.5557	6.0875	7.9038	5.9175	5.8619	6.4551	6.459	6.0077	6.365	6.3473	6.6004	6.3751	6.243	9.709	5.7164	8.5448	6.5511	6.6615	5.9153	5.9068	5.6787	6.4186	6.8615
U133A__MARCKS	4.0846	7.9558	9.3462	9.0052	6.1751	9.3931	3.1121	7.562	9.3508	6.1638	7.7138	7.8514	8.6914	8.1749	9.5401	8.7765	9.5328	9.2564	9.3228	3.4705	6.1732	9.3868	9.2405	7.1593	8.4118	8.1083	8.134	7.7284	7.2272	7.9364	6.5351	7.3555	8.9721	8.9906	8.8831	2.8129	7.525	5.898	6.8807
U133A__EEF1A2	8.4199	11.0325	10.6134	8.8277	10.4452	4.9698	10.4219	6.4697	4.4425	9.7461	5.8255	8.8877	8.1497	9.2164	4.9156	5.5593	9.1134	5.8471	8.9212	10.5813	11.7994	9.6918	9.0784	9.8087	8.0866	10.3513	8.6957	10.0605	7.2008	5.2855	9.4882	6.2216	8.1734	9.764	6.2512	9.1884	8.4557	10.671	11.6249
U133A__CAT	9.2728	8.6882	8.9651	8.6094	8.1768	7.6458	7.9778	7.1926	8.5442	9.183	8.3309	11.1759	8.5523	9.9741	8.1137	9.9591	7.7908	8.3007	7.9061	7.4298	7.812	9.1065	7.2563	8.7414	8.3873	9.0302	7.4691	8.3149	8.1271	8.2005	8.7364	8.0446	6.1542	10.075	8.6121	9.4779	9.0364	7.6033	7.5928
U133A__UAP1	9.1598	8.4831	7.1609	8.1046	8.3803	10.5221	7.3076	7.5494	7.5247	7.4176	8.5975	8.0611	7.6904	6.9409	7.8611	7.7855	8.3676	8.4675	8.864	6.5547	6.1229	7.6336	8.1057	8.1617	8.5606	7.148	8.1879	8.1683	7.9066	9.5836	8.0031	8.7819	8.9616	8.4541	8.9146	7.0147	8.1841	7.9779	7.8894
U133A__LRIG1	8.4873	6.2785	5.1965	6.714	7.3323	3.8294	5.7543	4.6329	5.669	7.1662	4.7873	4.9515	5.9472	4.8144	5.5033	5.2939	4.0003	5.209	4.8805	5.4309	5.1228	6.6869	4.104	7.4281	4.2748	8.0802	5.1363	8.3706	5.1384	5.4354	5.9374	4.1727	5.8208	8.3873	5.0683	6.8777	6.743	6.956	6.6563
U133A__KRT8	10.7115	11.2525	11.4126	11.1708	11.8105	4.6994	10.4767	9.9402	9.7313	11.932	8.4941	8.913	10.6646	11.1743	11.4994	9.9269	9.5922	9.5457	5.7145	11.6793	12.1159	10.506	7.5837	11.0665	8.3426	11.2063	10.4653	9.1194	11.5414	4.6224	9.8963	8.3775	10.5897	10.994	9.9593	11.9459	11.5683	9.9995	11.4816
U133A__TLN1	6.6588	6.5424	5.8805	5.7994	5.612	6.5644	5.9856	6.3255	7.1334	6.2038	6.5911	6.6526	6.1384	6.1843	9.1773	6.3819	6.184	8.0898	6.6104	5.9366	6.2893	5.6054	7.1546	5.8129	7.0731	5.9544	6.3669	6.1561	6.3103	6.3312	5.8417	6.5138	6.2184	6.0943	6.1867	6.0613	6.1134	5.9299	6.1477
U133A__SLC39A14	6.6658	6.3508	8.5567	5.7462	6.1677	9.7025	6.6078	6.3584	10.0436	5.8834	7.972	7.7405	6.3612	6.229	6.6312	7.0261	7.3375	6.1078	8.8219	6.2226	6.0328	6.4296	7.3106	6.5998	7.9923	5.6425	6.5311	5.5457	6.6012	10.1244	7.5401	8.3297	7.8884	5.1832	6.6665	6.7652	7.3475	5.9987	8.1011
U133A__CALD1	4.2559	5.8786	8.3527	3.9365	4.9682	7.9225	3.6763	6.2884	9.1905	3.4181	8.0223	6.0784	7.1754	4.4506	5.5558	9.2409	8.6378	8.8403	9.3954	3.6019	3.9175	4.3435	7.5768	4.9728	7.2995	5.0421	4.1759	3.5041	4.7812	7.3616	7.3157	7.8436	7.7707	8.0238	6.7517	4.3805	4.0465	4.0081	3.6434
U133A__KDELR3	7.7574	6.0177	6.3733	7.3768	7.0073	8.4164	5.4499	8.6357	6.8337	6.2748	7.8566	7.4485	7.0864	5.1006	6.8283	8.3566	7.4494	7.6389	8.6264	6.6977	5.9754	6.0059	7.9155	7.6533	7.7169	7.0497	8.1051	5.3789	5.5027	7.7253	6.8508	6.7554	8.6796	7.3828	7.6741	5.9734	7.0554	7.138	9.1425
U133A__KIAA0182	8.7175	8.7547	8.2326	9.4399	8.9626	5.5927	8.9031	7.0695	8.2032	9.5198	6.5335	7.1268	7.6521	7.6461	8.5395	7.194	7.6429	7.7941	6.6802	9.3437	9.2681	7.1592	5.5687	8.3507	6.8539	9.4821	8.1927	8.8215	8.4014	6.3604	6.768	6.9346	9.4211	8.9541	8.2608	10.1651	8.3246	9.5845	8.7069
U133A__C5orf13	7.5479	5.1369	4.8195	6.7214	7.2221	10.5831	8.7053	6.8127	10.1445	5.6449	7.1065	5.0964	5.3783	7.077	6.914	5.561	7.2038	5.9763	8.7252	5.4808	5.8234	8.3707	9.2578	5.8943	5.5724	6.9229	7.5753	8.2068	4.9232	7.1556	5.2497	9.5255	9.8606	6.3485	5.4205	6.0864	7.4534	6.3202	6.9258
U133A__MAP1B	5.2828	4.7448	6.4849	4.9262	4.8618	7.9119	4.5738	6.6054	8.1982	4.5955	5.1547	5.4784	4.3322	4.8752	4.6449	6.1241	8.077	7.8322	9.7287	4.2933	5.1401	5.3466	8.6245	5.0681	8.226	4.7169	4.9647	4.3393	4.5124	7.7301	5.7202	8.3276	10.7187	6.9184	4.8221	4.5797	4.5998	4.8576	4.5338
U133A__C5orf23	5.6841	6.3829	5.455	7.5346	6.271	6.5705	7.2092	8.7788	7.6183	5.4248	7.2325	5.4244	5.5515	5.5549	8.2279	6.8555	7.2818	8.3511	7.1384	5.6597	5.5512	6.1622	6.0857	5.6845	5.6237	5.9768	5.8137	7.0568	7.5061	5.7325	5.2448	6.0217	5.878	5.3433	5.4923	5.947	6.2081	6.4551	5.6891
U133A__MSN	3.841	4.5404	7.0857	3.5172	3.4371	8.5121	3.3393	9.342	8.9229	4.7864	8.964	8.5521	7.2232	8.4309	3.4629	7.7602	8.5216	9.8294	8.6483	3.9182	3.857	4.7157	8.0642	3.6968	8.6962	3.3597	4.1423	3.5368	3.4264	8.8511	9.046	8.7758	3.5774	5.7481	3.4357	3.3212	3.8634	3.5565	6.796
U133A__SPARC	3.7712	3.66	3.5138	3.5735	3.4648	10.4223	3.5195	4.282	3.8571	3.5912	8.829	3.6301	5.2953	3.922	3.632	9.6467	9.8987	3.695	11.0811	3.9276	3.715	4.7207	11.7943	4.1587	5.5428	3.6311	10.9894	3.6342	4.0483	8.1684	3.7031	9.5455	3.8431	3.6479	3.7304	3.9174	3.54	3.7679	3.658
U133A__TPM2	2.9737	3.2967	2.7599	2.7023	3.0083	9.2246	3.0307	6.6508	2.7736	3.2918	9.0163	7.0455	3.3028	3.2698	3.8763	6.7663	7.9299	8.1468	9.5375	3.3478	3.2518	3.2009	4.4389	3.1689	3.4678	2.8649	3.6268	3.157	3.4752	8.5825	7.37	8.2812	2.8239	3.0699	5.6483	3.0476	3.3862	3.4566	2.9659
U133A__GPRC5C	7.4235	6.1309	5.8727	6.7046	6.796	5.3902	6.9703	5.6507	5.5117	6.314	5.8513	5.5639	5.7202	5.8357	6.4456	5.8599	6.2879	5.6807	6.194	6.4966	6.7739	7.9681	9.0957	7.5182	5.7214	8.3154	6.1173	7.1564	6.0889	5.7109	5.5935	5.16	6.7736	6.437	6.2738	7.4572	7.4876	7.2886	6.3964
U133A__DPYSL2	6.5499	4.3957	6.3934	5.6905	6.9064	9.755	6.403	8.6685	6.876	6.4028	8.1874	7.4548	6.1458	4.9671	5.8342	7.3601	7.5697	6.8732	9.3498	4.9229	6.4398	8.4362	7.9753	6.9726	7.9353	6.4448	4.2048	6.5866	3.6449	9.0406	8.4346	8.7608	6.6997	7.2071	7.204	5.519	7.3291	4.2719	7.339
U133A__MREG	7.2904	7.4837	6.8632	7.3162	7.6224	4.1264	6.9158	4.9852	4.4452	7.6384	6.6941	7.6708	6.2989	5.9287	7.3828	6.2187	6.2332	6.664	4.6508	8.3801	8.8786	8.0033	5.5713	7.5852	5.3909	8.2337	7.7519	7.482	6.9532	4.3075	6.558	4.6489	4.8388	7.7298	7.2458	7.0424	8.2713	6.0785	6.4466
U133A__FKBP4	7.8938	7.2314	7.3501	7.8308	8.6332	6.4693	7.5977	6.4888	7.6079	10.106	8.0188	7.4516	7.9534	8.2485	6.7073	8.3906	6.7943	7.4821	6.6219	7.3035	8.5173	9.1486	6.0714	8.2269	7.0025	8.2281	5.9213	7.3097	8.068	6.4055	8.0056	7.8416	7.6881	7.3206	7.2406	8.8391	7.4746	8.1696	8.6481
U133A__TM4SF1	8.362	6.5146	5.874	3.8897	8.7189	9.4967	4.6259	10.9337	8.3625	6.6237	9.5874	6.9261	9.7401	8.5645	9.6634	8.2595	9.5157	9.932	9.4497	4.0086	3.9065	6.6238	5.6867	3.7921	8.5886	3.6329	8.9573	7.5024	5.3364	9.5365	8.6277	8.4649	3.7295	8.8941	7.1048	3.6687	6.4787	8.7528	3.6383
U133A__EMP3	4.327	3.9888	4.4028	4.2731	4.2246	9.9908	4.5129	5.9249	4.5177	4.8069	4.4271	6.169	4.4585	4.1728	4.8236	4.8179	9.0618	5.7623	10.2742	4.4979	4.6047	4.5679	9.169	4.2846	9.3624	4.4717	4.519	4.3967	4.5344	9.6246	8.36	9.3993	5.4208	4.3435	4.3907	4.6524	4.1567	4.2003	4.5004
U133A__GLS	4.4195	5.7518	7.2918	4.0759	4.3543	6.6791	3.7784	7.3472	5.1229	5.2186	7.3126	7.012	5.7987	5.3433	5.3827	5.5398	7.1731	7.3676	5.5516	5.2015	5.0259	4.7226	6.4009	4.2736	7.034	4.1183	4.9112	3.4156	4.8237	7.9906	6.7428	6.0561	4.4919	4.9067	4.4406	4.5268	4.8293	4.3555	4.9851
U133A__ELMO3	5.9066	5.7889	8.5436	6.3025	7.6556	5.2339	6.9758	7.0401	5.4423	6.5243	5.5475	5.3853	6.8982	5.5113	5.2542	6.1292	5.5702	7.6032	5.6752	6.3077	6.383	5.9392	5.4442	6.9119	4.9135	8.2494	7.547	7.8003	5.5882	5.0385	7.7912	5.3956	5.9363	8.1509	5.2154	7.257	7.1531	7.128	7.3481
U133A__CDH1	9.4054	3.1026	9.7731	10.1506	10.8025	2.7451	7.2616	8.8869	7.6506	10.3047	8.1115	8.7079	9.9294	9.3213	2.9912	9.3955	7.3494	9.9431	3.1604	9.7553	10.3314	4.8896	2.9383	10.1819	3.7691	10.7292	10.1856	5.9099	3.9307	3.1058	9.2079	3.5212	10.1757	10.4251	9.7177	9.7436	10.2468	10.6202	10.3636
U133A__ZNF217	7.419	7.5835	6.9251	7.8014	8.8077	6.3906	7.2507	6.639	6.8205	7.0884	6.5128	5.7742	6.7022	5.9938	6.8491	6.55	6.4752	7.1567	5.4451	7.5959	8.0458	7.2063	6.4752	8.3299	5.7126	7.3471	6.1379	5.9462	7.1079	5.8327	5.9423	5.1742	6.4352	7.3122	5.7603	6.5379	9.0439	7.9256	7.0191
U133A__KANK1	5.1845	6.3431	4.3153	4.4629	5.8517	6.3967	4.9071	7.1835	6.6344	4.4494	7.8058	6.3191	6.8472	5.5078	4.5401	6.1554	7.7999	8.4046	6.2557	5.5361	5.3198	4.7946	4.5636	5.0467	5.6924	4.7356	4.2955	5.7617	5.8712	5.7353	5.6835	7.4	5.007	6.7284	6.1543	5.6976	6.0245	5.7133	6.2831
U133A__IGFBP2	8.9994	6.5614	8.0793	8.4756	10.174	4.1337	8.2319	6.9756	5.0969	11.3152	6.6399	5.5755	7.4344	6.2061	6.7846	6.7353	5.7058	4.1339	5.3651	7.4161	8.4871	9.2672	6.523	6.9218	5.18	9.4817	8.7196	9.2216	5.7955	5.3561	5.6784	5.7516	6.6061	8.1112	7.7527	9.675	9.8774	7.0239	9.9643
U133A__FOXA1	9.1328	7.7572	6.523	9.0263	9.4147	4.7595	8.7472	5.2283	5.7444	8.14	5.0961	5.822	6.5694	7.5076	8.8813	6.9658	5.4233	5.6401	5.6268	8.3942	8.6803	9.0814	4.7116	8.5308	5.3926	8.8057	8.3218	9.2428	7.9736	5.241	5.689	5.6432	8.73	9.3117	8.6746	8.6077	7.9866	8.9553	8.3695
U133A__RHOQ	5.7676	7.464	6.8938	6.6728	6.7051	8.246	6.4015	7.7497	6.7259	6.1135	8.1764	8.5219	6.1786	6.3748	7.5691	6.9454	8.572	7.5504	7.8128	7.1904	7.2712	6.8144	9.6917	6.7481	7.2082	8.0844	5.0555	6.0637	7.0925	9.122	7.1437	7.3307	6.9376	7.8551	6.7023	6.4535	7.3277	6.2841	7.5618
U133A__TOM1L1	7.9076	5.7186	6.2969	9.4773	7.1879	5.1145	6.9637	6.7397	4.7466	7.9732	5.146	5.9551	5.8162	5.9377	6.3062	6.4622	6.6798	6.1347	4.2894	7.0622	7.4272	7.1205	5.3791	7.2296	5.9639	8.1008	6.8372	7.168	5.5921	6.9032	5.8708	6.031	6.4239	7.0091	6.756	7.2706	7.6229	8.6175	7.7091
U133A__DHX40	7.0381	5.7867	6.4315	8.6347	7.5986	5.919	5.9241	6.2316	6.2846	7.014	5.6478	6.411	6.2943	5.4408	6.003	6.5949	7.426	6.0468	5.1125	7.2359	8.2093	6.9354	6.8654	5.6059	6.4999	8.5027	4.9426	6.9965	5.1172	6.5324	3.9736	5.98	5.644	6.7685	6.3122	6.9005	7.842	7.2802	7.0766
U133A__TPBG	8.362	9.3082	9.5497	10.0326	9.716	9.0389	8.1457	8.6684	8.0417	9.4877	7.0253	9.8269	9.1174	9.7268	8.3264	9.6879	7.878	9.2793	10.0826	8.4052	10.3529	11.3764	9.4309	9.3753	8.789	11.2864	9.3918	8.2486	8.6674	6.8472	9.796	9.0604	8.4863	9.5087	7.8683	10.1331	10.3387	9.525	9.7759
U133A__RHOD	7.8747	5.2958	7.9209	6.4675	7.5568	5.1077	7.9489	5.7556	6.6789	8.1395	6.8909	8.2529	7.7422	7.4409	7.285	6.8871	6.6721	6.7316	5.5286	7.3222	8.2642	6.9058	5.7004	7.3765	6.1846	7.1356	10.2792	7.6147	5.486	5.0982	7.0881	5.0527	6.8992	7.3789	8.2248	8.4567	7.6569	6.3975	7.906
U133A__ITGB4	8.4764	6.8825	7.8694	7.2638	6.1489	5.1424	6.7049	9.9222	5.9812	6.4977	5.6302	9.8634	7.2601	7.6693	6.7599	9.2314	6.4951	6.4958	5.6846	7.7798	8.3127	5.2167	5.7594	7.597	5.8136	7.8203	7.0236	6.7098	6.7099	5.7868	6.8612	5.7862	9.5481	7.0662	7.1408	7.4342	7.6944	6.2395	7.5587
U133A__PRAME	5.1003	5.3193	6.3397	5.3357	5.3379	6.2642	5.1516	8.9344	9.7548	6.0639	7.7932	5.4245	4.9665	6.5426	4.7451	5.1626	8.5171	7.8514	7.7627	5.4001	4.8634	5.1053	6.2272	7.7763	4.4942	4.8008	6.0026	5.1608	5.4706	5.8955	4.9292	4.9845	4.9079	5.7112	7.4347	6.7545	4.8801	5.8399	6.7549
U133A__DHRS2	3.6915	11.0353	10.3221	9.9415	6.4724	5.6319	3.4445	3.8597	3.4835	8.886	3.8089	4.3762	6.9515	3.9461	5.3919	4.6408	6.2546	3.3749	9.8464	9.1799	6.4362	3.6246	3.8142	9.5706	4.3924	10.9648	4.9896	3.8658	11.0403	3.5322	5.7199	3.7635	4.1461	7.0288	3.9059	4.3709	4.7984	6.5961	4.5859
U133A__SOD2	5.5088	6.9736	6.9797	4.881	5.1914	7.7208	5.6061	6.6548	7.6545	5.7471	8.3722	7.9873	6.5132	7.3532	5.9588	7.7653	6.3289	7.5586	6.3059	5.2549	6.0585	6.0706	8.5843	5.3729	5.5954	5.823	6.3231	5.1422	6.0321	7.3062	8.7586	9.3681	4.9814	6.4789	6.5449	5.6744	6.295	4.8445	6.1557
U133A__PON2	6.9905	8.545	6.3746	6.9593	7.6992	6.8894	7.5751	7.1908	6.3066	7.1999	8.0402	6.9952	6.2384	7.0837	7.9459	7.2793	7.6566	7.9654	7.5685	6.838	6.2501	8.0083	8.0485	6.7746	6.4667	7.1855	7.0361	6.9661	8.2261	7.6251	7.2494	8.6669	7.4132	9.4905	10.4159	6.8371	7.2709	8.3466	7.3836
U133A__C2orf54	7.7605	8.4685	6.5213	6.8355	6.3039	5.7915	6.2505	6.405	6.0855	6.3454	6.0255	5.9557	6.8201	6.0669	7.6327	6.4253	6.0383	5.8493	5.9139	6.2292	6.1448	6.1992	5.841	7.4306	6.0411	7.0844	6.0172	7.549	8.1948	6.0615	6.1171	6.017	6.361	7.3656	7.5534	5.9837	8.6595	8.4196	6.0049
U133A__FAR2	6.3903	8.0677	5.6978	6.9496	6.2868	5.9047	5.7329	6.2657	5.466	7.1439	6.4881	6.0924	5.6582	5.9597	7.204	5.8775	6.299	8.1854	7.381	5.6307	5.8298	6.5426	6.0009	6.0981	5.3047	6.5191	7.4616	5.4745	7.7824	5.6838	6.4978	6.3407	8.1011	8.018	7.6185	5.7586	5.2172	8.6558	8.0705
U133A__PPP1R3D	6.0376	6.2841	6.5806	5.8836	8.9569	5.5115	7.3522	5.3847	5.2179	8.4079	6.0031	6.2885	6.1268	6.9745	6.7862	5.4457	5.3754	5.7838	5.1445	6.6139	6.9967	9.3097	5.3464	7.7236	5.2928	7.7316	6.1594	7.5285	6.4306	4.8825	6.1016	4.8641	8.1589	6.6839	6.8287	5.7656	8.1055	7.205	6.5275
U133A__SLC7A11	4.2893	4.9085	8.8657	4.8749	4.2309	7.6008	4.0794	4.8761	4.5896	3.9585	5.6869	9.4099	5.7783	5.776	4.097	5.2914	7.2811	6.0812	8.3411	4.3563	4.5052	5.6895	6.2811	3.7697	9.0367	5.1478	5.4183	4.2368	4.6391	6.1061	5.0838	6.5691	8.3337	7.4302	7.695	4.18	3.9346	4.1598	5.1029
U133A__LEPRE1	6.2087	5.7091	6.5775	6.1438	6.3655	8.4052	6.4342	6.4995	7.6492	6.3773	6.8821	6.2714	6.0789	6.569	6.3589	6.4817	8.1628	6.4934	8.3715	6.5539	6.4152	6.7285	8.5048	6.4054	7.3179	6.1017	6.1139	6.4774	6.1745	9.4289	6.5793	7.5538	7.6954	6.7493	6.6992	5.7279	6.434	6.3163	5.9634
U133A__SLC12A2	10.8301	7.0721	7.4859	8.1968	7.0689	6.6955	7.2458	6.6463	6.6633	6.7385	7.2896	7.4138	8.0077	7.9024	7.6004	7.1788	6.4072	6.7053	7.944	8.54	8.2854	7.0651	6.5537	8.7772	6.7589	10.0865	9.2415	7.9819	6.782	6.9139	7.3307	6.6781	7.7796	9.7845	6.9059	6.7363	7.6067	6.5298	7.0343
U133A__FBP1	6.8861	5.4407	5.6061	8.7593	9.0806	5.8518	8.9571	5.675	5.3145	9.223	5.9597	5.9596	8.9816	6.1031	5.4783	5.7636	6.0568	6.0106	6.2966	9.2997	10.2366	9.9675	5.5894	10.3739	5.6397	10.3698	8.9993	6.1156	7.3014	5.5824	7.2633	5.8976	9.8817	8.5732	7.7395	7.7367	9.8135	9.0869	8.5342
U133A__ANKRD57	5.9697	4.6663	6.3858	6.1402	6.2868	5.939	7.7336	6.0224	5.2587	6.8299	5.4594	6.5732	6.5182	6.5702	5.1079	5.4951	5.5572	6.0201	5.2873	5.7804	5.1389	7.8938	5.3602	5.5994	6.4687	6.098	4.9998	6.1175	5.572	5.31	6.1903	6.4324	7.6739	6.738	6.4395	5.5621	7.0825	5.7018	5.2503
U133A__BTG3	7.0426	7.5953	6.0044	5.9703	5.3371	7.0791	4.2233	8.9466	7.8792	5.0099	8.5942	7.5041	7.8742	8.5126	7.4848	7.8793	8.5847	8.5934	6.7906	4.2185	4.5037	7.1768	8.6345	6.7812	7.9845	6.3049	6.2882	6.0178	6.2314	7.0501	8.9104	7.0772	6.0982	7.3876	7.1067	3.7357	7.3764	6.5325	7.4161
U133A__ERBB3	9.0074	7.5004	6.4014	8.3846	9.4643	4.1332	7.8718	7.0488	7.2396	8.1221	7.1116	6.5673	7.1065	5.2443	8.2884	6.1232	6.1179	7.809	3.9223	7.4837	7.907	7.5422	5.1573	7.8977	4.7362	8.49	7.7735	8.3471	7.8318	4.3134	6.0561	4.2768	8.8454	8.2685	6.8618	8.571	8.2939	8.3354	7.6055
U133A__SLC9A3R1	9.519	9.6155	8.3819	9.3381	11.1179	7.3427	10.3084	7.7895	7.6797	11.4694	8.4963	8.6198	9.0035	8.2239	9.0584	8.1738	7.8626	8.8965	7.1743	9.7706	10.4869	10.1918	6.8074	8.9042	7.6842	11.736	8.9875	10.9463	9.4829	6.4568	7.3574	6.9491	9.7921	9.1212	9.2263	10.2388	10.5344	10.2528	11.1031
U133A__ALDH4A1	6.0591	7.4246	6.5647	8.3471	6.7169	6.082	7.9374	5.962	6.3012	7.4468	6.466	6.4855	7.1706	5.8314	7.2935	6.2652	5.8633	7.3004	6.2349	6.5478	7.738	7.2079	6.0012	7.847	5.8512	7.521	6.2685	9.9506	7.4964	5.9475	6.3586	5.7202	7.4961	6.7301	6.5002	7.6683	7.696	7.7586	7.7793
U133A__LOXL1	7.6117	4.1966	5.1158	4.3121	5.5348	8.338	5.7862	4.933	8.9195	5.1848	5.3431	3.9845	4.0034	4.3856	4.1953	4.8002	6.8359	4.9628	9.1502	5.6646	8.9368	6.588	8.3756	3.6902	5.6773	6.3196	7.3211	4.5602	4.2818	9.7542	8.8104	6.6159	5.6259	3.9347	8.3171	4.6056	5.1326	5.3135	5.2119
U133A__FBLN1	6.1437	7.8745	6.5493	4.731	4.5797	4.7087	5.3776	7.9094	6.6592	4.574	6.5739	5.7041	6.1375	5.3861	7.0399	6.4172	6.3002	6.7823	6.1568	4.5418	5.0442	5.4569	6.0269	4.696	4.6306	4.9543	6.269	4.5353	6.8851	5.23	4.4758	6.9467	5.5305	9.0548	4.2538	4.5744	7.7406	4.5517	4.7651
U133A__BIK	6.79	6.6526	5.7028	7.7609	7.8101	4.4661	7.2407	6.9484	5.4635	5.8565	5.8302	7.4245	6.541	6.2117	6.5191	7.3676	5.0893	5.7594	6.005	6.0503	6.236	6.6067	5.2379	7.4079	5.0096	7.3216	7.224	8.0241	6.3969	5.3947	7.7769	5.5715	10.0292	8.47	6.3561	5.6218	6.5498	7.1572	6.2503
U133A__TOB1	8.8416	8.1199	7.4176	9.54	10.0412	5.6991	8.2963	8.2331	6.9626	9.9774	7.4185	7.3983	7.7978	6.7211	8.3342	7.3782	8.2944	7.4541	4.4955	8.4614	8.9689	8.6463	7.562	8.9663	5.935	10.6432	8.5555	9.5297	8.6703	5.2081	4.7449	5.9356	8.5847	8.2344	8.8228	9.8445	9.2366	9.6404	9.1081
U133A__ATP2C2	6.3307	6.2095	5.2594	6.78	6.1865	4.7505	6.4084	5.4049	4.9367	6.2669	4.6402	5.5946	6.105	5.0725	6.7137	6.1365	4.8823	5.9041	4.6599	6.1516	5.6878	5.0964	4.7406	6.6441	4.5629	6.3763	7.4543	5.9877	6.6966	5.0115	5.5817	4.528	7.6748	7.6835	6.0596	5.6751	6.1125	7.0079	5.4811
U133A__ST14	6.2778	7.5491	6.1897	6.5451	6.0697	3.9898	6.2206	6.3367	7.2561	6.6181	4.9063	6.9803	7.7047	7.101	7.1576	7.4406	4.7531	6.3258	3.7092	6.126	6.1322	5.9004	4.5615	6.1623	3.929	6.3002	6.4807	6.4503	7.2871	4.9825	6.7263	4.1953	5.3351	6.6592	5.1746	8.3697	7.4472	5.7941	6.2579
U133A__PFDN4	6.2736	8.0407	8.5755	9.9712	7.5744	7.8459	6.6001	7.3549	5.76	8.5312	7.8556	8.1576	7.8759	7.2268	6.9091	7.9864	8.1208	7.2717	7.9155	10.2674	10.3283	7.1502	8.4414	7.3345	8.3553	7.0275	6.9578	6.7379	8.3906	6.4956	8.1635	7.6051	6.7373	7.2441	6.3582	7.2095	8.4608	6.8423	7.7724
U133A__OPTN	6.6894	6.7093	6.5911	5.5393	6.345	8.1659	6.364	7.7235	9.3179	7.3846	7.9131	7.5348	7.1387	6.3321	6.655	7.9647	8.647	8.9296	7.0793	4.8093	6.1075	7.0115	8.782	5.5732	6.5546	5.5827	6.3509	5.1888	6.4005	8.6671	7.8784	6.3001	6.4963	6.6209	5.9897	6.853	7.3481	5.5903	6.235
U133A__SEC23A	5.6536	6.4033	6.0959	6.3551	5.6767	7.5831	5.0365	5.6319	6.0224	3.7853	4.5046	6.0269	5.8319	6.0896	7.3692	7.0419	7.823	6.2331	6.2394	6.075	6.6442	5.7261	6.617	6.0018	8.0254	4.5341	5.9943	5.3945	5.3527	6.4626	6.0872	6.8353	7.8656	5.2568	6.3942	5.4397	7.0233	4.3727	6.6133
U133A__TNS3	6.8795	8.1902	9.0136	7.5866	6.9132	9.0042	5.6988	9.2701	4.0902	5.5019	8.1426	7.8083	7.7228	8.5076	8.5705	6.2364	9.9299	8.961	7.8124	6.7106	6.5179	6.2633	8.3007	8.0747	8.3139	6.4102	7.207	6.7186	6.7809	9.3477	6.5821	8.1469	9.2966	8.4555	7.3788	7.9149	8.683	4.8818	6.7365
U133A__BTBD3	6.877	6.7463	6.2463	6.9788	7.7979	7.3751	5.4557	7.5269	7.2278	5.7018	8.6077	6.5997	7.475	5.9069	6.3204	6.3245	7.5103	7.5578	5.7128	5.0384	5.403	6.3836	5.318	6.3853	6.1573	5.5976	6.4031	6.3796	6.6153	5.4554	6.4899	6.3747	7.2173	6.4509	7.1558	5.6182	8.8467	6.1618	6.4409
U133A__HSPB8	7.1855	6.051	8.3424	6.117	10.5584	4.8732	8.9372	5.2653	5.2554	9.9574	5.3779	7.1384	7.7295	5.5586	5.7058	5.2302	6.0879	4.9705	7.4722	5.9505	7.092	7.9963	5.6915	7.4217	5.354	9.502	7.0711	5.3281	5.3147	5.3216	5.8513	6.7961	5.3147	7.2769	8.4231	7.8393	9.15	5.4253	7.0301
U133A__GNG12	7.5942	7.7849	9.0112	6.4664	6.5978	9.7447	5.7435	7.6541	6.3405	6.7824	8.0676	8.631	8.0184	7.7945	7.4507	8.4371	8.502	9.4671	10.163	5.8447	6.4708	6.9607	8.6305	6.6815	9.2273	6.8388	8.3046	7.625	7.4958	9.7275	8.1413	9.2598	7.333	9.1562	8.3668	6.9594	7.5017	6.9873	7.0425
U133A__ESR1	6.6831	4.5396	4.5822	6.3976	9.5319	4.5782	6.6629	4.3235	4.353	8.2688	4.2264	4.7002	5.0748	4.3154	4.4719	4.0143	4.271	4.5688	4.0522	6.4113	7.7469	9.7696	4.5068	6.1899	4.216	8.2838	6.551	4.4076	4.7332	4.2618	4.2987	3.6143	4.1637	4.8123	6.8369	7.3126	6.7535	5.0044	7.8658
U133A__BPTF	6.8483	8.6408	6.3479	7.5001	7.6163	6.0281	6.4019	6.6098	6.6248	7.1143	5.6327	6.1347	5.7794	5.5429	5.7125	6.3422	6.9605	6.1183	5.9811	8.3108	7.9599	6.0414	7.5758	5.8278	6.3989	7.9848	5.5364	8.2596	8.0437	6.3576	5.6765	5.9499	7.0151	6.1885	5.641	6.9433	6.4234	6.8825	6.4022
U133A__SLC16A1	5.5794	5.7645	8.3004	6.0565	5.5591	7.9693	6.5954	7.3152	6.2764	5.9809	7.3342	8.5427	8.3794	8.0237	5.2666	7.0439	8.327	8.4403	7.6278	6.1698	6.5289	6.4164	7.8131	4.8744	5.4479	5.6483	8.4516	5.5286	5.5178	8.0539	8.2358	8.9896	5.3126	5.4203	6.7675	5.835	6.0467	4.937	7.0823
U133A__TNC	5.3228	4.6808	6.0589	5.0294	4.8493	6.8118	4.6548	5.8077	9.2972	4.909	6.0354	4.8131	5.0022	8.1084	5.3092	6.2336	9.3754	8.5657	6.5111	5.0374	4.7272	7.5415	7.5353	5.0349	5.0495	6.0046	6.2086	9.5715	4.904	7.4837	8.1507	6.8616	5.1442	6.0683	7.8556	4.9164	6.5265	5.2553	4.8657
U133A__HSPB1	9.8381	11.9878	10.658	11.1392	12.1917	10.9092	12.4619	9.7586	9.4377	11.9863	10.4327	9.9008	11.9422	9.7152	7.6241	10.821	9.9102	10.7294	10.9497	11.5674	12.3547	11.3351	10.3616	12.8993	10.0079	11.75	11.1248	7.7425	11.0928	10.9232	10.4221	10.3461	8.3736	11.3463	7.4763	12.0345	11.6336	10.7593	11.8178
U133A__ID3	6.5887	8.2017	6.4475	6.292	4.9436	9.0818	8.7673	6.2882	8.7247	5.5829	4.654	7.8635	9.1626	5.6262	9.16	7.4433	9.2935	8.3717	8.8993	7.6416	7.6832	8.4068	8.3992	7.0932	8.1135	7.6525	8.5874	7.9443	8.3927	8.1339	8.6072	8.571	6.0519	7.3742	8.38	7.5964	7.2625	7.3309	7.1219
U133A__FADD	8.5432	7.2253	7.5941	7.3694	7.9263	7.3736	8.6319	7.9796	8.0257	7.5068	7.4055	7.7871	7.4981	9.2216	7.4372	7.3283	6.8438	7.0393	7.045	8.2105	7.9457	9.9878	7.5091	8.7146	8.1263	8.5757	10.0277	8.4773	7.1372	6.7516	8.0897	7.4219	6.5889	7.5246	6.8788	7.3984	7.6765	7.8862	9.1575
U133A__HIST1H2BD	7.1145	7.0557	6.7147	8.3315	8.972	6.5474	8.7616	6.8223	6.2897	8.8163	7.4548	6.7661	8.5844	6.7043	8.5002	6.9767	9.7647	6.8531	6.3362	8.5026	8.789	7.8715	8.7047	6.9099	6.5194	9.1778	9.4058	9.1269	7.538	8.103	6.6518	5.7787	6.7578	7.389	6.2454	8.4972	7.73	7.5308	6.3211
U133A__THBS3	6.2912	5.8276	5.7381	6.275	6.7039	7.1068	6.3338	8.126	6.7233	6.0136	6.1875	5.1508	5.7931	5.6536	6.7703	6.3532	7.2496	6.8148	6.0048	5.9467	5.9646	5.7134	6.1586	6.4049	5.3286	5.9381	6.1711	6.1654	6.0105	8.1531	5.5847	6.1891	8.5329	6.6929	6.0802	6.2639	7.7209	6.9753	6.1098
U133A__TSKU	11.0637	8.2421	8.5092	9.0798	8.5228	7.578	7.5767	7.5938	7.6168	8.2058	8.1601	8.241	8.0502	8.5889	7.7436	8.2928	8.165	6.5287	7.4395	8.035	8.24	8.9638	7.4804	8.8192	7.5084	9.0219	8.4862	8.7443	7.8671	7.6819	8.0746	7.4697	8.6837	8.4816	8.7885	7.7775	8.559	7.7132	7.2394
U133A__MFAP2	6.1012	6.6076	6.4087	5.9402	7.111	7.5045	5.7163	6.9391	8.4452	7.7932	6.2262	8.1355	7.0665	6.1253	6.7741	5.872	7.9716	6.0081	8.2035	5.8531	6.5901	7.7756	6.9779	6.299	6.5138	6.3103	6.1716	6.4924	6.7567	7.848	8.0483	6.2524	9.4332	5.8981	6.033	6.5117	6.0933	6.4525	6.9361
U133A__CTGF	7.1473	7.1015	3.7722	4.1421	3.9205	8.5961	4.3162	9.9978	4.0779	4.3177	9.4636	4.2303	4.7664	5.4268	6.0839	8.247	7.842	4.0585	9.9469	3.8967	4.0791	3.933	5.2649	5.107	9.6523	4.0025	4.9953	4.3345	7.9564	9.3229	4.4806	7.7701	4.498	6.5857	7.0046	4.3973	4.0011	4.4522	3.768
U133A__OLFML3	9.97	5.3081	9.7144	5.3192	6.7218	5.3782	7.0703	5.1553	5.1984	5.6925	5.3028	5.0756	5.1815	5.923	5.2178	5.2158	8.3868	5.0129	5.8138	5.7375	5.6236	5.083	8.1614	5.9918	5.1686	7.0991	11.2489	5.3198	5.5029	5.2177	5.0772	5.0617	5.1556	4.9577	5.2839	8.6052	7.0747	5.4056	5.2026
U133A__GSTP1	10.2691	5.9505	6.2737	6.0305	6.0116	9.0029	6.4265	9.802	10.165	6.0055	9.9335	10.5334	5.7453	6.4435	9.7716	9.4364	8.9042	6.7726	8.5415	6.0689	6.0078	6.0434	8.826	6.3304	7.3513	5.9938	9.6938	6.2589	7.3166	9.2902	9.987	9.2485	10.4558	5.822	5.7574	6.2469	5.6179	5.9376	5.7957
U133A__C3orf14	9.0139	8.6727	7.5754	9.212	9.6473	8.5361	9.2088	4.2159	7.5311	8.7627	7.2165	6.6989	8.1664	4.05	8.792	7.421	6.3008	7.4875	8.1547	10.6072	10.2344	10.5387	6.6381	8.2917	8.2452	9.1404	7.4683	9.4658	8.9235	7.4175	8.1998	8.4651	7.2508	8.5412	9.1302	7.7943	9.0827	9.2989	8.6747
U133A__ID1	7.5488	8.458	7.3176	9.202	5.6677	8.8821	8.9097	9.9643	9.5179	4.83	7.5484	9.8832	11.5212	8.5198	11.6982	9.9092	12.1237	9.877	8.8602	8.3347	9.1138	9.3942	9.3329	8.6759	9.2361	9.5439	9.8859	9.7659	7.7427	9.1492	8.3101	10.132	8.381	9.4306	10.2033	9.0256	5.3317	9.1427	8.2074
U133A__MYLIP	6.25	6.9508	6.3273	6.7777	6.3276	4.7525	7.3267	5.5464	6.9503	7.7358	6.2283	5.9586	6.7797	5.847	6.6923	6.4724	6.1119	5.8868	5.7605	6.2882	6.4799	5.9671	5.0222	7.521	5.9602	6.7489	6.3817	6.16	6.2006	5.2242	6.0862	5.3436	6.8308	5.9241	5.6126	6.095	5.7256	7.4054	5.7174
U133A__ATP2B4	5.5028	6.4581	5.6892	6.2711	6.5316	7.4579	6.2252	7.9768	8.6033	6.5555	8.1858	6.1822	7.6065	6.2598	6.0514	7.1387	6.0959	8.4166	6.8174	5.3141	5.5657	5.8025	7.2595	6.0334	5.3436	5.9318	5.2475	6.1616	5.4998	6.1145	6.4583	7.7021	5.4258	5.834	6.194	5.4313	5.9803	6.754	6.4627
U133A__ASNS	5.7555	6.9915	8.9025	8.6184	7.1894	8.7816	8.0217	7.2217	8.7944	7.2405	7.4364	8.23	7.3351	6.7055	7.0562	7.619	7.5599	9.0102	8.0987	7.5216	7.197	7.7174	7.4411	6.7424	9.2835	6.6397	8.0286	6.3197	7.3892	8.7993	8.3637	7.3568	10.555	9.2583	11.7898	6.9057	7.4767	6.5745	7.3136
U133A__CITED2	6.5982	7.7415	6.0367	6.6171	6.2217	8.6066	6.6819	8.129	5.4857	5.8681	6.4711	5.6471	7.2761	5.0942	9.6672	5.0741	7.2485	5.5668	7.7101	6.7048	7.0532	7.0748	6.3869	7.4172	7.5293	6.8764	6.7352	7.2716	8.0474	7.6179	4.1856	7.6259	7.8132	7.6703	8.3585	6.9528	9.1731	8.0739	6.485
U133A__IGFBP5	11.2847	8.6852	11.5084	11.7481	11.5887	6.1922	12.1021	6.8264	6.4959	9.6121	5.288	4.8427	9.2046	5.4966	11.1816	7.78	9.9612	5.5974	5.609	5.3545	8.3505	5.423	4.852	10.1337	5.0172	10.895	11.2849	11.5891	8.5214	5.4366	4.9226	4.9351	6.1866	10.0476	8.988	10.8465	11.82	8.0394	6.0761
U133A__CRELD2	8.5277	9.2368	8.0881	8.6445	9.6993	8.6688	8.9179	9.0821	8.7685	8.0203	9.7665	10.7859	8.0359	7.6169	8.3111	8.9344	9.212	9.3579	8.7961	8.8584	8.2566	8.6466	8.3516	9.0627	8.2227	8.2875	10.3251	9.1468	9.006	8.3906	8.2549	8.9392	8.4949	11.7235	8.646	8.3876	9.3633	8.1463	9.545
U133A__EGR1	7.1754	8.7708	7.4441	7.4814	7.3888	6.308	5.4248	5.9257	5.5174	5.819	6.5474	5.91	8.6843	5.9632	5.6021	6.4535	6.9361	5.6816	6.1835	6.0611	7.143	5.7529	5.9859	5.2688	6.1269	7.3378	5.4053	6.8313	9.3693	6.3465	7.0071	7.1152	5.2344	7.6351	5.7512	5.1156	6.4399	5.7614	5.5811
U133A__FADS2	5.0818	5.4816	5.1322	9.6465	5.6504	8.0394	6.7684	6.6788	9.8575	5.5179	6.906	6.5907	5.6059	5.1901	5.744	5.9413	6.749	8.3327	5.5382	5.4518	6.5012	8.1996	5.9069	7.7532	6.8656	6.9474	8.2342	5.3166	5.3886	6.9133	8.1528	4.4817	6.0448	10.0084	7.0889	5.6521	6.3014	5.7343	8.0881
U133A__TFF3	12.242	7.4282	5.6939	11.8098	12.1898	5.9539	7.9505	5.6693	5.4995	9.7873	5.9862	5.5639	5.8248	5.9636	5.7579	5.9571	5.5964	5.385	6.1336	7.9223	8.6074	8.054	6.0694	12.8617	5.781	12.1275	8.7981	6.2142	7.2255	6.0829	5.986	5.7096	12.552	7.2202	6.9097	7.2481	12.881	8.677	9.4077
U133A__CSRP2	4.6788	4.979	4.1554	5.0201	4.0119	7.7089	4.3732	5.1256	8.5335	4.1902	5.8713	8.9537	4.8602	4.5477	5.8602	6.7445	6.1986	3.8214	6.0008	4.9673	4.4735	5.2102	6.9489	4.3389	7.2707	5.5783	4.5925	4.4372	4.4089	6.4662	6.4077	5.9498	4.0688	4.8518	4.6758	4.0357	4.863	4.0661	5.474
U133A__CLIC3	4.5666	8.3548	7.3076	6.491	6.4612	3.6425	6.6116	6.5625	4.1162	9.4396	3.2494	4.1193	7.3005	3.2852	7.8558	3.5136	3.8325	4.8032	3.4001	4.7747	7.6637	4.0788	3.6152	7.5984	3.714	6.3844	4.7366	7.8342	6.9665	3.6517	3.9377	4.0323	7.4723	8.2999	4.2879	9.4402	9.412	5.9785	6.9891
U133A__PBK	7.0274	6.7703	6.752	7.0826	6.4642	9.2891	7.091	6.6403	8.3205	5.9385	7.6548	7.2653	6.4	7.1569	7.7515	6.5833	7.6571	6.0256	8.8112	7.1445	6.782	7.9008	7.4454	7.6348	8.4175	6.0122	7.1833	6.8715	7.02	7.6933	7.9153	8.7212	5.2544	5.0102	4.2319	7.3545	7.3338	7.7813	8.9375
U133A__RHOB	10.4942	9.873	6.3164	11.0388	10.4831	6.7962	11.0472	6.5967	5.3472	11.2735	6.8223	5.304	6.3977	6.8571	9.5881	6.7605	5.6554	4.5314	6.3916	9.3614	9.9117	11.0411	7.4355	10.1894	6.7163	10.5222	9.9235	10.7721	10.9564	5.3243	5.6316	8.7454	9.5754	8.1457	9.765	9.1037	9.9938	10.6561	10.3209
U133A__CSTA	3.3672	5.2138	4.1429	4.492	3.8183	4.0291	3.9406	3.8298	3.1942	5.5298	4.8696	10.7546	10.2411	6.2854	4.0758	8.8013	5.8523	8.0961	4.0575	4.9609	6.884	3.5562	3.861	9.2798	3.9751	7.9998	4.3999	3.701	4.7564	4.0488	8.603	4.9863	3.2478	8.2146	4.8553	4.1182	3.3322	9.6093	3.562
U133A__KMO	5.7671	7.6837	5.6079	6.0018	5.9323	5.4186	4.9161	5.6305	4.6965	5.4732	5.4523	4.9175	5.0193	5.6756	7.1436	7.2444	5.8379	4.714	5.3228	4.7488	4.7064	4.5188	5.1243	7.3547	4.6571	7.0098	5.6323	8.8071	6.233	5.1258	5.2933	4.7453	5.5913	8.7828	4.6167	6.1682	5.529	6.2072	4.8873
U133A__DNM1	5.6161	5.646	5.4321	5.8578	5.8727	6.6942	5.6352	6.4943	8.8086	5.9955	6.2088	7.913	6.0178	5.36	6.3878	5.7923	8.6169	8.4682	5.7741	5.5244	7.1578	6.3168	7.6517	5.6249	5.6326	6.4587	6.9409	5.6904	5.7951	5.5233	6.324	5.5619	5.3328	5.261	5.5189	5.5842	5.462	5.8005	8.0049
U133A__STEAP1	3.7161	3.9583	3.7114	4.1853	4.1123	3.7128	3.5633	4.1825	3.8446	3.9806	4.3958	7.2176	3.6303	4.5839	7.2723	4.4257	6.4105	6.2642	5.633	4.0483	3.9447	3.9628	4.2744	5.8621	7.3482	3.7494	4.4603	3.6677	3.6879	8.1299	7.6142	8.5636	5.8578	6.6618	7.2567	4.7198	4.0482	3.8274	4.0184
U133A__SPDEF	10.4241	9.495	6.094	10.1198	9.8359	5.8444	10.4996	6.2908	5.8013	9.2013	6.2848	5.3899	6.8656	7.0677	9.5734	6.6571	5.9869	5.2999	6.5909	10.0367	8.9085	8.9427	5.5694	9.9494	6.027	10.078	9.6299	10.1262	9.8712	6.631	6.472	6.5064	10.0966	9.9098	9.9188	9.3052	9.6714	10.8242	10.1563
U133A__PPP1R3C	5.3507	5.3831	5.4618	6.9823	6.0548	7.049	7.3675	5.4099	5.1707	6.4353	5.3367	5.5783	6.4418	5.2825	5.6056	5.5377	6.2115	6.2363	5.8868	6.9161	7.2075	5.7518	6.3184	8.2775	6.2228	6.6878	8.1684	5.5832	5.8696	5.6742	5.4275	5.9204	6.3529	7.8932	5.4165	5.5653	8.3111	6.3951	5.2313
U133A__ODC1	7.2658	9.8365	9.3139	8.4784	6.9821	9.6858	8.5726	8.7274	9.1805	7.4758	9.8632	10.1008	8.6725	9.8299	11.1687	9.0012	8.1336	8.249	10.7288	10.2742	8.7641	8.0235	8.4529	6.0289	10.6684	8.4585	8.5167	8.8369	8.9235	9.6933	9.8585	11.6096	8.7049	8.5777	10.6549	8.7207	7.7962	6.2178	8.5418
U133A__GLRX	6.8448	7.9543	6.2487	5.5297	5.4206	5.9715	5.401	5.7698	5.7644	5.382	6.2804	7.6191	5.9803	6.3704	6.4851	7.4296	6.5379	6.0868	8.8566	4.4996	5.6094	6.3079	7.2202	5.8142	7.9821	5.8988	9.5291	5.7724	6.5263	6.9671	6.2362	7.2404	9.8389	7.6701	6.5914	6.1673	5.9565	6.1801	5.2603
U133A__ADAM9	7.4142	7.5275	9.0774	6.2804	7.4135	9.3027	7.6696	7.9906	6.0137	5.9751	8.8245	8.3077	7.2497	8.5078	7.6816	7.525	8.4688	6.8256	8.2258	6.0776	6.0747	9.3548	8.2242	7.6408	8.4356	7.7889	7.5672	5.8249	6.8231	8.4699	7.364	7.1854	9.0709	8.6927	10.3643	7.8763	8.8635	6.5808	6.9047
U133A__GRB7	8.3996	10.2608	7.1275	10.6507	7.1976	6.3286	7.053	8.3948	6.9301	7.1531	9.4888	6.7622	7.2019	11.2984	7.5151	8.0687	6.7119	7.5479	6.7995	6.1629	7.5126	6.6554	6.355	7.4331	6.1061	8.6563	6.8747	7.812	9.662	6.2945	6.9855	6.7471	7.4331	12.4555	7.0393	7.1024	10.4791	7.1442	6.9964
U133A__CDKN1A	8.2831	7.2923	7.3268	7.7668	9.5202	6.794	7.442	8.4726	7.4215	6.9593	8.0665	7.8881	9.2323	8.3044	6.6142	10.089	7.0906	7.2666	8.4832	8.0984	8.6455	9.5528	7.835	8.8575	6.9282	9.465	7.5943	7.1964	7.4332	7.7385	9.0587	7.7207	7.994	8.4722	6.635	8.1709	8.8133	8.4019	9.8192
U133A__NETO2	4.1866	5.2203	8.556	5.5229	7.0904	8.3314	3.6251	4.9915	7.0426	7.6731	6.7208	7.6539	7.7076	8.3348	6.592	6.4802	7.0906	8.0553	7.0052	6.605	6.4807	8.0547	5.8595	3.8496	4.3	7.2842	7.0955	8.1756	5.1442	7.8191	7.5577	8.059	8.5558	7.8592	7.8868	4.4382	6.024	6.2995	7.593
U133A__LGALS8	9.6652	6.93	6.3346	7.7823	8.9898	4.0492	6.3609	6.2438	4.4525	7.5037	4.2296	6.4287	7.3981	5.7325	8.0335	3.8314	5.7469	5.9013	4.1778	3.8058	5.3444	7.2931	3.8368	7.8755	7.5299	7.1015	8.0029	7.9816	6.8287	4.3027	6.2919	4.594	4.0473	8.7099	8.0004	6.0748	7.5306	8.9952	6.5759
U133A__GJA1	2.8251	2.8586	2.9544	2.9839	5.4689	10.2343	2.855	3.0983	2.6954	8.3065	2.8297	7.2101	2.6602	2.7479	2.9591	2.7973	7.2452	2.8227	7.4182	3.0721	3.2832	4.9732	7.1043	2.9603	7.1958	2.8845	2.8895	2.7177	2.747	10.3929	2.8106	7.9029	2.7828	2.8426	2.8623	3.074	2.8055	2.7005	9.3974
U133A__FTL	9.9572	7.7744	11.2056	10.0591	9.0597	10.2013	8.6878	10.819	10.2002	9.6632	9.4582	11.7469	11.211	10.81	10.6899	9.2376	9.8686	11.1678	11.7066	8.6347	9.802	9.7402	10.2633	9.1036	11.4905	9.5794	9.595	8.687	7.3449	12.0038	10.5268	11.4457	11.6906	9.9193	10.7519	8.3996	9.5434	9.0406	8.4759
U133A__SLCO4A1	6.2348	6.7352	8.3987	7.1578	6.3902	6.9714	6.7224	6.1678	5.5299	6.5915	6.887	9.0157	7.0585	7.1801	6.7742	6.3876	6.0588	7.1977	6.8532	8.0642	8.0368	5.9788	7.0604	6.4478	5.9196	6.7694	6.3666	6.8818	6.8639	5.9723	8.4308	8.3952	5.9474	6.9781	6.4851	6.1254	8.3285	6.5888	7.2784
U133A__RGS3	7.3396	7.3194	7.4449	7.1317	6.8211	7.9865	7.1868	7.3192	6.932	7.2255	7.079	6.1877	7.0754	6.7835	6.8538	6.6612	7.1936	6.9064	7.5345	6.4823	6.5597	7.2539	6.4331	7.161	6.9934	7.1745	7.2838	9.0562	7.3575	9.8179	6.9968	7.3523	6.5829	7.6718	7.8599	7.1022	6.2931	6.3998	6.6534
U133A__LDHB	4.1912	9.5557	4.0631	7.7198	7.4019	11.1499	3.7442	10.2809	11.5671	9.3184	11.4528	11.4705	11.0616	3.5408	11.1987	10.7072	11.2496	8.8148	11.0885	3.5489	4.7582	3.8705	10.5632	11.012	11.6052	10.7455	9.8168	3.3627	10.4303	10.9508	11.7129	11.5033	3.5016	6.9071	10.3626	4.7713	8.3895	3.3083	3.6779
U133A__ANP32E	7.7696	7.1675	6.183	4.7827	8.1079	8.5756	6.3299	9.2043	9.8021	7.8249	7.8684	7.971	7.8101	3.4688	7.0035	8.1617	7.4757	9.4891	7.3647	7.0967	7.6872	7.282	6.932	7.591	9.3323	5.9998	7.3604	7.4851	6.1264	8.0691	7.2748	8.2153	6.6022	7.9594	7.1498	7.5878	8.6942	6.7701	8.739
U133A__LMO4	7.4737	7.1325	7.3624	8.5532	7.9792	9.7098	5.7002	8.2677	7.6793	8.0974	7.6477	7.0389	7.4546	6.855	7.7206	8.0476	7.8791	8.7906	7.5205	6.2739	5.9112	7.0129	7.6279	7.9445	7.5364	7.9322	9.2733	7.7056	6.1979	8.918	6.745	6.2862	9.1307	8.2001	7.5695	8.3962	6.7757	4.2304	6.628
U133A__GGT1	6.3598	7.8753	6.1146	6.9381	7.2095	5.218	6.6358	5.9838	5.8612	5.8938	6.2897	5.7906	5.633	5.6301	6.5264	5.9789	5.836	5.2491	6.162	5.6221	5.586	7.1572	5.3165	6.8532	5.7474	9.3288	5.4845	6.6688	7.0597	5.7279	5.4076	5.5316	5.1897	6.2766	6.0135	6.5047	6.6745	7.9471	5.6866
U133A__ISOC1	5.1663	6.6553	6.119	7.541	8.1396	5.287	9.2407	5.7943	7.3405	8.0976	6.9094	6.4093	6.761	6.1868	6.9766	6.6684	5.8931	5.609	5.2129	7.5138	8.045	8.8911	5.4164	6.7959	6.9834	7.4249	7.287	7.952	6.9193	5.8083	6.542	6.1968	6.8505	6.9708	5.616	6.3399	6.6446	7.5794	7.608
U133A__MYBL1	4.1786	3.2174	3.9001	4.7679	7.0366	9.1908	7.7161	7.5343	6.7188	7.7789	5.5451	3.7465	3.8436	5.3119	5.9194	5.2875	6.3972	6.3711	6.4187	4.9238	5.6882	8.1351	7.2197	5.1224	7.4962	5.1765	5.8498	3.5382	3.6408	9.1344	4.1395	4.4723	3.8426	3.6467	4.8438	6.6299	6.5727	4.3772	5.5983
U133A__NDRG1	8.6805	9.5465	6.8656	10.7596	9.778	5.7369	8.7552	8.7441	8.9747	8.2843	8.3586	8.4558	8.8067	7.6502	8.7344	8.4931	6.3697	8.1136	7.8216	6.8145	8.2818	7.5775	7.4456	7.5	6.9756	7.9262	7.0386	8.4733	10.6886	7.7033	8.1369	6.9465	8.0954	9.5387	8.3876	6.9584	10.4157	10.0224	6.6565
U133A__PIR	4.6997	6.0985	5.6555	5.1577	4.6415	5.9744	4.6417	4.5998	5.8591	5.8861	6.3592	6.5985	7.4658	4.0181	4.9194	7.3016	5.6805	6.7355	4.7965	5.0436	4.9141	4.1856	5.7721	4.0657	5.3994	7.2433	8.1638	5.4722	4.2441	6.8605	4.6306	6.0726	5.4548	7.0525	7.6523	5.3672	5.9331	6.0265	7.9715
U133A__FADS1	5.3104	4.4739	5.6559	8.0702	5.4823	9.0096	5.3236	6.1392	7.5248	5.3496	7.8723	8.1328	5.7481	4.6693	5.6732	4.5489	8.1703	7.1886	7.1482	7.4537	7.4987	6.9271	7.0149	6.0625	7.8986	5.6721	7.4793	5.9334	4.5959	7.3449	8.8393	7.1644	7.0115	8.0054	4.7401	5.7566	6.9044	4.3667	7.3382
U133A__FGFR1	6.1557	5.7798	5.7379	6.852	7.4678	7.5789	7.3779	6.7737	8.6157	6.1787	6.737	5.9285	6.0116	5.8635	6.623	6.2015	9.3113	5.9031	7.4059	6.7359	6.0403	11.6578	8.0272	8.3604	7.1029	8.2599	6.0409	6.4628	6.1317	8.3245	5.7774	7.9791	6.489	7.6248	7.2695	6.4819	7.8946	7.4521	7.6142
U133A__COL1A1	4.8595	4.5017	4.3453	6.7347	4.1388	11.3634	4.9378	5.8092	4.8212	5.5465	4.0655	4.7173	4.1605	3.5882	4.5906	7.139	10.8683	4.5265	10.6014	3.8974	5.0738	5.193	10.155	4.7577	3.982	5.968	4.0965	6.6127	3.9594	11.1959	5.4949	8.7142	5.5253	4.1782	4.3818	5.6643	3.9736	5.6976	5.9443
U133A__SMAD1	6.1768	8.0307	6.0679	7.0053	6.9269	4.9053	6.5586	6.5566	9.9596	6.5567	6.8041	7.2639	7.3547	6.1045	8.6213	6.2115	6.5284	8.183	5.8833	5.9847	5.9323	7.9384	4.5864	6.6644	5.352	7.1573	6.8609	6.1689	6.9091	6.698	5.7876	6.9541	8.3608	8.491	6.0181	6.3538	6.7073	7.2564	7.3093
U133A__DAAM1	5.7712	6.9394	6.7256	7.4256	9.1201	5.7426	6.5441	5.5412	5.8286	7.3134	4.3108	6.1768	6.3515	5.6336	9.0542	6.947	5.6935	6.8334	4.2798	6.7682	7.0736	7.5356	5.712	6.5563	4.2843	6.6937	6.402	7.1325	6.6966	5.278	5.2773	4.3674	7.2789	7.6872	5.4127	6.6933	7.2805	7.2217	7.1886
U133A__CYB561	9.3231	8.9941	7.8642	7.9717	8.632	6.2388	8.0748	7.6969	6.9168	8.6582	8.3664	8.4426	7.8981	7.7693	7.5397	7.7448	7.7648	8.0632	6.9285	9.7372	9.1411	8.1277	7.0833	8.4517	7.3983	10.3813	8.2127	8.7824	8.5366	5.2097	7.0984	6.7225	10.2413	8.9039	9.4326	8.5092	8.6084	8.7911	9.3286
U133A__CREB3	6.9815	7.295	7.4987	6.6385	7.5188	7.8333	7.8931	7.2634	6.8872	7.2219	7.4311	7.737	7.0628	7.0688	10.674	7.9901	6.7089	7.9428	7.7562	6.858	7.126	7.5448	7.9442	7.7396	7.5443	7.9957	8.3155	8.1355	6.7483	7.733	6.7167	7.73	8.3628	7.7211	8.7709	7.5401	7.6055	7.6952	7.717
U133A__CRIM1	6.6823	5.0556	7.7575	4.5538	5.2347	6.6582	3.5903	7.9088	5.0214	5.8645	5.4013	6.6716	6.0828	6.2967	6.6118	6.6738	6.5511	6.4677	7.6681	4.209	4.0619	4.8435	6.3739	5.1213	8.3257	4.25	5.0642	4.1324	4.8529	6.1856	4.9762	7.7736	5.3263	5.4297	7.3237	6.0612	4.7611	3.0831	4.056
U133A__IFRD1	5.4877	4.9609	6.223	6.1315	5.37	6.6057	4.5862	4.8029	8.1135	5.2789	8.2698	5.9761	6.4008	5.8931	6.959	7.5063	6.305	7.2214	6.5547	7.5278	5.16	4.7386	6.84	4.7622	6.307	4.2376	5.1419	4.3653	5.7774	5.6285	7.0969	5.726	8.0212	6.0891	6.9652	3.9585	4.1403	5.2741	5.3617
U133A__SERPINE2	4.1494	4.4242	7.97	4.9022	4.2554	9.6075	4.4355	6.6807	6.0426	3.9813	8.4672	7.9594	4.2132	7.2359	4.2348	6.9187	8.2237	4.4336	10.6755	4.6808	4.5754	4.2682	9.6812	3.944	6.4409	6.9121	5.0607	4.343	4.6083	5.8042	7.156	4.8219	4.8116	4.3567	4.627	3.9897	4.2821	4.3236	4.6368
U133A__DEGS1	6.8249	6.0243	7.0363	6.6615	6.8731	6.713	6.61	5.8782	5.2917	6.7579	7.0455	6.6837	6.4182	7.6759	6.2588	6.8383	7.5211	6.5886	6.7486	8.3607	6.5126	5.6159	8.0834	7.77	7.2396	5.7017	7.1705	7.9357	7.0837	6.7336	8.0758	7.3776	5.5452	5.4043	6.8749	6.2224	6.518	8.4512	6.7358
U133A__TUBB6	4.8682	6.5678	8.0465	6.253	4.4901	9.8768	4.9213	8.3339	9.2657	7.3934	8.5949	8.9081	8.7762	7.6112	6.6415	9.8152	9.8057	8.0943	9.7499	8.3425	7.4325	7.8191	10.4802	5.4732	9.0045	7.5802	5.0843	5.1846	6.5456	10.1106	9.4057	9.6441	5.1798	6.0299	5.5564	7.8651	8.1612	6.4891	9.5322
U133A__PLAUR	7.2636	7.0817	7.6566	6.3774	6.0661	7.9196	6.3478	8.6018	7.3217	6.6571	6.7499	6.7768	7.13	8.4113	6.8516	8.1211	7.2534	7.3607	8.1234	6.4877	6.4579	6.6082	6.9693	6.7436	8.9904	6.1449	6.6998	6.2084	6.715	7.4222	9.277	7.1697	6.0395	6.8223	6.7814	6.3108	6.3435	6.3425	6.7746
U133A__GPX3	8.1363	9.0183	5.2304	5.5135	5.2597	4.9768	5.1272	5.336	5.1537	5.6824	5.2059	10.7091	9.8148	5.1904	5.1354	4.915	8.2448	5.1519	5.5082	6.7269	8.0376	7.1621	6.4045	5.4796	7.354	7.9306	6.3995	5.279	6.6626	5.822	5.4196	5.2433	5.3233	8.3076	5.3369	8.1058	8.2524	5.1073	5.1281
U133A__TUBA1A	8.314	3.5977	3.743	6.5989	10.3385	10.2225	4.1592	8.5618	10.0798	9.4561	5.0159	4.3512	4.8868	5.2328	6.4301	9.4012	9.5816	8.0618	8.6164	6.7493	8.3105	10.9949	10.4097	5.2917	7.2901	8.6838	4.5294	3.888	3.4929	9.6073	5.4475	7.4504	9.7967	7.508	4.9264	9.0535	6.9368	6.09	9.7726
U133A__AQP3	6.9417	9.9287	5.2828	3.8137	3.5973	3.5918	5.1623	6.214	4.2718	3.5187	3.6389	6.1709	9.5345	5.0948	5.3084	9.2208	4.8822	3.9124	3.7876	9.5323	6.4128	3.3584	3.941	4.0983	4.1786	4.6432	4.8068	4.4401	7.8977	3.4774	3.844	3.6942	8.563	7.4664	3.7812	3.6757	3.3325	7.4606	3.5666
U133A__FSCN1	3.369	3.2745	4.1782	4.2562	3.5981	6.8288	3.5641	7.4718	7.3668	3.5026	4.799	8.6923	4.2376	6.351	3.3774	5.0647	4.406	8.2875	6.7558	3.4491	3.7885	3.2768	6.3371	3.2977	4.8134	3.4193	3.3392	3.2127	3.3518	4.4109	7.3365	8.0143	4.1927	4.202	3.2502	3.4463	3.0805	3.2264	5.344
U133A__LASP1	9.5381	8.8228	9.664	11.8925	9.0713	9.1628	9.3673	8.5106	8.657	8.8387	8.7288	9.609	9.423	9.7487	9.9354	8.9098	9.4553	9.1961	8.8766	7.5227	9.3005	9.6931	9.5261	8.2583	9.5882	11.114	9.393	9.1818	8.5311	7.9899	9.1735	9.2861	8.7128	8.7215	7.7283	9.741	10.3033	8.6075	9.0406
U133A__PMP22	5.2565	4.7053	5.1463	5.1319	5.4801	8.5525	5.7927	10.0992	5.4421	5.429	9.3067	5.4072	5.1737	5.345	5.9816	6.3296	6.8562	5.0425	8.2183	6.5357	9.0143	7.1606	8.7543	9.7452	8.7851	6.3452	8.5414	4.8371	5.3986	8.7837	6.0432	7.9716	4.706	4.6818	5.7261	4.7756	6.5781	5.5308	5.6785
U133A__CTSB	8.9033	8.3507	7.4127	7.895	9.4448	10.3253	7.3919	9.8386	7.1998	8.7026	8.7987	10.4713	8.9155	8.2071	8.7264	9.6347	10.3193	8.6727	10.1243	7.6852	8.2081	8.7671	9.7003	8.8804	7.8934	8.1404	8.1867	7.8041	7.0968	12.1734	8.6588	8.6083	10.4251	6.6465	7.1327	8.8929	9.6935	8.6247	8.6464
U133A__FASN	10.7788	11.1828	8.2497	11.2606	9.3724	9.1052	8.5659	7.7698	10.3198	11.0689	8.5587	9.2366	8.003	8.7145	9.0543	8.8339	8.8259	9.3731	8.0922	10.2977	10.5056	8.8362	9.0354	11.1126	9.0868	10.2173	9.2182	10.1033	11.7652	8.8803	9.9972	8.5825	11.0307	10.3351	9.0381	9.5315	10.6165	10.1347	11.2674
U133A__EIF5A	6.1532	10.2322	11.5081	6.6804	8.676	10.141	10.3505	7.0561	6.2771	10.4307	10.9743	9.7164	7.3039	9.2206	10.6954	11.0518	6.7936	10.9733	11.4584	6.2508	7.0806	7.2351	10.9628	6.3987	9.8155	8.213	8.5732	9.7217	9.4725	10.7482	11.3354	10.6383	7.469	5.9167	10.9772	6.6051	6.774	8.3558	9.9089
U133A__TMEM45A	3.9251	5.6223	5.8104	3.8356	4.4014	7.0954	4.067	5.7298	5.2926	3.536	5.1283	6.8653	8.9616	7.9155	6.9156	6.3791	5.8904	8.43	6.0737	3.7106	4.2822	4.5262	6.6374	6.9656	5.4727	3.5937	7.3845	4.0045	5.9107	7.7047	7.3691	5.9503	7.837	7.01	8.6357	3.6449	8.7797	4.7818	3.96
U133A__LANCL1	6.7689	7.9484	6.1735	7.1973	8.0437	7.4032	6.8113	8.2676	7.471	7.7845	6.858	6.4065	7.4074	6.1261	7.1325	6.5866	8.9228	7.4355	7.3639	6.9245	6.5193	7.6214	7.1381	6.6311	7.2862	7.7475	6.4586	7.6675	9.6917	8.1542	7.0607	7.5143	6.6789	7.4457	8.0595	7.3913	7.8901	8.0387	7.3553
U133A__IFNGR1	6.2688	7.5228	6.5688	6.3571	5.4815	5.8801	5.2355	6.8528	8.334	4.6056	6.7327	8.5441	8.1554	6.8216	8.3696	6.9811	7.6443	8.2171	6.8533	6.2653	5.2145	6.2502	7.4998	6.6431	6.5338	6.6722	6.1714	6.5028	6.212	6.5564	7.4746	7.0159	6.9089	8.3516	6.8947	5.0929	7.0664	5.7274	6.2415
U133A__SLC7A5	7.5815	9.742	10.5531	9.556	9.4239	8.8395	8.8866	8.1642	8.7182	9.2909	9.2551	10.5851	10.4498	10.1983	7.9928	9.4584	9.444	9.7265	9.3198	11.4301	9.468	8.2735	8.8589	8.3536	9.5127	10.5304	8.7209	7.0168	9.4987	8.6391	9.0343	8.9524	10.4316	9.9877	10.2896	9.0969	8.9767	9.2961	9.36
U133A__H2BFS	7.6939	8.14	9.1665	9.0151	9.4825	7.5511	10.0856	7.4697	7.0381	9.6266	8.3781	8.1802	10.1758	8.4017	11.3662	8.0953	10.2003	8.323	7.2868	9.2405	9.6227	8.6025	9.2039	8.9019	7.7851	10.0234	10.8112	9.3547	8.8394	9.4932	8.0654	6.9914	9.1738	9.0903	8.557	9.8876	7.6589	8.7904	7.7033
U133A__NMU	7.7687	4.1757	5.3381	4.3252	6.8641	4.1752	4.6813	8.636	7.3185	5.2777	6.318	7.1706	9.1284	4.9977	4.242	7.6872	6.8751	4.3367	4.0377	4.0093	4.3863	4.6474	5.4827	5.9742	7.7496	6.7082	4.4051	6.521	3.9427	4.1099	7.0073	4.7095	4.1234	7.0702	6.565	6.9468	5.598	7.6505	8.6929
U133A__CALML5	9.1843	4.9355	4.4468	7.506	5.0858	4.3927	4.4391	7.0081	4.7674	4.4988	3.976	7.0929	6.2387	4.7763	4.6611	5.6873	4.1746	7.6889	4.3762	4.2787	4.7548	3.9299	4.0226	5.8142	4.3322	9.4476	4.2781	8.6032	3.8489	4.0363	4.425	4.5789	10.2072	8.829	4.1725	4.0406	4.8753	4.1623	4.0767
U133A__ATP2A3	5.5132	9.319	5.7472	8.7249	7.3499	5.168	6.038	6.2331	5.3263	5.7661	5.3368	5.4256	5.7565	5.5403	7.0559	5.6157	5.4054	5.0194	5.5112	7.0769	8.6257	5.5436	6.0057	8.129	5.3314	8.17	7.0926	5.6003	7.7102	5.4588	5.5272	5.605	9.8022	6.0152	5.9734	6.0096	8.4362	6.5268	7.4269
U133A__CLU	8.4866	9.6574	5.7652	8.3959	9.3165	8.5782	9.8983	5.8172	5.9712	9.1287	6.7046	7.4377	7.591	6.1048	10.3969	8.8984	8.0404	5.3966	7.3871	9.4302	9.0676	9.8273	8.1812	9.9721	6.3767	9.5532	10.0333	8.4353	10.2838	7.7568	5.1932	6.4965	7.0545	9.8177	8.4618	11.489	9.9508	8.2621	5.8636
U133A__BET1	6.457	6.8917	6.1	6.4871	6.6266	5.9282	6.3555	5.9264	7.1228	5.9494	6.4942	6.1672	6.1476	5.602	7.193	6.5846	6.7723	7.2706	6.6186	6.4599	5.748	6.1616	7.2448	6.7981	7.2339	6.0368	6.4559	5.7412	6.4165	6.3714	6.2335	6.4052	6.7489	9.3023	9.1437	6.3116	6.7942	6.0472	6.3389
U133A__MRPS28	6.3148	9.9042	6.7289	7.5316	7.7621	7.9969	7.3016	6.5708	6.7955	7.8601	7.7391	7.601	7.6137	8.4394	7.0749	7.9765	7.4404	7.147	8.4855	7.6176	7.205	7.5394	8.3022	7.1794	7.9059	7.6379	6.1268	7.3831	9.5315	7.0449	7.5931	7.2521	7.0073	8.2577	7.2485	7.3465	7.3301	7.2016	7.5669
U133A__CTSH	7.7912	7.8723	8.9284	7.1516	7.8606	7.6416	5.9081	8.2239	6.6067	7.394	8.0708	7.8029	9.1521	8.9282	7.4304	8.2436	7.9671	9.1895	6.2436	7.3984	9.0816	6.3329	6.9505	8.1891	6.9421	6.8663	7.6441	6.3931	7.6669	7.427	8.1701	6.6331	5.5263	8.3996	7.2394	7.1167	9.3313	7.7488	7.101
U133A__SIK1	5.5407	6.6616	6.0677	4.9096	5.4238	6.6913	5.4221	7.7282	8.163	5.4636	5.4409	6.6593	5.7017	6.0411	5.3807	7.5037	6.582	5.9786	5.4702	6.3386	6.4975	5.7459	5.7844	5.5274	5.4881	5.517	5.6329	4.9697	5.7079	6.6356	7.7926	6.1986	5.6693	5.94	6.413	5.5653	6.0509	5.3543	5.5297
U133A__TUBB2A	6.2823	6.2694	6.4759	8.2123	7.7176	9.9627	8.8813	5.6803	9.2026	6.4986	7.3227	9.463	7.6821	7.3947	8.9698	8.7629	9.0162	7.6128	9.0731	5.9566	6.297	9.7882	10.051	7.8633	8.7748	8.7845	9.0565	4.761	6.235	7.9656	8.6791	8.5396	7.6596	7.2856	6.409	6.0207	8.3106	7.8256	8.6647
U133A__G6PD	7.419	10.257	10.9347	7.6085	8.2352	8.511	8.3055	7.1968	6.9496	9.2814	8.0679	9.3686	7.6264	10.5808	7.7827	8.1939	8.8272	8.4124	9.0366	10.2266	10.4884	8.2878	7.8584	9.4783	7.5137	10.8347	8.9439	11.0569	9.6004	7.0779	9.3761	8.2127	10.0446	10.6344	8.6083	7.5745	8.9033	8.575	9.736
U133A__GALNT6	8.8821	7.3905	8.324	6.7568	9.7521	5.1143	8.8841	6.8554	6.1052	8.3463	5.6143	6.7577	6.284	8.1603	8.2228	6.9834	5.9045	7.5279	5.4304	8.8602	7.768	8.6096	5.6215	8.65	5.8084	8.4236	9.1485	9.1731	8.7939	5.665	7.8211	5.8236	10.0613	8.3165	9.245	7.746	9.7446	7.8728	9.2057
U133A__C6orf211	4.7061	5.7621	5.6679	7.0185	8.9986	4.6285	6.9624	4.5967	4.1924	8.487	5.0896	6.0769	4.6395	5.7836	6.7831	4.2786	4.0272	5.9741	4.6184	6.7797	7.9113	8.0697	4.908	6.42	5.865	8.5915	6.0873	5.0652	5.1504	4.4327	4.8395	5.1406	4.7754	6.2025	7.0532	6.7713	6.982	4.5541	9.4202
U133A__XIST	7.4954	9.2012	4.4356	3.8785	7.8339	3.9121	4.3337	4.6098	8.5036	7.7232	4.3864	3.9876	4.0078	3.9	4.7839	7.027	8.1843	7.4679	4.8628	4.5531	7.1401	7.2642	7.8189	6.8515	4.3492	4.1485	7.8787	6.4632	7.1041	4.9547	3.8857	6.9101	4.1381	3.7305	7.8729	4.508	8.1491	7.1912	4.174
