Cell lines	600MPE	AU565	BT20	BT474	BT483	BT549	CAMA1	HBL100	HCC1143	HCC1187	HCC1428	HCC1569	HCC1806	HCC1937	HCC1954	HCC202	HCC2185	HCC3153	HCC38	HCC70	HS578T	MCF7	MDAMB134VI	MDAMB157	MDAMB175VII	MDAMB231	MDAMB361	MDAMB415	MDAMB436	MDAMB453	MDAMB468	SKBR3	SUM1315MO2	SUM149PT	SUM159PT	SUM185PE	SUM225CWN	SUM44PE	SUM52PE	T47D	UACC812
Response	-1	1	1	1	1	-1	1	-1	-1	1	1	1	-1	-1	1	1	1	-1	1	1	-1	1	1	-1	1	-1	-1	1	-1	1	-1	1	-1	-1	1	-1	1	1	1	-1	1
U133A__BAG2	3.9484	3.6233	4.2663	3.847	3.6546	6.779	3.7302	6.7389	4.687	5.112	3.9445	6.6817	8.2798	6.0631	5.3853	4.0193	4.1116	5.402	5.1323	4.2779	6.4596	4.244	4.0731	6.4698	3.909	7.9802	4.5399	3.9434	6.3208	3.9206	5.8701	3.9939	8.1652	7.0594	7.9745	4.0376	4.4212	3.9483	3.8011	4.8384	4.0353
U133A__CTSB	8.9033	8.3507	7.4127	7.895	9.4448	10.3253	7.3919	8.9813	9.8386	7.1998	8.7026	8.7987	10.4713	8.9155	8.2071	7.5955	8.7264	9.6347	10.3193	8.6727	10.1243	8.2081	8.7671	9.7003	8.8804	7.8934	8.1404	8.1867	11.1434	7.8041	9.4426	7.0968	12.1734	8.6588	8.6083	10.4251	6.6465	8.5123	7.1327	8.8929	9.6935
U133A__TSC22D3	8.6296	7.6905	8.256	8.0938	8.2768	6.8298	8.046	6.6455	6.3736	7.4189	7.9939	6.8413	6.5075	8.4426	6.8274	8.6658	9.6233	7.1738	7.9296	9.0921	5.9813	8.113	8.7906	6.4745	9.6575	5.5423	7.798	9.5332	6.1585	8.5134	9.1427	8.297	7.2593	7.1095	8.0444	7.5857	10.0225	7.7835	10.701	6.4267	10.173
U133A__COL4A2	6.4635	5.4771	6.2726	4.9197	4.4398	9.5328	4.7309	7.1	6.7139	4.8079	4.9894	7.5194	8.2333	5.6191	5.1904	5.6325	5.0157	9.3085	8.3007	4.2182	8.3461	4.7039	4.7941	9.7331	5.177	5.9915	4.8098	5.2981	5.5286	4.7465	6.0811	5.4106	6.024	9.0196	4.8637	4.61	4.6647	4.8713	4.8703	4.9757	4.6655
U133A__IRS2	8.2646	5.3993	6.3871	6.1831	6.7845	6.2723	5.228	5.7221	9.8849	5.6423	6.4241	5.833	9.3915	7.7954	6.0032	5.6418	5.453	8.6129	6.621	5.3606	5.4758	6.2504	6.3569	6.8503	5.6481	7.0768	7.1192	5.6215	6.9995	5.0591	9.2111	5.6329	6.3412	7.299	7.7423	7.3676	6.7356	6.6402	5.7346	6.0545	5.8869
U133A__TRIL	6.45	7.691	4.9883	5.7803	8.2706	4.3206	6.0987	4.2621	4.8923	6.7164	6.9271	4.5574	4.0993	4.5377	4.618	7.1587	7.1386	4.4006	4.3815	5.8478	4.3545	5.0011	7.308	4.4089	5.3409	4.5657	5.6758	4.9838	4.5005	5.7791	5.5015	7.6403	4.4034	4.3459	4.6801	7.0693	7.903	8.2998	5.9149	7.3008	6.3524
U133A__SMURF2	5.3079	5.6089	5.9547	5.405	5.7355	6.9838	3.5189	6.6816	7.3907	5.6463	5.7139	5.1517	7.2388	5.353	6.3549	4.6842	5.0893	5.7892	6.8505	5.6735	6.5155	6.1958	4.5026	6.9682	4.4935	8.3902	7.8146	4.9734	6.5385	6.1146	6.1733	4.805	7.3581	6.5988	5.5586	5.2551	5.9648	4.3874	5.0942	4.8824	5.9768
U133A__SELENBP1	8.8083	9.7924	6.2626	7.6433	9.2375	4.404	8.985	5.7129	8.8748	7.4447	7.9249	6.8402	4.8861	6.996	5.9103	9.6817	8.3716	5.1255	6.3603	8.2953	5.4059	7.5547	7.3078	5.0839	7.755	5.9437	7.8378	7.8349	5.555	9.293	6.6074	9.5222	5.4631	4.9068	5.4815	8.5464	8.5024	9.455	8.8177	7.1748	8.0832
U133A__SGK1	4.5039	4.9334	6.1785	4.7827	5.0255	8.6493	4.9394	7.5162	7.9635	4.3632	4.5738	6.4205	8.1867	7.2171	5.7353	4.9836	4.2787	5.4377	7.4515	6.0284	7.7563	5.5643	4.8025	7.6973	4.6129	7.0334	6.3626	4.4837	9.4257	4.4109	8.2431	4.9636	8.6062	6.7889	7.1807	4.5583	5.3698	5.1004	6.1684	4.7328	5.5696
U133A__FST	6.5894	6.5399	6.4906	6.4947	6.3964	7.1555	6.4063	7.1739	8.1138	6.729	6.605	6.9497	8.7649	7.1819	8.1031	7.2197	6.4535	7.3188	6.6246	6.2073	9.2037	6.879	6.71	6.9117	6.6957	8.7976	6.5755	6.6662	7.6607	6.6393	6.8589	6.7865	6.843	6.7208	6.5052	6.9549	6.5913	6.6066	6.8367	6.4505	6.228
U133A__CAV1	4.2859	4.1942	8.1428	4.49	4.2497	10.769	3.9335	9.4857	10.2245	4.1066	5.7522	4.5139	10.4314	9.7651	8.6141	5.5414	5.3759	8.5934	9.5218	8.7912	11.4435	6.486	3.9209	10.4205	4.2274	10.5667	4.3654	4.8546	9.7885	3.8748	8.9838	5.5985	10.5467	9.5059	10.8746	4.009	5.6255	4.0188	4.2529	4.2671	4.1429
U133A__AHNAK2	4.3732	3.6455	4.6633	3.7668	4.2833	7.8526	4.6283	6.6866	9.299	3.5509	4.9391	3.8991	6.3896	4.45	6.0159	3.693	4.1841	7.2624	6.7199	6.3673	5.4933	4.2351	4.6591	8.267	4.9602	5.1847	4.0095	4.1542	8.1732	3.6524	5.7244	3.8567	9.5019	5.603	7.6929	8.3787	4.9678	5.6918	4.0909	4.2427	4.4986
U133A__FAM129A	5.0158	3.7621	4.7228	4.3398	5.5046	7.9531	3.6722	7.9585	4.8097	5.2083	5.9292	4.647	8.5176	6.8051	3.6708	5.0975	5.0773	6.7572	5.0536	8.9458	4.8652	3.6517	4.1287	6.924	6.5025	6.8604	6.0223	3.8873	5.4843	3.8552	7.359	3.8009	6.1988	6.8953	4.1109	7.0005	8.3979	6.8626	4.7178	5.0793	3.9912
U133A__WBP5	6.7541	3.6889	6.4769	3.8423	5.822	6.6526	3.4188	8.2125	7.1545	8.993	6.1042	6.1205	7.6216	7.5367	4.0715	3.9169	3.6347	6.549	7.9524	4.1972	6.6648	3.5138	3.6334	7.6132	3.816	8.2161	7.0278	3.947	8.8637	3.6362	3.6369	3.6496	7.7813	5.9192	5.6305	3.7521	6.6178	5.6707	5.4815	5.2695	3.583
U133A__MSRB2	8.6347	8.2683	8.2463	7.7759	9.0622	6.1322	8.4323	6.2087	8.2741	8.3597	9.5777	8.2937	5.6591	7.9188	8.0335	9.0409	9.1591	7.2659	9.2971	11.0288	5.3433	8.7093	8.7158	8.3228	9.0901	7.7011	7.6898	8.5022	8.5079	7.991	7.2882	8.4725	8.2739	8.814	6.5764	7.8935	9.151	9.7235	7.5318	7.82	9.6919
U133A__NEBL	7.1562	7.471	6.4486	7.9659	8.3793	4.4277	8.0852	4.1247	8.1581	5.8258	8.7265	4.729	4.5974	6.1047	4.8275	6.2376	8.4438	4.7794	5.3089	8.8448	4.5196	7.7379	7.7128	4.3245	6.2351	4.2596	7.1621	7.8028	3.7526	6.5042	5.5637	7.6328	4.692	4.966	5.6682	9.7977	8.5099	8.5868	6.3427	7.0842	8.2432
U133A__PLAU	5.5718	5.8756	5.2088	5.6696	5.1491	7.8668	5.3929	7.9168	6.0278	5.2362	5.2184	5.332	7.874	6.7758	5.664	6.2216	5.9968	5.3077	7.0242	5.1726	7.9917	5.6808	5.4287	6.8126	5.511	7.6491	5.3504	5.7285	8.5978	5.3338	6.9324	5.507	10.1668	9.6993	5.9627	5.292	5.721	5.5372	5.2565	5.5545	5.8024
U133A__TUBB6	4.8682	6.5678	8.0465	6.253	4.4901	9.8768	4.9213	9.5493	8.3339	9.2657	7.3934	8.5949	8.9081	8.7762	7.6112	5.3791	6.6415	9.8152	9.8057	8.0943	9.7499	7.4325	7.8191	10.4802	5.4732	9.0045	7.5802	5.0843	9.3439	5.1846	8.4845	6.5456	10.1106	9.4057	9.6441	5.1798	6.0299	4.7572	5.5564	7.8651	8.1612
U133A__NDC80	5.5522	5.0453	7.3704	6.0641	4.7678	7.5886	4.8913	6.9694	6.2093	8.2113	4.6458	5.6359	6.8255	7.5058	5.4579	4.6172	4.7843	6.5212	6.879	6.771	7.0702	5.1758	5.1286	6.8271	4.2246	7.4584	5.221	4.9644	5.8619	4.8313	8.502	4.8279	6.9992	6.9676	6.0043	3.5759	5.4467	3.7361	3.7379	5.2985	5.7214
U133A__ERBB2	9.3202	12.1579	7.8098	12.0098	9.58	7.0802	8.4009	6.6464	8.7493	7.9295	7.6523	11.8139	7.294	7.8108	11.5446	12.1228	9.3757	8.9136	8.1445	7.98	6.6782	8.5128	6.8815	7.0918	9.2857	6.6117	11.035	7.8448	6.9505	10.215	7.107	11.611	6.9193	6.6093	7.3643	8.4025	13.0449	8.2068	7.652	8.3078	12.1946
U133A__GATA3	4.3432	3.6303	5.3574	5.039	9.974	4.1358	8.5593	3.5801	2.9041	5.2215	8.0058	4.0984	4.9866	4.7334	5.0131	7.259	7.9089	3.0972	5.915	5.4572	3.2756	9.0129	8.8407	2.9786	7.4635	3.0718	7.1761	6.9304	3.0294	9.0051	5.2047	4.2017	3.2494	3.2905	2.7796	8.2158	5.6253	6.9584	7.0477	8.5736	7.9187
U133A__ANXA1	8.3863	5.1813	8.546	6.8058	4.8279	10.1509	4.9132	10.8697	10.2727	4.9733	4.6701	10.5859	11.0167	11.8721	11.347	5.6928	5.3504	11.3303	10.7389	11.4584	11.0326	4.9942	5.0231	10.6713	6.8432	11.1804	5.5085	9.4097	11.2499	5.0185	10.4199	5.8809	10.9965	10.7391	9.9079	9.1288	10.0579	4.7585	9.263	4.6556	4.9519
U133A__IGF2BP2	5.0062	4.5534	6.7785	4.8	4.3562	8.3006	4.1691	6.9416	7.2592	4.7481	4.6949	6.5841	8.2459	7.525	6.8804	5.012	4.5955	5.6289	7.2659	7.8875	6.6469	4.7528	4.5492	6.7268	4.5693	7.693	4.58	4.6515	5.5628	4.5057	6.0043	4.383	6.4305	7.5201	7.0731	7.1142	5.7935	4.4831	5.3714	5.2241	6.4819
U133A__PGAP3	6.0798	7.7235	5.5166	7.8242	5.9351	5.2618	5.6344	5.7326	6.0077	5.363	5.2591	5.2674	5.2901	5.1176	8.224	7.6509	5.914	5.4419	5.4125	5.624	5.2056	5.6348	5.6203	5.1433	5.5062	4.8408	7.3947	5.4054	4.7	5.9113	5.2243	6.9123	5.3523	5.1623	5.3377	5.4946	10.9139	5.4655	5.4472	5.34	7.9766
U133A__AMIGO2	5.8455	6.5327	5.3052	5.0478	8.1995	8.6579	4.6776	5.9248	6.3495	4.6129	5.8787	3.9541	8.7387	4.9778	6.2682	4.6287	5.1466	5.4281	5.7522	5.0069	7.2447	7.0588	6.0228	7.047	5.9365	8.2027	7.6933	4.0096	7.1669	6.5794	6.9238	5.5099	8.94	8.9749	7.9447	5.8444	4.3368	4.4895	4.696	5.1131	6.6145
U133A__CAMK2N1	7.984	9.1459	9.4608	8.3458	8.7947	5.1483	8.6556	6.5119	6.3505	6.2577	8.6715	6.6419	7.179	7.922	9.9631	8.7955	8.3152	6.6618	7.3195	10.0484	8.0878	7.2483	11.0058	7.6561	10.238	6.867	9.2583	9.8342	6.2862	9.6245	9.273	9.5868	5.7111	9.1636	7.9183	9.6719	9.5142	9.3498	9.8937	8.0816	9.4807
U133A__ISOC1	5.1663	6.6553	6.119	7.541	8.1396	5.287	9.2407	4.9017	5.7943	7.3405	8.0976	6.9094	6.4093	6.761	6.1868	5.981	6.9766	6.6684	5.8931	5.609	5.2129	8.045	8.8911	5.4164	6.7959	6.9834	7.4249	7.287	5.4975	7.952	6.0864	6.9193	5.8083	6.542	6.1968	6.8505	6.9708	7.2906	5.616	6.3399	6.6446
U133A__KDELR3	7.7574	6.0177	6.3733	7.3768	7.0073	8.4164	5.4499	8.9598	8.6357	6.8337	6.2748	7.8566	7.4485	7.0864	5.1006	5.8854	6.8283	8.3566	7.4494	7.6389	8.6264	5.9754	6.0059	7.9155	7.6533	7.7169	7.0497	8.1051	7.189	5.3789	6.2423	5.5027	7.7253	6.8508	6.7554	8.6796	7.3828	6.5627	7.6741	5.9734	7.0554
U133A__CTNNAL1	6.8072	5.2576	9.176	6.5586	5.9492	9.2333	6.7237	8.9145	8.725	5.2291	7.0447	7.3007	9.0378	6.3929	8.7139	6.2145	6.4033	6.7594	7.8544	6.5949	8.1258	6.5967	7.0346	9.6872	6.7579	10.2032	7.1815	7.3743	9.1127	6.467	6.1202	5.4645	8.052	8.7128	8.9356	7.388	4.743	6.9276	6.401	7.5563	7.1744
U133A__PTRF	6.1143	6.0022	8.9581	6.2617	5.8685	9.7082	5.8463	9.004	8.3455	6.1188	5.7173	6.9987	8.6548	8.2281	7.4855	6.7332	6.6073	6.763	9.0215	7.1768	9.9604	6.3204	5.3083	9.1023	6.1647	9.8031	6.2294	7.3507	8.0369	6.3333	7.3438	5.6802	9.5435	8.2916	9.4023	5.267	6.4218	5.9375	6.5915	6.796	6.1726
U133A__EMP3	4.327	3.9888	4.4028	4.2731	4.2246	9.9908	4.5129	8.8964	5.9249	4.5177	4.8069	4.4271	6.169	4.4585	4.1728	4.8826	4.8236	4.8179	9.0618	5.7623	10.2742	4.6047	4.5679	9.169	4.2846	9.3624	4.4717	4.519	8.4939	4.3967	4.1517	4.5344	9.6246	8.36	9.3993	5.4208	4.3435	4.1796	4.3907	4.6524	4.1567
U133A__S100A2	5.7104	5.2629	6.0272	5.0266	5.1361	8.7308	5.1261	9.3678	11.8664	8.1017	4.6494	5.0442	12.1145	9.7223	9.938	6.7237	5.0393	12.6387	7.9326	10.0914	6.775	4.9131	4.8508	7.9401	6.4604	5.843	5.1111	6.0773	7.1644	4.8966	8.4703	5.6079	8.4846	10.926	8.9102	5.3655	6.2769	5.0966	5.9202	5.5082	5.3582
U133A__ARL4C	5.0372	5.4113	7.4864	6.7865	5.2082	8.6102	5.4432	6.8605	8.2727	5.3763	5.1972	5.7854	6.2923	6.6579	6.6568	5.1034	7.1242	6.4012	8.4927	7.7619	8.1936	4.8309	5.8689	8.3712	5.9178	7.2348	6.0425	4.1099	8.1192	4.347	7.2786	5.107	9.1009	6.2938	4.6692	5.4439	5.5883	4.4777	5.766	4.7769	6.1884
U133A__PHLDA1	5.8382	4.4531	7.9418	4.5088	4.1534	6.2364	3.6929	5.3714	5.9748	4.3261	4.9452	5.4819	8.5993	8.0713	8.0033	4.3273	5.8991	6.5052	8.8726	6.6058	9.3967	4.353	4.468	7.4466	6.5506	9.4625	4.3342	4.674	8.6611	3.9009	7.3799	3.6627	8.757	7.7525	6.9589	3.8358	7.0777	3.8758	3.679	6.5088	4.2782
U133A__IGFBP5	11.2847	8.6852	11.5084	11.7481	11.5887	6.1922	12.1021	5.0776	6.8264	6.4959	9.6121	5.288	4.8427	9.2046	5.4966	12.4229	11.1816	7.78	9.9612	5.5974	5.609	8.3505	5.423	4.852	10.1337	5.0172	10.895	11.2849	5.3314	11.5891	8.2681	8.5214	5.4366	4.9226	4.9351	6.1866	10.0476	11.8361	8.988	10.8465	11.82
U133A__EFHD1	9.5837	9.9173	6.1706	9.7862	10.4842	6.3996	10.6224	6.1782	8.6955	9.7906	10.8012	8.6042	5.8168	7.3487	6.7717	10.3858	10.3268	8.7539	6.6386	5.7835	6.4648	7.4306	9.3281	6.4413	9.8417	6.5019	8.6508	9.4486	6.8756	9.002	9.6148	9.7556	6.3446	5.8119	6.6156	9.3171	10.3552	10.9233	9.4809	9.9842	9.4813
U133A__TFF1	12.2913	8.7704	4.8812	12.009	13.0647	4.5823	11.357	4.4645	5.0347	4.9526	12.0586	5.5069	4.6102	4.7953	5.1295	7.7444	6.8636	5.3196	4.6565	4.7428	5.032	12.6032	7.2875	4.6427	11.0566	4.7941	12.0723	7.1696	4.5311	5.6426	4.66	6.7433	5.0684	4.859	4.9279	10.1664	4.8671	8.3346	5.2403	4.7042	12.6332
U133A__OBSL1	6.4514	8.9967	8.0289	7.8813	8.0845	7.8676	6.4196	7.4034	6.992	7.3861	7.9661	7.1877	6.5112	6.835	7.0874	7.2713	9.4103	5.8645	7.4016	7.6103	5.0045	7.6113	6.4547	7.3043	7.8238	6.2485	8.0171	7.5013	7.0411	8.824	7.1924	7.9762	6.5707	7.5554	5.2249	7.6849	9.4082	8.5314	7.1551	5.7054	8.0534
U133A__FGFR4	5.2867	5.3796	4.6769	5.932	7.0564	4.6014	8.8352	4.6243	4.8179	5.08	5.6192	5.5987	5.5846	4.808	6.2914	6.8329	5.3225	4.6994	5.1195	4.6729	5.1249	4.7136	6.0483	5.4814	5.1906	5.0617	7.1829	6.8866	4.8499	10.4891	4.42	5.3601	5.2254	5.1338	5.1372	5.6779	6.7871	7.7673	6.0534	5.1223	5.6953
U133A__MYB	7.1063	6.9468	5.5605	7.1427	8.3619	5.2382	6.1754	5.2894	5.4142	6.3239	6.4602	5.2946	4.9253	6.2981	5.4064	5.8573	7.3429	5.4122	4.8759	5.6105	5.5049	7.2538	7.4732	4.4327	7.1898	5.3734	8.3463	6.7762	4.8808	7.5681	6.1527	6.5134	5.2487	5.4891	4.8102	5.5343	6.6125	7.9243	6.4074	6.262	6.73
U133A__ALDH3B2	6.5658	8.7068	6.0898	9.5624	8.1606	5.2722	7.965	4.8835	6.0893	7.5457	8.0414	6.9725	4.847	7.2269	5.3528	8.9681	10.1542	6.3245	4.9788	4.7615	5.3712	6.2633	10.8627	5.4095	7.7902	4.5362	10.3719	7.7701	4.6051	8.9937	8.7803	7.1355	4.5919	5.4648	4.9338	7.1044	9.7612	9.6258	8.5803	7.4248	8.7639
U133A__SLC24A3	5.6004	5.5097	4.5251	7.0284	8.6046	4.2919	7.6789	4.5472	5.7657	8.3801	7.8815	6.0192	4.488	4.5344	4.5142	6.0343	7.7085	4.6155	4.9532	6.8012	6.2703	6.0407	7.2196	4.3953	5.5787	4.6406	6.2134	5.5668	4.1616	7.404	5.2417	5.3517	4.4037	4.821	4.696	7.0271	5.4589	5.6468	6.5218	6.8955	5.7622
U133A__INHBB	8.9319	9.0488	9.6677	9.0222	7.2062	4.1472	9.3761	5.0339	9.6701	5.4203	7.5198	6.4504	6.9645	5.8516	8.5289	9.0537	9.8052	7.5508	5.3406	7.9114	6.0214	8.3263	6.5851	5.2305	8.5668	6.0086	6.9465	8.4557	4.3769	9.7103	8.3352	9.4064	5.8637	4.8836	5.3548	8.8214	9.2832	9.5776	9.0283	8.3476	7.9003
U133A__ACSL1	5.8954	8.2165	6.9153	8.658	6.2343	5.1716	7.2737	4.6456	7.9344	5.8146	6.185	8.0636	6.2	8.2443	6.2225	6.6356	6.7455	5.5297	7.044	8.7631	4.7826	6.1018	6.4659	5.6861	7.0502	5.928	7.5073	7.6861	6.6647	8.5253	7.5371	6.84	4.6924	7.4148	6.8998	6.3058	9.291	7.6789	8.5472	6.3515	8.1543
U133A__CX3CL1	5.1792	7.6425	4.8388	7.1501	5.3846	4.4939	4.8967	4.5963	6.9372	6.8788	6.223	5.5573	4.6235	5.6115	5.7214	6.2905	8.0736	5.568	6.0087	8.0273	4.9628	4.9562	5.2278	5.0901	7.4116	4.7459	4.917	5.7636	4.8201	4.6433	7.122	6.4664	4.8297	4.8225	5.1102	4.8107	9.8596	4.9374	4.9193	4.7497	4.6462
U133A__PPP1R3D	6.0376	6.2841	6.5806	5.8836	8.9569	5.5115	7.3522	4.8917	5.3847	5.2179	8.4079	6.0031	6.2885	6.1268	6.9745	5.6122	6.7862	5.4457	5.3754	5.7838	5.1445	6.9967	9.3097	5.3464	7.7236	5.2928	7.7316	6.1594	5.2355	7.5285	5.6325	6.4306	4.8825	6.1016	4.8641	8.1589	6.6839	6.7296	6.8287	5.7656	8.1055
U133A__ZHX2	6.6374	9.2638	6.7542	7.8713	7.8561	4.9952	6.5017	6.1914	6.0232	7.4021	7.1239	5.0842	5.9716	7.2131	6.5772	6.5952	8.4563	6.9501	6.0953	8.0637	5.4724	7.4885	6.2762	4.9739	7.7711	6.05	7.6426	6.7416	5.0924	7.0132	7.2631	6.648	6.059	6.029	4.8623	6.4096	7.6708	7.3802	6.0315	5.7254	6.6176
U133A__FSTL1	6.755	6.2572	6.8274	5.936	6.4877	11.5266	6.0422	9.2564	6.8735	6.4112	6.7142	7.1585	8.8436	9.9158	7.9294	6.0962	8.8284	9.2432	9.4494	8.6058	10.846	5.6398	5.7112	9.7716	6.2036	8.6291	5.7009	5.857	10.7336	5.6561	5.3421	5.9557	9.5334	9.6656	8.1824	5.4895	8.1404	5.5608	5.6432	6.6733	5.5658
U133A__CD44	4.7486	5.2851	9.2472	4.5395	6.9448	9.4833	4.1435	8.3319	8.4113	5.113	7.9968	9.5046	10.7234	9.0773	11.1618	4.3106	4.529	9.4828	9.1421	9.166	11.6044	5.1402	7.6727	9.821	4.0806	9.3837	7.2156	8.5655	10.2823	4.2934	10.3147	3.3122	10.2795	9.5681	9.6161	4.206	8.0953	9.4445	3.3732	4.9207	6.2961
U133A__KRT8	10.7115	11.2525	11.4126	11.1708	11.8105	4.6994	10.4767	8.954	9.9402	9.7313	11.932	8.4941	8.913	10.6646	11.1743	11.3477	11.4994	9.9269	9.5922	9.5457	5.7145	12.1159	10.506	7.5837	11.0665	8.3426	11.2063	10.4653	7.4827	9.1194	10.6725	11.5414	4.6224	9.8963	8.3775	10.5897	10.994	11.607	9.9593	11.9459	11.5683
U133A__MXRA7	7.3883	4.9898	5.2513	6.1786	7.3459	8.8708	7.5332	9.6161	7.994	7.5735	8.5232	8.4778	9.4836	7.0129	5.6822	5.7562	5.2279	10.1797	9.496	8.2414	9.2301	6.369	8.1878	10.6844	7.7324	9.4217	6.698	5.4442	8.4748	5.2076	6.249	5.147	8.9371	8.2772	8.9797	5.5672	5.5043	8.0605	5.2859	7.7395	8.9281
U133A__TTC39A	6.7363	7.9537	4.4192	6.888	8.6528	3.8361	6.2428	4.2693	4.6311	5.2211	9.349	4.463	4.6581	5.3975	4.1091	5.2844	6.965	5.4051	4.311	6.2015	3.7661	7.2805	6.8676	3.4222	5.9355	4.2968	7.8908	7.3398	5.0521	7.8998	5.7429	7.1437	4.1734	3.6019	4.3341	7.0522	7.0384	7.8303	6.696	7.1654	8.5979
U133A__MYH10	7.7391	7.0683	8.5681	7.7365	8.0332	9.7416	5.8115	8.0637	6.4076	8.7884	6.8916	7.9537	8.356	7.6228	7.1923	6.6651	7.5968	7.6521	8.4861	6.6804	8.1849	7.4958	6.7144	8.8112	6.7401	7.0599	7.7911	5.3969	9.3994	6.3497	7.7655	6.0481	7.4316	8.043	6.0291	7.5215	6.3579	6.1791	6.4442	7.2604	8.1056
U133A__NXN	7.5201	5.0095	6.0575	5.7535	7.3153	8.3716	6.529	7.5148	7.7664	8.4054	5.6117	8.0771	8.1691	6.7657	7.223	5.6674	5.3557	6.4697	7.3231	7.8487	7.2476	6.0448	5.3731	9.1328	6.9807	7.7845	6.3448	5.8264	7.2608	5.2453	6.2411	5.2668	8.8314	7.8895	6.2312	5.8514	8.3257	5.7419	6.6533	7.0094	7.3149
U133A__ALDH4A1	6.0591	7.4246	6.5647	8.3471	6.7169	6.082	7.9374	6.3639	5.962	6.3012	7.4468	6.466	6.4855	7.1706	5.8314	9.2661	7.2935	6.2652	5.8633	7.3004	6.2349	7.738	7.2079	6.0012	7.847	5.8512	7.521	6.2685	6.068	9.9506	6.211	7.4964	5.9475	6.3586	5.7202	7.4961	6.7301	8.9913	6.5002	7.6683	7.696
U133A__FOXA1	9.1328	7.7572	6.523	9.0263	9.4147	4.7595	8.7472	5.2356	5.2283	5.7444	8.14	5.0961	5.822	6.5694	7.5076	8.5585	8.8813	6.9658	5.4233	5.6401	5.6268	8.6803	9.0814	4.7116	8.5308	5.3926	8.8057	8.3218	5.1007	9.2428	6.7332	7.9736	5.241	5.689	5.6432	8.73	9.3117	9.0604	8.6746	8.6077	7.9866
U133A__PRSS8	8.8288	8.984	7.5482	8.4017	8.4845	5.5972	7.5995	6.1579	7.1231	8.7157	7.8521	7.897	6.8913	7.7276	7.1033	9.1171	9.0244	7.8961	6.167	9.0988	5.8126	7.696	7.6602	5.2863	8.842	5.6892	8.4368	7.7911	5.3989	7.8115	7.4117	8.3283	5.4722	7.4115	4.5504	10.1071	9.5346	8.4538	6.0866	7.2982	9.366
U133A__OPN3	7.3667	7.9089	7.2246	8.3329	6.7708	7.5352	6.2531	4.9373	5.5276	7.6964	5.7019	4.2432	4.6319	6.4417	8.5415	7.2765	8.6586	6.7565	6.8693	7.7497	5.5873	7.0329	5.8583	5.4766	7.5529	5.7904	6.102	6.958	6.8791	7.2383	7.4865	7.1835	4.5531	6.7869	6.5327	6.1301	8.3869	9.1116	4.4406	4.4907	7.1688
U133A__MREG	7.2904	7.4837	6.8632	7.3162	7.6224	4.1264	6.9158	4.7871	4.9852	4.4452	7.6384	6.6941	7.6708	6.2989	5.9287	4.3678	7.3828	6.2187	6.2332	6.664	4.6508	8.8786	8.0033	5.5713	7.5852	5.3909	8.2337	7.7519	5.1165	7.482	6.5516	6.9532	4.3075	6.558	4.6489	4.8388	7.7298	7.6353	7.2458	7.0424	8.2713
U133A__CYB5A	6.6338	7.709	5.1047	6.3098	6.617	5.7624	7.9642	4.8279	6.9887	4.4315	6.1598	6.0589	5.0605	5.3328	6.0628	7.199	8.2505	5.2687	4.701	6.1142	3.8628	6.1092	7.8149	4.6541	7.0276	6.1533	6.26	7.9185	5.411	7.5663	6.3495	6.7328	4.648	7.3606	7.1314	6.3256	7.0204	9.2787	5.551	6.3159	8.6476
U133A__SLC39A14	6.6658	6.3508	8.5567	5.7462	6.1677	9.7025	6.6078	6.8325	6.3584	10.0436	5.8834	7.972	7.7405	6.3612	6.229	5.618	6.6312	7.0261	7.3375	6.1078	8.8219	6.0328	6.4296	7.3106	6.5998	7.9923	5.6425	6.5311	9.1429	5.5457	7.4857	6.6012	10.1244	7.5401	8.3297	7.8884	5.1832	6.4898	6.6665	6.7652	7.3475
U133A__COL6A1	6.9732	6.3156	6.0991	6.3956	6.2876	7.7987	5.9948	7.9622	8.9878	5.7568	6.6083	8.0962	7.3804	6.3507	5.6124	6.3969	5.8936	6.4987	9.1927	5.4538	10.8531	6.2493	5.8409	11.2448	6.8487	6.5369	6.4207	5.7732	7.6372	6.0757	5.4333	5.7873	9.5167	7.8725	6.8032	6.018	7.0157	6.0732	6.5026	6.3931	7.0413
U133A__AXL	4.5848	4.3447	4.36	4.6163	4.3957	9.7332	4.3709	9.0689	7.011	4.3959	4.4975	4.5981	4.2906	4.9826	5.1863	4.9555	4.2474	5.2312	9.2723	4.1729	10.475	4.4261	4.7784	8.3136	5.0443	10.3645	4.1508	4.614	7.5333	4.2537	4.6935	4.0831	9.5546	7.5369	9.6852	4.2137	3.971	4.3298	4.2126	4.5153	4.3396
U133A__SHANK2	7.3481	5.9045	4.943	7.6843	6.9359	3.9882	5.1612	3.8208	5.641	5.3585	5.1934	4.0531	4.7244	4.8992	5.345	4.6605	6.5754	4.4562	5.1162	6.8101	3.9503	5.5006	7.2976	3.8321	6.9453	4.2847	7.5141	6.359	4.7217	7.3884	5.3635	5.3379	3.9945	3.8673	4.0287	6.3054	7.4714	9.0073	6.2082	6.502	6.8877
U133A__RHOB	10.4942	9.873	6.3164	11.0388	10.4831	6.7962	11.0472	8.3443	6.5967	5.3472	11.2735	6.8223	5.304	6.3977	6.8571	10.6523	9.5881	6.7605	5.6554	4.5314	6.3916	9.9117	11.0411	7.4355	10.1894	6.7163	10.5222	9.9235	9.2453	10.7721	7.3136	10.9564	5.3243	5.6316	8.7454	9.5754	8.1457	11.7815	9.765	9.1037	9.9938
U133A__MKNK2	8.8547	9.1024	8.1041	9.4367	9.134	7.54	8.4693	8.4639	7.416	9.167	9.0655	7.1375	8.6892	8.2033	7.7142	8.8308	8.9706	7.5959	9.0658	8.9596	7.0119	7.6164	8.2146	7.3453	8.596	8.3944	8.5317	7.9915	7.5164	9.8256	7.9628	9.3436	6.5736	8.5994	8.4037	11.1721	8.9377	7.8753	8.8276	8.2748	9.5034
U133A__FXYD5	9.4366	8.8706	10.2383	6.3544	6.9093	10.5229	6.5905	8.4872	9.7949	7.3967	6.6968	9.5407	10.4388	9.0421	11.5641	7.4501	7.8566	10.3211	8.4657	10.2902	9.5227	6.8433	6.25	10.5826	6.4736	9.5884	6.6844	7.9084	8.5436	8.14	10.4145	8.7157	7.1906	10.2745	9.6556	8.4212	8.9687	6.6578	6.5669	8.3634	9.4597
U133A__DPYSL2	6.5499	4.3957	6.3934	5.6905	6.9064	9.755	6.403	6.8983	8.6685	6.876	6.4028	8.1874	7.4548	6.1458	4.9671	4.0143	5.8342	7.3601	7.5697	6.8732	9.3498	6.4398	8.4362	7.9753	6.9726	7.9353	6.4448	4.2048	7.8259	6.5866	8.8263	3.6449	9.0406	8.4346	8.7608	6.6997	7.2071	7.2414	7.204	5.519	7.3291
U133A__SH3BP5	4.5669	6.8751	7.6365	6.3726	7.6208	5.3896	6.2074	6.9909	5.7432	8.4108	7.7287	6.5201	5.893	6.0643	6.2105	6.1593	6.5372	4.3785	6.5156	7.5147	5.231	8.4431	6.9531	6.5498	6.6958	5.8189	7.3821	6.1776	6.072	6.3141	5.8103	6.571	7.6624	5.2193	4.8949	6.9699	5.8436	6.6186	6.8418	6.3893	7.6927
U133A__CLTA	8.5441	9.0829	9.4492	8.6889	9.0599	10.0873	9.5486	9.594	9.3638	9.2209	9.4214	9.6276	9.3187	9.6784	9.5067	9.1855	12.2679	9.8756	8.4701	10.062	9.7442	9.1292	9.8156	10.0738	9.7081	10.2228	10.4124	9.1562	10.0977	9.658	11.2641	9.2826	9.7985	8.6576	9.6315	10.4003	8.318	8.7093	8.7302	9.1874	8.7619
U133A__TBC1D9	6.3771	7.496	5.581	6.0691	9.2575	4.8144	7.0148	5.4363	4.3359	5.6622	8.2883	5.4965	3.5309	5.9846	5.0743	5.0615	7.5382	5.0659	6.6908	7.3101	6.1223	8.7386	8.2356	5.9894	7.447	6.3818	8.4877	7.2127	6.5487	5.1711	6.4193	6.5539	5.0828	4.6908	6.4141	8.6955	7.7167	7.8878	6.6034	5.0197	7.5227
U133A__DENND1B	6.3564	7.0433	6.0849	6.7197	7.3619	5.4436	5.5455	5.2652	6.0512	6.8209	6.9892	5.5922	7.1538	5.8176	6.1389	6.1945	7.6322	6.0845	6.1378	8.7131	4.9544	5.9119	5.8	5.6715	6.3586	6.0179	6.6521	6.3554	5.4668	9.1288	7.9616	6.1495	4.6695	5.3525	5.3775	7.1013	7.9586	7.4397	6.5288	4.5367	7.9641
U133A__CRIM1	6.6823	5.0556	7.7575	4.5538	5.2347	6.6582	3.5903	5.9807	7.9088	5.0214	5.8645	5.4013	6.6716	6.0828	6.2967	4.8205	6.6118	6.6738	6.5511	6.4677	7.6681	4.0619	4.8435	6.3739	5.1213	8.3257	4.25	5.0642	6.0909	4.1324	7.3998	4.8529	6.1856	4.9762	7.7736	5.3263	5.4297	5.9058	7.3237	6.0612	4.7611
U133A__KRT19	11.6554	11.9776	10.9191	11.935	12.491	3.995	11.6489	4.3819	10.8671	10.3292	12.2228	3.8177	10.8381	4.5913	4.6342	12.1027	12.4618	11.0216	10.3341	11.7799	3.831	11.6347	12.2467	4.0939	12.0447	7.2772	11.6624	11.784	2.7874	10.9377	11.6762	12.0028	3.9802	10.1275	3.2941	11.8623	11.6439	11.3416	11.4468	12.1604	12.1037
U133A__CRABP2	7.7927	6.2883	7.6984	7.1272	11.2478	7.1984	9.2384	7.2001	10.2575	11.042	10.4868	7.9145	5.679	11.2348	9.6855	11.4223	10.9394	9.1947	9.329	11.2675	6.4565	10.0104	10.3883	6.0832	10.5335	6.5894	7.7354	10.3027	6.352	10.8015	10.3695	9.5601	7.2299	6.7276	6.367	9.2587	8.4121	7.7705	9.1007	10.4822	11.9965
U133A__GALNT6	8.8821	7.3905	8.324	6.7568	9.7521	5.1143	8.8841	5.7714	6.8554	6.1052	8.3463	5.6143	6.7577	6.284	8.1603	7.455	8.2228	6.9834	5.9045	7.5279	5.4304	7.768	8.6096	5.6215	8.65	5.8084	8.4236	9.1485	5.9203	9.1731	6.4012	8.7939	5.665	7.8211	5.8236	10.0613	8.3165	7.0845	9.245	7.746	9.7446
