Cell lines	AU565	BT474	BT483	BT549	HBL100	HCC1143	HCC1187	HCC1428	HCC1569	HCC1806	HCC1937	HCC1954	HCC202	HCC2185	HCC3153	HCC38	HCC70	HS578T	LY2	MCF7	MDAMB134VI	MDAMB157	MDAMB175VII	MDAMB231	MDAMB361	MDAMB415	MDAMB436	MDAMB453	MDAMB468	SUM1315MO2	SUM149PT	SUM159PT	SUM185PE	SUM52PE	ZR751	ZR75B
Response	1	-1	1	1	1	1	-1	-1	-1	1	1	1	-1	1	-1	1	-1	-1	1	-1	-1	-1	1	1	1	1	-1	1	-1	1	1	1	-1	1	1	1
U133A__CYP51A1	6.7235	7.9948	6.9283	6.7289	6.6008	6.9648	7.9976	8.1668	8.4123	6.9172	6.5777	7.3519	8.1687	7.165	8.4226	7.2755	7.1489	7.556	7.7218	8.3815	7.7393	7.8408	7.125	8.0664	6.2976	7.4839	8.2237	7.1755	7.0345	6.6826	7.4475	6.8516	7.0758	9.0446	7.2496	7.5472
U133A__TUBA4A	8.0959	6.0048	6.8604	7.1961	7.4336	8.0741	6.1229	7.2844	6.1504	9.7248	8.2095	9.6436	6.3914	6.9849	6.436	8.1739	9.3597	6.724	7.2218	6.3682	7.9791	6.2093	7.051	7.6192	6.6858	8.986	6.7349	7.9045	7.136	6.7402	10.2412	10.2433	8.5017	8.7116	7.5034	9.1448
U133A__GRB10	5.4919	8.5374	8.2707	5.3595	4.8131	5.402	10.2075	6.5732	6.3604	4.9465	4.8583	6.6414	6.6836	6.2955	4.6338	6.1154	7.6347	7.8401	5.8101	5.4498	9.6632	7.1144	5.4158	6.6734	6.0157	7.1687	8.0491	5.4992	6.6179	5.3711	4.4084	7.763	6.053	5.8099	4.8448	6.1565
U133A__ADI1	8.4126	6.0904	7.5485	8.1381	8.7872	7.9559	5.7867	7.111	7.2265	8.4107	8.9165	8.3018	6.6829	7.5084	6.2243	7.7446	7.2521	7.0495	8.7333	8.131	6.9574	8.6245	5.8795	7.4451	8.669	7.2065	7.4689	8.8698	8.2637	8.3028	6.8774	8.8092	7.8845	7.9971	6.8236	7.0473
U133A__ASPH	6.8366	6.5254	8.1324	6.8716	6.6723	6.5755	6.2036	6.0212	7.3679	7.8645	7.2219	8.1345	4.4642	5.177	5.7293	8.8405	7.2005	8.9386	6.6102	5.3359	6.6341	7.0177	8.5437	7.5871	7.8154	6.9904	5.8901	8.6886	6.3256	7.7094	6.3051	7.5512	6.0606	8.6961	5.9685	5.6668
U133A__SDC2	4.4758	5.471	5.8173	4.5404	4.9752	10.2929	6.6377	9.2915	8.7747	4.4879	4.6024	4.7327	7.4159	9.7014	7.0364	7.5149	4.7632	8.8181	4.7019	6.728	7.8196	9.0147	5.4896	7.431	4.4419	4.9399	6.4263	5.0457	4.3422	6.2214	4.7253	5.4138	6.0161	4.9022	4.8569	6.2833
U133A__IFI6	6.1205	5.4451	10.1621	5.5759	6.4811	7.4325	7.2127	6.6375	9.9393	6.0926	8.479	8.4356	8.9623	5.4425	5.726	6.5632	8.5826	6.9663	5.9167	7.0966	7.5224	9.0873	6.7666	5.8968	6.2391	6.5746	6.6056	5.8892	9.3912	6.297	5.3162	5.104	5.1714	5.6316	5.244	4.6725
U133A__NQO1	8.3288	8.3661	9.2423	9.9761	8.1091	9.1845	5.7607	9.5916	8.9917	8.9205	9.8127	9.3353	7.4613	8.1832	8.4577	9.8392	8.2246	9.8275	10.157	8.9371	7.248	8.5633	10.5185	9.8231	10.2816	11.265	8.177	8.9245	7.7971	10.7929	7.7514	7.6389	8.7586	10.7305	8.4671	8.0085
U133A__LGALS8	6.93	7.7823	8.9898	4.0492	5.2592	6.2438	4.4525	7.5037	4.2296	6.4287	7.3981	5.7325	5.2971	8.0335	3.8314	5.7469	5.9013	4.1778	3.8058	5.3444	7.2931	3.8368	7.8755	7.5299	7.1015	8.0029	6.5652	7.9816	5.402	4.3027	6.2919	4.594	4.0473	8.0004	8.9952	6.5759
U133A__BHLHE40	9.0104	7.9928	10.568	7.966	8.6863	9.1001	8.8729	7.9228	7.9559	6.8667	9.1255	7.9007	8.0186	9.1491	9.1102	9.058	9.8461	6.9324	6.5935	7.2855	9.8204	8.4766	7.7957	6.2979	6.4938	6.725	9.497	9.0946	9.4603	6.6069	8.2761	6.3476	9.8552	5.9998	7.6047	7.3721
U133A__ASNS	6.9915	8.6184	7.1894	8.7816	6.8922	7.2217	8.7944	7.2405	7.4364	8.23	7.3351	6.7055	8.3372	7.0562	7.619	7.5599	9.0102	8.0987	7.5216	7.197	7.7174	7.4411	6.7424	9.2835	6.6397	8.0286	8.1835	6.3197	8.8295	8.7993	8.3637	7.3568	10.555	11.7898	6.5745	7.3136
U133A__SQLE	4.8927	6.8869	5.4736	6.0938	5.5038	5.7628	5.3462	7.445	7.1082	5.9528	5.9324	6.0501	6.1707	8.6598	6.0786	4.967	7.0212	6.4167	5.7956	7.6022	6.6369	5.7665	6.1527	4.5071	4.947	6.3689	6.5982	5.9702	5.6214	6.4119	6.1972	5.8236	5.8157	6.6624	4.6577	6.0556
U133A__IRF9	7.2426	6.4215	10.1828	7.6644	7.5577	8.3291	8.6936	7.7642	7.5971	6.2636	9.3201	8.0265	9.4517	6.8795	7.5318	7.4596	9.766	6.7956	6.2872	7.9939	8.6157	7.9128	7.9232	6.4818	7.5838	7.5909	7.6485	6.9253	9.4289	6.8573	6.9026	6.0417	6.8427	6.3509	6.3875	6.0362
U133A__UBL3	7.6775	6.922	7.6336	7.3076	5.7383	6.5634	6.2866	9.5318	5.493	6.6881	6.6114	5.7834	5.8757	7.9422	6.3881	6.4779	6.177	6.1569	7.5274	7.2907	6.2037	6.054	6.3585	6.6733	8.7684	7.6624	6.5733	8.2815	6.1326	7.3602	6.0226	6.3717	7.0935	8.8315	8.1667	10.0176
U133A__QPRT	9.4457	7.4417	6.489	5.6007	5.5574	5.4435	5.1401	7.275	7.3774	5.6756	5.5612	6.3718	7.9553	8.0511	8.7061	7.02	9.2734	5.9733	7.4239	8.1142	6.9332	8.6614	7.115	5.2379	9.1192	8.4536	8.4628	6.314	7.3135	5.9379	5.4969	5.6873	7.2077	6.3381	8.0018	5.6556
U133A__ISYNA1	6.2368	6.2863	7.5215	6.4988	6.5244	7.3933	9.9775	7.7952	7.6356	7.0895	6.6568	5.7452	6.9705	5.6818	6.726	7.5231	7.9347	5.4531	6.6	7.3573	8.4527	8.1286	8.0915	5.4333	7.097	6.0186	7.374	8.8166	8.2588	8.9433	6.9752	5.4694	8.0671	5.3948	7.363	7.6432
U133A__CDKN2A	5.6337	4.6365	5.0078	9.7826	8.3294	5.4065	7.8926	5.4771	8.3981	4.2781	9.1976	5.8929	6.2697	4.8747	8.6854	4.4747	9.9184	4.8437	4.4975	4.5033	6.0073	9.0399	5.1148	4.0997	5.1969	6.6681	7.7218	5.4652	7.5379	4.5362	4.7548	4.9797	5.2966	5.514	5.1321	5.1595
U133A__IFRD1	4.9609	6.1315	5.37	6.6057	4.5798	4.8029	8.1135	5.2789	8.2698	5.9761	6.4008	5.8931	5.0595	6.959	7.5063	6.305	7.2214	6.5547	7.5278	5.16	4.7386	6.84	4.7622	6.307	4.2376	5.1419	6.7501	4.3653	7.993	5.6285	7.0969	5.726	8.0212	6.9652	5.2741	5.3617
U133A__MAP1B	4.7448	4.9262	4.8618	7.9119	8.9057	6.6054	8.1982	4.5955	5.1547	5.4784	4.3322	4.8752	5.5192	4.6449	6.1241	8.077	7.8322	9.7287	4.2933	5.1401	5.3466	8.6245	5.0681	8.226	4.7169	4.9647	8.3504	4.3393	5.1029	7.7301	5.7202	8.3276	10.7187	4.8221	4.8576	4.5338
U133A__LANCL2	7.2945	7.2875	5.9263	6.1474	5.6897	5.9234	6.8344	6.5591	6.0216	6.7342	6.6088	7.4901	6.0928	5.8528	6.8358	5.9462	6.1305	6.9561	6.2898	6.5257	5.9869	7.2274	5.8817	6.8068	6.3016	5.6848	6.587	5.8898	10.8321	6.6065	6.6469	6.5225	6.0019	5.4766	5.7803	6.2757
U133A__HOMER3	6.7908	6.0965	5.8645	6.9993	6.4992	7.4988	8.1995	6.5724	6.6337	7.0466	5.9441	7.3602	6.3587	5.9818	7.9062	5.9173	7.2291	7.8541	5.4821	6.8363	6.597	8.333	6.8523	6.0062	6.1166	7.0976	6.872	5.836	8.8869	6.8397	7.5092	6.8507	6.3858	4.9433	6.0386	7.0818
U133A__DCTD	5.2551	5.1467	5.2233	6.3193	6.6695	6.191	5.2222	5.2165	8.2899	7.0776	7.2563	7.3378	4.372	5.1893	5.3932	7.6038	6.9105	6.8982	5.9638	6.1875	3.9253	7.3325	7.087	8.1583	6.0793	6.8102	7.0588	6.0422	5.5091	7.4175	8.6957	7.8895	6.5288	7.7797	6.6284	7.042
U133A__KIAA0100	9.2054	8.8628	8.6047	7.4282	7.5337	7.7525	7.5068	7.9503	8.0312	8.2047	7.8415	8.2902	9.0749	8.4022	8.2701	7.8823	7.6288	7.6848	8.8026	8.3881	7.8276	7.2512	8.327	8.6738	9.0547	7.8274	7.5392	8.4813	7.605	7.9615	8.3141	8.6067	7.8017	8.3358	8.2115	8.5997
U133A__HLA-B	6.5287	8.4347	9.7896	8.1642	10.3122	9.9839	12.112	8.8869	10.6615	9.8035	11.5088	10.0633	10.1819	6.3218	9.5062	10.8249	12.3107	8.5989	6.9006	8.3908	9.4948	11.9091	8.045	8.1669	9.2382	9.8055	8.963	7.5816	11.9884	9.7036	8.7843	9.7905	9.8309	8.6981	7.8149	7.1263
U133A__PCSK1N	5.1548	6.9004	8.3513	6.1553	5.4867	6.7564	7.5637	7.2533	6.7813	5.7054	6.0571	5.9201	5.5088	6.8148	6.8731	6.6252	4.8381	5.3818	6.3363	7.0645	8.6712	7.6635	6.1384	5.4779	8.9092	5.3401	6.4129	5.6267	6.0395	6.3185	5.3578	5.7835	7.1748	5.9004	5.7695	6.6894
U133A__VEGFA	7.5865	9.3172	8.8928	7.2353	6.4056	7.4108	8.8648	6.898	7.7084	7.6821	7.3718	8.5349	9.1772	6.1552	7.9471	6.1499	9.1817	7.9602	6.6548	6.5035	6.9542	7.311	6.9627	6.1337	7.1265	7.4277	7.9323	7.8891	7.6864	6.0449	7.6551	7.5202	8.2384	8.0846	9.467	7.0239
U133A__DEPDC6	5.651	7.3238	6.9351	5.3355	5.1492	6.4586	5.8382	6.8016	5.4454	5.018	5.9569	5.7007	6.5867	7.0469	5.6039	5.2684	6.8221	7.3107	5.2826	7.2091	6.8144	6.7692	6.3997	5.2031	8.2562	7.3802	5.133	6.37	6.3896	5.3696	5.477	5.4188	5.853	5.8502	5.8068	5.7792
U133A__GALNT7	7.7966	7.8677	6.8942	5.9383	6.9831	6.6851	5.6639	3.9737	5.7113	6.7685	7.3988	7.0344	6.2122	7.7397	4.6655	5.1799	8.3199	6.9868	6.8564	5.8593	6.8119	5.811	7.398	7.0977	8.8145	8.7549	5.1126	8.0766	7.2616	6.8101	7.2673	6.1104	10.1522	9.6661	7.9301	7.8191
U133A__EVL	6.5993	7.2508	8.0284	7.1084	4.8447	5.4509	7.6442	7.3263	5.4225	5.6069	5.8148	5.1213	6.2053	5.0845	6.1689	6.5112	5.5906	5.4023	4.5521	7.7047	7.3885	6.8544	6.2239	4.7318	7.4779	4.4135	5.7002	5.965	5.3594	5.6858	4.3026	5.815	7.3008	4.793	6.5164	8.1337
U133A__PLCG2	6.5628	6.6357	6.3363	6.7695	6.6768	6.8618	7.0184	6.6858	6.8866	6.5975	7.3542	6.9606	6.8817	6.522	6.9216	7.2069	10.2967	6.8883	6.7778	6.8881	6.5643	6.5345	6.3556	6.7718	6.6133	6.7417	7.2307	6.3532	7.5051	7.1081	6.2739	6.6263	6.5003	6.699	6.4317	6.4792
U133A__GALNT10	7.9191	6.9329	6.6821	8.639	5.4449	5.0571	5.4424	5.1607	5.298	5.2261	6.4532	5.7329	7.4836	7.0813	4.7936	5.2472	4.467	7.0214	6.9092	5.8909	5.3446	6.1383	7.1371	7.5999	7.4186	8.3062	5.1227	8.2684	6.981	5.7581	4.9711	6.7273	7.2914	8.785	7.1087	6.9219
U133A__CBS	5.4492	5.6544	6.2438	7.3369	6.1167	7.4403	8.4846	5.7384	8.0993	6.5391	5.9537	6.3435	7.3734	5.1559	6.6224	6.4994	7.6089	5.9747	6.9595	7.2635	5.6818	6.6504	6.1478	5.3068	5.6614	5.2172	5.6929	8.0108	8.3196	8.1012	5.822	5.7536	8.3385	6.5534	5.2268	6.395
U133A__PPFIA1	7.9599	7.1884	7.8838	7.0274	5.7449	8.3418	8.344	7.1162	7.0373	7.8089	7.7219	8.2808	5.7476	7.2867	7.3136	7.6061	7.4591	6.8513	7.8672	7.3332	10.3877	7.0079	8.1786	7.4321	8.5446	9.1744	6.9252	8.4555	8.2003	5.8705	7.8299	6.9337	6.6913	7.8003	8.544	8.682
U133A__CITED2	7.7415	6.6171	6.2217	8.6066	6.4765	8.129	5.4857	5.8681	6.4711	5.6471	7.2761	5.0942	5.6045	9.6672	5.0741	7.2485	5.5668	7.7101	6.7048	7.0532	7.0748	6.3869	7.4172	7.5293	6.8764	6.7352	6.9985	7.2716	7.6076	7.6179	4.1856	7.6259	7.8132	8.3585	8.0739	6.485
U133A__AMIGO2	6.5327	5.0478	8.1995	8.6579	5.9248	6.3495	4.6129	5.8787	3.9541	8.7387	4.9778	6.2682	4.6287	5.1466	5.4281	5.7522	5.0069	7.2447	4.8186	7.0588	6.0228	7.047	5.9365	8.2027	7.6933	4.0096	7.1669	6.5794	6.9238	8.94	8.9749	7.9447	5.8444	4.696	7.8914	6.3577
U133A__KRT81	11.7362	5.7523	6.3613	6.2318	6.465	9.5941	5.9887	6.4382	11.5769	5.8215	9.4778	12.3672	6.2151	9.0579	12.2114	8.9762	6.0823	6.4617	12.3512	6.732	5.9285	6.3727	12.6895	6.72	7.5076	11.152	5.9612	5.9101	9.7605	5.9877	12.3689	6.5077	6.5763	12.8064	6.1844	6.9041
U133A__MAFB	5.2209	6.0526	7.1675	4.5699	4.2814	4.4545	6.0147	5.8886	5.9523	4.6033	8.0513	5.6472	7.7452	5.899	5.4665	8.7595	6.8573	6.4104	4.5053	5.7821	6.9794	6.131	5.4416	4.4014	6.1242	5.0501	5.8863	8.6345	6.8824	4.4115	6.6507	4.4563	7.0732	7.4185	5.6559	6.4191
U133A__PPID	5.0949	4.7081	6.3369	6.4077	6.511	5.1869	5.9801	4.6728	6.5156	7.3894	7.1278	7.2762	4.8877	4.8359	4.6655	5.973	4.7282	5.6947	6.2058	5.1748	7.1153	5.4494	5.3947	6.7744	6.0593	5.3653	7.6312	5.694	5.3351	5.3484	6.8163	7.1574	5.5997	5.023	5.197	6.5643
U133A__C5orf13	5.1369	6.7214	7.2221	10.5831	6.6718	6.8127	10.1445	5.6449	7.1065	5.0964	5.3783	7.077	7.9666	6.914	5.561	7.2038	5.9763	8.7252	5.4808	5.8234	8.3707	9.2578	5.8943	5.5724	6.9229	7.5753	7.8776	8.2068	8.2004	7.1556	5.2497	9.5255	9.8606	5.4205	6.3202	6.9258
U133A__HLA-C	8.7854	10.5686	11.6679	10.3256	11.4052	11.0708	12.5864	10.813	11.4648	11.0759	11.8655	10.9118	10.8394	8.252	11.0232	11.783	12.3098	9.4587	7.7843	9.2536	10.7895	12.1352	10.024	8.9901	11.4528	11.0879	10.5338	10.2412	12.3605	10.2763	9.6461	9.7808	10.8914	10.2614	9.1612	9.2981
U133A__C10orf116	8.2899	9.178	8.9706	4.472	5.2574	10.0032	4.7791	9.3951	5.1718	8.9521	4.3801	5.2636	9.9213	9.8931	6.1048	6.8811	4.7923	4.7919	6.3825	5.6946	10.1961	4.8802	11.1909	5.2037	11.2659	10.0249	4.7346	6.4343	7.1824	5.2127	7.5886	5.4465	4.9414	10.4616	9.5303	10.8611
U133A__PDLIM1	8.4756	8.1491	8.0434	10.2395	9.2915	8.6414	8.1691	8.872	8.3891	10.8751	9.4136	9.0246	5.0072	10.4489	8.0425	7.2202	8.911	7.2089	7.1798	7.978	5.1613	8.0366	8.0859	8.5789	8.3603	8.9414	8.2225	5.3044	8.6498	7.6047	8.9463	8.3623	5.2351	6.0616	7.8274	8.0082
U133A__GSN	8.1061	10.15	8.785	7.3084	7.8941	10.9304	10.6582	9.1008	8.4068	6.8738	9.206	8.4359	8.8309	8.3216	10.0933	8.9772	9.9856	6.6957	6.9336	8.5384	9.311	5.7017	8.1205	6.2354	10.0492	9.4899	8.2464	6.2992	8.6325	9.4176	8.1646	6.513	9.9793	8.8637	7.6626	8.7535
U133A__HLA-F	7.1514	7.6905	9.2785	7.8591	9.4618	8.793	10.7475	8.2523	9.6511	8.8333	10.4241	8.8233	8.6658	6.5921	8.7351	9.7487	10.5898	8.0524	7.2474	7.8303	8.8431	10.4878	7.9252	7.8877	8.5341	8.7941	8.1935	7.2825	11.0349	8.7181	8.5194	9.0699	8.8619	8.1545	7.4898	7.3955
U133A__TUBA1A	3.5977	6.5989	10.3385	10.2225	9.5811	8.5618	10.0798	9.4561	5.0159	4.3512	4.8868	5.2328	4.1895	6.4301	9.4012	9.5816	8.0618	8.6164	6.7493	8.3105	10.9949	10.4097	5.2917	7.2901	8.6838	4.5294	8.9788	3.888	5.8356	9.6073	5.4475	7.4504	9.7967	4.9264	6.09	9.7726
U133A__OPTN	6.7093	5.5393	6.345	8.1659	7.1064	7.7235	9.3179	7.3846	7.9131	7.5348	7.1387	6.3321	6.0953	6.655	7.9647	8.647	8.9296	7.0793	4.8093	6.1075	7.0115	8.782	5.5732	6.5546	5.5827	6.3509	7.7492	5.1888	7.6344	8.6671	7.8784	6.3001	6.4963	5.9897	5.5903	6.235
U133A__ABLIM1	8.9014	5.137	7.0127	5.1287	5.039	6.9115	8.5793	7.4417	6.7201	8.0471	8.5764	7.3477	6.4693	7.2971	7.9321	6.4772	7.9876	4.3541	5.5293	5.161	7.1559	4.8561	7.9446	7.0666	7.5952	9.4549	6.7257	7.4208	7.5181	8.0406	6.8577	5.867	7.0137	8.6624	9.3072	8.0811
U133A__UBE2L6	6.0578	6.009	9.2064	6.4877	7.5001	6.5728	9.9793	8.4731	7.8909	9.2682	9.8403	7.5473	9.7988	5.2854	5.8958	8.4849	9.1647	7.392	6.342	6.1751	9.54	8.7362	6.4095	6.0392	6.8248	7.4593	7.0879	6.5761	9.903	6.3902	7.134	7.3836	7.5516	8.1028	5.9847	5.3484
U133A__LANCL1	7.9484	7.1973	8.0437	7.4032	6.0496	8.2676	7.471	7.7845	6.858	6.4065	7.4074	6.1261	6.0262	7.1325	6.5866	8.9228	7.4355	7.3639	6.9245	6.5193	7.6214	7.1381	6.6311	7.2862	7.7475	6.4586	5.7058	7.6675	6.9237	8.1542	7.0607	7.5143	6.6789	8.0595	8.0387	7.3553
U133A__VEGFC	4.8359	5.143	4.9123	6.447	6.9266	4.5639	4.5225	4.6426	4.6833	8.0047	4.7197	7.4878	5.1508	4.728	4.5083	4.5668	4.7086	7.9566	5.0759	4.9522	4.8807	6.9223	5.207	6.3583	5.5923	5.7777	7.4084	6.2535	4.386	9.0667	9.0267	6.5974	4.8815	4.5863	6.3003	5.0252
U133A__BMP7	7.1792	10.2899	5.9915	5.5804	5.7056	5.7479	5.7537	6.1111	6.2167	5.7013	7.6113	5.7656	5.9684	8.3614	7.0256	6.2535	5.3106	5.8496	8.2441	8.6872	5.7141	6.8215	5.6201	5.4503	5.7334	5.8301	6.2572	5.615	5.9788	6.0241	5.685	5.5064	5.6985	5.9278	5.5512	5.6131
U133A__FADD	7.2253	7.3694	7.9263	7.3736	6.8245	7.9796	8.0257	7.5068	7.4055	7.7871	7.4981	9.2216	6.8425	7.4372	7.3283	6.8438	7.0393	7.045	8.2105	7.9457	9.9878	7.5091	8.7146	8.1263	8.5757	10.0277	7.0371	8.4773	7.7937	6.7516	8.0897	7.4219	6.5889	6.8788	7.8862	9.1575
U133A__HTRA1	6.2736	6.5619	6.5603	6.4306	7.7376	6.5707	6.7075	5.904	6.5307	7.7992	8.3177	6.4915	6.4617	6.4236	6.16	6.9112	5.9653	8.1098	7.5058	6.8794	6.3703	9.3958	6.821	6.888	8.4262	6.0692	7.5822	6.4565	6.3736	11.4172	9.6218	7.5158	6.3811	8.5513	6.294	6.4095
U133A__PHGDH	7.1537	8.105	6.4854	8.4641	8.1949	7.2091	9.3914	8.3536	7.7658	8.2451	8.4218	7.6994	8.82	7.1137	7.4823	8.446	9.7916	7.6953	7.2645	6.7722	5.8624	7.797	6.6487	6.6278	8.0502	7.8655	8.8836	7.9675	9.2319	9.1647	8.0666	6.5386	9.6919	8.2777	7.2748	7.6427
U133A__SGCB	4.345	4.5248	5.746	7.8458	5.911	5.9386	7.1406	5.1858	7.0696	6.3675	4.4416	5.602	5.0206	3.9234	7.0299	6.7798	4.7882	7.8291	5.4336	5.8159	8.2976	8.6534	5.0713	7.4406	4.5614	4.3851	8.0454	4.0615	6.1206	6.9454	6.2714	7.184	4.3896	5.3401	4.3728	5.1227
U133A__NOTCH3	7.129	7.5035	7.1099	7.1373	4.8909	10.7188	9.2424	5.5662	5.4685	6.8588	8.3503	5.6305	8.0426	7.5159	7.5623	8.4363	11.0395	5.6526	7.3838	7.4329	6.5841	7.6575	8.0986	4.4309	6.816	5.169	7.5581	7.348	7.93	6.0529	6.7354	5.2383	8.0239	5.7466	6.4463	6.9082
U133A__CRYM	6.4583	7.5231	6.4006	6.448	6.5025	6.5711	5.9848	7.0052	6.0575	6.1414	6.1539	6.6828	7.7153	7.245	6.4	6.1823	5.9313	6.4998	6.2619	6.3051	6.5764	6.4642	7.5285	6.1593	7.7217	10.0657	6.278	6.3683	6.0706	6.5873	6.6463	6.4344	6.383	7.7307	9.6367	6.6343
