Cell lines	600MPE	AU565	BT474	BT483	BT549	CAMA1	HBL100	HCC1143	HCC1187	HCC1428	HCC1569	HCC1937	HCC1954	HCC202	HCC2185	HCC3153	HCC38	HCC70	HS578T	LY2	MCF7	MDAMB134VI	MDAMB157	MDAMB175VII	MDAMB231	MDAMB361	MDAMB415	MDAMB436	MDAMB453	MDAMB468	SKBR3	SUM1315MO2	SUM149PT	SUM159PT	SUM185PE	SUM52PE	T47D	UACC812	ZR751	ZR7530	ZR75B
Response	-1	-1	1	-1	1	-1	1	-1	1	-1	-1	-1	1	1	1	-1	-1	-1	-1	-1	-1	1	1	1	1	1	-1	-1	1	1	1	1	1	1	1	1	1	1	-1	1	-1
Meth__cg16512727__C12orf4	0.023632	0.018192	0.32097	0.25887	0.81219	0.23114	0.94846	0.094226	0.71862	0.088648	0.021432	0.44477	0.52418	0.57974	0.62282	0.39435	0.043291	0.19329	0.024943	0.079116	0.10459	0.47207	0.91227	0.65767	0.37187	0.15625	0.027068	0.31036	0.029424	0.65558	0.16254	0.87027	0.40798	0.5108	0.49136	0.3793	0.088803	0.47187	0.13083	0.092414	0.076109
Meth__cg07148914__GGTL3	0.046058	0.043745	0.37765	0.03374	0.053362	0.051011	0.06775	0.053189	0.049424	0.04464	0.046144	0.051187	0.13136	0.047701	0.073965	0.039604	0.053115	0.067396	0.047163	0.044006	0.048525	0.053459	0.053659	0.040643	0.41573	0.055075	0.10002	0.045249	0.085659	0.080316	0.061943	0.047433	0.30185	0.050387	0.10494	0.71886	0.19869	0.08702	0.047284	0.13418	0.041746
Meth__cg19844287__MOCS2	0.040971	0.053139	0.11938	0.037493	0.026809	0.036366	0.15246	0.02999	0.082857	0.041407	0.029595	0.032381	0.061471	0.040122	0.088969	0.036558	0.02728	0.064241	0.026467	0.027194	0.035115	0.3184	0.061924	0.11187	0.049616	0.065383	0.034788	0.020474	0.056881	0.14158	0.074476	0.032687	0.046396	0.028047	0.079148	0.048176	0.081263	0.041064	0.033587	0.057455	0.051624
Meth__cg01377911__NTF5	0.030929	0.043413	0.47731	0.03577	0.46834	0.047157	0.79996	0.046571	0.15948	0.21565	0.035697	0.069803	0.61319	0.59659	0.11934	0.044426	0.065635	0.058032	0.042027	0.026713	0.045121	0.046553	0.93739	0.032374	0.90096	0.42063	0.057157	0.14793	0.17766	0.10135	0.096653	0.041024	0.049776	0.039002	0.53821	0.35255	0.13231	0.039084	0.034333	0.18491	0.029455
Meth__cg03718026__RPS20	0.15455	0.059228	0.40387	0.060246	0.066725	0.057873	0.1447	0.12107	0.070577	0.050029	0.050728	0.052426	0.081873	0.40295	0.075426	0.058228	0.068153	0.086491	0.046159	0.059801	0.060067	0.15066	0.066803	0.1343	0.16547	0.11353	0.1003	0.077174	0.13282	0.10985	0.12972	0.11956	0.059084	0.097575	0.069189	0.061941	0.069268	0.16349	0.074236	0.15709	0.071722
Meth__cg10662787__LGTN	0.020649	0.01751	0.33387	0.020456	0.76597	0.029886	0.064744	0.018191	0.056888	0.025099	0.021579	0.028774	0.069191	0.014984	0.04731	0.032796	0.017621	0.02794	0.020131	0.015775	0.023455	0.029264	0.026002	0.027152	0.05993	0.025171	0.031842	0.028451	0.034682	0.033826	0.025721	0.021215	0.028285	0.024066	0.15867	0.029298	0.095183	0.02241	0.024299	0.04729	0.020591
U133A__SHMT2	6.8623	6.8222	7.071	7.0055	7.6469	6.4895	7.3888	7.1328	7.2544	6.7988	6.8016	6.9625	7.2352	7.8769	7.1546	6.8061	6.8646	7.8655	7.2257	6.7149	7.2691	6.8747	7.2939	6.993	8.2976	7.3437	7.2153	7.3381	7.1317	7.7508	7.177	6.9664	7.6724	8.1897	10.3165	8.1213	7.8199	7.3251	6.8354	6.8955	7.5223
U133A__DUSP6	9.086	4.5862	7.2517	5.9772	4.8545	3.8179	5.6815	3.2318	4.2026	3.781	5.2299	4.5799	7.6182	6.5014	4.4033	4.5763	3.9989	3.4463	6.0844	3.8725	4.1192	7.7835	5.8583	8.4975	9.3144	6.7839	6.3629	4.0255	7.4639	5.6503	3.4721	4.239	6.1233	5.2699	7.8927	10.1408	5.8571	6.0751	3.7037	9.4158	3.6122
Meth__cg23970089__ATP5I	0.034402	0.031159	0.067217	0.036006	0.062311	0.040224	0.033084	0.046048	0.081541	0.039045	0.04128	0.047944	0.062962	0.06167	0.077819	0.036382	0.047075	0.060668	0.51674	0.029172	0.041004	0.055261	0.21013	0.17857	0.40636	0.055858	0.055783	0.028534	0.070662	0.49537	0.061447	0.028785	0.036755	0.061434	0.077779	0.032329	0.051549	0.045303	0.032055	0.31647	0.032446
Meth__cg06361108__CCNF	0.016989	0.027492	0.37312	0.015189	0.78547	0.031166	0.03664	0.017307	0.79348	0.020481	0.022803	0.019778	0.25444	0.041554	0.66431	0.020702	0.016504	0.016747	0.016721	0.010187	0.013677	0.020784	0.54934	0.10273	0.018655	0.02877	0.029229	0.041257	0.028562	0.95511	0.090146	0.013566	0.011676	0.024903	0.012193	0.05844	0.020478	0.019107	0.014321	0.031363	0.015403
Meth__cg21935083__RAD50	0.095773	0.13287	0.47921	0.25744	0.322	0.091299	0.21888	0.31104	0.57495	0.22373	0.097786	0.37391	0.72344	0.27439	0.63493	0.10387	0.093076	0.17711	0.095626	0.22002	0.23928	0.2171	0.53653	0.10235	0.59348	0.22388	0.083751	0.098793	0.19164	0.43046	0.16622	0.040612	0.067621	0.30345	0.85178	0.25875	0.44068	0.62966	0.12169	0.39443	0.11833
Meth__cg26209676__ZNF581	0.082606	0.11409	0.093956	0.082052	0.91326	0.10803	0.87157	0.056556	0.87369	0.096131	0.091323	0.62749	0.42869	0.64868	0.69213	0.63367	0.081338	0.10017	0.60047	0.14368	0.094891	0.083464	0.92315	0.3474	0.14765	0.40674	0.098217	0.16712	0.12758	0.91247	0.14933	0.36665	0.094457	0.14399	0.20585	0.21662	0.54588	0.10869	0.078604	0.22586	0.066219
Meth__cg21516287__LRRC61	0.045576	0.042584	0.07217	0.022794	0.88647	0.026196	0.82164	0.024344	0.041547	0.052231	0.023991	0.054569	0.20628	0.028482	0.056865	0.21338	0.027348	0.051925	0.026885	0.028019	0.029926	0.038135	0.92029	0.034743	0.15123	0.10835	0.066863	0.53994	0.075771	0.03631	0.14334	0.069608	0.061809	0.21087	0.66971	0.056268	0.086938	0.063521	0.04879	0.1097	0.044863
Meth__cg09072120__PRTFDC1	0.030489	0.099081	0.24235	0.027423	0.43821	0.035777	0.98085	0.023486	0.025395	0.023401	0.015631	0.018981	0.47434	0.52713	0.026712	0.9682	0.017625	0.041123	0.024168	0.018265	0.025169	0.42215	0.4064	0.20293	0.045657	0.024964	0.035156	0.18747	0.61808	0.064801	0.19393	0.017412	0.47793	0.57239	0.11628	0.93793	0.030284	0.68579	0.28524	0.90227	0.093138
Meth__cg06708560__DNAJC7	0.071429	0.031559	0.21774	0.064516	0.63649	0.069133	0.6373	0.11491	0.14366	0.1883	0.10061	0.19576	0.49725	0.071889	0.12016	0.057344	0.070882	0.13435	0.070583	0.048626	0.092735	0.07196	0.098871	0.10195	0.732	0.54917	0.15994	0.092829	0.24923	0.77286	0.058684	0.088798	0.48798	0.14534	0.17766	0.082068	0.26523	0.095	0.12352	0.13746	0.06704
Meth__cg24881834__ME1	0.083263	0.071448	0.14225	0.058354	0.34211	0.9518	0.038994	0.058323	0.12932	0.056617	0.27773	0.070091	0.096239	0.17614	0.10463	0.06974	0.052026	0.082832	0.052402	0.043473	0.077971	0.3829	0.085865	0.20927	0.090895	0.8503	0.056051	0.081208	0.9032	0.19044	0.090175	0.051092	0.20383	0.06474	0.96194	0.060022	0.87993	0.074803	0.052394	0.087174	0.047924
Meth__cg18349835__VIPR2	0.016201	0.15174	0.50974	0.44884	0.96854	0.97669	0.33905	0.94933	0.87355	0.05519	0.65087	0.97809	0.91135	0.96169	0.86328	0.011903	0.013747	0.063947	0.14385	0.12641	0.017545	0.96472	0.018046	0.98575	0.93427	0.93607	0.044002	0.0087633	0.9163	0.96936	0.41725	0.97496	0.14561	0.67852	0.62032	0.95758	0.94259	0.025158	0.018156	0.92593	0.018384
Meth__cg02128567__KCNK5	0.027432	0.034767	0.091834	0.031232	0.98454	0.048709	0.74997	0.044876	0.033172	0.023146	0.045549	0.029614	0.46257	0.069087	0.035436	0.032087	0.03236	0.076503	0.31617	0.12233	0.088607	0.049139	0.14299	0.14688	0.55417	0.63545	0.065166	0.038752	0.95948	0.027123	0.049509	0.051398	0.043662	0.89039	0.52514	0.64122	0.11654	0.03463	0.072119	0.15965	0.041909
Meth__cg24014020__PIGQ	0.035708	0.022447	0.044262	0.042465	0.045459	0.047792	0.35007	0.063194	0.053326	0.031669	0.027862	0.071357	0.064512	0.057542	0.057767	0.048269	0.034077	0.068645	0.033701	0.027302	0.041532	0.035798	0.075919	0.029484	0.073781	0.044892	0.10665	0.033536	0.1245	0.059157	0.1418	0.052003	0.040445	0.042913	0.048908	0.048689	0.096336	0.056692	0.040734	0.10041	0.039319
Meth__cg27458888__UBE3A	0.017949	0.020601	0.038275	0.022256	0.029771	0.073233	0.083882	0.0172	0.11041	0.033832	0.027467	0.020448	0.031997	0.031247	0.098498	0.024627	0.019545	0.037647	0.017377	0.021171	0.03105	0.031211	0.043092	0.025181	0.039339	0.056781	0.033051	0.073229	0.067106	0.20469	0.043654	0.023956	0.021329	0.029563	0.025171	0.019168	0.10263	0.032293	0.021238	0.052414	0.022462
Meth__cg08158289__KIAA0141	0.065812	0.067538	0.55398	0.2134	0.33923	0.19117	0.61026	0.45256	0.53794	0.2582	0.084082	0.088299	0.26432	0.74026	0.41988	0.12166	0.28599	0.049604	0.19733	0.066017	0.13599	0.3351	0.60684	0.21	0.68998	0.47783	0.10313	0.047019	0.25474	0.32059	0.15993	0.026168	0.0316	0.76993	0.24336	0.033058	0.03093	0.20906	0.044284	0.86741	0.031018
Meth__cg16695354__LYSMD2	0.058651	0.11356	0.09456	0.073864	0.047166	0.094563	0.15679	0.055197	0.081342	0.069857	0.067782	0.064673	0.17415	0.18406	0.089219	0.058185	0.07807	0.22634	0.059805	0.068819	0.12069	0.3874	0.090812	0.1183	0.12266	0.11472	0.072082	0.051507	0.10571	0.077714	0.15093	0.058458	0.068475	0.079514	0.16185	0.071138	0.15816	0.097916	0.066678	0.13788	0.056452
Meth__cg11928635__ZNF318	0.046456	0.025782	0.055716	0.031943	0.1227	0.028728	0.12691	0.029225	0.044329	0.034282	0.024071	0.028818	0.14097	0.045802	0.041377	0.038175	0.066024	0.067281	0.025421	0.03317	0.058023	0.087757	0.039111	0.048815	0.075032	0.05072	0.061983	0.055243	0.51325	0.28393	0.077019	0.034853	0.024937	0.049041	0.15401	0.045119	0.15059	0.04185	0.051407	0.065258	0.039902
Meth__cg04228573__MAP2K6	0.052144	0.041262	0.47792	0.042699	0.06896	0.09235	0.12409	0.055952	0.095065	0.047522	0.064589	0.058724	0.3598	0.04032	0.089003	0.072105	0.05008	0.16862	0.055357	0.034434	0.045145	0.4882	0.047376	0.05469	0.10108	0.22403	0.1018	0.070914	0.70387	0.088745	0.068372	0.037179	0.056192	0.09255	0.075929	0.079682	0.13505	0.05915	0.053261	0.11352	0.048084
Meth__cg17119387__KIAA0664	0.027009	0.016508	0.21746	0.027178	0.58758	0.038233	0.29234	0.046207	0.97977	0.27616	0.026901	0.43526	0.90608	0.84139	0.70171	0.25543	0.024471	0.04352	0.091924	0.11091	0.40901	0.040294	0.41006	0.46014	0.94028	0.25878	0.060549	0.027999	0.15461	0.96601	0.030133	0.022848	0.022337	0.86499	0.9111	0.28112	0.038457	0.038299	0.028379	0.13815	0.031082
Meth__cg13850625__FLJ11155	0.028453	0.028665	0.056077	0.026602	0.58176	0.027783	0.025596	0.026872	0.030847	0.030619	0.028651	0.024981	0.070941	0.091809	0.03646	0.03677	0.023239	0.070225	0.022801	0.022428	0.032417	0.23753	0.031584	0.022448	0.0398	0.035487	0.072745	0.029722	0.075892	0.036472	0.058975	0.029316	0.030523	0.027937	0.051499	0.059835	0.061111	0.029015	0.037749	0.11145	0.028339
Meth__cg24995798__C10orf63	0.035185	0.02299	0.056734	0.031635	0.031039	0.043103	0.1169	0.034834	0.046578	0.02953	0.042879	0.034909	0.047985	0.044248	0.11865	0.030441	0.025092	0.032072	0.042705	0.03709	0.032668	0.045787	0.068195	0.030852	0.046043	0.045176	0.18204	0.029175	0.097998	0.044103	0.049086	0.031564	0.038301	0.48846	0.027111	0.033614	0.06283	0.034214	0.044778	0.21401	0.034934
Meth__cg05339305__DIPA	0.025201	0.018701	0.097581	0.018976	0.020027	0.013506	0.022768	0.016408	0.09679	0.021738	0.016031	0.15026	0.18797	0.026763	0.073402	0.084552	0.020844	0.051097	0.015496	0.018593	0.020411	0.090502	0.035582	0.016508	0.029692	0.04267	0.030925	0.015563	0.025257	0.19626	0.028592	0.021165	0.015312	0.11537	0.036185	0.022132	0.028841	0.02219	0.017668	0.031993	0.019932
Meth__cg01699584__KCTD8	0.013781	0.011673	0.022139	0.010938	0.015818	0.018766	0.026258	0.022858	0.015724	0.014598	0.017236	0.013743	0.044668	0.020503	0.013672	0.010247	0.026142	0.031652	0.010802	0.0080612	0.019463	0.037491	0.018902	0.012133	0.033346	0.019635	0.0243	0.01531	0.032731	0.057072	0.030998	0.014308	0.014638	0.018511	0.0094985	0.21634	0.041436	0.55099	0.019567	0.03488	0.014938
Meth__cg04848452__EIF1B	0.11026	0.090276	0.6968	0.52335	0.49235	0.11484	0.20303	0.0532	0.16484	0.90938	0.55929	0.095442	0.88991	0.69231	0.16008	0.055189	0.066964	0.11473	0.062113	0.097791	0.094086	0.13033	0.099901	0.52786	0.2769	0.23304	0.18817	0.085397	0.76462	0.93389	0.15482	0.05012	0.6831	0.074985	0.58627	0.63227	0.59447	0.22565	0.30054	0.15955	0.10035
Meth__cg25088874__BMPR1B	0.030967	0.030663	0.041541	0.02271	0.18472	0.034508	0.26245	0.030346	0.028462	0.032033	0.044662	0.23926	0.10615	0.044886	0.038871	0.031226	0.027453	0.051254	0.02997	0.029104	0.031869	0.049854	0.033817	0.037348	0.075321	0.036658	0.066168	0.032868	0.32372	0.04288	0.092681	0.022264	0.025571	0.69829	0.054812	0.044728	0.89095	0.035648	0.037614	0.48984	0.031097
Meth__cg18806365__FABP5	0.35089	0.12028	0.66673	0.1151	0.90851	0.53747	0.37073	0.16853	0.29301	0.41177	0.26966	0.13859	0.95026	0.2325	0.5975	0.53904	0.14127	0.22999	0.10309	0.21989	0.23771	0.84893	0.20532	0.26037	0.45701	0.24194	0.28837	0.34598	0.96471	0.34773	0.22146	0.16724	0.22684	0.20631	0.97263	0.94553	0.75351	0.9593	0.24711	0.9295	0.22895
Meth__cg23615676__KCNN2	0.031881	0.040022	0.041475	0.030886	0.9658	0.039935	0.17649	0.069064	0.048993	0.044105	0.36251	0.13078	0.74019	0.049809	0.047348	0.051677	0.48179	0.095802	0.031558	0.03937	0.04165	0.43624	0.045201	0.032209	0.86374	0.94711	0.20096	0.045553	0.44675	0.95051	0.079467	0.035403	0.045886	0.59085	0.64674	0.96228	0.36799	0.047814	0.041193	0.046919	0.040419
Meth__cg21975377__FZD6	0.054756	0.042492	0.37893	0.054086	0.035936	0.42378	0.06965	0.034559	0.052045	0.050746	0.047588	0.030954	0.078501	0.12486	0.038705	0.0353	0.035512	0.089874	0.030966	0.041438	0.041086	0.54483	0.21951	0.16749	0.10508	0.049765	0.060942	0.038242	0.35436	0.04168	0.056623	0.40796	0.036136	0.036713	0.043973	0.043694	0.67252	0.050216	0.034585	0.084674	0.035988
Meth__cg14500718__TMEM79	0.024168	0.025309	0.25191	0.031167	0.83653	0.12149	0.93545	0.27012	0.051766	0.031673	0.024602	0.12423	0.074283	0.1862	0.052126	0.15513	0.42654	0.098695	0.017484	0.067961	0.046543	0.081142	0.83811	0.44691	0.51764	0.27512	0.035847	0.033255	0.045958	0.075379	0.045466	0.022665	0.030914	0.036151	0.47359	0.36208	0.051384	0.23463	0.034298	0.27776	0.021574
Meth__cg03985136__ULBP2	0.043438	0.052763	0.084601	0.051181	0.52035	0.23123	0.17566	0.10622	0.067909	0.059994	0.12529	0.195	0.28338	0.067654	0.2003	0.093214	0.046224	0.058763	0.075452	0.11275	0.056018	0.95368	0.23238	0.070361	0.48238	0.071503	0.087897	0.068134	0.48372	0.57814	0.083777	0.041291	0.06208	0.32211	0.10077	0.35847	0.067327	0.065501	0.053968	0.17685	0.045998
Meth__cg14147105__LOC93343	0.037149	0.037515	0.98077	0.024276	0.049231	0.042653	0.069913	0.061187	0.61279	0.044181	0.041148	0.031651	0.064622	0.040079	0.53419	0.035611	0.030562	0.064872	0.06727	0.052388	0.046594	0.045897	0.041592	0.227	0.064456	0.045426	0.052264	0.043768	0.07254	0.054875	0.073059	0.052401	0.077699	0.031555	0.035949	0.024947	0.069131	0.051409	0.037993	0.071496	0.043489
Meth__cg15119375__MGC3020	0.036957	0.027698	0.042861	0.03489	0.046274	0.039919	0.046392	0.034098	0.042823	0.042497	0.039421	0.028613	0.66101	0.018916	0.14162	0.037189	0.027048	0.12	0.094654	0.031215	0.043769	0.066629	0.041051	0.027622	0.075104	0.039839	0.092071	0.030691	0.20235	0.042817	0.065804	0.031618	0.03989	0.041102	0.64006	0.90423	0.13487	0.047339	0.038226	0.10767	0.037069
Meth__cg08704509__GRAMD3	0.055681	0.039858	0.062069	0.037727	0.079399	0.048905	0.16416	0.063963	0.07659	0.047564	0.034651	0.065022	0.10687	0.042373	0.089977	0.043982	0.043903	0.085652	0.058147	0.030376	0.043478	0.052085	0.073606	0.039278	0.11156	0.051831	0.070787	0.91108	0.10973	0.060306	0.091142	0.38903	0.054866	0.17116	0.13359	0.028733	0.078189	0.0611	0.04899	0.10458	0.048629
U133A__POMZP3	5.4865	6.9158	4.8456	6.8032	4.5827	6.9213	5.7618	5.5264	7.0392	6.9656	5.8224	6.2726	5.167	6.7511	6.4184	5.8832	6.3568	6.674	5.9695	5.8044	5.7527	4.6042	5.6313	5.7987	5.8609	5.5526	6.3727	6.6844	4.785	5.9917	7.0482	5.1092	5.7715	4.1477	4.9582	4.7271	5.8462	5.25	6.281	6.7523	8.1041
U133A__FABP5	4.1904	4.0367	3.7473	6.4085	3.5435	5.3344	3.9169	9.2366	8.4386	7.491	9.3953	11.1944	3.3571	3.6996	3.6829	8.758	9.6872	11.0183	8.9013	5.7227	6.7429	3.8621	8.3248	8.5209	9.7444	8.3436	6.9507	8.5762	3.6349	3.1469	5.3397	10.4027	8.9495	9.9405	3.7177	3.5081	3.7815	3.5285	4.8338	3.7601	9.0063
Meth__cg14992253__C1orf91	0.065568	0.16081	0.12184	0.053106	0.050964	0.057333	0.09074	0.04886	0.084165	0.063892	0.065551	0.10085	0.092051	0.064432	0.095256	0.049083	0.032673	0.11838	0.056932	0.048841	0.059475	0.069541	0.061318	0.13391	0.26929	0.13511	0.097137	0.058187	0.12081	0.29146	0.079481	0.073929	0.091228	0.056676	0.053392	0.078492	0.16031	0.28818	0.064782	0.76829	0.079977
Meth__cg01646665__TMEM79	0.03049	0.039012	0.15621	0.032032	0.7164	0.075569	0.62003	0.52293	0.07336	0.035257	0.02801	0.75763	0.14043	0.23356	0.085961	0.056613	0.084144	0.093932	0.042791	0.054557	0.041235	0.063337	0.77509	0.12657	0.36229	0.21729	0.067576	0.052994	0.033162	0.079115	0.04515	0.20351	0.062817	0.034564	0.34473	0.13033	0.030468	0.077972	0.033553	0.07943	0.029956
Meth__cg02066887__POLD4	0.015942	0.027871	0.089537	0.056585	0.1149	0.061878	0.070611	0.038676	0.52654	0.22842	0.022084	0.27355	0.094462	0.023548	0.40823	0.044932	0.026377	0.072875	0.018878	0.053747	0.026057	0.094541	0.060367	0.043157	0.084379	0.047296	0.027347	0.035888	0.046988	0.088848	0.065064	0.031829	0.031828	0.029937	0.032552	0.032542	0.088327	0.14894	0.016306	0.11101	0.018923
Meth__cg05154390__MRPS15	0.023137	0.015702	0.058732	0.04667	0.030448	0.028504	0.068207	0.55847	0.036427	0.035799	0.018532	0.092409	0.034896	0.099332	0.034902	0.023282	0.032262	0.029511	0.034204	0.024336	0.027483	0.20321	0.09572	0.14628	0.10604	0.035779	0.041054	0.023903	0.048853	0.034572	0.033766	0.022644	0.02044	0.24957	0.046946	0.023839	0.056616	0.046684	0.028094	0.055741	0.031742
Meth__cg12081743__HDAC9	0.34242	0.12183	0.82585	0.54753	0.80989	0.63084	0.28444	0.09037	0.69406	0.10575	0.15521	0.19236	0.785	0.26007	0.58467	0.1041	0.096004	0.067801	0.098083	0.073182	0.13398	0.9017	0.12713	0.61023	0.57569	0.60135	0.15277	0.30721	0.79865	0.12709	0.31395	0.11738	0.14788	0.12898	0.76466	0.24726	0.17596	0.49354	0.64859	0.28103	0.66201
Meth__cg21803680__LOC92691	0.040599	0.035394	0.15045	0.033121	0.040547	0.046312	0.071731	0.043619	0.037687	0.029928	0.028953	0.090702	0.083285	0.049962	0.045755	0.04688	0.027106	0.043922	0.023978	0.029942	0.058224	0.18261	0.15867	0.030688	0.2965	0.26006	0.087247	0.035343	0.33051	0.042055	0.0531	0.03626	0.027888	0.041156	0.38291	0.19112	0.058546	0.043981	0.042386	0.20301	0.076105
Meth__cg03919644__LRRIQ2	0.016509	0.013001	0.025065	0.015471	0.018432	0.01345	0.020045	0.4344	0.018482	0.02282	0.016613	0.013753	0.018997	0.028913	0.016719	0.015602	0.018777	0.027773	0.016298	0.018877	0.016042	0.01764	0.018831	0.019516	0.024005	0.015912	0.018453	0.01724	0.048832	0.019315	0.032697	0.024379	0.01875	0.020386	0.01984	0.013324	0.025556	0.018029	0.018795	0.029776	0.015785
Meth__cg05810550__DEFB106A	0.81795	0.088023	0.2544	0.089758	0.091386	0.44751	0.14286	0.86393	0.19873	0.24435	0.77214	0.57226	0.48737	0.1069	0.15803	0.37064	0.83502	0.24033	0.12969	0.65485	0.53209	0.33449	0.22216	0.78687	0.080089	0.22696	0.34652	0.47493	0.26413	0.080299	0.15888	0.045771	0.10057	0.086881	0.11392	0.39947	0.34371	0.79695	0.50317	0.42917	0.6385
Meth__cg12188860__TOP1MT	0.062679	0.03888	0.8915	0.18936	0.31038	0.22458	0.81942	0.25071	0.052525	0.14131	0.04558	0.68665	0.38254	0.65691	0.34455	0.045873	0.037389	0.19687	0.031049	0.35025	0.16217	0.42764	0.48116	0.3984	0.78213	0.94101	0.16584	0.054715	0.38123	0.069302	0.083369	0.0391	0.1427	0.050066	0.96509	0.041261	0.12796	0.95245	0.13675	0.88492	0.049469
Meth__cg08473533__MGC24381	0.037131	0.029818	0.034871	0.02392	0.048764	0.034345	0.028218	0.03423	0.038637	0.027196	0.037564	0.065196	0.10035	0.020194	0.029778	0.03611	0.033844	0.089076	0.019321	0.021624	0.026918	0.027838	0.090763	0.037646	0.58327	0.03557	0.057757	0.027751	0.25785	0.13159	0.089277	0.026535	0.078252	0.041588	0.035652	0.037196	0.08146	0.03535	0.025281	0.099548	0.027462
Meth__cg13613748__VPS4B	0.042	0.10891	0.056052	0.038523	0.043409	0.047545	0.079848	0.049069	0.14877	0.049003	0.051594	0.10453	0.155	0.03762	0.14644	0.051692	0.033385	0.052142	0.025036	0.034068	0.065067	0.090102	0.51053	0.054787	0.11667	0.05778	0.090241	0.072434	0.087999	0.68041	0.17986	0.028822	0.067434	0.040154	0.076864	0.28366	0.080556	0.045852	0.034326	0.17228	0.046472
U133A__SLC20A1	7.6427	8.3199	8.0107	8.0721	8.7256	8.1272	9.098	6.6759	7.5472	7.2886	7.0867	7.2382	9.1363	8.6551	7.4381	7.0011	8.3231	8.0025	9.425	8.8983	8.0417	8.9864	8.9097	7.4554	9.9645	8.8543	7.5266	9.5906	8.1997	8.3044	8.2994	9.5412	9.3595	9.9595	8.2021	9.2262	7.8515	8.6013	6.8781	8.6514	8.2112
Meth__cg00565075__EIF3S6IP	0.16894	0.045324	0.16582	0.24645	0.38969	0.10767	0.32374	0.059248	0.45149	0.075235	0.047376	0.30563	0.081729	0.043672	0.38618	0.15835	0.19964	0.10753	0.08944	0.043929	0.048825	0.26731	0.048602	0.38062	0.31292	0.49642	0.14972	0.044601	0.40806	0.15898	0.07376	0.048957	0.34894	0.12692	0.26038	0.1817	0.0745	0.098402	0.050909	0.16307	0.046548
Meth__cg11847459__MBIP	0.028477	0.025519	0.028274	0.026834	0.030363	0.030174	0.048958	0.018615	0.025344	0.030736	0.027405	0.028259	0.056754	0.41514	0.34286	0.024662	0.022746	0.061956	0.027981	0.021513	0.027038	0.05836	0.027974	0.021483	0.057268	0.02835	0.031395	0.025667	0.046658	0.32907	0.0415	0.025625	0.023683	0.029515	0.42615	0.025634	0.032109	0.47919	0.028048	0.045812	0.028008
Meth__cg15153383__KATNB1	0.069835	0.048573	0.065011	0.088508	0.10705	0.059772	0.18635	0.051001	0.3324	0.073518	0.060336	0.33422	0.38453	0.12589	0.26652	0.081982	0.056399	0.073918	0.064362	0.049461	0.07231	0.099932	0.25384	0.064584	0.12775	0.045171	0.078779	0.11756	0.071	0.36216	0.078655	0.043678	0.070843	0.081121	0.072936	0.82035	0.37505	0.85631	0.066059	0.24026	0.073622
Meth__cg08560942__ACHE	0.03743	0.025572	0.093884	0.054734	0.039465	0.37955	0.056617	0.035747	0.12569	0.039174	0.05646	0.050926	0.086077	0.14633	0.12257	0.03429	0.038303	0.18262	0.037336	0.046157	0.043853	0.05615	0.033182	0.041132	0.32161	0.052203	0.076745	0.033725	0.16042	0.064322	0.060819	0.041409	0.056592	0.046019	0.038762	0.24965	0.12105	0.049778	0.043637	0.072484	0.029181
Meth__cg25282780__AK3	0.14683	0.13406	0.83741	0.42328	0.40876	0.097045	0.27422	0.10175	0.95376	0.83954	0.1279	0.26877	0.94728	0.93274	0.87696	0.15556	0.047862	0.22531	0.092611	0.1012	0.10992	0.1329	0.098696	0.095587	0.78138	0.19983	0.14282	0.075553	0.18945	0.88492	0.24633	0.10659	0.087217	0.11648	0.87513	0.57591	0.18458	0.11104	0.11536	0.51126	0.07957
Meth__cg10844844__KCNK5	0.045353	0.046784	0.1082	0.051501	0.93447	0.045847	0.68124	0.078723	0.082708	0.049055	0.048573	0.088788	0.14181	0.16412	0.094278	0.071303	0.064668	0.16101	0.20365	0.085412	0.061903	0.14163	0.27395	0.04549	0.30666	0.17251	0.11483	0.092903	0.89048	0.070827	0.096294	0.0512	0.29755	0.14244	0.22145	0.070856	0.068318	0.056492	0.088064	0.089488	0.099977
Meth__cg04482110__TMEM106A	0.023432	0.020892	0.88436	0.15311	0.42983	0.026189	0.044329	0.023434	0.69268	0.043758	0.020037	0.59351	0.76231	0.054865	0.59189	0.28842	0.016406	0.061384	0.020044	0.041867	0.31156	0.54253	0.52115	0.32994	0.035968	0.026676	0.04387	0.048147	0.079417	0.7614	0.093327	0.46035	0.028636	0.038516	0.17213	0.021297	0.053025	0.38923	0.16578	0.040789	0.02283
Meth__cg01468621__BRSK2	0.57394	0.028568	0.093284	0.037485	0.082828	0.048761	0.15592	0.08727	0.42299	0.038062	0.051694	0.06806	0.085702	0.047797	0.39803	0.057992	0.04699	0.083738	0.28498	0.046441	0.043943	0.033318	0.066912	0.2171	0.45293	0.096468	0.081817	0.066362	0.87873	0.08727	0.059893	0.21903	0.32867	0.92434	0.1412	0.036537	0.11664	0.053532	0.039139	0.68629	0.10934
Meth__cg16063112__C10orf107	0.21821	0.57974	0.93049	0.41467	0.046668	0.40617	0.72647	0.12209	0.13071	0.080068	0.097218	0.55063	0.86118	0.94932	0.41583	0.41237	0.058147	0.19567	0.056335	0.064438	0.13656	0.90201	0.071095	0.64747	0.28627	0.8838	0.092461	0.43061	0.81944	0.5862	0.28476	0.057718	0.45253	0.6676	0.84267	0.94889	0.63759	0.082263	0.092073	0.25181	0.59426
U133A__GAL	5.5668	5.0145	5.1247	5.5186	4.3321	5.1451	4.8246	5.9986	7.9881	4.8284	8.7914	6.4929	5.9047	4.7434	5.3813	8.2046	6.7009	4.1139	4.7831	6.4596	6.1713	4.3119	4.8966	4.9348	4.4756	5.308	4.7313	7.4091	4.5764	4.981	4.8875	4.9972	7.4613	5.5538	4.7111	4.6807	4.7853	4.9327	4.9922	4.7946	8.7476
Meth__cg24505527__NKIRAS2	0.030337	0.025381	0.048708	0.042636	0.039397	0.048117	0.043158	0.18172	0.033622	0.041552	0.029264	0.033564	0.10464	0.051311	0.042967	0.041044	0.031074	0.061361	0.04697	0.034013	0.04308	0.048506	0.048699	0.042021	0.073865	0.052674	0.071666	0.032988	0.088761	0.044452	0.063488	0.037826	0.04788	0.033632	0.050872	0.038987	0.11767	0.048591	0.043541	0.13275	0.033247
Meth__cg09250703__PIR	0.60089	0.062961	0.60011	0.24839	0.60693	0.053021	0.14802	0.05073	0.047735	0.035092	0.055485	0.041297	0.55334	0.20495	0.068389	0.033634	0.057567	0.2562	0.028229	0.026475	0.050989	0.93308	0.087986	0.63868	0.075253	0.51506	0.041584	0.091128	0.26361	0.044904	0.23841	0.034741	0.089886	0.045975	0.22384	0.034748	0.12065	0.54062	0.20027	0.59649	0.045861
Meth__cg07233761__ESM1	0.018042	0.012968	0.05121	0.018443	0.074561	0.023599	0.026089	0.045128	0.014938	0.020067	0.023457	0.013693	0.046361	0.019204	0.019771	0.01937	0.017163	0.046101	0.016963	0.013674	0.021782	0.11636	0.025374	0.019537	0.14666	0.017068	0.029971	0.015495	0.17574	0.02443	0.035445	0.018811	0.014475	0.0158	0.32233	0.04984	0.032978	0.02526	0.021803	0.031505	0.021508
Meth__cg00563229__XKR8	0.028792	0.023075	0.78498	0.1583	0.82176	0.026016	0.031271	0.031836	0.26794	0.041147	0.019674	0.016322	0.074588	0.024507	0.15211	0.018356	0.022186	0.033173	0.22642	0.022607	0.021283	0.061208	0.027354	0.031093	0.116	0.028559	0.030782	0.017391	0.054799	0.027015	0.043743	0.16479	0.01659	0.022366	0.026248	0.021652	0.057671	0.033466	0.033403	0.080502	0.016299
Meth__cg00497251__RNPEPL1	0.026006	0.027835	0.11178	0.10477	0.24048	0.026583	0.63161	0.017637	0.57328	0.10785	0.035567	0.86453	0.1506	0.35362	0.42507	0.28426	0.03194	0.0594	0.023586	0.036391	0.02926	0.06115	0.91626	0.033231	0.25352	0.038951	0.032288	0.058899	0.074108	0.19033	0.059952	0.023993	0.026168	0.27961	0.02231	0.026355	0.11673	0.367	0.025195	0.10494	0.030946
Meth__cg13784855__PVT1	0.043054	0.035733	0.055166	0.02556	0.039094	0.038652	0.044106	0.02766	0.052974	0.048982	0.037943	0.029255	0.054941	0.038711	0.054512	0.037221	0.027351	0.18715	0.031295	0.027929	0.048702	0.061362	0.061481	0.083664	0.070521	0.24427	0.066727	0.039631	0.061782	0.043127	0.063238	0.030989	0.030337	0.038437	0.03387	0.026112	0.049696	0.039633	0.033321	0.083524	0.037905
Meth__cg08980578__KCNK6	0.052421	0.0447	0.29239	0.035123	0.67341	0.051334	0.10741	0.96312	0.070294	0.041792	0.04981	0.82971	0.13202	0.20894	0.067288	0.31506	0.30451	0.069226	0.055813	0.043379	0.04993	0.053259	0.4554	0.14447	0.64351	0.38255	0.045137	0.24224	0.52792	0.8582	0.071906	0.04988	0.073424	0.056481	0.093217	0.11978	0.14196	0.067559	0.059537	0.14042	0.05426
Meth__cg02376703__EPHA1	0.05208	0.058166	0.054508	0.038427	0.5081	0.043358	0.27921	0.057901	0.054558	0.058448	0.040735	0.05529	0.11305	0.022049	0.061279	0.046489	0.048034	0.047358	0.043597	0.032219	0.054098	0.058939	0.055269	0.024481	0.33556	0.076585	0.084487	0.70441	0.098926	0.055521	0.099753	0.050258	0.077344	0.049411	0.056678	0.073457	0.12939	0.062116	0.064134	0.11723	0.052697
Meth__cg00243313__IRX4	0.029184	0.023705	0.027316	0.017799	0.78009	0.038015	0.08037	0.93953	0.13974	0.025441	0.026216	0.030656	0.40097	0.056494	0.1059	0.68599	0.023674	0.090337	0.052295	0.026314	0.028003	0.32311	0.2733	0.022879	0.75008	0.039598	0.048514	0.039626	0.62835	0.26399	0.051565	0.029355	0.034529	0.085462	0.021158	0.25412	0.033346	0.036342	0.02772	0.69905	0.029975
Meth__cg11946769__NME6	0.037032	0.02268	0.26304	0.028399	0.024424	0.046625	0.037767	0.024322	0.035846	0.039951	0.029718	0.02212	0.076321	0.026449	0.030296	0.028148	0.024345	0.031333	0.02433	0.029023	0.036604	0.034478	0.046079	0.1779	0.054402	0.13723	0.084401	0.028518	0.047789	0.036603	0.10466	0.025821	0.024307	0.39962	0.024339	0.027989	0.06931	0.032559	0.026342	0.06349	0.02396
Meth__cg25933726__RPGR	0.67075	0.26274	0.02364	0.34912	0.033652	0.033927	0.16521	0.041244	0.60908	0.029148	0.027725	0.60578	0.47933	0.66987	0.47221	0.055181	0.037832	0.088424	0.035577	0.029357	0.03863	0.59506	0.27783	0.41454	0.11615	0.63294	0.25972	0.027897	0.55218	0.031342	0.1461	0.64841	0.039185	0.69109	0.62441	0.058441	0.048625	0.51087	0.16358	0.68926	0.038994
Meth__cg04565661__SEMA5B	0.037954	0.035447	0.048691	0.025486	0.033242	0.043862	0.041884	0.027519	0.023681	0.036655	0.041927	0.023059	0.23601	0.035792	0.035744	0.099831	0.024058	0.040476	0.02615	0.023707	0.034072	0.8676	0.043235	0.036699	0.10598	0.040433	0.051431	0.029817	0.080616	0.033611	0.051176	0.13449	0.03234	0.033669	0.09335	0.62244	0.064363	0.049237	0.055082	0.097937	0.035045
Meth__cg24861272__TCF8	0.038855	0.037689	0.044616	0.039819	0.14207	0.054478	0.089573	0.060355	0.3285	0.043142	0.055784	0.16859	0.08752	0.25943	0.28224	0.070876	0.064282	0.21721	0.034196	0.050343	0.037839	0.096995	0.11917	0.041885	0.13625	0.057979	0.060601	0.041399	0.068102	0.1252	0.055926	0.043716	0.040996	0.32951	0.36638	0.049131	0.062122	0.040185	0.062325	0.098476	0.05271
Meth__cg09812049__WIRE	0.023938	0.019731	0.036766	0.024252	0.062367	0.051729	0.027909	0.078808	0.02462	0.029607	0.092234	0.03714	0.073303	0.038017	0.032354	0.02384	0.029794	0.033848	0.021042	0.022336	0.022799	0.032191	0.048757	0.037373	0.10252	0.039059	0.042842	0.024124	0.056269	0.033846	0.03597	0.022326	0.023367	0.20108	0.037487	0.027815	0.028462	0.092475	0.025206	0.10503	0.027205
Meth__cg11827595__C3orf10	0.076609	0.093968	0.097395	0.058192	0.27334	0.082879	0.31714	0.054883	0.29852	0.088806	0.045192	0.19524	0.15472	0.090455	0.2754	0.18976	0.11974	0.15433	0.056714	0.063045	0.070944	0.075044	0.054365	0.12145	0.13624	0.078729	0.12729	0.055608	0.12809	0.49561	0.1667	0.050641	0.45256	0.084285	0.079752	0.095602	0.17761	0.14668	0.086377	0.15084	0.064174
Meth__cg14106308__VEPH1	0.061824	0.065457	0.058663	0.04718	0.74006	0.072702	0.87572	0.056818	0.076747	0.061267	0.043381	0.054619	0.11765	0.032045	0.075559	0.047875	0.05251	0.19318	0.91641	0.048847	0.045283	0.91523	0.12974	0.049184	0.10675	0.063835	0.066592	0.15212	0.11284	0.061265	0.09731	0.32904	0.049154	0.51594	0.077719	0.070133	0.1633	0.07505	0.064521	0.094302	0.059159
Meth__cg14865868__TRIB2	0.10308	0.64561	0.90034	0.47951	0.92525	0.34918	0.70175	0.06615	0.12181	0.087788	0.10818	0.38206	0.15318	0.36293	0.34573	0.21309	0.076984	0.082829	0.059734	0.53975	0.11093	0.93116	0.076992	0.1001	0.10791	0.80564	0.24542	0.41727	0.32624	0.60627	0.74625	0.21996	0.11775	0.55821	0.68587	0.40836	0.37627	0.87268	0.45903	0.32026	0.085101
Meth__cg14617642__H2AFY2	0.022648	0.014353	0.015667	0.014353	0.19943	0.018575	0.024837	0.011737	0.015404	0.016089	0.018857	0.04948	0.026732	0.026392	0.018208	0.015066	0.011047	0.024687	0.013091	0.0091125	0.017755	0.013575	0.017549	0.017731	0.67339	0.016585	0.023902	0.015624	0.062101	0.34289	0.035016	0.014379	0.023506	0.019707	0.0091523	0.10844	0.0439	0.012789	0.014089	0.03657	0.011715
Meth__cg21332946__LIX1L	0.029688	0.018964	0.033641	0.021481	0.027172	0.028347	0.027515	0.016489	0.016066	0.026093	0.025944	0.022276	0.081342	0.031262	0.02264	0.029098	0.019344	0.15037	0.018554	0.020166	0.025793	0.14264	0.03349	0.020956	0.062228	0.049774	0.095163	0.026915	0.071631	0.035962	0.045591	0.031544	0.026369	0.033974	0.020502	0.026522	0.042651	0.029962	0.024788	0.089291	0.029444
Meth__cg13514050__GGTL3	0.050261	0.046279	0.48089	0.040941	0.036992	0.05784	0.056767	0.064753	0.046533	0.051382	0.043323	0.064701	0.13329	0.04223	0.092074	0.040123	0.042974	0.089795	0.028717	0.044644	0.052655	0.046777	0.049163	0.074552	0.7671	0.057687	0.070284	0.04635	0.12636	0.063326	0.098408	0.047106	0.038187	0.052212	0.19354	0.70854	0.10886	0.05325	0.043032	0.095913	0.051828
Meth__cg22297305__PRODH	0.023848	0.020475	0.024648	0.020181	0.59447	0.027669	0.039632	0.021907	0.021668	0.024426	0.033677	0.026373	0.043658	0.018172	0.024539	0.01917	0.020513	0.024624	0.021467	0.032369	0.033348	0.11509	0.025488	0.021529	0.58887	0.026068	0.028688	0.028479	0.15146	0.024031	0.035807	0.030367	0.035275	0.01958	0.032733	0.031448	0.057773	0.024588	0.021694	0.063023	0.015796
Meth__cg06836736__ME1	0.056626	0.049355	0.10804	0.042055	0.275	0.90886	0.028871	0.051575	0.13043	0.042119	0.17125	0.049966	0.089804	0.16077	0.1303	0.037582	0.04986	0.067748	0.043076	0.044801	0.059175	0.32002	0.070744	0.19291	0.090376	0.60832	0.064877	0.059093	0.80606	0.18404	0.11281	0.041451	0.13052	0.042413	0.90659	0.040667	0.83855	0.043809	0.049727	0.1542	0.050553
Meth__cg16604218__EIF2B3	0.098219	0.10218	0.32455	0.26585	0.64461	0.21708	0.76559	0.06769	0.04796	0.10272	0.056524	0.17647	0.10723	0.057521	0.069423	0.058949	0.036877	0.10038	0.08536	0.19785	0.22202	0.83068	0.073638	0.17956	0.69335	0.39848	0.11874	0.061773	0.29443	0.4393	0.137	0.030452	0.3537	0.60912	0.26937	0.40622	0.27713	0.57684	0.40321	0.16641	0.24685
Meth__cg15165084__GRAMD3	0.014241	0.013975	0.017285	0.0126	0.015804	0.016846	0.034111	0.015238	0.016894	0.01664	0.015392	0.0084658	0.047609	0.01495	0.017722	0.017326	0.013116	0.029959	0.012798	0.015317	0.020943	0.017855	0.022286	0.014485	0.043395	0.018175	0.016741	0.82393	0.021191	0.021355	0.024516	0.15746	0.013545	0.018686	0.013617	0.011413	0.043997	0.021303	0.013231	0.018788	0.016855
Meth__cg02087637__PCDHB8	0.17018	0.046429	0.66776	0.053328	0.52232	0.059564	0.14355	0.77164	0.57761	0.053685	0.38439	0.28127	0.25206	0.43005	0.46818	0.34244	0.14409	0.11185	0.053446	0.052109	0.22731	0.19168	0.54082	0.33235	0.2761	0.12983	0.14554	0.11501	0.51415	0.11813	0.055992	0.061474	0.16923	0.30892	0.34837	0.25306	0.090405	0.18119	0.11399	0.508	0.16054
Meth__cg16119128__FLJ43339	0.025554	0.022325	0.087059	0.031744	0.0552	0.033906	0.054244	0.041552	0.030565	0.038214	0.026345	0.057436	0.047801	0.24993	0.033284	0.029995	0.15301	0.038788	0.03247	0.023945	0.030259	0.037684	0.081074	0.02961	0.051074	0.033681	0.044119	0.035921	0.063817	0.04186	0.05742	0.027399	0.030164	0.03488	0.026872	0.14879	0.070727	0.042185	0.028676	0.18679	0.032138
Meth__cg22238923__DOK1	0.063592	0.081867	0.1135	0.17504	0.86249	0.31524	0.038474	0.96851	0.037779	0.12613	0.077809	0.66478	0.15439	0.11768	0.040173	0.69312	0.3389	0.13285	0.61351	0.61461	0.50268	0.06029	0.075334	0.060181	0.082563	0.24701	0.078956	0.065997	0.64915	0.258	0.065121	0.038827	0.33994	0.12634	0.21145	0.03517	0.10262	0.038826	0.34544	0.17701	0.59538
Meth__cg07882831__TTYH2	0.034502	0.026096	0.12211	0.036396	0.66423	0.050546	0.7228	0.050552	0.028959	0.030416	0.031516	0.03598	0.6953	0.018116	0.041816	0.027276	0.049629	0.057893	0.02356	0.083454	0.18688	0.08185	0.53406	0.028421	0.40207	0.1498	0.08042	0.028251	0.55416	0.098497	0.055813	0.17214	0.032563	0.046167	0.034288	0.32236	0.051663	0.033447	0.072452	0.11883	0.037708
Meth__cg03013422__AACS	0.035162	0.070434	0.18686	0.1856	0.1996	0.09407	0.11554	0.095065	0.06262	0.13642	0.044714	0.17916	0.25748	0.0642	0.068734	0.054167	0.029461	0.070977	0.051097	0.069654	0.043897	0.10038	0.11395	0.049064	0.088075	0.23412	0.075635	0.051499	0.10604	0.10757	0.20241	0.4713	0.030532	0.033731	0.17849	0.050959	0.12538	0.3479	0.050083	0.11154	0.0402
Meth__cg06957329__MRPS23	0.053352	0.045068	0.45015	0.03467	0.034722	0.045281	0.061627	0.03192	0.049948	0.031145	0.040243	0.042817	0.07208	0.039522	0.045718	0.032613	0.037083	0.12542	0.031593	0.037337	0.04675	0.046124	0.037154	0.042472	0.10783	0.05072	0.10238	0.035515	0.13268	0.040881	0.078387	0.031944	0.045911	0.037909	0.052739	0.044582	0.12252	0.044033	0.035862	0.072297	0.035582
Meth__cg11718090__NOTCH2NL	0.080708	0.061866	0.14987	0.04319	0.33002	0.062427	0.11325	0.095758	0.18309	0.062932	0.041452	0.28099	0.21761	0.03321	0.19046	0.068366	0.095007	0.070025	0.063062	0.11434	0.13226	0.31457	0.062703	0.073895	0.30647	0.098435	0.052083	0.087193	0.29189	0.18339	0.10619	0.042358	0.14758	0.054994	0.29329	0.077764	0.061144	0.087356	0.050041	0.15588	0.062433
Meth__cg14719055__RBBP7	0.40304	0.56126	0.55295	0.15772	0.88089	0.058199	0.10614	0.74346	0.44373	0.052234	0.035508	0.10139	0.87378	0.42474	0.33015	0.69068	0.10383	0.10135	0.10345	0.091935	0.17375	0.749	0.87997	0.40286	0.88278	0.056882	0.30574	0.88316	0.12715	0.18003	0.411	0.48146	0.84519	0.89972	0.7684	0.56894	0.063474	0.21936	0.28391	0.3538	0.22173
Meth__cg17602451__BCL2	0.063162	0.035492	0.055695	0.10524	0.95404	0.070302	0.79792	0.14865	0.21232	0.038886	0.93365	0.79234	0.74046	0.21238	0.21557	0.63814	0.27776	0.755	0.4052	0.034002	0.046118	0.038418	0.94636	0.10622	0.90867	0.054939	0.094513	0.11302	0.93449	0.9555	0.1315	0.40849	0.21134	0.57873	0.50248	0.94823	0.16002	0.61579	0.047757	0.1157	0.042401
Meth__cg24453664__CD59	0.043526	0.039546	0.054492	0.045139	0.13661	0.050285	0.072754	0.032734	0.053384	0.040477	0.046676	0.083829	0.17889	0.043946	0.056062	0.039329	0.036554	0.085022	0.04366	0.044508	0.070669	0.086925	0.050086	0.040961	0.077817	0.049297	0.11452	0.040591	0.13844	0.048559	0.058689	0.042363	0.043923	0.10185	0.62634	0.037781	0.052912	0.048783	0.04861	0.11108	0.045643
Meth__cg17918089__SETDB1	0.014242	0.014435	0.024177	0.01544	0.01893	0.020985	0.061313	0.014114	0.010999	0.021878	0.028749	0.031799	0.041419	0.020925	0.011334	0.021142	0.017756	0.031101	0.019561	0.013378	0.01913	0.039132	0.023448	0.025723	0.038391	0.029852	0.032171	0.014274	0.036255	0.02016	0.027739	0.024618	0.02915	0.061476	0.15299	0.017813	0.020268	0.021422	0.016747	0.030951	0.019877
Meth__cg09759260__ITGA2	0.037986	0.040643	0.051669	0.025083	0.55592	0.041609	0.055713	0.057247	0.043209	0.036763	0.07006	0.031042	0.08375	0.029135	0.039969	0.028779	0.033685	0.088573	0.030675	0.029102	0.035866	0.063418	0.048341	0.054944	0.078473	0.06605	0.034244	0.02034	0.062571	0.059555	0.073622	0.035652	0.034147	0.038913	0.035238	0.023977	0.049145	0.0623	0.045865	0.051146	0.049826
Meth__cg03003060__GPM6B	0.5868	0.018838	0.33864	0.038738	0.91046	0.2267	0.15084	0.045776	0.077176	0.12991	0.043402	0.027289	0.074641	0.2546	0.13116	0.025137	0.041372	0.36786	0.028434	0.080886	0.0421	0.56161	0.10849	0.49612	0.90994	0.49564	0.051961	0.028885	0.49176	0.067839	0.16062	0.026645	0.019885	0.076403	0.036059	0.47545	0.048136	0.02584	0.18823	0.60495	0.02367
Meth__cg19389852__TXNIP	0.13231	0.10742	0.16075	0.090387	0.24217	0.12279	0.25426	0.094132	0.8084	0.12219	0.17072	0.31131	0.21815	0.088692	0.68849	0.18534	0.2861	0.20385	0.14739	0.090392	0.08394	0.10023	0.21517	0.09037	0.18007	0.18245	0.16292	0.079588	0.28249	0.7931	0.14786	0.2072	0.21648	0.16245	0.13477	0.13918	0.3132	0.092723	0.096135	0.20601	0.099944
Meth__cg03080344__METTL2B	0.02349	0.025343	0.28572	0.016451	0.027646	0.02226	0.02399	0.038163	0.022133	0.052293	0.017615	0.022379	0.081236	0.12614	0.021136	0.019504	0.017033	0.050153	0.017054	0.018644	0.019825	0.090744	0.042548	0.05177	0.05962	0.086267	0.068792	0.034714	0.046163	0.087228	0.11256	0.021771	0.025418	0.10163	0.082109	0.021143	0.056088	0.023924	0.098522	0.047229	0.19489
Meth__cg14529146__SC65	0.058258	0.023966	0.21837	0.042719	0.045433	0.053021	0.13822	0.076368	0.081235	0.053763	0.049036	0.15805	0.64786	0.077612	0.08273	0.059269	0.043488	0.11306	0.060342	0.039429	0.060763	0.051338	0.90901	0.053094	0.078762	0.1075	0.13822	0.11949	0.18309	0.11814	0.064209	0.060868	0.058452	0.066548	0.10412	0.050213	0.1775	0.10843	0.066066	0.21482	0.061147
Meth__cg03853987__CHST10	0.097867	0.3835	0.19364	0.085206	0.088215	0.47994	0.46016	0.069777	0.10603	0.11241	0.12007	0.3089	0.52221	0.17737	0.17298	0.082591	0.086417	0.21482	0.11118	0.097763	0.095915	0.17096	0.096463	0.21117	0.35382	0.17611	0.32694	0.073879	0.87024	0.91929	0.13355	0.085144	0.086732	0.62096	0.73127	0.93939	0.22949	0.11347	0.15056	0.43055	0.13262
Meth__cg11618577__KRTCAP3	0.018845	0.56951	0.97246	0.84277	0.97121	0.015931	0.95152	0.027563	0.62178	0.32949	0.020156	0.46041	0.95464	0.78333	0.692	0.018964	0.97336	0.056379	0.97335	0.31636	0.22678	0.029379	0.9675	0.19384	0.94986	0.34096	0.024756	0.9743	0.039089	0.80668	0.60624	0.87465	0.019757	0.96868	0.97415	0.97928	0.8934	0.97338	0.45358	0.064248	0.016067
Meth__cg14343711__FAF1	0.041929	0.035245	0.040863	0.043574	0.050043	0.045107	0.3054	0.045822	0.041851	0.043324	0.04119	0.052201	0.06174	0.040722	0.04751	0.037936	0.035376	0.12762	0.050652	0.039	0.044056	0.075237	0.046467	0.044288	0.11066	0.052692	0.063493	0.03681	0.074607	0.052614	0.049708	0.046534	0.042421	0.085377	0.040559	0.036728	0.10477	0.04588	0.038479	0.057999	0.041402
Meth__cg13882267__ITGA9	0.043382	0.039561	0.13184	0.044641	0.2392	0.046485	0.24521	0.046014	0.039688	0.04423	0.052354	0.0256	0.13584	0.054297	0.052564	0.042694	0.040791	0.078463	0.036894	0.052489	0.045307	0.059061	0.041995	0.041153	0.21749	0.053016	0.077081	0.034483	0.093379	0.054385	0.066893	0.041223	0.042858	0.03291	0.0517	0.037407	0.084881	0.055645	0.049804	0.10764	0.043506
Meth__cg04763192__C1orf88	0.020002	0.025397	0.33628	0.029678	0.80139	0.019258	0.10746	0.02539	0.5771	0.023751	0.13792	0.035446	0.81154	0.025101	0.37204	0.32254	0.02105	0.024017	0.018684	0.047207	0.025486	0.024993	0.08343	0.034691	0.42885	0.028668	0.029419	0.026396	0.15254	0.57374	0.030286	0.02712	0.033952	0.022766	0.2993	0.90705	0.04226	0.034376	0.056205	0.033972	0.8138
Meth__cg25421647__UBE2L3	0.95923	0.75787	0.81081	0.85038	0.35562	0.94125	0.30727	0.52885	0.044004	0.94167	0.77196	0.37077	0.46985	0.74088	0.052819	0.087789	0.054707	0.092235	0.49996	0.9557	0.9061	0.58185	0.038977	0.73624	0.56619	0.12315	0.22728	0.079079	0.1843	0.60317	0.53989	0.031005	0.027114	0.058922	0.14737	0.04905	0.078067	0.11481	0.54005	0.15117	0.46352
Meth__cg14399078__ADPRH	0.021306	0.019376	0.15591	0.049031	0.89388	0.14486	0.51923	0.017928	0.046956	0.022476	0.027276	0.013191	0.37649	0.068677	0.065515	0.356	0.015162	0.042003	0.21519	0.019403	0.019857	0.51874	0.15497	0.015235	0.514	0.087649	0.033454	0.2086	0.75879	0.16396	0.066649	0.16697	0.019144	0.25382	0.76221	0.47287	0.031775	0.030264	0.12705	0.034309	0.64927
Meth__cg04438497__MTL5	0.11237	0.096007	0.56493	0.33096	0.22432	0.11113	0.10357	0.8269	0.19627	0.49558	0.16991	0.44886	0.31087	0.054512	0.17599	0.11444	0.66715	0.36683	0.22507	0.31183	0.23675	0.080888	0.10991	0.12047	0.10029	0.31215	0.24914	0.11361	0.47231	0.28002	0.063415	0.077009	0.10749	0.056277	0.07886	0.072102	0.17987	0.05516	0.27967	0.2172	0.08116
Meth__cg10893007__NBR2	0.045623	0.062044	0.052174	0.027837	0.036716	0.053785	0.10182	0.049216	0.065153	0.033242	0.048729	0.045973	0.093893	0.024943	0.053725	0.027689	0.75046	0.094503	0.046456	0.029181	0.051701	0.48339	0.040232	0.040941	0.077253	0.074286	0.06567	0.041371	0.12906	0.061626	0.13944	0.048365	0.051104	0.065447	0.075713	0.054737	0.088542	0.075071	0.049369	0.19628	0.041653
Meth__cg05511517__NOTCH2	0.073693	0.044296	0.15824	0.046269	0.29313	0.069248	0.13081	0.094523	0.17703	0.052848	0.035001	0.27303	0.25859	0.045435	0.16272	0.073856	0.079166	0.066688	0.052539	0.099093	0.12616	0.318	0.055702	0.069956	0.30685	0.084937	0.067689	0.07807	0.25864	0.15965	0.086598	0.041676	0.13936	0.048564	0.32397	0.077871	0.041354	0.080677	0.049346	0.10323	0.05972
Meth__cg10784067__ERCC4	0.051063	0.033948	0.052589	0.03632	0.047767	0.05207	0.076005	0.062884	0.10202	0.067302	0.059035	0.057783	0.12897	0.06358	0.070704	0.044578	0.038643	0.11882	0.046638	0.031767	0.046103	0.049526	0.05199	0.047243	0.25877	0.053422	0.082803	0.036106	0.15472	0.88587	0.093814	0.039586	0.035999	0.093519	0.055812	0.058691	0.071199	0.051147	0.056544	0.06174	0.051666
Meth__cg26201213__MGMT	0.022372	0.93001	0.9576	0.027421	0.13453	0.032333	0.63834	0.34287	0.7141	0.46342	0.015932	0.099731	0.70799	0.69026	0.62603	0.073513	0.71452	0.05236	0.53279	0.12263	0.089898	0.22894	0.89592	0.41876	0.70454	0.44766	0.059425	0.018228	0.28509	0.62092	0.89206	0.019552	0.012812	0.45403	0.54704	0.15413	0.029428	0.018467	0.050026	0.93597	0.02523
Meth__cg20880234__ZNF198	0.29514	0.02326	0.045587	0.021192	0.47252	0.030839	0.74339	0.035484	0.028012	0.052617	0.6307	0.033555	0.66873	0.025094	0.07816	0.96312	0.026712	0.0544	0.027447	0.023707	0.028676	0.93183	0.62574	0.024384	0.60569	0.24726	0.04754	0.045252	0.15632	0.359	0.055937	0.3084	0.017172	0.080463	0.065965	0.94027	0.10091	0.038517	0.042267	0.059216	0.031487
Meth__cg12689475__RPUSD1	0.216	0.037022	0.073524	0.046925	0.074373	0.066403	0.59997	0.054479	0.1687	0.067736	0.032735	0.21349	0.3304	0.063362	0.21481	0.065438	0.037349	0.077163	0.25027	0.038243	0.050835	0.11239	0.14324	0.04372	0.47903	0.23739	0.056348	0.047834	0.2651	0.094962	0.077029	0.043719	0.04267	0.039407	0.060084	0.053305	0.30778	0.037578	0.034881	0.13987	0.036617
Meth__cg09459188__MFSD1	0.016456	0.0086321	0.01305	0.013229	0.012616	0.024918	0.026524	0.0092779	0.016815	0.013339	0.011702	0.0086433	0.027208	0.014182	0.018439	0.0097721	0.011153	0.05021	0.011878	0.016786	0.012275	0.015491	0.02067	0.011386	0.045087	0.24332	0.026174	0.013678	0.027377	0.014223	0.026036	0.017251	0.012441	0.016023	0.013642	0.015142	0.017465	0.014332	0.020423	0.024467	0.013514
Meth__cg16386080__CCRK	0.11262	0.11192	0.85837	0.035118	0.22541	0.24099	0.83439	0.083372	0.81163	0.079517	0.094401	0.50492	0.58162	0.10081	0.78553	0.048208	0.031615	0.45073	0.017992	0.58585	0.40103	0.042575	0.58251	0.041898	0.75019	0.51623	0.10566	0.24614	0.69095	0.42189	0.072427	0.026501	0.59482	0.6122	0.54633	0.39726	0.83421	0.041284	0.48702	0.92522	0.12587
Meth__cg23269489__BCORL1	0.044773	0.024086	0.0386	0.025469	0.021074	0.032277	0.069351	0.25696	0.028434	0.027739	0.028799	0.027064	0.046356	0.14718	0.031785	0.055978	0.29234	0.052149	0.027587	0.029068	0.027825	0.10801	0.029643	0.1569	0.074067	0.042844	0.047138	0.054276	0.44138	0.032468	0.069211	0.1743	0.030255	0.042349	0.034926	0.15858	0.069775	0.58719	0.038095	0.42596	0.029838
Meth__cg24424381__PEX11A	0.089511	0.056338	0.44298	0.081081	0.055615	0.056644	0.19016	0.061267	0.12479	0.077559	0.035714	0.077298	0.099895	0.083744	0.087299	0.050523	0.065277	0.078566	0.066484	0.05665	0.066631	0.061401	0.066579	0.03801	0.091021	0.074637	0.084975	0.048172	0.11212	0.070513	0.11181	0.040479	0.064661	0.074451	0.084826	0.10573	0.14634	0.071278	0.057838	0.076497	0.069481
Meth__cg08223748__MEF2C	0.020413	0.021038	0.02196	0.015775	0.63461	0.017904	0.042923	0.033485	0.017955	0.015339	0.020013	0.070811	0.038723	0.012863	0.018051	0.019276	0.017514	0.030938	0.016278	0.018113	0.016383	0.14297	0.019616	0.021241	0.052219	0.025277	0.02237	0.01863	0.048579	0.022303	0.033162	0.030787	0.027708	0.083186	0.014734	0.017512	0.050449	0.024083	0.024581	0.058359	0.019632
Meth__cg01027739__DOLPP1	0.48874	0.065813	0.33378	0.069507	0.74356	0.90652	0.21839	0.51358	0.69096	0.16274	0.69577	0.85982	0.098919	0.19674	0.57393	0.38107	0.68843	0.67041	0.51615	0.51317	0.54121	0.095848	0.072604	0.21232	0.23492	0.40275	0.10537	0.93195	0.089355	0.85494	0.22703	0.05707	0.35279	0.11852	0.079925	0.11182	0.09428	0.65351	0.80329	0.30668	0.90751
Meth__cg17940013__GPR157	0.024816	0.020856	0.030114	0.017978	0.028608	0.027751	0.023099	0.032323	0.097659	0.026979	0.025794	0.030221	0.084381	0.026891	0.10581	0.025414	0.025718	0.039374	0.018646	0.018646	0.02367	0.021841	0.033394	0.028192	0.049372	0.032348	0.064548	0.025283	0.062163	0.020649	0.028901	0.41423	0.017432	0.019952	0.033618	0.026714	0.039974	0.026222	0.022179	0.058711	0.022197
Meth__cg08063724__MYCL1	0.0227	0.03455	0.029805	0.018648	0.025426	0.022065	0.060199	0.012554	0.02261	0.035056	0.21597	0.014804	0.19247	0.016952	0.020637	0.028002	0.020695	0.025227	0.022719	0.022631	0.024615	0.035057	0.037324	0.033419	0.024534	0.032794	0.024761	0.027056	0.04563	0.027949	0.037488	0.10899	0.061651	0.023837	0.023187	0.98349	0.049985	0.030495	0.031192	0.046423	0.037397
U133A__DENND2D	7.4958	7.4556	5.7265	8.5326	4.6513	8.6196	5.1985	5.5103	5.2798	7.1097	6.1298	6.9926	5.5069	6.1241	4.5585	4.9996	6.5644	7.7754	5.2324	7.2123	6.653	7.6433	4.7386	6.6939	5.02	7.1371	7.3444	5.6618	6.518	6.8584	7.5157	5.1945	4.5415	4.1664	5.338	7.0955	6.6906	6.9624	6.7653	6.3274	6.5483
Meth__cg21602520__BCL2	0.046958	0.077954	0.24149	0.33085	0.96633	0.066128	0.92797	0.26622	0.86556	0.044701	0.94333	0.93871	0.94708	0.49335	0.75933	0.92554	0.92762	0.74503	0.57908	0.038538	0.046838	0.038996	0.96319	0.41431	0.94754	0.060168	0.083088	0.8065	0.91319	0.95169	0.069498	0.45537	0.93335	0.96885	0.8838	0.95928	0.57398	0.57608	0.082738	0.09402	0.047451
Meth__cg24035370__PRKCZ	0.055067	0.030491	0.057368	0.060917	0.97898	0.055163	0.39608	0.061289	0.66034	0.041428	0.06086	0.055743	0.10201	0.045106	0.58688	0.041939	0.061716	0.090164	0.053423	0.045629	0.044428	0.045541	0.075764	0.048144	0.31422	0.048611	0.10513	0.085838	0.09896	0.061353	0.045664	0.06743	0.038291	0.14043	0.051289	0.042847	0.11819	0.063235	0.031994	0.12852	0.042781
Meth__cg04041960__RGS10	0.047879	0.03874	0.10616	0.052037	0.14192	0.059415	0.051996	0.033403	0.32767	0.04059	0.057067	0.070891	0.90506	0.97562	0.28391	0.04765	0.048323	0.15702	0.047276	0.037683	0.056562	0.23274	0.35091	0.072276	0.12822	0.6352	0.069644	0.055884	0.79466	0.053415	0.077766	0.03782	0.02903	0.036905	0.047226	0.029353	0.10105	0.044936	0.041428	0.074318	0.045136
Meth__cg15819171__FLJ23588	0.0571	0.36767	0.70746	0.062068	0.060072	0.060603	0.065831	0.42872	0.14452	0.08599	0.052036	0.21193	0.34113	0.49641	0.14175	0.054672	0.047788	0.10545	0.043568	0.067154	0.08371	0.059505	0.12566	0.054096	0.50748	0.16934	0.11853	0.060754	0.49152	0.5556	0.36571	0.047207	0.081646	0.057758	0.068768	0.05633	0.12689	0.42363	0.051691	0.74496	0.057626
Meth__cg10563284__PAK6	0.051968	0.030427	0.086919	0.063905	0.16336	0.03829	0.11695	0.05358	0.068996	0.097364	0.069874	0.038563	0.068454	0.045671	0.054502	0.044467	0.045572	0.064697	0.027233	0.051418	0.055535	0.062491	0.066334	0.037521	0.1183	0.045275	0.045362	0.047852	0.069668	0.050273	0.10888	0.039461	0.025488	0.042726	0.49201	0.12304	0.075291	0.083942	0.053169	0.12129	0.063462
Meth__cg21574400__LIPG	0.073865	0.81089	0.2021	0.50849	0.71764	0.52063	0.72293	0.078714	0.039804	0.065768	0.76546	0.098905	0.079911	0.032952	0.044153	0.9204	0.042509	0.11798	0.039376	0.77916	0.73442	0.4467	0.4932	0.04017	0.065382	0.19791	0.16798	0.85255	0.068413	0.038369	0.20669	0.052774	0.041039	0.073652	0.031773	0.72626	0.10506	0.18105	0.66429	0.10893	0.82723
Meth__cg02175308__SORT1	0.10448	0.081996	0.13878	0.09837	0.42763	0.058084	0.45975	0.089379	0.14557	0.12078	0.59406	0.077911	0.23285	0.073729	0.13155	0.096626	0.085468	0.068036	0.36367	0.076853	0.062677	0.59178	0.26869	0.14073	0.21353	0.14311	0.15385	0.82208	0.66309	0.10429	0.32077	0.3296	0.068909	0.23101	0.064483	0.41248	0.15959	0.13618	0.17502	0.13478	0.11893
Meth__cg16747567__PCNX	0.049125	0.024207	0.2664	0.19088	0.36991	0.16783	0.13333	0.02563	0.51043	0.076359	0.053601	0.073512	0.080247	0.060249	0.32234	0.055715	0.037179	0.087822	0.035796	0.056216	0.040933	0.44112	0.05728	0.094097	0.078374	0.15579	0.061398	0.047547	0.15041	0.079769	0.049964	0.036965	0.046069	0.04223	0.34114	0.067426	0.070888	0.10215	0.12614	0.10925	0.12125
U133A__DUSP10	5.4056	5.5071	6.4654	5.6859	5.7191	5.4751	5.4614	7.6259	5.1666	5.1364	5.7942	5.891	6.5779	5.9288	5.8496	5.5188	5.3402	5.015	5.8129	4.966	5.4438	7.04	8.1295	5.503	5.3919	6.9872	5.2603	5.5188	6.2669	6.8522	5.8129	5.0123	8.1863	6.0591	5.8395	6.2508	5.2379	5.489	6.5841	5.8852	5.1311
U133A__PEG10	4.364	6.6302	8.1281	9.6016	8.1486	3.9172	6.6267	3.9805	4.2871	9.5011	7.9792	5.5066	5.5936	7.8128	8.8792	7.5935	6.139	5.9425	6.6412	3.7702	4.3317	8.6599	8.9766	8.8855	7.1709	6.8148	5.9734	7.0532	10.1885	8.4902	7.2019	6.7001	6.6294	7.5611	7.2204	5.4518	6.2123	9.6121	7.1904	8.095	7.0366
Meth__cg05060602__DCTD	0.03457	0.051295	0.071471	0.033477	0.15462	0.032684	0.44515	0.037251	0.048952	0.06438	0.034163	0.036207	0.082713	0.059515	0.040544	0.087468	0.024066	0.10943	0.0333	0.035709	0.062174	0.06111	0.041342	0.035705	0.058324	0.036915	0.033434	0.04404	0.05138	0.040469	0.096076	0.032608	0.020384	0.078874	0.039202	0.038289	0.13772	0.044953	0.03573	0.06644	0.035604
Meth__cg02100629__AMID	0.058064	0.14488	0.50347	0.641	0.47444	0.076793	0.1829	0.073334	0.20715	0.53243	0.8783	0.084053	0.66032	0.88556	0.21659	0.069338	0.048456	0.087833	0.076896	0.16723	0.091244	0.51936	0.44802	0.37767	0.090306	0.11656	0.067336	0.050813	0.35079	0.3887	0.20444	0.652	0.087566	0.041923	0.87292	0.041311	0.8988	0.2329	0.19727	0.23517	0.46314
Meth__cg21096966__BTBD5	0.077753	0.063634	0.17796	0.081487	0.08381	0.09808	0.41399	0.098776	0.13091	0.077455	0.1556	0.134	0.18809	0.068036	0.096709	0.066383	0.078814	0.13945	0.1054	0.063401	0.081062	0.10057	0.19674	0.43412	0.24554	0.078916	0.09286	0.04769	0.082994	0.099932	0.083621	0.92032	0.065494	0.0913	0.10096	0.13592	0.86305	0.1059	0.18563	0.14197	0.12952
Meth__cg00877964__SLC1A4	0.045037	0.7068	0.040968	0.041598	0.039548	0.047164	0.022139	0.47303	0.048481	0.046709	0.85276	0.5165	0.83924	0.034843	0.049989	0.51059	0.047751	0.12144	0.037315	0.42818	0.3473	0.04142	0.065042	0.039735	0.044771	0.046811	0.069868	0.64571	0.0588	0.086792	0.28227	0.03676	0.03362	0.043816	0.041999	0.05031	0.092265	0.049632	0.050424	0.127	0.045509
Meth__cg16574065__RAD52B	0.047112	0.041735	0.070755	0.039111	0.29365	0.048414	0.046601	0.060684	0.054041	0.048399	0.040713	0.051117	0.34791	0.047776	0.053895	0.040426	0.040069	0.17611	0.042556	0.038887	0.046634	0.04171	0.067006	0.040409	0.40923	0.21729	0.08663	0.053434	0.080327	0.31492	0.08409	0.049538	0.04238	0.045529	0.04312	0.036174	0.14685	0.061961	0.046454	0.14721	0.046816
U133A__CA2	4.4803	4.2718	4.0971	4.7594	4.0783	5.8579	4.2077	9.4369	4.1463	3.9019	8.1763	7.0223	4.2518	4.0325	6.0167	4.4742	7.3615	6.6245	4.2722	4.5827	7.9944	6.816	3.9732	4.3407	4.2203	5.237	4.0766	3.7129	4.5106	4.3195	3.953	4.3898	7.4027	4.0733	4.5893	4.2367	4.2695	4.3521	6.7977	4.1101	6.6096
Meth__cg00453193__TES	0.016904	0.014603	0.017928	0.016594	0.018931	0.017671	0.01952	0.29523	0.016824	0.017919	0.021541	0.014339	0.053711	0.022158	0.10733	0.014262	0.020978	0.031621	0.018334	0.018465	0.015761	0.22591	0.020034	0.019052	0.03732	0.018971	0.042083	0.020513	0.029985	0.017328	0.015994	0.020623	0.022067	0.020618	0.015582	0.45683	0.91586	0.023615	0.017347	0.027015	0.017998
Meth__cg19144013__PIR	0.55748	0.17297	0.62017	0.34592	0.54763	0.040411	0.088591	0.026576	0.027691	0.034047	0.057093	0.064402	0.60321	0.24441	0.069594	0.040172	0.037477	0.37579	0.047311	0.028614	0.040689	0.75731	0.19007	0.5559	0.10372	0.48513	0.05667	0.1012	0.21501	0.041567	0.34762	0.034119	0.095737	0.070607	0.33712	0.039667	0.05662	0.51122	0.3421	0.58585	0.036793
Meth__cg15286905__ACBD5	0.045109	0.046197	0.055683	0.030575	0.044537	0.056776	0.36729	0.016674	0.04584	0.079057	0.042954	0.21155	0.226	0.39777	0.035126	0.066611	0.036736	0.070844	0.045666	0.055208	0.042972	0.12564	0.31335	0.058429	0.074185	0.077442	0.079663	0.03012	0.056661	0.082232	0.064568	0.054701	0.030676	0.061923	0.084533	0.047935	0.074157	0.040066	0.039371	0.19921	0.041097
Meth__cg06731599__ATP6AP2	0.64122	0.3832	0.072776	0.50789	0.063712	0.069575	0.038085	0.049874	0.68969	0.56466	0.093323	0.63137	0.60492	0.60461	0.62656	0.055163	0.049664	0.5037	0.056378	0.049003	0.099867	0.6237	0.39398	0.59784	0.1095	0.60284	0.50619	0.047034	0.56731	0.083393	0.5652	0.60187	0.05723	0.65613	0.70069	0.057377	0.11311	0.57448	0.27506	0.6846	0.048969
Meth__cg02798801__G10	0.41801	0.075058	0.13728	0.13805	0.14399	0.1398	0.74703	0.12704	0.12148	0.112	0.078297	0.15725	0.11683	0.078095	0.14106	0.12089	0.1248	0.1335	0.10833	0.088541	0.14307	0.16141	0.55024	0.22814	0.26802	0.34557	0.14257	0.08302	0.16782	0.46138	0.082333	0.10937	0.080054	0.13156	0.38373	0.1054	0.20417	0.62432	0.099868	0.20637	0.10347
Meth__cg17300307__GLS	0.06658	0.048117	0.26284	0.063991	0.055378	0.13268	0.17749	0.049239	0.080537	0.069933	0.050895	0.051327	0.22096	0.089016	0.085285	0.051192	0.054133	0.13181	0.049101	0.052586	0.081673	0.57056	0.06343	0.071587	0.10987	0.17856	0.21627	0.051241	0.22347	0.069454	0.12479	0.026623	0.035075	0.073047	0.41229	0.09554	0.088043	0.071429	0.1674	0.19062	0.13142
Meth__cg19166347__SFRP4	0.60755	0.041211	0.56689	0.47213	0.17801	0.77285	0.23902	0.78857	0.63566	0.1341	0.7796	0.24693	0.49293	0.03084	0.49989	0.70286	0.65009	0.076777	0.88231	0.63904	0.29232	0.077763	0.1519	0.11079	0.47004	0.17987	0.081405	0.80663	0.40817	0.060816	0.052263	0.14352	0.072759	0.079299	0.14342	0.19558	0.12112	0.62091	0.19488	0.35064	0.36669
U133A__KAZ	6.887	9.3271	6.8696	6.9423	5.0339	7.2092	6.6701	7.3067	7.019	6.1357	7.4731	8.0966	6.6288	6.8015	7.2085	7.7884	6.4812	8.9155	6.7695	6.486	6.7372	6.1829	5.3989	6.2572	5.2274	6.6177	6.5172	6.868	6.8356	6.5498	8.3375	8.3053	5.2192	5.4891	6.8818	7.1619	6.3025	6.7496	6.8171	5.6113	7.1912
Meth__cg00131121__POLR2J	0.057632	0.11044	0.085795	0.058266	0.11802	0.038896	0.033121	0.13491	0.10169	0.11336	0.034	0.10415	0.18363	0.054363	0.088478	0.032182	0.084354	0.033715	0.028774	0.060113	0.065877	0.1771	0.094831	0.02884	0.11357	0.045265	0.041824	0.068031	0.15899	0.29204	0.090211	0.034352	0.053501	0.070595	0.037819	0.13161	0.070392	0.12507	0.034886	0.1378	0.043648
Meth__cg21290885__TMEM47	0.43478	0.062763	0.18901	0.060406	0.062848	0.071924	0.093412	0.090258	0.43515	0.059998	0.092899	0.25292	0.23375	0.53079	0.40465	0.070954	0.067028	0.089618	0.072499	0.084061	0.077889	0.10823	0.063609	0.31454	0.27394	0.095177	0.1219	0.0675	0.18289	0.059856	0.11158	0.093421	0.070122	0.33159	0.05602	0.14784	0.10208	0.071065	0.063647	0.39255	0.069699
Meth__cg16933922__OAT	0.12663	0.088584	0.55972	0.11214	0.12788	0.12125	0.24029	0.080066	0.69065	0.13782	0.13407	0.10864	0.28971	0.11659	0.5468	0.13815	0.069428	0.16619	0.10625	0.060043	0.081341	0.10214	0.13368	0.074747	0.20279	0.12782	0.11802	0.098613	0.16667	0.19118	0.22526	0.087169	0.1175	0.097015	0.10728	0.12259	0.13212	0.1026	0.085403	0.18656	0.1801
Meth__cg18411898__RPRM	0.27427	0.088606	0.55683	0.078838	0.87328	0.1282	0.078492	0.15635	0.056582	0.061511	0.46853	0.12099	0.41784	0.53437	0.25039	0.19416	0.097957	0.15457	0.045423	0.22225	0.093484	0.22485	0.16754	0.70045	0.84688	0.32516	0.11864	0.072641	0.41887	0.69052	0.092534	0.058549	0.14193	0.24063	0.4771	0.50232	0.090339	0.059221	0.11531	0.12694	0.070105
Meth__cg13676215__AHR	0.061177	0.029325	0.13172	0.07064	0.04924	0.1732	0.13613	0.10947	0.65804	0.062758	0.088562	0.11166	0.089719	0.035959	0.53676	0.066714	0.078289	0.061636	0.048017	0.055473	0.073671	0.21883	0.15376	0.11137	0.10571	0.081769	0.11998	0.047922	0.089414	0.11966	0.051548	0.062852	0.45087	0.071659	0.12299	0.06815	0.081058	0.0585	0.065727	0.15363	0.049481
Meth__cg23970785__DEXI	0.032211	0.027425	0.069985	0.029139	0.034728	0.037703	0.035702	0.042228	0.037096	0.035569	0.03726	0.036373	0.10426	0.93103	0.051883	0.03648	0.044869	0.061352	0.030593	0.035618	0.03554	0.046591	0.043812	0.028915	0.10762	0.03694	0.094244	0.030361	0.072753	0.042553	0.046323	0.025366	0.042338	0.038382	0.029356	0.031133	0.11866	0.040979	0.031753	0.083019	0.03355
Meth__cg10398950__CRKRS	0.0519	0.045697	0.065233	0.031258	0.054704	0.053777	0.055732	0.075274	0.046314	0.056837	0.045878	0.053147	0.51409	0.050451	0.05037	0.054646	0.047843	0.07391	0.054774	0.054288	0.058165	0.093499	0.052774	0.045973	0.11126	0.055692	0.061271	0.049492	0.09533	0.052214	0.1559	0.32523	0.055697	0.057352	0.055567	0.03512	0.069741	0.062268	0.040592	0.13104	0.049454
Meth__cg21184011__NHN1	0.066344	0.057953	0.31231	0.099532	0.1792	0.071799	0.12901	0.089994	0.10667	0.12671	0.062333	0.22209	0.12497	0.078074	0.12087	0.09128	0.064478	0.084854	0.063426	0.067576	0.078022	0.12667	0.1287	0.089865	0.21579	0.10731	0.15028	0.081097	0.093316	0.12976	0.10898	0.06383	0.064124	0.05977	0.26133	0.060949	0.071203	0.49177	0.064361	0.29227	0.070993
Meth__cg00981643__MECP2	0.051567	0.044453	0.10694	0.080365	0.55692	0.079952	0.17772	0.47161	0.54768	0.51136	0.05493	0.27566	0.18742	0.061093	0.41689	0.065431	0.27238	0.095313	0.056604	0.18392	0.32693	0.32786	0.55551	0.43497	0.43315	0.1762	0.090773	0.34	0.68706	0.41009	0.15919	0.14172	0.034935	0.077214	0.099667	0.095197	0.098695	0.47437	0.13073	0.34633	0.051566
Meth__cg14889768__RAB32	0.068587	0.04848	0.053978	0.058334	0.22251	0.067058	0.051716	0.04534	0.075874	0.055836	0.064243	0.041705	0.092481	0.023937	0.24766	0.056828	0.042018	0.068398	0.48425	0.054562	0.050731	0.063071	0.071402	0.04987	0.067139	0.15082	0.0546	0.047294	0.50448	0.26953	0.082383	0.040445	0.061353	0.087134	0.066196	0.07771	0.075586	0.039955	0.046652	0.067971	0.041958
Meth__cg16779976__BLNK	0.084951	0.095172	0.057379	0.089915	0.18889	0.16082	0.14822	0.68441	0.083548	0.083992	0.31868	0.13002	0.17483	0.048363	0.079655	0.40531	0.48551	0.16447	0.073918	0.30544	0.2055	0.15702	0.079136	0.084954	0.53394	0.060696	0.18575	0.64032	0.13922	0.091495	0.1278	0.63034	0.13855	0.097043	0.12117	0.068352	0.077167	0.084322	0.096531	0.13514	0.371
Meth__cg18670235__PLOD3	0.052345	0.031885	0.083765	0.038528	0.064725	0.045634	0.11855	0.040262	0.047295	0.044239	0.034077	0.19461	0.086432	0.030153	0.04865	0.043415	0.0608	0.14152	0.028716	0.032145	0.039039	0.063253	0.051241	0.086873	0.20213	0.090803	0.073005	0.31442	0.14813	0.17706	0.083656	0.037495	0.23186	0.056673	0.053978	0.046679	0.14475	0.046986	0.051209	0.084981	0.047208
Meth__cg25375711__TRMT12	0.050735	0.013583	0.01987	0.015664	0.019407	0.024068	0.086637	0.014295	0.087798	0.021072	0.024008	0.016842	0.40377	0.038119	0.033113	0.019808	0.01623	0.055771	0.024158	0.02029	0.018442	0.022306	0.015858	0.021465	0.12326	0.030126	0.049834	0.020595	0.26623	0.021128	0.028956	0.025347	0.022982	0.03534	0.022905	0.024649	0.0256	0.021388	0.025825	0.051158	0.026458
Meth__cg26152597__ZBTB20	0.062711	0.063606	0.060173	0.055872	0.055495	0.068042	0.092047	0.048612	0.064074	0.048747	0.046143	0.056465	0.52575	0.041054	0.071562	0.047762	0.061955	0.064403	0.051041	0.056353	0.078266	0.056685	0.064754	0.043598	0.084863	0.064015	0.078996	0.04989	0.11545	0.92826	0.10211	0.0541	0.055001	0.076291	0.079377	0.063269	0.10371	0.057074	0.056477	0.14008	0.060205
Meth__cg05964373__TEX9	0.061677	0.033327	0.42889	0.041478	0.040466	0.048359	0.12206	0.037497	0.056401	0.054151	0.056697	0.037517	0.098679	0.047346	0.052449	0.062328	0.047865	0.079529	0.047801	0.043261	0.056178	0.046036	0.048239	0.04451	0.12059	0.089576	0.10298	0.048872	0.1487	0.064616	0.061352	0.041515	0.066553	0.058991	0.05516	0.04214	0.073872	0.083429	0.044938	0.11832	0.040347
Meth__cg23909343__PPP2R5A	0.10569	0.055717	0.30257	0.050322	0.43546	0.092476	0.29678	0.14385	0.56479	0.08928	0.059796	0.060769	0.12559	0.037364	0.41805	0.069177	0.059272	0.098802	0.097247	0.093838	0.084502	0.093373	0.26324	0.056261	0.10843	0.081642	0.11395	0.09153	0.095767	0.11868	0.10131	0.43999	0.062827	0.12681	0.064078	0.057785	0.11368	0.069941	0.055129	0.083782	0.057853
Meth__cg21076470__MRPS14	0.070136	0.063778	0.1028	0.46075	0.23341	0.053194	0.085657	0.092974	0.29737	0.080681	0.056055	0.13107	0.23839	0.082738	0.28081	0.080896	0.066176	0.084084	0.061739	0.069304	0.063097	0.074962	0.067671	0.034843	0.31444	0.10037	0.21266	0.063492	0.093613	0.087907	0.089249	0.10746	0.077266	0.11199	0.07811	0.059943	0.13087	0.0692	0.072374	0.1435	0.060492
Meth__cg23657409__PLCB1	0.071947	0.042343	0.52337	0.054557	0.46043	0.95344	0.16015	0.070491	0.065444	0.17068	0.058391	0.141	0.49939	0.057689	0.068527	0.092008	0.076513	0.096026	0.065607	0.064456	0.071571	0.11245	0.55867	0.1393	0.74449	0.097507	0.07341	0.11964	0.19557	0.80113	0.10522	0.076799	0.060051	0.10049	0.081675	0.37502	0.20563	0.11647	0.1479	0.9513	0.11928
Meth__cg18950617__HMHA1	0.027136	0.023669	0.19806	0.021698	0.97778	0.10911	0.95198	0.18667	0.039775	0.023487	0.01401	0.40155	0.14209	0.79441	0.029808	0.9332	0.019283	0.078187	0.015118	0.94762	0.91528	0.035284	0.97412	0.04075	0.024521	0.3227	0.037309	0.033252	0.61709	0.76555	0.071429	0.13463	0.34988	0.089225	0.4328	0.75464	0.091697	0.031553	0.035547	0.65358	0.018526
Meth__cg03792653__C20orf77	0.48782	0.037676	0.17021	0.054524	0.60688	0.12165	0.14441	0.20336	0.59466	0.33893	0.15164	0.060581	0.62618	0.047892	0.51761	0.086803	0.033413	0.11072	0.051034	0.090963	0.16611	0.064765	0.31915	0.21041	0.52786	0.44791	0.071765	0.93771	0.10972	0.92821	0.12634	0.036699	0.92672	0.52527	0.10852	0.055395	0.14889	0.37144	0.04596	0.26728	0.087216
Meth__cg18931815__COL8A2	0.074331	0.33521	0.43238	0.055919	0.89354	0.05915	0.38102	0.10811	0.19427	0.045365	0.88215	0.031238	0.71347	0.028156	0.20362	0.66722	0.45648	0.049191	0.52184	0.044053	0.042625	0.8777	0.64855	0.089071	0.14	0.17866	0.24618	0.32071	0.3053	0.3831	0.3514	0.23482	0.47376	0.21465	0.88523	0.80195	0.10705	0.87961	0.11043	0.83247	0.2816
Meth__cg04005701__SMYD4	0.030466	0.021386	0.03297	0.042415	0.12369	0.038009	0.033653	0.070978	0.038681	0.084099	0.029931	0.031469	0.04841	0.030107	0.032482	0.028898	0.16046	0.04212	0.029744	0.02549	0.026882	0.14093	0.033054	0.18809	0.10911	0.030506	0.037006	0.024475	0.075799	0.028984	0.03622	0.093496	0.080916	0.54391	0.029025	0.073655	0.070365	0.041353	0.043721	0.064058	0.034428
Meth__cg04633384__C18orf1	0.034943	0.047332	0.10454	0.0679	0.52618	0.043626	0.14326	0.04692	0.02933	0.048117	0.060234	0.088864	0.62327	0.030256	0.032336	0.021319	0.051882	0.071999	0.027864	0.026565	0.10079	0.066355	0.043514	0.054157	0.8844	0.053259	0.050784	0.066873	0.12473	0.28204	0.097622	0.024288	0.28659	0.21613	0.040147	0.074763	0.077613	0.053575	0.040699	0.11464	0.065052
Meth__cg04005725__KLHDC8B	0.040858	0.024741	0.67854	0.033255	0.033923	0.044625	0.043844	0.030517	0.033689	0.033698	0.033059	0.060891	0.26287	0.02103	0.03975	0.031878	0.032159	0.085967	0.02438	0.027221	0.035661	0.033969	0.046957	0.034176	0.055153	0.13757	0.058388	0.036872	0.084287	0.035903	0.065244	0.032607	0.039433	0.030862	0.48826	0.034176	0.10471	0.037919	0.032349	0.081794	0.035092
Meth__cg21870662__TSR1	0.0554	0.74048	0.14468	0.15615	0.2874	0.15519	0.60111	0.22839	0.54681	0.31425	0.057454	0.95729	0.72759	0.37213	0.44104	0.33281	0.039831	0.15911	0.34233	0.069413	0.051781	0.10103	0.45798	0.1626	0.61158	0.09009	0.062619	0.048778	0.15935	0.32833	0.60005	0.1296	0.10938	0.91896	0.51453	0.21701	0.080019	0.097382	0.066889	0.14053	0.058736
Meth__cg03627896__LOC283932	0.020923	0.022292	0.12854	0.016308	0.027445	0.021085	0.053564	0.10279	0.025697	0.025863	0.15734	0.035602	0.040972	0.028005	0.032873	0.021231	0.025357	0.042957	0.021564	0.018524	0.040932	0.036745	0.03096	0.024462	0.033286	0.027558	0.048407	0.014854	0.043286	0.027237	0.028959	0.046312	0.024002	0.3591	0.029677	0.030604	0.16113	0.0241	0.022474	0.045272	0.029761
Meth__cg26907768__SLC7A5	0.051804	0.049905	0.36586	0.060578	0.061389	0.057526	0.022633	0.033606	0.045869	0.065569	0.060312	0.064792	0.070066	0.38522	0.054066	0.055556	0.047732	0.094931	0.048381	0.053314	0.049269	0.071215	0.066828	0.144	0.47399	0.37657	0.13578	0.058616	0.31109	0.051848	0.074901	0.13598	0.065241	0.062701	0.055322	0.065696	0.28512	0.080159	0.34538	0.22729	0.24252
Meth__cg21885525__SCYE1	0.093543	0.062949	0.057299	0.043458	0.095377	0.063082	0.50636	0.08616	0.07155	0.057232	0.05382	0.051061	0.17312	0.045975	0.058796	0.097188	0.077805	0.097599	0.085508	0.053022	0.068062	0.075065	0.13141	0.083015	0.25325	0.052931	0.11907	0.054413	0.11357	0.10556	0.1146	0.065171	0.10541	0.096196	0.078608	0.077224	0.20576	0.1064	0.078829	0.14535	0.082569
Meth__cg10872209__ARL3	0.071382	0.17389	0.83849	0.42853	0.18749	0.50659	0.14903	0.14587	0.79258	0.54816	0.12925	0.64322	0.53213	0.63037	0.61448	0.16805	0.14879	0.23764	0.16371	0.10638	0.10366	0.71165	0.73753	0.20892	0.45719	0.5736	0.17271	0.12629	0.21484	0.37906	0.17577	0.050043	0.43808	0.16631	0.32222	0.042949	0.061275	0.81327	0.18969	0.2702	0.12074
Meth__cg00261781__MATN3	0.027808	0.031546	0.035295	0.025076	0.61913	0.038209	0.044333	0.06914	0.029344	0.032664	0.16167	0.043911	0.11105	0.019224	0.037698	0.041018	0.028262	0.087354	0.022005	0.0204	0.038633	0.35519	0.042935	0.040424	0.08267	0.033184	0.053744	0.025628	0.18634	0.10634	0.071805	0.045468	0.033762	0.060349	0.029835	0.61425	0.062301	0.030843	0.031707	0.049511	0.038271
Meth__cg26993951__C2orf7	0.032662	0.02229	0.084985	0.027111	0.037751	0.031503	0.084943	0.03898	0.06262	0.045451	0.035263	0.18505	0.045383	0.02978	0.05927	0.034028	0.022004	0.053189	0.026159	0.031244	0.047032	0.03781	0.03109	0.070085	0.072142	0.045513	0.048541	0.02633	0.049303	0.18514	0.070598	0.033415	0.030596	0.027974	0.045267	0.026199	0.081724	0.24022	0.048448	0.074393	0.031605
Meth__cg15373633__DACH2	0.5765	0.056085	0.090805	0.083689	0.82138	0.075527	0.11905	0.63778	0.053526	0.041251	0.048181	0.17387	0.44461	0.98248	0.060905	0.10217	0.38487	0.21831	0.059609	0.067686	0.085472	0.67771	0.18026	0.51867	0.65048	0.37481	0.096448	0.31309	0.33712	0.66983	0.071142	0.04386	0.026272	0.089994	0.069838	0.79327	0.18765	0.41247	0.043378	0.91401	0.043051
U133A__MAGED2	9.5459	7.1852	9.5445	7.5829	8.6174	7.9693	8.0632	7.5651	7.7693	7.7994	7.5027	6.652	7.0565	9.2376	8.4889	6.9181	7.5441	6.8521	6.9591	7.1645	7.6811	9.2966	8.499	8.5682	6.3939	9.5196	9.4359	7.7606	8.0972	7.518	7.0496	8.8147	6.8232	6.9957	7.654	8.314	9.298	10.1669	7.8509	9.7914	7.1641
