Cell lines	600MPE	AU565	BT20	BT474	BT483	BT549	CAMA1	HCC1143	HCC1187	HCC1428	HCC1569	HCC1806	HCC1937	HCC1954	HCC202	HCC2185	HCC3153	HCC38	HCC70	HS578T	LY2	MCF7	MDAMB134VI	MDAMB157	MDAMB175VII	MDAMB231	MDAMB361	MDAMB415	MDAMB453	SKBR3	SUM1315MO2	SUM149PT	SUM159PT	SUM185PE	SUM225CWN	SUM52PE	T47D	UACC812	ZR751	ZR75B
Response	1	1	1	-1	-1	1	1	1	-1	1	-1	1	-1	1	1	1	1	1	1	-1	-1	1	1	1	1	-1	-1	1	1	-1	-1	1	1	1	-1	1	1	1	1	1
U133A__EFEMP1	7.4576	8.4777	3.9936	4.9476	7.2537	9.8537	9.8452	11.5931	3.9406	9.5939	4.5082	9.0406	7.8452	6.2124	7.7884	9.5684	8.5328	11.2032	9.9411	5.6562	6.8707	6.1881	4.3448	9.1576	7.5869	6.0508	5.3781	9.5557	4.4232	8.7332	3.8355	9.2272	9.7898	10.0329	9.0876	4.2679	10.1096	7.0931	6.9504	7.616
U133A__ISG20	8.275	7.6967	4.8316	6.2746	5.2423	5.0474	6.6827	6.8949	5.3508	5.1734	5.7079	4.9467	5.2002	6.1257	6.1106	5.3907	6.1804	6.1827	7.1092	4.8358	5.1388	6.1813	5.9174	6.6011	6.2896	4.7503	5.8328	6.4042	5.2956	7.6847	4.819	6.2048	5.2027	7.8979	5.9049	6.5604	5.2023	7.1331	7.9348	7.1531
U133A__EGR1	7.1754	8.7708	7.4441	7.4814	7.3888	6.308	5.4248	5.9257	5.5174	5.819	6.5474	5.91	8.6843	5.9632	6.5191	5.6021	6.4535	6.9361	5.6816	6.1835	6.0611	7.143	5.7529	5.9859	5.2688	6.1269	7.3378	5.4053	6.8313	9.3693	6.3465	7.0071	7.1152	5.2344	7.6351	5.7512	5.1156	6.4399	5.7614	5.5811
U133A__HTRA1	6.7003	6.2736	6.3885	6.5619	6.5603	6.4306	5.9744	6.5707	6.7075	5.904	6.5307	7.7992	8.3177	6.4915	6.4617	6.4236	6.16	6.9112	5.9653	8.1098	7.5058	6.8794	6.3703	9.3958	6.821	6.888	8.4262	6.0692	6.4565	6.2344	11.4172	9.6218	7.5158	6.3811	8.6427	8.5513	6.7275	7.4804	6.294	6.4095
U133A__GPRC5A	7.4835	8.1924	10.8478	6.6047	8.4387	6.411	7.0096	8.9953	5.7325	6.94	5.5498	8.3772	7.6094	9.252	7.803	9.0365	8.5419	8.7773	9.0299	7.3729	7.7901	8.8337	7.6604	5.9316	9.2595	8.1985	7.3947	8.0719	6.3931	6.2926	5.6671	10.3479	6.9332	9.4321	8.0798	7.8656	6.8201	8.9387	6.3194	6.9714
U133A__EFNB2	5.4764	4.7613	4.9303	7.0119	6.4386	8.6207	7.4791	8.8445	5.5096	6.4622	4.9044	8.2395	7.0896	7.4331	6.9829	9.9666	5.9393	6.9153	7.5536	5.9236	6.4018	6.9459	6.1413	8.3547	5.5304	5.5961	7.2819	7.5891	7.6132	4.8166	4.7258	8.8053	8.021	8.057	5.2698	4.9264	5.6351	4.1326	4.9242	7.1568
U133A__TUBA4A	8.127	8.0959	10.2276	6.0048	6.8604	7.1961	7.2988	8.0741	6.1229	7.2844	6.1504	9.7248	8.2095	9.6436	6.3914	6.9849	6.436	8.1739	9.3597	6.724	7.2218	6.3682	7.9791	6.2093	7.051	7.6192	6.6858	8.986	7.9045	7.5394	6.7402	10.2412	10.2433	8.5017	8.8552	8.7116	6.8016	6.4082	7.5034	9.1448
U133A__LANCL2	5.8528	7.2945	8.7735	7.2875	5.9263	6.1474	5.8428	5.9234	6.8344	6.5591	6.0216	6.7342	6.6088	7.4901	6.0928	5.8528	6.8358	5.9462	6.1305	6.9561	6.2898	6.5257	5.9869	7.2274	5.8817	6.8068	6.3016	5.6848	5.8898	6.6128	6.6065	6.6469	6.5225	6.0019	6.8958	5.4766	6.1616	5.6897	5.7803	6.2757
U133A__STAT1	7.2521	8.0289	8.9076	7.5388	9.9742	8.2815	6.9856	7.9112	8.6978	8.049	8.3459	9.0902	10.2397	9.0231	8.1431	6.7996	7.7738	8.9201	9.7459	7.9713	8.0961	8.2953	8.929	8.9037	6.852	8.3	8.2216	7.4767	7.903	7.4653	8.244	7.9746	7.4368	7.4307	9.7004	7.3811	7.3093	7.9471	7.2797	7.4195
U133A__CYB5A	6.6338	7.709	5.1047	6.3098	6.617	5.7624	7.9642	6.9887	4.4315	6.1598	6.0589	5.0605	5.3328	6.0628	7.199	8.2505	5.2687	4.701	6.1142	3.8628	6.5067	6.1092	7.8149	4.6541	7.0276	6.1533	6.26	7.9185	7.5663	6.7328	4.648	7.3606	7.1314	6.3256	7.0204	5.551	6.3159	8.6476	7.8435	8.1908
U133A__IFIT1	4.7114	4.2157	5.0235	4.5077	9.7076	4.7238	4.3455	4.7744	6.9119	6.1597	6.2547	7.0582	8.6976	6.346	8.2698	4.894	4.5623	5.5582	8.9034	4.7911	4.6602	4.9544	5.3881	7.9414	4.9999	8.3202	5.5062	4.8948	4.8674	4.4414	6.1359	4.2817	4.4171	4.5392	9.1874	4.7807	4.4767	4.3094	4.7475	4.2272
U133A__ALDH2	9.3805	9.7677	5.4141	10.227	9.9024	6.8361	9.4075	5.5016	8.2046	6.0363	8.5911	8.8455	5.5621	4.9952	9.9548	5.4287	5.4604	8.6838	7.2193	5.5024	6.2979	6.6812	6.8677	7.5525	6.3535	7.9242	10.2982	8.6058	5.4285	10.0471	7.2277	7.8676	5.8958	5.3037	10.5581	5.8761	7.3889	6.6914	9.1299	7.0443
U133A__IFI35	5.4977	6.6211	6.8837	5.9007	8.0682	6.7676	7.0366	6.3878	6.7278	6.8486	7.4278	6.9672	8.0101	6.8443	7.6942	5.418	6.0747	7.3015	7.4774	7.0745	5.9294	6.2196	6.5578	8.5606	5.4165	7.0996	6.7662	6.195	5.2079	5.7756	8.126	6.2137	6.6562	5.3685	7.1166	5.7674	7.0133	6.0084	5.5399	5.1334
U133A__BMP7	5.505	7.1792	6.1026	10.2899	5.9915	5.5804	5.844	5.7479	5.7537	6.1111	6.2167	5.7013	7.6113	5.7656	5.9684	8.3614	7.0256	6.2535	5.3106	5.8496	8.2441	8.6872	5.7141	6.8215	5.6201	5.4503	5.7334	5.8301	5.615	8.7775	6.0241	5.685	5.5064	5.6985	7.0329	5.9278	5.9429	6.7478	5.5512	5.6131
U133A__HOXB2	6.0505	5.9357	6.2883	6.0159	6.7451	6.7829	6.0399	6.2953	5.893	6.4622	6.1373	6.8592	6.0035	7.0432	8.8635	6.559	6.0844	6.9561	6.9785	6.4968	6.0448	6.3047	6.222	6.1531	8.0353	5.9345	6.3016	7.5786	7.0712	5.9492	6.2154	5.8979	5.7417	6.023	6.5936	8.0069	7.8088	7.6081	6.018	5.7583
U133A__WBP5	6.7541	3.6889	6.4769	3.8423	5.822	6.6526	3.4188	7.1545	8.993	6.1042	6.1205	7.6216	7.5367	4.0715	3.9169	3.6347	6.549	7.9524	4.1972	6.6648	3.9113	3.5138	3.6334	7.6132	3.816	8.2161	7.0278	3.947	3.6362	3.6496	7.7813	5.9192	5.6305	3.7521	6.6178	5.4815	5.2695	3.583	6.6206	6.4357
U133A__CTSL2	6.6891	6.6544	7.9888	6.1776	5.8575	7.9594	6.6191	10.2184	5.7305	6.0333	7.4727	7.4576	7.8409	7.0974	6.5739	6.0122	8.0945	7.7367	8.1816	5.7412	7.1939	6.6615	6.6808	8.3407	7.0612	5.8619	6.3803	7.5018	5.5789	6.5624	6.5317	6.8619	5.7468	7.4294	6.7808	5.8074	7.2087	6.9109	6.678	7.0021
U133A__BASP1	5.4356	5.7977	4.4396	10.6202	9.2038	11.5185	8.8654	6.594	9.1826	5.6244	6.3603	5.5235	8.6432	5.4185	9.4493	9.2461	7.096	10.984	5.1029	10.982	9.543	11.1484	8.6087	11.8373	5.8638	9.7536	8.7157	5.3006	6.2352	9.4114	10.254	7.787	10.2463	6.6101	4.8086	5.856	5.2301	8.934	5.5732	5.2642
U133A__MRPS28	6.3148	9.9042	6.7289	7.5316	7.7621	7.9969	7.3016	6.5708	6.7955	7.8601	7.7391	7.601	7.6137	8.4394	7.1288	7.0749	7.9765	7.4404	7.147	8.4855	7.6176	7.205	7.5394	8.3022	7.1794	7.9059	7.6379	6.1268	7.3831	9.5315	7.0449	7.5931	7.2521	7.0073	8.2577	7.2485	7.3465	7.3301	7.2016	7.5669
U133A__PFKFB3	6.4163	5.8115	6.0536	6.5643	8.0618	6.4057	5.4033	5.7092	4.2179	5.9599	5.4297	6.8708	5.8142	6.5936	6.0622	6.17	5.7306	5.9454	7.4158	5.4595	5.3191	5.7956	6.0067	7.654	6.5726	5.85	5.5781	7.4072	5.907	5.1845	4.5678	5.6563	5.1913	4.7671	6.7484	7.6179	8.8019	8.5879	5.527	6.0006
U133A__FABP5	4.1904	4.0367	3.702	3.7473	6.4085	3.5435	5.3344	9.2366	8.4386	7.491	9.3953	9.7792	11.1944	3.3571	3.6996	3.6829	8.758	9.6872	11.0183	8.9013	5.7227	6.7429	3.8621	8.3248	8.5209	9.7444	8.3436	6.9507	3.6349	5.3397	10.4027	8.9495	9.9405	3.7177	4.0967	3.5081	3.7815	3.5285	4.8338	9.0063
U133A__CREB3	6.9815	7.295	7.4987	6.6385	7.5188	7.8333	7.8931	7.2634	6.8872	7.2219	7.4311	7.737	7.0628	7.0688	7.8723	10.674	7.9901	6.7089	7.9428	7.7562	6.858	7.126	7.5448	7.9442	7.7396	7.5443	7.9957	8.3155	8.1355	6.7483	7.733	6.7167	7.73	8.3628	7.7211	8.7709	7.5401	7.6055	7.6952	7.717
U133A__DUSP1	6.4053	7.7114	7.1752	8.9782	7.1171	6.1533	7.4269	5.3717	5.2704	6.595	6.1984	6.4507	7.5507	5.8845	7.3064	7.3325	7.7346	6.8596	5.6034	7.7844	6.4474	7.2639	7.0795	6.6723	6.1124	8.7086	8.8691	5.7835	6.1885	9.4192	8.3556	6.6147	9.4805	9.4117	7.759	8.4658	7.5289	7.3543	7.386	6.2795
U133A__IFI6	4.9866	6.1205	5.2706	5.4451	10.1621	5.5759	5.5314	7.4325	7.2127	6.6375	9.9393	6.0926	8.479	8.4356	8.9623	5.4425	5.726	6.5632	8.5826	6.9663	5.9167	7.0966	7.5224	9.0873	6.7666	5.8968	6.2391	6.5746	5.8892	5.4492	6.297	5.3162	5.104	5.1714	8.6501	5.6316	5.4146	6.5746	5.244	4.6725
U133A__C10orf116	9.1902	8.2899	5.318	9.178	8.9706	4.472	9.695	10.0032	4.7791	9.3951	5.1718	8.9521	4.3801	5.2636	9.9213	9.8931	6.1048	6.8811	4.7923	4.7919	6.3825	5.6946	10.1961	4.8802	11.1909	5.2037	11.2659	10.0249	6.4343	9.0689	5.2127	7.5886	5.4465	4.9414	8.3863	10.4616	9.125	9.852	9.5303	10.8611
U133A__RANBP6	4.7934	5.0371	6.4418	4.2429	6.3425	6.7217	6.3532	5.4548	5.4428	4.5938	5.5795	5.5374	6.4931	8.7863	6.1904	4.0948	6.9804	7.1459	7.2797	5.7405	5.2136	5.2393	5.9539	6.3699	5.797	5.9788	5.2613	6.0678	5.228	5.0434	4.4442	5.6174	7.2921	6.6713	5.6587	5.6978	6.412	5.6413	5.5102	6.0529
U133A__SLC7A5	7.5815	9.742	10.5531	9.556	9.4239	8.8395	8.8866	8.1642	8.7182	9.2909	9.2551	10.5851	10.4498	10.1983	8.2417	7.9928	9.4584	9.444	9.7265	9.3198	11.4301	9.468	8.2735	8.8589	8.3536	9.5127	10.5304	8.7209	7.0168	9.4987	8.6391	9.0343	8.9524	10.4316	9.9877	10.2896	9.0969	8.9767	9.2961	9.36
U133A__EPAS1	7.5586	9.4435	9.3385	6.5628	6.6454	7.1099	6.6122	6.878	5.9279	7.9068	9.1876	9.0687	8.1309	8.2067	8.4481	11.134	8.0527	8.9875	8.7955	7.4187	9.242	7.7912	8.5965	8.4085	9.4821	6.3178	8.0953	7.8271	7.9185	9.5402	6.3055	8.8077	8.0257	8.9549	7.1293	10.3129	7.6909	9.5309	7.7552	6.3461
U133A__CYP1B1	7.5192	6.2606	8.5069	4.9105	5.5792	8.151	4.1785	5.7873	9.7315	5.5791	4.312	6.1979	7.1729	8.4376	9.2661	5.8894	4.2552	10.1131	8.1797	3.837	7.9674	7.8669	9.832	10.1758	7.9074	5.0661	9.6657	8.156	7.3836	7.387	8.1346	7.4181	3.6701	8.3413	5.3846	8.6291	8.2634	8.1212	8.6215	8.3112
U133A__PSAT1	5.5922	6.1399	8.26	8.0258	5.861	8.3365	5.8022	7.5477	7.3947	6.1203	8.0365	8.0175	9.2056	7.8975	7.689	7.0305	5.8761	6.9252	9.2504	7.682	6.5519	6.2562	5.9222	6.8654	6.9891	8.1257	6.2789	6.354	5.5266	6.6541	9.1564	8.6713	8.1064	10.4203	8.6947	6.019	7.2478	5.7838	6.2581	6.1356
U133A__FAH	6.3218	6.4607	6.6099	5.3049	6.5322	5.6806	6.876	5.4625	4.7189	7.7151	6.091	6.0566	5.459	6.598	6.6952	5.7596	6.7725	6.6123	5.941	5.7228	5.4481	5.8112	7.437	6.7586	6.7689	6.2218	6.0433	8.5933	6.8603	6.9006	7.0321	6.5066	6.389	5.333	7.7886	8.0842	6.8366	6.6268	7.8526	6.2868
U133A__RHOD	7.8747	5.2958	7.9209	6.4675	7.5568	5.1077	7.9489	5.7556	6.6789	8.1395	6.8909	8.2529	7.7422	7.4409	7.2922	7.285	6.8871	6.6721	6.7316	5.5286	7.3222	8.2642	6.9058	5.7004	7.3765	6.1846	7.1356	10.2792	7.6147	5.486	5.0982	7.0881	5.0527	6.8992	7.3789	8.2248	8.4567	7.6569	6.3975	7.906
U133A__PKP1	5.6185	5.4542	5.1491	5.8326	6.1498	5.2848	5.2597	7.7467	9.3023	5.4739	6.978	8.1395	7.7906	5.5253	5.2833	5.9841	5.1287	5.9929	8.6629	5.834	6.2676	5.9481	5.434	5.5739	5.8193	5.0695	5.8165	8.6627	5.6349	5.8531	5.6921	7.6646	5.5444	7.8001	5.6862	5.5104	5.5428	5.1191	5.8114	5.4465
U133A__PSPH	3.0836	2.8068	6.7289	8.8397	6.7999	6.9781	3.9571	3.5236	4.0114	2.8876	4.9507	5.6603	5.337	4.8724	3.7695	3.2991	8.5676	4.3599	6.2269	3.3834	3.9784	3.957	3.1641	7.7069	8.0686	6.9336	3.8532	6.5213	3.6251	3.3861	7.1978	6.3427	3.5548	6.222	7.1996	3.3091	3.816	3.4727	2.8167	3.3359
U133A__ADD3	6.6598	6.5922	5.3978	6.785	7.3626	4.6305	5.8974	7.5616	6.7554	6.0067	5.9834	8.9014	7.7653	5.2378	4.6477	6.6912	4.2227	7.5595	8.6087	8.3932	5.0474	4.6928	6.3464	7.5729	4.5674	5.9771	9.2733	8.7003	4.1664	5.7824	6.9891	7.4625	3.7616	4.5454	8.7778	8.6528	6.232	7.0666	6.5704	6.4893
U133A__SLC22A18	7.9216	9.8466	8.2002	6.9283	7.348	6.2391	7.5694	7.2846	6.1165	7.0052	7.1159	6.0673	7.2986	7.5464	8.2241	7.0656	6.8706	7.6326	7.6014	6.6027	7.2144	7.285	8.8137	8.6316	8.4775	6.4509	7.087	8.9262	8.4863	8.4106	6.5985	7.3737	6.3947	6.8661	8.755	6.9685	7.2273	7.5805	7.9351	8.1929
U133A__THBS1	5.5343	5.001	7.0833	2.6537	6.3221	9.244	5.7668	8.4849	4.4151	3.3894	3.7441	6.7656	3.75	7.6908	4.662	2.6702	7.1499	5.1664	3.2742	8.3906	4.5841	5.9715	6.4773	5.6089	6.0028	6.6098	3.9623	5.9902	7.2005	4.0472	2.661	9.1396	8.1503	4.1347	6.3622	6.1984	6.842	4.6027	2.8948	2.6965
U133A__DHRS2	3.6915	11.0353	10.3221	9.9415	6.4724	5.6319	3.4445	3.8597	3.4835	8.886	3.8089	4.3762	6.9515	3.9461	8.055	5.3919	4.6408	6.2546	3.3749	9.8464	9.1799	6.4362	3.6246	3.8142	9.5706	4.3924	10.9648	4.9896	3.8658	11.0403	3.5322	5.7199	3.7635	4.1461	7.0288	3.9059	4.3709	4.7984	6.5961	4.5859
U133A__TESK1	6.1277	6.4533	6.6844	6.2831	7.0087	6.1632	6.7421	6.6612	6.773	6.5293	6.5209	6.533	5.8371	6.3716	7.4384	10.6915	6.4996	6.3326	7.0714	6.205	6.4097	6.3519	6.8934	6.7607	6.6341	5.7422	7.5346	6.8662	7.7649	6.2511	6.2481	5.9159	6.4373	7.9816	6.5213	6.8686	6.5403	6.1772	7.1722	6.9118
U133A__TNFAIP2	6.5795	8.2231	7.6824	6.3738	6.1237	5.8589	6.542	7.4465	8.7141	6.2884	5.9616	8.3867	8.5324	7.833	6.9407	6.4399	7.8688	8.5522	9.3888	6.3682	6.3993	6.5616	6.4062	8.2471	6.4737	6.5829	5.7377	6.762	6.0875	7.0839	6.245	8.1	6.9614	6.0373	6.0305	6.7441	6.7504	6.8502	5.7957	6.5668
U133A__AHNAK2	4.3732	3.6455	4.6633	3.7668	4.2833	7.8526	4.6283	9.299	3.5509	4.9391	3.8991	6.3896	4.45	6.0159	3.693	4.1841	7.2624	6.7199	6.3673	5.4933	3.9157	4.2351	4.6591	8.267	4.9602	5.1847	4.0095	4.1542	3.6524	3.8567	9.5019	5.603	7.6929	8.3787	4.9678	4.0909	4.2427	4.4986	3.8844	4.6233
U133A__IFRD1	5.4877	4.9609	6.223	6.1315	5.37	6.6057	4.5862	4.8029	8.1135	5.2789	8.2698	5.9761	6.4008	5.8931	5.0595	6.959	7.5063	6.305	7.2214	6.5547	7.5278	5.16	4.7386	6.84	4.7622	6.307	4.2376	5.1419	4.3653	5.7774	5.6285	7.0969	5.726	8.0212	6.0891	6.9652	3.9585	4.1403	5.2741	5.3617
U133A__CRYAB	5.9769	6.6645	5.5916	5.2189	5.2365	5.1263	5.5506	8.962	10.349	5.5635	10.0838	5.3294	7.6599	5.5014	5.645	5.2775	8.9366	7.7718	8.6936	5.6617	5.4935	5.4123	5.2084	5.1464	5.1888	5.1236	5.2909	5.2474	5.3376	5.6819	6.1253	5.0584	5.4355	5.2794	9.1503	5.5079	5.4755	4.7935	4.6965	4.9777
U133A__LDHB	4.1912	9.5557	4.0631	7.7198	7.4019	11.1499	3.7442	10.2809	11.5671	9.3184	11.4528	11.4705	11.0616	3.5408	6.3778	11.1987	10.7072	11.2496	8.8148	11.0885	3.5489	4.7582	3.8705	10.5632	11.012	11.6052	10.7455	9.8168	3.3627	10.4303	10.9508	11.7129	11.5033	3.5016	6.9071	10.3626	4.7713	8.3895	3.3083	3.6779
U133A__KIAA0040	7.4994	6.4763	6.2241	6.3177	8.4261	5.5327	7.1961	6.3227	5.7125	7.9873	6.0097	7.8512	6.4646	6.2896	6.8359	6.4563	6.0658	5.6974	6.5026	5.7298	5.6006	5.9483	7.6846	5.955	6.4962	5.278	6.0962	7.1032	6.9009	7.0973	5.2923	5.7746	5.1966	6.184	6.4999	8.7619	6.5898	6.2826	7.188	6.3955
U133A__ASPH	5.3746	6.8366	8.484	6.5254	8.1324	6.8716	5.3035	6.5755	6.2036	6.0212	7.3679	7.8645	7.2219	8.1345	4.4642	5.177	5.7293	8.8405	7.2005	8.9386	6.6102	5.3359	6.6341	7.0177	8.5437	7.5871	7.8154	6.9904	8.6886	6.7725	7.7094	6.3051	7.5512	6.0606	8.0946	8.6961	5.212	8.2391	5.9685	5.6668
U133A__ZNF544	6.9864	6.6867	8.7357	6.9637	7.6542	7.1156	7.4338	7.4326	7.681	7.4451	6.6237	9.6213	8.1072	6.7879	6.9704	7.0077	6.8549	7.3676	6.9216	7.1203	7.0009	6.9974	7.2612	6.3988	6.4939	7.2039	7.0974	7.1081	6.2996	6.724	7.0081	6.8126	6.8659	7.3366	7.3685	6.3543	6.967	6.629	6.3383	6.9272
U133A__ST6GALNAC2	9.2262	6.011	5.93	8.851	7.7077	6.409	8.5175	7.0245	7.166	6.5847	6.2859	6.3744	6.8142	6.3756	8.0541	7.364	6.3358	7.542	7.0362	6.505	6.3558	7.1622	9.1084	6.5767	9.2193	6.2919	10.5822	8.0335	8.8748	5.9877	6.0963	6.6151	6.6624	9.496	6.5505	9.0304	7.8321	8.3814	8.9466	9.3208
U133A__SHB	6.1653	6.8733	6.828	6.1711	6.3303	7.2606	6.1796	6.4954	6.4016	6.8149	6.1061	7.1242	6.5164	7.1248	6.8155	9.4468	6.3557	7.5118	8.0176	6.6858	6.4005	6.5346	6.4142	6.7529	6.5025	6.6582	6.3874	6.546	7.5095	6.2702	5.2957	5.9911	6.1421	7.0421	7.0962	6.027	6.3154	6.456	5.9912	5.9384
U133A__TNNT1	8.2819	4.9891	6.4262	4.9956	8.3311	7.8062	8.8016	8.3106	4.9018	7.2426	7.0991	5.6489	5.7277	7.4717	8.1012	5.7509	7.0071	7.2158	6.2792	8.2758	7.1092	6.2331	9.388	7.8218	8.5365	7.2242	6.7944	6.3568	7.4262	4.9607	7.6684	6.2444	5.7386	6.0627	4.8809	8.7274	6.5307	7.3264	7.9068	8.7371
U133A__LOXL2	4.6838	4.8373	7.2684	5.2765	4.931	11.2532	5.0339	5.1123	8.9399	4.9087	6.8644	4.7623	5.0723	7.4659	5.579	4.8991	7.0953	7.9161	6.9804	9.527	6.8229	5.5615	5.0457	9.013	4.8066	8.2858	5.1224	5.0076	5.0073	5.2823	8.7674	8.8033	7.5966	5.225	6.1602	5.0957	4.983	7.7962	5.0515	4.9497
U133A__SH3YL1	8.3113	7.6952	6.9461	9.2864	7.4904	5.2336	7.0931	9.887	6.1393	6.2999	7.4269	7.9322	6.8086	6.3395	8.0232	9.4126	7.2892	7.2825	9.0259	3.7104	7.45	7.8371	6.4369	5.2003	8.1147	4.1523	7.4942	6.9545	8.6375	7.9384	5.1517	8.2469	4.371	9.2451	8.1166	8.7861	7.9012	9.2607	9.9867	8.5619
U133A__LGALS3BP	8.6461	10.7587	8.1865	6.8374	8.7665	5.5015	5.9501	6.8983	9.4753	6.0083	8.5182	9.7275	9.2218	9.6623	7.4069	6.1882	8.7212	6.2656	8.7227	7.8311	6.3716	8.3363	9.0032	8.0311	9.2918	8.1662	9.1628	8.5284	5.3794	10.3399	6.2185	6.111	8.9061	8.3914	9.4645	6.7879	6.6375	7.1967	6.2108	5.9943
U133A__GPNMB	4.2546	7.6502	5.7521	7.0655	4.8607	3.8119	6.4117	9.1158	4.2445	5.08	7.6272	7.535	6.7794	4.756	4.8748	9.7451	6.3955	8.1161	9.7905	7.9799	5.2733	5.2392	3.9271	10.6949	4.7123	4.6317	9.088	4.3906	4.4459	7.6682	9.6168	4.2152	4.2491	4.8244	9.2486	6.6428	5.3744	5.3042	4.8159	4.8741
U133A__LAMB2	8.1243	6.9331	6.1194	5.3368	6.0646	6.7282	5.7382	6.9642	6.1662	5.2838	5.4219	4.8086	6.058	5.2916	6.5472	6.3258	6.2431	6.0447	7.3694	6.4274	5.1666	6.2658	7.1113	5.9146	7.8648	6.107	6.676	5.6942	6.7376	6.1559	6.6505	6.0157	6.1049	8.712	6.379	6.7894	7.122	7.2784	6.3862	6.0386
U133A__PRKACB	5.7668	7.3425	6.974	7.9085	6.873	7.128	5.6635	7.0985	7.116	6.5155	6.3986	6.8435	7.7829	7.5556	7.3933	7.4713	6.6439	7.7662	9.3369	7.1608	5.2971	6.3838	5.8828	7.191	6.1262	8.461	8.0549	5.4461	7.2026	6.4	7.3061	5.9619	6.8006	6.4627	8.839	7.2857	6.1098	7.754	6.9566	6.3993
U133A__ITGB4	8.4764	6.8825	7.8694	7.2638	6.1489	5.1424	6.7049	9.9222	5.9812	6.4977	5.6302	9.8634	7.2601	7.6693	8.0613	6.7599	9.2314	6.4951	6.4958	5.6846	7.7798	8.3127	5.2167	5.7594	7.597	5.8136	7.8203	7.0236	6.7098	6.7099	5.7868	6.8612	5.7862	9.5481	7.0662	7.1408	7.4342	7.6944	6.2395	7.5587
U133A__CEBPD	6.6929	8.6335	8.0005	6.0731	7.3742	9.5029	6.3522	8.0968	9.7249	7.1484	7.2111	7.8098	8.6922	7.3539	6.7642	6.9569	9.2087	8.8963	8.6788	6.0953	6.5099	7.0844	6.2396	8.7538	7.4876	5.9531	6.0972	6.213	6.2153	6.6089	8.2928	8.4856	8.7118	7.0693	6.7231	5.3927	7.6899	7.834	7.6569	6.9549
U133A__LANCL1	6.7689	7.9484	6.1735	7.1973	8.0437	7.4032	6.8113	8.2676	7.471	7.7845	6.858	6.4065	7.4074	6.1261	6.0262	7.1325	6.5866	8.9228	7.4355	7.3639	6.9245	6.5193	7.6214	7.1381	6.6311	7.2862	7.7475	6.4586	7.6675	9.6917	8.1542	7.0607	7.5143	6.6789	7.4457	8.0595	7.3913	7.8901	8.0387	7.3553
U133A__TXNIP	9.0198	6.3159	6.4357	8.3832	9.4834	6.3813	7.8916	9.8559	5.7644	9.3606	6.8518	6.1465	7.4178	7.8682	9.5912	9.4289	7.6529	6.0667	7.4504	5.6214	6.9145	7.9565	7.329	6.5723	9.169	6.4066	8.9171	8.1792	7.3859	6.7269	5.781	8.2045	7.9514	10.3303	8.9095	10.2571	7.8199	8.5902	10.4484	6.8079
U133A__HOMER3	6.0414	6.7908	8.4811	6.0965	5.8645	6.9993	6.5947	7.4988	8.1995	6.5724	6.6337	7.0466	5.9441	7.3602	6.3587	5.9818	7.9062	5.9173	7.2291	7.8541	5.4821	6.8363	6.597	8.333	6.8523	6.0062	6.1166	7.0976	5.836	5.9463	6.8397	7.5092	6.8507	6.3858	5.9328	4.9433	4.8396	6.7364	6.0386	7.0818
U133A__CRYM	8.9131	6.4583	6.3256	7.5231	6.4006	6.448	8.1342	6.5711	5.9848	7.0052	6.0575	6.1414	6.1539	6.6828	7.7153	7.245	6.4	6.1823	5.9313	6.4998	6.2619	6.3051	6.5764	6.4642	7.5285	6.1593	7.7217	10.0657	6.3683	6.3247	6.5873	6.6463	6.4344	6.383	6.7049	7.7307	6.4716	6.4686	9.6367	6.6343
U133A__FGFR1	6.1557	5.7798	5.7379	6.852	7.4678	7.5789	7.3779	6.7737	8.6157	6.1787	6.737	5.9285	6.0116	5.8635	6.4269	6.623	6.2015	9.3113	5.9031	7.4059	6.7359	6.0403	11.6578	8.0272	8.3604	7.1029	8.2599	6.0409	6.4628	6.1317	8.3245	5.7774	7.9791	6.489	7.6248	7.2695	6.4819	7.8946	7.4521	7.6142
