Cell lines	600MPE	AU565	BT474	BT483	BT549	CAMA1	HBL100	HCC1143	HCC1187	HCC1428	HCC1569	HCC1937	HCC1954	HCC202	HCC2185	HCC3153	HCC38	HCC70	HS578T	LY2	MCF7	MDAMB134VI	MDAMB157	MDAMB175VII	MDAMB231	MDAMB361	MDAMB415	MDAMB436	MDAMB453	MDAMB468	SKBR3	SUM1315MO2	SUM159PT	SUM185PE	SUM52PE	T47D	UACC812	ZR751	ZR7530	ZR75B
Response	-1	1	-1	1	1	-1	1	-1	-1	-1	-1	1	-1	-1	1	-1	1	-1	-1	-1	-1	-1	1	-1	-1	1	-1	1	1	-1	1	1	1	-1	1	1	1	1	-1	1
Meth__cg06226384__CACNG5	0.082869	0.025691	0.36747	0.09534	0.056227	0.11916	0.05625	0.25292	0.049696	0.033985	0.097543	0.080853	0.092099	0.021404	0.052564	0.040031	0.029412	0.083991	0.043695	0.094988	0.10897	0.085191	0.033359	0.65839	0.078658	0.024166	0.071096	0.050638	0.035377	0.050896	0.047782	0.018715	0.03811	0.094811	0.048468	0.055541	0.05024	0.038335	0.073298	0.03692
Meth__cg18108623__FLJ34922	0.52587	0.047571	0.91194	0.44684	0.040587	0.87042	0.039832	0.44943	0.048214	0.83359	0.19178	0.21032	0.60872	0.089523	0.053182	0.77523	0.041857	0.13461	0.73477	0.92731	0.89752	0.73239	0.38979	0.36355	0.87113	0.57632	0.74308	0.043148	0.84745	0.074711	0.10458	0.53508	0.04187	0.88908	0.55394	0.40836	0.062218	0.2376	0.78113	0.10762
Meth__cg12179176__SNX19	0.096818	0.054613	0.096431	0.075523	0.072327	0.1406	0.48423	0.14184	0.099003	0.063278	0.93546	0.09707	0.91772	0.09206	0.072684	0.042515	0.080249	0.22737	0.079936	0.13368	0.14642	0.14456	0.050006	0.084084	0.19905	0.071961	0.22354	0.045135	0.14899	0.0894	0.08864	0.066254	0.065734	0.1347	0.052708	0.078225	0.061625	0.12136	0.53684	0.095173
Meth__cg01911082__CSMD3	0.14959	0.012962	0.20964	0.021941	0.096183	0.7801	0.081878	0.7405	0.02236	0.030032	0.17742	0.52549	0.34704	0.1276	0.03002	0.31183	0.055433	0.053961	0.017936	0.057812	0.56524	0.62828	0.045229	0.23306	0.89605	0.032069	0.076469	0.02622	0.75204	0.39564	0.027266	0.024689	0.041607	0.52622	0.068251	0.017906	0.15682	0.050972	0.47711	0.021657
Meth__cg10503234__FSTL3	0.49831	0.056063	0.12219	0.047336	0.060171	0.36449	0.031683	0.1405	0.11751	0.066986	0.29463	0.11064	0.21231	0.094075	0.17798	0.64085	0.038553	0.11079	0.21716	0.23655	0.059518	0.10484	0.033763	0.70687	0.090671	0.37375	0.51244	0.03511	0.62921	0.51817	0.1769	0.080027	0.041754	0.23906	0.40794	0.062108	0.058838	0.072348	0.16901	0.043844
Meth__cg26829529__SPACA3	0.29623	0.05739	0.65482	0.54367	0.041314	0.094031	0.087275	0.27477	0.15423	0.069102	0.20691	0.061576	0.17757	0.060478	0.11262	0.13883	0.083132	0.1116	0.083789	0.23704	0.26751	0.82232	0.04472	0.8268	0.083516	0.049004	0.056736	0.10035	0.06385	0.062257	0.17021	0.05492	0.040196	0.40026	0.030528	0.076068	0.25067	0.0608	0.11409	0.064492
Meth__cg08896053__SNTG1	0.64157	0.038702	0.81728	0.18316	0.42803	0.86221	0.20993	0.67814	0.15686	0.27086	0.85722	0.5118	0.43229	0.43253	0.15054	0.63152	0.49782	0.10593	0.039733	0.55152	0.80704	0.65655	0.090134	0.55273	0.49023	0.056556	0.086574	0.1447	0.46458	0.053016	0.053245	0.06062	0.076758	0.77046	0.66211	0.11173	0.073924	0.13104	0.61557	0.15588
Meth__cg14894216__CATSPER1	0.22781	0.10667	0.76334	0.42162	0.095629	0.31169	0.16354	0.47553	0.12248	0.14807	0.28099	0.53892	0.44097	0.092901	0.1176	0.55625	0.10633	0.23094	0.11407	0.5594	0.23439	0.36617	0.14918	0.80384	0.83939	0.11046	0.10566	0.079673	0.13832	0.20462	0.15314	0.11629	0.11648	0.16649	0.22973	0.13015	0.14059	0.09937	0.16053	0.10644
Meth__cg08703971__SGPP1	0.074268	0.07138	0.12037	0.23905	0.070086	0.31717	0.050317	0.13038	0.51637	0.060039	0.34682	0.045544	0.082836	0.27307	0.07576	0.059839	0.06734	0.35315	0.050816	0.073322	0.20403	0.3078	0.080941	0.7345	0.211	0.069052	0.12991	0.054095	0.83112	0.080864	0.073685	0.057165	0.057665	0.11213	0.060591	0.15482	0.079474	0.057467	0.436	0.066849
Meth__cg09754413__RNF182	0.52061	0.078875	0.38098	0.13669	0.043119	0.81428	0.12016	0.10896	0.16347	0.13314	0.54797	0.14382	0.64177	0.47783	0.14404	0.34766	0.052158	0.11597	0.42179	0.70165	0.70021	0.87644	0.22684	0.75151	0.3453	0.2409	0.43985	0.19586	0.66826	0.49144	0.17378	0.05675	0.53729	0.54945	0.8306	0.33042	0.083261	0.27329	0.46513	0.20727
Meth__cg16431978__KRTAP13-3	0.91546	0.11336	0.8727	0.56309	0.1856	0.65723	0.080421	0.96686	0.91576	0.1252	0.78814	0.15811	0.14538	0.31256	0.76757	0.4421	0.12492	0.17376	0.1301	0.16782	0.12839	0.20757	0.13594	0.67848	0.11816	0.12601	0.20477	0.2414	0.14899	0.12889	0.11274	0.12642	0.12696	0.92747	0.092801	0.099415	0.11294	0.29879	0.19417	0.41199
Meth__cg04126816__HSU79303	0.041265	0.029121	0.55315	0.024868	0.027608	0.032245	0.0629	0.38252	0.46265	0.060656	0.48348	0.13744	0.40557	0.41178	0.48303	0.03902	0.031073	0.26619	0.021947	0.94172	0.39318	0.03727	0.036696	0.029965	0.17229	0.034635	0.075489	0.03763	0.055696	0.91024	0.071499	0.029124	0.028672	0.042107	0.027899	0.13611	0.0641	0.035097	0.25689	0.036831
Meth__cg26024843__COL5A1	0.50198	0.041928	0.21124	0.030332	0.032153	0.63292	0.040864	0.60689	0.15545	0.044412	0.40433	0.04609	0.066657	0.172	0.15004	0.046858	0.052078	0.075456	0.023702	0.21776	0.17229	0.16464	0.045199	0.15244	0.12891	0.065176	0.081361	0.031588	0.86843	0.67229	0.077273	0.08904	0.022698	0.052522	0.29435	0.040088	0.068176	0.055375	0.59003	0.076412
Meth__cg21016177__EXOC7	0.08582	0.020781	0.068543	0.061949	0.033705	0.030807	0.13175	0.36	0.08663	0.045847	0.084942	0.091741	0.13357	0.2243	0.080245	0.079414	0.053404	0.054516	0.036827	0.075561	0.071941	0.11503	0.080346	0.11636	0.24862	0.08998	0.040462	0.029213	0.091774	0.10466	0.03161	0.02057	0.033198	0.10681	0.026083	0.038315	0.044891	0.022699	0.13679	0.025736
Meth__cg25421647__UBE2L3	0.95923	0.75787	0.81081	0.85038	0.35562	0.94125	0.30727	0.52885	0.044004	0.94167	0.77196	0.37077	0.46985	0.74088	0.052819	0.087789	0.054707	0.092235	0.49996	0.9557	0.9061	0.58185	0.038977	0.73624	0.56619	0.12315	0.22728	0.079079	0.1843	0.60317	0.53989	0.031005	0.058922	0.14737	0.04905	0.078067	0.11481	0.54005	0.15117	0.46352
Meth__cg23376526__SLC27A3	0.054231	0.05058	0.038909	0.098742	0.33827	0.043413	0.67092	0.067033	0.030781	0.059981	0.040475	0.048248	0.12735	0.033564	0.041749	0.034536	0.049692	0.094871	0.038149	0.028147	0.040238	0.042707	0.50542	0.031158	0.57125	0.044921	0.089237	0.058074	0.076196	0.039694	0.084047	0.38649	0.10093	0.024943	0.073585	0.86988	0.048168	0.040417	0.072971	0.050748
Meth__cg10539418__CCND1	0.047567	0.038241	0.048565	0.031912	0.041725	0.041545	0.028999	0.15595	0.043834	0.034213	0.4125	0.028863	0.093065	0.2585	0.04487	0.067417	0.035272	0.096155	0.025283	0.035901	0.055669	0.1442	0.04093	0.09173	0.057379	0.041964	0.084836	0.039424	0.0859	0.040574	0.095085	0.028953	0.033799	0.036165	0.024718	0.060318	0.037562	0.046423	0.10022	0.04329
Meth__cg24240626__REG3A	0.54501	0.11021	0.6327	0.094627	0.11195	0.29053	0.17241	0.082653	0.61025	0.15416	0.30719	0.13133	0.1205	0.20923	0.44323	0.12567	0.089424	0.23463	0.15432	0.13777	0.15522	0.13664	0.098721	0.13421	0.17277	0.1312	0.25856	0.092129	0.16123	0.1328	0.17876	0.097488	0.12921	0.62382	0.094775	0.1449	0.13929	0.11816	0.14044	0.14025
Meth__cg12774845__ENTPD5	0.073584	0.093878	0.37383	0.083531	0.071705	0.085399	0.057232	0.19097	0.59792	0.077959	0.11813	0.64705	0.50261	0.049026	0.49588	0.14207	0.066692	0.12388	0.093253	0.21126	0.1774	0.080302	0.065293	0.14514	0.40326	0.10555	0.11397	0.081367	0.14365	0.52972	0.1073	0.054981	0.063692	0.71834	0.08533	0.083947	0.057727	0.07003	0.24759	0.08401
Meth__cg11272332__ZDHHC15	0.47773	0.035567	0.86806	0.059262	0.047065	0.94566	0.023315	0.97323	0.40144	0.19834	0.84716	0.14153	0.91414	0.64686	0.33246	0.44716	0.35775	0.08317	0.031767	0.91234	0.71781	0.46537	0.1025	0.44844	0.71055	0.22904	0.22909	0.51768	0.84791	0.39865	0.26479	0.038254	0.085333	0.2734	0.6551	0.16672	0.51373	0.14852	0.45074	0.63717
Meth__cg07031996__MTF1	0.73507	0.039499	0.44024	0.10082	0.047448	0.2619	0.070753	0.23157	0.20246	0.18537	0.14455	0.157	0.097303	0.049571	0.20813	0.062423	0.023207	0.085354	0.10585	0.084842	0.056903	0.12121	0.062582	0.90034	0.37892	0.15474	0.048267	0.049564	0.29812	0.12376	0.06485	0.02577	0.042664	0.4267	0.1262	0.056683	0.050524	0.15297	0.91393	0.067504
Meth__cg00818693__TTC14	0.046846	0.050201	0.69562	0.036749	0.042307	0.40868	0.035355	0.12799	0.040366	0.044588	0.18129	0.036825	0.069172	0.7951	0.048675	0.038849	0.038516	0.13669	0.042606	0.29496	0.21431	0.43952	0.040718	0.041879	0.18086	0.049398	0.054295	0.039659	0.093109	0.041972	0.061155	0.044491	0.05244	0.036759	0.037691	0.063503	0.044973	0.036773	0.086393	0.042388
Meth__cg19014419__ZNF300	0.78786	0.039416	0.80162	0.067482	0.54816	0.77346	0.60467	0.9059	0.14125	0.053982	0.78237	0.049421	0.58344	0.29504	0.2468	0.78632	0.11585	0.10355	0.098017	0.53006	0.39746	0.4301	0.085439	0.50601	0.39246	0.042779	0.082526	0.063405	0.43912	0.081216	0.082966	0.078357	0.23344	0.38869	0.3488	0.080337	0.67758	0.3923	0.56538	0.054075
Meth__cg09867835__GLP1R	0.15352	0.10312	0.86711	0.63697	0.13408	0.65337	0.054279	0.19233	0.11382	0.82283	0.72702	0.35199	0.60813	0.098182	0.13977	0.40053	0.09669	0.12185	0.085549	0.54435	0.36926	0.67857	0.1114	0.4987	0.21352	0.45995	0.14169	0.13739	0.08486	0.36847	0.095833	0.10138	0.090277	0.72046	0.46237	0.171	0.44269	0.12394	0.63834	0.2224
Meth__cg06500079__VPS53	0.031442	0.057703	0.48168	0.47038	0.088527	0.091878	0.21466	0.046929	0.60124	0.07364	0.039629	0.068432	0.17182	0.36293	0.57875	0.27578	0.046264	0.22415	0.91212	0.061822	0.040534	0.1075	0.034641	0.74118	0.90154	0.049038	0.10541	0.028787	0.082471	0.66185	0.087553	0.029114	0.067381	0.74259	0.027237	0.073146	0.073525	0.050328	0.69803	0.039414
Meth__cg14008119__MGC16028	0.044214	0.041645	0.075579	0.059908	0.040601	0.055878	0.033411	0.095429	0.058763	0.070629	0.049941	0.12598	0.089231	0.02516	0.05171	0.04577	0.036793	0.10085	0.037531	0.055745	0.23037	0.069223	0.047503	0.050794	0.12386	0.052011	0.098772	0.043906	0.084074	0.044459	0.054819	0.035634	0.03574	0.72437	0.037953	0.050225	0.043234	0.044346	0.12558	0.06013
Meth__cg03922337__RRAS2	0.34336	0.064436	0.43942	0.6309	0.071619	0.53337	0.049967	0.79527	0.060353	0.69102	0.09781	0.068058	0.18893	0.36122	0.072051	0.10142	0.054537	0.1281	0.041866	0.29579	0.46357	0.94851	0.051511	0.73957	0.094221	0.10195	0.4358	0.080094	0.83198	0.088422	0.31526	0.068137	0.32831	0.23189	0.14639	0.055029	0.050125	0.20552	0.59212	0.096798
Meth__cg00828602__WNT5A	0.070454	0.062573	0.22455	0.095627	0.16773	0.097	0.099114	0.16989	0.086671	0.10079	0.15365	0.069598	0.20235	0.11975	0.12104	0.29112	0.078195	0.097623	0.058729	0.11024	0.14772	0.19158	0.09727	0.092821	0.1483	0.068354	0.17479	0.074499	0.13837	0.15936	0.13583	0.055947	0.082193	0.22167	0.89483	0.14621	0.081666	0.059196	0.16143	0.085327
Meth__cg20715764__ZNF264	0.032799	0.034507	0.26768	0.095448	0.029063	0.041498	0.052632	0.42917	0.047067	0.17426	0.036417	0.040014	0.58111	0.64523	0.060276	0.056748	0.024742	0.12549	0.031858	0.94922	0.40975	0.065027	0.039973	0.040839	0.46633	0.043527	0.13864	0.028028	0.33415	0.4231	0.066951	0.035737	0.034122	0.068	0.025049	0.13044	0.38676	0.047175	0.11476	0.049826
Meth__cg17285325__ECGF1	0.090872	0.0359	0.80506	0.070178	0.94767	0.20092	0.91467	0.064642	0.058333	0.88954	0.35669	0.83839	0.19621	0.93456	0.057912	0.94795	0.15067	0.088726	0.72823	0.96581	0.94062	0.077577	0.18352	0.24259	0.91781	0.86329	0.089991	0.056828	0.069192	0.9456	0.097944	0.062785	0.048651	0.27217	0.033006	0.10741	0.058711	0.0654	0.32157	0.062718
Meth__cg07623294__ELAVL2	0.76984	0.023497	0.76691	0.06047	0.029583	0.75205	0.039894	0.39253	0.35184	0.42244	0.22432	0.57208	0.052815	0.013979	0.30141	0.032964	0.4	0.17369	0.071794	0.060714	0.22229	0.92579	0.029475	0.13336	0.357	0.0619	0.072806	0.036255	0.12652	0.15892	0.058166	0.26569	0.031016	0.039129	0.064694	0.079397	0.055391	0.031217	0.63421	0.022426
Meth__cg25766046__ROR2	0.072241	0.067673	0.58464	0.059433	0.9783	0.56496	0.066035	0.078498	0.62785	0.088808	0.69946	0.061912	0.66671	0.59906	0.60339	0.064875	0.08094	0.17866	0.10204	0.82514	0.58312	0.45415	0.058291	0.41851	0.94328	0.046652	0.047198	0.12832	0.060775	0.52059	0.25959	0.37691	0.10256	0.029614	0.02841	0.04379	0.046673	0.040112	0.088389	0.044992
Meth__cg20166532__EDG1	0.49884	0.059168	0.1478	0.57552	0.056678	0.87288	0.04001	0.91116	0.056329	0.63674	0.3702	0.14198	0.70214	0.37579	0.055415	0.65042	0.047442	0.15215	0.46839	0.66689	0.85237	0.73482	0.065538	0.89128	0.77479	0.81224	0.35453	0.053036	0.82819	0.57701	0.11004	0.077375	0.26194	0.44945	0.47955	0.6098	0.56245	0.61782	0.50311	0.43341
Meth__cg00806490__CDH13	0.95805	0.075245	0.87733	0.342	0.93061	0.54065	0.087199	0.83611	0.55122	0.40449	0.95531	0.73347	0.72278	0.56569	0.41805	0.5875	0.792	0.10568	0.088401	0.67143	0.53704	0.24675	0.093747	0.36749	0.95535	0.85437	0.081681	0.05657	0.94824	0.72482	0.11818	0.10165	0.0682	0.70939	0.16312	0.21029	0.079313	0.33494	0.95434	0.075484
Meth__cg13526007__LRFN5	0.44371	0.053142	0.22045	0.054878	0.077474	0.42909	0.69519	0.74563	0.078052	0.066157	0.81977	0.85844	0.75084	0.84123	0.071568	0.61867	0.1192	0.27837	0.069556	0.35605	0.49383	0.29434	0.062395	0.15479	0.69951	0.071872	0.14764	0.15244	0.37485	0.51541	0.12695	0.055329	0.068207	0.066624	0.11578	0.52229	0.06346	0.10288	0.31153	0.10904
Meth__cg14409941__ADAMTS2	0.96119	0.032123	0.038249	0.031036	0.22597	0.81407	0.018975	0.33908	0.035625	0.053343	0.16776	0.024448	0.33071	0.071525	0.046102	0.032795	0.029032	0.095328	0.03091	0.93831	0.94281	0.90534	0.040288	0.96161	0.88275	0.52219	0.13702	0.0328	0.91943	0.12799	0.051305	0.030017	0.060583	0.037153	0.25959	0.050801	0.10587	0.035239	0.9106	0.039681
Meth__cg14708847__PAK3	0.097577	0.054287	0.29157	0.10406	0.11505	0.13917	0.042194	0.32054	0.057297	0.073696	0.18852	0.071263	0.25378	0.074088	0.062732	0.094476	0.0383	0.14248	0.074511	0.13709	0.15196	0.22931	0.092495	0.28947	0.3284	0.08794	0.087172	0.063084	0.10855	0.074899	0.1202	0.057138	0.085514	0.62163	0.054648	0.099965	0.41228	0.074513	0.26313	0.29339
Meth__cg01798589__STAC	0.40775	0.055888	0.73801	0.17076	0.1859	0.5078	0.37746	0.18959	0.17414	0.25612	0.49614	0.3848	0.37017	0.76253	0.10344	0.40438	0.098271	0.15934	0.19036	0.27297	0.26719	0.13715	0.17653	0.91251	0.07462	0.26199	0.092414	0.14321	0.20794	0.20187	0.090772	0.042413	0.092184	0.46842	0.10829	0.065069	0.12448	0.77931	0.21564	0.38727
Meth__cg14252569__DACT1	0.19244	0.078128	0.09595	0.10206	0.090047	0.18259	0.088336	0.11541	0.09713	0.09092	0.16193	0.22637	0.29083	0.068009	0.075745	0.33514	0.07368	0.24612	0.097459	0.10755	0.10376	0.27907	0.084773	0.089924	0.75852	0.09325	0.22402	0.13401	0.17311	0.16098	0.16465	0.076753	0.088022	0.41031	0.13104	0.13776	0.07813	0.099295	0.11233	0.14045
Meth__cg04688368__KCNMA1	0.10548	0.083148	0.081713	0.064329	0.065887	0.096815	0.054898	0.23114	0.3513	0.07517	0.71577	0.1296	0.2704	0.25695	0.3395	0.092153	0.096959	0.19321	0.070239	0.13155	0.099244	0.09799	0.080308	0.15577	0.75946	0.097687	0.13795	0.075885	0.12017	0.56755	0.13525	0.078981	0.076041	0.071052	0.10085	0.11477	0.086505	0.082975	0.17082	0.094045
Meth__cg26803566__SGPP1	0.046025	0.041542	0.11419	0.11042	0.15575	0.15105	0.071847	0.38267	0.47211	0.10898	0.076634	0.22436	0.063582	0.14455	0.081247	0.088436	0.041768	0.2239	0.063811	0.10493	0.075041	0.098817	0.1458	0.33872	0.13108	0.05841	0.13648	0.043372	0.14901	0.093015	0.10578	0.047287	0.03159	0.30908	0.065836	0.12871	0.037264	0.05536	0.18845	0.063159
Meth__cg08210616__ZNF502	0.8538	0.071199	0.83655	0.27249	0.31149	0.8168	0.46471	0.86536	0.079035	0.39156	0.83127	0.073918	0.63679	0.62838	0.088518	0.082533	0.20359	0.23818	0.071943	0.75719	0.59422	0.25855	0.18191	0.4459	0.53921	0.083609	0.24635	0.069186	0.58191	0.088674	0.19133	0.092692	0.10121	0.15523	0.28857	0.11747	0.38156	0.28897	0.74621	0.17659
Meth__cg12256228__RING1	0.049433	0.042719	0.073188	0.05893	0.040867	0.10559	0.037606	0.057219	0.048958	0.08041	0.059918	0.041898	0.077789	0.054125	0.052867	0.036178	0.038572	0.09539	0.030544	0.063133	0.047005	0.056043	0.055302	0.09856	0.099485	0.043849	0.062046	0.042484	0.082669	0.047296	0.072794	0.040364	0.036902	0.40584	0.037279	0.075922	0.079156	0.040248	0.090086	0.044557
Meth__cg18335068__ZNF677	0.42356	0.051365	0.95047	0.29806	0.61395	0.93149	0.72502	0.96116	0.20221	0.80268	0.95149	0.068351	0.40136	0.5159	0.17876	0.66161	0.027996	0.3627	0.041031	0.88043	0.64354	0.036104	0.03575	0.079372	0.66219	0.67995	0.33768	0.042886	0.90756	0.038185	0.15916	0.10864	0.098178	0.48366	0.25807	0.2661	0.033494	0.088111	0.81237	0.05029
Meth__cg02065387__GABRA1	0.5475	0.1054	0.93826	0.12195	0.37416	0.88551	0.23478	0.48344	0.51852	0.14078	0.80387	0.17007	0.20517	0.24956	0.48708	0.25046	0.14197	0.18495	0.19632	0.10774	0.49753	0.91381	0.12207	0.66782	0.2038	0.16689	0.20522	0.11692	0.55361	0.10301	0.13702	0.11818	0.22181	0.57792	0.39793	0.082365	0.44976	0.20845	0.2186	0.17859
Meth__cg12238343__RLN3R1	0.91442	0.01538	0.72838	0.14761	0.07689	0.92635	0.73659	0.92105	0.033021	0.078211	0.89511	0.19427	0.89144	0.15622	0.024021	0.047601	0.028474	0.07899	0.2964	0.8457	0.77787	0.89693	0.020643	0.24965	0.83527	0.65984	0.22034	0.23411	0.59539	0.49012	0.024673	0.05385	0.064499	0.02207	0.22411	0.45755	0.036575	0.67792	0.77221	0.79764
Meth__cg18441959__VPREB1	0.095926	0.023971	0.39624	0.54693	0.032013	0.10043	0.076865	0.21498	0.16558	0.071189	0.070993	0.053889	0.098836	0.02491	0.11521	0.077371	0.056094	0.072437	0.0288	0.36236	0.17307	0.81936	0.067168	0.64363	0.07025	0.06098	0.072748	0.073961	0.055195	0.061353	0.057921	0.031288	0.035862	0.076712	0.063151	0.19463	0.13711	0.049386	0.16373	0.046596
Meth__cg05517572__STAP2	0.037106	0.21609	0.23659	0.062864	0.88145	0.045091	0.32435	0.050337	0.037116	0.0451	0.039267	0.044017	0.092658	0.026763	0.041542	0.061729	0.057665	0.07046	0.81273	0.048322	0.034036	0.045098	0.4911	0.039995	0.19499	0.058911	0.085103	0.89628	0.080819	0.037296	0.27698	0.69803	0.27408	0.034536	0.033812	0.095722	0.068624	0.058536	0.090396	0.054521
Meth__cg25268678__PLEKHG6	0.044433	0.98189	0.048518	0.20049	0.9809	0.71768	0.96118	0.027877	0.021103	0.056307	0.033201	0.028799	0.96789	0.079581	0.40855	0.061124	0.60926	0.075501	0.96034	0.046462	0.072742	0.025338	0.97469	0.028614	0.96343	0.46122	0.092847	0.98741	0.071415	0.073128	0.067055	0.031544	0.98761	0.027808	0.41015	0.12861	0.04008	0.044755	0.047554	0.77807
Meth__cg04818845__PLEKHG5	0.062643	0.19452	0.20083	0.040738	0.84527	0.073995	0.91443	0.42281	0.054349	0.071935	0.13836	0.82195	0.43296	0.06683	0.060415	0.11822	0.13669	0.10713	0.051753	0.21874	0.081307	0.055594	0.06603	0.059397	0.81813	0.21215	0.13815	0.32574	0.73398	0.087148	0.27037	0.55205	0.54353	0.05154	0.073474	0.45582	0.30157	0.10628	0.091938	0.49415
Meth__cg07664856__CNTN6	0.68339	0.055739	0.62468	0.326	0.58946	0.62145	0.18033	0.25368	0.77678	0.59124	0.68323	0.10242	0.30752	0.6142	0.58104	0.23315	0.050333	0.48298	0.405	0.045226	0.075451	0.45653	0.053052	0.80065	0.23713	0.14578	0.19374	0.050598	0.36995	0.14545	0.12896	0.08796	0.23849	0.056625	0.12026	0.17569	0.12541	0.58624	0.22425	0.29871
Meth__cg00918005__REG3G	0.26406	0.031475	0.72241	0.02899	0.04975	0.41682	0.092537	0.31524	0.61952	0.047778	0.57417	0.41454	0.14365	0.12811	0.40172	0.051394	0.034809	0.12534	0.040323	0.037726	0.043386	0.39129	0.051268	0.31686	0.16202	0.049876	0.086746	0.05875	0.3855	0.046197	0.046597	0.039331	0.059216	0.37686	0.07183	0.096541	0.044771	0.056515	0.16283	0.036532
Meth__cg22424444__TOLLIP	0.10094	0.9322	0.72383	0.27583	0.78316	0.23379	0.904	0.10221	0.76155	0.39618	0.061843	0.51628	0.77123	0.88917	0.61813	0.12382	0.10192	0.1663	0.080916	0.11346	0.08943	0.4458	0.72343	0.21328	0.8913	0.89195	0.1021	0.43269	0.83568	0.17202	0.81409	0.048869	0.57236	0.084304	0.10431	0.85661	0.34285	0.88931	0.37977	0.90335
Meth__cg03382304__JAM2	0.56977	0.11025	0.16237	0.071039	0.07466	0.18564	0.057618	0.10518	0.060675	0.057379	0.10494	0.25439	0.67504	0.56875	0.052812	0.59138	0.069121	0.25462	0.067233	0.87613	0.60839	0.22322	0.075878	0.10962	0.82472	0.063233	0.13739	0.073618	0.88875	0.48178	0.12838	0.064303	0.06407	0.20229	0.61349	0.069	0.068767	0.097137	0.14998	0.23945
Meth__cg12340144__XYLB	0.65325	0.056081	0.14945	0.13566	0.050363	0.19597	0.24728	0.05518	0.85666	0.24617	0.055583	0.24884	0.27694	0.58664	0.62021	0.15282	0.042519	0.08544	0.21543	0.34581	0.12046	0.24369	0.22601	0.55372	0.14331	0.75384	0.0938	0.040267	0.071719	0.68827	0.086655	0.044638	0.1949	0.45196	0.046772	0.1161	0.08024	0.067069	0.36868	0.057361
Meth__cg08747377__CDH13	0.84043	0.06934	0.74837	0.049374	0.92247	0.4681	0.12101	0.41288	0.11414	0.25579	0.87201	0.47964	0.86648	0.086529	0.090335	0.25257	0.63041	0.086568	0.040247	0.54791	0.35258	0.26097	0.088503	0.52954	0.77283	0.66235	0.13385	0.044597	0.8117	0.25715	0.070342	0.064558	0.04898	0.79303	0.11553	0.088506	0.091841	0.20909	0.86347	0.062619
Meth__cg12370791__HOXB9	0.34479	0.028534	0.17302	0.037395	0.34969	0.1054	0.018361	0.26853	0.2003	0.024994	0.094058	0.093623	0.12933	0.27199	0.17406	0.18192	0.021081	0.13737	0.031686	0.29395	0.077256	0.90628	0.068207	0.20277	0.3862	0.035321	0.076574	0.023278	0.90602	0.046114	0.083138	0.023935	0.037506	0.031202	0.2992	0.048442	0.029315	0.10574	0.29423	0.031024
Meth__cg22228134__GZMH	0.51981	0.07767	0.84291	0.67675	0.10357	0.83465	0.078065	0.86484	0.095957	0.50326	0.5536	0.61277	0.53922	0.16153	0.089014	0.19466	0.13186	0.71209	0.098259	0.40918	0.48309	0.92366	0.094026	0.89279	0.13308	0.17355	0.14606	0.1	0.14939	0.086949	0.16146	0.11093	0.091229	0.63483	0.39152	0.14086	0.50077	0.50889	0.14205	0.44938
Meth__cg20555507__TRPM3	0.3123	0.057425	0.5755	0.11361	0.09597	0.24156	0.09502	0.90883	0.15849	0.071641	0.33544	0.24684	0.12987	0.063584	0.12943	0.089307	0.080128	0.075572	0.073314	0.091964	0.078435	0.13803	0.059293	0.57994	0.16434	0.088767	0.10473	0.053372	0.51356	0.25746	0.065849	0.080493	0.068712	0.31991	0.081314	0.20378	0.068939	0.083586	0.10706	0.068346
Meth__cg11618577__KRTCAP3	0.018845	0.56951	0.97246	0.84277	0.97121	0.015931	0.95152	0.027563	0.62178	0.32949	0.020156	0.46041	0.95464	0.78333	0.692	0.018964	0.97336	0.056379	0.97335	0.31636	0.22678	0.029379	0.9675	0.19384	0.94986	0.34096	0.024756	0.9743	0.039089	0.80668	0.60624	0.87465	0.96868	0.97415	0.97928	0.8934	0.97338	0.45358	0.064248	0.016067
Meth__cg04770504__DFNA5	0.52962	0.032854	0.92466	0.48612	0.030053	0.95623	0.015783	0.9483	0.067309	0.064716	0.052992	0.074781	0.75957	0.22073	0.12752	0.052437	0.044207	0.36641	0.072843	0.95092	0.93682	0.71317	0.042381	0.50592	0.083844	0.45295	0.13904	0.031199	0.92959	0.20119	0.073621	0.0367	0.036375	0.57557	0.95233	0.5694	0.049665	0.48783	0.91503	0.66278
Meth__cg27132814__C20orf79	0.51757	0.051434	0.79757	0.68384	0.051717	0.34161	0.21536	0.87841	0.89837	0.46006	0.25412	0.6612	0.3957	0.051443	0.79917	0.56897	0.25382	0.36356	0.044186	0.5387	0.57262	0.71461	0.069459	0.89586	0.066365	0.18178	0.10308	0.086715	0.2409	0.35931	0.087176	0.090596	0.086993	0.48375	0.23175	0.16645	0.34709	0.26514	0.35671	0.29013
Meth__cg18219951__GABRG2	0.16308	0.060276	0.37071	0.085969	0.07614	0.11421	0.085762	0.19981	0.29191	0.084848	0.68721	0.095469	0.17578	0.076949	0.22915	0.15073	0.098958	0.1468	0.095361	0.071571	0.10273	0.11866	0.10928	0.20169	0.11689	0.088433	0.089539	0.045005	0.20181	0.065384	0.077028	0.057186	0.28276	0.28195	0.069846	0.090738	0.088407	0.11147	0.15988	0.097542
Meth__cg15755084__MSX1	0.050157	0.048501	0.049718	0.03801	0.030527	0.056353	0.031158	0.24557	0.050229	0.045288	0.035372	0.018326	0.75504	0.053575	0.062307	0.064605	0.044029	0.10674	0.030185	0.064496	0.10417	0.053789	0.043682	0.02918	0.82827	0.065044	0.087143	0.037633	0.83099	0.47653	0.06431	0.034505	0.024581	0.038133	0.027447	0.08859	0.043936	0.048751	0.54119	0.042773
Meth__cg06677140__MSX1	0.090008	0.070709	0.42789	0.64942	0.053606	0.83146	0.023695	0.87344	0.16341	0.094186	0.072578	0.30675	0.85758	0.90007	0.5827	0.84751	0.076985	0.11198	0.30311	0.73661	0.72921	0.041356	0.14692	0.062075	0.89826	0.5848	0.11486	0.038779	0.86694	0.89691	0.085137	0.036591	0.03777	0.062238	0.11774	0.047651	0.047814	0.51565	0.86183	0.32457
Meth__cg12781218__C7orf31	0.052355	0.038067	0.055007	0.033145	0.038039	0.045644	0.064295	0.045402	0.025956	0.04683	0.049498	0.077558	0.072155	0.29747	0.041474	0.043728	0.030602	0.051714	0.050824	0.77427	0.76632	0.079963	0.040519	0.04541	0.068326	0.04473	0.074485	0.037882	0.79455	0.041323	0.041513	0.037243	0.045795	0.034473	0.034239	0.080117	0.044678	0.038676	0.41461	0.037926
Meth__cg02493771__KRTAP13-2	0.3587	0.028339	0.31175	0.10942	0.041199	0.15379	0.025104	0.39774	0.34313	0.036197	0.27859	0.064831	0.067521	0.14883	0.23958	0.10335	0.039381	0.097691	0.025376	0.027471	0.031308	0.061823	0.027689	0.07053	0.063416	0.037493	0.026729	0.066405	0.066356	0.030189	0.036247	0.022749	0.02913	0.40649	0.046043	0.025337	0.034543	0.051687	0.07116	0.084605
Meth__cg20077393__CGN	0.016357	0.054677	0.049024	0.025824	0.073702	0.026236	0.30312	0.28852	0.024293	0.055547	0.018115	0.14477	0.30111	0.017583	0.033959	0.038077	0.10669	0.074375	0.18008	0.024362	0.02058	0.02065	0.036632	0.020771	0.073872	0.062615	0.030092	0.17081	0.11475	0.12249	0.056334	0.02779	0.26601	0.019004	0.062745	0.055478	0.024758	0.17956	0.051708	0.36055
Meth__cg18017908__C17orf76	0.089155	0.19105	0.11994	0.24517	0.616	0.15913	0.67345	0.19476	0.065094	0.13261	0.56744	0.41306	0.43513	0.10402	0.1148	0.14825	0.73764	0.16665	0.075222	0.17006	0.17442	0.089081	0.37132	0.45185	0.32175	0.15135	0.20723	0.31841	0.21824	0.21935	0.19426	0.84405	0.74036	0.10311	0.29847	0.13803	0.31355	0.20538	0.34117	0.11744
Meth__cg20797766__PRSS27	0.051354	0.071979	0.23743	0.11662	0.053177	0.51569	0.12914	0.063866	0.11939	0.33229	0.048387	0.050987	0.1294	0.2422	0.10135	0.090562	0.049602	0.07847	0.048181	0.2359	0.29862	0.7065	0.053939	0.064893	0.058605	0.44299	0.084003	0.036577	0.2447	0.057386	0.061582	0.043534	0.048449	0.24227	0.045551	0.11572	0.045258	0.042974	0.088532	0.046119
Meth__cg08917718__PCBP4	0.060075	0.058189	0.28017	0.042514	0.048059	0.24997	0.072831	0.59831	0.062188	0.087259	0.14148	0.30548	0.30456	0.073191	0.069599	0.30685	0.045201	0.11142	0.035266	0.1088	0.091277	0.067709	0.15017	0.055049	0.36362	0.38306	0.13365	0.04888	0.13356	0.48438	0.070143	0.048707	0.093298	0.76977	0.048837	0.095935	0.081215	0.051487	0.27819	0.065433
Meth__cg21672276__ZNF502	0.84258	0.070268	0.86361	0.3332	0.29973	0.86559	0.3928	0.91511	0.078292	0.41133	0.86314	0.092186	0.71265	0.73769	0.070399	0.06408	0.28875	0.14175	0.069482	0.80671	0.64194	0.51702	0.21546	0.41774	0.46644	0.081678	0.13783	0.065563	0.80803	0.074343	0.18066	0.061979	0.098069	0.33501	0.61561	0.17693	0.34355	0.40936	0.78131	0.31193
Meth__cg14743462__HIST3H2A	0.97834	0.01312	0.024672	0.012731	0.024907	0.4024	0.055838	0.023807	0.024778	0.027455	0.59778	0.018521	0.029996	0.012396	0.01557	0.022229	0.015041	0.047674	0.075168	0.020686	0.024202	0.015717	0.014473	0.91842	0.92925	0.020315	0.048375	0.014688	0.035416	0.017926	0.033242	0.023196	0.018444	0.65428	0.33321	0.041993	0.033493	0.020341	0.22155	0.021263
Meth__cg07748540__PDGFD	0.92117	0.055881	0.22587	0.045015	0.91573	0.92049	0.36744	0.12821	0.093231	0.07066	0.7458	0.086062	0.51114	0.94877	0.28208	0.18786	0.056548	0.12916	0.46599	0.90613	0.86263	0.91177	0.040411	0.058568	0.26933	0.92701	0.33743	0.053548	0.68161	0.75885	0.085288	0.042622	0.053545	0.51216	0.93753	0.453	0.059002	0.05616	0.21771	0.076469
Meth__cg24625128__JAM3	0.8354	0.028649	0.85155	0.03143	0.84042	0.85774	0.068145	0.87179	0.44317	0.87112	0.86533	0.78858	0.55181	0.48464	0.44638	0.082508	0.04239	0.23052	0.030831	0.86209	0.86793	0.87348	0.043217	0.051828	0.7901	0.84168	0.069298	0.034314	0.82928	0.86425	0.074876	0.046191	0.037224	0.042003	0.84962	0.81745	0.81743	0.26688	0.78778	0.041667
Meth__cg08935003__MS4A6E	0.14696	0.069858	0.56533	0.08967	0.084832	0.11345	0.11479	0.20032	0.54975	0.082323	0.21459	0.078575	0.49254	0.11166	0.46544	0.15752	0.33098	0.17373	0.070431	0.10775	0.086098	0.7592	0.099125	0.1585	0.17892	0.097564	0.16348	0.093635	0.19215	0.078739	0.097599	0.083561	0.0842	0.42977	0.10616	0.11706	0.080221	0.11311	0.18991	0.098361
Meth__cg20572838__EME1	0.033734	0.025198	0.042519	0.032254	0.026254	0.042131	0.033642	0.041901	0.08121	0.052537	0.035385	0.032115	0.10052	0.038845	0.070004	0.031172	0.038438	0.064643	0.025522	0.044415	0.065839	0.071905	0.037395	0.086847	0.074084	0.062419	0.057041	0.029363	0.095205	0.44004	0.062638	0.026066	0.026525	0.03499	0.031911	0.053343	0.053709	0.034801	0.32333	0.038946
Meth__cg17530977__GLI3	0.052272	0.041106	0.048425	0.035995	0.047563	0.067987	0.09743	0.19884	0.040311	0.056055	0.070301	0.19544	0.078968	0.032338	0.047572	0.15839	0.043372	0.096359	0.047764	0.068124	0.057342	0.050654	0.045225	0.055104	0.11944	0.052044	0.098724	0.054722	0.14416	0.17376	0.041753	0.039144	0.046746	0.039306	0.027032	0.050289	0.0519	0.049908	0.11675	0.045574
Meth__cg24877842__TRAK1	0.037565	0.11983	0.12011	0.37759	0.93465	0.4348	0.88945	0.055518	0.92012	0.19917	0.91072	0.20744	0.91649	0.052498	0.66271	0.45395	0.9406	0.066457	0.34872	0.32593	0.096173	0.05563	0.91469	0.049925	0.038547	0.063018	0.07409	0.92809	0.58969	0.049525	0.25198	0.89007	0.60397	0.077674	0.035884	0.11558	0.09839	0.40417	0.050487	0.86247
Meth__cg26172108__C7orf31	0.057301	0.033221	0.054494	0.042159	0.035187	0.049833	0.068085	0.059386	0.038239	0.04863	0.040767	0.06267	0.061601	0.32892	0.047265	0.063533	0.047613	0.076949	0.045562	0.62658	0.88055	0.14614	0.052315	0.030825	0.15349	0.044583	0.080208	0.043322	0.66436	0.052108	0.055416	0.039766	0.030922	0.042083	0.041044	0.041354	0.04293	0.04941	0.57311	0.042104
Meth__cg12998491__FAM78A	0.98474	0.44075	0.63086	0.98719	0.98085	0.97513	0.068211	0.35311	0.12518	0.45759	0.90345	0.039653	0.97501	0.98461	0.098489	0.50134	0.027317	0.13122	0.97965	0.97928	0.98225	0.611	0.020669	0.98401	0.95712	0.02614	0.68789	0.070812	0.95915	0.2551	0.047645	0.026514	0.90417	0.013612	0.87489	0.97039	0.10811	0.054665	0.97814	0.56508
Meth__cg00876704__PKN1	0.025044	0.029338	0.02891	0.046871	0.21959	0.026589	0.070928	0.028284	0.63622	0.040265	0.69257	0.036554	0.051305	0.019308	0.57351	0.01876	0.07523	0.047852	0.023778	0.02147	0.028875	0.021596	0.8446	0.020748	0.05166	0.032015	0.067716	0.031746	0.03664	0.023727	0.051394	0.56707	0.052918	0.03317	0.030633	0.030198	0.039799	0.035036	0.051282	0.031101
Meth__cg13958614__FOXD1	0.19846	0.085385	0.09293	0.044101	0.052312	0.88175	0.02738	0.14169	0.041184	0.062029	0.068294	0.032711	0.086414	0.89939	0.041285	0.086733	0.088682	0.16677	0.045584	0.47162	0.5081	0.57108	0.064971	0.59489	0.86824	0.086926	0.63331	0.048672	0.48553	0.065197	0.12866	0.052463	0.063003	0.048512	0.89858	0.5279	0.052637	0.058232	0.86205	0.061593
Meth__cg21279955__SLC27A3	0.048381	0.13572	0.32165	0.38719	0.669	0.044975	0.79584	0.037811	0.042483	0.87765	0.096652	0.81453	0.45032	0.40014	0.053961	0.2354	0.14113	0.14063	0.22522	0.08951	0.046137	0.091572	0.57196	0.41328	0.84788	0.068928	0.048574	0.49774	0.066601	0.066966	0.072886	0.53219	0.41645	0.35413	0.70547	0.73991	0.50862	0.55753	0.22234	0.30949
Meth__cg07849904__MN1	0.11474	0.16014	0.20315	0.22837	0.072058	0.20299	0.057198	0.11854	0.068817	0.14889	0.22686	0.045074	0.16876	0.12669	0.104	0.093405	0.079578	0.16016	0.068605	0.18325	0.20656	0.095834	0.11802	0.11723	0.54005	0.094433	0.14148	0.062361	0.15875	0.091155	0.096903	0.075348	0.066674	0.061412	0.11822	0.10294	0.082399	0.086831	0.28255	0.12024
Meth__cg13301014__SPINT2	0.037481	0.037453	0.070748	0.10169	0.72871	0.051031	0.45295	0.050613	0.038186	0.053941	0.056563	0.045625	0.071417	0.034066	0.039489	0.050164	0.31441	0.07776	0.087662	0.060604	0.075175	0.11245	0.37049	0.047671	0.083922	0.083668	0.10581	0.54571	0.090909	0.042146	0.082388	0.16011	0.25582	0.048144	0.092701	0.084077	0.043027	0.053602	0.13233	0.076798
Meth__cg25823578__PTGER2	0.089762	0.05354	0.85727	0.11311	0.61724	0.33956	0.049773	0.8466	0.0483	0.4929	0.84458	0.81435	0.79349	0.40286	0.11844	0.94228	0.045986	0.056402	0.52365	0.92655	0.72142	0.31794	0.18399	0.46828	0.81805	0.84305	0.06477	0.054178	0.251	0.72461	0.08196	0.050728	0.91751	0.58146	0.51197	0.068906	0.050568	0.14639	0.61021	0.28882
Meth__cg19734228__DAPK1	0.5303	0.071775	0.33332	0.19845	0.43517	0.90288	0.082591	0.03846	0.032479	0.83677	0.7755	0.035752	0.17315	0.42422	0.036508	0.58932	0.031482	0.099833	0.58261	0.60488	0.6733	0.1075	0.20736	0.068408	0.74439	0.28333	0.094099	0.50759	0.17	0.55014	0.10997	0.031871	0.18585	0.25237	0.44707	0.23992	0.037416	0.2504	0.076231	0.048396
Meth__cg25591867__CKAP4	0.050035	0.051318	0.040689	0.042372	0.031851	0.23823	0.035252	0.047096	0.046402	0.33077	0.047332	0.0622	0.083555	0.028389	0.054468	0.079145	0.042968	0.10341	0.032362	0.055981	0.080736	0.051298	0.050476	0.091708	0.073021	0.050585	0.057978	0.041073	0.065466	0.071733	0.082789	0.035937	0.031477	0.031234	0.032248	0.043681	0.04538	0.037995	0.085073	0.041141
Meth__cg07639720__BNC1	0.70259	0.15118	0.18854	0.50791	0.33556	0.86212	0.098266	0.84776	0.44675	0.8318	0.60121	0.17163	0.45326	0.084565	0.35651	0.14814	0.035921	0.075965	0.22299	0.49725	0.78595	0.42252	0.06153	0.57083	0.83083	0.60236	0.11994	0.058646	0.29475	0.18852	0.14946	0.19236	0.039314	0.050582	0.17807	0.39291	0.075212	0.24006	0.45664	0.20858
Meth__cg19391527__PNOC	0.14887	0.048461	0.73781	0.35488	0.035851	0.19948	0.21746	0.89399	0.39724	0.443	0.1034	0.45685	0.56831	0.06161	0.26554	0.22403	0.11284	0.19048	0.033827	0.26792	0.19855	0.60304	0.31237	0.88826	0.11577	0.16356	0.076018	0.11652	0.11121	0.11367	0.082147	0.045763	0.045843	0.2461	0.10822	0.1407	0.16497	0.07463	0.4555	0.065023
Meth__cg00143998__HIST3H2BB	0.75059	0.056776	0.072961	0.03477	0.048255	0.583	0.11496	0.053081	0.058986	0.061751	0.79734	0.051038	0.12055	0.039335	0.05985	0.070496	0.045665	0.14798	0.093972	0.045485	0.10058	0.059519	0.042986	0.91946	0.618	0.066829	0.12995	0.040967	0.095655	0.060679	0.11023	0.063139	0.078797	0.88347	0.51792	0.1057	0.088737	0.041158	0.35412	0.055705
Meth__cg01817029__TRHDE	0.6172	0.063713	0.60244	0.061301	0.65461	0.67675	0.053607	0.58033	0.53438	0.50492	0.059235	0.2711	0.72204	0.11114	0.55622	0.70425	0.14793	0.16088	0.12236	0.78055	0.43718	0.23146	0.091453	0.10916	0.85383	0.062897	0.11804	0.12296	0.90502	0.66022	0.074052	0.075509	0.060165	0.44217	0.8025	0.14118	0.082581	0.17564	0.13762	0.16744
Meth__cg01869233__C20orf75	0.03273	0.021875	0.071568	0.20221	0.65144	0.16595	0.37138	0.037006	0.022974	0.089934	0.2007	0.30119	0.14328	0.033478	0.027909	0.090444	0.84355	0.088123	0.13321	0.060268	0.2599	0.8811	0.34071	0.15896	0.053843	0.31982	0.059585	0.46717	0.10958	0.053895	0.04419	0.36938	0.25624	0.36359	0.40993	0.049603	0.23279	0.13	0.081501	0.28838
Meth__cg17425616__SNX2	0.24701	0.10561	0.79062	0.59314	0.17678	0.20892	0.10447	0.65715	0.43891	0.46776	0.11445	0.27978	0.71866	0.13819	0.3959	0.37202	0.16579	0.24148	0.37272	0.24278	0.14968	0.5302	0.089211	0.33755	0.13865	0.2475	0.1764	0.1289	0.18174	0.1914	0.14785	0.077325	0.092111	0.73891	0.2117	0.13739	0.095087	0.6082	0.49174	0.74719
Meth__cg24530795__FAM109A	0.036129	0.031058	0.59718	0.14687	0.041118	0.51464	0.044431	0.14188	0.067493	0.21908	0.051428	0.025048	0.27462	0.090531	0.1609	0.080627	0.031728	0.070562	0.033762	0.16776	0.36138	0.17179	0.04518	0.13562	0.061208	0.2382	0.10726	0.040958	0.046833	0.2107	0.074235	0.041402	0.036098	0.10335	0.33839	0.053037	0.12085	0.10674	0.36675	0.16562
Meth__cg23548479__CDKN1C	0.42417	0.043658	0.14917	0.041503	0.6786	0.55551	0.28466	0.05901	0.065132	0.046651	0.51951	0.56413	0.19699	0.048208	0.069579	0.049054	0.049649	0.10759	0.35438	0.86438	0.6635	0.076381	0.058388	0.34119	0.26951	0.070897	0.12729	0.05082	0.12508	0.077284	0.078551	0.043645	0.0427	0.056701	0.043608	0.20814	0.049974	0.049163	0.1502	0.051621
Meth__cg15375239__SPINT2	0.020475	0.018406	0.023529	0.024231	0.98229	0.026117	0.98469	0.027092	0.017962	0.022806	0.020587	0.021064	0.034616	0.0105	0.025887	0.019327	0.03509	0.04637	0.809	0.011624	0.020801	0.020753	0.64301	0.01756	0.062814	0.022218	0.052746	0.86636	0.058078	0.021849	0.02872	0.023536	0.21358	0.017346	0.020768	0.046975	0.028818	0.020572	0.046383	0.024469
Meth__cg19125999__C1orf172	0.074993	0.030801	0.058096	0.044485	0.20764	0.034081	0.64484	0.043977	0.074663	0.041112	0.057514	0.057778	0.061305	0.033389	0.067221	0.054933	0.39165	0.072659	0.050393	0.043712	0.058484	0.038323	0.73115	0.045817	0.71607	0.056483	0.059149	0.68486	0.055103	0.052108	0.088105	0.45386	0.81534	0.031176	0.044297	0.29478	0.090963	0.056438	0.075051	0.055575
Meth__cg07330329__TRIM48	0.39161	0.065597	0.39617	0.12532	0.062487	0.41774	0.24548	0.1816	0.53834	0.080043	0.44044	0.25934	0.07149	0.122	0.31896	0.077626	0.054476	0.19588	0.12098	0.125	0.15743	0.13627	0.089044	0.3495	0.10679	0.18739	0.25077	0.1026	0.10526	0.089391	0.082513	0.086803	0.10251	0.49615	0.091285	0.10824	0.048917	0.21578	0.20243	0.2038
Meth__cg17733331__CDH3	0.055541	0.46526	0.12653	0.091512	0.251	0.079288	0.88648	0.066645	0.054239	0.07651	0.059315	0.066213	0.066388	0.046345	0.059992	0.052123	0.06037	0.1193	0.16738	0.064316	0.061577	0.091371	0.87712	0.055254	0.86286	0.07354	0.10765	0.46621	0.10746	0.058881	0.51852	0.17745	0.16761	0.045346	0.075066	0.09189	0.057975	0.064539	0.078942	0.056939
Meth__cg14076161__PRB4	0.80054	0.034035	0.89734	0.59496	0.44413	0.31871	0.12999	0.49913	0.84462	0.05535	0.50081	0.088707	0.72004	0.68535	0.55778	0.060656	0.37077	0.077751	0.031414	0.50137	0.66576	0.89275	0.14231	0.91534	0.20053	0.46038	0.081729	0.052208	0.40126	0.031088	0.045195	0.3571	0.025835	0.72461	0.058098	0.050277	0.68607	0.30579	0.86149	0.17915
Meth__cg02283643__SULF1	0.25368	0.069429	0.49212	0.53942	0.21488	0.31529	0.22381	0.80124	0.55643	0.062449	0.46246	0.090182	0.16534	0.15813	0.45737	0.62216	0.055702	0.13797	0.40963	0.11025	0.17895	0.514	0.33695	0.61671	0.1801	0.19341	0.15837	0.43554	0.34305	0.10407	0.062803	0.061692	0.078684	0.503	0.23036	0.10671	0.10234	0.111	0.23389	0.11644
Meth__cg21210758__EVC	0.056189	0.056478	0.059256	0.04507	0.05409	0.60847	0.14355	0.93102	0.057985	0.066623	0.075839	0.12746	0.13442	0.057233	0.076594	0.057957	0.051002	0.13671	0.04983	0.94577	0.93983	0.050672	0.054238	0.058278	0.080592	0.069868	0.10948	0.055404	0.090585	0.43601	0.11532	0.066474	0.056677	0.50906	0.046189	0.050751	0.057681	0.064893	0.075979	0.050958
Meth__cg09441152__PQLC1	0.046401	0.16024	0.11591	0.04213	0.046882	0.063189	0.030164	0.41019	0.16606	0.25134	0.059142	0.13843	0.31427	0.074494	0.12126	0.11387	0.12675	0.080542	0.053522	0.19749	0.47201	0.053412	0.047244	0.062399	0.56516	0.065917	0.077737	0.054463	0.11418	0.54398	0.064336	0.036657	0.25167	0.083817	0.11963	0.044027	0.056541	0.040995	0.13771	0.045957
Meth__cg20047732__TTC14	0.044111	0.038215	0.55988	0.049408	0.041959	0.31525	0.029082	0.064588	0.04744	0.041289	0.10129	0.03135	0.093979	0.60982	0.050249	0.043435	0.04912	0.070774	0.038624	0.12548	0.14493	0.31635	0.055978	0.03362	0.070193	0.050607	0.067016	0.055474	0.23583	0.069476	0.11848	0.051702	0.034133	0.047125	0.039897	0.06012	0.043392	0.055857	0.15369	0.05099
Meth__cg01765461__TNFRSF11A	0.076337	0.051308	0.059468	0.029116	0.049245	0.058169	0.017515	0.082374	0.040906	0.11634	0.093657	0.036874	0.050958	0.031388	0.042672	0.045711	0.041319	0.086271	0.16674	0.031788	0.05982	0.056005	0.0538	0.054746	0.06859	0.043332	0.11777	0.040678	0.33813	0.036855	0.080348	0.032841	0.027829	0.026985	0.041433	0.082393	0.041015	0.037244	0.10633	0.04021
Meth__cg15796978__LHCGR	0.57637	0.024732	0.62387	0.29455	0.060987	0.23856	0.094181	0.34672	0.04884	0.1063	0.2043	0.033712	0.11653	0.092705	0.037076	0.080314	0.11071	0.035021	0.018135	0.43137	0.45456	0.88274	0.026562	0.87661	0.19899	0.27887	0.046004	0.028669	0.14026	0.031894	0.042418	0.043928	0.025202	0.29409	0.030246	0.054501	0.40606	0.15229	0.057063	0.090796
Meth__cg12839593__SIX1	0.60985	0.051188	0.054259	0.030997	0.035162	0.5651	0.051437	0.052913	0.048529	0.043618	0.055063	0.044442	0.087456	0.075858	0.048262	0.056931	0.045972	0.11089	0.038487	0.65393	0.57227	0.60249	0.073869	0.032342	0.10051	0.040514	0.4949	0.046831	0.1306	0.045826	0.098924	0.042813	0.034231	0.033742	0.044569	0.75805	0.050371	0.041327	0.11614	0.035161
Meth__cg11262815__CACNA1G	0.043949	0.056209	0.28519	0.08788	0.1288	0.14564	0.061243	0.27805	0.13552	0.053037	0.44398	0.081295	0.33091	0.26311	0.075125	0.058082	0.03946	0.13449	0.039083	0.37765	0.72037	0.09402	0.055508	0.83005	0.75535	0.075605	0.47601	0.032028	0.39922	0.31836	0.12736	0.036129	0.051841	0.031724	0.12301	0.27084	0.37002	0.21061	0.30904	0.065138
Meth__cg09440289__PTPRO	0.64518	0.37091	0.58186	0.54239	0.26588	0.92695	0.061369	0.52304	0.08939	0.044748	0.56656	0.20039	0.92937	0.35141	0.36702	0.11433	0.047113	0.41172	0.036212	0.63787	0.84684	0.59009	0.040989	0.77853	0.89053	0.42152	0.42711	0.069554	0.85914	0.5493	0.060829	0.042883	0.14054	0.80449	0.94986	0.58127	0.10651	0.53971	0.58365	0.50401
Meth__cg05898102__PCDHB10	0.087634	0.019017	0.36453	0.036148	0.13926	0.076855	0.083905	0.42496	0.20254	0.036783	0.0363	0.14586	0.09125	0.14923	0.15148	0.39512	0.034811	0.11395	0.049024	0.038049	0.22219	0.064186	0.67845	0.34984	0.067959	0.053056	0.052137	0.051012	0.13614	0.2152	0.030311	0.18043	0.036606	0.34844	0.054175	0.049109	0.052809	0.069337	0.21078	0.031455
Meth__cg14766682__JM11	0.10407	0.12596	0.11505	0.19928	0.88897	0.12807	0.69399	0.17964	0.15754	0.093698	0.13145	0.1837	0.088589	0.18434	0.15474	0.15147	0.84623	0.20079	0.52958	0.095449	0.11034	0.10036	0.89648	0.33377	0.69127	0.13511	0.1575	0.83454	0.4855	0.11229	0.17665	0.56721	0.46114	0.23024	0.14731	0.19796	0.10891	0.11111	0.11453	0.10882
Meth__cg15195276__EDG2	0.026643	0.026998	0.035059	0.014316	0.016842	0.019948	0.090587	0.59013	0.023227	0.37838	0.059415	0.10403	0.15192	0.095556	0.025903	0.084856	0.016264	0.060981	0.022201	0.37451	0.044615	0.018834	0.015034	0.022491	0.071086	0.023086	0.049015	0.026805	0.095133	0.12498	0.026921	0.030634	0.016109	0.2381	0.027691	0.04535	0.035666	0.028196	0.065181	0.044298
Meth__cg15696627__MSX1	0.33914	0.046718	0.084448	0.13123	0.03652	0.064643	0.034852	0.070228	0.05357	0.044652	0.043234	0.053953	0.67575	0.058277	0.15213	0.074708	0.034008	0.13514	0.066894	0.029366	0.04041	0.047924	0.046266	0.054764	0.8546	0.081716	0.13311	0.029673	0.43952	0.7728	0.068467	0.037237	0.040665	0.066084	0.030131	0.065712	0.04081	0.063901	0.68393	0.039886
Meth__cg10073723__BMPER	0.11584	0.03055	0.69219	0.54042	0.022799	0.30631	0.046434	0.96185	0.03082	0.34328	0.28147	0.48477	0.88079	0.44791	0.031853	0.80796	0.033727	0.11705	0.023546	0.92357	0.70007	0.45926	0.036097	0.32427	0.78439	0.039639	0.044552	0.034649	0.91325	0.81042	0.045917	0.029506	0.066017	0.83403	0.79773	0.88793	0.27307	0.25613	0.89786	0.47125
Meth__cg25133753__WFDC11	0.35124	0.088457	0.29844	0.10828	0.046339	0.30344	0.23227	0.13235	0.20772	0.11388	0.073822	0.13209	0.21776	0.12103	0.16149	0.11607	0.079781	0.081174	0.074145	0.096061	0.21508	0.84965	0.10866	0.58717	0.13615	0.12273	0.14578	0.13509	0.071499	0.12065	0.087372	0.086688	0.10306	0.56481	0.055373	0.30782	0.16347	0.1074	0.2091	0.098709
Meth__cg15485859__C1orf116	0.051914	0.04523	0.070221	0.11278	0.46861	0.067868	0.84286	0.10776	0.055734	0.070759	0.20135	0.26478	0.19879	0.037497	0.070686	0.34061	0.86098	0.11283	0.31726	0.065925	0.10369	0.31997	0.41817	0.15334	0.83616	0.071188	0.085886	0.88946	0.52881	0.08327	0.093844	0.82889	0.84192	0.35474	0.092157	0.20738	0.15192	0.14635	0.084623	0.31016
Meth__cg04785227__CHRNA7	0.061174	0.032114	0.27321	0.04951	0.065836	0.34008	0.11168	0.068878	0.050995	0.09099	0.066357	0.3625	0.87487	0.037754	0.050063	0.28031	0.047152	0.039802	0.036881	0.93841	0.23411	0.070184	0.04735	0.14532	0.33097	0.081907	0.079516	0.029479	0.2322	0.05738	0.03716	0.03663	0.039934	0.045074	0.16262	0.11532	0.053014	0.038851	0.46057	0.04567
Meth__cg07215749__SOCS2	0.67709	0.068343	0.044757	0.036325	0.03901	0.075611	0.027455	0.52875	0.03925	0.12014	0.20028	0.085493	0.079746	0.02998	0.042153	0.046516	0.067219	0.12212	0.044752	0.15489	0.079343	0.051356	0.053373	0.5871	0.10097	0.046743	0.3324	0.044072	0.094729	0.14632	0.056763	0.041506	0.073044	0.052116	0.32228	0.095445	0.045788	0.046619	0.12282	0.054746
Meth__cg06186861__ZNF501	0.87074	0.049734	0.79956	0.054842	0.91917	0.89038	0.26439	0.9266	0.10336	0.077431	0.87701	0.15439	0.75688	0.37534	0.097584	0.068877	0.067059	0.10883	0.056629	0.73613	0.46592	0.27569	0.10211	0.066858	0.6073	0.44239	0.17997	0.040047	0.39256	0.07978	0.07561	0.049744	0.073196	0.24574	0.094812	0.11483	0.29549	0.089722	0.1192	0.21957
Meth__cg00746981__HDGF	0.066917	0.063848	0.081265	0.039327	0.041391	0.05108	0.049722	0.10627	0.053103	0.052413	0.064124	0.055329	0.3539	0.10934	0.059836	0.062294	0.049956	0.12694	0.059103	0.056249	0.050281	0.044865	0.055475	0.060301	0.081697	0.080466	0.052916	0.043489	0.081078	0.24102	0.082679	0.050786	0.053446	0.036297	0.039202	0.050222	0.062135	0.049097	0.082581	0.051035
Meth__cg18931421__KIAA0090	0.079169	0.059541	0.075641	0.054358	0.075759	0.059748	0.032029	0.067529	0.068856	0.047288	0.073538	0.069085	0.20062	0.06725	0.061641	0.074618	0.04176	0.17126	0.053525	0.08352	0.071697	0.0754	0.05195	0.055556	0.18705	0.057749	0.13209	0.056412	0.149	0.070606	0.162	0.046719	0.049685	0.045879	0.099323	0.061509	0.065642	0.059049	0.16377	0.063138
Meth__cg13043509__GIMAP5	0.90812	0.020276	0.77423	0.72687	0.15434	0.58642	0.2195	0.5064	0.92601	0.67303	0.93038	0.32281	0.67326	0.016962	0.73466	0.87493	0.91521	0.19976	0.026992	0.56925	0.34928	0.92785	0.044946	0.76403	0.21834	0.090788	0.053406	0.43349	0.28039	0.081707	0.034524	0.023248	0.033053	0.90633	0.32209	0.07185	0.50926	0.58894	0.681	0.45356
Meth__cg00756058__DZIP1	0.96833	0.030265	0.56045	0.024725	0.030488	0.62167	0.023509	0.34321	0.019434	0.97643	0.026764	0.017164	0.89565	0.59635	0.024186	0.4943	0.026056	0.097789	0.018138	0.97245	0.96711	0.97205	0.02222	0.53529	0.9283	0.97159	0.095064	0.016357	0.94587	0.026942	0.046695	0.026231	0.018472	0.030433	0.77069	0.86617	0.024053	0.66824	0.95078	0.94356
Meth__cg10549973__UNQ9438	0.043119	0.85524	0.38549	0.39079	0.96303	0.17224	0.96431	0.049704	0.036838	0.064012	0.25604	0.74269	0.5033	0.5671	0.048766	0.16429	0.73013	0.099784	0.86551	0.92228	0.066206	0.64772	0.90947	0.44668	0.92402	0.57734	0.078667	0.90935	0.093897	0.10951	0.13549	0.61132	0.65229	0.10345	0.77996	0.10096	0.071578	0.49257	0.18052	0.599
Meth__cg10887021__PCDHB2	0.64448	0.082121	0.90936	0.064935	0.064721	0.36651	0.35104	0.70043	0.15851	0.092952	0.51425	0.19202	0.19434	0.065021	0.13203	0.88396	0.067827	0.14608	0.097206	0.80335	0.40337	0.55965	0.71833	0.46516	0.11835	0.098481	0.15736	0.072429	0.51543	0.096316	0.077164	0.65543	0.31382	0.076358	0.077309	0.2121	0.090652	0.12471	0.43524	0.086715
Meth__cg04172348__SYN2	0.80988	0.063827	0.94073	0.86205	0.8493	0.91053	0.18852	0.94075	0.058421	0.92387	0.05796	0.088019	0.90513	0.47815	0.069229	0.053123	0.084716	0.18587	0.10869	0.90551	0.82197	0.88635	0.044455	0.92515	0.88641	0.71732	0.17303	0.042859	0.88276	0.24606	0.09482	0.043517	0.61027	0.94575	0.41927	0.13652	0.89902	0.61256	0.41789	0.71698
Meth__cg19001226__HOXD1	0.53701	0.020567	0.028277	0.030711	0.86807	0.56394	0.039864	0.46268	0.042504	0.033147	0.027117	0.023401	0.04795	0.037654	0.035361	0.041945	0.022559	0.043557	0.029642	0.59533	0.58376	0.027523	0.026995	0.033254	0.04666	0.03785	0.055731	0.03108	0.38796	0.76938	0.038594	0.032559	0.032848	0.02254	0.017804	0.040987	0.034288	0.041984	0.59558	0.025239
Meth__cg13799206__ASRGL1	0.095206	0.063399	0.164	0.020308	0.026843	0.95013	0.026953	0.030381	0.0427	0.027753	0.068293	0.038212	0.59316	0.46028	0.04461	0.025902	0.02817	0.13156	0.061462	0.50852	0.50466	0.49365	0.039805	0.023023	0.61518	0.047754	0.072302	0.04214	0.53225	0.034159	0.046228	0.025758	0.10298	0.026757	0.029112	0.0823	0.031937	0.030517	0.85533	0.032918
Meth__cg01555431__AKAP12	0.85979	0.13082	0.62169	0.062559	0.78183	0.8872	0.048574	0.29257	0.082846	0.092812	0.23604	0.066862	0.62416	0.20205	0.10368	0.062353	0.074953	0.25497	0.13808	0.88649	0.88202	0.78703	0.09297	0.84198	0.85168	0.85804	0.13139	0.077252	0.85312	0.56555	0.14228	0.071943	0.085334	0.060199	0.87831	0.44924	0.085628	0.082408	0.80761	0.092129
Meth__cg08675664__ALDH7A1	0.14198	0.066356	0.060548	0.12573	0.050203	0.061157	0.029625	0.70032	0.055282	0.064831	0.072447	0.026134	0.38095	0.18011	0.060894	0.058953	0.05799	0.11351	0.071636	0.091446	0.061238	0.099011	0.063634	0.095934	0.12685	0.059311	0.090109	0.054593	0.10335	0.060142	0.051032	0.057728	0.11879	0.11198	0.31554	0.068857	0.063204	0.064608	0.34641	0.090936
Meth__cg03243946__LDHB	0.81874	0.065801	0.78427	0.7515	0.083307	0.94948	0.30628	0.07513	0.12782	0.71975	0.06265	0.10425	0.51188	0.66662	0.13069	0.47424	0.049203	0.082998	0.093932	0.86189	0.81477	0.94008	0.082992	0.11502	0.094371	0.063979	0.58266	0.054674	0.92888	0.12366	0.065379	0.048668	0.060998	0.95878	0.18964	0.48413	0.077533	0.86306	0.22054	0.89466
Meth__cg00698688__SULT2B1	0.026749	0.020386	0.024451	0.017886	0.96551	0.020559	0.80999	0.022452	0.021309	0.022924	0.60353	0.024925	0.038878	0.015445	0.022802	0.39257	0.89617	0.020876	0.073799	0.015398	0.030008	0.024496	0.92752	0.020105	0.94436	0.037161	0.04262	0.94319	0.052209	0.032149	0.14658	0.26893	0.50361	0.037671	0.32866	0.12898	0.023746	0.038183	0.027322	0.030288
Meth__cg02741249__GGA2	0.045145	0.038013	0.035679	0.04747	0.073325	0.047561	0.055157	0.037863	0.032543	0.048704	0.038522	0.072461	0.07875	0.029085	0.044905	0.037316	0.039916	0.064992	0.036991	0.034673	0.038049	0.045691	0.051705	0.036422	0.084332	0.048257	0.091277	0.082397	0.09405	0.060665	0.073026	0.044688	0.63089	0.046834	0.046716	0.10111	0.050841	0.043973	0.07901	0.047699
Meth__cg24769045__TIPRL	0.052246	0.049955	0.053777	0.042379	0.041717	0.057065	0.027769	0.52405	0.047982	0.050235	0.04716	0.034884	0.087641	0.031039	0.045673	0.042691	0.038532	0.071773	0.041042	0.050135	0.078689	0.048417	0.047623	0.041491	0.13727	0.04701	0.067967	0.048578	0.081308	0.053349	0.091327	0.037507	0.03906	0.039062	0.036857	0.061836	0.046134	0.041681	0.055611	0.053076
Meth__cg03591238__ZNHIT2	0.11275	0.056289	0.17682	0.12037	0.13511	0.10447	0.054327	0.27574	0.10837	0.40369	0.14552	0.43171	0.12903	0.091531	0.092251	0.065458	0.10859	0.14562	0.068435	0.11627	0.12506	0.73992	0.077125	0.75405	0.16216	0.066739	0.14414	0.10038	0.096817	0.069877	0.10798	0.063379	0.10434	0.092963	0.26657	0.083402	0.56418	0.088141	0.15317	0.068402
Meth__cg07654934__LXN	0.28162	0.65417	0.19624	0.48811	0.90713	0.062351	0.52011	0.052002	0.068215	0.52379	0.89896	0.067149	0.81605	0.34616	0.35237	0.049567	0.11277	0.069308	0.88067	0.065195	0.057981	0.8992	0.47364	0.10524	0.17951	0.081334	0.059394	0.91204	0.86394	0.060179	0.11847	0.26883	0.86942	0.88333	0.90891	0.83605	0.0843	0.88144	0.27485	0.87017
Meth__cg24098951__LRP12	0.035533	0.029456	0.035194	0.030606	0.033884	0.036894	0.023146	0.027246	0.031211	0.12051	0.040672	0.035425	0.064507	0.053745	0.03985	0.033588	0.034001	0.096355	0.028026	0.26033	0.05662	0.16714	0.033756	0.036978	0.089224	0.042905	0.093959	0.032912	0.073189	0.39134	0.071133	0.042076	0.033963	0.034077	0.026614	0.053002	0.037424	0.038724	0.095905	0.031365
Meth__cg19275050__HAS2	0.43354	0.019343	0.26316	0.129	0.10065	0.10116	0.16978	0.10606	0.11744	0.07956	0.35488	0.41107	0.63309	0.22048	0.094167	0.46275	0.073354	0.11915	0.081527	0.30371	0.37045	0.8433	0.080453	0.29649	0.23492	0.12137	0.14373	0.073758	0.45524	0.19269	0.03687	0.094503	0.16642	0.32228	0.28856	0.18362	0.22275	0.15558	0.13096	0.22738
Meth__cg24371157__PDCD4	0.037293	0.036518	0.043776	0.034335	0.048147	0.046362	0.027611	0.036602	0.057385	0.062081	0.049714	0.054293	0.4906	0.12486	0.07121	0.048697	0.15137	0.06501	0.035686	0.039228	0.045381	0.22202	0.039812	0.058642	0.068499	0.04663	0.04699	0.051044	0.051958	0.099681	0.078257	0.025666	0.043668	0.1997	0.040118	0.051364	0.033665	0.032428	0.15849	0.035241
Meth__cg13439730__PRSS8	0.11971	0.072254	0.13242	0.12557	0.93763	0.12483	0.87432	0.19114	0.16018	0.12122	0.40299	0.12488	0.19898	0.055241	0.14417	0.11413	0.89927	0.084126	0.38476	0.1653	0.12464	0.12905	0.88716	0.12039	0.67306	0.16773	0.14146	0.89451	0.16918	0.19052	0.19468	0.25427	0.64737	0.069088	0.12349	0.2647	0.17126	0.14404	0.21047	0.13089
Meth__cg06637893__C16orf48	0.21008	0.76789	0.83007	0.14203	0.56719	0.20603	0.65219	0.51336	0.91211	0.67248	0.93503	0.26362	0.4846	0.11261	0.62562	0.52631	0.49265	0.068762	0.13773	0.74805	0.72663	0.29086	0.46503	0.19947	0.53457	0.074915	0.18371	0.091597	0.10079	0.40564	0.42195	0.047046	0.35463	0.097807	0.14454	0.090778	0.051441	0.053897	0.87181	0.041848
Meth__cg06437004__LDHB	0.71664	0.046459	0.58354	0.4522	0.045803	0.9131	0.021552	0.037061	0.031974	0.057247	0.047387	0.06485	0.56611	0.67372	0.047277	0.42439	0.038202	0.070586	0.030881	0.8885	0.89914	0.92063	0.051113	0.090638	0.061648	0.058185	0.13333	0.035697	0.86239	0.10152	0.1302	0.033337	0.037619	0.92681	0.03705	0.48461	0.041992	0.71358	0.10523	0.86612
Meth__cg03361068__TRIM9	0.053205	0.025567	0.34726	0.030048	0.022941	0.17252	0.11683	0.025973	0.033151	0.039274	0.061642	0.036842	0.32895	0.48727	0.029089	0.04464	0.026377	0.051163	0.025271	0.81623	0.38472	0.029857	0.051557	0.053914	0.82344	0.19485	0.062065	0.052903	0.48978	0.10095	0.039786	0.03363	0.038796	0.087456	0.031192	0.13742	0.02757	0.039998	0.099311	0.041536
Meth__cg07038887__BLMH	0.042832	0.031825	0.088872	0.024319	0.035491	0.056216	0.04504	0.10456	0.040657	0.051502	0.048534	0.08102	0.071635	0.30433	0.043347	0.037984	0.026928	0.096362	0.031252	0.03985	0.056679	0.040141	0.048737	0.61776	0.12369	0.038661	0.095513	0.034451	0.79848	0.040365	0.048213	0.036176	0.030929	0.12024	0.66729	0.0481	0.040471	0.045296	0.10511	0.043693
Meth__cg13794888__RNUT1	0.073685	0.070883	0.6934	0.30232	0.049213	0.074253	0.066705	0.098152	0.062044	0.069888	0.073051	0.03029	0.6326	0.56246	0.25742	0.062086	0.060068	0.11336	0.059598	0.61962	0.64267	0.14425	0.06178	0.054646	0.14743	0.62673	0.091897	0.052716	0.086771	0.053308	0.071663	0.052397	0.05947	0.26572	0.053678	0.10141	0.43058	0.056595	0.071679	0.058736
Meth__cg07014174__KRTAP11-1	0.80108	0.066227	0.61858	0.40092	0.083158	0.59849	0.2214	0.86289	0.34802	0.075982	0.69621	0.56912	0.16808	0.60216	0.30272	0.42553	0.2621	0.16827	0.086181	0.047993	0.10855	0.4179	0.099673	0.79426	0.17119	0.092457	0.10378	0.11318	0.25505	0.062227	0.087419	0.065658	0.11364	0.54941	0.094361	0.11243	0.06405	0.26889	0.3429	0.3176
Meth__cg11850311__ID1	0.042124	0.031663	0.031729	0.022262	0.020533	0.055341	0.035077	0.02166	0.03121	0.07981	0.040119	0.037707	0.052289	0.046641	0.027864	0.041797	0.021526	0.056222	0.025866	0.038424	0.096581	0.035551	0.033748	0.051224	0.093952	0.045086	0.044308	0.031577	0.041653	0.46702	0.066356	0.032719	0.052923	0.070782	0.038547	0.063502	0.060447	0.031708	0.12754	0.026214
Meth__cg13722123__GRM1	0.20062	0.064437	0.48291	0.15217	0.15279	0.41528	0.14542	0.49595	0.30261	0.081916	0.72913	0.10587	0.24535	0.079689	0.29997	0.31827	0.3195	0.15603	0.067488	0.16974	0.17702	0.80052	0.093652	0.37085	0.3185	0.11892	0.12372	0.15313	0.2694	0.13748	0.11808	0.1347	0.075909	0.10926	0.48428	0.14754	0.29361	0.091734	0.63078	0.098739
Meth__cg10000775__PDLIM3	0.10085	0.07331	0.067343	0.049562	0.074074	0.20677	0.088225	0.067272	0.059976	0.086449	0.068777	0.093427	0.13169	0.055191	0.064978	0.082386	0.064437	0.12872	0.063937	0.43301	0.083037	0.27536	0.072275	0.10832	0.28458	0.063634	0.12175	0.04919	0.40714	0.095089	0.1021	0.055893	0.041337	0.13616	0.077404	0.17207	0.078433	0.097419	0.16984	0.066831
Meth__cg24599739__DDT	0.026185	0.55288	0.97456	0.13907	0.031453	0.4202	0.034325	0.97818	0.12049	0.96723	0.028793	0.04171	0.95969	0.53901	0.37469	0.96726	0.025299	0.26369	0.60455	0.64339	0.96772	0.029468	0.55407	0.39723	0.048058	0.035868	0.055177	0.036279	0.047608	0.042648	0.43616	0.86588	0.020525	0.6929	0.018443	0.058155	0.035451	0.56346	0.58408	0.95016
Meth__cg02764897__KRTAP13-1	0.77202	0.099792	0.73457	0.37666	0.069961	0.628	0.29204	0.87395	0.84432	0.12011	0.56667	0.44359	0.23984	0.55132	0.57135	0.50193	0.061673	0.19529	0.1469	0.07763	0.14631	0.099328	0.096868	0.15364	0.099395	0.17239	0.16939	0.097342	0.15216	0.090422	0.22203	0.059292	0.12338	0.72685	0.13952	0.18671	0.087845	0.20924	0.54338	0.27829
Meth__cg17399352__SPHK1	0.037564	0.032704	0.042507	0.03123	0.030946	0.050149	0.021476	0.037321	0.035872	0.03214	0.039631	0.025571	0.064767	0.069061	0.033089	0.70433	0.031986	0.056715	0.033654	0.03511	0.029985	0.038237	0.028845	0.064477	0.04514	0.029618	0.081333	0.035758	0.068361	0.02783	0.068642	0.034264	0.029646	0.031955	0.26977	0.097951	0.036141	0.02974	0.064261	0.023694
Meth__cg09306675__EYA2	0.90949	0.073008	0.3481	0.066997	0.71775	0.73174	0.044629	0.53956	0.070186	0.10154	0.090197	0.052058	0.21565	0.17816	0.083301	0.34014	0.1896	0.13803	0.057715	0.90497	0.94582	0.3558	0.41425	0.71565	0.87472	0.068178	0.10091	0.062843	0.91869	0.058527	0.08712	0.1122	0.069378	0.30824	0.15213	0.088361	0.070535	0.49414	0.10651	0.18758
Meth__cg12686016__HOXA1	0.80485	0.032237	0.93569	0.56931	0.61786	0.83291	0.06225	0.18759	0.45043	0.32925	0.88937	0.14797	0.91832	0.12039	0.54258	0.06247	0.039137	0.46766	0.065561	0.62692	0.66958	0.7481	0.064754	0.96252	0.87415	0.5504	0.23071	0.037302	0.82584	0.27081	0.1316	0.04222	0.058564	0.82228	0.96006	0.39519	0.74449	0.58111	0.60455	0.7181
Meth__cg15305511__EVC2	0.0444	0.049507	0.13006	0.086679	0.43689	0.56967	0.10979	0.69158	0.12165	0.42168	0.069873	0.30475	0.39571	0.17272	0.26035	0.19398	0.068553	0.11403	0.064558	0.66871	0.86134	0.59221	0.16777	0.10047	0.11079	0.09734	0.10996	0.40042	0.098365	0.51165	0.071815	0.056832	0.066053	0.063624	0.36113	0.071203	0.056033	0.092766	0.3609	0.069661
Meth__cg13519373__IL8RA	0.65017	0.17646	0.76232	0.47924	0.041049	0.61609	0.13341	0.78401	0.54635	0.64313	0.091484	0.54679	0.51224	0.059573	0.33229	0.25267	0.17905	0.071901	0.049151	0.51974	0.56273	0.85261	0.04627	0.83729	0.087659	0.22136	0.44723	0.087348	0.45568	0.37073	0.24355	0.041414	0.10473	0.61995	0.669	0.14938	0.69893	0.20816	0.53381	0.23154
Meth__cg26918645__ZNF285	0.69723	0.021785	0.94102	0.1045	0.11059	0.95266	0.18936	0.92594	0.1298	0.10873	0.93409	0.024036	0.39523	0.65888	0.1126	0.15739	0.058445	0.11072	0.038429	0.43156	0.25036	0.57517	0.25496	0.074698	0.6185	0.15029	0.044258	0.14432	0.63967	0.10777	0.04203	0.032127	0.09688	0.13588	0.38799	0.16051	0.19274	0.15777	0.42846	0.21984
Meth__cg02849695__CCDC19	0.03696	0.044498	0.044958	0.038323	0.96989	0.039678	0.95152	0.74973	0.040082	0.058451	0.066084	0.080697	0.062919	0.030175	0.047777	0.050932	0.94473	0.07746	0.44781	0.041336	0.061758	0.05005	0.92494	0.027752	0.095631	0.071132	0.15041	0.94443	0.076439	0.047098	0.06606	0.28093	0.95477	0.040532	0.034612	0.099887	0.070497	0.042971	0.068163	0.046635
Meth__cg01663968__CTSZ	0.05678	0.042954	0.061075	0.73201	0.67571	0.059328	0.089664	0.31116	0.73933	0.36671	0.78695	0.056506	0.10379	0.42341	0.57354	0.65803	0.035074	0.11067	0.053656	0.94142	0.91087	0.14184	0.49429	0.063647	0.072266	0.064281	0.057491	0.039672	0.28843	0.057087	0.07678	0.057934	0.039768	0.56736	0.030465	0.082728	0.042172	0.077066	0.11649	0.05692
Meth__cg04941721__EREG	0.69144	0.46811	0.91797	0.5393	0.67003	0.66268	0.42795	0.96923	0.10874	0.054711	0.85909	0.029164	0.84721	0.72442	0.096567	0.771	0.046959	0.054205	0.27436	0.67625	0.8765	0.94669	0.80358	0.95751	0.058011	0.72758	0.049372	0.025292	0.42386	0.11952	0.063035	0.041262	0.025195	0.8057	0.66841	0.6134	0.15938	0.80307	0.25016	0.66823
Meth__cg27513764__EFCAB3	0.13327	0.10507	0.752	0.77174	0.11785	0.48836	0.18224	0.42416	0.42544	0.66018	0.10747	0.25763	0.4309	0.048188	0.36635	0.47842	0.76249	0.16384	0.087805	0.50367	0.38592	0.87314	0.057079	0.40452	0.27508	0.33272	0.15765	0.21222	0.089259	0.25916	0.20961	0.063388	0.12434	0.80139	0.39599	0.059429	0.16699	0.20509	0.54335	0.15379
Meth__cg23614979__NAV2	0.066831	0.06306	0.29357	0.11625	0.040339	0.59223	0.038781	0.048904	0.058711	0.87385	0.14444	0.042601	0.30526	0.4261	0.19056	0.041782	0.060536	0.09563	0.040008	0.81271	0.41345	0.056419	0.069758	0.11366	0.067404	0.14085	0.084446	0.04974	0.2202	0.13573	0.11451	0.040182	0.045818	0.038146	0.028196	0.096068	0.057895	0.050558	0.43728	0.053477
Meth__cg14314889__OR1E2	0.57682	0.033208	0.64087	0.03974	0.11834	0.15843	0.027847	0.23179	0.079042	0.063533	0.41599	0.55985	0.16041	0.054154	0.12291	0.23011	0.37169	0.14849	0.02276	0.10887	0.28114	0.85211	0.13736	0.39538	0.16138	0.035748	0.13947	0.050919	0.15532	0.054176	0.057372	0.032783	0.055291	0.29395	0.50192	0.045338	0.75214	0.21919	0.41288	0.047609
Meth__cg15568167__SAMD10	0.03503	0.084257	0.026699	0.029157	0.96322	0.029765	0.96268	0.034528	0.043389	0.02412	0.047556	0.057635	0.12426	0.032578	0.042258	0.026435	0.022526	0.088404	0.02497	0.022686	0.037988	0.034545	0.95152	0.020668	0.047123	0.05129	0.038219	0.12501	0.060122	0.036045	0.085026	0.096941	0.1434	0.0247	0.022507	0.035758	0.041184	0.027371	0.10781	0.029003
Meth__cg21921474__C1orf172	0.041113	0.022268	0.024842	0.028271	0.7456	0.027662	0.84942	0.017806	0.016768	0.035102	0.019289	0.040213	0.042295	0.02	0.021033	0.027296	0.14289	0.033184	0.17524	0.023904	0.024583	0.027994	0.95768	0.032106	0.92178	0.031797	0.029097	0.96419	0.04951	0.034465	0.045746	0.041259	0.9569	0.023044	0.016208	0.040304	0.056023	0.033708	0.054446	0.025672
Meth__cg12320306__ADM	0.020265	0.023163	0.034331	0.025123	0.026769	0.031921	0.0188	0.020584	0.029767	0.033761	0.047638	0.029344	0.082315	0.026077	0.099637	0.47816	0.028713	0.046734	0.033961	0.041025	0.46534	0.035961	0.027103	0.048098	0.044588	0.027962	0.039033	0.030502	0.12177	0.032824	0.045362	0.030182	0.023219	0.44664	0.028089	0.045691	0.034638	0.046596	0.27544	0.03597
Meth__cg25841987__C4orf18	0.15522	0.10476	0.13307	0.074338	0.11072	0.11811	0.17231	0.47238	0.12462	0.15346	0.097585	0.15925	0.16519	0.12848	0.10164	0.22344	0.076305	0.1528	0.10798	0.074028	0.11641	0.80167	0.11861	0.11314	0.17922	0.094531	0.27608	0.083932	0.10104	0.13681	0.21574	0.10681	0.1206	0.27015	0.5624	0.14392	0.15164	0.099174	0.52022	0.10229
Meth__cg02376703__EPHA1	0.05208	0.058166	0.054508	0.038427	0.5081	0.043358	0.27921	0.057901	0.054558	0.058448	0.040735	0.05529	0.11305	0.022049	0.061279	0.046489	0.048034	0.047358	0.043597	0.032219	0.054098	0.058939	0.055269	0.024481	0.33556	0.076585	0.084487	0.70441	0.098926	0.055521	0.099753	0.050258	0.049411	0.056678	0.073457	0.12939	0.062116	0.064134	0.11723	0.052697
Meth__cg14541950__HIST3H2BB	0.8408	0.02117	0.038824	0.021831	0.028831	0.70073	0.061701	0.019076	0.032297	0.030618	0.87104	0.043416	0.066984	0.023485	0.037135	0.029341	0.025547	0.055156	0.058134	0.025718	0.042264	0.038399	0.027092	0.94585	0.93356	0.035732	0.071758	0.036964	0.05335	0.04422	0.043285	0.027317	0.032874	0.94658	0.44888	0.042799	0.041097	0.029404	0.41586	0.027015
Meth__cg22374901__TESC	0.044337	0.038243	0.40528	0.25748	0.063486	0.88629	0.11893	0.7302	0.038204	0.039568	0.91139	0.1896	0.69537	0.067222	0.052804	0.059091	0.30593	0.1441	0.3871	0.10561	0.091574	0.43547	0.049762	0.11288	0.48576	0.07693	0.11239	0.046887	0.8538	0.57626	0.078453	0.0357	0.036605	0.058642	0.13799	0.068246	0.06202	0.048696	0.61372	0.044533
Meth__cg19843429__OSBPL3	0.045508	0.034982	0.49253	0.040724	0.032161	0.5657	0.0382	0.033012	0.028611	0.051974	0.04058	0.019838	0.21767	0.24488	0.039519	0.033226	0.034016	0.18982	0.029494	0.95866	0.95319	0.076406	0.03933	0.033716	0.07351	0.044205	0.056436	0.032468	0.075967	0.033192	0.068426	0.035642	0.024848	0.036571	0.026505	0.084487	0.039532	0.036396	0.52382	0.040813
Meth__cg19070873__C14orf132	0.070841	0.070288	0.077072	0.06808	0.11377	0.081274	0.036969	0.43701	0.34891	0.064803	0.072161	0.090052	0.18175	0.097313	0.32759	0.075678	0.065004	0.29358	0.078394	0.057915	0.077106	0.063985	0.057711	0.072208	0.76111	0.073846	0.10624	0.057288	0.11491	0.14192	0.073849	0.058398	0.07269	0.090874	0.077016	0.11308	0.074502	0.065245	0.13971	0.071564
Meth__cg04609859__HOXB4	0.93434	0.03755	0.64059	0.036734	0.031238	0.82236	0.11576	0.87354	0.48533	0.42034	0.32749	0.94638	0.73548	0.16273	0.41116	0.11962	0.030202	0.074571	0.44629	0.89809	0.69944	0.30421	0.28431	0.94034	0.75829	0.63583	0.04459	0.036976	0.48567	0.041697	0.070417	0.29009	0.21774	0.38674	0.048776	0.72442	0.10772	0.47201	0.31591	0.83944
Meth__cg05436231__CD164L2	0.036745	0.033462	0.97276	0.031019	0.97605	0.032285	0.9699	0.3342	0.02452	0.035896	0.032724	0.25671	0.058847	0.02565	0.028591	0.034449	0.97612	0.68014	0.59779	0.041168	0.028935	0.030263	0.92365	0.026628	0.92422	0.72805	0.047919	0.97416	0.90624	0.55065	0.11738	0.26959	0.49218	0.025109	0.025292	0.059684	0.040048	0.9676	0.93131	0.97134
Meth__cg21224049__ATP5I	0.10414	0.081666	0.11629	0.056037	0.06379	0.11607	0.037547	0.76259	0.068309	0.094463	0.11567	0.047651	0.13144	0.095295	0.10028	0.069536	0.092964	0.12025	0.28655	0.076926	0.11511	0.079723	0.11861	0.074742	0.093606	0.11971	0.13166	0.08479	0.19736	0.089208	0.076931	0.07133	0.076935	0.064002	0.06104	0.096316	0.071442	0.072792	0.15123	0.1106
Meth__cg09563216__C1orf51	0.051762	0.84003	0.90749	0.44628	0.26696	0.87614	0.71296	0.10091	0.04606	0.41537	0.32355	0.7672	0.81483	0.030188	0.046076	0.88922	0.20854	0.23304	0.51336	0.39009	0.13015	0.087154	0.86756	0.070247	0.81986	0.84827	0.15467	0.88197	0.49697	0.080471	0.65167	0.89177	0.78478	0.078771	0.29295	0.30253	0.8524	0.23105	0.11632	0.36535
Meth__cg04084157__VGF	0.096468	0.055263	0.089861	0.042585	0.044898	0.080985	0.028875	0.048595	0.24848	0.062039	0.10372	0.92626	0.19397	0.12265	0.23033	0.046732	0.059562	0.23951	0.87165	0.04824	0.096779	0.059002	0.064363	0.11056	0.88487	0.082092	0.098429	0.052972	0.88941	0.12509	0.0756	0.043426	0.059642	0.035773	0.067304	0.051869	0.063261	0.050518	0.23929	0.050005
Meth__cg09717545__KISS1R	0.13414	0.14981	0.46507	0.057166	0.30306	0.22449	0.41221	0.68559	0.09701	0.15493	0.94985	0.15988	0.77231	0.1312	0.11493	0.94259	0.13281	0.20515	0.44505	0.72296	0.22012	0.22793	0.94594	0.19202	0.88931	0.15292	0.092029	0.17519	0.28545	0.9415	0.20951	0.087722	0.12287	0.37296	0.68012	0.13199	0.09944	0.3763	0.17333	0.10577
Meth__cg04388983__P2RY2	0.14557	0.057278	0.042575	0.097409	0.9494	0.13256	0.70649	0.39442	0.061794	0.066231	0.85873	0.20275	0.12077	0.045102	0.067568	0.085923	0.41023	0.10545	0.07997	0.054575	0.053425	0.11884	0.86588	0.044526	0.11598	0.086735	0.1464	0.78777	0.15065	0.072275	0.095495	0.10455	0.91001	0.10889	0.082451	0.21605	0.093489	0.092204	0.13225	0.13243
Meth__cg08026144__PCSK5	0.074198	0.062046	0.079865	0.052849	0.05981	0.54397	0.1184	0.10539	0.074978	0.086678	0.069419	0.074764	0.23705	0.095082	0.10693	0.076087	0.056458	0.13753	0.066531	0.59688	0.51864	0.074306	0.064605	0.064311	0.12052	0.070415	0.089798	0.061644	0.13645	0.09307	0.10158	0.067478	0.068783	0.058572	0.063326	0.14558	0.077068	0.08149	0.14346	0.080531
Meth__cg07836370__GLTP	0.044944	0.045083	0.16144	0.052904	0.063889	0.059004	0.038382	0.046052	0.048627	0.06761	0.041173	0.086678	0.096755	0.031665	0.061816	0.048389	0.071374	0.074576	0.40135	0.085637	0.08971	0.12973	0.064575	0.14881	0.083941	0.076223	0.066547	0.055027	0.12398	0.11522	0.059821	0.034799	0.036111	0.26517	0.056391	0.062645	0.047005	0.057322	0.11469	0.04402
Meth__cg16731240__ZNF577	0.065407	0.067409	0.053108	0.055285	0.040916	0.97901	0.23411	0.6068	0.052363	0.97583	0.94899	0.034266	0.97442	0.98154	0.58254	0.08351	0.048582	0.10796	0.64957	0.53692	0.40531	0.079945	0.11767	0.048267	0.92334	0.069657	0.084606	0.088799	0.08269	0.084829	0.058144	0.059488	0.087137	0.98359	0.089254	0.92398	0.05449	0.76743	0.95371	0.44583
Meth__cg03167883__FLJ46365	0.78458	0.066197	0.77302	0.85591	0.057775	0.71062	0.20842	0.83098	0.048406	0.37563	0.78852	0.35561	0.53666	0.08947	0.065444	0.62875	0.07173	0.54714	0.039449	0.75058	0.68991	0.13063	0.060925	0.84019	0.15672	0.27013	0.14494	0.049871	0.5683	0.10283	0.11122	0.05162	0.059578	0.82152	0.76068	0.11388	0.59709	0.42627	0.54082	0.45067
Meth__cg00647741__ZNF274	0.094048	0.087222	0.095457	0.059116	0.63383	0.063288	0.59135	0.093117	0.097075	0.066983	0.16908	0.15848	0.16266	0.04859	0.10147	0.14764	0.12414	0.1383	0.092489	0.066869	0.10134	0.10332	0.20274	0.083835	0.21875	0.088331	0.070678	0.34864	0.14642	0.08288	0.11726	0.07767	0.16412	0.075439	0.1078	0.15912	0.10994	0.10486	0.098033	0.077823
Meth__cg14550518__ZNF659	0.28245	0.024115	0.65838	0.071339	0.026826	0.20037	0.10827	0.13258	0.10068	0.044228	0.12295	0.056957	0.16407	0.72334	0.074787	0.16814	0.046078	0.11533	0.12837	0.027735	0.039466	0.69865	0.27559	0.038355	0.72278	0.056937	0.17709	0.089286	0.77974	0.068888	0.052541	0.039221	0.029609	0.79925	0.13408	0.044002	0.037167	0.23984	0.14297	0.25774
Meth__cg14654926__FGF10	0.34621	0.017131	0.9593	0.27196	0.70783	0.9346	0.21421	0.97556	0.66922	0.055336	0.93356	0.55884	0.16017	0.93593	0.68151	0.89917	0.038637	0.11764	0.52021	0.16543	0.85302	0.86042	0.4775	0.51889	0.29758	0.88104	0.039888	0.35653	0.86513	0.12567	0.03353	0.034599	0.045523	0.92613	0.27703	0.043127	0.059183	0.85702	0.4735	0.89915
Meth__cg10294836__DYRK1B	0.068206	0.072411	0.089036	0.11519	0.068847	0.0728	0.091466	0.063415	0.074121	0.088669	0.5352	0.44593	0.63623	0.059585	0.15893	0.075541	0.5361	0.59604	0.93363	0.088167	0.078043	0.073339	0.1043	0.072356	0.10307	0.088274	0.097552	0.095885	0.11697	0.083734	0.13582	0.080727	0.89142	0.056172	0.084668	0.13494	0.91606	0.59892	0.12813	0.38215
Meth__cg24130043__ZNF197	0.037681	0.043548	0.53424	0.057586	0.031716	0.050139	0.040409	0.92907	0.053711	0.055191	0.41337	0.078235	0.61931	0.8083	0.057106	0.04246	0.039985	0.098345	0.027779	0.165	0.14452	0.038566	0.055329	0.19011	0.060887	0.046864	0.099143	0.042813	0.089291	0.080684	0.075583	0.036033	0.033737	0.32349	0.03514	0.14978	0.038902	0.42765	0.088934	0.54838
Meth__cg25106814__C9orf82	0.075551	0.059226	0.10422	0.068899	0.053647	0.076333	0.10828	0.068499	0.049494	0.060571	0.058335	0.16418	0.13389	0.039723	0.059222	0.057073	0.52525	0.070445	0.030869	0.060166	0.065798	0.049994	0.073585	0.064801	0.038313	0.13252	0.060877	0.06556	0.067942	0.083237	0.094214	0.06041	0.074683	0.047282	0.049249	0.13462	0.096038	0.08571	0.090808	0.077372
Meth__cg04893119__PI15	0.77355	0.075998	0.56548	0.096756	0.49656	0.14649	0.33557	0.63203	0.33988	0.40414	0.093759	0.26595	0.216	0.13487	0.2891	0.44961	0.72807	0.20727	0.25308	0.088683	0.2787	0.82845	0.45765	0.26577	0.58963	0.12713	0.24729	0.17126	0.10439	0.18422	0.078378	0.50927	0.14451	0.73663	0.058219	0.10187	0.087666	0.18581	0.24898	0.10349
Meth__cg20919799__CDKN1C	0.57281	0.023225	0.14196	0.037997	0.6609	0.60686	0.66267	0.037621	0.045384	0.042184	0.69542	0.50197	0.13176	0.049168	0.047097	0.04222	0.039305	0.14228	0.13852	0.9137	0.58992	0.051878	0.047471	0.25867	0.17487	0.062481	0.065342	0.048156	0.068128	0.04506	0.048356	0.033754	0.045682	0.061075	0.039137	0.095885	0.052828	0.053412	0.27253	0.038702
Meth__cg13948987__HCRTR2	0.67377	0.022729	0.66716	0.36555	0.81381	0.9165	0.094679	0.98124	0.034487	0.030035	0.4965	0.04801	0.33855	0.7274	0.11763	0.52767	0.032308	0.069981	0.035593	0.40848	0.85279	0.88684	0.16071	0.9529	0.82127	0.92598	0.044001	0.81327	0.5418	0.46933	0.062438	0.019771	0.3958	0.59239	0.52506	0.020242	0.38517	0.31672	0.69248	0.053469
Meth__cg27342801__REG3A	0.91778	0.044174	0.90544	0.047548	0.049943	0.72488	0.027045	0.22935	0.84777	0.091364	0.78756	0.54653	0.087356	0.44337	0.64417	0.12243	0.067598	0.08749	0.052568	0.035708	0.070036	0.046803	0.04338	0.50761	0.075276	0.050462	0.12893	0.069355	0.38172	0.065164	0.06094	0.46409	0.054207	0.86386	0.15053	0.12847	0.03586	0.16304	0.079637	0.09705
Meth__cg03623878__MCF2L	0.019556	0.025632	0.030514	0.019958	0.45834	0.031095	0.31723	0.13625	0.020123	0.031796	0.04279	0.089331	0.09388	0.016615	0.027527	0.20627	0.75725	0.038929	0.016696	0.020634	0.044224	0.037087	0.59501	0.017721	0.048839	0.033462	0.043776	0.67552	0.062828	0.018595	0.02081	0.23603	0.02306	0.022266	0.025015	0.10253	0.057276	0.0278	0.058088	0.044804
Meth__cg25225238__GRM3	0.60765	0.071088	0.58193	0.16772	0.12087	0.32116	0.052176	0.53629	0.45122	0.10699	0.70752	0.148	0.30114	0.61101	0.3757	0.082604	0.067422	0.067659	0.065458	0.15061	0.11333	0.24907	0.075851	0.33462	0.49947	0.34339	0.12112	0.086248	0.3155	0.081705	0.079736	0.077087	0.20521	0.76859	0.083049	0.12667	0.30463	0.31582	0.3346	0.41367
Meth__cg23320056__ARHGEF2	0.085076	0.12809	0.51945	0.32368	0.091571	0.36413	0.046992	0.12192	0.11339	0.2047	0.085915	0.12114	0.26317	0.31918	0.1124	0.088826	0.081267	0.16114	0.074579	0.28013	0.41851	0.61574	0.12842	0.10819	0.12155	0.20731	0.37449	0.089931	0.1896	0.085683	0.15269	0.085515	0.081509	0.14974	0.061273	0.10379	0.25421	0.11504	0.29029	0.10253
Meth__cg18821742__PCDH7	0.053997	0.042042	0.055419	0.038044	0.034256	0.059003	0.030286	0.053187	0.053195	0.048532	0.095543	0.079663	0.084737	0.034746	0.046419	0.056926	0.040141	0.091911	0.035176	0.61478	0.47102	0.060592	0.047888	0.048924	0.062818	0.049686	0.088615	0.042188	0.075197	0.044657	0.065533	0.041332	0.046063	0.05098	0.47442	0.92608	0.054183	0.041093	0.11194	0.045324
Meth__cg08739282__DHX15	0.12469	0.042292	0.50049	0.12653	0.48933	0.046873	0.13687	0.38235	0.0625	0.089472	0.046218	0.042835	0.10297	0.10263	0.060571	0.067564	0.084394	0.044327	0.65187	0.12802	0.28605	0.4563	0.046396	0.099654	0.060981	0.30045	0.20309	0.032795	0.33523	0.28682	0.089732	0.080686	0.071439	0.10417	0.025153	0.042045	0.056832	0.054792	0.10817	0.050974
Meth__cg19430430__COL5A3	0.13362	0.039194	0.19476	0.090489	0.48624	0.20419	0.049354	0.075538	0.082901	0.045965	0.096268	0.056105	0.36428	0.078036	0.084856	0.15688	0.040312	0.11484	0.033522	0.16659	0.41366	0.29781	0.039033	0.51234	0.59939	0.058438	0.082196	0.047735	0.30943	0.11258	0.059107	0.076094	0.045539	0.26231	0.58872	0.079727	0.50435	0.070419	0.14152	0.13273
Meth__cg14614901__LOC401498	0.065025	0.059849	0.81894	0.033883	0.52639	0.84667	0.057381	0.54203	0.037385	0.049552	0.65292	0.068404	0.82271	0.083912	0.1347	0.23992	0.05801	0.11526	0.032087	0.82478	0.49235	0.18165	0.058238	0.87462	0.80713	0.41883	0.11741	0.042809	0.77728	0.54863	0.10234	0.050127	0.090584	0.35064	0.3153	0.054038	0.37513	0.49081	0.72089	0.55243
Meth__cg00915206__GAD1	0.047903	0.036224	0.058935	0.059461	0.050452	0.068461	0.042201	0.10682	0.050307	0.066312	0.1897	0.035007	0.070792	0.052726	0.052451	0.049727	0.045383	0.070462	0.063131	0.08082	0.051418	0.44377	0.045733	0.045028	0.098121	0.052848	0.094947	0.046851	0.071284	0.064002	0.073326	0.038581	0.057986	0.048765	0.077476	0.099105	0.099118	0.047391	0.11915	0.056631
Meth__cg18851831__DYRK1B	0.081268	0.072079	0.063353	0.11148	0.072289	0.057291	0.1813	0.034199	0.064366	0.12099	0.49103	0.66555	0.68821	0.04836	0.087508	0.062767	0.66373	0.59854	0.93642	0.06046	0.060853	0.049735	0.082756	0.052932	0.080184	0.076153	0.078246	0.11057	0.14588	0.058376	0.071058	0.045673	0.89045	0.052163	0.070407	0.067048	0.93112	0.67355	0.11459	0.37011
Meth__cg11611600__ADAMTSL3	0.93663	0.035823	0.19843	0.78601	0.81212	0.92221	0.53688	0.81738	0.051769	0.79911	0.69437	0.067752	0.6094	0.3639	0.058609	0.17344	0.035025	0.12791	0.029485	0.95477	0.94811	0.073789	0.059313	0.87357	0.91808	0.038582	0.042138	0.054875	0.87305	0.25027	0.099544	0.029218	0.039597	0.055494	0.88204	0.77807	0.047415	0.15006	0.57909	0.089336
Meth__cg11538128__ZNF354C	0.3411	0.039662	0.42772	0.023673	0.026538	0.92049	0.19993	0.29691	0.11088	0.042473	0.034506	0.022497	0.76748	0.12697	0.10655	0.028823	0.025579	0.081885	0.037631	0.24824	0.35578	0.741	0.035269	0.027479	0.83853	0.85919	0.064036	0.10634	0.087925	0.032703	0.083617	0.032161	0.069188	0.047755	0.26094	0.043846	0.037876	0.033754	0.83669	0.047652
Meth__cg03462055__TUBB2B	0.53115	0.034674	0.47668	0.068541	0.86597	0.24352	0.66942	0.53545	0.040117	0.044191	0.76671	0.068734	0.24105	0.10886	0.10688	0.96423	0.050832	0.15506	0.35066	0.55685	0.19399	0.25973	0.16435	0.23001	0.92535	0.058978	0.057286	0.19905	0.93699	0.27915	0.13532	0.092339	0.22761	0.22094	0.71918	0.04955	0.041353	0.044594	0.53708	0.039628
Meth__cg01738359__RB1	0.051467	0.048716	0.069057	0.041831	0.053045	0.056799	0.040892	0.047263	0.54809	0.050775	0.051824	0.0253	0.11255	0.051468	0.47905	0.051501	0.04948	0.07689	0.042714	0.039696	0.055284	0.05329	0.050432	0.1931	0.086682	0.049596	0.079705	0.046409	0.096209	0.045692	0.051862	0.055404	0.044655	0.044914	0.04688	0.042734	0.052536	0.044099	0.072864	0.051656
Meth__cg02361557__NTNG1	0.46897	0.22155	0.90882	0.84558	0.58124	0.89033	0.048463	0.67346	0.044703	0.054693	0.84442	0.090751	0.88493	0.24839	0.040178	0.89243	0.031067	0.13873	0.39992	0.85734	0.77663	0.50103	0.44501	0.063899	0.85525	0.037459	0.11551	0.046869	0.62507	0.065192	0.060696	0.034484	0.041016	0.40879	0.89741	0.080764	0.17354	0.589	0.092302	0.87229
Meth__cg22679003__CDH2	0.048362	0.051316	0.054004	0.044082	0.054506	0.43964	0.038178	0.066087	0.041818	0.057753	0.071864	0.10539	0.5039	0.092466	0.054089	0.052146	0.043734	0.068416	0.042462	0.15742	0.1174	0.054117	0.058723	0.098652	0.851	0.053912	0.078616	0.042878	0.075805	0.46477	0.054078	0.051388	0.04126	0.076265	0.86076	0.68269	0.067934	0.046442	0.19474	0.047333
Meth__cg25554036__WFS1	0.047094	0.30926	0.20742	0.20327	0.38233	0.058827	0.25514	0.19652	0.081251	0.081906	0.038452	0.23637	0.57216	0.031913	0.10492	0.12134	0.051587	0.093725	0.023603	0.45901	0.10806	0.16649	0.52759	0.078281	0.41202	0.11163	0.12561	0.79485	0.17822	0.07242	0.16322	0.047911	0.10878	0.097773	0.11596	0.36422	0.29446	0.15181	0.30573	0.3881
Meth__cg05786809__CKB	0.067352	0.03768	0.50526	0.77559	0.39666	0.14572	0.13628	0.28973	0.040628	0.29722	0.9252	0.175	0.59556	0.96953	0.046988	0.69089	0.032388	0.1302	0.13512	0.97487	0.92624	0.042852	0.046993	0.47699	0.87091	0.28237	0.077203	0.80188	0.092308	0.076836	0.077774	0.022652	0.54216	0.065794	0.060561	0.67792	0.040936	0.080353	0.93697	0.049088
Meth__cg08687958__PDZD8	0.027493	0.020409	0.066069	0.024557	0.048241	0.042946	0.030154	0.036602	0.027329	0.031961	0.17673	0.066312	0.12021	0.03359	0.027926	0.20754	0.027309	0.046271	0.041102	0.095533	0.065859	0.038118	0.046673	0.035141	0.11493	0.030785	0.066373	0.2781	0.067623	0.19696	0.049078	0.025241	0.04818	0.023072	0.044845	0.020488	0.027249	0.035199	0.12343	0.032631
Meth__cg19246110__ZNF671	0.93293	0.037984	0.96715	0.5773	0.10433	0.95085	0.87797	0.57022	0.96462	0.05058	0.96564	0.055314	0.93965	0.77409	0.96632	0.051801	0.61487	0.62116	0.31637	0.9655	0.59866	0.047953	0.95521	0.61172	0.90538	0.045018	0.12157	0.62846	0.52326	0.95464	0.067991	0.033814	0.41131	0.073605	0.44635	0.065594	0.044377	0.23049	0.93303	0.88628
Meth__cg01851399__PKP2	0.054199	0.037204	0.050078	0.030731	0.85238	0.044428	0.06203	0.032354	0.063067	0.06194	0.047875	0.11162	0.15477	0.041352	0.065593	0.047652	0.26211	0.10894	0.56663	0.034991	0.043366	0.040078	0.18541	0.040408	0.064107	0.052345	0.070875	0.31035	0.072304	0.053376	0.092886	0.068659	0.26088	0.036256	0.076885	0.06226	0.06128	0.049752	0.1691	0.048616
Meth__cg10521852__EDG4	0.045064	0.81502	0.33023	0.66776	0.9288	0.6538	0.93432	0.057278	0.061572	0.73513	0.09355	0.37893	0.10057	0.4872	0.063919	0.91165	0.418	0.0582	0.55415	0.58122	0.08684	0.64664	0.87664	0.19878	0.074657	0.07384	0.1123	0.043039	0.86358	0.051983	0.65297	0.72063	0.58488	0.87807	0.80533	0.88099	0.50325	0.18188	0.53809	0.50264
Meth__cg25033972__RIPK4	0.45568	0.42398	0.13054	0.22472	0.071904	0.51815	0.10128	0.04601	0.10906	0.2705	0.1482	0.092322	0.83056	0.082893	0.13059	0.80448	0.10513	0.22132	0.14335	0.53434	0.69156	0.86373	0.080329	0.26521	0.12278	0.63071	0.14233	0.27007	0.61365	0.8272	0.12389	0.044764	0.10218	0.92049	0.89442	0.090748	0.10702	0.21505	0.36925	0.20724
Meth__cg03891319__ACY1	0.043496	0.067761	0.063529	0.057028	0.1529	0.10483	0.053154	0.40392	0.048061	0.063932	0.061134	0.11928	0.19048	0.032142	0.056929	0.089607	0.041441	0.080921	0.33429	0.086526	0.051391	0.090423	0.088996	0.19994	0.15804	0.052598	0.11202	0.13245	0.080786	0.13328	0.067437	0.049142	0.043501	0.084861	0.043111	0.065182	0.067309	0.051075	0.1099	0.049409
Meth__cg12832649__SPOCK	0.60446	0.047028	0.047469	0.051485	0.078393	0.18793	0.05888	0.28407	0.030457	0.42386	0.69394	0.17779	0.6226	0.24941	0.020543	0.021766	0.020229	0.12898	0.02624	0.36524	0.48561	0.043863	0.024334	0.54261	0.90303	0.038986	0.0435	0.021352	0.919	0.34367	0.022235	0.033973	0.017963	0.022294	0.71276	0.50642	0.027815	0.039898	0.22808	0.038875
Meth__cg13759328__CDH13	0.86419	0.055337	0.661	0.14607	0.84431	0.53565	0.020673	0.3829	0.43895	0.099009	0.82114	0.16713	0.82096	0.18843	0.39882	0.20425	0.8751	0.081266	0.045208	0.63694	0.54429	0.10958	0.069336	0.21111	0.83997	0.38545	0.12033	0.047975	0.71841	0.36042	0.084885	0.083826	0.048287	0.32506	0.54433	0.10738	0.096529	0.28474	0.77462	0.10884
Meth__cg10335112__ODF3	0.39787	0.043881	0.4419	0.18936	0.21188	0.17154	0.11476	0.55463	0.052566	0.23228	0.4224	0.48979	0.36181	0.23199	0.047791	0.18969	0.19705	0.070907	0.036943	0.25793	0.38332	0.56689	0.080958	0.73102	0.22212	0.25002	0.062055	0.17964	0.46258	0.24012	0.12792	0.18691	0.04646	0.2658	0.11851	0.071511	0.48996	0.12246	0.30572	0.098633
Meth__cg00126034__WNT3	0.082697	0.039399	0.58479	0.21136	0.939	0.12281	0.91745	0.37127	0.043855	0.057898	0.93239	0.94261	0.77542	0.19831	0.27751	0.94485	0.70339	0.065499	0.05005	0.22446	0.29778	0.059906	0.94665	0.096281	0.90253	0.86124	0.075897	0.94867	0.86399	0.64446	0.14778	0.040977	0.76502	0.1352	0.92769	0.07777	0.23885	0.43219	0.14628	0.90118
Meth__cg01172899__SLC16A14	0.058537	0.38384	0.11106	0.60238	0.86698	0.11523	0.40261	0.17485	0.071455	0.21945	0.12243	0.35792	0.77848	0.064084	0.10135	0.44428	0.13639	0.10199	0.39893	0.53061	0.20053	0.23113	0.86897	0.08361	0.5538	0.089871	0.12688	0.87944	0.17717	0.20667	0.34775	0.63182	0.6174	0.22436	0.44468	0.14427	0.45268	0.096006	0.19938	0.15851
Meth__cg09263755__CCT6B	0.27995	0.043567	0.052295	0.045881	0.041318	0.055883	0.069926	0.12346	0.046695	0.061401	0.044884	0.040534	0.048878	0.034701	0.046054	0.055872	0.031276	0.072033	0.047888	0.041723	0.087788	0.036556	0.048215	0.064712	0.35808	0.039602	0.31188	0.063734	0.10445	0.058544	0.068878	0.037898	0.047492	0.044081	0.034934	0.224	0.047047	0.043632	0.10287	0.040131
Meth__cg08977371__CDH13	0.91195	0.037599	0.8441	0.43286	0.71604	0.7581	0.077384	0.8046	0.092716	0.50326	0.84708	0.79759	0.89136	0.11382	0.24919	0.51971	0.38549	0.18389	0.036289	0.60156	0.34471	0.16126	0.070535	0.9014	0.86674	0.74977	0.089187	0.039164	0.86655	0.62088	0.056123	0.098592	0.065275	0.88993	0.87744	0.12794	0.47495	0.67612	0.86891	0.27932
Meth__cg01116966__TCF7	0.29582	0.021816	0.056336	0.023155	0.62987	0.28248	0.11125	0.038427	0.020988	0.034332	0.1675	0.017862	0.12615	0.027278	0.021659	0.034669	0.018378	0.035643	0.029488	0.25765	0.02535	0.054086	0.046766	0.29196	0.070231	0.028737	0.023714	0.018439	0.83891	0.11164	0.016935	0.032791	0.22247	0.015531	0.014548	0.028966	0.018027	0.025386	0.030531	0.022346
Meth__cg02175308__SORT1	0.10448	0.081996	0.13878	0.09837	0.42763	0.058084	0.45975	0.089379	0.14557	0.12078	0.59406	0.077911	0.23285	0.073729	0.13155	0.096626	0.085468	0.068036	0.36367	0.076853	0.062677	0.59178	0.26869	0.14073	0.21353	0.14311	0.15385	0.82208	0.66309	0.10429	0.32077	0.3296	0.23101	0.064483	0.41248	0.15959	0.13618	0.17502	0.13478	0.11893
Meth__cg22338307__TPRKB	0.54312	0.066737	0.33324	0.82618	0.53138	0.39876	0.27838	0.23583	0.20426	0.13002	0.69906	0.14401	0.31608	0.6603	0.19154	0.05441	0.059604	0.092103	0.077684	0.36475	0.060606	0.16113	0.061381	0.062922	0.75869	0.0702	0.14374	0.05271	0.31112	0.91192	0.22019	0.055256	0.18336	0.30135	0.040685	0.102	0.055746	0.16615	0.19256	0.07625
Meth__cg04784672__LRFN5	0.90456	0.023474	0.032396	0.023618	0.66062	0.75786	0.64224	0.93455	0.032906	0.28292	0.95922	0.95503	0.7639	0.97893	0.16408	0.039842	0.18731	0.066732	0.067626	0.77887	0.90535	0.80727	0.031088	0.95224	0.8719	0.028117	0.086519	0.040132	0.57157	0.46725	0.042121	0.025892	0.60284	0.20847	0.52875	0.41658	0.71244	0.80176	0.54314	0.52011
Meth__cg17190608__CUTL2	0.064465	0.045588	0.17132	0.053682	0.90394	0.91102	0.034304	0.96495	0.024437	0.55136	0.86014	0.36085	0.64513	0.13678	0.020212	0.01745	0.029742	0.03102	0.012125	0.50812	0.1662	0.12012	0.044016	0.84919	0.70786	0.018285	0.023867	0.022727	0.9667	0.57441	0.035391	0.016137	0.023646	0.034727	0.15996	0.022513	0.067548	0.039102	0.52098	0.023
Meth__cg01761409__RAB38	0.78941	0.032149	0.33481	0.2083	0.54841	0.42468	0.24651	0.94792	0.027341	0.03725	0.6054	0.024677	0.8862	0.48255	0.024061	0.1142	0.014703	0.18887	0.041156	0.096237	0.32918	0.89392	0.28043	0.041208	0.20791	0.027005	0.044489	0.13736	0.51521	0.091618	0.051866	0.036478	0.036345	0.30632	0.45235	0.071111	0.093804	0.32541	0.30741	0.15736
Meth__cg21516287__LRRC61	0.045576	0.042584	0.07217	0.022794	0.88647	0.026196	0.82164	0.024344	0.041547	0.052231	0.023991	0.054569	0.20628	0.028482	0.056865	0.21338	0.027348	0.051925	0.026885	0.028019	0.029926	0.038135	0.92029	0.034743	0.15123	0.10835	0.066863	0.53994	0.075771	0.03631	0.14334	0.069608	0.21087	0.66971	0.056268	0.086938	0.063521	0.04879	0.1097	0.044863
Meth__cg14592099__PCDHB13	0.42486	0.031692	0.83858	0.024439	0.41555	0.3397	0.31398	0.8628	0.82236	0.06088	0.52474	0.22947	0.43908	0.71543	0.42554	0.44084	0.094061	0.12519	0.076299	0.053853	0.3699	0.68808	0.76535	0.60188	0.077865	0.45489	0.053525	0.23927	0.3187	0.31929	0.099615	0.098111	0.0875	0.53507	0.10903	0.073681	0.19962	0.18653	0.32653	0.34402
Meth__cg05922972__TSPAN3	0.035155	0.042797	0.17799	0.042105	0.028965	0.047341	0.046213	0.045611	0.060789	0.050935	0.041836	0.041003	0.071043	0.044609	0.040079	0.030367	0.034028	0.082556	0.025405	0.040859	0.048328	0.078263	0.047792	0.055429	0.10553	0.069773	0.087642	0.036619	0.13632	0.042966	0.053681	0.030643	0.034433	0.04054	0.034103	0.067262	0.037981	0.036393	0.062941	0.034771
Meth__cg02633817__FXYD3	0.10541	0.075244	0.090704	0.077682	0.19723	0.092865	0.84816	0.057599	0.5028	0.066457	0.87835	0.09057	0.078194	0.037933	0.50062	0.15298	0.81893	0.076626	0.071565	0.059768	0.10185	0.1057	0.93413	0.067147	0.55273	0.087961	0.09061	0.89869	0.12634	0.13985	0.15708	0.56874	0.90469	0.10321	0.098254	0.1141	0.098319	0.081073	0.10564	0.092869
Meth__cg10763288__DHCR7	0.086037	0.13677	0.12202	0.11879	0.23856	0.24493	0.42843	0.078581	0.057279	0.10299	0.065916	0.17609	0.09001	0.083589	0.087098	0.11924	0.15085	0.096828	0.71974	0.086405	0.057586	0.12194	0.66122	0.17737	0.48607	0.14242	0.067313	0.26046	0.15178	0.10306	0.15637	0.11428	0.68576	0.078679	0.09438	0.093506	0.085236	0.10229	0.23038	0.090708
Meth__cg02537838__C20orf151	0.054806	0.058138	0.053443	0.051723	0.84168	0.063223	0.90438	0.043171	0.046606	0.071374	0.05415	0.058861	0.079328	0.044371	0.060522	0.074077	0.87468	0.088135	0.3752	0.0485	0.058087	0.058253	0.85475	0.056401	0.74088	0.065833	0.090438	0.88156	0.11716	0.051624	0.067954	0.84203	0.48956	0.060225	0.071691	0.044814	0.068524	0.053769	0.091825	0.055417
Meth__cg10862848__GNMT	0.083171	0.10758	0.098375	0.11497	0.96915	0.093602	0.8012	0.45752	0.09722	0.094028	0.76394	0.27473	0.6165	0.06715	0.1132	0.28875	0.39957	0.098237	0.90082	0.29732	0.077794	0.076393	0.93883	0.12441	0.9181	0.08944	0.069352	0.94123	0.086146	0.095785	0.10795	0.74142	0.83493	0.40653	0.93574	0.17859	0.11195	0.1462	0.20375	0.56722
Meth__cg22166290__BCL11A	0.050306	0.052913	0.35795	0.20455	0.27685	0.47634	0.2663	0.66049	0.074392	0.91363	0.070505	0.33878	0.081503	0.5597	0.067263	0.059785	0.070264	0.092635	0.57183	0.6308	0.85975	0.5523	0.055664	0.56656	0.33118	0.064659	0.53649	0.060342	0.89592	0.066043	0.074774	0.061158	0.077817	0.37389	0.068663	0.22994	0.67374	0.80519	0.42174	0.066198
Meth__cg02998425__ADAM21	0.91957	0.022214	0.87992	0.61775	0.060832	0.59729	0.097906	0.96052	0.88027	0.34254	0.65188	0.48407	0.28164	0.037316	0.54179	0.43903	0.74457	0.072522	0.041828	0.14546	0.33397	0.92567	0.03813	0.94117	0.0625	0.22864	0.034629	0.12901	0.2955	0.061863	0.058077	0.14016	0.031694	0.77112	0.36878	0.023889	0.51482	0.55082	0.61029	0.31261
Meth__cg14080001__SH3PX3	0.083675	0.049276	0.25246	0.039691	0.049568	0.12499	0.033386	0.28488	0.039785	0.049744	0.067712	0.027172	0.087198	0.039419	0.053493	0.050793	0.045022	0.11571	0.037836	0.039914	0.068451	0.4076	0.059812	0.051197	0.084629	0.083026	0.16393	0.038552	0.066969	0.046032	0.055103	0.05553	0.042656	0.047872	0.034527	0.074591	0.39573	0.041862	0.25554	0.052996
Meth__cg04719491__HAS2	0.051057	0.038992	0.045648	0.029695	0.04045	0.048445	0.043478	0.021217	0.036516	0.038307	0.075687	0.08282	0.74925	0.033487	0.050005	0.68883	0.033115	0.18395	0.031074	0.07307	0.12608	0.24602	0.034771	0.11133	0.097469	0.032109	0.086952	0.046099	0.11534	0.24209	0.061538	0.040922	0.042724	0.061371	0.39173	0.067414	0.040216	0.039391	0.07254	0.041555
Meth__cg02915261__LSR	0.01703	0.016309	0.021607	0.014638	0.95564	0.022623	0.072631	0.013228	0.0098437	0.016956	0.017101	0.015379	0.039863	0.012081	0.015781	0.014933	0.034888	0.028708	0.013192	0.016132	0.018341	0.017493	0.077332	0.014506	0.027077	0.016669	0.02461	0.025407	0.066667	0.018225	0.052867	0.021249	0.019419	0.010828	0.016151	0.033209	0.020342	0.019912	0.035196	0.018393
Meth__cg18967533__KLK6	0.040336	0.046607	0.37624	0.51906	0.51775	0.399	0.38265	0.042959	0.035504	0.42903	0.12847	0.036861	0.065166	0.036253	0.047588	0.051771	0.72196	0.063182	0.040003	0.31538	0.21798	0.10864	0.45289	0.090245	0.14482	0.29214	0.076272	0.62021	0.10319	0.044537	0.11443	0.52084	0.043564	0.10681	0.22233	0.29315	0.050462	0.11025	0.25605	0.36477
Meth__cg13757640__ARHGAP8	0.019627	0.018656	0.019309	0.028167	0.95373	0.022511	0.9024	0.011898	0.018361	0.022705	0.017072	0.0177	0.049273	0.015085	0.018419	0.01995	0.085307	0.034516	0.34852	0.022994	0.029716	0.021817	0.83965	0.02389	0.76033	0.04247	0.036699	0.072184	0.038812	0.022358	0.03068	0.30019	0.057348	0.020387	0.019506	0.047453	0.021278	0.028678	0.045808	0.027353
Meth__cg10065416__MPP3	0.044404	0.046311	0.2643	0.061988	0.10324	0.051555	0.53155	0.13207	0.21416	0.057924	0.19794	0.17655	0.49197	0.17379	0.19095	0.12736	0.051081	0.1025	0.35759	0.38211	0.16088	0.072821	0.11366	0.16551	0.6319	0.27924	0.040192	0.070867	0.2525	0.40159	0.12243	0.045379	0.12546	0.22887	0.033734	0.052989	0.051959	0.051496	0.20084	0.053918
Meth__cg01615704__MALL	0.08749	0.02225	0.098615	0.092629	0.97955	0.10826	0.97136	0.052279	0.026854	0.11988	0.15753	0.055982	0.10004	0.13585	0.083367	0.095823	0.031042	0.11118	0.96144	0.10808	0.098705	0.044075	0.97427	0.12834	0.15359	0.12753	0.065475	0.57352	0.65201	0.10625	0.11344	0.54773	0.98124	0.030441	0.571	0.15582	0.10298	0.15308	0.15266	0.13721
Meth__cg03005055__HSPA2	0.05089	0.041645	0.12098	0.034438	0.05919	0.054058	0.048451	0.05878	0.067228	0.051478	0.72037	0.046215	0.10271	0.057709	0.060102	0.054858	0.046449	0.076131	0.062033	0.033147	0.048608	0.081124	0.054379	0.037598	0.086465	0.053371	0.10183	0.047649	0.081017	0.060256	0.055367	0.038608	0.055872	0.03885	0.061629	0.063952	0.047088	0.061166	0.075759	0.051876
Meth__cg25266232__DCC	0.09382	0.040821	0.61709	0.061837	0.40717	0.75241	0.87886	0.93344	0.23345	0.79308	0.72965	0.047567	0.081388	0.21288	0.24879	0.57088	0.46534	0.26438	0.035789	0.35927	0.57195	0.47117	0.053337	0.27712	0.31013	0.22315	0.21253	0.05589	0.86132	0.37275	0.050503	0.037986	0.074959	0.038038	0.7083	0.056073	0.049391	0.12524	0.79857	0.13092
Meth__cg11298412__DKFZP564O0823	0.048522	0.041904	0.077257	0.042579	0.53181	0.051726	0.036114	0.053048	0.030226	0.035386	0.86358	0.043655	0.14085	0.0514	0.0379	0.57878	0.033877	0.1047	0.067842	0.47811	0.2317	0.047978	0.10187	0.043062	0.080575	0.047779	0.061614	0.03251	0.1077	0.21781	0.091541	0.044265	0.033389	0.088613	0.4659	0.13804	0.039432	0.037448	0.073194	0.043711
Meth__cg13631913__MGC4399	0.040969	0.041971	0.05122	0.040847	0.040257	0.046841	0.047024	0.030056	0.048442	0.051784	0.061405	0.041198	0.071269	0.034304	0.042264	0.059108	0.044827	0.088994	0.86521	0.044421	0.046878	0.050107	0.043776	0.053428	0.06871	0.055672	0.075952	0.04283	0.10945	0.048185	0.090995	0.039139	0.035981	0.049546	0.036803	0.082219	0.05241	0.044258	0.15295	0.044436
Meth__cg22467534__UNC13D	0.028104	0.024009	0.045115	0.033378	0.85623	0.026172	0.62885	0.022761	0.031211	0.03249	0.28489	0.074543	0.05725	0.027266	0.03538	0.026543	0.73111	0.048273	0.38167	0.034283	0.03045	0.26288	0.39674	0.02613	0.053993	0.098107	0.032016	0.65187	0.046201	0.031252	0.0431	0.036845	0.034825	0.024677	0.018774	0.042973	0.040384	0.03516	0.036844	0.039739
Meth__cg16256504__WNT6	0.021186	0.020227	0.14932	0.10305	0.4707	0.025662	0.43151	0.031354	0.031277	0.051071	0.029746	0.050093	0.20476	0.017817	0.027891	0.022958	0.25353	0.027902	0.050548	0.031664	0.056626	0.35109	0.281	0.14201	0.36246	0.062115	0.032424	0.25956	0.12848	0.018646	0.031964	0.05593	0.13771	0.078666	0.15582	0.029198	0.034781	0.14485	0.067493	0.23377
Meth__cg07099407__KLC4	0.017952	0.019842	0.076751	0.022548	0.34727	0.031825	0.054703	0.02799	0.035392	0.030895	0.018426	0.039024	0.043212	0.015844	0.032429	0.032586	0.15795	0.024248	0.020806	0.037484	0.025659	0.021562	0.29236	0.024393	0.04954	0.037881	0.038748	0.036622	0.037144	0.023841	0.066403	0.021583	0.079932	0.01982	0.012304	0.031019	0.021667	0.037361	0.022574	0.067485
Meth__cg16812893__KRTAP15-1	0.84791	0.045859	0.8271	0.50706	0.17016	0.83603	0.060322	0.9097	0.84351	0.055101	0.67342	0.34156	0.19177	0.49128	0.69386	0.59952	0.094978	0.056857	0.06038	0.082529	0.12679	0.48397	0.17155	0.75945	0.075929	0.20093	0.24091	0.23652	0.18055	0.096085	0.098076	0.12588	0.09308	0.87451	0.13562	0.095746	0.05561	0.43157	0.68931	0.62722
Meth__cg19162158__NRG1	0.016621	0.013338	0.86533	0.017075	0.012799	0.20906	0.061324	0.8854	0.37432	0.018833	0.81319	0.014376	0.96369	0.63198	0.30528	0.011086	0.012448	0.048379	0.012443	0.96531	0.71412	0.01975	0.019608	0.10976	0.015524	0.029835	0.036858	0.013383	0.92246	0.96582	0.034366	0.014767	0.011488	0.46791	0.92106	0.9627	0.2548	0.012566	0.94486	0.014452
Meth__cg24377133__HHCM	0.074172	0.034234	0.24288	0.055517	0.023314	0.087524	0.099856	0.049109	0.027229	0.10541	0.056773	0.046534	0.14376	0.031908	0.032999	0.041332	0.077271	0.081162	0.02887	0.087252	0.1041	0.050959	0.034113	0.54789	0.066833	0.044699	0.088663	0.029198	0.043401	0.046849	0.053889	0.045545	0.059919	0.058447	0.053364	0.06712	0.15783	0.046641	0.13958	0.031219
Meth__cg11503011__EBF	0.43255	0.12608	0.52755	0.11872	0.11646	0.13705	0.31385	0.70878	0.18492	0.18503	0.1433	0.10399	0.17091	0.13838	0.19921	0.28647	0.19811	0.19726	0.23043	0.20634	0.31805	0.17156	0.12153	0.15144	0.56351	0.38205	0.21012	0.10481	0.69204	0.15919	0.22551	0.083273	0.16425	0.11064	0.11326	0.20584	0.19887	0.14967	0.61765	0.11487
Meth__cg24652919__WDR58	0.32183	0.14301	0.63943	0.39614	0.079496	0.49403	0.15512	0.10356	0.18871	0.41756	0.57642	0.2601	0.23013	0.37365	0.23152	0.11797	0.064309	0.16586	0.067547	0.53395	0.38103	0.8217	0.077942	0.40989	0.085484	0.71752	0.62762	0.052773	0.40351	0.12381	0.21957	0.053232	0.072009	0.28568	0.16937	0.44675	0.18536	0.36448	0.61297	0.2875
Meth__cg17718302__HIST1H3J	0.037683	0.030638	0.96437	0.71745	0.15351	0.56176	0.078292	0.9659	0.08557	0.94635	0.5356	0.029211	0.50223	0.94708	0.10196	0.030692	0.025689	0.35911	0.68555	0.023484	0.036968	0.95356	0.033129	0.60413	0.49521	0.36821	0.10951	0.054074	0.092789	0.024528	0.057543	0.82455	0.058708	0.71364	0.38567	0.48105	0.035367	0.040732	0.2224	0.034055
Meth__cg03048535__FOXN4	0.47653	0.016046	0.084568	0.020525	0.55537	0.025569	0.10535	0.12348	0.020458	0.36646	0.092137	0.034238	0.058625	0.018991	0.024617	0.015113	0.016464	0.03744	0.050018	0.061908	0.44063	0.048859	0.021315	0.023103	0.61631	0.026222	0.30958	0.037097	0.84469	0.029354	0.023863	0.020705	0.017881	0.20251	0.2262	0.032879	0.019514	0.029493	0.094275	0.021766
Meth__cg07557424__C9orf23	0.12163	0.068357	0.68608	0.099724	0.10281	0.11196	0.11549	0.1282	0.071324	0.09457	0.084178	0.10443	0.17041	0.12236	0.057767	0.10782	0.10121	0.29781	0.060153	0.089623	0.11506	0.17624	0.080051	0.10358	0.14648	0.077508	0.13421	0.06921	0.13387	0.090832	0.15092	0.085826	0.10068	0.13972	0.12753	0.2898	0.10397	0.082839	0.31635	0.08596
Meth__cg20648827__MAGEE2	0.35473	0.027257	0.80206	0.039303	0.17979	0.82591	0.23993	0.78577	0.21998	0.038537	0.77799	0.53824	0.24779	0.3047	0.23201	0.21243	0.20918	0.1192	0.037389	0.15024	0.28585	0.40877	0.080094	0.55164	0.26072	0.064068	0.040399	0.078209	0.49219	0.09629	0.067412	0.10019	0.061297	0.084313	0.47081	0.13304	0.082409	0.21347	0.53204	0.24547
Meth__cg06284322__TAF7	0.21159	0.040821	0.14696	0.07168	0.053418	0.060062	0.28604	0.080219	0.10385	0.11468	0.48487	0.052048	0.11771	0.078378	0.091354	0.12388	0.076612	0.09344	0.099291	0.039974	0.076315	0.06138	0.048281	0.071155	0.078851	0.098032	0.06723	0.057087	0.079383	0.13771	0.1087	0.045881	0.09987	0.076152	0.066627	0.065205	0.096681	0.081933	0.15018	0.074691
Meth__cg25162921__MTAP	0.29488	0.60712	0.58068	0.11256	0.92543	0.83463	0.19972	0.12177	0.27077	0.12107	0.089474	0.29429	0.13342	0.053906	0.2662	0.11989	0.10348	0.10605	0.12246	0.08592	0.11713	0.13758	0.21272	0.1328	0.66735	0.36454	0.23847	0.86973	0.27156	0.28014	0.20033	0.60137	0.69033	0.11617	0.098776	0.32122	0.16994	0.38411	0.27839	0.46375
Meth__cg15846641__HTLF	0.061241	0.041806	0.4057	0.052103	0.066496	0.19341	0.13999	0.055919	0.19812	0.097207	0.054158	0.18709	0.13573	0.035045	0.14092	0.04591	0.034031	0.29239	0.50731	0.17232	0.17581	0.072444	0.12015	0.074998	0.10623	0.15032	0.22769	0.04257	0.13164	0.068248	0.077645	0.037863	0.070052	0.069544	0.040874	0.12437	0.064373	0.059852	0.20792	0.070732
Meth__cg22392276__CKB	0.23319	0.12478	0.30238	0.15917	0.55243	0.13457	0.6537	0.21355	0.30754	0.16049	0.5853	0.36398	0.25454	0.1331	0.25028	0.91543	0.21123	0.16592	0.13176	0.56019	0.50097	0.10661	0.20941	0.70243	0.27523	0.15951	0.22565	0.77044	0.14917	0.22206	0.19189	0.1349	0.099782	0.18811	0.12	0.12104	0.10335	0.12824	0.37818	0.12499
Meth__cg25681177__GAPDHS	0.86922	0.035781	0.7624	0.67321	0.073626	0.66002	0.19562	0.54981	0.022437	0.75298	0.25316	0.59743	0.50738	0.55088	0.026871	0.46011	0.39201	0.055809	0.020322	0.7453	0.36131	0.93176	0.56633	0.45383	0.44287	0.67222	0.041747	0.34317	0.38954	0.69803	0.052058	0.045291	0.050538	0.69349	0.3732	0.092973	0.080932	0.38612	0.37392	0.34061
Meth__cg20861607__CHRNA7	0.82248	0.099695	0.22367	0.078955	0.54161	0.41006	0.093817	0.087336	0.062183	0.047644	0.071607	0.059811	0.1192	0.11729	0.067685	0.2637	0.051948	0.087074	0.10955	0.18194	0.6661	0.080606	0.065933	0.38896	0.11215	0.48601	0.1782	0.14616	0.53606	0.24622	0.07745	0.039332	0.05474	0.063816	0.18955	0.062466	0.05103	0.23653	0.54801	0.050661
Meth__cg03663715__FOXD1	0.33888	0.056172	0.08391	0.078828	0.50435	0.64109	0.40796	0.18481	0.10438	0.039977	0.19204	0.11486	0.61216	0.4236	0.08273	0.17635	0.071999	0.060355	0.065231	0.22268	0.37503	0.6162	0.2195	0.44073	0.90031	0.037842	0.60955	0.040926	0.50537	0.11113	0.16409	0.03587	0.157	0.062828	0.89915	0.36997	0.041971	0.03978	0.62236	0.064947
Meth__cg04101379__DZIP1	0.77623	0.052824	0.76086	0.39284	0.037964	0.8545	0.091807	0.056646	0.31928	0.92134	0.063343	0.24746	0.92436	0.90934	0.42273	0.61977	0.03582	0.53097	0.074231	0.94782	0.91433	0.92849	0.031014	0.93433	0.83833	0.90482	0.13518	0.097256	0.8957	0.086164	0.11241	0.048196	0.073253	0.33511	0.8949	0.86862	0.1493	0.92521	0.90903	0.93218
Meth__cg18380975__C6orf1	0.05794	0.048356	0.053366	0.046387	0.039701	0.072153	0.040117	0.068258	0.060715	0.049084	0.063368	0.10044	0.075109	0.031444	0.052776	0.037296	0.034606	0.18725	0.030581	0.050579	0.05906	0.05824	0.050882	0.054127	0.082203	0.066355	0.070042	0.047467	0.098345	0.060916	0.05383	0.037661	0.036939	0.092201	0.034611	0.098103	0.043288	0.046576	0.093581	0.052354
Meth__cg22307908__ZNF264	0.047471	0.03154	0.033727	0.034736	0.032296	0.055505	0.040741	0.032747	0.036389	0.042542	0.044712	0.038848	0.38389	0.49821	0.039228	0.044361	0.032251	0.07455	0.045038	0.26962	0.32206	0.033509	0.052636	0.035181	0.076972	0.039231	0.035779	0.02783	0.066996	0.041785	0.074032	0.031939	0.040245	0.039189	0.033194	0.071199	0.04046	0.043775	0.12129	0.04509
