Cell lines	600MPE	AU565	BT20	BT474	BT483	BT549	CAMA1	HCC1143	HCC1187	HCC1428	HCC1569	HCC1806	HCC1937	HCC1954	HCC2185	HCC3153	HCC38	HCC70	HS578T	LY2	MCF7	MDAMB134VI	MDAMB157	MDAMB175VII	MDAMB361	MDAMB415	MDAMB453	SKBR3	SUM1315MO2	SUM149PT	SUM159PT	SUM185PE	SUM225CWN	SUM52PE	T47D	UACC812	ZR751	ZR75B
Response	-1	1	-1	-1	-1	-1	-1	-1	1	-1	-1	-1	-1	-1	1	-1	1	-1	1	1	-1	-1	1	-1	-1	1	-1	1	1	1	1	-1	-1	1	-1	-1	1	1
U133A__CALML5	9.1843	4.9355	4.4468	7.506	5.0858	4.3927	4.4391	7.0081	4.7674	4.4988	3.976	7.0929	6.2387	4.7763	4.6611	5.6873	4.1746	7.6889	4.3762	4.2787	4.7548	3.9299	4.0226	5.8142	9.4476	4.2781	8.6032	3.8489	4.0363	4.425	4.5789	10.2072	8.829	4.1725	4.0406	4.8753	4.1623	4.0767
U133A__ANKRD57	5.9697	4.6663	6.3858	6.1402	6.2868	5.939	7.7336	6.0224	5.2587	6.8299	5.4594	6.5732	6.5182	6.5702	5.1079	5.4951	5.5572	6.0201	5.2873	5.7804	5.1389	7.8938	5.3602	5.5994	6.098	4.9998	6.1175	5.572	5.31	6.1903	6.4324	7.6739	6.738	6.4395	5.5621	7.0825	5.7018	5.2503
U133A__PDLIM2	6.1838	6.4469	6.5686	5.0195	5.6124	8.445	5.1054	6.7985	7.5575	4.7108	6.3607	5.2325	5.6691	6.1512	6.3079	7.0536	6.8265	6.1954	8.6963	6.1059	5.2037	5.8817	6.625	6.3894	4.9201	6.5696	4.5589	7.137	7.7536	6.8021	7.2215	5.3168	5.6906	4.947	5.8226	6.1853	6.1648	6.9082
U133A__ID3	6.5887	8.2017	6.4475	6.292	4.9436	9.0818	8.7673	6.2882	8.7247	5.5829	4.654	7.8635	9.1626	5.6262	9.16	7.4433	9.2935	8.3717	8.8993	7.6416	7.6832	8.4068	8.3992	7.0932	7.6525	8.5874	7.9443	8.3927	8.1339	8.6072	8.571	6.0519	7.3742	8.38	7.5964	7.2625	7.3309	7.1219
U133A__CAT	9.2728	8.6882	8.9651	8.6094	8.1768	7.6458	7.9778	7.1926	8.5442	9.183	8.3309	11.1759	8.5523	9.9741	8.1137	9.9591	7.7908	8.3007	7.9061	7.4298	7.812	9.1065	7.2563	8.7414	9.0302	7.4691	8.3149	8.1271	8.2005	8.7364	8.0446	6.1542	10.075	8.6121	9.4779	9.0364	7.6033	7.5928
U133A__GRB7	8.3996	10.2608	7.1275	10.6507	7.1976	6.3286	7.053	8.3948	6.9301	7.1531	9.4888	6.7622	7.2019	11.2984	7.5151	8.0687	6.7119	7.5479	6.7995	6.1629	7.5126	6.6554	6.355	7.4331	8.6563	6.8747	7.812	9.662	6.2945	6.9855	6.7471	7.4331	12.4555	7.0393	7.1024	10.4791	7.1442	6.9964
U133A__PBK	7.0274	6.7703	6.752	7.0826	6.4642	9.2891	7.091	6.6403	8.3205	5.9385	7.6548	7.2653	6.4	7.1569	7.7515	6.5833	7.6571	6.0256	8.8112	7.1445	6.782	7.9008	7.4454	7.6348	6.0122	7.1833	6.8715	7.02	7.6933	7.9153	8.7212	5.2544	5.0102	4.2319	7.3545	7.3338	7.7813	8.9375
U133A__RAB31	6.2413	8.0673	8.3752	5.1431	7.7963	8.3412	5.7159	8.1732	6.3882	5.2803	6.3372	7.6547	6.0256	7.7825	5.7421	7.6507	9.5565	6.5396	8.4846	8.4498	8.1669	5.4419	9.649	4.7638	8.3539	8.6618	5.3344	8.156	9.8536	8.2197	8.2362	5.2265	6.1315	5.4669	6.4993	7.2702	5.4727	8.7646
U133A__TSKU	11.0637	8.2421	8.5092	9.0798	8.5228	7.578	7.5767	7.5938	7.6168	8.2058	8.1601	8.241	8.0502	8.5889	7.7436	8.2928	8.165	6.5287	7.4395	8.035	8.24	8.9638	7.4804	8.8192	9.0219	8.4862	8.7443	7.8671	7.6819	8.0746	7.4697	8.6837	8.4816	8.7885	7.7775	8.559	7.7132	7.2394
U133A__SH3GLB2	6.5425	6.1316	5.2045	7.5758	6.9276	5.7078	7.1346	6.1178	5.6393	7.6168	5.069	5.9234	7.0037	5.1924	6.4713	5.3567	5.5879	6.4594	5.1439	5.1173	7.4452	7.2121	5.1126	7.0174	6.6336	6.07	6.1606	5.7669	4.7977	6.3724	5.9489	9.1407	6.4003	6.9105	7.6052	6.7678	5.9303	6.9862
U133A__SOX4	8.6674	8.3533	6.1246	8.8828	9.8978	8.4109	8.7923	8.9581	8.341	8.2131	6.6364	6.1797	8.3375	7.9094	7.8327	9.3505	7.6446	8.6075	5.5588	6.2454	8.2679	9.9401	7.7534	7.66	9.3267	7.9694	7.8062	7.3642	3.5447	7.8776	6.2548	8.5307	9.4911	6.0618	7.4115	9.15	9.1511	8.6423
U133A__VAV3	6.6139	7.1379	7.0703	8.3207	8.416	8.4371	8.5097	7.4218	5.5936	6.3399	6.8818	5.7202	6.9613	6.2428	8.366	6.9085	7.5863	7.8535	6.6148	5.7006	6.4528	8.4579	6.1239	6.0939	8.7219	7.0271	8.7019	6.3496	5.5358	5.611	5.8513	9.0343	7.2773	7.438	8.7886	7.663	6.9197	6.7062
U133A__FARP1	7.4771	6.1313	6.2527	8.1138	8.8341	6.541	6.6631	8.6433	7.6265	8.0007	6.585	5.8878	7.8769	5.4775	7.2328	7.2984	7.3103	7.3406	5.9912	5.3448	5.8391	6.5233	6.071	8.236	8.0231	7.4909	5.6239	5.9676	5.0966	5.858	4.6886	8.1285	7.9765	5.8389	6.1601	7.5092	6.6622	6.7694
U133A__STEAP3	8.0543	8.4341	7.0147	6.9625	7.0864	7.3676	6.5586	6.8849	7.5276	7.445	7.753	7.6356	7.1557	7.53	7.9038	8.1799	7.1387	8.774	8.4079	7.3242	7.1979	6.45	7.9782	6.7535	7.0101	7.31	6.5345	7.9369	8.3281	8.0487	8.8255	6.5464	8.2534	7.0222	6.8751	7.3441	7.2453	7.7787
U133A__LY6E	9.8781	9.5357	9.268	9.4498	9.2443	7.4881	8.6046	9.6208	8.1823	7.094	10.4748	8.1025	10.8174	9.4792	9.1314	8.5848	7.4401	9.2918	8.6573	8.4491	8.9779	8.4527	9.2958	11.0628	9.5073	8.8492	8.8044	8.6974	6.3992	8.3921	7.15	9.6714	10.6976	10.3601	8.581	10.4302	7.4261	8.5009
U133A__TSPYL1	7.1208	6.83	8.2478	6.8499	7.5148	6.8558	6.6155	6.3823	6.2805	7.2393	6.7611	6.3812	7.6203	7.1452	9.9714	7.4672	6.6912	6.8775	6.14	6.7769	7.2514	7.9883	6.4733	7.0354	8.3367	7.0077	8.116	6.3896	6.688	6.094	7.0528	7.2503	7.8804	7.8928	7.6083	8.0874	5.4603	7.6037
U133A__IRF9	6.567	7.2426	7.1816	6.4215	10.1828	7.6644	6.1171	8.3291	8.6936	7.7642	7.5971	6.2636	9.3201	8.0265	6.8795	7.5318	7.4596	9.766	6.7956	6.2872	7.9939	8.6157	7.9128	7.9232	7.5838	7.5909	6.9253	6.1693	6.8573	6.9026	6.0417	6.8427	10.2102	6.3509	6.8277	7.4402	6.3875	6.0362
U133A__FKBP4	7.8938	7.2314	7.3501	7.8308	8.6332	6.4693	7.5977	6.4888	7.6079	10.106	8.0188	7.4516	7.9534	8.2485	6.7073	8.3906	6.7943	7.4821	6.6219	7.3035	8.5173	9.1486	6.0714	8.2269	8.2281	5.9213	7.3097	8.068	6.4055	8.0056	7.8416	7.6881	7.3206	7.2406	8.8391	7.4746	8.1696	8.6481
U133A__TMEM30B	7.5328	6.8901	7.6466	7.4005	7.841	4.5145	7.2183	6.9133	4.3056	6.7918	4.8118	6.6057	6.9381	7.4909	8.128	5.2438	6.5212	6.4775	4.5702	8.4178	7.6244	7.2188	4.4832	7.1355	7.4901	7.0626	7.6142	6.6801	4.1736	7.2792	3.6516	7.2406	8.0335	3.6461	7.2677	8.2243	6.7906	6.8931
U133A__ERBB3	9.0074	7.5004	6.4014	8.3846	9.4643	4.1332	7.8718	7.0488	7.2396	8.1221	7.1116	6.5673	7.1065	5.2443	8.2884	6.1232	6.1179	7.809	3.9223	7.4837	7.907	7.5422	5.1573	7.8977	8.49	7.7735	8.3471	7.8318	4.3134	6.0561	4.2768	8.8454	8.2685	6.8618	8.571	8.2939	8.3354	7.6055
U133A__KRT15	4.6753	6.8146	5.2145	5.9967	7.5863	3.4215	3.485	10.4967	4.7698	5.9132	8.3286	5.8881	11.2728	11.1419	6.0745	10.3961	8.8581	5.6067	4.1525	4.9932	4.6388	4.2261	3.6355	8.703	5.5726	4.5513	3.7484	5.5479	3.0722	4.6297	3.9253	8.2127	5.1545	4.0707	5.0639	7.5535	4.407	4.2825
U133A__PON2	6.9905	8.545	6.3746	6.9593	7.6992	6.8894	7.5751	7.1908	6.3066	7.1999	8.0402	6.9952	6.2384	7.0837	7.9459	7.2793	7.6566	7.9654	7.5685	6.838	6.2501	8.0083	8.0485	6.7746	7.1855	7.0361	6.9661	8.2261	7.6251	7.2494	8.6669	7.4132	9.4905	10.4159	6.8371	7.2709	8.3466	7.3836
U133A__NR2F2	3.8546	3.9071	7.786	6.5484	6.9842	7.5445	3.0831	5.2905	3.3799	5.4746	7.2639	6.7675	4.2238	6.2959	7.5495	7.0903	6.3474	6.6617	5.8807	6.2814	8.5361	7.1223	5.9595	8.1206	7.1992	6.5105	7.5131	3.6811	6.3605	5.5146	5.5978	6.3304	7.0002	5.6772	7.5591	6.7163	6.4496	7.0572
U133A__IRX5	7.7399	6.5809	5.5081	7.7145	8.7913	6.7582	9.7052	6.7088	8.4982	9.2355	7.8438	5.0398	8.2703	6.928	6.9459	7.2265	6.0328	7.8287	5.68	6.4979	7.5153	9.0702	5.4402	8.0494	8.26	7.8134	9.0329	6.3151	7.6172	6.2181	4.7753	8.3988	8.6255	7.2192	7.8621	7.0565	8.7904	8.8174
U133A__IGFBP2	8.9994	6.5614	8.0793	8.4756	10.174	4.1337	8.2319	6.9756	5.0969	11.3152	6.6399	5.5755	7.4344	6.2061	6.7846	6.7353	5.7058	4.1339	5.3651	7.4161	8.4871	9.2672	6.523	6.9218	9.4817	8.7196	9.2216	5.7955	5.3561	5.6784	5.7516	6.6061	8.1112	7.7527	9.675	9.8774	7.0239	9.9643
U133A__PPP1R3D	6.0376	6.2841	6.5806	5.8836	8.9569	5.5115	7.3522	5.3847	5.2179	8.4079	6.0031	6.2885	6.1268	6.9745	6.7862	5.4457	5.3754	5.7838	5.1445	6.6139	6.9967	9.3097	5.3464	7.7236	7.7316	6.1594	7.5285	6.4306	4.8825	6.1016	4.8641	8.1589	6.6839	6.8287	5.7656	8.1055	7.205	6.5275
U133A__ITGB4	8.4764	6.8825	7.8694	7.2638	6.1489	5.1424	6.7049	9.9222	5.9812	6.4977	5.6302	9.8634	7.2601	7.6693	6.7599	9.2314	6.4951	6.4958	5.6846	7.7798	8.3127	5.2167	5.7594	7.597	7.8203	7.0236	6.7098	6.7099	5.7868	6.8612	5.7862	9.5481	7.0662	7.1408	7.4342	7.6944	6.2395	7.5587
U133A__LOXL1	7.6117	4.1966	5.1158	4.3121	5.5348	8.338	5.7862	4.933	8.9195	5.1848	5.3431	3.9845	4.0034	4.3856	4.1953	4.8002	6.8359	4.9628	9.1502	5.6646	8.9368	6.588	8.3756	3.6902	6.3196	7.3211	4.5602	4.2818	9.7542	8.8104	6.6159	5.6259	3.9347	8.3171	4.6056	5.1326	5.3135	5.2119
U133A__UCP2	9.6294	10.6891	8.7103	11.051	10.1722	9.2555	7.9243	8.9817	5.642	10.1599	7.6198	8.3911	5.8092	6.2556	8.7794	8.1962	9.2716	8.7817	5.512	8.6396	9.2632	11.818	7.505	10.7462	10.4657	9.2304	9.6833	10.2665	6.2975	5.8019	5.5516	9.1125	9.8997	7.4515	9.3054	8.5052	7.9376	8.6715
U133A__DEGS1	6.8249	6.0243	7.0363	6.6615	6.8731	6.713	6.61	5.8782	5.2917	6.7579	7.0455	6.6837	6.4182	7.6759	6.2588	6.8383	7.5211	6.5886	6.7486	8.3607	6.5126	5.6159	8.0834	7.77	5.7017	7.1705	7.9357	7.0837	6.7336	8.0758	7.3776	5.5452	5.4043	6.8749	6.2224	6.518	8.4512	6.7358
U133A__KRT23	7.5352	6.672	5.0029	5.1849	6.4603	4.7636	4.7368	9.4293	4.776	5.0732	9.4778	4.756	10.0895	7.6207	5.997	9.7897	8.9188	9.1358	4.7927	4.5752	4.9813	5.4488	4.7175	6.1306	4.9867	5.8845	5.3302	5.5014	4.8953	5.6731	4.7272	7.3771	9.1535	7.8789	9.8398	7.9744	5.1192	4.4947
U133A__RUNX1	8.1168	6.4529	6.7016	7.2102	7.6375	7.0667	6.7722	9.4792	5.2955	6.473	6.4426	6.3102	6.968	7.4652	6.8471	6.2546	5.7046	7.1706	6.6078	7.3539	7.0636	7.7735	6.0855	7.126	6.7931	6.9141	6.9143	6.3567	6.6728	6.5636	6.6512	6.3903	6.8718	7.5332	6.8964	7.9102	6.91	6.9437
U133A__TPM2	2.9737	3.2967	2.7599	2.7023	3.0083	9.2246	3.0307	6.6508	2.7736	3.2918	9.0163	7.0455	3.3028	3.2698	3.8763	6.7663	7.9299	8.1468	9.5375	3.3478	3.2518	3.2009	4.4389	3.1689	2.8649	3.6268	3.157	3.4752	8.5825	7.37	8.2812	2.8239	3.0699	5.6483	3.0476	3.3862	3.4566	2.9659
U133A__STC2	5.7835	5.2543	7.0684	6.8332	9.0626	8.0552	6.6726	5.5681	5.9542	7.4131	6.0528	6.4054	6.3303	6.3772	5.2081	5.032	5.3824	6.2904	9.6068	6.611	7.9495	6.8579	5.3597	5.4272	5.6758	5.3656	5.4505	5.1138	6.5744	6.8228	6.9057	8.8888	7.3053	6.2151	9.9282	7.9189	5.6601	5.5722
U133A__ELMO3	5.9066	5.7889	8.5436	6.3025	7.6556	5.2339	6.9758	7.0401	5.4423	6.5243	5.5475	5.3853	6.8982	5.5113	5.2542	6.1292	5.5702	7.6032	5.6752	6.3077	6.383	5.9392	5.4442	6.9119	8.2494	7.547	7.8003	5.5882	5.0385	7.7912	5.3956	5.9363	8.1509	5.2154	7.257	7.1531	7.128	7.3481
U133A__IL17RB	7.8873	5.2466	6.0934	6.843	6.2471	5.4904	7.3323	7.4661	7.126	7.2657	7.2222	5.3553	6.507	5.8397	5.6375	6.1953	5.9681	6.8122	5.8206	6.4179	5.8688	6.2372	5.2065	7.0024	8.7116	8.1319	6.924	5.5917	6.0384	5.6864	4.3868	5.6571	6.3158	5.6092	6.6666	5.8909	6.2496	7.187
U133A__BRD3	8.0335	7.0552	7.9053	8.8741	8.701	8.1861	7.469	8.1703	8.9881	7.7792	6.9922	6.8743	8.1244	6.8308	8.0223	8.4947	8.351	7.6168	6.5313	7.3688	7.6875	7.6713	7.2378	8.1662	8.1786	6.8757	7.9636	6.8199	7.1282	7.3145	6.6386	10.3884	7.1802	7.558	7.3309	7.0895	7.6949	7.5907
U133A__RHOD	7.8747	5.2958	7.9209	6.4675	7.5568	5.1077	7.9489	5.7556	6.6789	8.1395	6.8909	8.2529	7.7422	7.4409	7.285	6.8871	6.6721	6.7316	5.5286	7.3222	8.2642	6.9058	5.7004	7.3765	7.1356	10.2792	7.6147	5.486	5.0982	7.0881	5.0527	6.8992	7.3789	8.2248	8.4567	7.6569	6.3975	7.906
U133A__SC5DL	6.1606	7.0351	8.1349	6.809	7.2429	7.0293	7.3732	8.2691	8.7164	8.2697	7.7105	7.5793	7.4132	7.9503	8.6072	7.3147	6.6143	7.4732	7.6902	7.2177	7.4234	7.519	7.0982	7.1048	8.0885	8.0598	7.9005	6.4547	6.1235	7.1008	6.808	7.3359	10.1698	7.3923	8.601	8.2823	6.5754	6.7923
U133A__SLC12A2	10.8301	7.0721	7.4859	8.1968	7.0689	6.6955	7.2458	6.6463	6.6633	6.7385	7.2896	7.4138	8.0077	7.9024	7.6004	7.1788	6.4072	6.7053	7.944	8.54	8.2854	7.0651	6.5537	8.7772	10.0865	9.2415	7.9819	6.782	6.9139	7.3307	6.6781	7.7796	9.7845	6.9059	6.7363	7.6067	6.5298	7.0343
U133A__CSRP2	4.6788	4.979	4.1554	5.0201	4.0119	7.7089	4.3732	5.1256	8.5335	4.1902	5.8713	8.9537	4.8602	4.5477	5.8602	6.7445	6.1986	3.8214	6.0008	4.9673	4.4735	5.2102	6.9489	4.3389	5.5783	4.5925	4.4372	4.4089	6.4662	6.4077	5.9498	4.0688	4.8518	4.6758	4.0357	4.863	4.0661	5.474
U133A__FXYD3	11.5397	11.0245	8.0183	10.1672	10.0777	5.6784	10.1874	10.7614	6.2523	10.0586	7.166	10.7566	11.6944	10.7079	9.3959	11.2081	6.987	11.426	6.3006	7.5367	10.2466	10.2571	5.9241	11.9506	11.0188	11.5663	10.5882	10.2691	6.2193	8.8516	6.3659	10.3356	11.292	11.1506	8.8209	11.6832	10.5311	10.7219
U133A__SYDE1	6.8379	7.2472	6.8609	7.0885	6.6727	8.0843	6.5162	7.3569	6.8825	6.6175	6.6774	6.5162	6.9342	6.5962	6.8248	6.8539	7.4273	8.6698	7.7618	7.0502	6.8468	6.2236	7.6436	6.8661	6.3775	6.5334	6.6439	7.3526	7.8582	7.1119	8.1386	6.6154	6.164	6.431	6.8578	7.313	7.1023	6.6196
U133A__BIK	6.79	6.6526	5.7028	7.7609	7.8101	4.4661	7.2407	6.9484	5.4635	5.8565	5.8302	7.4245	6.541	6.2117	6.5191	7.3676	5.0893	5.7594	6.005	6.0503	6.236	6.6067	5.2379	7.4079	7.3216	7.224	8.0241	6.3969	5.3947	7.7769	5.5715	10.0292	8.47	6.3561	5.6218	6.5498	7.1572	6.2503
U133A__GSN	9.2268	8.1061	8.1573	10.15	8.785	7.3084	8.6184	10.9304	10.6582	9.1008	8.4068	6.8738	9.206	8.4359	8.3216	10.0933	8.9772	9.9856	6.6957	6.9336	8.5384	9.311	5.7017	8.1205	10.0492	9.4899	6.2992	7.8979	9.4176	8.1646	6.513	9.9793	9.7309	8.8637	10.1924	8.7947	7.6626	8.7535
U133A__CDH1	9.4054	3.1026	9.7731	10.1506	10.8025	2.7451	7.2616	8.8869	7.6506	10.3047	8.1115	8.7079	9.9294	9.3213	2.9912	9.3955	7.3494	9.9431	3.1604	9.7553	10.3314	4.8896	2.9383	10.1819	10.7292	10.1856	5.9099	3.9307	3.1058	9.2079	3.5212	10.1757	10.4251	9.7177	9.7436	10.2468	10.6202	10.3636
U133A__LASP1	9.5381	8.8228	9.664	11.8925	9.0713	9.1628	9.3673	8.5106	8.657	8.8387	8.7288	9.609	9.423	9.7487	9.9354	8.9098	9.4553	9.1961	8.8766	7.5227	9.3005	9.6931	9.5261	8.2583	11.114	9.393	9.1818	8.5311	7.9899	9.1735	9.2861	8.7128	8.7215	7.7283	9.741	10.3033	8.6075	9.0406
U133A__XIST	7.4954	9.2012	4.4356	3.8785	7.8339	3.9121	4.3337	4.6098	8.5036	7.7232	4.3864	3.9876	4.0078	3.9	4.7839	7.027	8.1843	7.4679	4.8628	4.5531	7.1401	7.2642	7.8189	6.8515	4.1485	7.8787	6.4632	7.1041	4.9547	3.8857	6.9101	4.1381	3.7305	7.8729	4.508	8.1491	7.1912	4.174
U133A__TMEM97	7.9988	7.4968	7.8134	8.0862	8.2533	8.169	8.1593	6.9567	8.4639	6.6066	8.3934	7.6408	6.7473	7.9736	7.4076	7.1745	7.9142	7.8347	7.7135	8.5816	8.5359	9.5737	7.8827	8.5164	7.8895	7.5503	8.4304	7.6014	6.1747	7.2433	7.5153	7.243	10.8166	6.1129	8.4702	9.4899	6.622	8.3972
U133A__TGFBI	5.9683	6.9042	6.5137	6.5837	5.5476	6.1062	5.7755	5.3076	9.9085	5.8022	5.705	8.7344	7.4678	9.0113	7.0812	6.6511	11.1168	10.6715	11.2079	6.2419	8.2212	5.6705	10.843	6.2392	5.9087	6.0484	5.846	6.7466	11.8115	10.622	11.553	5.5123	6.1076	5.6781	5.5711	6.5084	5.5391	5.3747
U133A__NRIP1	5.5528	7.2417	7.4096	7.0521	7.9732	4.3597	5.9207	6.3574	6.5283	8.4802	5.5339	7.3417	7.1886	7.2016	7.5251	6.4286	8.3895	7.2883	5.6035	6.477	8.2701	9.7614	7.0626	7.0664	8.0484	6.1913	8.4174	5.9009	3.7583	6.4733	5.6841	7.5076	7.1235	6.9367	7.2135	7.6569	6.1168	6.4789
U133A__SPARC	3.7712	3.66	3.5138	3.5735	3.4648	10.4223	3.5195	4.282	3.8571	3.5912	8.829	3.6301	5.2953	3.922	3.632	9.6467	9.8987	3.695	11.0811	3.9276	3.715	4.7207	11.7943	4.1587	3.6311	10.9894	3.6342	4.0483	8.1684	3.7031	9.5455	3.8431	3.6479	3.7304	3.9174	3.54	3.7679	3.658
U133A__CLDN3	7.7269	8.5775	5.1292	7.7776	9.2494	4.7725	8.7299	8.1731	6.2573	8.0305	4.4347	5.0398	6.8845	4.4998	3.9735	3.9722	6.2876	7.4706	4.6249	8.2015	10.1075	7.6582	4.2289	5.683	7.8263	8.3076	7.829	7.6463	5.0252	5.2019	3.7519	9.1572	10.4226	6.5411	9.7858	10.169	5.8151	7.4535
U133A__CHN1	6.5311	5.9812	6.3268	6.8807	6.9491	7.0345	7.4646	6.5837	6.6716	7.5815	6.5206	5.833	5.8687	6.1969	5.689	6.1582	8.0957	6.6152	6.58	7.1704	6.9188	6.3722	9.1868	6.0755	6.8787	6.7295	6.1745	6.2256	6.4345	9.1519	8.3679	5.7574	6.0428	6.5288	6.2308	5.9554	7.3065	7.0723
U133A__ERBB2	9.3202	12.1579	7.8098	12.0098	9.58	7.0802	8.4009	8.7493	7.9295	7.6523	11.8139	7.294	7.8108	11.5446	9.3757	8.9136	8.1445	7.98	6.6782	7.0358	8.5128	6.8815	7.0918	9.2857	11.035	7.8448	10.215	11.611	6.9193	6.6093	7.3643	8.4025	13.0449	7.652	8.3078	12.1946	9.1095	8.3688
U133A__PRSS8	8.8288	8.984	7.5482	8.4017	8.4845	5.5972	7.5995	7.1231	8.7157	7.8521	7.897	6.8913	7.7276	7.1033	9.0244	7.8961	6.167	9.0988	5.8126	6.6594	7.696	7.6602	5.2863	8.842	8.4368	7.7911	7.8115	8.3283	5.4722	7.4115	4.5504	10.1071	9.5346	6.0866	7.2982	9.366	8.0536	7.1875
U133A__ME1	8.3567	7.7974	8.193	5.9976	4.3669	6.2304	3.5126	5.2956	7.5277	6.3978	6.0968	8.6735	7.608	7.8782	6.6291	7.442	6.9336	7.1357	6.5106	5.9111	6.5939	4.2005	8.2989	4.2227	6.5847	8.4861	3.7088	6.4531	6.6978	6.6297	7.1395	3.7365	9.0868	8.4449	3.91	5.382	6.4445	7.0946
U133A__ODC1	7.2658	9.8365	9.3139	8.4784	6.9821	9.6858	8.5726	8.7274	9.1805	7.4758	9.8632	10.1008	8.6725	9.8299	11.1687	9.0012	8.1336	8.249	10.7288	10.2742	8.7641	8.0235	8.4529	6.0289	8.4585	8.5167	8.8369	8.9235	9.6933	9.8585	11.6096	8.7049	8.5777	10.6549	8.7207	7.7962	6.2178	8.5418
U133A__IGFBP5	11.2847	8.6852	11.5084	11.7481	11.5887	6.1922	12.1021	6.8264	6.4959	9.6121	5.288	4.8427	9.2046	5.4966	11.1816	7.78	9.9612	5.5974	5.609	5.3545	8.3505	5.423	4.852	10.1337	10.895	11.2849	11.5891	8.5214	5.4366	4.9226	4.9351	6.1866	10.0476	8.988	10.8465	11.82	8.0394	6.0761
U133A__CDH3	7.4771	5.8198	9.8096	7.8882	6.491	6.043	5.968	9.171	6.7938	7.3889	7.5876	9.3404	9.1796	9.4736	5.595	10.0478	7.9629	10.7173	5.1299	7.5427	8.2078	5.9477	5.3993	8.3918	8.9883	8.0795	6.1937	5.3708	9.2653	10.3897	6.1326	9.8329	9.791	7.8968	7.9784	8.8535	9.2606	8.2434
U133A__LRIG1	8.4873	6.2785	5.1965	6.714	7.3323	3.8294	5.7543	4.6329	5.669	7.1662	4.7873	4.9515	5.9472	4.8144	5.5033	5.2939	4.0003	5.209	4.8805	5.4309	5.1228	6.6869	4.104	7.4281	8.0802	5.1363	8.3706	5.1384	5.4354	5.9374	4.1727	5.8208	8.3873	5.0683	6.8777	6.743	6.956	6.6563
U133A__BHLHE40	4.8137	9.0104	7.5841	7.9928	10.568	7.966	8.0251	9.1001	8.8729	7.9228	7.9559	6.8667	9.1255	7.9007	9.1491	9.1102	9.058	9.8461	6.9324	6.5935	7.2855	9.8204	8.4766	7.7957	6.4938	6.725	9.0946	7.9858	6.6069	8.2761	6.3476	9.8552	9.0027	5.9998	9.1508	10.0326	7.6047	7.3721
U133A__HLA-C	9.5023	8.7854	8.8479	10.5686	11.6679	10.3256	10.1351	11.0708	12.5864	10.813	11.4648	11.0759	11.8655	10.9118	8.252	11.0232	11.783	12.3098	9.4587	7.7843	9.2536	10.7895	12.1352	10.024	11.4528	11.0879	10.2412	7.1053	10.2763	9.6461	9.7808	10.8914	12.488	10.2614	10.7571	11.1958	9.1612	9.2981
U133A__RDX	6.2849	7.0989	8.185	5.5424	5.2777	9.8431	4.669	6.885	8.2381	4.714	7.2261	8.2444	7.3477	6.6441	7.49	6.8925	7.3649	7.5288	7.2916	8.6552	8.7689	3.9994	7.5706	6.3754	6.2957	6.3962	5.5619	7.7306	7.8101	6.6603	7.7876	6.3776	6.9522	7.0507	7.4451	8.1581	6.8784	7.3748
U133A__S100A4	8.2788	9.1945	5.5449	6.979	6.0435	6.8913	8.9847	11.7528	8.2919	5.0293	6.0555	6.2925	8.4597	5.8536	9.2656	8.6688	6.4832	7.1612	8.8848	6.2022	5.6404	5.3011	8.5526	11.2909	8.4842	9.7073	6.064	10.4085	11.1483	6.3436	10.0084	7.4983	8.2858	8.0744	7.2883	8.4956	7.1827	5.8694
U133A__HOXB2	6.0505	5.9357	6.2883	6.0159	6.7451	6.7829	6.0399	6.2953	5.893	6.4622	6.1373	6.8592	6.0035	7.0432	6.559	6.0844	6.9561	6.9785	6.4968	6.0448	6.3047	6.222	6.1531	8.0353	6.3016	7.5786	7.0712	5.9492	6.2154	5.8979	5.7417	6.023	6.5936	8.0069	7.8088	7.6081	6.018	5.7583
U133A__FBP1	6.8861	5.4407	5.6061	8.7593	9.0806	5.8518	8.9571	5.675	5.3145	9.223	5.9597	5.9596	8.9816	6.1031	5.4783	5.7636	6.0568	6.0106	6.2966	9.2997	10.2366	9.9675	5.5894	10.3739	10.3698	8.9993	6.1156	7.3014	5.5824	7.2633	5.8976	9.8817	8.5732	7.7395	7.7367	9.8135	9.0869	8.5342
U133A__SLC39A14	6.6658	6.3508	8.5567	5.7462	6.1677	9.7025	6.6078	6.3584	10.0436	5.8834	7.972	7.7405	6.3612	6.229	6.6312	7.0261	7.3375	6.1078	8.8219	6.2226	6.0328	6.4296	7.3106	6.5998	5.6425	6.5311	5.5457	6.6012	10.1244	7.5401	8.3297	7.8884	5.1832	6.6665	6.7652	7.3475	5.9987	8.1011
U133A__UQCRFS1	10.0269	10.6652	10.6758	9.9943	10.0223	10.9053	10.2782	10.0791	10.9378	10.9334	13.007	10.5304	10.5051	10.2465	10.8613	10.4987	10.4377	10.6239	10.3676	10.6056	10.4159	10.2653	11.9652	10.0527	10.1782	10.8522	10.6767	10.6897	10.4716	10.5062	10.0575	9.6761	10.3779	9.5102	10.0002	10.14	10.4875	10.7572
U133A__BET1	6.457	6.8917	6.1	6.4871	6.6266	5.9282	6.3555	5.9264	7.1228	5.9494	6.4942	6.1672	6.1476	5.602	7.193	6.5846	6.7723	7.2706	6.6186	6.4599	5.748	6.1616	7.2448	6.7981	6.0368	6.4559	5.7412	6.4165	6.3714	6.2335	6.4052	6.7489	9.3023	9.1437	6.3116	6.7942	6.0472	6.3389
U133A__PCK2	6.284	6.7214	6.7969	7.826	7.0049	6.9382	7.006	6.6359	6.756	6.5554	5.8093	6.4794	7.416	6.5607	6.4475	6.7694	6.1271	8.2428	6.1926	7.1246	7.2563	7.2173	6.0304	7.2309	7.0416	6.961	7.5692	6.43	7.0357	6.5541	5.9544	9.2728	8.7286	8.2243	6.6431	6.8268	6.8368	7.7107
U133A__SLC9A3R1	9.519	9.6155	8.3819	9.3381	11.1179	7.3427	10.3084	7.7895	7.6797	11.4694	8.4963	8.6198	9.0035	8.2239	9.0584	8.1738	7.8626	8.8965	7.1743	9.7706	10.4869	10.1918	6.8074	8.9042	11.736	8.9875	10.9463	9.4829	6.4568	7.3574	6.9491	9.7921	9.1212	9.2263	10.2388	10.5344	10.2528	11.1031
U133A__SHANK2	7.3481	5.9045	4.943	7.6843	6.9359	3.9882	5.1612	5.641	5.3585	5.1934	4.0531	4.7244	4.8992	5.345	6.5754	4.4562	5.1162	6.8101	3.9503	5.2678	5.5006	7.2976	3.8321	6.9453	7.5141	6.359	7.3884	5.3379	3.9945	3.8673	4.0287	6.3054	7.4714	6.2082	6.502	6.8877	6.5888	7.1964
U133A__PLEKHF2	7.8227	5.5542	5.4206	8.353	9.5772	5.3539	7.7758	6.2048	6.0169	8.5369	6.5492	6.6429	8.251	6.1642	9.5057	6.5501	5.6869	6.6621	5.3134	7.6518	7.2111	8.3373	5.1421	7.3073	9.0386	6.3531	8.0942	4.8166	4.8152	4.6651	5.4296	6.1804	9.5436	9.1234	7.8132	8.0893	8.9253	8.4682
U133A__HIST2H2BE	5.2169	6.1555	6.3954	5.9939	9.4664	4.7581	6.4892	7.028	5.845	9.4831	6.6393	5.1986	7.3397	5.9223	8.9328	6.3304	8.0707	6.4151	4.9797	7.2026	8.2043	7.1567	5.8962	6.2671	9.2133	6.6612	6.7257	5.8532	5.39	5.6544	5.0466	7.1041	7.1433	5.9142	6.7795	5.2721	5.3079	6.1542
U133A__IGF1R	7.4366	6.0432	6.4696	7.616	9.0997	6.7451	5.1784	7.4726	4.8247	7.1078	5.9359	5.9343	6.3173	5.3298	6.252	5.9489	6.6041	5.5932	5.6916	6.2705	7.8115	8.3023	5.3234	5.1774	7.3309	5.6135	5.2645	5.3017	5.5466	6.4853	4.9335	7.2016	4.7378	7.5757	7.0228	7.4657	5.5772	6.4581
U133A__MGP	12.1053	6.3765	8.7229	7.8302	11.7244	4.593	5.0297	8.0043	10.5701	10.3703	9.869	4.3868	10.5266	9.7706	7.2914	9.9278	11.0247	11.2731	7.6034	5.2052	6.312	6.4646	4.8316	6.8136	11.6965	12.0404	8.1548	5.2376	5.9889	5.0804	4.5724	4.3582	11.5397	4.6031	11.7367	11.0208	6.3077	6.9077
U133A__SLC20A1	7.6427	8.3199	8.7672	8.0107	8.0721	8.7256	8.1272	6.6759	7.5472	7.2886	7.0867	8.4578	7.2382	9.1363	7.4381	7.0011	8.3231	8.0025	9.425	8.8983	8.0417	8.9864	8.9097	7.4554	8.8543	7.5266	8.1997	8.2994	9.5412	9.3595	9.9595	8.2021	7.8687	9.2262	7.8515	8.6013	6.8781	8.2112
U133A__ZNF217	7.419	7.5835	6.9251	7.8014	8.8077	6.3906	7.2507	6.639	6.8205	7.0884	6.5128	5.7742	6.7022	5.9938	6.8491	6.55	6.4752	7.1567	5.4451	7.5959	8.0458	7.2063	6.4752	8.3299	7.3471	6.1379	5.9462	7.1079	5.8327	5.9423	5.1742	6.4352	7.3122	5.7603	6.5379	9.0439	7.9256	7.0191
U133A__FKBP11	7.9289	6.4379	5.5652	6.3087	6.0502	6.2289	6.1656	6.6499	7.5506	5.6176	7.9529	9.0723	7.8138	5.4419	5.5132	5.3126	7.9303	6.8288	8.0248	6.7806	7.6343	6.1916	6.2166	7.3477	7.3897	7.3281	6.3326	6.706	8.2381	7.5382	9.006	6.0829	6.3245	6.5844	6.1287	7.3544	7.7315	6.2447
U133A__RAI14	5.8045	6.8528	7.6505	6.5191	4.7329	7.1977	6.3754	6.2722	5.5801	7.0817	6.0818	7.393	5.9586	7.2175	4.9184	8.4573	6.3942	8.6065	6.5584	5.6957	5.9513	5.9509	8.3284	6.7127	7.088	4.6179	5.8292	6.033	4.3547	5.7551	7.8314	6.3683	4.7881	6.0277	5.7235	6.4105	4.2361	5.793
U133A__PCSK1N	8.5701	5.1548	5.3962	6.9004	8.3513	6.1553	7.586	6.7564	7.5637	7.2533	6.7813	5.7054	6.0571	5.9201	6.8148	6.8731	6.6252	4.8381	5.3818	6.3363	7.0645	8.6712	7.6635	6.1384	8.9092	5.3401	5.6267	5.3148	6.3185	5.3578	5.7835	7.1748	4.939	5.9004	5.8583	8.7879	5.7695	6.6894
U133A__DAAM1	5.7712	6.9394	6.7256	7.4256	9.1201	5.7426	6.5441	5.5412	5.8286	7.3134	4.3108	6.1768	6.3515	5.6336	9.0542	6.947	5.6935	6.8334	4.2798	6.7682	7.0736	7.5356	5.712	6.5563	6.6937	6.402	7.1325	6.6966	5.278	5.2773	4.3674	7.2789	7.6872	5.4127	6.6933	7.2805	7.2217	7.1886
U133A__ALDH4A1	6.0591	7.4246	6.5647	8.3471	6.7169	6.082	7.9374	5.962	6.3012	7.4468	6.466	6.4855	7.1706	5.8314	7.2935	6.2652	5.8633	7.3004	6.2349	6.5478	7.738	7.2079	6.0012	7.847	7.521	6.2685	9.9506	7.4964	5.9475	6.3586	5.7202	7.4961	6.7301	6.5002	7.6683	7.696	7.7586	7.7793
U133A__TOP2A	8.3218	7.635	7.5818	6.7714	7.6466	7.4354	8.2835	7.4427	7.6015	6.105	7.0173	6.9158	7.6242	7.2079	7.0333	7.8213	8.1878	6.9581	8.3969	7.9242	6.9241	9.1534	8.2413	6.8402	6.7271	7.4424	6.3468	9.4954	7.4665	7.6737	8.2323	5.1247	5.1761	6.7477	8.6761	8.3956	8.563	6.896
U133A__CCNG2	6.4336	6.4736	4.9784	8.8661	7.9676	6.148	7.2863	6.6605	7.9378	6.2712	7.1643	6.5364	5.9897	4.6778	6.7081	6.0424	7.5071	6.8682	5.8272	4.8462	6.6988	7.5543	6.4808	7.4897	8.5074	7.0697	8.2579	6.3197	6.1248	5.9026	3.8867	7.83	7.0928	4.4897	6.7813	7.3914	8.2052	6.0948
U133A__LDHB	4.1912	9.5557	4.0631	7.7198	7.4019	11.1499	3.7442	10.2809	11.5671	9.3184	11.4528	11.4705	11.0616	3.5408	11.1987	10.7072	11.2496	8.8148	11.0885	3.5489	4.7582	3.8705	10.5632	11.012	10.7455	9.8168	3.3627	10.4303	10.9508	11.7129	11.5033	3.5016	6.9071	10.3626	4.7713	8.3895	3.3083	3.6779
U133A__PFKFB3	6.4163	5.8115	6.0536	6.5643	8.0618	6.4057	5.4033	5.7092	4.2179	5.9599	5.4297	6.8708	5.8142	6.5936	6.17	5.7306	5.9454	7.4158	5.4595	5.3191	5.7956	6.0067	7.654	6.5726	5.5781	7.4072	5.907	5.1845	4.5678	5.6563	5.1913	4.7671	6.7484	7.6179	8.8019	8.5879	5.527	6.0006
U133A__LANCL1	6.7689	7.9484	6.1735	7.1973	8.0437	7.4032	6.8113	8.2676	7.471	7.7845	6.858	6.4065	7.4074	6.1261	7.1325	6.5866	8.9228	7.4355	7.3639	6.9245	6.5193	7.6214	7.1381	6.6311	7.7475	6.4586	7.6675	9.6917	8.1542	7.0607	7.5143	6.6789	7.4457	8.0595	7.3913	7.8901	8.0387	7.3553
U133A__HOXB7	5.175	4.8873	7.3901	9.0118	5.6786	6.3284	4.8234	5.6419	4.8382	6.5724	6.2392	7.5758	6.5386	5.9827	5.4267	4.3327	6.2577	7.0757	4.8748	5.8235	6.2985	4.8674	5.022	5.732	5.8222	6.5039	4.7583	4.7123	4.8437	4.8257	4.967	5.1662	5.7947	5.9603	5.1748	7.573	5.6129	7.0481
U133A__GATA3	4.3432	3.6303	5.3574	5.039	9.974	4.1358	8.5593	2.9041	5.2215	8.0058	4.0984	4.9866	4.7334	5.0131	7.9089	3.0972	5.915	5.4572	3.2756	8.2784	9.0129	8.8407	2.9786	7.4635	7.1761	6.9304	9.0051	4.2017	3.2494	3.2905	2.7796	8.2158	5.6253	7.0477	8.5736	7.9187	6.4257	8.156
U133A__TOM1L1	7.9076	5.7186	6.2969	9.4773	7.1879	5.1145	6.9637	6.7397	4.7466	7.9732	5.146	5.9551	5.8162	5.9377	6.3062	6.4622	6.6798	6.1347	4.2894	7.0622	7.4272	7.1205	5.3791	7.2296	8.1008	6.8372	7.168	5.5921	6.9032	5.8708	6.031	6.4239	7.0091	6.756	7.2706	7.6229	8.6175	7.7091
U133A__ZNF238	6.9296	3.6984	8.1969	7.2027	8.8738	7.2082	4.9441	6.3162	7.6741	3.3173	8.3037	5.0206	6.5104	5.7289	7.2653	6.3071	4.5975	6.9448	5.6544	3.3741	3.5935	4.9768	7.0301	5.758	6.4543	4.1213	4.6561	3.2385	4.123	5.4605	4.4145	7.3186	7.2616	7.108	4.5444	8.6131	7.2481	4.7902
U133A__CTSH	7.7912	7.8723	8.9284	7.1516	7.8606	7.6416	5.9081	8.2239	6.6067	7.394	8.0708	7.8029	9.1521	8.9282	7.4304	8.2436	7.9671	9.1895	6.2436	7.3984	9.0816	6.3329	6.9505	8.1891	6.8663	7.6441	6.3931	7.6669	7.427	8.1701	6.6331	5.5263	8.3996	7.2394	7.1167	9.3313	7.7488	7.101
U133A__CD24	9.747	9.5437	8.9504	8.7744	8.2393	3.5199	8.2221	9.2422	7.2274	6.6408	6.3939	6.8512	9.9667	9.5275	11.2971	10.3802	7.1	8.5836	3.7671	5.9387	8.2443	9.1643	4.448	8.7916	9.446	9.4698	8.2285	9.1722	2.6672	7.1838	3.0234	10.3803	9.7513	8.0689	7.9118	9.5413	9.566	7.3369
U133A__BASP1	5.4356	5.7977	4.4396	10.6202	9.2038	11.5185	8.8654	6.594	9.1826	5.6244	6.3603	5.5235	8.6432	5.4185	9.2461	7.096	10.984	5.1029	10.982	9.543	11.1484	8.6087	11.8373	5.8638	8.7157	5.3006	6.2352	9.4114	10.254	7.787	10.2463	6.6101	4.8086	5.856	5.2301	8.934	5.5732	5.2642
U133A__BST2	8.7431	6.628	8.2193	4.2637	9.7762	5.2164	8.5034	5.4118	9.5469	8.8584	9.1133	6.7513	10.0594	8.3263	4.4392	6.9466	4.8507	10.1508	5.5764	6.1967	6.2168	8.0857	7.5776	9.7058	4.849	8.3117	8.8676	5.8416	4.9275	8.3869	7.5466	9.1934	9.8754	7.9052	8.5472	4.5861	8.4818	8.7943
U133A__TPBG	8.362	9.3082	9.5497	10.0326	9.716	9.0389	8.1457	8.6684	8.0417	9.4877	7.0253	9.8269	9.1174	9.7268	8.3264	9.6879	7.878	9.2793	10.0826	8.4052	10.3529	11.3764	9.4309	9.3753	11.2864	9.3918	8.2486	8.6674	6.8472	9.796	9.0604	8.4863	9.5087	7.8683	10.1331	10.3387	9.525	9.7759
U133A__GLRX	6.8448	7.9543	6.2487	5.5297	5.4206	5.9715	5.401	5.7698	5.7644	5.382	6.2804	7.6191	5.9803	6.3704	6.4851	7.4296	6.5379	6.0868	8.8566	4.4996	5.6094	6.3079	7.2202	5.8142	5.8988	9.5291	5.7724	6.5263	6.9671	6.2362	7.2404	9.8389	7.6701	6.5914	6.1673	5.9565	6.1801	5.2603
U133A__LMCD1	6.5609	6.4091	6.5713	6.1756	7.4953	5.3439	6.2751	7.8319	5.3364	7.8935	7.3762	5.3461	5.7221	5.6691	7.0603	5.1047	6.4592	6.3042	5.9992	6.2394	5.9717	8.0941	5.9372	7.2973	6.2042	7.0151	6.8584	6.1463	5.4766	5.0203	5.7004	7.9499	6.6592	7.4884	7.5056	8.1009	6.6191	5.7219
U133A__SFRS6	5.1027	6.4503	5.5985	6.1503	8.7222	8.5327	6.3893	6.1256	5.2021	6.5156	5.1361	4.9718	5.3161	5.411	6.7121	5.1546	7.6094	5.018	8.5848	5.8865	5.7259	7.5059	7.9648	6.813	8.5154	5.9907	6.083	5.5542	8.1771	5.4189	6.0867	5.3898	5.2692	6.619	5.7387	5.2859	5.8011	6.6038
U133A__CLIC3	4.5666	8.3548	7.3076	6.491	6.4612	3.6425	6.6116	6.5625	4.1162	9.4396	3.2494	4.1193	7.3005	3.2852	7.8558	3.5136	3.8325	4.8032	3.4001	4.7747	7.6637	4.0788	3.6152	7.5984	6.3844	4.7366	7.8342	6.9665	3.6517	3.9377	4.0323	7.4723	8.2999	4.2879	9.4402	9.412	5.9785	6.9891
U133A__PGAP3	6.0798	7.7235	5.5166	7.8242	5.9351	5.2618	5.6344	6.0077	5.363	5.2591	5.2674	5.2901	5.1176	8.224	5.914	5.4419	5.4125	5.624	5.2056	5.12	5.6348	5.6203	5.1433	5.5062	7.3947	5.4054	5.9113	6.9123	5.3523	5.1623	5.3377	5.4946	10.9139	5.4472	5.34	7.9766	5.7382	5.5235
U133A__ESR1	6.6831	4.5396	4.5822	6.3976	9.5319	4.5782	6.6629	4.3235	4.353	8.2688	4.2264	4.7002	5.0748	4.3154	4.4719	4.0143	4.271	4.5688	4.0522	6.4113	7.7469	9.7696	4.5068	6.1899	8.2838	6.551	4.4076	4.7332	4.2618	4.2987	3.6143	4.1637	4.8123	6.8369	7.3126	6.7535	5.0044	7.8658
U133A__PFAS	5.8087	7.2736	6.9577	6.1119	6.5991	8.7473	6.1154	5.5604	6.2578	6.0204	6.3444	7.593	6.4576	6.8626	6.5166	6.7627	6.3816	6.5395	7.3623	6.2854	6.3664	5.9483	7.0189	5.7511	5.9161	6.185	5.9481	6.517	6.6954	6.8338	7.343	6.1087	6.0204	6.034	6.4774	6.2811	5.549	7.0923
U133A__MREG	7.2904	7.4837	6.8632	7.3162	7.6224	4.1264	6.9158	4.9852	4.4452	7.6384	6.6941	7.6708	6.2989	5.9287	7.3828	6.2187	6.2332	6.664	4.6508	8.3801	8.8786	8.0033	5.5713	7.5852	8.2337	7.7519	7.482	6.9532	4.3075	6.558	4.6489	4.8388	7.7298	7.2458	7.0424	8.2713	6.0785	6.4466
U133A__DUSP6	9.086	4.5862	4.7356	7.2517	5.9772	4.8545	3.8179	3.2318	4.2026	3.781	5.2299	8.0553	4.5799	7.6182	4.4033	4.5763	3.9989	3.4463	6.0844	3.8725	4.1192	7.7835	5.8583	8.4975	6.7839	6.3629	7.4639	3.4721	4.239	6.1233	5.2699	7.8927	10.078	10.1408	5.8571	6.0751	3.7037	3.6122
U133A__NR3C1	5.0765	6.954	7.0652	5.1788	5.9925	8.9925	6.6683	6.9561	9.1735	6.103	6.7952	7.9111	7.5877	6.4	5.6099	4.8193	7.9143	7.896	7.9943	6.4699	6.8241	5.5863	8.052	4.8591	5.6192	5.6545	7.9997	5.85	7.6812	6.8754	7.9483	5.625	7.9101	6.4618	4.868	6.6686	6.906	6.4361
U133A__FAR2	6.3903	8.0677	5.6978	6.9496	6.2868	5.9047	5.7329	6.2657	5.466	7.1439	6.4881	6.0924	5.6582	5.9597	7.204	5.8775	6.299	8.1854	7.381	5.6307	5.8298	6.5426	6.0009	6.0981	6.5191	7.4616	5.4745	7.7824	5.6838	6.4978	6.3407	8.1011	8.018	7.6185	5.7586	5.2172	8.6558	8.0705
U133A__IRS2	8.2646	5.3993	6.3871	6.1831	6.7845	6.2723	5.228	9.8849	5.6423	6.4241	5.833	9.3915	7.7954	6.0032	5.453	8.6129	6.621	5.3606	5.4758	5.921	6.2504	6.3569	6.8503	5.6481	7.1192	5.6215	5.0591	5.6329	6.3412	7.299	7.7423	7.3676	6.7356	5.7346	6.0545	5.8869	5.9846	6.0265
U133A__SLC6A8	6.9459	7.8981	6.0022	7.4036	5.6976	8.3725	5.8974	5.6049	7.2957	6.4491	7.5947	8.6334	5.8306	7.764	7.1394	6.7583	6.8535	5.7344	6.6405	5.9897	6.7365	5.8509	6.4881	6.2545	7.9234	6.7876	7.6796	9.4851	7.0348	8.6371	8.1285	9.511	6.0505	6.3318	6.7968	6.2045	6.8256	7.9459
U133A__PAM	6.5936	4.9904	5.7176	7.0863	6.6673	8.1748	5.0662	9.5932	7.0482	4.3977	8.7907	6.5625	5.8	6.8941	4.3226	7.3707	8.0552	9.9862	6.6152	4.9939	6.885	5.1649	7.0219	5.2092	5.7571	4.5287	5.2073	4.5169	7.177	6.6648	6.9385	8.2732	8.5536	5.5328	7.2031	7.9912	5.8766	6.8036
U133A__AZGP1	11.0784	9.5652	4.1337	4.3722	5.3773	3.828	4.9144	9.7205	4.6557	3.8861	7.4406	3.8669	7.7823	6.7995	6.6826	8.834	3.7841	10.0723	4.0968	4.4819	3.7957	3.9856	3.0804	7.5474	6.4078	9.4461	9.2802	5.7217	4.0741	3.8247	3.7598	4.1752	9.6783	4.0009	5.3704	7.4854	8.8218	4.9162
U133A__CDKN1A	8.2831	7.2923	7.3268	7.7668	9.5202	6.794	7.442	8.4726	7.4215	6.9593	8.0665	7.8881	9.2323	8.3044	6.6142	10.089	7.0906	7.2666	8.4832	8.0984	8.6455	9.5528	7.835	8.8575	9.465	7.5943	7.1964	7.4332	7.7385	9.0587	7.7207	7.994	8.4722	6.635	8.1709	8.8133	8.4019	9.8192
U133A__FN1	5.5508	8.2086	8.2103	5.0901	9.0318	10.9376	5.1521	5.7746	5.3775	8.8173	8.8456	4.7236	7.7597	5.8096	9.125	10.8297	11.166	5.7755	12.6523	9.0605	6.3942	8.9727	11.2772	6.6221	6.9068	5.3011	4.931	7.9249	9.9495	11.5261	10.6074	6.9136	5.1375	6.0347	6.7769	9.6411	5.6355	5
U133A__FOXA1	9.1328	7.7572	6.523	9.0263	9.4147	4.7595	8.7472	5.2283	5.7444	8.14	5.0961	5.822	6.5694	7.5076	8.8813	6.9658	5.4233	5.6401	5.6268	8.3942	8.6803	9.0814	4.7116	8.5308	8.8057	8.3218	9.2428	7.9736	5.241	5.689	5.6432	8.73	9.3117	8.6746	8.6077	7.9866	8.9553	8.3695
U133A__LMO4	7.4737	7.1325	7.3624	8.5532	7.9792	9.7098	5.7002	8.2677	7.6793	8.0974	7.6477	7.0389	7.4546	6.855	7.7206	8.0476	7.8791	8.7906	7.5205	6.2739	5.9112	7.0129	7.6279	7.9445	7.9322	9.2733	7.7056	6.1979	8.918	6.745	6.2862	9.1307	8.2001	7.5695	8.3962	6.7757	4.2304	6.628
U133A__STEAP1	3.7161	3.9583	3.7114	4.1853	4.1123	3.7128	3.5633	4.1825	3.8446	3.9806	4.3958	7.2176	3.6303	4.5839	7.2723	4.4257	6.4105	6.2642	5.633	4.0483	3.9447	3.9628	4.2744	5.8621	3.7494	4.4603	3.6677	3.6879	8.1299	7.6142	8.5636	5.8578	6.6618	7.2567	4.7198	4.0482	3.8274	4.0184
U133A__CBS	5.9765	5.4492	7.8767	5.6544	6.2438	7.3369	6.087	7.4403	8.4846	5.7384	8.0993	6.5391	5.9537	6.3435	5.1559	6.6224	6.4994	7.6089	5.9747	6.9595	7.2635	5.6818	6.6504	6.1478	5.6614	5.2172	8.0108	5.5159	8.1012	5.822	5.7536	8.3385	6.9199	6.5534	5.6538	6.9704	5.2268	6.395
U133A__PLK2	5.4424	6.9523	6.867	7.2092	5.1939	8.3725	6.0463	7.0513	6.4452	6.2027	5.7464	8.2452	9.2273	6.818	8.4373	6.6563	7.0758	8.5326	7.8286	6.7947	7.5027	6.8697	6.9099	8.1218	7.2951	8.1968	8.4353	5.3432	5.2835	6.169	5.4839	8.784	8.1345	7.3299	8.5802	6.9561	6.1403	5.3885
U133A__SGCE	5.5324	7.5699	5.5632	5.1425	6.8932	7.2662	4.8159	6.9564	4.7718	6.2574	7.5661	6.3497	5.8754	6.2138	7.793	8.0293	8.1916	6.7123	7.8883	5.2118	4.4228	6.3419	8.9305	6.6333	5.9378	5.5746	7.0881	8.0773	7.8671	7.2408	7.1888	6.4691	6.7479	6.0447	5.5657	7.5881	6.5415	5.5128
U133A__HPCAL1	5.578	5.9845	7.8283	6.8938	5.68	6.2353	6.2788	5.0138	6.6114	7.5659	5.1776	5.7204	6.5238	7.2026	6.7662	5.615	5.6009	6.7248	7.1728	6.3002	6.1858	6.2615	7.3554	5.8117	7.152	6.1281	5.5699	5.8186	6.4995	8.5889	8.5868	6.3343	6.1302	6.5193	5.2869	5.4867	6.0023	6.3035
U133A__ATP1B1	9.9985	10.6555	8.987	9.0894	9.4873	7.953	10.5124	10.7765	9.4161	5.5723	7.0005	8.0635	9.8683	9.024	8.4916	8.8909	8.4836	11.1555	5.7904	10.2571	8.5593	9.4818	4.4435	10.2751	9.7824	9.7554	9.9854	9.7093	7.8881	8.672	7.3406	8.7469	10.6697	8.8248	8.5279	8.5607	9.3935	8.2913
U133A__KIAA0020	6.2247	7.3972	7.3432	6.1192	6.9578	7.8359	7.9328	6.6593	7.9097	6.3977	7.504	7.236	7.2485	9.4969	6.0823	8.2661	8.2978	9.0329	7.6654	7.5429	7.0906	7.044	7.2368	7.1856	6.2583	7.158	6.6374	7.242	6.6178	7.9298	8.3902	6.5087	6.8071	7.1773	7.1141	6.5708	7.1869	7.9499
U133A__CARD10	5.7778	6.6189	6.4732	6.0074	5.6113	7.1832	6.9806	5.8013	5.447	5.0291	6.8955	7.94	6.4404	6.6995	5.3041	6.1251	5.6387	6.8007	8.2432	6.0254	5.8035	6.6709	6.9111	6.3909	6.2227	6.8504	5.0682	5.6466	5.2563	6.1299	5.5845	8.1902	6.3387	5.6863	5.8941	5.8825	5.1234	6.1903
U133A__ACSL1	5.8954	8.2165	6.9153	8.658	6.2343	5.1716	7.2737	7.9344	5.8146	6.185	8.0636	6.2	8.2443	6.2225	6.7455	5.5297	7.044	8.7631	4.7826	4.917	6.1018	6.4659	5.6861	7.0502	7.5073	7.6861	8.5253	6.84	4.6924	7.4148	6.8998	6.3058	9.291	8.5472	6.3515	8.1543	5.7848	5.8106
U133A__PSPH	3.0836	2.8068	6.7289	8.8397	6.7999	6.9781	3.9571	3.5236	4.0114	2.8876	4.9507	5.6603	5.337	4.8724	3.2991	8.5676	4.3599	6.2269	3.3834	3.9784	3.957	3.1641	7.7069	8.0686	3.8532	6.5213	3.6251	3.3861	7.1978	6.3427	3.5548	6.222	7.1996	3.3091	3.816	3.4727	2.8167	3.3359
U133A__DEPDC6	6.5775	5.651	5.4249	7.3238	6.9351	5.3355	6.1073	6.4586	5.8382	6.8016	5.4454	5.018	5.9569	5.7007	7.0469	5.6039	5.2684	6.8221	7.3107	5.2826	7.2091	6.8144	6.7692	6.3997	8.2562	7.3802	6.37	6.1324	5.3696	5.477	5.4188	5.853	8.0495	5.8502	6.5351	7.6139	5.8068	5.7792
U133A__FERMT2	6.0267	7.439	5.8723	5.3801	8.2001	9.8437	6.2531	6.9012	6.5681	6.2655	6.1023	4.3862	7.7149	6.2438	8.7037	9.2104	9.7082	8.4669	8.7483	8.2909	7.0989	6.4247	8.4146	6.1627	6.3958	5.8793	7.5523	7.6505	8.7006	8.3695	8.7763	7.4012	8.3016	5.937	7.0412	7.3012	4.5512	7.3271
U133A__TUBB6	4.8682	6.5678	8.0465	6.253	4.4901	9.8768	4.9213	8.3339	9.2657	7.3934	8.5949	8.9081	8.7762	7.6112	6.6415	9.8152	9.8057	8.0943	9.7499	8.3425	7.4325	7.8191	10.4802	5.4732	7.5802	5.0843	5.1846	6.5456	10.1106	9.4057	9.6441	5.1798	6.0299	5.5564	7.8651	8.1612	6.4891	9.5322
U133A__CTSL2	6.6891	6.6544	7.9888	6.1776	5.8575	7.9594	6.6191	10.2184	5.7305	6.0333	7.4727	7.4576	7.8409	7.0974	6.0122	8.0945	7.7367	8.1816	5.7412	7.1939	6.6615	6.6808	8.3407	7.0612	6.3803	7.5018	5.5789	6.5624	6.5317	6.8619	5.7468	7.4294	6.7808	5.8074	7.2087	6.9109	6.678	7.0021
U133A__MEGF9	6.1887	5.2454	5.728	7.1921	7.8359	5.352	6.5592	5.4416	7.4246	8.1128	5.4149	5.8697	5.8965	5.6407	5.7681	5.6285	6.0475	6.4887	5.5942	7.7911	6.5321	7.1962	5.0869	7.0854	9.258	7.1866	6.6597	5.7238	5.1876	5.0277	5.331	6.8868	6.9558	6.8659	6.6887	6.5666	6.1345	6.9286
U133A__LPCAT1	7.3577	8.9611	8.569	9.6749	7.1029	7.2521	7.0423	7.74	6.6152	6.6098	6.6442	7.3353	6.5708	10.0197	7.112	7.373	6.9475	7.7542	7.1383	7.6529	8.2705	7.4954	7.1965	7.3813	8.3462	6.6051	6.3507	8.3357	7.0926	5.9251	7.5598	7.3431	6.6121	7.2444	7.0242	8.9573	6.3502	6.8462
U133A__POMZP3	5.4865	6.9158	5.512	4.8456	6.8032	4.5827	6.9213	5.5264	7.0392	6.9656	5.8224	5.1062	6.2726	5.167	6.4184	5.8832	6.3568	6.674	5.9695	5.8044	5.7527	4.6042	5.6313	5.7987	5.5526	6.3727	4.785	7.0482	5.1092	5.7715	4.1477	4.9582	8.0627	4.7271	5.8462	5.25	6.281	8.1041
U133A__UNC13B	5.8654	6.5725	6.247	8.6947	6.836	6.2814	7.5756	6.0785	6.0703	6.063	6.198	6.356	6.456	6.2065	10.5586	7.1594	6.4438	6.3226	6.2149	6.499	7.2795	7.301	6.063	7.1499	6.8049	6.9117	7.4585	6.1252	6.9704	5.8598	6.6068	6.5921	7.0466	6.4418	6.7886	7.3338	5.8494	6.6952
U133A__COL5A2	3.6592	4.0376	3.5026	4.6751	3.4526	10.0719	3.8191	3.8886	3.4847	3.7263	3.4448	6.5973	3.7802	3.6864	3.3421	3.6693	9.4833	3.5658	7.0179	3.8522	3.5233	3.4666	8.4776	3.9137	3.4515	7.5595	3.711	3.7488	9.9755	3.6722	5.1542	9.1244	7.2526	3.6895	3.8055	3.6153	3.8998	3.5822
U133A__C4orf19	7.472	6.995	6.1152	5.7927	6.3656	5.2571	5.9706	5.259	4.7316	6.7285	5.4242	6.6961	7.585	5.7606	10.2326	6.1892	5.0874	6.2435	4.9288	5.7074	6.7407	6.5187	5.4766	6.6493	7.6176	8.3724	6.8461	6.9588	5.0222	4.9962	5.2601	8.0656	6.9566	7.7508	8.4822	7.0379	5.3883	6.2493
U133A__TLN1	6.6588	6.5424	5.8805	5.7994	5.612	6.5644	5.9856	6.3255	7.1334	6.2038	6.5911	6.6526	6.1384	6.1843	9.1773	6.3819	6.184	8.0898	6.6104	5.9366	6.2893	5.6054	7.1546	5.8129	5.9544	6.3669	6.1561	6.3103	6.3312	5.8417	6.5138	6.2184	6.0943	6.1867	6.0613	6.1134	5.9299	6.1477
U133A__TGFA	4.8332	4.3246	7.3547	4.9039	5.3107	4.3647	4.842	7.1015	6.0509	6.5597	5.1702	8.5234	6.108	6.7891	5.8299	5.5923	6.9812	7.2933	4.5175	4.3545	4.9468	5.5489	4.4311	5.0683	5.9663	4.9193	4.5688	4.471	4.6219	7.4506	4.4299	5.9042	5.2379	6.3412	5.4055	6.4351	5.2943	5.3319
U133A__C6orf211	4.7061	5.7621	5.6679	7.0185	8.9986	4.6285	6.9624	4.5967	4.1924	8.487	5.0896	6.0769	4.6395	5.7836	6.7831	4.2786	4.0272	5.9741	4.6184	6.7797	7.9113	8.0697	4.908	6.42	8.5915	6.0873	5.0652	5.1504	4.4327	4.8395	5.1406	4.7754	6.2025	7.0532	6.7713	6.982	4.5541	9.4202
U133A__CLDN4	7.8095	7.8886	6.8892	7.4307	8.0102	4.3947	6.203	7.5458	8.2974	7.4553	7.4055	6.5293	7.7536	7.9433	7.7545	7.8168	6.8585	7.604	4.6864	7.6706	6.9713	6.7166	4.3184	9.4105	7.1352	7.4668	6.7302	8.1243	4.5668	6.7523	3.8645	9.26	8.5318	6.2457	8.066	7.7975	7.5057	6.617
U133A__KIAA0040	7.4994	6.4763	6.2241	6.3177	8.4261	5.5327	7.1961	6.3227	5.7125	7.9873	6.0097	7.8512	6.4646	6.2896	6.4563	6.0658	5.6974	6.5026	5.7298	5.6006	5.9483	7.6846	5.955	6.4962	6.0962	7.1032	6.9009	7.0973	5.2923	5.7746	5.1966	6.184	6.4999	8.7619	6.5898	6.2826	7.188	6.3955
U133A__IFRD1	5.4877	4.9609	6.223	6.1315	5.37	6.6057	4.5862	4.8029	8.1135	5.2789	8.2698	5.9761	6.4008	5.8931	6.959	7.5063	6.305	7.2214	6.5547	7.5278	5.16	4.7386	6.84	4.7622	4.2376	5.1419	4.3653	5.7774	5.6285	7.0969	5.726	8.0212	6.0891	6.9652	3.9585	4.1403	5.2741	5.3617
U133A__MBNL2	5.4423	7.1301	8.2242	6.9266	6.3789	7.5204	6.3889	7.0872	6.6647	6.2769	7.2559	6.1725	8.5786	7.1597	7.9226	7.5396	6.4642	8.1549	6.4804	6.1638	6.2054	4.1661	6.866	6.0078	6.8225	6.7261	5.267	6.5825	5.3103	5.603	6.3923	8.6513	8.176	5.6113	6.2038	6.5181	6.0766	4.5447
U133A__CD164	8.8299	7.4328	7.8665	9.2592	7.0173	6.725	7.417	6.2788	6.6028	7.1499	7.0635	7.0555	8.4732	7.2985	8.7913	7.3645	5.813	8.0951	6.2029	6.6221	7.6965	7.5817	6.8808	8.2318	8.7748	8.5415	7.5779	7.1225	6.9702	6.1841	7.3245	9.5526	8.5094	9.2897	7.6503	8.2668	9.5015	7.5031
U133A__PCTP	6.8289	5.8709	6.6213	8.1664	6.5612	5.1232	5.3802	9.315	5.6513	6.7262	7.3226	6.3297	6.1024	7.302	5.2925	6.4219	7.3253	7.702	5.4234	6.3381	6.567	6.1451	7.3843	7.1665	6.5636	6.578	5.4163	5.4077	6.0721	6.2962	6.41	6.199	7.0656	6.584	6.8001	6.5245	6.6801	6.402
U133A__ZSCAN18	5.152	4.7958	6.4517	7.0714	8.6682	6.8552	6.1901	7.7	8.3551	7.226	5.2372	6.2193	8.0343	5.3119	7.659	6.4413	9.1674	7.3018	5.1171	4.7969	5.7154	8.7884	6.0862	6.6889	6.9565	5.2439	4.7623	5.4213	7.5037	5.87	4.1685	4.6237	8.2326	5.3803	7.7059	6.9884	5.729	5.1795
U133A__EMP3	4.327	3.9888	4.4028	4.2731	4.2246	9.9908	4.5129	5.9249	4.5177	4.8069	4.4271	6.169	4.4585	4.1728	4.8236	4.8179	9.0618	5.7623	10.2742	4.4979	4.6047	4.5679	9.169	4.2846	4.4717	4.519	4.3967	4.5344	9.6246	8.36	9.3993	5.4208	4.3435	4.3907	4.6524	4.1567	4.2003	4.5004
U133A__GPX1	8.9739	4.0916	9.6587	9.13	4.1978	9.7074	8.7943	8.6375	3.8954	7.8047	3.5472	8.4418	9.4091	9.7496	3.7548	10.5188	9.1911	8.6679	9.1332	5.2514	5.269	9.851	7.3749	3.9513	9.7769	8.2842	9.6262	4.1969	8.82	10.2252	9.2677	3.2767	9.1704	3.978	3.5145	4.9552	3.7776	4.1642
U133A__PODXL	5.8122	5.7718	6.187	7.415	6.6408	5.2774	6.7693	7.8292	8.6333	5.6383	5.5409	7.5824	8.1435	5.8862	6.0954	7.4922	5.36	8.3307	6.3805	6.9023	8.2421	7.1327	6.063	6.6091	6.9862	5.6992	5.7078	5.6023	5.7194	7.4992	6.0624	6.5541	5.9813	5.9662	5.7361	6.265	5.4449	6.6903
U133A__L1CAM	5.131	6.8401	8.8594	5.4162	6.1226	5.1979	5.9992	5.5173	7.8196	5.2405	5.5027	5.3762	5.4281	5.847	7.5077	7.1837	6.3174	4.9963	5.9868	7.9212	7.0946	7.0356	9.0199	5.9986	5.3735	5.5797	5.2012	7.695	5.1086	9.1313	5.2153	6.4661	5.7168	7.2869	6.3167	7.8844	5.2102	5.2926
U133A__ZNF544	6.9864	6.6867	8.7357	6.9637	7.6542	7.1156	7.4338	7.4326	7.681	7.4451	6.6237	9.6213	8.1072	6.7879	7.0077	6.8549	7.3676	6.9216	7.1203	7.0009	6.9974	7.2612	6.3988	6.4939	7.0974	7.1081	6.2996	6.724	7.0081	6.8126	6.8659	7.3366	7.3685	6.3543	6.967	6.629	6.3383	6.9272
U133A__GPRC5A	7.4835	8.1924	10.8478	6.6047	8.4387	6.411	7.0096	8.9953	5.7325	6.94	5.5498	8.3772	7.6094	9.252	9.0365	8.5419	8.7773	9.0299	7.3729	7.7901	8.8337	7.6604	5.9316	9.2595	7.3947	8.0719	6.3931	6.2926	5.6671	10.3479	6.9332	9.4321	8.0798	7.8656	6.8201	8.9387	6.3194	6.9714
U133A__CYBA	7.5824	8.4801	6.1991	8.2641	9.4769	5.9814	9.258	6.4165	8.8793	7.1529	9.324	9.0523	10.2521	6.2915	9.1399	6.2252	9.4901	5.747	6.4921	9.1755	10.2423	8.7674	8.5241	9.1094	6.2271	7.4685	9.3142	7.853	6.143	10.2727	7.7619	6.4983	5.6748	6.4006	6.3661	8.2007	9.3755	9.5046
U133A__IFI6	4.9866	6.1205	5.2706	5.4451	10.1621	5.5759	5.5314	7.4325	7.2127	6.6375	9.9393	6.0926	8.479	8.4356	5.4425	5.726	6.5632	8.5826	6.9663	5.9167	7.0966	7.5224	9.0873	6.7666	6.2391	6.5746	5.8892	5.4492	6.297	5.3162	5.104	5.1714	8.6501	5.6316	5.4146	6.5746	5.244	4.6725
U133A__CDK19	5.3304	5.8767	7.3963	6.7732	5.9929	6.3736	5.4995	7.5978	7.2361	5.3764	6.264	4.9381	6.5455	5.2812	6.3578	5.7137	5.5056	7.5181	5.0315	5.9824	6.1391	7.2497	6.6508	6.0127	6.7105	5.9518	5.812	5.4341	5.7714	5.663	4.4614	6.498	6.2092	5.8676	4.777	8.6431	6.62	5.6184
U133A__HIST1H2BG	4.8283	4.2641	3.7738	5.0005	8.9158	4.5763	5.5262	4.4331	5.2718	9.2574	5.3945	5.7249	6.471	4.4167	6.6603	4.5105	7.4535	4.1956	4.0378	5.3949	6.6731	6.9855	5.2408	5.3898	8.9951	6.9417	6.9214	4.4134	4.9449	4.4145	4.68	5.8657	6.7726	3.6731	5.8628	4.7131	4.8942	4.9211
U133A__PSMB3	9.6802	9.084	9.8988	12.1363	9.6264	9.5618	10.306	8.8918	9.2269	9.1014	10.006	10.2436	9.5561	9.7906	9.2113	9.923	10.0025	9.3135	9.7381	8.6375	9.5798	9.9499	10.0309	9.6853	10.8509	9.7682	9.7899	8.7196	9.5636	9.7851	9.9523	8.3181	8.917	8.9793	10.2048	11.8259	9.0869	9.9681
U133A__PHYH	6.4054	3.9401	5.8836	5.7494	5.8753	6.3413	6.5331	7.3084	5.9319	6.3361	7.0474	5.2042	7.1477	6.3933	6.5928	7.047	7.8093	8.045	5.0085	5.1134	5.7047	6.6815	8.348	7.1058	6.3779	5.1559	4.5231	4.0698	8.1582	5.766	6.2158	7.1574	6.2471	5.654	7.3429	7.4979	6.3222	6.6848
U133A__CRAT	6.1327	7.0301	4.5222	8.5392	5.3326	6.6085	4.9208	5.0816	7.4136	5.5972	6.259	4.5969	4.802	4.7328	6.135	5.24	6.8102	4.6552	5.6507	4.7699	4.963	5.0092	6.6468	6.8732	6.5012	7.3414	9.0429	5.5132	6.5242	6.0194	4.8625	8.281	5.362	6.3673	6.9289	7.6199	7.4963	7.0787
U133A__SEC23A	5.6536	6.4033	6.0959	6.3551	5.6767	7.5831	5.0365	5.6319	6.0224	3.7853	4.5046	6.0269	5.8319	6.0896	7.3692	7.0419	7.823	6.2331	6.2394	6.075	6.6442	5.7261	6.617	6.0018	4.5341	5.9943	5.3945	5.3527	6.4626	6.0872	6.8353	7.8656	5.2568	6.3942	5.4397	7.0233	4.3727	6.6133
U133A__TXNIP	9.0198	6.3159	6.4357	8.3832	9.4834	6.3813	7.8916	9.8559	5.7644	9.3606	6.8518	6.1465	7.4178	7.8682	9.4289	7.6529	6.0667	7.4504	5.6214	6.9145	7.9565	7.329	6.5723	9.169	8.9171	8.1792	7.3859	6.7269	5.781	8.2045	7.9514	10.3303	8.9095	10.2571	7.8199	8.5902	10.4484	6.8079
U133A__XBP1	10.8344	9.815	7.6964	10.7009	11.15	7.9069	10.6604	7.6036	7.9543	9.2154	7.8611	8.1184	8.313	7.637	10.5899	8.1677	7.1544	8.6517	7.6438	9.3516	10.7117	11.2426	7.2265	11.6896	11.5911	11.2322	11.2977	10.1574	7.1282	7.1631	8.0768	11.2015	11.1151	10.9035	10.9459	11.0313	11.6974	10.5644
U133A__EVL	6.5819	6.5993	4.6086	7.2508	8.0284	7.1084	5.4912	5.4509	7.6442	7.3263	5.4225	5.6069	5.8148	5.1213	5.0845	6.1689	6.5112	5.5906	5.4023	4.5521	7.7047	7.3885	6.8544	6.2239	7.4779	4.4135	5.965	5.412	5.6858	4.3026	5.815	7.3008	5.4453	4.793	5.3382	7.2771	6.5164	8.1337
U133A__HMGCR	6.0331	6.4326	6.3363	7.321	6.5609	7.8885	6.984	5.8695	8.4586	7.2356	7.0394	7.1813	6.4928	6.9416	6.5252	6.7469	6.5062	7.7537	6.9313	6.2219	7.1617	7.3516	6.3985	6.6085	7.067	7.7083	7.7555	6.2658	6.6407	6.9814	6.8028	7.84	9.7292	6.1367	6.9266	8.4925	7.1185	8.0725
U133A__PIP	6.4355	7.3069	6.3157	7.061	7.2807	6.2596	6.2897	6.4685	6.4454	6.2459	6.3056	5.9752	6.0752	6.4284	6.7761	6.4129	6.1173	5.7083	6.2892	6.0998	6.2914	6.1608	6.1202	10.0061	7.7157	6.8376	7.9615	7.0196	6.1485	6.3994	6.1424	11.8405	8.7615	6.0735	11.2874	8.8185	7.5776	6.1976
U133A__UBE2L6	7.0686	6.0578	7.2897	6.009	9.2064	6.4877	7.7691	6.5728	9.9793	8.4731	7.8909	9.2682	9.8403	7.5473	5.2854	5.8958	8.4849	9.1647	7.392	6.342	6.1751	9.54	8.7362	6.4095	6.8248	7.4593	6.5761	5.9433	6.3902	7.134	7.3836	7.5516	9.2236	8.1028	7.7105	8.2647	5.9847	5.3484
U133A__IFIT1	4.7114	4.2157	5.0235	4.5077	9.7076	4.7238	4.3455	4.7744	6.9119	6.1597	6.2547	7.0582	8.6976	6.346	4.894	4.5623	5.5582	8.9034	4.7911	4.6602	4.9544	5.3881	7.9414	4.9999	5.5062	4.8948	4.8674	4.4414	6.1359	4.2817	4.4171	4.5392	9.1874	4.7807	4.4767	4.3094	4.7475	4.2272
U133A__HSPB1	9.8381	11.9878	10.658	11.1392	12.1917	10.9092	12.4619	9.7586	9.4377	11.9863	10.4327	9.9008	11.9422	9.7152	7.6241	10.821	9.9102	10.7294	10.9497	11.5674	12.3547	11.3351	10.3616	12.8993	11.75	11.1248	7.7425	11.0928	10.9232	10.4221	10.3461	8.3736	11.3463	7.4763	12.0345	11.6336	10.7593	11.8178
U133A__EIF5A	6.1532	10.2322	11.5081	6.6804	8.676	10.141	10.3505	7.0561	6.2771	10.4307	10.9743	9.7164	7.3039	9.2206	10.6954	11.0518	6.7936	10.9733	11.4584	6.2508	7.0806	7.2351	10.9628	6.3987	8.213	8.5732	9.7217	9.4725	10.7482	11.3354	10.6383	7.469	5.9167	10.9772	6.6051	6.774	8.3558	9.9089
U133A__SLC43A3	8.4498	6.0402	5.8992	6.212	6.1253	6.9124	6.1527	7.4181	7.4411	6.0274	7.9581	7.8423	8.1366	6.946	5.7151	8.4918	7.4582	7.9368	5.8347	6.1997	5.9817	6.1113	7.6993	6.2875	6.1498	5.9736	8.3214	6.166	7.6939	10.4636	6.3855	6.2893	7.9302	6.2692	6.843	6.1697	5.9313	5.7173
U133A__SFN	8.3014	9.5185	10.9821	9.0621	7.5768	6.4505	9.6873	10.6618	6.8789	6.2653	6.6852	11.3484	11.2318	11.2977	9.037	10.976	8.2735	11.7302	9.2163	9.4032	9.7397	9.2569	6.3192	9.423	8.9324	10.2687	10.4715	8.3034	6.7768	11.2935	9.8844	9.5483	10.7002	8.7112	8.9884	8.2875	7.5367	9.7287
U133A__NFE2L1	8.2804	7.7434	7.8276	8.2998	7.9707	7.6509	8.0389	9.8821	7.1355	7.8831	8.6673	8.0502	8.5971	7.4599	7.9417	8.4717	8.445	8.0531	8.0109	8.4411	8.5213	7.4537	7.3248	7.4906	8.893	7.935	7.7687	7.4362	8.4148	7.889	7.8649	8.3718	9.2852	9.0828	8.5447	8.1149	7.9741	8.136
U133A__KLK6	5.4123	4.917	9.4507	4.8753	4.8251	4.9481	5.1348	9.2735	8.0249	4.9307	5.5788	5.2118	9.1099	11.2762	4.9339	8.6374	5.5375	4.5087	5.3166	5.1605	6.1085	4.7658	4.9606	5.3853	4.9731	5.1898	5.2134	5.3923	4.8629	4.7454	4.6814	5.0521	8.6083	6.9941	5.0235	5.6345	5.0571	4.6177
U133A__DENND2D	7.4958	7.4556	4.9648	5.7265	8.5326	4.6513	8.6196	5.5103	5.2798	7.1097	6.1298	6.2403	6.9926	5.5069	4.5585	4.9996	6.5644	7.7754	5.2324	7.2123	6.653	7.6433	4.7386	6.6939	7.1371	7.3444	6.518	7.5157	5.1945	4.5415	4.1664	5.338	7.6249	7.0955	6.6906	6.9624	6.7653	6.5483
U133A__BRP44L	7.3579	8.4504	6.9671	6.6044	6.1956	6.4688	7.3948	6.1308	7.78	6.7401	8.099	7.6553	7.1964	7.7168	9.8542	7.801	5.8538	6.771	7.1507	6.6991	6.4159	8.2166	7.8053	7.8571	7.5752	8.1616	7.7041	8.3869	7.4621	6.758	7.6077	7.3253	8.9495	9.1394	6.907	7.457	6.8471	7.551
U133A__HSPB8	7.1855	6.051	8.3424	6.117	10.5584	4.8732	8.9372	5.2653	5.2554	9.9574	5.3779	7.1384	7.7295	5.5586	5.7058	5.2302	6.0879	4.9705	7.4722	5.9505	7.092	7.9963	5.6915	7.4217	9.502	7.0711	5.3281	5.3147	5.3216	5.8513	6.7961	5.3147	7.2769	8.4231	7.8393	9.15	5.4253	7.0301
U133A__MXI1	7.7833	7.0097	6.626	7.3195	8.6692	7.3301	7.4381	7.8076	8.4684	7.3445	7.0584	8.1907	7.1562	5.9531	6.805	6.9029	7.5514	9.087	6.6939	7.6389	7.3389	7.2612	6.8367	6.8689	8.0918	6.9184	7.0976	6.4319	7.3327	7.402	6.8419	8.3324	8.0127	6.9331	7.1939	9.4942	9.8356	7.0224
U133A__FAM174B	7.6688	7.039	8.6806	7.2556	6.398	5.5542	6.0659	5.9859	5.9155	6.0452	5.895	5.4407	6.3246	6.3647	7.2938	5.6754	5.7021	6.1376	6.1391	6.7886	7.0665	6.8153	5.7914	7.8239	7.5637	7.1023	6.5758	6.7257	6.0008	5.608	5.8132	8.5023	7.6422	6.56	6.7379	8.822	6.8445	6.1006
U133A__STAT1	7.2521	8.0289	8.9076	7.5388	9.9742	8.2815	6.9856	7.9112	8.6978	8.049	8.3459	9.0902	10.2397	9.0231	6.7996	7.7738	8.9201	9.7459	7.9713	8.0961	8.2953	8.929	8.9037	6.852	8.2216	7.4767	7.903	7.4653	8.244	7.9746	7.4368	7.4307	9.7004	7.3811	7.3093	7.9471	7.2797	7.4195
U133A__TACSTD2	11.0258	10.6889	9.1111	6.5786	10.5429	3.5317	8.5163	11.5262	8.1433	9.3346	3.8656	9.9896	11.7522	10.6345	10.1157	5.5914	10.1821	11.7611	3.6796	8.6657	9.6662	4.0564	3.2548	10.3043	9.3361	10.2608	9.4397	9.9208	3.588	10.6414	3.7998	9.7053	11.4549	10.2252	10.5847	10.7636	9.2704	8.0096
U133A__CTGF	7.1473	7.1015	3.7722	4.1421	3.9205	8.5961	4.3162	9.9978	4.0779	4.3177	9.4636	4.2303	4.7664	5.4268	6.0839	8.247	7.842	4.0585	9.9469	3.8967	4.0791	3.933	5.2649	5.107	4.0025	4.9953	4.3345	7.9564	9.3229	4.4806	7.7701	4.498	6.5857	7.0046	4.3973	4.0011	4.4522	3.768
U133A__MFAP2	6.1012	6.6076	6.4087	5.9402	7.111	7.5045	5.7163	6.9391	8.4452	7.7932	6.2262	8.1355	7.0665	6.1253	6.7741	5.872	7.9716	6.0081	8.2035	5.8531	6.5901	7.7756	6.9779	6.299	6.3103	6.1716	6.4924	6.7567	7.848	8.0483	6.2524	9.4332	5.8981	6.033	6.5117	6.0933	6.4525	6.9361
U133A__SHB	6.1653	6.8733	6.828	6.1711	6.3303	7.2606	6.1796	6.4954	6.4016	6.8149	6.1061	7.1242	6.5164	7.1248	9.4468	6.3557	7.5118	8.0176	6.6858	6.4005	6.5346	6.4142	6.7529	6.5025	6.3874	6.546	7.5095	6.2702	5.2957	5.9911	6.1421	7.0421	7.0962	6.027	6.3154	6.456	5.9912	5.9384
U133A__MDK	6.9831	5.8166	5.8069	10.4845	7.2442	9.5628	5.4762	7.2438	10.8926	6.6919	8.7624	7.8046	8.1924	5.8212	9.4224	5.5966	9.6158	7.3553	5.9591	7.08	9.2987	7.0267	7.3533	8.0454	9.0373	7.1533	6.1214	5.8713	5.747	6.4917	5.8461	10.8153	8.6003	6.3981	7.7515	7.1022	5.765	5.7944
U133A__TOB1	8.8416	8.1199	7.4176	9.54	10.0412	5.6991	8.2963	8.2331	6.9626	9.9774	7.4185	7.3983	7.7978	6.7211	8.3342	7.3782	8.2944	7.4541	4.4955	8.4614	8.9689	8.6463	7.562	8.9663	10.6432	8.5555	9.5297	8.6703	5.2081	4.7449	5.9356	8.5847	8.2344	8.8228	9.8445	9.2366	9.6404	9.1081
U133A__KDM4B	7.0519	7.1044	6.0515	7.4491	8.6966	7.1928	8.1492	6.1444	7.9974	8.6306	5.6694	6.594	6.2074	5.1967	6.7817	6.8032	6.8838	6.5409	5.945	6.1848	6.9393	9.4039	7.2455	6.7971	7.5952	6.4755	8.2976	6.1498	6.6724	6.5498	6.4961	7.8561	6.9118	6.5551	8.9722	7.696	8.1269	7.1149
U133A__SNAP29	6.0753	6.8847	7.0222	6.6089	7.6741	7.0706	7.4019	6.5554	7.2833	6.8021	7.1487	7.2073	7.9185	8.4478	6.7032	7.5518	7.013	7.1292	7.5478	6.7251	7.0938	7.2318	7.2566	7.0695	7.2875	7.2888	7.6468	6.3874	7.2314	7.0364	7.2486	6.6066	7.674	6.8386	7.0725	7.5151	7.0041	6.7427
U133A__COL4A2	6.4635	5.4771	6.2726	4.9197	4.4398	9.5328	4.7309	6.7139	4.8079	4.9894	7.5194	8.2333	5.6191	5.1904	5.0157	9.3085	8.3007	4.2182	8.3461	4.7889	4.7039	4.7941	9.7331	5.177	4.8098	5.2981	4.7465	5.4106	6.024	9.0196	4.8637	4.61	4.6647	4.8703	4.9757	4.6655	5.105	4.6821
U133A__CXADR	7.6356	8.125	5.9299	8.0181	6.1243	6.7715	6.9799	9.6569	8.9106	5.2516	7.8702	7.8678	7.9469	7.8178	8.9819	8.0862	7.9097	9.6282	6.0306	5.2912	5.231	8.6152	6.9797	8.4334	8.1996	7.5407	8.7362	7.2304	4.3852	7.5256	5.8744	9.329	8.3891	8.1198	8.1157	8.0455	7.9043	7.8021
U133A__KRT8	10.7115	11.2525	11.4126	11.1708	11.8105	4.6994	10.4767	9.9402	9.7313	11.932	8.4941	8.913	10.6646	11.1743	11.4994	9.9269	9.5922	9.5457	5.7145	11.6793	12.1159	10.506	7.5837	11.0665	11.2063	10.4653	9.1194	11.5414	4.6224	9.8963	8.3775	10.5897	10.994	9.9593	11.9459	11.5683	9.9995	11.4816
U133A__SERPINE2	4.1494	4.4242	7.97	4.9022	4.2554	9.6075	4.4355	6.6807	6.0426	3.9813	8.4672	7.9594	4.2132	7.2359	4.2348	6.9187	8.2237	4.4336	10.6755	4.6808	4.5754	4.2682	9.6812	3.944	6.9121	5.0607	4.343	4.6083	5.8042	7.156	4.8219	4.8116	4.3567	4.627	3.9897	4.2821	4.3236	4.6368
U133A__ANKRD10	7.8731	6.1765	6.8833	7.2282	6.7565	6.9052	7.1492	8.9633	8.3136	5.4507	6.0882	6.5991	6.1261	7.9643	6.4694	6.7987	6.5574	7.0061	6.6894	5.8916	6.0195	6.5239	7.8067	6.3685	7.3459	6.5172	6.3126	5.9882	6.3393	6.0935	6.2186	6.1036	7.86	5.9316	5.7633	6.1347	6.7487	6.2541
U133A__TNFSF10	7.4048	4.6934	4.1345	5.0365	6.1542	4.0584	3.8828	6.6466	7.8221	4.4769	3.9907	5.5926	8.5859	4.1981	7.3273	7.1749	4.0838	9.3001	4.0692	4.215	4.7545	4.8323	5.926	5.2022	6.5527	7.1184	5.5367	4.2591	3.9032	3.8381	4.2542	7.4595	8.7164	7.4724	4.6913	7.1343	4.5162	3.8928
U133A__PCGF2	7.2304	6.2567	5.7636	9.7272	7.4853	7.0408	6.5164	6.6069	6.7373	6.1658	6.2166	6.365	6.6828	6.5128	6.891	6.8682	7.7879	7.873	5.75	7.2575	6.8517	7.15	6.5602	7.3088	8.2729	6.4638	6.6856	5.9863	6.0909	6.3687	7.1004	6.9964	6.7374	6.4112	7.4182	9.9785	7.1873	7.5539
U133A__HIST1H2AC	6.6347	6.1315	6.2762	6.5263	8.9285	6.3159	8.2325	6.2668	5.7625	8.2922	6.892	6.4753	8.9315	5.4115	9.1759	6.6311	9.0257	6.3429	6.1112	6.5974	7.5399	6.5756	7.5443	6.7217	8.1253	8.7312	7.1371	6.148	7.2614	5.7119	5.4892	7.0303	8.049	6.763	7.3041	6.8911	6.201	5.5955
U133A__CRABP2	7.7927	6.2883	7.6984	7.1272	11.2478	7.1984	9.2384	10.2575	11.042	10.4868	7.9145	5.679	11.2348	9.6855	10.9394	9.1947	9.329	11.2675	6.4565	10.9021	10.0104	10.3883	6.0832	10.5335	7.7354	10.3027	10.8015	9.5601	7.2299	6.7276	6.367	9.2587	8.4121	9.1007	10.4822	11.9965	9.367	8.6028
U133A__PTPLA	5.6938	4.6823	8.4154	5.182	6.3219	10.3468	6.3568	6.7459	5.8693	5.5657	8.0611	5.5909	5.7785	6.5564	4.9583	7.3047	7.8945	6.0142	6.1322	5.8509	6.5989	6.5047	9.4651	5.5866	6.2385	5.0439	5.0779	4.2583	7.0215	6.8608	6.9817	6.4239	5.1713	5.2383	6.5071	7.8667	4.9885	5.9094
U133A__DHX40	7.0381	5.7867	6.4315	8.6347	7.5986	5.919	5.9241	6.2316	6.2846	7.014	5.6478	6.411	6.2943	5.4408	6.003	6.5949	7.426	6.0468	5.1125	7.2359	8.2093	6.9354	6.8654	5.6059	8.5027	4.9426	6.9965	5.1172	6.5324	3.9736	5.98	5.644	6.7685	6.3122	6.9005	7.842	7.2802	7.0766
U133A__CITED2	6.5982	7.7415	6.0367	6.6171	6.2217	8.6066	6.6819	8.129	5.4857	5.8681	6.4711	5.6471	7.2761	5.0942	9.6672	5.0741	7.2485	5.5668	7.7101	6.7048	7.0532	7.0748	6.3869	7.4172	6.8764	6.7352	7.2716	8.0474	7.6179	4.1856	7.6259	7.8132	7.6703	8.3585	6.9528	9.1731	8.0739	6.485
U133A__ISYNA1	7.373	6.2368	7.8092	6.2863	7.5215	6.4988	6.4888	7.3933	9.9775	7.7952	7.6356	7.0895	6.6568	5.7452	5.6818	6.726	7.5231	7.9347	5.4531	6.6	7.3573	8.4527	8.1286	8.0915	7.097	6.0186	8.8166	6.7392	8.9433	6.9752	5.4694	8.0671	6.1513	5.3948	7.7728	7.9949	7.363	7.6432
U133A__AKR1B1	5.4264	6.9517	12.2474	5.9901	5.6065	8.7781	5.6946	5.6857	6.894	7.4072	8.1445	9.6667	9.0128	6.1103	5.5161	9.8841	10.5542	10.1821	10.9824	5.9497	5.9629	5.5375	10.7395	7.1787	6.313	7.2479	5.7109	5.7104	9.5693	11.8108	11.2588	5.2415	5.4299	5.3117	5.4185	5.0463	5.5959	6.4257
U133A__TTC39A	6.7363	7.9537	4.4192	6.888	8.6528	3.8361	6.2428	4.6311	5.2211	9.349	4.463	4.6581	5.3975	4.1091	6.965	5.4051	4.311	6.2015	3.7661	4.5869	7.2805	6.8676	3.4222	5.9355	7.8908	7.3398	7.8998	7.1437	4.1734	3.6019	4.3341	7.0522	7.0384	6.696	7.1654	8.5979	6.5769	7.4901
U133A__CCND1	9.1764	8.4714	8.2977	8.1237	9.1256	5.4377	8.8941	10.0998	7.9929	9.1837	4.3292	8.6063	8.813	10.9904	8.1578	6.4037	8.1008	9.0473	8.209	8.2177	9.1804	11.883	6.9939	9.3043	8.5351	10.1566	6.4129	7.9009	6.6177	8.3147	8.4694	8.7082	8.6652	8.5885	7.1643	7.8528	8.5427	9.2077
U133A__KRT19	11.6554	11.9776	10.9191	11.935	12.491	3.995	11.6489	10.8671	10.3292	12.2228	3.8177	10.8381	4.5913	4.6342	12.4618	11.0216	10.3341	11.7799	3.831	10.65	11.6347	12.2467	4.0939	12.0447	11.6624	11.784	10.9377	12.0028	3.9802	10.1275	3.2941	11.8623	11.6439	11.4468	12.1604	12.1037	11.9516	11.561
U133A__CNN3	6.5662	5.928	7.2837	6.2459	5.2624	7.9772	7.5358	7.333	7.2978	5.852	8.5066	5.2216	8.3566	7.6308	5.711	7.0815	8.6543	9.1609	8.1059	3.6902	3.6053	8.2442	7.3666	6.0036	7.1398	7.5905	8.7984	6.3226	7.2367	6.9493	5.7464	5.5974	9.1542	7.5337	7.6915	8.1608	6.8602	3.467
U133A__ALDOC	6.5777	8.3205	6.2278	6.6705	8.4622	5.9173	6.748	8.3786	7.6054	6.2571	8.268	6.8246	5.9627	7.5516	6.3166	7.6059	5.9395	5.9531	6.084	7.2912	7.7475	7.8802	5.3038	6.7481	6.11	6.5345	6.1454	8.8374	6.2906	6.7714	6.409	6.929	8.0066	6.3134	7.7955	11.3442	6.2557	6.2591
U133A__CYP1B1	7.5192	6.2606	8.5069	4.9105	5.5792	8.151	4.1785	5.7873	9.7315	5.5791	4.312	6.1979	7.1729	8.4376	5.8894	4.2552	10.1131	8.1797	3.837	7.9674	7.8669	9.832	10.1758	7.9074	9.6657	8.156	7.3836	7.387	8.1346	7.4181	3.6701	8.3413	5.3846	8.6291	8.2634	8.1212	8.6215	8.3112
U133A__MAGEA12	3.4909	8.5934	9.1314	3.6742	4.3691	3.6666	3.181	3.5403	3.6563	9.3479	3.4526	7.9929	3.1286	4.8389	3.4203	4.1481	3.6093	3.9717	8.1449	3.2079	3.8575	3.4049	4.8922	3.17	3.8532	3.9622	3.4557	6.8693	5.2006	3.1928	8.1218	3.5872	8.4059	3.7137	3.7545	3.4816	6.3265	7.8246
U133A__PLAUR	7.2636	7.0817	7.6566	6.3774	6.0661	7.9196	6.3478	8.6018	7.3217	6.6571	6.7499	6.7768	7.13	8.4113	6.8516	8.1211	7.2534	7.3607	8.1234	6.4877	6.4579	6.6082	6.9693	6.7436	6.1449	6.6998	6.2084	6.715	7.4222	9.277	7.1697	6.0395	6.8223	6.7814	6.3108	6.3435	6.3425	6.7746
U133A__ANXA3	5.8235	5.5164	7.1341	6.4784	5.2551	3.7423	2.8886	7.7672	4.9284	3.7994	4.9793	5.4612	6.6394	7.7175	7.9447	8.5263	4.939	7.8239	4.1434	4.0707	5.0882	3.0827	3.6072	4.9618	5.4258	6.3865	3.2983	4.9883	3.8153	8.814	4.6984	6.6092	7.5001	2.9341	3.7641	5.3431	4.7554	4.7782
U133A__APOBEC3B	5.6539	4.2711	7.2004	6.5459	6.1597	7.1609	5.2836	8.8535	7.4971	5.6452	7.898	6.4634	8.5401	6.9878	6.3674	7.4904	3.9548	4.6104	8.1097	4.2584	5.2772	6.7787	7.0989	5.8155	6.4705	7.6752	7.7664	4.3131	6.0569	7.041	6.4845	5.3145	8.5005	3.7522	6.726	5.4782	6.346	6.0347
U133A__DSP	8.0337	8.7599	8.19	10.2272	10.7384	4.1204	8.9093	9.9995	10.3829	5.1408	8.2259	9.6499	10.3321	8.5612	10.8212	10.0141	8.0855	10.7105	4.4382	8.5645	8.7556	10.6943	6.7151	8.9162	8.9265	9.3477	6.8808	8.7908	4.2093	8.6303	4.4257	9.3172	9.9535	9.0121	9.2126	10.4274	10.2253	8.4497
U133A__MAGEA3	4.9781	10.714	11.8564	4.4756	10.3924	4.6743	4.7956	5.0446	6.2824	11.9516	5.1285	10.089	4.5173	10.2944	4.5672	10.0471	5.0802	7.159	10.2388	4.7842	4.7102	4.9441	9.749	4.6285	4.3126	5.6037	4.7541	10.5724	9.9371	4.7828	9.401	8.892	10.9687	5.0985	4.6716	4.5054	8.3872	9.4829
U133A__PLAU	5.5718	5.8756	5.2088	5.6696	5.1491	7.8668	5.3929	6.0278	5.2362	5.2184	5.332	7.874	6.7758	5.664	5.9968	5.3077	7.0242	5.1726	7.9917	5.4641	5.6808	5.4287	6.8126	5.511	5.3504	5.7285	5.3338	5.507	10.1668	9.6993	5.9627	5.292	5.721	5.2565	5.5545	5.8024	5.0415	5.2204
U133A__HMGCS1	4.7548	6.6928	6.068	8.4489	5.7519	6.6066	5.2763	6.7535	7.7171	7.8134	6.283	6.4676	6.3959	6.2914	7.887	6.3859	6.4413	6.6387	6.5232	5.2901	6.2517	7.4989	7.1959	6.4676	6.8716	6.897	7.225	5.5922	4.89	5.3679	5.1532	6.8847	8.9645	5.7117	6.1708	6.9066	5.231	6.3642
U133A__HLA-B	8.2861	6.5287	6.9258	8.4347	9.7896	8.1642	8.915	9.9839	12.112	8.8869	10.6615	9.8035	11.5088	10.0633	6.3218	9.5062	10.8249	12.3107	8.5989	6.9006	8.3908	9.4948	11.9091	8.045	9.2382	9.8055	7.5816	6.226	9.7036	8.7843	9.7905	9.8309	11.646	8.6981	10.2594	9.7333	7.8149	7.1263
U133A__TM7SF2	6.3544	7.7736	5.9613	8.9903	7.2452	5.9644	6.5563	7.4551	7.1445	7.2359	5.6688	6.2564	7.1204	5.884	7.2668	6.8554	6.8658	5.6005	5.6277	7.5725	8.4942	7.3491	5.3969	7.9643	8.007	7.0843	8.3892	6.8779	5.8961	6.7959	5.3671	7.9074	6.0172	6.2127	9.688	8.7472	7.5838	7.4074
U133A__LOXL2	4.6838	4.8373	7.2684	5.2765	4.931	11.2532	5.0339	5.1123	8.9399	4.9087	6.8644	4.7623	5.0723	7.4659	4.8991	7.0953	7.9161	6.9804	9.527	6.8229	5.5615	5.0457	9.013	4.8066	5.1224	5.0076	5.0073	5.2823	8.7674	8.8033	7.5966	5.225	6.1602	5.0957	4.983	7.7962	5.0515	4.9497
U133A__PRKRIR	9.1253	7.7476	7.8076	9.338	7.918	7.5965	6.9452	7.0352	8.6927	8.1006	7.8564	8.7561	7.6003	8.2642	8.4684	7.7516	7.5375	8.1211	7.1304	8.2839	7.9468	10.7632	6.8576	8.5159	7.458	7.2631	8.25	7.5467	6.8547	8.0119	7.9799	7.1922	7.8581	10.7226	7.8441	7.7156	6.7416	7.6098
U133A__S100A9	7.9647	11.9201	10.3006	5.7847	6.7985	5.4442	5.8403	6.0309	6.2418	6.3714	8.7074	8.3063	10.7464	12.1734	12.1265	10.5052	5.607	8.7234	5.5487	4.8491	5.2184	5.2175	5.4068	11.3006	5.7072	5.0373	5.4591	10.8214	5.383	7.9261	5.5795	6.5783	8.2792	7.8847	5.9403	11.6483	5.5256	6.655
U133A__ACAA1	6.1633	8.8997	6.6984	5.2632	6.5332	6.3551	7.0217	6.3772	6.4261	7.1641	7.3011	6.5595	6.1541	6.6504	7.0428	6.9482	6.9299	6.3982	6.6822	7.7278	6.912	5.4479	7.0365	7.5844	6.9764	7.9024	6.7552	9.1231	6.4906	6.7173	6.0876	7.3427	6.9957	6.6535	6.6359	6.846	6.6572	6.2702
U133A__CAPG	5.5436	6.09	6.0747	5.3709	7.3148	8.3836	5.7225	7.9746	5.6088	5.5312	7.3005	6.7155	9.1021	6.3692	7.1039	6.072	8.3187	9.6081	9.0181	6.5195	6.2756	5.7657	9.0276	6.0225	6.1538	8.8725	7.2494	7.4471	10.9442	8.9883	6.6338	5.9754	7.3477	5.5005	7.4246	7.8751	6.1978	5.8745
U133A__BAMBI	7.9423	7.7371	8.0959	8.9023	7.5743	6.9601	6.2266	9.6671	8.1715	6.709	9.1836	5.0368	8.6409	7.1635	9.9698	9.0514	8.4507	6.8335	6.9717	9.2056	9.9099	9.005	6.2606	10.1474	9.4644	8.5589	8.7966	7.9292	4.5666	6.7164	5.3211	8.6945	8.4329	7.2579	7.7471	9.0866	9.8166	7.6499
U133A__TPD52L1	7.5691	7.9725	8.419	7.606	7.9326	4.9533	6.9205	7.7398	7.015	9.1963	6.7747	6.7627	9.2769	7.7655	7.331	7.9275	6.0534	8.7119	4.9874	8.7672	9.101	8.1636	4.4448	7.2668	8.9955	10.0234	6.5342	8.4437	4.5276	7.166	5.6365	8.1106	8.9222	9.7928	8.0223	8.0755	7.4465	7.8597
U133A__KIAA0182	8.7175	8.7547	8.2326	9.4399	8.9626	5.5927	8.9031	7.0695	8.2032	9.5198	6.5335	7.1268	7.6521	7.6461	8.5395	7.194	7.6429	7.7941	6.6802	9.3437	9.2681	7.1592	5.5687	8.3507	9.4821	8.1927	8.8215	8.4014	6.3604	6.768	6.9346	9.4211	8.9541	8.2608	10.1651	8.3246	9.5845	8.7069
U133A__LAMB2	8.1243	6.9331	6.1194	5.3368	6.0646	6.7282	5.7382	6.9642	6.1662	5.2838	5.4219	4.8086	6.058	5.2916	6.3258	6.2431	6.0447	7.3694	6.4274	5.1666	6.2658	7.1113	5.9146	7.8648	6.676	5.6942	6.7376	6.1559	6.6505	6.0157	6.1049	8.712	6.379	6.7894	7.122	7.2784	6.3862	6.0386
U133A__IGFBP6	5.6731	5.3829	5.4442	5.5177	5.4819	5.8921	6.136	6.4634	6.072	5.3744	6.0119	8.7753	8.4806	5.5659	5.5465	5.6679	9.4268	6.2516	8.8554	6.6417	6.2663	5.9126	7.9486	6.1228	5.5454	5.6252	5.7893	6.0209	5.8285	8.1014	8.1687	5.7392	5.2594	5.5176	6.0702	5.4302	5.9415	5.281
U133A__PDGFC	5.5151	4.7072	6.4241	5.306	4.2114	8.5446	4.2682	7.5679	8.1244	3.5487	4.7294	7.0604	5.2036	7.8858	6.5847	5.6004	6.6393	7.1701	6.9926	4.1352	3.636	4.0802	7.2686	4.8705	6.5591	5.3401	5.7983	4.7499	8.8223	6.3115	7.8914	4.062	8.5844	5.1023	5.7918	4.4004	5.4727	5.9931
U133A__MED1	6.789	9.401	6.6315	9.8321	6.7544	6.543	6.5188	6.1616	6.714	5.4657	6.4849	6.584	6.2933	5.5168	6.165	6.7157	6.7015	6.6643	5.9833	5.9938	6.0596	6.5369	6.341	6.0538	7.1028	5.6961	6.8213	9.7185	6.1455	5.8447	6.5327	5.9984	6.2341	6.2636	7.0154	8.3873	6.1249	6.4994
