Cell lines	600MPE	BT20	BT474	BT483	BT549	CAMA1	HCC1143	HCC1428	HCC1569	HCC1806	HCC1937	HCC1954	HCC2185	HCC38	HCC70	LY2	MDAMB134VI	MDAMB157	MDAMB175VII	MDAMB231	MDAMB361	MDAMB415	MDAMB453	SKBR3	SUM1315MO2	SUM149PT	SUM159PT	SUM185PE	SUM225CWN	SUM52PE	UACC812	ZR751	ZR75B
Response	-1	-1	1	-1	-1	-1	-1	-1	1	-1	-1	1	-1	-1	-1	-1	-1	-1	1	-1	1	-1	1	1	1	1	-1	-1	1	-1	1	-1	-1
U133A__GRB7	8.3996	7.1275	10.6507	7.1976	6.3286	7.053	8.3948	7.1531	9.4888	6.7622	7.2019	11.2984	7.5151	6.7119	7.5479	6.1629	6.6554	6.355	7.4331	6.1061	8.6563	6.8747	7.812	9.662	6.2945	6.9855	6.7471	7.4331	12.4555	7.0393	10.4791	7.1442	6.9964
U133A__PIP	6.4355	6.3157	7.061	7.2807	6.2596	6.2897	6.4685	6.2459	6.3056	5.9752	6.0752	6.4284	6.7761	6.1173	5.7083	6.0998	6.1608	6.1202	10.0061	5.8344	7.7157	6.8376	7.9615	7.0196	6.1485	6.3994	6.1424	11.8405	8.7615	6.0735	8.8185	7.5776	6.1976
U133A__KMO	5.7671	5.6079	6.0018	5.9323	5.4186	4.9161	5.6305	5.4732	5.4523	4.9175	5.0193	5.6756	7.1436	5.8379	4.714	4.7488	4.5188	5.1243	7.3547	4.6571	7.0098	5.6323	8.8071	6.233	5.1258	5.2933	4.7453	5.5913	8.7828	4.6167	5.529	6.2072	4.8873
U133A__ERBB2	9.3202	7.8098	12.0098	9.58	7.0802	8.4009	8.7493	7.6523	11.8139	7.294	7.8108	11.5446	9.3757	8.1445	7.98	7.0358	6.8815	7.0918	9.2857	6.6117	11.035	7.8448	10.215	11.611	6.9193	6.6093	7.3643	8.4025	13.0449	7.652	12.1946	9.1095	8.3688
U133A__DDIT4	7.5309	6.8728	9.5108	6.8696	10.5424	8.9504	7.5289	7	9.2058	8.7386	8.6661	6.8977	6.091	7.4198	8.3905	7.3089	7.2565	7.6621	8.6169	6.395	8.1399	8.6558	9.5738	9.6591	9.6427	10.4824	8.3328	9.356	9.8628	9.6722	10.9391	9.3186	8.7454
U133A__CAT	9.2728	8.9651	8.6094	8.1768	7.6458	7.9778	7.1926	9.183	8.3309	11.1759	8.5523	9.9741	8.1137	7.7908	8.3007	7.4298	9.1065	7.2563	8.7414	8.3873	9.0302	7.4691	8.3149	8.1271	8.2005	8.7364	8.0446	6.1542	10.075	8.6121	9.0364	7.6033	7.5928
U133A__ZNF544	6.9864	8.7357	6.9637	7.6542	7.1156	7.4338	7.4326	7.4451	6.6237	9.6213	8.1072	6.7879	7.0077	7.3676	6.9216	7.0009	7.2612	6.3988	6.4939	7.2039	7.0974	7.1081	6.2996	6.724	7.0081	6.8126	6.8659	7.3366	7.3685	6.3543	6.629	6.3383	6.9272
U133A__SLC12A2	10.8301	7.4859	8.1968	7.0689	6.6955	7.2458	6.6463	6.7385	7.2896	7.4138	8.0077	7.9024	7.6004	6.4072	6.7053	8.54	7.0651	6.5537	8.7772	6.7589	10.0865	9.2415	7.9819	6.782	6.9139	7.3307	6.6781	7.7796	9.7845	6.9059	7.6067	6.5298	7.0343
U133A__RNASET2	8.128	7.3384	8.3523	7.6879	6.5304	7.4109	6.2817	7.2288	8.724	8.1106	6.9623	7.4644	7.8744	5.712	7.6474	7.8307	8.1991	6.5105	7.9749	6.851	9.2695	6.9932	8.1165	8.4278	6.555	7.8822	6.0853	9.1341	8.5411	9.2691	10	7.9327	8.4503
U133A__KIAA0100	8.8681	7.9417	8.8628	8.6047	7.4282	8.9246	7.7525	7.9503	8.0312	8.2047	7.8415	8.2902	8.4022	7.8823	7.6288	8.8026	7.8276	7.2512	8.327	8.6738	9.0547	7.8274	8.4813	9.7569	7.9615	8.3141	8.6067	7.8017	8.8547	8.3358	10.2621	8.2115	8.5997
U133A__SPRY4	9.1625	6.7206	7.0909	6.6778	6.1402	6.2326	6.5822	6.1928	6.858	6.8281	6.4451	6.6843	6.3436	6.4449	6.0177	6.1993	6.8972	6.7042	8.6704	9.0079	6.9669	6.9797	7.1359	7.2561	6.6597	6.6632	7.669	6.9477	7.7472	7.2227	7.6452	6.1551	6.3391
U133A__EFEMP1	7.4576	3.9936	4.9476	7.2537	9.8537	9.8452	11.5931	9.5939	4.5082	9.0406	7.8452	6.2124	9.5684	11.2032	9.9411	6.8707	4.3448	9.1576	7.5869	6.0508	5.3781	9.5557	4.4232	8.7332	3.8355	9.2272	9.7898	10.0329	9.0876	4.2679	7.0931	6.9504	7.616
U133A__CRIM1	6.6823	7.7575	4.5538	5.2347	6.6582	3.5903	7.9088	5.8645	5.4013	6.6716	6.0828	6.2967	6.6118	6.5511	6.4677	4.209	4.8435	6.3739	5.1213	8.3257	4.25	5.0642	4.1324	4.8529	6.1856	4.9762	7.7736	5.3263	5.4297	7.3237	4.7611	3.0831	4.056
U133A__PGAP3	6.0798	5.5166	7.8242	5.9351	5.2618	5.6344	6.0077	5.2591	5.2674	5.2901	5.1176	8.224	5.914	5.4125	5.624	5.12	5.6203	5.1433	5.5062	4.8408	7.3947	5.4054	5.9113	6.9123	5.3523	5.1623	5.3377	5.4946	10.9139	5.4472	7.9766	5.7382	5.5235
U133A__EGR1	7.1754	7.4441	7.4814	7.3888	6.308	5.4248	5.9257	5.819	6.5474	5.91	8.6843	5.9632	5.6021	6.9361	5.6816	6.0611	5.7529	5.9859	5.2688	6.1269	7.3378	5.4053	6.8313	9.3693	6.3465	7.0071	7.1152	5.2344	7.6351	5.7512	6.4399	5.7614	5.5811
U133A__SQLE	4.6168	4.3591	6.8869	5.4736	6.0938	5.7546	5.7628	7.445	7.1082	5.9528	5.9324	6.0501	8.6598	4.967	7.0212	5.7956	6.6369	5.7665	6.1527	4.5071	4.947	6.3689	5.9702	6.331	6.4119	6.1972	5.8236	5.8157	9.494	6.6624	7.4374	4.6577	6.0556
U133A__ACSL1	5.8954	6.9153	8.658	6.2343	5.1716	7.2737	7.9344	6.185	8.0636	6.2	8.2443	6.2225	6.7455	7.044	8.7631	4.917	6.4659	5.6861	7.0502	5.928	7.5073	7.6861	8.5253	6.84	4.6924	7.4148	6.8998	6.3058	9.291	8.5472	8.1543	5.7848	5.8106
U133A__OBSL1	6.4514	8.0289	7.8813	8.0845	7.8676	6.4196	6.992	7.9661	7.1877	6.5112	6.835	7.0874	9.4103	7.4016	7.6103	8.8911	6.4547	7.3043	7.8238	6.2485	8.0171	7.5013	8.824	7.9762	6.5707	7.5554	5.2249	7.6849	9.4082	7.1551	8.0534	6.569	5.8275
U133A__GUCY1A3	5.4652	5.838	7.1808	5.9138	5.8476	5.8015	7.6401	5.8467	6.0758	6.0679	6.2103	6.7409	5.4549	5.9645	9.6817	5.8029	5.9583	7.0617	8.6966	5.7511	7.6344	5.8884	7.9841	5.6766	5.9908	6.2184	5.8468	7.1128	6.5455	5.6473	5.8095	6.3131	6.0079
U133A__GCHFR	7.0875	7.3299	7.4086	6.3534	5.9174	7.0334	6.0695	6.5892	6.057	5.9386	5.6697	6.4225	7.2153	5.5521	9.3148	6.6593	6.846	5.6439	8.0588	4.8651	7.7018	7.5975	8.9348	8.3753	6.5251	6.4883	5.3529	6.5813	7.5842	5.7935	6.8993	8.7278	7.0875
U133A__ABCC3	6.7998	6.7733	8.3655	6.3588	6.1449	5.6793	6.2483	6.1385	7.0839	6.7611	6.6307	6.1827	7.0465	8.2582	6.1346	7.3609	6.7686	6.7769	9.4899	5.8987	8.1698	8.4291	6.7496	6.5224	6.1021	6.8492	6.7801	6.0395	8.2946	7.6244	7.6603	6.0687	5.6685
U133A__DTX4	8.5534	7.5579	7.4076	6.3974	6.0917	6.706	6.3983	6.4963	8.0591	7.1172	8.3881	7.9724	9.3534	5.8196	7.6493	6.0955	6.6433	6.6331	8.2983	5.8898	7.0834	7.3844	6.6527	7.4584	6.2423	7.1386	5.167	7.0847	7.7214	7.9261	9.3252	6.781	6.6645
U133A__BUB3	6.6002	5.8925	6.0351	7.3624	6.5937	7.3754	7.8016	7.7009	7.2229	7.9427	8.537	6.9331	6.8889	5.998	7.222	7.425	8.0473	7.0969	6.6585	7.9701	7.2205	8.2642	7.2657	6.3573	7.891	6.8639	7.7743	7.7615	7.1787	10.1185	7.5848	8.3318	7.4434
U133A__TSKU	11.0637	8.5092	9.0798	8.5228	7.578	7.5767	7.5938	8.2058	8.1601	8.241	8.0502	8.5889	7.7436	8.165	6.5287	8.035	8.9638	7.4804	8.8192	7.5084	9.0219	8.4862	8.7443	7.8671	7.6819	8.0746	7.4697	8.6837	8.4816	8.7885	8.559	7.7132	7.2394
U133A__ASPH	5.3746	8.484	6.5254	8.1324	6.8716	5.3035	6.5755	6.0212	7.3679	7.8645	7.2219	8.1345	5.177	8.8405	7.2005	6.6102	6.6341	7.0177	8.5437	7.5871	7.8154	6.9904	8.6886	6.7725	7.7094	6.3051	7.5512	6.0606	8.0946	8.6961	8.2391	5.9685	5.6668
U133A__EMP3	4.327	4.4028	4.2731	4.2246	9.9908	4.5129	5.9249	4.8069	4.4271	6.169	4.4585	4.1728	4.8236	9.0618	5.7623	4.4979	4.5679	9.169	4.2846	9.3624	4.4717	4.519	4.3967	4.5344	9.6246	8.36	9.3993	5.4208	4.3435	4.3907	4.1567	4.2003	4.5004
U133A__P4HA1	5.7618	6.1237	8.818	8.1603	9.0919	7.1902	6.5065	6.6997	6.2185	7.4434	5.8957	7.3668	6.2182	7.365	7.7865	6.5969	7.498	7.5294	7.6432	7.5739	7.4626	7.2203	7.9305	9.3707	8.5351	7.5698	7.0624	8.8927	7.9661	6.1585	9.5099	10.0873	8.6853
U133A__FMOD	10.2579	5.9785	7.7497	5.8143	6.0435	6.017	6.1908	6.5752	6.0804	5.7981	5.9072	6.5648	6.206	6.0219	5.7453	6.1173	6.0289	6.2904	6.6446	5.5456	8.228	6.7226	7.1044	6.1881	6.4336	6.3553	5.7729	6.0522	6.3879	9.243	5.7972	8.2792	6.1841
U133A__GJA1	2.8251	2.9544	2.9839	5.4689	10.2343	2.855	3.0983	8.3065	2.8297	7.2101	2.6602	2.7479	2.9591	7.2452	2.8227	3.0721	4.9732	7.1043	2.9603	7.1958	2.8845	2.8895	2.7177	2.747	10.3929	2.8106	7.9029	2.7828	2.8426	2.8623	2.8055	2.7005	9.3974
U133A__C2orf54	7.7605	6.5213	6.8355	6.3039	5.7915	6.2505	6.405	6.3454	6.0255	5.9557	6.8201	6.0669	7.6327	6.0383	5.8493	6.2292	6.1992	5.841	7.4306	6.0411	7.0844	6.0172	7.549	8.1948	6.0615	6.1171	6.017	6.361	7.3656	7.5534	8.6595	8.4196	6.0049
U133A__KRT7	10.1211	11.0859	10.6804	10.0912	3.555	8.9173	9.7258	4.8813	7.8858	9.3769	10.4135	11.0505	10.5188	9.5229	9.7402	6.1713	8.418	4.0198	10.127	8.702	10.5889	10.3833	9.0756	10.8183	3.5269	11.4685	10.7265	10.5658	11.6066	9.6603	10.3015	6.8825	5.5108
U133A__FAM46A	5.9224	6.9012	6.4989	6.5939	10.377	6.3097	7.2304	5.9835	7.5642	6.5371	6.9581	7.4695	6.0447	7.0531	7.658	7.1067	9.2415	8.8317	7.2835	6.583	7.8299	6.9538	7.1539	6.7306	7.5647	6.494	6.2832	6.2753	7.3458	5.9477	7.6666	7.0118	6.554
U133A__DNM1	5.6161	5.4321	5.8578	5.8727	6.6942	5.6352	6.4943	5.9955	6.2088	7.913	6.0178	5.36	6.3878	8.6169	8.4682	5.5244	6.3168	7.6517	5.6249	5.6326	6.4587	6.9409	5.6904	5.7951	5.5233	6.324	5.5619	5.3328	5.261	5.5189	5.462	5.8005	8.0049
U133A__ST14	6.2778	6.1897	6.5451	6.0697	3.9898	6.2206	6.3367	6.6181	4.9063	6.9803	7.7047	7.101	7.1576	4.7531	6.3258	6.126	5.9004	4.5615	6.1623	3.929	6.3002	6.4807	6.4503	7.2871	4.9825	6.7263	4.1953	5.3351	6.6592	5.1746	7.4472	5.7941	6.2579
U133A__LRIG1	8.4873	5.1965	6.714	7.3323	3.8294	5.7543	4.6329	7.1662	4.7873	4.9515	5.9472	4.8144	5.5033	4.0003	5.209	5.4309	6.6869	4.104	7.4281	4.2748	8.0802	5.1363	8.3706	5.1384	5.4354	5.9374	4.1727	5.8208	8.3873	5.0683	6.743	6.956	6.6563
U133A__EPHX1	9.2984	9.1923	8.1169	8.3973	7.1109	8.2915	7.4411	8.4953	9.9386	8.5795	9.9609	8.4863	7.8213	9.4613	8.7891	7.0555	8.3233	9.6453	8.6387	6.3209	8.6889	7.9022	8.9822	9.2182	9.6237	8.4249	7.4054	8.0834	11.2866	9.5756	7.9728	8.159	7.221
U133A__PEG10	4.364	3.9906	8.1281	9.6016	8.1486	3.9172	3.9805	9.5011	7.9792	6.1931	5.5066	5.5936	8.8792	6.139	5.9425	3.7702	8.6599	8.9766	8.8855	7.1709	6.8148	5.9734	10.1885	7.2019	6.7001	6.6294	7.5611	7.2204	8.3068	5.4518	9.6121	7.1904	7.0366
U133A__PRODH	7.029	5.8233	8.8993	6.2647	5.8303	8.8246	7.1422	6.391	6.1094	5.6095	6.9142	6.0079	8.4251	6.0604	5.6111	6.283	6.2947	5.8934	8.895	5.9198	9.8687	8.7783	9.8905	7.0932	6.1111	6.2748	5.5846	7.0003	9.5521	8.7129	6.463	8.3004	8.9385
U133A__GGT1	6.3598	6.1146	6.9381	7.2095	5.218	6.6358	5.9838	5.8938	6.2897	5.7906	5.633	5.6301	6.5264	5.836	5.2491	5.6221	7.1572	5.3165	6.8532	5.7474	9.3288	5.4845	6.6688	7.0597	5.7279	5.4076	5.5316	5.1897	6.2766	6.0135	6.6745	7.9471	5.6866
U133A__ALDOC	6.5777	6.2278	6.6705	8.4622	5.9173	6.748	8.3786	6.2571	8.268	6.8246	5.9627	7.5516	6.3166	5.9395	5.9531	7.2912	7.8802	5.3038	6.7481	7.1603	6.11	6.5345	6.1454	8.8374	6.2906	6.7714	6.409	6.929	8.0066	6.3134	11.3442	6.2557	6.2591
U133A__RANBP6	4.7934	6.4418	4.2429	6.3425	6.7217	6.3532	5.4548	4.5938	5.5795	5.5374	6.4931	8.7863	4.0948	7.1459	7.2797	5.2136	5.9539	6.3699	5.797	5.9788	5.2613	6.0678	5.228	5.0434	4.4442	5.6174	7.2921	6.6713	5.6587	5.6978	5.6413	5.5102	6.0529
U133A__RARRES1	3.8994	5.6757	5.0216	4.0122	4.0492	6.0037	5.7348	3.9305	6.7637	3.5562	11.4641	10.2571	10.121	9.0356	11.2702	3.9169	3.8084	4.0365	8.6432	4.0386	4.0105	6.6888	4.6732	4.3522	3.9816	9.533	4.32	4.108	8.8969	3.7814	9.1176	4.1339	3.9863
U133A__BIK	6.79	5.7028	7.7609	7.8101	4.4661	7.2407	6.9484	5.8565	5.8302	7.4245	6.541	6.2117	6.5191	5.0893	5.7594	6.0503	6.6067	5.2379	7.4079	5.0096	7.3216	7.224	8.0241	6.3969	5.3947	7.7769	5.5715	10.0292	8.47	6.3561	6.5498	7.1572	6.2503
U133A__CRAT	6.1327	4.5222	8.5392	5.3326	6.6085	4.9208	5.0816	5.5972	6.259	4.5969	4.802	4.7328	6.135	6.8102	4.6552	4.7699	5.0092	6.6468	6.8732	4.6449	6.5012	7.3414	9.0429	5.5132	6.5242	6.0194	4.8625	8.281	5.362	6.3673	7.6199	7.4963	7.0787
U133A__CCND1	9.1764	8.2977	8.1237	9.1256	5.4377	8.8941	10.0998	9.1837	4.3292	8.6063	8.813	10.9904	8.1578	8.1008	9.0473	8.2177	11.883	6.9939	9.3043	8.8488	8.5351	10.1566	6.4129	7.9009	6.6177	8.3147	8.4694	8.7082	8.6652	8.5885	7.8528	8.5427	9.2077
U133A__VEGFC	4.7486	4.6119	5.143	4.9123	6.447	5.4106	4.5639	4.6426	4.6833	8.0047	4.7197	7.4878	4.728	4.5668	4.7086	5.0759	4.8807	6.9223	5.207	6.3583	5.5923	5.7777	6.2535	5.2711	9.0667	9.0267	6.5974	4.8815	5.4211	4.5863	4.9287	6.3003	5.0252
U133A__EFNB2	5.4764	4.9303	7.0119	6.4386	8.6207	7.4791	8.8445	6.4622	4.9044	8.2395	7.0896	7.4331	9.9666	6.9153	7.5536	6.4018	6.1413	8.3547	5.5304	5.5961	7.2819	7.5891	7.6132	4.8166	4.7258	8.8053	8.021	8.057	5.2698	4.9264	4.1326	4.9242	7.1568
U133A__NDRG1	8.6805	6.8656	10.7596	9.778	5.7369	8.7552	8.7441	8.2843	8.3586	8.4558	8.8067	7.6502	8.7344	6.3697	8.1136	6.8145	7.5775	7.4456	7.5	6.9756	7.9262	7.0386	8.4733	10.6886	7.7033	8.1369	6.9465	8.0954	9.5387	8.3876	10.4157	10.0224	6.6565
U133A__ST6GAL1	7.5625	5.9929	7.2917	6.8911	6.3983	6.7522	7.7139	5.8661	7.5149	5.8916	7.7151	6.8804	6.8176	6.364	7.6605	6.222	6.1597	6.2987	6.9109	5.5093	6.5635	6.4116	6.4165	8.3816	5.6415	7.1015	6.4914	6.7798	8.834	7.2075	8.8512	9.4175	5.8663
U133A__SLC6A8	6.9459	6.0022	7.4036	5.6976	8.3725	5.8974	5.6049	6.4491	7.5947	8.6334	5.8306	7.764	7.1394	6.8535	5.7344	5.9897	5.8509	6.4881	6.2545	6.0851	7.9234	6.7876	7.6796	9.4851	7.0348	8.6371	8.1285	9.511	6.0505	6.3318	6.2045	6.8256	7.9459
U133A__RHOBTB3	5.0787	6.7277	5.1065	5.6136	6.0473	6.2514	4.9227	8.5462	7.9271	7.835	7.275	6.0499	6.8141	6.566	6.6969	5.5974	6.5413	6.3596	3.3827	7.6414	5.9011	7.025	3.8914	5.5555	5.72	3.8442	6.2604	6.5518	6.8905	7.0476	6.662	5.3302	4.6212
U133A__HIPK1	6.3184	7.8447	5.9701	6.7472	5.8967	7.4766	5.5297	6.4174	5.3959	6.2966	6.9135	6.0831	6.1892	7.732	7.5153	9.159	6.9556	5.597	5.5219	7.5467	6.6465	6.821	6.4256	6.0304	6.1139	5.682	5.5594	6.6221	7.3452	6.9817	8.7591	6.2698	6.6961
U133A__BRP44L	7.3579	6.9671	6.6044	6.1956	6.4688	7.3948	6.1308	6.7401	8.099	7.6553	7.1964	7.7168	9.8542	5.8538	6.771	6.6991	8.2166	7.8053	7.8571	6.8111	7.5752	8.1616	7.7041	8.3869	7.4621	6.758	7.6077	7.3253	8.9495	9.1394	7.457	6.8471	7.551
U133A__PSCA	6.6794	7.2379	5.2285	4.9533	4.2226	4.8065	5.209	4.64	4.7495	4.3334	5.1205	5.3627	7.273	4.1651	4.4817	4.7136	4.4292	4.5383	9.04	4.3378	10.8662	8.2352	4.6424	5.1155	4.7656	4.5504	4.7827	9.1162	7.0019	6.9657	5.4954	4.3161	4.4651
U133A__TNFAIP3	5.9295	5.5933	5.7553	5.6916	5.7218	5.7495	6.4198	6.1028	6.7203	8.4994	6.6061	6.4225	5.9013	6.7715	6.2094	5.4449	5.9057	6.3513	5.8423	5.564	5.8709	5.9297	5.7984	5.9432	6.3301	8.7543	8.0292	5.6503	6.7221	5.5626	6.2742	5.6705	5.6778
