Cell lines	600MPE	AU565	BT474	BT483	BT549	CAMA1	HBL100	HCC1143	HCC1187	HCC1428	HCC1569	HCC1806	HCC1937	HCC1954	HCC202	HCC2185	HCC3153	HCC38	HCC70	HS578T	LY2	MCF7	MDAMB134VI	MDAMB157	MDAMB175VII	MDAMB231	MDAMB361	MDAMB415	MDAMB436	MDAMB453	MDAMB468	SKBR3	SUM1315MO2	SUM149PT	SUM159PT	SUM185PE	SUM52PE	T47D	UACC812	ZR751	ZR7530	ZR75B
Response	-1	1	-1	-1	1	-1	-1	-1	1	-1	1	1	1	1	1	1	1	1	1	1	1	-1	-1	-1	1	-1	1	-1	-1	1	1	-1	1	1	1	-1	1	1	1	-1	1	-1
U133A__RHOB	10.4942	9.873	11.0388	10.4831	6.7962	11.0472	8.3443	6.5967	5.3472	11.2735	6.8223	5.304	6.3977	6.8571	10.6523	9.5881	6.7605	5.6554	4.5314	6.3916	9.3614	9.9117	11.0411	7.4355	10.1894	6.7163	10.5222	9.9235	9.2453	10.7721	7.3136	10.9564	5.3243	5.6316	8.7454	9.5754	9.765	9.1037	9.9938	10.6561	9.3275	10.3209
U133A__KANK1	5.1845	6.3431	4.4629	5.8517	6.3967	4.9071	4.5114	7.1835	6.6344	4.4494	7.8058	6.3191	6.8472	5.5078	4.8784	4.5401	6.1554	7.7999	8.4046	6.2557	5.5361	5.3198	4.7946	4.5636	5.0467	5.6924	4.7356	4.2955	5.8591	5.7617	6.8357	5.8712	5.7353	5.6835	7.4	5.007	6.1543	5.6976	6.0245	5.7133	6.432	6.2831
U133A__SERPINH1	7.3383	7.1112	8.1094	7.609	10.5733	9.4768	8.6268	8.1624	9.1995	7.2126	9.7949	9.0328	9.016	7.5828	8.5273	8.1352	9.7503	8.4767	8.1285	9.4153	8.799	8.2441	7.2596	6.5507	9.796	8.2198	7.7041	7.8123	8.8173	8.1456	7.3328	7.2836	9.8089	9.2239	8.8404	6.2635	9.6402	8.6763	7.692	7.3527	7.3068	6.6774
U133A__IFNGR1	6.2688	7.5228	6.3571	5.4815	5.8801	5.2355	5.7804	6.8528	8.334	4.6056	6.7327	8.5441	8.1554	6.8216	4.8815	8.3696	6.9811	7.6443	8.2171	6.8533	6.2653	5.2145	6.2502	7.4998	6.6431	6.5338	6.6722	6.1714	7.2957	6.5028	8.8206	6.212	6.5564	7.4746	7.0159	6.9089	6.8947	5.0929	7.0664	5.7274	6.1177	6.2415
U133A__WWTR1	5.5378	5.4353	3.966	4.1743	7.3987	3.3913	5.7099	8.3892	5.0729	5.616	6.4266	6.3704	8.6394	6.8808	4.278	8.0557	6.9231	9.3347	8.5677	7.4314	3.8181	3.8193	3.4958	6.5088	4.0356	6.9541	4.5266	3.6265	6.1605	4.75	6.726	5.0238	7.8837	6.1643	5.4187	3.2832	8.0272	5.8601	6.6523	5.1135	5.1994	3.6301
U133A__RIPK4	6.9369	8.614	7.3972	7.0338	6.6705	7.0491	6.4881	9.796	8.8061	7.3564	7.6975	8.7888	8.9884	8.8039	8.166	10.051	7.9447	7.9849	9.5888	8.0963	7.4957	7.1495	6.9917	9.6954	7.2635	6.6804	7.1106	7.1915	6.6007	7.0182	9.2631	7.6382	9.5498	8.7522	7.4829	8.2037	7.8159	7.7129	8.042	6.7148	7.4084	7.0509
U133A__GCLM	6.0291	7.5479	5.4249	5.7461	7.6196	7.7395	6.217	5.5992	7.0837	7.1773	7.0669	8.3129	8.4717	7.7987	5.9682	6.114	8.1152	7.5195	8.4664	8.4537	6.8713	5.8763	6.9286	6.4362	5.0065	8.8706	6.9329	7.2826	7.292	6.7209	8.5339	6.6394	7.626	8.7869	8.1921	6.054	7.1043	5.0209	6.7278	4.8826	7.8625	6.8645
U133A__PRNP	6.1952	7.6265	4.4988	6.3549	8.3473	2.8621	7.7789	8.8473	8.0052	3.5182	8.5845	9.0397	9.2202	8.6949	3.0417	6.9932	8.0449	9.5522	7.329	9.3616	5.659	4.5659	3.7609	8.366	6.9978	8.3535	5.8395	3.3305	6.5325	4.0872	8.1388	7.1137	7.4428	8.3248	8.0389	5.8058	8.4491	6.0263	6.8121	4.5816	4.4824	5.6471
U133A__DIP2C	6.0306	5.6	6.1426	7.3021	5.8184	7.2703	5.3375	5.9785	7.7083	7.6453	5.5877	6.3643	5.5528	4.2909	6.1653	5.8443	5.318	7.5229	3.946	5.2792	6.2597	6.5002	7.245	7.9021	6.0921	5.9908	7.1526	6.9179	5.8195	6.2128	5.3291	5.3484	6.081	4.2421	5.8763	8.1831	5.1349	5.6502	6.3524	6.2191	5.9423	6.4159
U133A__COTL1	3.8873	6.1669	4.9965	7.057	8.685	3.9985	8.114	6.2075	4.6672	5.8737	7.9639	9.1007	8.7132	9.1908	5.7679	4.9764	9.1278	8.7305	8.2581	8.4075	6.502	5.7289	4.8017	7.2017	5.5067	8.776	5.4758	5.1598	7.8233	5.832	9.0136	5.7785	6.831	8.3543	8.6649	5.26	6.4731	6.115	5.3958	4.3443	4.0865	5.3925
U133A__CALD1	4.2559	5.8786	3.9365	4.9682	7.9225	3.6763	6.3654	6.2884	9.1905	3.4181	8.0223	6.0784	7.1754	4.4506	5.9083	5.5558	9.2409	8.6378	8.8403	9.3954	3.6019	3.9175	4.3435	7.5768	4.9728	7.2995	5.0421	4.1759	7.5142	3.5041	7.4042	4.7812	7.3616	7.3157	7.8436	7.7707	6.7517	4.3805	4.0465	4.0081	5.9235	3.6434
U133A__ASPH	5.3746	6.8366	6.5254	8.1324	6.8716	5.3035	6.6723	6.5755	6.2036	6.0212	7.3679	7.8645	7.2219	8.1345	4.4642	5.177	5.7293	8.8405	7.2005	8.9386	6.6102	5.3359	6.6341	7.0177	8.5437	7.5871	7.8154	6.9904	5.8901	8.6886	6.3256	6.7725	7.7094	6.3051	7.5512	6.0606	8.6961	5.212	8.2391	5.9685	8.1709	5.6668
U133A__KRT5	4.8077	4.8878	5.0165	4.7598	5.3606	5.2034	5.1382	9.8089	10.1851	4.7424	5.3075	11.7433	10.7402	5.5063	5.4241	4.9714	8.9525	8.389	12.0252	5.8278	5.7844	5.2101	5.1395	5.0057	5.0121	4.6854	5.0561	5.6323	5.1925	5.0849	9.7834	5.3946	5.0225	8.8317	4.8533	4.9464	5.2698	4.9329	4.9699	4.9937	5.2146	4.9555
U133A__CHN1	6.5311	5.9812	6.8807	6.9491	7.0345	7.4646	7.5213	6.5837	6.6716	7.5815	6.5206	5.833	5.8687	6.1969	6.8903	5.689	6.1582	8.0957	6.6152	6.58	7.1704	6.9188	6.3722	9.1868	6.0755	7.0938	6.8787	6.7295	8.035	6.1745	5.9018	6.2256	6.4345	9.1519	8.3679	5.7574	6.5288	6.2308	5.9554	7.3065	6.0956	7.0723
U133A__NMI	5.4002	6.3355	5.7453	6.2096	6.1877	3.8738	6.686	5.7535	7.1553	4.6454	6.3539	7.9995	8.664	7.9398	6.1445	6.8946	7.0581	6.7868	8.4223	6.1866	5.3983	5.7694	4.0752	7.4026	5.436	6.8466	6.5341	3.9968	6.5408	5.6363	8.6585	5.8808	6.4119	8.0871	6.5488	4.6572	5.5115	4.7055	6.0912	6.4388	4.0133	5.2935
U133A__ISG20	8.275	7.6967	6.2746	5.2423	5.0474	6.6827	6.4422	6.8949	5.3508	5.1734	5.7079	4.9467	5.2002	6.1257	6.1106	5.3907	6.1804	6.1827	7.1092	4.8358	5.1388	6.1813	5.9174	6.6011	6.2896	4.7503	5.8328	6.4042	6.0334	5.2956	5.4765	7.6847	4.819	6.2048	5.2027	7.8979	6.5604	5.2023	7.1331	7.9348	6.3301	7.1531
U133A__MYST4	7.0787	6.8894	6.0654	8.0895	5.6758	5.793	5.2378	5.4408	7.1973	6.6176	5.3211	6.4505	5.2011	5.0087	5.4608	5.5126	5.0508	5.4213	5.8407	5.1085	4.9302	6.0605	6.3682	5.4057	5.8903	6.1108	6.9664	7.4141	5.7057	6.5656	5.521	5.5771	5.5914	4.719	5.0868	7.9743	5.7341	5.835	6.4515	7.4708	6.5154	8.7538
U133A__BACE2	9.3765	8.281	6.3105	6.1423	6.0657	5.3419	6.603	7.5574	6.834	6.793	7.912	7.5191	7.95	7.8842	7.7563	9.2403	7.9159	7.0988	9.2209	6.3671	7.1378	6.2433	5.9436	6.2496	7.3922	6.7457	6.6809	7.7806	6.3089	5.4893	8.2188	9.4037	6.7943	8.3682	6.6684	5.4672	6.8133	7.5997	8.4457	6.8962	7.3362	6.4187
U133A__SIK1	5.5407	6.6616	4.9096	5.4238	6.6913	5.4221	5.3659	7.7282	8.163	5.4636	5.4409	6.6593	5.7017	6.0411	5.9479	5.3807	7.5037	6.582	5.9786	5.4702	6.3386	6.4975	5.7459	5.7844	5.5274	5.4881	5.517	5.6329	6.3212	4.9697	6.495	5.7079	6.6356	7.7926	6.1986	5.6693	6.413	5.5653	6.0509	5.3543	6.0703	5.5297
U133A__KRT17	4.5314	4.4229	4.4065	4.2371	4.2453	4.4635	4.338	9.1914	6.9783	4.6626	4.4668	7.7268	10.2366	8.2134	4.4425	4.4224	11.2313	4.6517	5.2437	4.895	4.8219	4.4969	4.2308	4.2958	4.5319	4.5144	4.4182	4.8657	4.383	4.5314	8.6433	4.5867	4.6411	8.0138	4.531	4.2526	4.5278	4.4662	4.2884	4.3942	4.3801	4.1639
U133A__CCNE1	6.8741	7.656	6.0468	6.445	6.8969	7.2893	6.4485	7.2019	7.4141	6.8348	10.73	9.2363	7.2786	7.4831	6.9354	6.9815	7.6167	6.8902	7.2455	6.758	7.6532	6.6415	6.293	8.9341	7.247	6.0525	6.3022	6.87	6.7345	6.3794	7.7478	7.0469	6.7699	7.6627	7.2453	5.2141	6.1398	6.3324	6.5824	6.3656	7.0144	7.2583
U133A__CA12	9.2856	6.8362	6.6024	10.0646	4.94	9.4907	5.492	5.3522	5.2704	9.9923	5.8997	5.8965	5.9293	4.8096	8.2238	5.138	5.3006	5.185	5.1204	6.4199	7.0757	8.7923	10.1694	5.1916	8.8035	5.7859	7.8998	10.1217	9.4883	9.7319	5.0811	8.5665	7.398	5.5183	8.3814	7.6774	8.1588	9.8759	9.6625	8.016	9.0663	9.0498
U133A__TNC	5.3228	4.6808	5.0294	4.8493	6.8118	4.6548	6.2793	5.8077	9.2972	4.909	6.0354	4.8131	5.0022	8.1084	6.7858	5.3092	6.2336	9.3754	8.5657	6.5111	5.0374	4.7272	7.5415	7.5353	5.0349	5.0495	6.0046	6.2086	7.7184	9.5715	6.4274	4.904	7.4837	8.1507	6.8616	5.1442	7.8556	4.9164	6.5265	5.2553	5.9237	4.8657
U133A__SNAP29	6.0753	6.8847	6.6089	7.6741	7.0706	7.4019	7.2179	6.5554	7.2833	6.8021	7.1487	7.2073	7.9185	8.4478	6.9875	6.7032	7.5518	7.013	7.1292	7.5478	6.7251	7.0938	7.2318	7.2566	7.0695	6.7081	7.2875	7.2888	6.7597	7.6468	7.4473	6.3874	7.2314	7.0364	7.2486	6.6066	6.8386	7.0725	7.5151	7.0041	7.5015	6.7427
U133A__IGFBP3	5.6494	4.871	5.2836	5.3476	10.6212	4.8745	6.3437	10.6165	6.9528	5.2737	5.3532	11.0036	11.5055	9.3428	8.2413	11.644	9.1924	11.6705	11.6134	10.2776	5.4442	5.6197	9.3685	7.9102	6.1709	6.3213	6.7394	5.1851	9.7614	9.1549	10.5365	6.1615	10.0354	6.1315	5.5192	8.1578	5.9969	5.2047	7.5049	5.0017	5.4275	4.7505
U133A__TFF3	12.242	7.4282	11.8098	12.1898	5.9539	7.9505	6.1278	5.6693	5.4995	9.7873	5.9862	5.5639	5.8248	5.9636	6.9685	5.7579	5.9571	5.5964	5.385	6.1336	7.9223	8.6074	8.054	6.0694	12.8617	5.781	12.1275	8.7981	5.6714	6.2142	5.5641	7.2255	6.0829	5.986	5.7096	12.552	6.9097	7.2481	12.881	8.677	10.9125	9.4077
U133A__CAT	9.2728	8.6882	8.6094	8.1768	7.6458	7.9778	7.5238	7.1926	8.5442	9.183	8.3309	11.1759	8.5523	9.9741	7.1944	8.1137	9.9591	7.7908	8.3007	7.9061	7.4298	7.812	9.1065	7.2563	8.7414	8.3873	9.0302	7.4691	8.5198	8.3149	9.6639	8.1271	8.2005	8.7364	8.0446	6.1542	8.6121	9.4779	9.0364	7.6033	9.6906	7.5928
U133A__CBR1	4.6632	8.0566	5.0839	5.9771	8.1128	6.1108	7.0313	7.0953	6.9501	5.0824	7.8906	8.3527	6.8649	4.8263	5.8994	5.977	7.2162	6.746	7.0213	7.284	7.2775	6.5636	4.8918	7.3525	5.6315	6.639	4.8369	6.4233	7.0842	4.6356	7.2654	7.4491	8.3041	7.4609	7.6399	5.8024	6.1997	7.0802	7.7375	4.251	5.0283	4.3691
U133A__EXT1	5.9409	6.9912	6.0302	6.0805	8.4548	5.5923	6.9876	6.8187	7.0983	7.327	6.7887	7.3775	8.1855	10.4735	6.8258	8.2801	7.7689	7.278	7.6661	9.1103	6.1098	5.6871	5.344	9.0202	6.2664	8.134	6.311	7.1049	8.246	6.3766	7.7789	6.5234	7.4435	8.7782	7.0972	7.003	7.0514	5.8885	6.2246	5.1195	6.942	5.2664
U133A__TGFBI	5.9683	6.9042	6.5837	5.5476	6.1062	5.7755	7.9789	5.3076	9.9085	5.8022	5.705	8.7344	7.4678	9.0113	6.0496	7.0812	6.6511	11.1168	10.6715	11.2079	6.2419	8.2212	5.6705	10.843	6.2392	7.7059	5.9087	6.0484	6.6849	5.846	7.5198	6.7466	11.8115	10.622	11.553	5.5123	5.6781	5.5711	6.5084	5.5391	5.9796	5.3747
U133A__FGFBP1	6.1965	5.9643	6.2317	6.0306	6.0087	6.0549	6.1782	7.9137	6.4222	5.8326	6.1927	9.4132	8.8245	6.3854	6.5978	6.9877	9.3619	7.9677	9.2637	6.2197	6.3322	6.2949	5.9408	5.8681	6.0405	5.8598	6.0973	6.9935	6.3185	6.0582	7.8898	6.3467	5.9731	7.9884	6.3369	5.9495	5.9557	6.0645	5.75	5.7739	6.4898	5.7076
U133A__KRT23	7.5352	6.672	5.1849	6.4603	4.7636	4.7368	4.2736	9.4293	4.776	5.0732	9.4778	4.756	10.0895	7.6207	6.2461	5.997	9.7897	8.9188	9.1358	4.7927	4.5752	4.9813	5.4488	4.7175	6.1306	4.2315	4.9867	5.8845	4.2843	5.3302	10.3263	5.5014	4.8953	5.6731	4.7272	7.3771	7.8789	9.8398	7.9744	5.1192	7.4337	4.4947
U133A__PLSCR1	5.7683	6.133	5.6899	7.381	7.0623	5.5627	7.7485	9.5252	8.7953	6.0307	7.8496	7.6944	10.6908	8.7217	7.12	6.6667	8.7989	7.5371	10.1561	6.8395	6.7902	6.9671	6.7378	7.3472	6.7924	7.2952	6.6431	6.6225	6.6973	5.9994	10.0131	5.5298	6.3075	8.9766	8.1261	4.5375	6.4163	6.1377	6.1938	4.9059	4.7673	6.114
U133A__RPS11	8.733	5.8508	7.4744	7.2067	7.6569	6.6613	10.6295	7.6723	6.1	7.294	7.0191	5.7544	6.6921	7.6675	7.8685	6.7869	6.3032	7.2814	5.7429	8.4126	9.6242	7.3204	7.1407	7.695	7.8463	8.7658	7.2222	7.9554	7.5845	7.207	8.088	10.1389	6.8246	6.6546	6.9884	7.0745	6.37	6.8314	5.6956	7.144	7.1044	5.9172
U133A__KLK5	6.2188	4.9495	4.9553	5.2319	4.9002	5.6246	5.2545	8.9059	8.0659	5.3209	5.8171	8.4486	11.7904	10.1001	5.8285	5.9512	9.4897	8.0299	5.9757	5.5163	5.6573	5.3368	5.3217	5.0999	5.5158	4.976	5.187	5.3432	5.1741	5.1043	10.5143	5.3723	5.6538	5.5758	5.2208	5.4044	9.1243	5.3326	4.9775	5.4287	5.4639	5.0045
U133A__TOM1L1	7.9076	5.7186	9.4773	7.1879	5.1145	6.9637	5.2507	6.7397	4.7466	7.9732	5.146	5.9551	5.8162	5.9377	4.7196	6.3062	6.4622	6.6798	6.1347	4.2894	7.0622	7.4272	7.1205	5.3791	7.2296	5.9639	8.1008	6.8372	6.9063	7.168	6.292	5.5921	6.9032	5.8708	6.031	6.4239	6.756	7.2706	7.6229	8.6175	6.4265	7.7091
U133A__S100A2	5.7104	5.2629	5.0266	5.1361	8.7308	5.1261	9.3678	11.8664	8.1017	4.6494	5.0442	12.1145	9.7223	9.938	6.7237	5.0393	12.6387	7.9326	10.0914	6.775	6.5171	4.9131	4.8508	7.9401	6.4604	5.843	5.1111	6.0773	7.1644	4.8966	8.4703	5.6079	8.4846	10.926	8.9102	5.3655	5.9202	5.5082	5.3582	5.3529	6.4182	5.7302
U133A__EPAS1	7.5586	9.4435	6.5628	6.6454	7.1099	6.6122	7.581	6.878	5.9279	7.9068	9.1876	9.0687	8.1309	8.2067	8.4481	11.134	8.0527	8.9875	8.7955	7.4187	9.242	7.7912	8.5965	8.4085	9.4821	6.3178	8.0953	7.8271	9.2692	7.9185	8.6953	9.5402	6.3055	8.8077	8.0257	8.9549	10.3129	7.6909	9.5309	7.7552	8.2398	6.3461
U133A__SHOC2	6.4196	6.4652	6.926	7.4526	6.3936	7.5677	6.6822	6.5926	7.2378	8.2063	5.6342	7.8995	6.1507	6.0135	5.6852	6.8143	6.356	6.268	7.263	5.3781	6.6247	6.8352	7.1692	6.6768	6.7138	7.1528	7.9108	8.2722	7.2903	8.0058	7.0351	6.3408	6.6276	5.6485	6.6845	7.9337	6.8114	8.0742	7.641	10.5269	6.9367	9.7141
U133A__CRYAB	5.9769	6.6645	5.2189	5.2365	5.1263	5.5506	5.5302	8.962	10.349	5.5635	10.0838	5.3294	7.6599	5.5014	5.645	5.2775	8.9366	7.7718	8.6936	5.6617	5.4935	5.4123	5.2084	5.1464	5.1888	5.1236	5.2909	5.2474	5.0901	5.3376	6.8147	5.6819	6.1253	5.0584	5.4355	5.2794	5.5079	5.4755	4.7935	4.6965	6.1183	4.9777
U133A__CTSH	7.7912	7.8723	7.1516	7.8606	7.6416	5.9081	7.2351	8.2239	6.6067	7.394	8.0708	7.8029	9.1521	8.9282	8.7475	7.4304	8.2436	7.9671	9.1895	6.2436	7.3984	9.0816	6.3329	6.9505	8.1891	6.9421	6.8663	7.6441	5.5631	6.3931	9.1441	7.6669	7.427	8.1701	6.6331	5.5263	7.2394	7.1167	9.3313	7.7488	8.5733	7.101
U133A__ATP2A3	5.5132	9.319	8.7249	7.3499	5.168	6.038	5.663	6.2331	5.3263	5.7661	5.3368	5.4256	5.7565	5.5403	9.0107	7.0559	5.6157	5.4054	5.0194	5.5112	7.0769	8.6257	5.5436	6.0057	8.129	5.3314	8.17	7.0926	5.6345	5.6003	5.2536	7.7102	5.4588	5.5272	5.605	9.8022	5.9734	6.0096	8.4362	6.5268	5.5722	7.4269
U133A__ID3	6.5887	8.2017	6.292	4.9436	9.0818	8.7673	6.8911	6.2882	8.7247	5.5829	4.654	7.8635	9.1626	5.6262	9.7219	9.16	7.4433	9.2935	8.3717	8.8993	7.6416	7.6832	8.4068	8.3992	7.0932	8.1135	7.6525	8.5874	4.423	7.9443	7.0461	8.3927	8.1339	8.6072	8.571	6.0519	8.38	7.5964	7.2625	7.3309	7.6576	7.1219
U133A__SLC43A3	8.4498	6.0402	6.212	6.1253	6.9124	6.1527	6.8568	7.4181	7.4411	6.0274	7.9581	7.8423	8.1366	6.946	6.7228	5.7151	8.4918	7.4582	7.9368	5.8347	6.1997	5.9817	6.1113	7.6993	6.2875	8.9615	6.1498	5.9736	5.6828	8.3214	8.6684	6.166	7.6939	10.4636	6.3855	6.2893	6.2692	6.843	6.1697	5.9313	6.3803	5.7173
U133A__TXNIP	9.0198	6.3159	8.3832	9.4834	6.3813	7.8916	8.9429	9.8559	5.7644	9.3606	6.8518	6.1465	7.4178	7.8682	9.5912	9.4289	7.6529	6.0667	7.4504	5.6214	6.9145	7.9565	7.329	6.5723	9.169	6.4066	8.9171	8.1792	9.6375	7.3859	5.4262	6.7269	5.781	8.2045	7.9514	10.3303	10.2571	7.8199	8.5902	10.4484	8.8872	6.8079
U133A__PITX1	9.8753	7.5732	7.034	4.5147	6.6076	8.178	5.7831	5.4193	6.9945	6.0236	7.476	7.629	9.1927	7.9791	7.0459	6.757	7.7254	6.4763	7.7318	6.1391	6.012	5.5115	5.7696	5.6804	6.1627	6.162	5.8575	9.6044	5.6066	6.2776	8.1453	5.9408	5.1925	6.3959	6.8659	5.0373	8.2732	7.2836	7.4338	6.9897	7.731	7.3591
U133A__PBX1	10.6681	9.5764	9.4725	9.8965	7.1982	8.9231	6.5424	8.3278	6.6554	8.7516	7.3662	6.3245	8.2703	4.0816	6.8856	9.1327	6.7302	7.2431	8.0011	5.482	7.1916	8.0443	8.9407	5.4143	8.5418	4.6607	8.253	8.9907	5.5921	9.1773	7.7912	9.2953	7.468	4.6159	4.8149	9.5481	7.913	8.3759	9.2425	9.5066	9.3962	9.2392
U133A__BAG2	3.9484	3.6233	3.847	3.6546	6.779	3.7302	6.7389	4.687	5.112	3.9445	6.6817	8.2798	6.0631	5.3853	4.0193	4.1116	5.402	5.1323	4.2779	6.4596	4.6848	4.244	4.0731	6.4698	3.909	7.9802	4.5399	3.9434	6.3208	3.9206	5.8701	3.9939	8.1652	7.0594	7.9745	4.0376	3.8011	4.8384	4.0353	3.5252	4.6713	3.6305
U133A__CNN3	6.5662	5.928	6.2459	5.2624	7.9772	7.5358	5.2634	7.333	7.2978	5.852	8.5066	5.2216	8.3566	7.6308	7.8934	5.711	7.0815	8.6543	9.1609	8.1059	3.6902	3.6053	8.2442	7.3666	6.0036	9.026	7.1398	7.5905	6.7258	8.7984	8.6832	6.3226	7.2367	6.9493	5.7464	5.5974	7.5337	7.6915	8.1608	6.8602	6.3169	3.467
U133A__MALL	5.9594	9.6574	5.7996	5.7681	5.5609	5.355	5.4016	7.6983	5.6344	5.9818	6.1853	8.6162	9.3676	10.0543	8.2866	8.4348	6.8244	7.0931	9.9715	5.675	8.3023	6.3252	5.9264	5.4322	6.7314	5.8379	5.7292	6.607	5.3331	5.6076	7.7222	6.8833	7.6292	6.4668	5.7006	6.9903	5.6005	6.0371	5.9517	5.5443	5.6336	5.7131
U133A__C1orf106	10.0398	9.071	6.4457	6.3035	6.014	6.2668	5.4447	7.1557	9.242	6.8518	8.8609	8.3117	8.8083	7.699	8.3482	9.1534	7.9706	6.8505	8.7505	5.9213	5.7634	6.1472	5.874	5.323	9.2096	6.4594	7.3261	8.0817	5.844	7.0397	8.0604	7.7464	6	8.7694	5.5202	7.8809	9.3234	7.395	7.6388	8.4486	7.5821	7.6676
U133A__SLPI	9.7354	9.7856	6.4377	7.1792	5.83	6.2034	6.1402	9.6794	8.9396	6.409	12.2979	9.4158	12.1221	9.8205	7.9238	9.5601	10.5563	9.846	12.4309	6.5235	5.717	5.7027	6.7196	6.2807	8.4893	6.6566	7.6057	8.3239	8.8621	6.6618	9.5609	8.407	6.4807	9.7219	6.3701	7.0311	9.2953	6.979	7.0415	7.4952	6.412	7.3926
U133A__ACSL3	7.1919	6.6538	7.0956	7.0192	5.1187	6.245	7.3775	6.0106	6.1809	5.5562	5.0836	5.5273	4.8164	4.4287	4.2377	5.6088	4.1027	6.7675	6.823	4.2666	7.1963	5.5137	6.6526	5.7361	7.214	5.9762	6.5155	6.1214	6.639	5.7947	4.9361	6.5763	5.0383	4.6216	6.1252	6.7986	8.8893	4.3885	6.9935	6.6779	6.8513	6.744
U133A__PSMB9	4.8843	6.5081	4.5777	6.4754	4.7598	4.9569	7.7952	5.4396	7.3883	5.527	6.1295	8.4128	8.0092	6.9446	7.3893	5.1029	6.1024	7.931	9.9119	5.7298	4.7975	4.492	5.0886	8.6041	4.6674	5.0612	5.1089	6.7275	5.4245	4.8534	9.1835	4.6866	6.3482	7.112	7.5584	4.6708	4.9221	5.6582	4.9831	4.8526	4.7699	4.6645
U133A__CRISPLD2	5.923	7.4687	7.2715	6.6231	8.8524	5.9012	6.3128	6.0864	9.8636	6.5173	6.1973	6.2995	8.7598	6.864	7.2833	7.1847	6.9195	8.9948	7.1804	7.4314	5.9925	6.5184	5.8596	7.0327	6.0859	6.0414	7.68	6.3421	6.0298	6.3528	7.8965	6.2556	5.9922	6.2245	6.4427	7.297	6.1095	6.9753	6.1861	6.4316	6.1384	6.7485
U133A__CCND1	9.1764	8.4714	8.1237	9.1256	5.4377	8.8941	5.4406	10.0998	7.9929	9.1837	4.3292	8.6063	8.813	10.9904	7.1587	8.1578	6.4037	8.1008	9.0473	8.209	8.2177	9.1804	11.883	6.9939	9.3043	8.8488	8.5351	10.1566	6.4148	6.4129	7.8056	7.9009	6.6177	8.3147	8.4694	8.7082	8.5885	7.1643	7.8528	8.5427	9.8744	9.2077
U133A__NEDD4	5.8766	5.7439	5.8644	5.7051	8.7922	7.1953	6.1936	5.5039	5.1218	6.4833	5.2576	5.4214	5.58	5.8284	4.7364	5.4936	5.4286	5.4974	5.2635	6.0369	6.1024	5.4419	6.1074	6.471	5.8631	8.2282	6.2391	6.6502	7.6668	6.199	6.5735	5.913	6.1135	6.0024	7.5448	7.4447	6.7903	5.6626	6.515	6.1297	5.6007	6.457
U133A__PTRF	6.1143	6.0022	6.2617	5.8685	9.7082	5.8463	9.004	8.3455	6.1188	5.7173	6.9987	8.6548	8.2281	7.4855	6.7332	6.6073	6.763	9.0215	7.1768	9.9604	6.0237	6.3204	5.3083	9.1023	6.1647	9.8031	6.2294	7.3507	8.0369	6.3333	7.3438	5.6802	9.5435	8.2916	9.4023	5.267	6.5915	6.796	6.1726	5.4646	6.4682	5.981
U133A__TBC1D9	6.3771	7.496	6.0691	9.2575	4.8144	7.0148	5.4363	4.3359	5.6622	8.2883	5.4965	3.5309	5.9846	5.0743	5.0615	7.5382	5.0659	6.6908	7.3101	6.1223	6.8606	8.7386	8.2356	5.9894	7.447	6.3818	8.4877	7.2127	6.5487	5.1711	6.4193	6.5539	5.0828	4.6908	6.4141	8.6955	6.6034	5.0197	7.5227	6.7933	6.4315	7.8456
U133A__S100A9	7.9647	11.9201	5.7847	6.7985	5.4442	5.8403	4.9458	6.0309	6.2418	6.3714	8.7074	8.3063	10.7464	12.1734	7.3804	12.1265	10.5052	5.607	8.7234	5.5487	4.8491	5.2184	5.2175	5.4068	11.3006	5.0361	5.7072	5.0373	9.8176	5.4591	11.588	10.8214	5.383	7.9261	5.5795	6.5783	7.8847	5.9403	11.6483	5.5256	5.3227	6.655
U133A__TAP1	5.7327	7.5006	6.3813	7.6236	5.9818	6.3709	7.4078	6.5781	9.653	6.8374	6.8908	8.2561	7.7278	8.4082	7.8418	5.7944	7.9218	7.8805	9.3298	6.9324	6.4186	6.1383	7.2276	9.1618	6.1234	6.0921	6.3952	7.2535	6.5874	5.9068	9.2916	6.5505	7.8065	7.5458	7.6768	5.8906	6.2797	7.491	6.9934	6.2227	5.7339	6.26
U133A__DAAM1	5.7712	6.9394	7.4256	9.1201	5.7426	6.5441	7.2811	5.5412	5.8286	7.3134	4.3108	6.1768	6.3515	5.6336	5.6113	9.0542	6.947	5.6935	6.8334	4.2798	6.7682	7.0736	7.5356	5.712	6.5563	4.2843	6.6937	6.402	5.1898	7.1325	6.5947	6.6966	5.278	5.2773	4.3674	7.2789	5.4127	6.6933	7.2805	7.2217	6.0354	7.1886
U133A__KYNU	3.1107	7.5015	3.7016	3.7004	4.199	6.8799	3.4469	3.3451	3.3778	5.2812	5.0897	9.7837	6.6414	8.1632	3.6599	5.8705	8.3008	4.2979	3.6763	3.9397	9.3041	9.2168	3.205	6.7245	6.0479	5.4828	6.253	3.5387	4.3284	3.4423	9.3122	4.7613	3.2793	9.6851	5.4603	3.4978	4.0878	8.121	5.0006	5.7334	3.7515	3.5004
U133A__PERP	8.1027	7.0973	7.6962	6.615	3.7373	5.3638	5.3342	9.7383	8.1539	5.5798	8.0637	9.3858	10.431	8.5806	6.6907	9.761	9.6637	7.7626	9.0236	8.4519	7.3573	8.2539	4.5243	6.7043	8.3552	7.1068	9.3283	8.2193	6.99	6.1458	8.7154	6.8216	5.743	7.641	6.1936	8.3374	9.1734	7.3211	8.1657	7.0175	7.8331	7.9912
U133A__SDC2	7.6839	4.4758	5.471	5.8173	4.5404	5.3484	4.9752	10.2929	6.6377	9.2915	8.7747	4.4879	4.6024	4.7327	7.4159	9.7014	7.0364	7.5149	4.7632	8.8181	4.7019	6.728	7.8196	9.0147	5.4896	7.431	4.4419	4.9399	6.4263	5.0457	4.3422	4.8889	6.2214	4.7253	5.4138	6.0161	4.9022	6.7886	5.683	4.8569	4.8693	6.2833
U133A__TRIP13	7.745	8.3821	8.3399	7.2109	8.4946	8.4298	9.1761	8.1542	8.1616	8.0032	8.2922	9.269	8.9522	11.8558	8.2882	8.7189	8.5732	8.6762	9.2749	9.1383	7.9553	7.9682	8.584	8.3787	7.6696	8.1315	7.9447	8.0787	7.5528	7.9149	8.371	8.2085	8.3646	8.3153	9.9502	6.6053	7.2737	8.9561	7.5954	6.3957	7.3615	7.9724
U133A__GCLC	5.843	7.7352	7.0728	7.3417	4.4612	8.2977	5.6994	6.4867	6.2695	7.3886	7.0978	10.3234	7.6686	8.2588	6.9616	7.4149	7.2031	7.159	7.8009	7.0854	7.2652	7.0561	7.2205	6.7749	5.4782	7.1358	7.9446	7.7615	6.5083	7.1739	7.9518	6.5993	7.1532	7.3949	6.4673	5.7956	8.8522	7.1964	6.587	5.5308	7.6594	6.9443
U133A__PDZK1IP1	8.3377	5.8239	4.8593	4.8828	4.8095	5.0487	5.1545	7.0575	8.8058	5.0094	7.2283	5.2256	7.9671	5.3772	5.6485	5.4309	9.5137	5.3958	11.0033	5.2088	5.1539	4.9543	5.1708	4.7764	5.4087	5.1653	4.9605	6.5664	6.6374	5.0223	8.8105	5.4685	4.9062	8.0023	5.1658	4.9814	5.2721	5.1448	4.9334	4.8939	5.1789	4.7793
U133A__EPHX1	9.2984	9.4723	8.1169	8.3973	7.1109	8.2915	7.3683	7.4411	8.7598	8.4953	9.9386	8.5795	9.9609	8.4863	10.0493	7.8213	8.9538	9.4613	8.7891	7.3381	7.0555	7.8906	8.3233	9.6453	8.6387	6.3209	8.6889	7.9022	6.9284	8.9822	8.5941	9.2182	9.6237	8.4249	7.4054	8.0834	9.5756	8.2271	7.9728	8.159	6.9429	7.221
U133A__ADM	5.277	8.0616	6.529	5.3128	7.8679	5.4283	7.0432	7.2131	7.8738	6.5466	6.1613	7.8844	8.3814	8.7626	6.6977	6.6973	6.3123	7.5305	5.4869	10.3763	6.8255	6.2425	7.0655	8.2545	7.1649	7.5308	6.2133	6.6996	9.7941	5.353	7.8632	6.5454	8.4176	7.0588	7.011	5.4331	6.3307	7.7379	7.1417	6.1264	5.593	5.0025
U133A__IGFBP2	8.9994	6.5614	8.4756	10.174	4.1337	8.2319	5.5098	6.9756	5.0969	11.3152	6.6399	5.5755	7.4344	6.2061	7.8506	6.7846	6.7353	5.7058	4.1339	5.3651	7.4161	8.4871	9.2672	6.523	6.9218	5.18	9.4817	8.7196	7.0344	9.2216	6.2351	5.7955	5.3561	5.6784	5.7516	6.6061	7.7527	9.675	9.8774	7.0239	7.1688	9.9643
U133A__RND3	9.2212	8.0358	6.583	5.7807	9.5701	6.3813	8.8505	10.1356	7.1855	4.6386	8.8115	8.5677	9.8172	9.7581	8.3455	10.8218	9.5237	9.8118	8.7922	10.6323	8.3719	7.8108	8.0078	9.4195	8.1009	9.0001	6.4467	7.7819	9.5531	9.1513	10.135	7.8503	8.2474	8.9026	7.7138	7.7559	9.2065	7.8362	7.1121	5.8681	7.3291	5.3049
U133A__TPM2	2.9737	3.2967	2.7023	3.0083	9.2246	3.0307	8.8236	6.6508	2.7736	3.2918	9.0163	7.0455	3.3028	3.2698	3.2636	3.8763	6.7663	7.9299	8.1468	9.5375	3.3478	3.2518	3.2009	4.4389	3.1689	3.4678	2.8649	3.6268	5.1117	3.157	6.4564	3.4752	8.5825	7.37	8.2812	2.8239	5.6483	3.0476	3.3862	3.4566	3.5368	2.9659
U133A__SCGB2A2	12.5001	9.593	9.5207	3.1087	2.9103	5.8738	2.996	3.1328	2.8172	2.9434	2.9623	2.7929	2.8795	2.9099	3.0077	2.8891	2.8798	2.8879	2.7576	3.369	2.9816	4.6257	3.0305	2.8088	10.2856	3.165	12.2953	13.1034	3.0926	3.0112	2.9526	7.9518	2.8817	3.129	2.9541	2.9908	11.7075	2.9576	11.7693	8.7525	13.0376	3.3738
U133A__RCAN1	9.5061	7.1303	5.82	5.6035	7.7765	5.7191	5.643	7.9377	6.1191	5.2347	8.8541	4.8444	6.9518	5.967	5.1898	6.6797	7.3532	6.7074	8.7816	5.7036	5.7352	4.0112	4.6964	6.4032	8.3341	6.0613	5.947	7.4427	5.8783	5.2858	9.6711	6.2714	7.7167	5.6586	6.4412	5.1797	7.3375	7.707	9.0319	6.8817	5.7327	5.7304
U133A__LDHB	4.1912	9.5557	7.7198	7.4019	11.1499	3.7442	10.385	10.2809	11.5671	9.3184	11.4528	11.4705	11.0616	3.5408	6.3778	11.1987	10.7072	11.2496	8.8148	11.0885	3.5489	4.7582	3.8705	10.5632	11.012	11.6052	10.7455	9.8168	11.3903	3.3627	7.3532	10.4303	10.9508	11.7129	11.5033	3.5016	10.3626	4.7713	8.3895	3.3083	4.5865	3.6779
U133A__IGF1R	7.4366	6.0432	7.616	9.0997	6.7451	5.1784	6.164	7.4726	4.8247	7.1078	5.9359	5.9343	6.3173	5.3298	5.5299	6.252	5.9489	6.6041	5.5932	5.6916	6.2705	7.8115	8.3023	5.3234	5.1774	6.931	7.3309	5.6135	5.9851	5.2645	4.8088	5.3017	5.5466	6.4853	4.9335	7.2016	7.5757	7.0228	7.4657	5.5772	6.3976	6.4581
U133A__TNFAIP3	5.9295	6.7965	5.7553	5.6916	5.7218	5.7495	7.1966	6.4198	8.9139	6.1028	6.7203	8.4994	6.6061	6.4225	5.9136	5.9013	6.9691	6.7715	6.2094	7.2405	5.4449	5.5353	5.9057	6.3513	5.8423	5.564	5.8709	5.9297	8.9282	5.7984	7.7501	5.9432	6.3301	8.7543	8.0292	5.6503	5.5626	5.8664	6.2742	5.6705	5.8143	5.6778
U133A__SLC9A6	6.4055	7.0008	5.2708	4.3228	8.7858	4.4773	6.5737	6.7706	7.7514	4.2629	6.1563	7.1961	7.6515	7.1268	4.8025	4.3595	7.158	6.999	7.5777	6.9	5.9238	6.2413	5.5375	6.5963	5.6565	7.8945	6.3295	4.5921	7.2907	4.9043	7.3732	4.9311	6.407	6.7893	7.3206	6.1149	6.3706	5.8012	6.5172	6.2142	4.9762	6.5391
U133A__TRIM29	6.9544	8.2109	6.6151	6.0632	5.8701	6.0734	6.1716	10.0772	5.9241	5.6237	7.4556	9.9971	10.5796	7.2206	7.76	8.7734	10.317	6.9716	7.3449	6.0157	5.9859	6.1446	5.7144	5.7389	5.6397	5.8418	6.9475	7.5367	5.5658	6.3601	8.4671	7.8771	5.8327	8.1552	6.4183	6.5389	9.3844	5.9939	6.618	6.1569	6.544	6.0698
U133A__CSTA	3.3672	5.2138	4.492	3.8183	4.0291	3.9406	3.9232	3.8298	3.1942	5.5298	4.8696	10.7546	10.2411	6.2854	4.2378	4.0758	8.8013	5.8523	8.0961	4.0575	4.9609	6.884	3.5562	3.861	9.2798	3.9751	7.9998	4.3999	3.7416	3.701	3.5472	4.7564	4.0488	8.603	4.9863	3.2478	4.8553	4.1182	3.3322	9.6093	3.6782	3.562
U133A__KRT4	6.9644	10.0722	5.5598	6.021	5.6361	5.6631	5.1239	6.5386	5.5032	6.0737	5.8991	9.4795	11.8723	5.6528	8.7042	12.978	7.2059	6.06	11.0246	5.7431	5.5836	5.7032	5.4862	5.5855	6.3982	5.4281	5.8633	6.9905	5.5127	5.5702	5.7597	9.9403	5.9632	5.8219	5.4273	5.8027	7.1576	6.1567	7.2326	5.8672	6.964	5.5862
U133A__CLNS1A	9.4608	8.6558	6.9005	8.581	8.8302	6.9955	8.0207	7.7269	8.5912	8.5311	9.0546	9.5556	8.4244	8.5211	7.4982	8.0984	9.0511	8.2463	8.0085	8.011	8.7419	8.7794	11.0338	8.2217	9.6021	8.4882	7.6112	7.6521	8.1443	8.5151	8.2984	8.1378	8.3304	9.2318	9.4287	8.085	10.4912	8.8496	8.6699	7.8664	7.831	8.2449
U133A__PHLDA1	5.8382	4.4531	4.5088	4.1534	6.2364	3.6929	5.3714	5.9748	4.3261	4.9452	5.4819	8.5993	8.0713	8.0033	4.3273	5.8991	6.5052	8.8726	6.6058	9.3967	4.738	4.353	4.468	7.4466	6.5506	9.4625	4.3342	4.674	8.6611	3.9009	7.3799	3.6627	8.757	7.7525	6.9589	3.8358	3.679	6.5088	4.2782	3.659	5.4414	3.5303
U133A__EEF1A2	8.4199	11.0325	8.8277	10.4452	4.9698	10.4219	9.4631	6.4697	4.4425	9.7461	5.8255	8.8877	8.1497	9.2164	10.1473	4.9156	5.5593	9.1134	5.8471	8.9212	10.5813	11.7994	9.6918	9.0784	9.8087	8.0866	10.3513	8.6957	7.2926	10.0605	4.5298	7.2008	5.2855	9.4882	6.2216	8.1734	6.2512	9.1884	8.4557	10.671	5.7969	11.6249
U133A__ODC1	7.2658	9.8365	8.4784	6.9821	9.6858	8.5726	9.7688	8.7274	9.1805	7.4758	9.8632	10.1008	8.6725	9.8299	8.3002	11.1687	9.0012	8.1336	8.249	10.7288	10.2742	8.7641	8.0235	8.4529	6.0289	10.6684	8.4585	8.5167	10.4742	8.8369	8.9036	8.9235	9.6933	9.8585	11.6096	8.7049	10.6549	8.7207	7.7962	6.2178	7.3623	8.5418
U133A__IGFBP4	11.0146	5.2361	9.7198	9.3935	7.2318	8.0076	7.5107	7.3593	7.5275	9.1421	8.2795	8.0721	7.2479	6.0637	6.2098	6.3741	6.0228	8.3002	8.3906	8.9442	7.3456	9.23	9.7558	7.7929	7.1647	10.3468	9.1055	9.0012	6.9578	5.6107	7.1508	6.7255	5.6586	7.7099	9.881	6.4871	5.5116	9.5902	10.2401	6.4333	7.5132	8.2681
U133A__RARRES1	3.8994	3.9165	5.0216	4.0122	4.0492	6.0037	3.6791	5.7348	7.3442	3.9305	6.7637	3.5562	11.4641	10.2571	4.0842	10.121	9.7524	9.0356	11.2702	3.9403	3.9169	3.788	3.8084	4.0365	8.6432	4.0386	4.0105	6.6888	6.7922	4.6732	10.8572	4.3522	3.9816	9.533	4.32	4.108	3.7814	4.0176	9.1176	4.1339	4.0754	3.9863
U133A__JAG1	4.1715	3.9738	3.6819	4.1545	4.2839	3.7708	4.507	8.0789	7.4077	4.0578	4.4086	8.2193	7.9108	7.5138	4.8254	6.404	6.704	8.8774	9.4865	8.0298	4.0333	4.1281	3.9545	7.3283	3.9943	5.8484	3.9838	4.4251	3.9955	4.9316	6.6225	3.8902	5.0175	8.7436	4.4868	7.8841	3.9565	3.6018	3.9492	3.8016	4.0315	3.7944
U133A__LAMC2	6.4531	6.0777	5.6348	5.93	6.002	6.0625	6.4877	8.5082	5.881	5.7732	6.2261	8.5525	7.7384	6.1018	7.1326	5.9453	8.8207	6.4814	7.7414	6.8578	6.3223	5.9447	5.8067	7.0817	6.0721	6.1309	6.0593	6.7055	5.9876	5.7604	6.9467	5.9867	6.0108	10.3401	6.2632	5.755	5.8722	5.8433	5.9923	5.9061	6.3937	5.7819
U133A__SYNRG	7.2809	6.6195	9.8116	7.4446	6.4624	7.1391	7.1136	6.7788	7.4791	6.3822	6.7116	6.6046	6.574	6.2967	7.026	6.7863	6.4957	7.5364	6.6443	6.3439	6.9137	6.8778	7.2459	6.8603	6.6246	6.8511	6.6902	6.4818	6.5588	7.2516	6.5593	6.4561	6.5931	6.2908	6.4468	6.9097	6.8952	6.7438	6.8543	6.7335	6.2789	7.0088
U133A__SLC39A8	5.1516	4.2055	4.6934	5.3623	6.7829	4.5658	4.9292	4.7239	4.8535	5.2895	6.9349	6.8201	7.4608	6.518	6.3975	6.201	7.026	6.0177	8.7032	5.9219	6.7641	7.3615	4.8517	5.4355	5.6375	7.3636	8.4679	4.9229	9.1978	6.4025	6.4836	4.5111	4.9586	7.9776	7.8383	6.9244	6.2055	6.6736	6.9142	6.4371	5.7098	7.2598
U133A__STK17A	4.9501	5.586	5.9762	6.0216	6.566	5.4767	6.8878	6.4057	6.6561	5.4821	6.0291	8.4562	5.8604	8.8451	4.2898	5.3348	6.9874	7.7161	7.9924	7.3272	6.1679	5.637	4.929	8.7568	5.3935	7.6759	6.849	5.6005	7.6556	6.2104	7.1288	5.4237	7.6464	7.6153	7.0711	5.235	5.8133	6.2781	5.7631	5.1737	6.1401	6.3458
U133A__PLCG2	6.5168	6.5628	6.6357	6.3363	6.7695	6.7472	6.6768	6.8618	7.0184	6.6858	6.8866	6.5975	7.3542	6.9606	6.8817	6.522	6.9216	7.2069	10.2967	6.8883	6.7778	6.8881	6.5643	6.5345	6.3556	6.7718	6.6133	6.7417	7.2307	6.3532	7.5051	6.7498	7.1081	6.2739	6.6263	6.5003	6.699	6.9178	6.6411	6.4317	6.7342	6.4792
U133A__PRKACB	5.7668	7.3425	7.9085	6.873	7.128	5.6635	7.1514	7.0985	7.116	6.5155	6.3986	6.8435	7.7829	7.5556	7.3933	7.4713	6.6439	7.7662	9.3369	7.1608	5.2971	6.3838	5.8828	7.191	6.1262	8.461	8.0549	5.4461	7.4797	7.2026	8.0305	6.4	7.3061	5.9619	6.8006	6.4627	7.2857	6.1098	7.754	6.9566	6.7215	6.3993
U133A__IL8	4.0745	4.3172	4.1479	4.0587	6.6	4.1697	5.8725	5.1717	4.2146	4.2386	4.7313	7.1824	4.7397	6.9478	4.3148	4.0815	7.3904	5.6492	4.6508	8.9614	4.2436	4.1859	4.3014	5.4975	4.6944	4.452	4.2646	4.5124	8.3977	4.2893	7.6142	4.2288	4.3639	10.3657	7.7098	4.2191	3.4927	4.0444	4.273	4.2045	4.3166	4.2885
U133A__ST3GAL5	9.5805	6.4839	7.1715	6.4751	6.5116	7.1656	7.0327	6.8297	6.4177	6.6646	6.2875	6.5189	7.4825	7.0233	8.0535	6.7829	6.2111	6.6579	6.0716	7.1331	6.6666	7.2166	7.8029	7.2347	7.3281	7.1366	8.5636	7.8383	6.7365	6.8596	6.5607	6.6984	6.6962	6.5316	6.736	6.7353	8.4997	6.4642	6.9124	8.0021	8.205	6.7229
U133A__SOD2	5.5088	6.9736	4.881	5.1914	7.7208	5.6061	6.9795	6.6548	7.6545	5.7471	8.3722	7.9873	6.5132	7.3532	5.281	5.9588	7.7653	6.3289	7.5586	6.3059	5.2549	6.0585	6.0706	8.5843	5.3729	5.5954	5.823	6.3231	11.1784	5.1422	8.2402	6.0321	7.3062	8.7586	9.3681	4.9814	6.5449	5.6744	6.295	4.8445	5.1503	6.1557
U133A__SH3GLB2	6.5425	6.1316	7.5758	6.9276	5.7078	7.1346	5.6773	6.1178	5.6393	7.6168	5.069	5.9234	7.0037	5.1924	6.6129	6.4713	5.3567	5.5879	6.4594	5.1439	5.1173	7.4452	7.2121	5.1126	7.0174	5.9868	6.6336	6.07	6.0047	6.1606	5.8607	5.7669	4.7977	6.3724	5.9489	9.1407	6.9105	7.6052	6.7678	5.9303	6.2513	6.9862
U133A__LCN2	9.7527	10.3037	5.6982	5.2882	4.8064	5.6482	5.7583	8.7478	6.1202	5.1708	10.8632	9.7416	11.5584	9.2947	6.0226	9.9002	9.4564	6.1647	10.2981	5.6309	5.6594	5.8038	5.3961	4.6992	7.3423	5.1681	5.168	5.1847	5.7672	5.507	10.3897	7.1916	5.5594	11.2868	5.3011	5.9575	5.5349	5.5872	5.4738	5.6419	5.4982	5.511
U133A__IER5	7.3983	8.4834	5.6405	7.5553	5.9635	6.4142	8.5787	7.3217	7.8547	5.634	7.5246	8.7751	8.6291	8.5956	7.2478	9.4112	7.7493	7.0389	9.4247	6.8806	7.7217	7.0547	7.6119	7.9844	7.7677	7.9227	6.8566	6.0609	7.7524	6.9052	9.7525	7.4431	4.9517	7.9731	8.0814	7.4049	8.2302	8.1897	7.8434	7.3929	6.9424	7.6796
U133A__ABCC3	6.7998	6.3802	8.3655	6.3588	6.1449	5.6793	6.1934	6.2483	5.9088	6.1385	7.0839	6.7611	6.6307	6.1827	9.2992	7.0465	6.1176	8.2582	6.1346	6.2558	7.3609	6.4042	6.7686	6.7769	9.4899	5.8987	8.1698	8.4291	6.3805	6.7496	7.0441	6.5224	6.1021	6.8492	6.7801	6.0395	7.6244	6.1232	7.6603	6.0687	9.063	5.6685
U133A__TMEM45A	3.9251	5.6223	3.8356	4.4014	7.0954	4.067	4.7032	5.7298	5.2926	3.536	5.1283	6.8653	8.9616	7.9155	4.2052	6.9156	6.3791	5.8904	8.43	6.0737	3.7106	4.2822	4.5262	6.6374	6.9656	5.4727	3.5937	7.3845	7.4182	4.0045	8.1284	5.9107	7.7047	7.3691	5.9503	7.837	8.6357	3.6449	8.7797	4.7818	4.084	3.96
U133A__C14orf132	6.5685	5.8874	7.5794	9.1172	5.7191	8.9151	6.7815	5.7685	5.747	7.4848	6.0918	5.6316	6.0757	6.1224	6.1424	6.5911	5.947	6.5909	5.5007	6.5415	7.2414	7.1242	8.7075	6.9817	8.2171	4.9994	8.7207	8.7824	6.8336	6.2356	5.7013	6.2289	6.637	6.0698	6.9631	6.5585	6.156	6.6175	9.5821	5.5833	8.014	6.6772
U133A__CBS	5.9765	5.4492	5.6544	6.2438	7.3369	6.087	6.1167	7.4403	8.4846	5.7384	8.0993	6.5391	5.9537	6.3435	7.3734	5.1559	6.6224	6.4994	7.6089	5.9747	6.9595	7.2635	5.6818	6.6504	6.1478	5.3068	5.6614	5.2172	5.6929	8.0108	8.3196	5.5159	8.1012	5.822	5.7536	8.3385	6.5534	5.6538	6.9704	5.2268	5.5683	6.395
U133A__ETV5	6.1958	5.3512	6.0268	5.6377	6.6768	4.9464	6.4844	6.3476	5.5852	5.6541	6.9955	7.4543	6.374	7.529	5.8064	5.628	6.483	8.1696	5.9095	7.7918	6.185	5.4223	5.673	7.7123	6.6378	8.0412	6.1711	5.7368	7.3255	5.7878	6.7562	5.0177	7.3943	7.3494	6.991	7.0011	7.809	5.5572	6.9736	5.4015	5.6204	5.2783
U133A__PAAF1	6.4925	6.8776	8.5266	7.4744	6.9061	5.8019	6.1624	5.5987	6.799	6.4435	6.249	7.4576	6.6983	6.1051	6.5765	7.2198	7.226	7.1454	6.7515	6.9166	7.0072	7.4152	9.6753	6.8147	6.3476	6.2475	6.5071	6.2601	6.0266	6.8968	7.2176	6.0961	6.0779	7.5041	7.0036	6.2952	7.0041	7.5951	7.2575	6.633	6.9111	6.6272
U133A__CYR61	7.9058	8.1337	7.2872	6.0591	9.9464	5.4504	9.8365	7.7791	4.4815	7.6012	8.4784	6.7943	8.0849	8.6439	6.0084	7.6799	9.575	10.4785	5.9019	10.6077	5.8235	5.4758	5.6887	7.6585	7.316	11.0284	6.8624	7.1407	7.0284	6.9966	9.4788	8.7828	10.4135	8.5484	9.6697	6.1964	7.826	8.5165	6.9877	5.8984	7.9605	5.861
U133A__ISOC1	5.1663	6.6553	7.541	8.1396	5.287	9.2407	4.9017	5.7943	7.3405	8.0976	6.9094	6.4093	6.761	6.1868	5.981	6.9766	6.6684	5.8931	5.609	5.2129	7.5138	8.045	8.8911	5.4164	6.7959	6.9834	7.4249	7.287	5.4975	7.952	6.0864	6.9193	5.8083	6.542	6.1968	6.8505	5.616	6.3399	6.6446	7.5794	5.5126	7.608
U133A__ANK3	6.4478	7.308	7.5215	7.0276	2.7342	6.8733	4.2279	7.1104	5.6934	7.8747	7.0227	5.117	6.4182	4.6788	5.0538	7.3358	6.7191	6.6335	6.6594	2.6483	5.8109	6.8444	5.6613	3.2294	6.2805	3.5943	7.386	7.623	2.9701	5.2949	7.2424	7.0939	2.7388	3.1715	5.8833	9.1143	5.702	6.1148	6.4416	6.837	5.4545	6.6091
U133A__PARP12	5.6212	7.2533	5.7221	8.0136	5.4178	5.3115	5.7062	6.5946	9.2451	5.6289	6.6519	6.3163	7.2762	7.1555	7.6052	6.4157	5.7841	7.1514	8.4965	6.4931	6.121	5.4093	6.0014	6.91	5.282	5.8362	6.0526	6.5117	6.6678	5.5824	7.8741	5.8208	5.7415	6.6629	6.5579	6.5832	5.5611	5.8681	6.089	5.0997	6.1623	5.5159
U133A__SAT1	9.5853	8.0759	9.1251	4.8567	7.4459	5.1148	5.1757	8.6751	5.2767	4.1607	8.512	7.7973	7.4163	9.0179	5.2599	9.2676	9.41	9.7312	9.8956	5.5377	6.141	6.2898	6.7268	8.8148	8.9828	6.7656	9.3357	8.0214	8.1964	5.8813	9.7495	7.0026	6.7805	8.3872	4.3567	6.5517	9.7596	6.8822	8.9195	7.141	7.9263	5.1998
U133A__BPTF	6.8483	8.6408	7.5001	7.6163	6.0281	6.4019	7.0439	6.6098	6.6248	7.1143	5.6327	6.1347	5.7794	5.5429	5.7568	5.7125	6.3422	6.9605	6.1183	5.9811	8.3108	7.9599	6.0414	7.5758	5.8278	6.3989	7.9848	5.5364	5.5385	8.2596	5.8439	8.0437	6.3576	5.6765	5.9499	7.0151	5.641	6.9433	6.4234	6.8825	6.804	6.4022
U133A__VOPP1	7.6593	8.9	8.5874	8.6245	9.115	6.7288	7.963	7.8547	8.4462	8.1704	8.7079	8.1822	8.5	9.3412	7.7637	8.1654	8.6527	8.625	9.6986	9.4578	8.491	7.8327	5.7953	8.7511	8.4591	9.3697	8.6993	8.6485	8.8221	6.2355	12.2527	8.0525	8.391	9.1371	8.7429	8.9762	7.9485	8.3646	9.5798	7.1938	8.2435	8.6987
U133A__NFIB	5.1049	8.0429	5.5476	8.2244	6.5844	7.7382	4.5777	7.2318	8.0784	6.7958	8.4369	4.8136	6.7973	7.8837	8.0486	7.8088	8.563	6.8395	9.0065	6.3652	6.5391	6.6523	3.9047	5.8632	5.138	6.9184	6.2054	5.2087	5.3905	8.4052	7.4796	7.2966	5.089	7.8456	6.1568	4.7122	5.6226	7.4827	7.2677	7.2396	4.93	8.705
U133A__FBP1	6.8861	5.4407	8.7593	9.0806	5.8518	8.9571	6.0355	5.675	5.3145	9.223	5.9597	5.9596	8.9816	6.1031	8.462	5.4783	5.7636	6.0568	6.0106	6.2966	9.2997	10.2366	9.9675	5.5894	10.3739	5.6397	10.3698	8.9993	6.0119	6.1156	5.7261	7.3014	5.5824	7.2633	5.8976	9.8817	7.7395	7.7367	9.8135	9.0869	6.2665	8.5342
U133A__ID1	7.5488	8.458	9.202	5.6677	8.8821	8.9097	8.6448	9.9643	9.5179	4.83	7.5484	9.8832	11.5212	8.5198	11.0086	11.6982	9.9092	12.1237	9.877	8.8602	8.3347	9.1138	9.3942	9.3329	8.6759	9.2361	9.5439	9.8859	7.508	9.7659	7.0042	7.7427	9.1492	8.3101	10.132	8.381	10.2033	9.0256	5.3317	9.1427	9.4895	8.2074
U133A__RDX	6.2849	7.0989	5.5424	5.2777	9.8431	4.669	7.4389	6.885	8.2381	4.714	7.2261	8.2444	7.3477	6.6441	3.4463	7.49	6.8925	7.3649	7.5288	7.2916	8.6552	8.7689	3.9994	7.5706	6.3754	7.8273	6.2957	6.3962	7.169	5.5619	7.8498	7.7306	7.8101	6.6603	7.7876	6.3776	7.0507	7.4451	8.1581	6.8784	6.3951	7.3748
U133A__FJX1	6.5939	4.9534	5.1338	5.6537	7.6143	5.2415	5.1969	5.7766	5.3144	5.5751	8.4788	9.4197	5.9251	7.3678	5.0171	6.3201	5.9498	5.4115	4.6526	6.5954	5.4403	5.4523	6.721	7.1474	6.4742	7.4808	5.9475	6.7105	5.5391	6.7111	7.0793	4.6379	6.7667	7.656	7.4484	6.3312	7.5153	7.9006	6.3415	5.6275	6.3846	6.4607
U133A__TNFRSF21	6.9434	7.383	6.2411	5.8168	7.6132	6.2938	6.7414	9.4794	6.2643	6.3644	8.9963	8.8483	7.9123	8.4644	7.3763	8.9154	9.1783	7.7884	7.9115	10.028	7.0946	6.9593	7.6411	8.7664	8.4893	9.2021	7.3706	7.6864	7.8007	5.8836	9.4798	6.6581	6.831	9.0621	5.5389	7.9016	6.9565	7.1457	7.9318	5.8725	7.7789	6.4674
U133A__BUB3	6.6002	6.0554	6.0351	7.3624	6.5937	7.3754	7.8327	7.8016	6.7483	7.7009	7.2229	7.9427	8.537	6.9331	6.2499	6.8889	6.9126	5.998	7.222	7.1674	7.425	7.6221	8.0473	7.0969	6.6585	7.9701	7.2205	8.2642	7.5448	7.2657	6.9541	6.3573	7.891	6.8639	7.7743	7.7615	10.1185	7.3584	7.5848	8.3318	7.6342	7.4434
U133A__PI3	5.4605	6.0659	5.2747	5.1541	5.6851	5.4395	5.4688	5.4843	5.4682	5.3716	9.0288	9.8906	11.7417	7.4857	5.3839	6.3272	8.0137	5.3872	10.9352	5.6048	5.2401	5.4199	5.3788	6.6699	5.4661	5.3969	5.2653	5.5095	11.1656	5.6113	8.5496	5.7414	5.7132	10.5138	5.7526	5.6718	5.2888	5.0395	5.2202	5.1343	5.6601	5.3184
U133A__NUPR1	8.3817	8.5851	9.1563	5.705	6.8348	9.1852	6.0282	8.2416	7.7551	6.5249	7.5511	6.5288	7.4436	5.3	9.6655	8.3006	7.6349	7.9804	8.4359	7.9112	5.7005	5.7052	4.8386	7.3621	5.8722	5.1132	9.5998	8.9667	6.4411	9.4877	8.737	7.3286	8.8157	4.8391	5.5743	5.9139	9.7779	9.55	8.1518	8.6268	9.2991	4.9015
U133A__ADORA2B	6.2311	6.1615	5.3114	5.5734	8.4773	5.51	7.5576	7.9456	5.3852	6.126	7.0501	8.6464	7.6821	8.9669	7.12	7.1201	7.0246	7.5635	7.1372	8.0401	6.1847	5.779	5.1524	9.0234	6.3393	8.2953	5.5289	6.2769	7.0087	5.5188	7.702	6.1711	7.4778	6.8111	6.6939	5.2126	5.9435	5.4204	6.5418	6.1897	6.3217	6.3068
U133A__CAV2	3.628	3.1779	3.3923	3.0698	7.8986	2.8462	5.1588	7.2226	3.0586	4.8437	4.7763	8.5945	8.2912	7.4602	2.8226	3.682	7.035	7.4937	8.1446	7.6605	4.8362	4.751	3.1371	7.6109	3.3443	7.438	2.9043	3.4366	6.8305	3.0974	7.613	3.3199	7.4425	7.9614	7.5886	3.3399	4.8789	2.8856	3.9524	2.9463	2.8217	2.6443
U133A__NEBL	7.1562	7.471	7.9659	8.3793	4.4277	8.0852	4.1247	8.1581	5.8258	8.7265	4.729	4.5974	6.1047	4.8275	6.2376	8.4438	4.7794	5.3089	8.8448	4.5196	7.2791	7.7379	7.7128	4.3245	6.2351	4.2596	7.1621	7.8028	3.7526	6.5042	5.5637	7.6328	4.692	4.966	5.6682	9.7977	6.3427	7.0842	8.2432	8.448	8.1131	7.1828
U133A__PLK2	5.4424	6.9523	7.2092	5.1939	8.3725	6.0463	9.2903	7.0513	6.4452	6.2027	5.7464	8.2452	9.2273	6.818	7.1315	8.4373	6.6563	7.0758	8.5326	7.8286	6.7947	7.5027	6.8697	6.9099	8.1218	6.1725	7.2951	8.1968	5.5758	8.4353	9.2612	5.3432	5.2835	6.169	5.4839	8.784	7.3299	8.5802	6.9561	6.1403	6.3931	5.3885
U133A__ENDOD1	6.0301	6.163	6.1888	7.7402	5.962	4.8192	5.6598	6.8451	4.831	9.2858	7.1931	6.7676	6.9526	9.1862	5.1118	7.0642	7.3106	7.9812	8.5395	7.4115	6.6281	5.7154	6.3748	5.9568	6.6527	5.5013	6.7055	5.6026	6.1384	5.3417	6.2561	5.8318	6.5422	6.6354	5.9732	5.0008	6.1859	6.1984	7.3685	6.6468	5.7436	7.2686
U133A__SFRP1	5.1117	5.3705	5.4813	5.2707	8.5268	5.2428	8.8216	9.9972	5.5535	5.1718	9.5246	5.3062	10.0981	5.6955	5.8066	5.5267	9.5855	5.8497	6.0073	6.2385	5.3056	5.4548	5.5234	8.2226	5.0257	5.1371	5.8117	5.2424	6.0577	5.5989	9.2322	5.185	5.4689	9.8611	5.3713	5.4951	5.3988	5.3516	5.0277	5.5497	5.545	5.2553
U133A__PTEN	6.0913	6.269	6.7616	6.5673	6.7866	6.3073	6.2833	7.0194	7.0259	7.696	6.2325	8.17	4.6058	7.0343	7.1806	5.6098	4.8611	5.0714	5.7272	7.3598	6.9642	7.2994	7.083	7.3628	6.987	7.1792	6.1864	7.1573	7.4404	6.7947	6.6651	6.2051	7.5944	4.527	6.9457	7.5813	6.3954	7.375	7.731	8.3939	7.1754	9.5046
U133A__KRT14	4.4711	4.4747	4.6816	4.2547	4.3247	4.5264	4.6916	12.3349	4.6936	4.8159	5.3676	12.3163	10.5614	4.854	5.407	4.4493	9.9678	4.7483	10.3774	9.2974	4.8152	4.5092	4.4467	4.1072	4.4478	4.2376	4.4884	4.9099	4.662	4.823	7.6676	4.8535	4.6689	4.8294	4.1673	4.4201	4.4949	4.6096	4.2088	4.7144	4.8643	4.3337
U133A__TRPS1	8.6584	7.3827	7.0458	9.6951	6.9494	8.2062	3.4593	8.634	5.392	8.5305	7.8165	3.8643	6.1183	4.2236	6.5161	8.4291	7.4467	7.9026	6.7044	5.5976	7.4086	7.1694	8.6372	5.0367	7.8186	3.923	6.8585	7.5954	6.8846	8.5243	6.1981	8.38	7.5346	3.3148	4.1508	10.0281	9.272	9.1202	8.4461	8.5384	8.553	8.6575
