Cell lines	600MPE	AU565	BT474	BT483	BT549	CAMA1	HBL100	HCC1143	HCC1187	HCC1428	HCC1569	HCC1806	HCC1937	HCC1954	HCC202	HCC2185	HCC3153	HCC38	HCC70	HS578T	LY2	MCF7	MDAMB134VI	MDAMB175VII	MDAMB231	MDAMB361	MDAMB415	MDAMB436	MDAMB453	MDAMB468	SKBR3	SUM1315MO2	SUM149PT	SUM159PT	SUM185PE	SUM52PE	T47D	UACC812	ZR751	ZR75B
Response	1	1	-1	1	1	1	1	1	-1	-1	1	1	-1	-1	-1	1	1	1	-1	-1	1	-1	-1	1	-1	1	-1	1	1	1	1	1	1	1	-1	1	-1	1	1	1
U133A__GRB10	4.7959	5.4919	8.5374	8.2707	5.3595	7.4569	4.8131	5.402	10.2075	6.5732	6.3604	4.9465	4.8583	6.6414	6.6836	6.2955	4.6338	6.1154	7.6347	7.8401	5.8101	5.4498	9.6632	5.4158	6.6734	6.0157	7.1687	8.0491	5.4992	6.6179	4.9824	5.3711	4.4084	7.763	6.053	5.8099	6.8667	7.2711	4.8448	6.1565
U133A__DEPDC6	6.5775	5.651	7.3238	6.9351	5.3355	6.1073	5.1492	6.4586	5.8382	6.8016	5.4454	5.018	5.9569	5.7007	6.5867	7.0469	5.6039	5.2684	6.8221	7.3107	5.2826	7.2091	6.8144	6.3997	5.2031	8.2562	7.3802	5.133	6.37	6.3896	6.1324	5.3696	5.477	5.4188	5.853	5.8502	6.5351	7.6139	5.8068	5.7792
U133A__CRELD2	8.5277	9.2368	8.6445	9.6993	8.6688	8.9179	8.9397	9.0821	8.7685	8.0203	9.7665	10.7859	8.0359	7.6169	8.0733	8.3111	8.9344	9.212	9.3579	8.7961	8.8584	8.2566	8.6466	9.0627	8.2227	8.2875	10.3251	7.6626	9.1468	8.6123	9.006	8.3906	8.2549	8.9392	8.4949	8.646	8.3876	9.3633	8.1463	9.545
U133A__GAL	5.5668	5.0145	5.1247	5.5186	4.3321	5.1451	4.8246	5.9986	7.9881	4.8284	8.7914	9.0261	6.4929	5.9047	4.7434	5.3813	8.2046	6.7009	4.1139	4.7831	6.4596	6.1713	4.3119	4.9348	4.4756	5.308	4.7313	7.4091	4.5764	4.981	4.8875	4.9972	7.4613	5.5538	4.7111	4.6807	4.7853	4.9327	4.9922	8.7476
U133A__IFI27	4.6386	5.1543	4.6777	5.8546	4.687	4.5519	6.1249	4.9288	11.1042	4.871	6.238	7.2516	11.349	11.3436	8.4421	4.4035	5.9256	4.4385	10.9936	4.7467	4.7579	8.9666	4.6875	4.8506	4.661	4.404	4.8339	4.3892	4.6337	9.6865	4.5304	4.6953	8.0022	6.5604	4.5079	4.5195	4.8154	4.3101	4.3879	4.4577
U133A__COL6A1	6.9732	6.3156	6.3956	6.2876	7.7987	5.9948	7.9622	8.9878	5.7568	6.6083	8.0962	7.3804	6.3507	5.6124	6.3969	5.8936	6.4987	9.1927	5.4538	10.8531	6.5479	6.2493	5.8409	6.8487	6.5369	6.4207	5.7732	7.6372	6.0757	5.4333	5.7873	9.5167	7.8725	6.8032	6.018	6.5026	6.3931	7.0413	5.7191	5.9583
U133A__GOLGA8A	5.5482	5.624	7.8406	6.2792	7.9159	5.1443	6.4675	6.1268	6.5558	3.9995	6.2642	7.0239	4.5668	5.7512	4.8288	6.4569	5.5296	6.6093	6.9683	4.5496	4.7798	5.7913	4.5748	5.6399	5.1079	4.7992	4.7586	6.7718	6.2041	5.8264	5.4125	5.9638	7.2451	4.9087	7.7159	8.1643	5.205	7.8459	8.5237	7.3475
U133A__PLCG2	6.5168	6.5628	6.6357	6.3363	6.7695	6.7472	6.6768	6.8618	7.0184	6.6858	6.8866	6.5975	7.3542	6.9606	6.8817	6.522	6.9216	7.2069	10.2967	6.8883	6.7778	6.8881	6.5643	6.3556	6.7718	6.6133	6.7417	7.2307	6.3532	7.5051	6.7498	7.1081	6.2739	6.6263	6.5003	6.699	6.9178	6.6411	6.4317	6.4792
U133A__HPCAL1	5.578	5.9845	6.8938	5.68	6.2353	6.2788	6.425	5.0138	6.6114	7.5659	5.1776	5.7204	6.5238	7.2026	6.9069	6.7662	5.615	5.6009	6.7248	7.1728	6.3002	6.1858	6.2615	5.8117	6.8879	7.152	6.1281	7.7229	5.5699	6.4916	5.8186	6.4995	8.5889	8.5868	6.3343	6.5193	5.2869	5.4867	6.0023	6.3035
U133A__HMGCS1	4.7548	6.6928	8.4489	5.7519	6.6066	5.2763	6.4192	6.7535	7.7171	7.8134	6.283	6.4676	6.3959	6.2914	5.3217	7.887	6.3859	6.4413	6.6387	6.5232	5.2901	6.2517	7.4989	6.4676	6.68	6.8716	6.897	6.1571	7.225	6.4065	5.5922	4.89	5.3679	5.1532	6.8847	5.7117	6.1708	6.9066	5.231	6.3642
U133A__SC5DL	6.1606	7.0351	6.809	7.2429	7.0293	7.3732	6.6472	8.2691	8.7164	8.2697	7.7105	7.5793	7.4132	7.9503	6.6341	8.6072	7.3147	6.6143	7.4732	7.6902	7.2177	7.4234	7.519	7.1048	7.767	8.0885	8.0598	6.9988	7.9005	8.9371	6.4547	6.1235	7.1008	6.808	7.3359	7.3923	8.601	8.2823	6.5754	6.7923
U133A__PON2	6.9905	8.545	6.9593	7.6992	6.8894	7.5751	7.5382	7.1908	6.3066	7.1999	8.0402	6.9952	6.2384	7.0837	7.1096	7.9459	7.2793	7.6566	7.9654	7.5685	6.838	6.2501	8.0083	6.7746	6.4667	7.1855	7.0361	7.1461	6.9661	7.0407	8.2261	7.6251	7.2494	8.6669	7.4132	10.4159	6.8371	7.2709	8.3466	7.3836
U133A__HLA-B	8.2861	6.5287	8.4347	9.7896	8.1642	8.915	10.3122	9.9839	12.112	8.8869	10.6615	9.8035	11.5088	10.0633	10.1819	6.3218	9.5062	10.8249	12.3107	8.5989	6.9006	8.3908	9.4948	8.045	8.1669	9.2382	9.8055	8.963	7.5816	11.9884	6.226	9.7036	8.7843	9.7905	9.8309	8.6981	10.2594	9.7333	7.8149	7.1263
U133A__GSN	9.2268	8.1061	10.15	8.785	7.3084	8.6184	7.8941	10.9304	10.6582	9.1008	8.4068	6.8738	9.206	8.4359	8.8309	8.3216	10.0933	8.9772	9.9856	6.6957	6.9336	8.5384	9.311	8.1205	6.2354	10.0492	9.4899	8.2464	6.2992	8.6325	7.8979	9.4176	8.1646	6.513	9.9793	8.8637	10.1924	8.7947	7.6626	8.7535
U133A__C1orf115	7.2949	6.9475	5.8685	6.449	5.1898	6.9003	5.6689	6.3547	7.1337	5.0147	6.5582	6.3223	6.1112	4.7567	7.2879	7.3154	6.2642	6.4033	5.1145	5.007	5.4686	5.3279	5.574	7.0146	4.8072	7.4573	8.5627	5.6939	7.4798	6.4457	6.4155	4.7245	5.8825	5.5547	5.9571	9.0861	6.4767	6.1671	9.6618	6.7793
U133A__IRF9	6.567	7.2426	6.4215	10.1828	7.6644	6.1171	7.5577	8.3291	8.6936	7.7642	7.5971	6.2636	9.3201	8.0265	9.4517	6.8795	7.5318	7.4596	9.766	6.7956	6.2872	7.9939	8.6157	7.9232	6.4818	7.5838	7.5909	7.6485	6.9253	9.4289	6.1693	6.8573	6.9026	6.0417	6.8427	6.3509	6.8277	7.4402	6.3875	6.0362
U133A__RHOBTB3	5.0787	5.0683	5.1065	5.6136	6.0473	6.2514	6.308	4.9227	5.6696	8.5462	7.9271	7.835	7.275	6.0499	4.2318	6.8141	6.2335	6.566	6.6969	5.985	5.5974	8.3924	6.5413	3.3827	7.6414	5.9011	7.025	4.3117	3.8914	4.5033	5.5555	5.72	3.8442	6.2604	6.5518	7.0476	5.4977	6.662	5.3302	4.6212
U133A__IFIT1	4.7114	4.2157	4.5077	9.7076	4.7238	4.3455	6.5273	4.7744	6.9119	6.1597	6.2547	7.0582	8.6976	6.346	8.2698	4.894	4.5623	5.5582	8.9034	4.7911	4.6602	4.9544	5.3881	4.9999	8.3202	5.5062	4.8948	5.3456	4.8674	9.5009	4.4414	6.1359	4.2817	4.4171	4.5392	4.7807	4.4767	4.3094	4.7475	4.2272
U133A__SLC24A3	5.6004	5.5097	7.0284	8.6046	4.2919	7.6789	4.5472	5.7657	8.3801	7.8815	6.0192	4.488	4.5344	4.5142	6.0343	7.7085	4.6155	4.9532	6.8012	6.2703	4.6445	6.0407	7.2196	5.5787	4.6406	6.2134	5.5668	4.1616	7.404	5.2417	5.3517	4.4037	4.821	4.696	7.0271	6.5218	6.8955	5.7622	5.5253	5.9244
U133A__STC2	5.7835	5.2543	6.8332	9.0626	8.0552	6.6726	6.0133	5.5681	5.9542	7.4131	6.0528	6.4054	6.3303	6.3772	6.0836	5.2081	5.032	5.3824	6.2904	9.6068	6.611	7.9495	6.8579	5.4272	5.389	5.6758	5.3656	6.0906	5.4505	6.7059	5.1138	6.5744	6.8228	6.9057	8.8888	6.2151	9.9282	7.9189	5.6601	5.5722
U133A__CCND1	9.1764	8.4714	8.1237	9.1256	5.4377	8.8941	5.4406	10.0998	7.9929	9.1837	4.3292	8.6063	8.813	10.9904	7.1587	8.1578	6.4037	8.1008	9.0473	8.209	8.2177	9.1804	11.883	9.3043	8.8488	8.5351	10.1566	6.4148	6.4129	7.8056	7.9009	6.6177	8.3147	8.4694	8.7082	8.5885	7.1643	7.8528	8.5427	9.2077
U133A__RHOQ	5.7676	7.464	6.6728	6.7051	8.246	6.4015	6.3382	7.7497	6.7259	6.1135	8.1764	8.5219	6.1786	6.3748	6.9106	7.5691	6.9454	8.572	7.5504	7.8128	7.1904	7.2712	6.8144	6.7481	7.2082	8.0844	5.0555	8.6623	6.0637	7.0265	7.0925	9.122	7.1437	7.3307	6.9376	6.7023	6.4535	7.3277	6.2841	7.5618
U133A__ZNF544	6.9864	6.6867	6.9637	7.6542	7.1156	7.4338	6.0262	7.4326	7.681	7.4451	6.6237	9.6213	8.1072	6.7879	6.9704	7.0077	6.8549	7.3676	6.9216	7.1203	7.0009	6.9974	7.2612	6.4939	7.2039	7.0974	7.1081	6.825	6.2996	8.1382	6.724	7.0081	6.8126	6.8659	7.3366	6.3543	6.967	6.629	6.3383	6.9272
U133A__AMIGO2	5.8455	6.5327	5.0478	8.1995	8.6579	4.6776	5.9248	6.3495	4.6129	5.8787	3.9541	8.7387	4.9778	6.2682	4.6287	5.1466	5.4281	5.7522	5.0069	7.2447	4.8186	7.0588	6.0228	5.9365	8.2027	7.6933	4.0096	7.1669	6.5794	6.9238	5.5099	8.94	8.9749	7.9447	5.8444	4.696	5.1131	6.6145	7.8914	6.3577
U133A__SH3GLB2	6.5425	6.1316	7.5758	6.9276	5.7078	7.1346	5.6773	6.1178	5.6393	7.6168	5.069	5.9234	7.0037	5.1924	6.6129	6.4713	5.3567	5.5879	6.4594	5.1439	5.1173	7.4452	7.2121	7.0174	5.9868	6.6336	6.07	6.0047	6.1606	5.8607	5.7669	4.7977	6.3724	5.9489	9.1407	6.9105	7.6052	6.7678	5.9303	6.9862
U133A__S100A4	8.2788	9.1945	6.979	6.0435	6.8913	8.9847	6.762	11.7528	8.2919	5.0293	6.0555	6.2925	8.4597	5.8536	6.4269	9.2656	8.6688	6.4832	7.1612	8.8848	6.2022	5.6404	5.3011	11.2909	5.8488	8.4842	9.7073	7.711	6.064	9.9559	10.4085	11.1483	6.3436	10.0084	7.4983	8.0744	7.2883	8.4956	7.1827	5.8694
U133A__UBE2L6	7.0686	6.0578	6.009	9.2064	6.4877	7.7691	7.5001	6.5728	9.9793	8.4731	7.8909	9.2682	9.8403	7.5473	9.7988	5.2854	5.8958	8.4849	9.1647	7.392	6.342	6.1751	9.54	6.4095	6.0392	6.8248	7.4593	7.0879	6.5761	9.903	5.9433	6.3902	7.134	7.3836	7.5516	8.1028	7.7105	8.2647	5.9847	5.3484
U133A__TACC3	7.9931	7.225	7.6127	7.2142	7.6443	7.982	8.0035	7.6965	8.6478	7.214	7.2143	7.1982	7.173	8.3961	7.3963	7.6045	7.0091	7.3873	7.9097	7.7088	7.6992	7.9589	7.9334	6.8516	8.1394	7.527	7.3323	7.696	7.209	7.5217	6.9977	7.4363	8.1802	8.5846	11.6511	6.3867	7.9388	6.7576	7.2558	8.1604
U133A__IFI6	4.9866	6.1205	5.4451	10.1621	5.5759	5.5314	6.4811	7.4325	7.2127	6.6375	9.9393	6.0926	8.479	8.4356	8.9623	5.4425	5.726	6.5632	8.5826	6.9663	5.9167	7.0966	7.5224	6.7666	5.8968	6.2391	6.5746	6.6056	5.8892	9.3912	5.4492	6.297	5.3162	5.104	5.1714	5.6316	5.4146	6.5746	5.244	4.6725
U133A__LASP1	9.5381	8.8228	11.8925	9.0713	9.1628	9.3673	9.334	8.5106	8.657	8.8387	8.7288	9.609	9.423	9.7487	10.5579	9.9354	8.9098	9.4553	9.1961	8.8766	7.5227	9.3005	9.6931	8.2583	9.5882	11.114	9.393	8.1845	9.1818	9.0121	8.5311	7.9899	9.1735	9.2861	8.7128	7.7283	9.741	10.3033	8.6075	9.0406
U133A__PLK2	5.4424	6.9523	7.2092	5.1939	8.3725	6.0463	9.2903	7.0513	6.4452	6.2027	5.7464	8.2452	9.2273	6.818	7.1315	8.4373	6.6563	7.0758	8.5326	7.8286	6.7947	7.5027	6.8697	8.1218	6.1725	7.2951	8.1968	5.5758	8.4353	9.2612	5.3432	5.2835	6.169	5.4839	8.784	7.3299	8.5802	6.9561	6.1403	5.3885
U133A__SGCE	5.5324	7.5699	5.1425	6.8932	7.2662	4.8159	6.3382	6.9564	4.7718	6.2574	7.5661	6.3497	5.8754	6.2138	7.322	7.793	8.0293	8.1916	6.7123	7.8883	5.2118	4.4228	6.3419	6.6333	7.7257	5.9378	5.5746	7.7117	7.0881	7.3081	8.0773	7.8671	7.2408	7.1888	6.4691	6.0447	5.5657	7.5881	6.5415	5.5128
U133A__HMGCR	6.0331	6.4326	7.321	6.5609	7.8885	6.984	6.1376	5.8695	8.4586	7.2356	7.0394	7.1813	6.4928	6.9416	5.9492	6.5252	6.7469	6.5062	7.7537	6.9313	6.2219	7.1617	7.3516	6.6085	7.4748	7.067	7.7083	6.8621	7.7555	7.0617	6.2658	6.6407	6.9814	6.8028	7.84	6.1367	6.9266	8.4925	7.1185	8.0725
U133A__ADI1	7.576	8.4126	6.0904	7.5485	8.1381	7.1524	8.7872	7.9559	5.7867	7.111	7.2265	8.4107	8.9165	8.3018	6.6829	7.5084	6.2243	7.7446	7.2521	7.0495	8.7333	8.131	6.9574	5.8795	7.4451	8.669	7.2065	7.4689	8.8698	8.2637	7.9541	8.3028	6.8774	8.8092	7.8845	7.9971	6.6821	7.0726	6.8236	7.0473
U133A__LSM1	7.8171	7.8623	7.9043	9.1836	9.2115	9.878	8.3231	8.0733	8.0605	8.9855	9.4091	8.2982	7.8836	8.2887	7.7397	8.4755	8.3307	9.7167	6.9342	8.9638	8.561	8.0476	11.3265	8.9668	8.5705	9.2838	8.1226	8.1383	8.8467	8.8653	7.9526	8.0793	8.1342	8.5197	8.9891	10.2265	7.9451	8.3267	9.487	10.0421
U133A__EGR1	7.1754	8.7708	7.4814	7.3888	6.308	5.4248	10.0354	5.9257	5.5174	5.819	6.5474	5.91	8.6843	5.9632	6.5191	5.6021	6.4535	6.9361	5.6816	6.1835	6.0611	7.143	5.7529	5.2688	6.1269	7.3378	5.4053	6.3656	6.8313	8.3218	9.3693	6.3465	7.0071	7.1152	5.2344	5.7512	5.1156	6.4399	5.7614	5.5811
U133A__IGFBP4	11.0146	5.2361	9.7198	9.3935	7.2318	8.0076	7.5107	7.3593	7.5275	9.1421	8.2795	8.0721	7.2479	6.0637	6.2098	6.3741	6.0228	8.3002	8.3906	8.9442	7.3456	9.23	9.7558	7.1647	10.3468	9.1055	9.0012	6.9578	5.6107	7.1508	6.7255	5.6586	7.7099	9.881	6.4871	5.5116	9.5902	10.2401	6.4333	8.2681
U133A__KRT81	11.938	11.7362	5.7523	6.3613	6.2318	6.3563	6.465	9.5941	5.9887	6.4382	11.5769	5.8215	9.4778	12.3672	6.2151	9.0579	12.2114	8.9762	6.0823	6.4617	12.3512	6.732	5.9285	12.6895	6.72	7.5076	11.152	5.9612	5.9101	9.7605	10.4556	5.9877	12.3689	6.5077	6.5763	12.8064	5.8807	6.8635	6.1844	6.9041
U133A__C2orf54	7.7605	8.4685	6.8355	6.3039	5.7915	6.2505	5.9893	6.405	6.0855	6.3454	6.0255	5.9557	6.8201	6.0669	7.3183	7.6327	6.4253	6.0383	5.8493	5.9139	6.2292	6.1448	6.1992	7.4306	6.0411	7.0844	6.0172	6.344	7.549	7.2735	8.1948	6.0615	6.1171	6.017	6.361	7.5534	5.9837	8.6595	8.4196	6.0049
U133A__DDIT4	7.5309	9.4689	9.5108	6.8696	10.5424	8.9504	7.8828	7.5289	10.2985	7	9.2058	8.7386	8.6661	6.8977	10.1339	6.091	10.2213	7.4198	8.3905	6.1963	7.3089	8.6375	7.2565	8.6169	6.395	8.1399	8.6558	9.8945	9.5738	8.7161	9.6591	9.6427	10.4824	8.3328	9.356	9.6722	6.2074	10.9391	9.3186	8.7454
U133A__CRABP2	7.7927	6.2883	7.1272	11.2478	7.1984	9.2384	7.2001	10.2575	11.042	10.4868	7.9145	5.679	11.2348	9.6855	11.4223	10.9394	9.1947	9.329	11.2675	6.4565	10.9021	10.0104	10.3883	10.5335	6.5894	7.7354	10.3027	6.352	10.8015	10.3695	9.5601	7.2299	6.7276	6.367	9.2587	9.1007	10.4822	11.9965	9.367	8.6028
U133A__RARRES3	6.2411	9.4968	5.5572	6.055	5.0381	5.4944	6.3901	5.277	9.0935	6.0281	5.4879	6.1373	9.54	7.6356	9.1496	7.8721	5.3288	7.4354	9.2101	6.0114	5.3198	5.0877	8.4487	6.2465	5.42	5.3185	8.767	5.0975	4.7062	10.6594	6.5872	5.4085	5.0522	5.5527	5.5433	7.481	6.2309	9.4509	5.626	4.9116
U133A__CDCP1	7.0742	7.2215	7.3078	7.3245	5.7458	7.0456	7.1212	7.5834	6.5563	6.1087	5.8003	8.3644	7.5225	8.6177	6.9089	7.6904	8.2325	6.9611	7.7991	6.2206	5.8522	5.5089	7.7861	6.8073	6.5621	7.4171	6.5984	9.604	7.661	7.8789	5.7184	9.4111	8.3319	8.8519	5.8008	7.2886	6.9554	7.7043	7.4395	7.2068
U133A__ACSL3	7.1919	6.6538	7.0956	7.0192	5.1187	6.245	7.3775	6.0106	6.1809	5.5562	5.0836	5.5273	4.8164	4.4287	4.2377	5.6088	4.1027	6.7675	6.823	4.2666	7.1963	5.5137	6.6526	7.214	5.9762	6.5155	6.1214	6.639	5.7947	4.9361	6.5763	5.0383	4.6216	6.1252	6.7986	8.8893	4.3885	6.9935	6.6779	6.744
U133A__CBR1	4.6632	8.0566	5.0839	5.9771	8.1128	6.1108	7.0313	7.0953	6.9501	5.0824	7.8906	8.3527	6.8649	4.8263	5.8994	5.977	7.2162	6.746	7.0213	7.284	7.2775	6.5636	4.8918	5.6315	6.639	4.8369	6.4233	7.0842	4.6356	7.2654	7.4491	8.3041	7.4609	7.6399	5.8024	6.1997	7.0802	7.7375	4.251	4.3691
U133A__CRISPLD2	5.923	7.4687	7.2715	6.6231	8.8524	5.9012	6.3128	6.0864	9.8636	6.5173	6.1973	6.2995	8.7598	6.864	7.2833	7.1847	6.9195	8.9948	7.1804	7.4314	5.9925	6.5184	5.8596	6.0859	6.0414	7.68	6.3421	6.0298	6.3528	7.8965	6.2556	5.9922	6.2245	6.4427	7.297	6.1095	6.9753	6.1861	6.4316	6.7485
U133A__AKR1C3	4.5755	3.9471	3.4576	3.4923	3.5327	3.5596	4.8023	5.9661	4.4479	3.8913	4.2299	11.0316	6.9613	6.4956	4.1821	3.6174	8.1922	8.1221	9.9288	7.8707	3.9479	4.7752	5.2109	5.1772	4.3366	5.6304	9.5174	4.2349	3.4918	3.5481	3.5267	3.8637	5.972	7.2755	9.2411	4.8461	3.8538	3.7663	3.6274	3.8302
U133A__SLCO4A1	6.2348	6.7352	7.1578	6.3902	6.9714	6.7224	7.3719	6.1678	5.5299	6.5915	6.887	9.0157	7.0585	7.1801	5.9475	6.7742	6.3876	6.0588	7.1977	6.8532	8.0642	8.0368	5.9788	6.4478	5.9196	6.7694	6.3666	7.5834	6.8818	7.1583	6.8639	5.9723	8.4308	8.3952	5.9474	6.4851	6.1254	8.3285	6.5888	7.2784
U133A__ASAH1	6.782	7.6309	6.3725	8.8965	6.263	7.5971	4.7702	6.3153	6.9968	5.0105	5.7667	4.9323	6.2513	6.0697	5.0817	8.3842	5.5519	5.7256	5.6042	5.8445	5.7707	5.2513	5.7445	8.181	5.5178	6.9474	6.1367	6.8027	6.0655	7.0752	7.0733	5.3256	5.8795	4.5582	8.1595	6.4194	6.6742	7.7847	7.9367	7.1685
U133A__MEGF9	6.1887	5.2454	7.1921	7.8359	5.352	6.5592	4.9552	5.4416	7.4246	8.1128	5.4149	5.8697	5.8965	5.6407	5.6619	5.7681	5.6285	6.0475	6.4887	5.5942	7.7911	6.5321	7.1962	7.0854	5.5495	9.258	7.1866	5.7579	6.6597	5.1058	5.7238	5.1876	5.0277	5.331	6.8868	6.8659	6.6887	6.5666	6.1345	6.9286
U133A__CCNE1	6.8741	7.656	6.0468	6.445	6.8969	7.2893	6.4485	7.2019	7.4141	6.8348	10.73	9.2363	7.2786	7.4831	6.9354	6.9815	7.6167	6.8902	7.2455	6.758	7.6532	6.6415	6.293	7.247	6.0525	6.3022	6.87	6.7345	6.3794	7.7478	7.0469	6.7699	7.6627	7.2453	5.2141	6.1398	6.3324	6.5824	6.3656	7.2583
U133A__RCAN1	9.5061	7.1303	5.82	5.6035	7.7765	5.7191	5.643	7.9377	6.1191	5.2347	8.8541	4.8444	6.9518	5.967	5.1898	6.6797	7.3532	6.7074	8.7816	5.7036	5.7352	4.0112	4.6964	8.3341	6.0613	5.947	7.4427	5.8783	5.2858	9.6711	6.2714	7.7167	5.6586	6.4412	5.1797	7.3375	7.707	9.0319	6.8817	5.7304
U133A__IRX5	7.7399	6.5809	7.7145	8.7913	6.7582	9.7052	5.397	6.7088	8.4982	9.2355	7.8438	5.0398	8.2703	6.928	8.3002	6.9459	7.2265	6.0328	7.8287	5.68	6.4979	7.5153	9.0702	8.0494	5.6562	8.26	7.8134	5.4866	9.0329	8.114	6.3151	7.6172	6.2181	4.7753	8.3988	7.2192	7.8621	7.0565	8.7904	8.8174
U133A__PRELP	6.8291	6.5662	6.843	6.7042	6.6083	6.628	6.7539	9.6306	6.5614	6.599	6.5589	6.3956	6.1534	6.5104	6.7348	6.7419	6.8514	6.4367	6.4912	6.8243	7.2114	6.7206	6.5358	6.6174	6.3867	6.8615	6.2698	6.3719	6.7329	6.4245	6.5423	6.7477	6.5663	6.764	6.3013	6.6793	6.6153	6.4132	6.6346	6.4253
U133A__DPYSL2	6.5499	4.3957	5.6905	6.9064	9.755	6.403	6.8983	8.6685	6.876	6.4028	8.1874	7.4548	6.1458	4.9671	4.0143	5.8342	7.3601	7.5697	6.8732	9.3498	4.9229	6.4398	8.4362	6.9726	7.9353	6.4448	4.2048	7.8259	6.5866	8.8263	3.6449	9.0406	8.4346	8.7608	6.6997	7.204	5.519	7.3291	4.2719	7.339
U133A__HLA-G	8.6143	7.7347	8.5798	9.5409	8.7046	9.0598	9.9711	9.5749	11.289	9.1028	10.2618	9.77	10.21	9.8283	9.3209	7.4684	9.2845	10.1384	11.4304	8.9859	7.7501	8.5791	9.3896	8.8795	8.9788	9.256	9.8145	9.1388	8.2706	11.4248	8.0526	9.6119	9.275	9.4308	9.6748	8.9972	9.6493	9.7121	8.3077	7.5665
U133A__CPT1A	10.5883	8.887	9.5016	8.6701	8.4327	9.4235	7.5893	7.6056	6.2671	7.5383	8.2799	8.953	7.8024	7.5517	8.5724	9.0395	7.646	7.5211	7.2006	7.6178	10.0183	8.1697	9.418	10.2031	7.2216	9.6018	11.1624	8.1498	6.6204	7.8354	9.3272	7.9409	8.4929	6.4225	7.706	9.8477	8.9331	8.9083	8.9262	9.9244
U133A__HLA-A	8.0974	8.8736	8.5163	10.7117	9.7239	9.7457	11.3892	9.4951	12.2717	9.7102	11.5521	11.2404	11.8036	10.7823	10.1571	7.1064	9.4021	11.8918	12.5168	9.9359	8.3049	9.564	10.5659	9.1662	10.1682	10.4276	11.0959	10.2081	9.1221	12.5362	7.8025	10.0395	10.3257	10.9361	11.3302	9.1377	9.4396	11.037	8.5489	8.5052
U133A__NBL1	5.9735	5.5208	6.5773	8.0088	6.4156	7.816	6.7587	6.1978	6.1135	8.2531	6.5199	7.0638	7.4328	5.614	6.2299	6.0307	6.2699	6.1127	8.421	6.6186	5.6648	5.5864	8.6762	5.4859	6.2246	6.6967	8.0563	6.2912	7.9575	5.8276	5.6058	5.9892	8.1472	6.4818	5.802	5.6896	6.7591	5.391	5.5293	6.3593
U133A__GSTM1	10.6942	7.4512	6.8005	6.7114	6.3317	8.4332	6.0868	6.293	6.6235	6.6232	6.6501	6.9337	6.508	6.082	7.5419	6.2574	6.4025	7.346	7.1952	7.965	6.6059	6.5949	10.791	6.4724	6.8404	6.4642	10.6691	6.4809	6.9149	6.0779	7.0285	6.7804	6.5098	6.5735	6.0815	7.4674	7.353	5.9339	6.3352	6.356
U133A__GATA2	5.8131	6.4959	7.0628	5.9166	5.8371	6.0767	6.2741	5.5235	5.1149	6.8274	6.0557	6.199	6.531	5.905	7.2357	7.617	5.5053	6.3955	5.9139	7.2402	6.6668	6.4408	8.5363	6.7948	6.4999	6.0874	5.9896	5.4497	7.0691	5.5843	7.9656	6.0365	5.4024	6.4666	9.1988	6.9075	6.2461	6.4558	5.9673	6.3448
U133A__SLC2A10	8.4741	7.3822	8.9337	8.6382	4.1894	8.3078	6.0184	6.2444	3.2902	4.9809	6.8955	4.0514	4.8122	3.63	3.8058	9.3639	3.6682	6.9324	6.8581	3.9723	5.009	5.5946	4.8866	8.9731	3.8427	9.2903	9.274	4.9798	7.8178	4.9547	5.031	6.0298	4.0902	3.4864	10.4275	8.7642	4.3359	9.0343	9.2699	8.1564
U133A__SHB	6.1653	6.8733	6.1711	6.3303	7.2606	6.1796	5.8797	6.4954	6.4016	6.8149	6.1061	7.1242	6.5164	7.1248	6.8155	9.4468	6.3557	7.5118	8.0176	6.6858	6.4005	6.5346	6.4142	6.5025	6.6582	6.3874	6.546	7.0777	7.5095	8.0614	6.2702	5.2957	5.9911	6.1421	7.0421	6.027	6.3154	6.456	5.9912	5.9384
U133A__EPAS1	7.5586	9.4435	6.5628	6.6454	7.1099	6.6122	7.581	6.878	5.9279	7.9068	9.1876	9.0687	8.1309	8.2067	8.4481	11.134	8.0527	8.9875	8.7955	7.4187	9.242	7.7912	8.5965	9.4821	6.3178	8.0953	7.8271	9.2692	7.9185	8.6953	9.5402	6.3055	8.8077	8.0257	8.9549	10.3129	7.6909	9.5309	7.7552	6.3461
U133A__TPM2	2.9737	3.2967	2.7023	3.0083	9.2246	3.0307	8.8236	6.6508	2.7736	3.2918	9.0163	7.0455	3.3028	3.2698	3.2636	3.8763	6.7663	7.9299	8.1468	9.5375	3.3478	3.2518	3.2009	3.1689	3.4678	2.8649	3.6268	5.1117	3.157	6.4564	3.4752	8.5825	7.37	8.2812	2.8239	5.6483	3.0476	3.3862	3.4566	2.9659
U133A__SDC2	7.6839	4.4758	5.471	5.8173	4.5404	5.3484	4.9752	10.2929	6.6377	9.2915	8.7747	4.4879	4.6024	4.7327	7.4159	9.7014	7.0364	7.5149	4.7632	8.8181	4.7019	6.728	7.8196	5.4896	7.431	4.4419	4.9399	6.4263	5.0457	4.3422	4.8889	6.2214	4.7253	5.4138	6.0161	4.9022	6.7886	5.683	4.8569	6.2833
U133A__CNN3	6.5662	5.928	6.2459	5.2624	7.9772	7.5358	5.2634	7.333	7.2978	5.852	8.5066	5.2216	8.3566	7.6308	7.8934	5.711	7.0815	8.6543	9.1609	8.1059	3.6902	3.6053	8.2442	6.0036	9.026	7.1398	7.5905	6.7258	8.7984	8.6832	6.3226	7.2367	6.9493	5.7464	5.5974	7.5337	7.6915	8.1608	6.8602	3.467
U133A__ISG15	6.2029	6.9837	5.5449	10.2551	7.848	6.5951	9.5835	8.99	11.005	7.8349	9.826	8.9883	10.2185	9.9476	12.0484	6.4512	6.7595	8.9387	11.0436	7.8412	7.1602	10.1019	6.9091	6.9745	9.7251	7.1162	7.5725	8.273	8.311	11.7544	5.8968	8.9234	8.5587	7.5265	6.4722	6.2122	6.5785	6.7421	5.7411	6.0034
U133A__PSAT1	5.5922	6.1399	8.0258	5.861	8.3365	5.8022	7.4809	7.5477	7.3947	6.1203	8.0365	8.0175	9.2056	7.8975	7.689	7.0305	5.8761	6.9252	9.2504	7.682	6.5519	6.2562	5.9222	6.9891	8.1257	6.2789	6.354	7.9922	5.5266	8.5007	6.6541	9.1564	8.6713	8.1064	10.4203	6.019	7.2478	5.7838	6.2581	6.1356
U133A__LMO4	7.4737	7.1325	8.5532	7.9792	9.7098	5.7002	6.5274	8.2677	7.6793	8.0974	7.6477	7.0389	7.4546	6.855	9.4747	7.7206	8.0476	7.8791	8.7906	7.5205	6.2739	5.9112	7.0129	7.9445	7.5364	7.9322	9.2733	7.4324	7.7056	9.2118	6.1979	8.918	6.745	6.2862	9.1307	7.5695	8.3962	6.7757	4.2304	6.628
U133A__SQSTM1	6.1244	6.8461	5.8091	5.7716	7.0833	6.0892	6.403	5.9361	5.7784	5.8264	7.07	6.1	6.0029	6.0765	6.2666	5.8535	6.5977	6.8556	5.5987	7.8553	6.1988	6.3496	5.823	5.9877	6.2835	6.465	5.698	8.8205	6.1735	5.9994	6.2993	8.7397	5.8603	6.6855	6.3011	6.4299	6.2441	5.9149	5.7718	5.8185
U133A__CDH1	9.4054	3.1026	10.1506	10.8025	2.7451	7.2616	3.7836	8.8869	7.6506	10.3047	8.1115	8.7079	9.9294	9.3213	10.668	2.9912	9.3955	7.3494	9.9431	3.1604	9.7553	10.3314	4.8896	10.1819	3.7691	10.7292	10.1856	2.9604	5.9099	7.8365	3.9307	3.1058	9.2079	3.5212	10.1757	9.7177	9.7436	10.2468	10.6202	10.3636
U133A__BST2	8.7431	6.628	4.2637	9.7762	5.2164	8.5034	6.4804	5.4118	9.5469	8.8584	9.1133	6.7513	10.0594	8.3263	8.7328	4.4392	6.9466	4.8507	10.1508	5.5764	6.1967	6.2168	8.0857	9.7058	5.0736	4.849	8.3117	4.517	8.8676	9.776	5.8416	4.9275	8.3869	7.5466	9.1934	7.9052	8.5472	4.5861	8.4818	8.7943
U133A__C14orf147	7.7955	8.3373	8.171	8.4945	6.8873	8.2934	6.8596	6.7264	6.9095	8.3919	6.5508	5.5822	7.4452	6.6456	6.933	8.6093	8.602	9.9961	7.2904	5.9391	7.7385	7.521	7.7687	7.8353	7.4272	8.6416	8.0875	8.2812	8.3295	6.658	7.9421	6.3528	6.4246	6.1853	7.4063	8.3688	6.4358	9.3596	8.4628	7.7993
U133A__CLDN3	7.7269	8.5775	7.7776	9.2494	4.7725	8.7299	4.6935	8.1731	6.2573	8.0305	4.4347	5.0398	6.8845	4.4998	10.8392	3.9735	3.9722	6.2876	7.4706	4.6249	8.2015	10.1075	7.6582	5.683	4.4656	7.8263	8.3076	4.5995	7.829	6.7591	7.6463	5.0252	5.2019	3.7519	9.1572	6.5411	9.7858	10.169	5.8151	7.4535
U133A__ASNS	5.7555	6.9915	8.6184	7.1894	8.7816	8.0217	6.8922	7.2217	8.7944	7.2405	7.4364	8.23	7.3351	6.7055	8.3372	7.0562	7.619	7.5599	9.0102	8.0987	7.5216	7.197	7.7174	6.7424	9.2835	6.6397	8.0286	8.1835	6.3197	8.8295	7.3892	8.7993	8.3637	7.3568	10.555	11.7898	6.9057	7.4767	6.5745	7.3136
U133A__TPD52L1	7.5691	7.9725	7.606	7.9326	4.9533	6.9205	4.5253	7.7398	7.015	9.1963	6.7747	6.7627	9.2769	7.7655	6.3176	7.331	7.9275	6.0534	8.7119	4.9874	8.7672	9.101	8.1636	7.2668	4.8542	8.9955	10.0234	4.7072	6.5342	8.8565	8.4437	4.5276	7.166	5.6365	8.1106	9.7928	8.0223	8.0755	7.4465	7.8597
U133A__SGK1	4.5039	4.9334	4.7827	5.0255	8.6493	4.9394	7.5162	7.9635	4.3632	4.5738	6.4205	8.1867	7.2171	5.7353	4.9836	4.2787	5.4377	7.4515	6.0284	7.7563	5.059	5.5643	4.8025	4.6129	7.0334	6.3626	4.4837	9.4257	4.4109	8.2431	4.9636	8.6062	6.7889	7.1807	4.5583	6.1684	4.7328	5.5696	4.6854	4.8292
U133A__GNE	5.3352	5.3076	5.2581	5.499	6.5008	5.4021	6.5984	5.967	4.4695	4.7172	5.5494	5.0627	6.9256	5.3405	4.9399	8.1098	5.192	6.4608	8.5545	5.9888	4.7223	4.7803	5.7832	6.9789	6.4229	6.856	6.3987	6.8128	5.8493	9.6742	4.9721	5.7542	5.3722	5.1636	3.8687	5.399	4.9661	6.9006	6.238	5.4946
U133A__FGFR1	6.1557	5.7798	6.852	7.4678	7.5789	7.3779	7.6334	6.7737	8.6157	6.1787	6.737	5.9285	6.0116	5.8635	6.4269	6.623	6.2015	9.3113	5.9031	7.4059	6.7359	6.0403	11.6578	8.3604	7.1029	8.2599	6.0409	7.0237	6.4628	6.5633	6.1317	8.3245	5.7774	7.9791	6.489	7.2695	6.4819	7.8946	7.4521	7.6142
U133A__PCK2	6.284	6.7214	7.826	7.0049	6.9382	7.006	7.0844	6.6359	6.756	6.5554	5.8093	6.4794	7.416	6.5607	9.1067	6.4475	6.7694	6.1271	8.2428	6.1926	7.1246	7.2563	7.2173	7.2309	6.7161	7.0416	6.961	6.5039	7.5692	7.22	6.43	7.0357	6.5541	5.9544	9.2728	8.2243	6.6431	6.8268	6.8368	7.7107
U133A__PDCD4	6.1441	4.7881	6.8825	8.2694	4.4945	8.2124	4.4722	5.7415	6.9783	9.3378	4.8222	5.4742	6.1414	3.284	6.6053	6.8198	4.9423	4.4933	7.5575	3.7218	4.8931	6.3885	6.384	5.9022	7.4032	7.8862	9.6151	4.4749	7.2734	5.4488	3.8107	5.177	4.0607	4.2696	6.9303	6.487	7.7569	8.1883	9.0148	8.2637
U133A__HES1	7.2466	7.8362	7.9131	6.4896	5.1651	6.9367	6.6125	7.8518	7.9219	7.5594	6.5368	6.5024	7.6893	6.658	8.8103	9.585	7.7168	6.5411	6.9986	6.0367	6.746	7.2969	6.5532	7.2673	5.6609	7.8519	6.9642	5.9911	6.1492	6.8117	7.3558	5.9077	7.0221	4.6059	7.9363	7.3246	7.1297	6.625	7.1431	5.8228
U133A__UBL3	8.7963	7.6775	6.922	7.6336	7.3076	8.7664	5.7383	6.5634	6.2866	9.5318	5.493	6.6881	6.6114	5.7834	5.8757	7.9422	6.3881	6.4779	6.177	6.1569	7.5274	7.2907	6.2037	6.3585	6.6733	8.7684	7.6624	6.5733	8.2815	6.1326	7.7059	7.3602	6.0226	6.3717	7.0935	8.8315	7.2158	7.517	8.1667	10.0176
U133A__FTL	9.9572	7.7744	10.0591	9.0597	10.2013	8.6878	11.5796	10.819	10.2002	9.6632	9.4582	11.7469	11.211	10.81	10.1587	10.6899	9.2376	9.8686	11.1678	11.7066	8.6347	9.802	9.7402	9.1036	11.4905	9.5794	9.595	11.9073	8.687	8.1879	7.3449	12.0038	10.5268	11.4457	11.6906	10.7519	8.3996	9.5434	9.0406	8.4759
U133A__HIST2H2BE	5.2169	6.1555	5.9939	9.4664	4.7581	6.4892	5.8138	7.028	5.845	9.4831	6.6393	5.1986	7.3397	5.9223	8.8657	8.9328	6.3304	8.0707	6.4151	4.9797	7.2026	8.2043	7.1567	6.2671	5.0337	9.2133	6.6612	5.5972	6.7257	5.5572	5.8532	5.39	5.6544	5.0466	7.1041	5.9142	6.7795	5.2721	5.3079	6.1542
U133A__BNIP3	7.6212	7.8948	9.2703	9.5636	9.4819	7.7395	7.0844	5.595	7.838	8.4411	7.3292	7.4467	5.1835	7.0648	6.7499	4.7334	6.4132	7.9987	5.153	7.1221	7.702	8.0036	8.58	6.7418	8.1999	8.8301	5.3629	9.8497	9.1338	7.0312	7.5778	7.4537	7.48	7.7954	6.9843	7.6257	6.803	10.5984	10.5509	8.3751
U133A__LANCL2	5.8528	7.2945	7.2875	5.9263	6.1474	5.8428	5.6897	5.9234	6.8344	6.5591	6.0216	6.7342	6.6088	7.4901	6.0928	5.8528	6.8358	5.9462	6.1305	6.9561	6.2898	6.5257	5.9869	5.8817	6.8068	6.3016	5.6848	6.587	5.8898	10.8321	6.6128	6.6065	6.6469	6.5225	6.0019	5.4766	6.1616	5.6897	5.7803	6.2757
U133A__CITED2	6.5982	7.7415	6.6171	6.2217	8.6066	6.6819	6.4765	8.129	5.4857	5.8681	6.4711	5.6471	7.2761	5.0942	5.6045	9.6672	5.0741	7.2485	5.5668	7.7101	6.7048	7.0532	7.0748	7.4172	7.5293	6.8764	6.7352	6.9985	7.2716	7.6076	8.0474	7.6179	4.1856	7.6259	7.8132	8.3585	6.9528	9.1731	8.0739	6.485
U133A__COL4A2	6.4635	5.4771	4.9197	4.4398	9.5328	4.7309	7.1	6.7139	4.8079	4.9894	7.5194	8.2333	5.6191	5.1904	5.6325	5.0157	9.3085	8.3007	4.2182	8.3461	4.7889	4.7039	4.7941	5.177	5.9915	4.8098	5.2981	5.5286	4.7465	6.0811	5.4106	6.024	9.0196	4.8637	4.61	4.8703	4.9757	4.6655	5.105	4.6821
U133A__PLA2G16	7.1982	8.495	8.0667	6.7911	5.2454	6.3602	7.3149	6.5026	6.8197	7.8318	5.449	8.3152	7.9048	6.0987	8.1864	8.3904	5.2744	7.1345	7.8377	6.4017	6.4259	7.1985	9.0873	7.7284	8.576	5.7546	9.345	8.6641	5.7119	9.586	8.4557	5.8096	8.2032	7.7789	6.2083	9.2644	9.5939	8.748	5.3636	5.4294
U133A__KMO	5.7671	7.6837	6.0018	5.9323	5.4186	4.9161	4.4047	5.6305	4.6965	5.4732	5.4523	4.9175	5.0193	5.6756	6.8911	7.1436	7.2444	5.8379	4.714	5.3228	4.7488	4.7064	4.5188	7.3547	4.6571	7.0098	5.6323	5.0583	8.8071	8.6865	6.233	5.1258	5.2933	4.7453	5.5913	4.6167	6.1682	5.529	6.2072	4.8873
U133A__KANK1	5.1845	6.3431	4.4629	5.8517	6.3967	4.9071	4.5114	7.1835	6.6344	4.4494	7.8058	6.3191	6.8472	5.5078	4.8784	4.5401	6.1554	7.7999	8.4046	6.2557	5.5361	5.3198	4.7946	5.0467	5.6924	4.7356	4.2955	5.8591	5.7617	6.8357	5.8712	5.7353	5.6835	7.4	5.007	6.1543	5.6976	6.0245	5.7133	6.2831
U133A__STAT1	7.2521	8.0289	7.5388	9.9742	8.2815	6.9856	8.2059	7.9112	8.6978	8.049	8.3459	9.0902	10.2397	9.0231	8.1431	6.7996	7.7738	8.9201	9.7459	7.9713	8.0961	8.2953	8.929	6.852	8.3	8.2216	7.4767	8.0583	7.903	10.4096	7.4653	8.244	7.9746	7.4368	7.4307	7.3811	7.3093	7.9471	7.2797	7.4195
U133A__DEGS1	6.8249	6.0243	6.6615	6.8731	6.713	6.61	6.4785	5.8782	5.2917	6.7579	7.0455	6.6837	6.4182	7.6759	10.6986	6.2588	6.8383	7.5211	6.5886	6.7486	8.3607	6.5126	5.6159	7.77	7.2396	5.7017	7.1705	7.3006	7.9357	6.5403	7.0837	6.7336	8.0758	7.3776	5.5452	6.8749	6.2224	6.518	8.4512	6.7358
U133A__MDK	6.9831	5.8166	10.4845	7.2442	9.5628	5.4762	6.205	7.2438	10.8926	6.6919	8.7624	7.8046	8.1924	5.8212	6.9879	9.4224	5.5966	9.6158	7.3553	5.9591	7.08	9.2987	7.0267	8.0454	6.272	9.0373	7.1533	8.1474	6.1214	6.9398	5.8713	5.747	6.4917	5.8461	10.8153	6.3981	7.7515	7.1022	5.765	5.7944
U133A__HIST1H2BH	5.6812	6.0699	6.6317	7.5581	5.8329	7.5314	6.3963	5.3788	5.4489	7.8848	6.2884	6.3517	8.0459	6.4774	7.6689	8.926	6.4962	8.3146	6.1497	6.5559	6.8639	7.7503	6.9409	6.9553	5.6887	8.1245	8.6179	5.9852	7.6452	6.8657	6.122	7.1496	6.3953	6.4262	6.8218	6.1434	7.3149	5.5171	6.5665	5.6708
U133A__NUCB2	7.9159	7.7211	5.7232	7.9201	7.5538	7.0729	7.1309	5.7145	6.1217	6.8224	5.9807	8.7778	5.1126	5.1027	4.378	6.1882	6.2639	7.9042	6.0763	6.2695	6.5625	6.0033	8.8037	7.4278	6.0185	8.5373	8.1736	5.7716	5.5587	5.8213	7.0168	7.24	4.5033	5.8505	8.3176	7.6776	6.1182	8.2534	8.2008	6.5569
U133A__PMP22	5.2565	4.7053	5.1319	5.4801	8.5525	5.7927	6.8597	10.0992	5.4421	5.429	9.3067	5.4072	5.1737	5.345	5.2663	5.9816	6.3296	6.8562	5.0425	8.2183	6.5357	9.0143	7.1606	9.7452	8.7851	6.3452	8.5414	7.0211	4.8371	5.5181	5.3986	8.7837	6.0432	7.9716	4.706	5.7261	4.7756	6.5781	5.5308	5.6785
U133A__C10orf116	9.1902	8.2899	9.178	8.9706	4.472	9.695	5.2574	10.0032	4.7791	9.3951	5.1718	8.9521	4.3801	5.2636	9.9213	9.8931	6.1048	6.8811	4.7923	4.7919	6.3825	5.6946	10.1961	11.1909	5.2037	11.2659	10.0249	4.7346	6.4343	7.1824	9.0689	5.2127	7.5886	5.4465	4.9414	10.4616	9.125	9.852	9.5303	10.8611
U133A__PTEN	6.0913	6.269	6.7616	6.5673	6.7866	6.3073	6.2833	7.0194	7.0259	7.696	6.2325	8.17	4.6058	7.0343	7.1806	5.6098	4.8611	5.0714	5.7272	7.3598	6.9642	7.2994	7.083	6.987	7.1792	6.1864	7.1573	7.4404	6.7947	6.6651	6.2051	7.5944	4.527	6.9457	7.5813	6.3954	7.375	7.731	8.3939	9.5046
U133A__HLA-F	7.3246	7.1514	7.6905	9.2785	7.8591	7.9913	9.4618	8.793	10.7475	8.2523	9.6511	8.8333	10.4241	8.8233	8.6658	6.5921	8.7351	9.7487	10.5898	8.0524	7.2474	7.8303	8.8431	7.9252	7.8877	8.5341	8.7941	8.1935	7.2825	11.0349	6.829	8.7181	8.5194	9.0699	8.8619	8.1545	8.6017	8.9212	7.4898	7.3955
U133A__BRP44L	7.3579	8.4504	6.6044	6.1956	6.4688	7.3948	6.5531	6.1308	7.78	6.7401	8.099	7.6553	7.1964	7.7168	6.1799	9.8542	7.801	5.8538	6.771	7.1507	6.6991	6.4159	8.2166	7.8571	6.8111	7.5752	8.1616	8.3758	7.7041	8.1092	8.3869	7.4621	6.758	7.6077	7.3253	9.1394	6.907	7.457	6.8471	7.551
U133A__PARP12	5.6212	7.2533	5.7221	8.0136	5.4178	5.3115	5.7062	6.5946	9.2451	5.6289	6.6519	6.3163	7.2762	7.1555	7.6052	6.4157	5.7841	7.1514	8.4965	6.4931	6.121	5.4093	6.0014	5.282	5.8362	6.0526	6.5117	6.6678	5.5824	7.8741	5.8208	5.7415	6.6629	6.5579	6.5832	5.5611	5.8681	6.089	5.0997	5.5159
U133A__CEBPD	6.6929	8.6335	6.0731	7.3742	9.5029	6.3522	8.6464	8.0968	9.7249	7.1484	7.2111	7.8098	8.6922	7.3539	6.7642	6.9569	9.2087	8.8963	8.6788	6.0953	6.5099	7.0844	6.2396	7.4876	5.9531	6.0972	6.213	10.7514	6.2153	9.1109	6.6089	8.2928	8.4856	8.7118	7.0693	5.3927	7.6899	7.834	7.6569	6.9549
U133A__MB	7.4236	8.8244	8.3925	7.7501	6.4009	7.7355	6.2279	8.32	6.2043	7.2	6.8466	6.6614	7.0329	7.5746	8.7101	9.3254	8.8972	6.5353	7.1009	6.1489	7.3687	7.2662	6.8012	8.9188	5.6782	8.6018	8.4996	6.0373	7.5244	8.5503	9.1745	6.167	6.6543	6.5481	7.8482	7.9644	7.1885	8.5176	9.4389	8.2806
U133A__MYL9	4.7297	4.7978	4.3871	5.1373	9.1832	8.8391	8.6873	8.4341	4.0346	5.7648	9.6218	6.0583	4.625	4.5724	4.7069	4.813	9.5538	8.1157	4.8778	9.6227	4.8854	4.7024	4.6027	5.1536	7.1009	4.6393	6.8697	6.3832	4.2936	4.1384	4.5311	8.308	6.9483	4.9714	4.4915	4.7852	7.4332	7.2213	4.811	4.1039
U133A__APOBEC3B	5.6539	4.2711	6.5459	6.1597	7.1609	5.2836	8.7672	8.8535	7.4971	5.6452	7.898	6.4634	8.5401	6.9878	8.8726	6.3674	7.4904	3.9548	4.6104	8.1097	4.2584	5.2772	6.7787	5.8155	8.1658	6.4705	7.6752	5.9632	7.7664	8.4691	4.3131	6.0569	7.041	6.4845	5.3145	3.7522	6.726	5.4782	6.346	6.0347
U133A__AHNAK	5.281	5.7218	5.9388	5.7781	5.2206	5.2713	4.9275	6.1827	6.0559	6.224	5.2952	5.0968	6.7373	7.6819	5.6581	6.8806	5.6812	5.9843	7.446	5.8018	5.7293	4.9851	8.2307	5.487	5.0914	7.506	6.7486	5.7884	6.7658	6.1818	6.1605	5.0432	4.7147	5.4686	5.7549	7.3006	5.636	5.4948	6.6421	7.5269
U133A__AKR1C1	7.1431	7.4936	6.9009	6.8428	6.9592	6.8648	6.7743	8.8214	9.5937	6.993	6.9124	13.1661	9.4036	9.5204	6.7216	6.7947	9.3672	10.5533	8.2823	10.5717	6.8776	7.8026	10.3287	8.2671	6.5743	7.7902	8.1125	8.2878	7.0886	9.1558	6.9583	7.1779	9.3422	9.1273	9.812	7.2018	7.2829	6.5776	6.7722	6.5749
U133A__CLDN4	7.8095	7.8886	7.4307	8.0102	4.3947	6.203	4.3468	7.5458	8.2974	7.4553	7.4055	6.5293	7.7536	7.9433	8.4582	7.7545	7.8168	6.8585	7.604	4.6864	7.6706	6.9713	6.7166	9.4105	4.2514	7.1352	7.4668	4.2431	6.7302	7.1481	8.1243	4.5668	6.7523	3.8645	9.26	6.2457	8.066	7.7975	7.5057	6.617
U133A__UAP1	9.1598	8.4831	8.1046	8.3803	10.5221	7.3076	7.6231	7.5494	7.5247	7.4176	8.5975	8.0611	7.6904	6.9409	6.9494	7.8611	7.7855	8.3676	8.4675	8.864	6.5547	6.1229	7.6336	8.1617	8.5606	7.148	8.1879	8.7112	8.1683	8.0352	7.9066	9.5836	8.0031	8.7819	8.9616	8.9146	7.0147	8.1841	7.9779	7.8894
U133A__MBP	5.1637	4.6214	4.9599	4.6325	4.7642	4.382	4.4656	8.2963	4.0408	5.2755	5.3637	5.5559	5.0395	7.3797	4.2052	7.7157	6.2399	6.1055	8.4056	4.443	5.7006	5.2573	4.7936	4.3579	7.526	6.2173	5.1686	6.9766	5.3124	7.7513	4.4824	5.3162	7.4457	4.8437	4.3446	6.1251	4.5642	4.795	5.4945	6.3904
U133A__SMURF2	5.3079	5.6089	5.405	5.7355	6.9838	3.5189	6.6816	7.3907	5.6463	5.7139	5.1517	7.2388	5.353	6.3549	4.6842	5.0893	5.7892	6.8505	5.6735	6.5155	6.906	6.1958	4.5026	4.4935	8.3902	7.8146	4.9734	6.5385	6.1146	6.1733	4.805	7.3581	6.5988	5.5586	5.2551	5.0942	4.8824	5.9768	5.5258	5.7758
U133A__S100A14	10.6729	10.3133	9.1691	8.474	6.475	11.3051	7.0504	10.3913	6.7286	7.2141	6.7811	8.4815	9.4805	10.1649	10.3037	9.6534	9.5955	7.3264	10.0147	6.498	10.3599	8.2332	6.2807	10.1752	5.626	9.6735	10.718	5.8638	10.2781	9.6521	10.9606	6.078	9.3308	6.0542	10.6196	11.1628	6.9285	10.332	10.9098	11.131
U133A__SHMT2	6.8623	6.8222	7.071	7.0055	7.6469	6.4895	7.3888	7.1328	7.2544	6.7988	6.8016	7.7717	6.9625	7.2352	7.8769	7.1546	6.8061	6.8646	7.8655	7.2257	6.7149	7.2691	6.8747	6.993	8.2976	7.3437	7.2153	7.3381	7.1317	7.7508	7.177	6.9664	7.6724	8.1897	10.3165	8.1213	7.8199	7.3251	6.8354	7.5223
U133A__TIMP2	6.9407	8.1437	5.9061	6.7268	6.8093	6.4559	6.6186	7.4862	6.1842	6.645	7.2158	7.4453	6.6229	7.8937	6.3703	6.1997	7.5739	7.5759	6.5576	6.9703	6.4701	6.6941	6.911	6.6629	6.7168	5.6529	6.2677	7.1653	5.5385	6.8959	7.5049	8.0501	6.498	6.5791	5.934	5.9121	6.6794	7.9524	5.8372	7.0237
U133A__IFI16	3.4777	3.1755	3.3998	3.3054	3.4149	3.2298	7.7939	3.3268	4.3834	3.2415	7.453	8.1701	7.4822	8.0539	3.431	3.4683	3.2823	7.7387	8.672	6.3618	3.2559	3.2911	3.2233	3.5594	5.4957	3.2197	4.3811	3.7119	3.2231	3.7636	3.4776	3.3309	5.1569	8.4945	3.4061	3.2462	3.3309	3.0926	3.2529	3.0938
U133A__PDLIM2	6.1838	6.4469	5.0195	5.6124	8.445	5.1054	6.6544	6.7985	7.5575	4.7108	6.3607	5.2325	5.6691	6.1512	4.6418	6.3079	7.0536	6.8265	6.1954	8.6963	6.1059	5.2037	5.8817	6.3894	6.7859	4.9201	6.5696	5.8757	4.5589	6.8807	7.137	7.7536	6.8021	7.2215	5.3168	4.947	5.8226	6.1853	6.1648	6.9082
U133A__SLC16A3	4.8204	8.7523	7.5024	8.6788	3.8512	4.5588	7.2183	5.858	4.6259	4.682	6.8934	8.3892	5.8137	7.6306	4.5885	4.7371	5.944	7.2585	5.2284	5.8389	5.5231	5.6305	5.6692	5.9795	8.9113	5.1973	4.6446	7.7408	4.4335	4.6858	8.1393	6.7169	10.4205	7.0373	5.8006	4.1816	5.4415	9.251	7.172	9.6262
U133A__CYBA	7.5824	8.4801	8.2641	9.4769	5.9814	9.258	8.3569	6.4165	8.8793	7.1529	9.324	9.0523	10.2521	6.2915	6.8616	9.1399	6.2252	9.4901	5.747	6.4921	9.1755	10.2423	8.7674	9.1094	8.7282	6.2271	7.4685	9.6925	9.3142	10.221	7.853	6.143	10.2727	7.7619	6.4983	6.4006	6.3661	8.2007	9.3755	9.5046
U133A__RAB31	6.2413	8.0673	5.1431	7.7963	8.3412	5.7159	8.009	8.1732	6.3882	5.2803	6.3372	7.6547	6.0256	7.7825	6.0134	5.7421	7.6507	9.5565	6.5396	8.4846	8.4498	8.1669	5.4419	4.7638	8.3981	8.3539	8.6618	8.0149	5.3344	8.4926	8.156	9.8536	8.2197	8.2362	5.2265	5.4669	6.4993	7.2702	5.4727	8.7646
U133A__GATA3	4.3432	3.6303	5.039	9.974	4.1358	8.5593	3.5801	2.9041	5.2215	8.0058	4.0984	4.9866	4.7334	5.0131	7.259	7.9089	3.0972	5.915	5.4572	3.2756	8.2784	9.0129	8.8407	7.4635	3.0718	7.1761	6.9304	3.0294	9.0051	5.2047	4.2017	3.2494	3.2905	2.7796	8.2158	7.0477	8.5736	7.9187	6.4257	8.156
U133A__FBP1	6.8861	5.4407	8.7593	9.0806	5.8518	8.9571	6.0355	5.675	5.3145	9.223	5.9597	5.9596	8.9816	6.1031	8.462	5.4783	5.7636	6.0568	6.0106	6.2966	9.2997	10.2366	9.9675	10.3739	5.6397	10.3698	8.9993	6.0119	6.1156	5.7261	7.3014	5.5824	7.2633	5.8976	9.8817	7.7395	7.7367	9.8135	9.0869	8.5342
U133A__BIN1	6.4237	8.362	6.4352	6.1854	8.6377	6.2759	7.0051	6.655	6.2781	7.1999	6.9047	7.8473	6.3914	7.5205	6.575	5.867	6.5609	8.452	6.4451	7.2778	6.4746	6.324	5.8916	6.2689	6.4772	6.4021	6.3341	9.1825	6.0966	6.3768	7.052	9.2603	7.9808	8.5909	6.3494	6.4031	6.3309	6.8244	6.3347	6.2291
U133A__SOD2	5.5088	6.9736	4.881	5.1914	7.7208	5.6061	6.9795	6.6548	7.6545	5.7471	8.3722	7.9873	6.5132	7.3532	5.281	5.9588	7.7653	6.3289	7.5586	6.3059	5.2549	6.0585	6.0706	5.3729	5.5954	5.823	6.3231	11.1784	5.1422	8.2402	6.0321	7.3062	8.7586	9.3681	4.9814	6.5449	5.6744	6.295	4.8445	6.1557
U133A__IFI35	5.4977	6.6211	5.9007	8.0682	6.7676	7.0366	7.7739	6.3878	6.7278	6.8486	7.4278	6.9672	8.0101	6.8443	7.6942	5.418	6.0747	7.3015	7.4774	7.0745	5.9294	6.2196	6.5578	5.4165	7.0996	6.7662	6.195	7.0669	5.2079	8.0044	5.7756	8.126	6.2137	6.6562	5.3685	5.7674	7.0133	6.0084	5.5399	5.1334
U133A__MAGEA6	4.1337	10.693	4.2307	9.8056	4.0703	3.9456	4.1086	4.2992	4.86	11.4676	3.9504	10.0407	4.0099	9.9063	8.6699	3.986	9.5413	4.4473	6.445	9.4312	4.0506	4.1283	4.1417	4.1481	10.9078	3.9064	4.9708	4.583	4.038	11.6368	10.2216	9.7426	3.9341	10.1877	8.205	4.2629	4.3884	3.8095	7.8366	9.4051
U133A__GSTM3	8.5295	9.9259	9.4319	6.9494	8.1387	11.2723	6.2032	7.3368	5.4105	9.6692	8.0063	8.8447	9.2218	7.8898	11.0805	6.2024	9.0328	10.1601	8.6205	6.615	8.9141	10.139	11.697	9.8598	8.5632	10.802	10.9899	8.3745	4.8628	7.7266	10.3404	9.0037	7.5544	5.2365	5.819	11.8676	11.191	6.6298	5.4191	4.9216
U133A__IMPA2	8.7531	7.3139	8.4529	5.4562	5.1665	6.023	6.4959	8.6778	7.5464	6.8012	7.8668	7.343	8.3973	7.1983	5.2781	6.5774	8.1387	7.6265	8.1532	4.5312	7.3864	6.8415	6.571	6.4168	6.1764	7.4842	5.5594	7.151	6.2553	9.2256	6.4363	8.9052	7.2363	6.417	5.4249	6.665	6.5036	7.2796	7.0634	7.835
U133A__PODXL	5.8122	5.7718	7.415	6.6408	5.2774	6.7693	6.4555	7.8292	8.6333	5.6383	5.5409	7.5824	8.1435	5.8862	5.8571	6.0954	7.4922	5.36	8.3307	6.3805	6.9023	8.2421	7.1327	6.6091	7.0962	6.9862	5.6992	7.6973	5.7078	7.339	5.6023	5.7194	7.4992	6.0624	6.5541	5.9662	5.7361	6.265	5.4449	6.6903
U133A__SAT1	9.5853	8.0759	9.1251	4.8567	7.4459	5.1148	5.1757	8.6751	5.2767	4.1607	8.512	7.7973	7.4163	9.0179	5.2599	9.2676	9.41	9.7312	9.8956	5.5377	6.141	6.2898	6.7268	8.9828	6.7656	9.3357	8.0214	8.1964	5.8813	9.7495	7.0026	6.7805	8.3872	4.3567	6.5517	9.7596	6.8822	8.9195	7.141	5.1998
U133A__CX3CL1	5.1792	7.6425	7.1501	5.3846	4.4939	4.8967	4.5963	6.9372	6.8788	6.223	5.5573	4.6235	5.6115	5.7214	6.2905	8.0736	5.568	6.0087	8.0273	4.9628	5.0352	4.9562	5.2278	7.4116	4.7459	4.917	5.7636	4.8201	4.6433	7.122	6.4664	4.8297	4.8225	5.1102	4.8107	4.9193	4.7497	4.6462	4.864	4.668
U133A__H2BFS	7.6939	8.14	9.0151	9.4825	7.5511	10.0856	7.8887	7.4697	7.0381	9.6266	8.3781	8.1802	10.1758	8.4017	10.2471	11.3662	8.0953	10.2003	8.323	7.2868	9.2405	9.6227	8.6025	8.9019	7.7851	10.0234	10.8112	7.9547	9.3547	9.0923	8.8394	9.4932	8.0654	6.9914	9.1738	8.557	9.8876	7.6589	8.7904	7.7033
