Cell lines	600MPE	AU565	BT20	BT474	BT483	BT549	CAMA1	HBL100	HCC1143	HCC1187	HCC1428	HCC1569	HCC1806	HCC1937	HCC1954	HCC202	HCC2185	HCC3153	HCC38	HCC70	HS578T	LY2	MCF7	MDAMB134VI	MDAMB157	MDAMB175VII	MDAMB231	MDAMB361	MDAMB415	MDAMB453	SKBR3	SUM1315MO2	SUM149PT	SUM159PT	SUM185PE	SUM225CWN	SUM52PE	T47D	ZR751	ZR75B
Response	1	1	1	1	-1	1	1	1	1	1	-1	-1	1	-1	1	1	1	1	1	1	-1	-1	1	1	1	-1	1	1	-1	1	1	1	1	1	-1	-1	1	-1	-1	-1
U133A__FBP1	6.8861	5.4407	5.6061	8.7593	9.0806	5.8518	8.9571	6.0355	5.675	5.3145	9.223	5.9597	5.9596	8.9816	6.1031	8.462	5.4783	5.7636	6.0568	6.0106	6.2966	9.2997	10.2366	9.9675	5.5894	10.3739	5.6397	10.3698	8.9993	6.1156	7.3014	5.5824	7.2633	5.8976	9.8817	8.5732	7.7395	7.7367	9.0869	8.5342
U133A__CDH1	9.4054	3.1026	9.7731	10.1506	10.8025	2.7451	7.2616	3.7836	8.8869	7.6506	10.3047	8.1115	8.7079	9.9294	9.3213	10.668	2.9912	9.3955	7.3494	9.9431	3.1604	9.7553	10.3314	4.8896	2.9383	10.1819	3.7691	10.7292	10.1856	5.9099	3.9307	3.1058	9.2079	3.5212	10.1757	10.4251	9.7177	9.7436	10.6202	10.3636
U133A__BST2	8.7431	6.628	8.2193	4.2637	9.7762	5.2164	8.5034	6.4804	5.4118	9.5469	8.8584	9.1133	6.7513	10.0594	8.3263	8.7328	4.4392	6.9466	4.8507	10.1508	5.5764	6.1967	6.2168	8.0857	7.5776	9.7058	5.0736	4.849	8.3117	8.8676	5.8416	4.9275	8.3869	7.5466	9.1934	9.8754	7.9052	8.5472	8.4818	8.7943
U133A__TFF3	12.242	7.4282	5.6939	11.8098	12.1898	5.9539	7.9505	6.1278	5.6693	5.4995	9.7873	5.9862	5.5639	5.8248	5.9636	6.9685	5.7579	5.9571	5.5964	5.385	6.1336	7.9223	8.6074	8.054	6.0694	12.8617	5.781	12.1275	8.7981	6.2142	7.2255	6.0829	5.986	5.7096	12.552	7.2202	6.9097	7.2481	8.677	9.4077
U133A__TGFBR2	4.7952	5.333	7.0106	5.0315	4.0804	6.7765	4.5064	6.7981	6.3664	4.7365	4.2208	4.6006	6.7692	5.9237	8.2695	5.0056	4.2784	5.3755	7.5116	6.5588	7.6766	4.5196	5.7419	4.3473	6.6819	4.3361	7.685	4.9647	5.073	4.4376	5.0651	7.2266	7.6333	8.8984	4.4958	6.1121	4.7649	4.3031	4.2258	4.3092
U133A__GPX1	8.9739	4.0916	9.6587	9.13	4.1978	9.7074	8.7943	8.0487	8.6375	3.8954	7.8047	3.5472	8.4418	9.4091	9.7496	9.301	3.7548	10.5188	9.1911	8.6679	9.1332	5.2514	5.269	9.851	7.3749	3.9513	9.7794	9.7769	8.2842	9.6262	4.1969	8.82	10.2252	9.2677	3.2767	9.1704	3.978	3.5145	3.7776	4.1642
U133A__MED1	6.789	9.401	6.6315	9.8321	6.7544	6.543	6.5188	6.7874	6.1616	6.714	5.4657	6.4849	6.584	6.2933	5.5168	7.637	6.165	6.7157	6.7015	6.6643	5.9833	5.9938	6.0596	6.5369	6.341	6.0538	7.4592	7.1028	5.6961	6.8213	9.7185	6.1455	5.8447	6.5327	5.9984	6.2341	6.2636	7.0154	6.1249	6.4994
U133A__CSRP2	4.6788	4.979	4.1554	5.0201	4.0119	7.7089	4.3732	7.2517	5.1256	8.5335	4.1902	5.8713	8.9537	4.8602	4.5477	7.3587	5.8602	6.7445	6.1986	3.8214	6.0008	4.9673	4.4735	5.2102	6.9489	4.3389	7.2707	5.5783	4.5925	4.4372	4.4089	6.4662	6.4077	5.9498	4.0688	4.8518	4.6758	4.0357	4.0661	5.474
U133A__TGFBI	5.9683	6.9042	6.5137	6.5837	5.5476	6.1062	5.7755	7.9789	5.3076	9.9085	5.8022	5.705	8.7344	7.4678	9.0113	6.0496	7.0812	6.6511	11.1168	10.6715	11.2079	6.2419	8.2212	5.6705	10.843	6.2392	7.7059	5.9087	6.0484	5.846	6.7466	11.8115	10.622	11.553	5.5123	6.1076	5.6781	5.5711	5.5391	5.3747
U133A__IRX5	7.7399	6.5809	5.5081	7.7145	8.7913	6.7582	9.7052	5.397	6.7088	8.4982	9.2355	7.8438	5.0398	8.2703	6.928	8.3002	6.9459	7.2265	6.0328	7.8287	5.68	6.4979	7.5153	9.0702	5.4402	8.0494	5.6562	8.26	7.8134	9.0329	6.3151	7.6172	6.2181	4.7753	8.3988	8.6255	7.2192	7.8621	8.7904	8.8174
U133A__MEGF9	6.1887	5.2454	5.728	7.1921	7.8359	5.352	6.5592	4.9552	5.4416	7.4246	8.1128	5.4149	5.8697	5.8965	5.6407	5.6619	5.7681	5.6285	6.0475	6.4887	5.5942	7.7911	6.5321	7.1962	5.0869	7.0854	5.5495	9.258	7.1866	6.6597	5.7238	5.1876	5.0277	5.331	6.8868	6.9558	6.8659	6.6887	6.1345	6.9286
U133A__PLAUR	7.2636	7.0817	7.6566	6.3774	6.0661	7.9196	6.3478	7.0145	8.6018	7.3217	6.6571	6.7499	6.7768	7.13	8.4113	6.868	6.8516	8.1211	7.2534	7.3607	8.1234	6.4877	6.4579	6.6082	6.9693	6.7436	8.9904	6.1449	6.6998	6.2084	6.715	7.4222	9.277	7.1697	6.0395	6.8223	6.7814	6.3108	6.3425	6.7746
U133A__LMCD1	6.5609	6.4091	6.5713	6.1756	7.4953	5.3439	6.2751	5.829	7.8319	5.3364	7.8935	7.3762	5.3461	5.7221	5.6691	5.9457	7.0603	5.1047	6.4592	6.3042	5.9992	6.2394	5.9717	8.0941	5.9372	7.2973	5.7364	6.2042	7.0151	6.8584	6.1463	5.4766	5.0203	5.7004	7.9499	6.6592	7.4884	7.5056	6.6191	5.7219
U133A__TNFAIP2	6.5795	8.2231	7.6824	6.3738	6.1237	5.8589	6.542	7.6816	7.4465	8.7141	6.2884	5.9616	8.3867	8.5324	7.833	6.9407	6.4399	7.8688	8.5522	9.3888	6.3682	6.3993	6.5616	6.4062	8.2471	6.4737	6.5829	5.7377	6.762	6.0875	7.0839	6.245	8.1	6.9614	6.0373	6.0305	6.7441	6.7504	5.7957	6.5668
U133A__EGFR	6.5405	8.8087	11.1948	9.1916	5.4966	8.9985	4.6032	7.5795	8.5853	8.75	5.4451	6.1574	10.0365	8.0004	9.7369	8.7474	10.2614	7.8659	7.3722	9.5572	8.9579	5.5013	5.3316	4.5102	8.86	6.0289	9.7841	6.2142	4.6987	5.0824	8.0587	7.8138	9.152	8.0666	4.8664	8.4192	4.2139	6.1317	8.1672	4.7772
U133A__CRIP2	8.2574	9.2634	6.3153	9.209	9.9678	7.8746	8.3415	6.5901	7.7681	8.0402	9.0021	7.6044	5.5453	6.6722	6.6952	9.1442	8.8685	7.8221	7.9649	7.9883	7.3507	8.6357	8.6983	8.9642	6.3079	8.3729	5.1886	9.2302	8.0924	7.8109	8.3547	8.1304	6.4487	5.4693	9.8773	9.8924	7.1792	9.294	9.0175	9.4029
U133A__HSPB1	9.8381	11.9878	10.658	11.1392	12.1917	10.9092	12.4619	10.5053	9.7586	9.4377	11.9863	10.4327	9.9008	11.9422	9.7152	11.6081	7.6241	10.821	9.9102	10.7294	10.9497	11.5674	12.3547	11.3351	10.3616	12.8993	10.0079	11.75	11.1248	7.7425	11.0928	10.9232	10.4221	10.3461	8.3736	11.3463	7.4763	12.0345	10.7593	11.8178
U133A__CTSL1	7.8798	7.8217	7.3628	6.5576	7.0167	9.757	7.4496	7.435	7.0288	6.4798	6.048	6.8949	7.4235	7.4542	8.3773	5.337	6.2641	7.0943	8.2269	7.8047	8.3916	7.4346	7.6	8.0089	8.9738	6.7347	7.4494	7.8617	7.5577	5.7749	7.5965	10.5886	7.5244	7.4769	6.9951	6.5554	7.7098	6.1703	6.2306	6.448
U133A__PLEKHF2	7.8227	5.5542	5.4206	8.353	9.5772	5.3539	7.7758	4.5965	6.2048	6.0169	8.5369	6.5492	6.6429	8.251	6.1642	5.9198	9.5057	6.5501	5.6869	6.6621	5.3134	7.6518	7.2111	8.3373	5.1421	7.3073	5.4357	9.0386	6.3531	8.0942	4.8166	4.8152	4.6651	5.4296	6.1804	9.5436	9.1234	7.8132	8.9253	8.4682
U133A__ITGA3	7.0347	5.904	8.7863	7.0003	6.2149	8.0259	6.2689	8.8922	7.8936	5.0259	6.8603	5.3603	7.6743	7.3976	8.3943	7.9867	5.562	7.1843	8.7137	6.5616	7.4535	6.6455	6.406	6.3636	8.2664	6.2884	7.5132	7.5224	6.7249	6.8296	5.5944	6.0298	7.3832	7.7502	5.8839	6.4267	6.8074	5.8556	5.7229	5.9956
U133A__EPHA2	6.8777	6.8505	7.7375	5.9049	5.1826	8.0944	5.8575	7.5704	6.3275	5.4135	5.1916	6.3529	7.8942	7.0137	8.5616	7.0007	6.7903	6.7602	8.2689	6.7414	8.1722	6.0052	6.6211	5.7144	7.5885	5.7941	8.7282	5.6235	5.8814	5.967	6.6319	7.5941	8.0211	8.2738	6.9307	7.4133	6.077	5.5545	5.4127	5.8045
U133A__LPCAT1	7.3577	8.9611	8.569	9.6749	7.1029	7.2521	7.0423	6.846	7.74	6.6152	6.6098	6.6442	7.3353	6.5708	10.0197	6.1164	7.112	7.373	6.9475	7.7542	7.1383	7.6529	8.2705	7.4954	7.1965	7.3813	7.7236	8.3462	6.6051	6.3507	8.3357	7.0926	5.9251	7.5598	7.3431	6.6121	7.2444	7.0242	6.3502	6.8462
U133A__TRIP13	7.745	8.3821	9.099	8.3399	7.2109	8.4946	8.4298	9.1761	8.1542	8.1616	8.0032	8.2922	9.269	8.9522	11.8558	8.2882	8.7189	8.5732	8.6762	9.2749	9.1383	7.9553	7.9682	8.584	8.3787	7.6696	8.1315	7.9447	8.0787	7.9149	8.2085	8.3646	8.3153	9.9502	6.6053	7.1	7.2737	8.9561	6.3957	7.9724
U133A__TRPS1	8.6584	7.3827	3.3819	7.0458	9.6951	6.9494	8.2062	3.4593	8.634	5.392	8.5305	7.8165	3.8643	6.1183	4.2236	6.5161	8.4291	7.4467	7.9026	6.7044	5.5976	7.4086	7.1694	8.6372	5.0367	7.8186	3.923	6.8585	7.5954	8.5243	8.38	7.5346	3.3148	4.1508	10.0281	7.8115	9.272	9.1202	8.5384	8.6575
U133A__PDGFC	5.5151	4.7072	6.4241	5.306	4.2114	8.5446	4.2682	7.4629	7.5679	8.1244	3.5487	4.7294	7.0604	5.2036	7.8858	6.7858	6.5847	5.6004	6.6393	7.1701	6.9926	4.1352	3.636	4.0802	7.2686	4.8705	9.2966	6.5591	5.3401	5.7983	4.7499	8.8223	6.3115	7.8914	4.062	8.5844	5.1023	5.7918	5.4727	5.9931
U133A__RAI14	5.8045	6.8528	7.6505	6.5191	4.7329	7.1977	6.3754	8.5524	6.2722	5.5801	7.0817	6.0818	7.393	5.9586	7.2175	5.1903	4.9184	8.4573	6.3942	8.6065	6.5584	5.6957	5.9513	5.9509	8.3284	6.7127	7.995	7.088	4.6179	5.8292	6.033	4.3547	5.7551	7.8314	6.3683	4.7881	6.0277	5.7235	4.2361	5.793
U133A__MED24	6.9285	9.2036	6.3673	9.9268	7.0736	6.0922	6.891	6.5397	5.784	8.2819	5.4771	6.6253	6.4028	6.381	6.6928	6.5315	6.5348	7.3363	7.2212	6.7101	6.2124	5.7215	6.6214	7.3983	6.8359	6.0875	6.6819	6.1646	5.9338	7.5758	8.7567	6.3423	5.967	6.9219	5.7808	6.3791	5.8922	6.9161	6.1301	7.3933
U133A__CYB561	9.3231	8.9941	7.8642	7.9717	8.632	6.2388	8.0748	6.4993	7.6969	6.9168	8.6582	8.3664	8.4426	7.8981	7.7693	9.4771	7.5397	7.7448	7.7648	8.0632	6.9285	9.7372	9.1411	8.1277	7.0833	8.4517	7.3983	10.3813	8.2127	8.7824	8.5366	5.2097	7.0984	6.7225	10.2413	8.9039	9.4326	8.5092	8.7911	9.3286
U133A__TPM4	7.5354	5.8557	6.4431	7.0182	5.6134	8.444	7.8344	8.6083	7.5265	6.9576	5.253	7.0015	7.1745	8.3884	7.7741	6.8116	7.5146	8.8621	8.0885	6.9763	8.6658	7.2559	8.5262	6.3231	8.5185	7.7302	7.3272	6.6417	6.7652	6.6924	7.4954	9.1089	8.7288	7.4332	3.4831	6.4929	4.6367	4.0479	6.1841	6.0462
U133A__CDCP1	7.0742	7.2215	8.8826	7.3078	7.3245	5.7458	7.0456	7.1212	7.5834	6.5563	6.1087	5.8003	8.3644	7.5225	8.6177	6.9089	7.6904	8.2325	6.9611	7.7991	6.2206	5.8522	5.5089	7.7861	6.0267	6.8073	6.5621	7.4171	6.5984	7.661	5.7184	9.4111	8.3319	8.8519	5.8008	6.9583	7.2886	6.9554	7.4395	7.2068
U133A__IGFBP2	8.9994	6.5614	8.0793	8.4756	10.174	4.1337	8.2319	5.5098	6.9756	5.0969	11.3152	6.6399	5.5755	7.4344	6.2061	7.8506	6.7846	6.7353	5.7058	4.1339	5.3651	7.4161	8.4871	9.2672	6.523	6.9218	5.18	9.4817	8.7196	9.2216	5.7955	5.3561	5.6784	5.7516	6.6061	8.1112	7.7527	9.675	7.0239	9.9643
U133A__NNMT	7.4816	6.4025	8.9292	4.3441	4.2984	10.43	4.4886	8.6418	4.4447	4.5027	4.0426	5.1421	4.462	6.0129	6.8071	4.8556	4.2145	5.8981	7.0081	7.6329	7.5692	4.5485	4.4465	4.6024	10.1086	4.1548	4.4358	4.2956	4.9538	4.3555	4.6834	8.5814	8.774	9.9583	4.671	5.6167	5.758	4.3408	4.1626	4.082
U133A__LASP1	9.5381	8.8228	9.664	11.8925	9.0713	9.1628	9.3673	9.334	8.5106	8.657	8.8387	8.7288	9.609	9.423	9.7487	10.5579	9.9354	8.9098	9.4553	9.1961	8.8766	7.5227	9.3005	9.6931	9.5261	8.2583	9.5882	11.114	9.393	9.1818	8.5311	7.9899	9.1735	9.2861	8.7128	8.7215	7.7283	9.741	8.6075	9.0406
U133A__GATA3	4.3432	3.6303	5.3574	5.039	9.974	4.1358	8.5593	3.5801	2.9041	5.2215	8.0058	4.0984	4.9866	4.7334	5.0131	7.259	7.9089	3.0972	5.915	5.4572	3.2756	8.2784	9.0129	8.8407	2.9786	7.4635	3.0718	7.1761	6.9304	9.0051	4.2017	3.2494	3.2905	2.7796	8.2158	5.6253	7.0477	8.5736	6.4257	8.156
U133A__PTEN	6.0913	6.269	6.3825	6.7616	6.5673	6.7866	6.3073	6.2833	7.0194	7.0259	7.696	6.2325	8.17	4.6058	7.0343	7.1806	5.6098	4.8611	5.0714	5.7272	7.3598	6.9642	7.2994	7.083	7.3628	6.987	7.1792	6.1864	7.1573	6.7947	6.2051	7.5944	4.527	6.9457	7.5813	7.3894	6.3954	7.375	8.3939	9.5046
U133A__STOML2	7.2213	8.4844	8.5185	9.9156	8.2398	9.103	9.0795	8.4468	8.2134	8.6867	8.261	8.9344	8.3241	8.5246	8.7663	8.2916	11.5332	9.1862	8.097	9.4651	8.2944	8.4101	8.3866	8.7367	8.6208	7.9967	9.327	8.4125	8.6614	8.9936	8.3608	8.7891	8.6857	9.1326	8.089	7.7287	8.0294	8.042	8.4869	8.9244
U133A__XBP1	10.8344	9.815	7.6964	10.7009	11.15	7.9069	10.6604	7.5297	7.6036	7.9543	9.2154	7.8611	8.1184	8.313	7.637	9.3929	10.5899	8.1677	7.1544	8.6517	7.6438	9.3516	10.7117	11.2426	7.2265	11.6896	7.889	11.5911	11.2322	11.2977	10.1574	7.1282	7.1631	8.0768	11.2015	11.1151	10.9035	10.9459	11.6974	10.5644
U133A__SLC20A1	7.6427	8.3199	8.7672	8.0107	8.0721	8.7256	8.1272	9.098	6.6759	7.5472	7.2886	7.0867	8.4578	7.2382	9.1363	8.6551	7.4381	7.0011	8.3231	8.0025	9.425	8.8983	8.0417	8.9864	8.9097	7.4554	9.9645	8.8543	7.5266	8.1997	8.2994	9.5412	9.3595	9.9595	8.2021	7.8687	9.2262	7.8515	6.8781	8.2112
U133A__SIK1	5.5407	6.6616	6.0677	4.9096	5.4238	6.6913	5.4221	5.3659	7.7282	8.163	5.4636	5.4409	6.6593	5.7017	6.0411	5.9479	5.3807	7.5037	6.582	5.9786	5.4702	6.3386	6.4975	5.7459	5.7844	5.5274	5.4881	5.517	5.6329	4.9697	5.7079	6.6356	7.7926	6.1986	5.6693	5.94	6.413	5.5653	5.3543	5.5297
U133A__SOD2	5.5088	6.9736	6.9797	4.881	5.1914	7.7208	5.6061	6.9795	6.6548	7.6545	5.7471	8.3722	7.9873	6.5132	7.3532	5.281	5.9588	7.7653	6.3289	7.5586	6.3059	5.2549	6.0585	6.0706	8.5843	5.3729	5.5954	5.823	6.3231	5.1422	6.0321	7.3062	8.7586	9.3681	4.9814	6.4789	6.5449	5.6744	4.8445	6.1557
U133A__TNC	5.3228	4.6808	6.0589	5.0294	4.8493	6.8118	4.6548	6.2793	5.8077	9.2972	4.909	6.0354	4.8131	5.0022	8.1084	6.7858	5.3092	6.2336	9.3754	8.5657	6.5111	5.0374	4.7272	7.5415	7.5353	5.0349	5.0495	6.0046	6.2086	9.5715	4.904	7.4837	8.1507	6.8616	5.1442	6.0683	7.8556	4.9164	5.2553	4.8657
U133A__SEPP1	6.7939	8.2703	4.9517	6.4515	7.7486	4.5723	7.1106	4.2487	4.7281	4.5017	7.5343	8.2599	4.836	8.2811	4.6901	6.4853	8.1246	5.8341	6.3741	4.8683	4.9177	4.4563	4.5954	9.4429	6.2604	5.3088	4.3451	10.806	10.2101	9.6458	6.2624	4.7379	4.6913	5.1189	8.3721	8.0684	8.6532	8.6522	9.6879	6.5472
U133A__LEPREL1	5.2728	5.3422	8.3477	5.4569	5.0282	9.3138	5.5085	8.5248	7.9786	5.848	5.3502	6.5309	7.5076	8.3214	7.2828	5.5782	5.1026	5.8493	7.0181	9.188	7.5821	5.5045	5.6844	5.199	6.6369	4.9666	7.9034	4.9339	4.9033	5.3148	5.5942	6.252	5.3512	7.3962	5.376	5.3514	5.1657	5.3306	5.1199	4.9922
U133A__POMZP3	5.4865	6.9158	5.512	4.8456	6.8032	4.5827	6.9213	5.7618	5.5264	7.0392	6.9656	5.8224	5.1062	6.2726	5.167	6.7511	6.4184	5.8832	6.3568	6.674	5.9695	5.8044	5.7527	4.6042	5.6313	5.7987	5.8609	5.5526	6.3727	4.785	7.0482	5.1092	5.7715	4.1477	4.9582	8.0627	4.7271	5.8462	6.281	8.1041
U133A__NRAS	5.5548	6.1408	7.7102	6.0264	5.2946	7.6303	6.9143	5.426	5.5279	5.2327	6.1487	4.6216	7.2599	7.2058	6.6215	4.9542	4.2955	7.6456	7.144	6.1282	7.0791	8.2575	8.4564	5.858	6.3052	4.9996	7.7325	5.1749	5.0033	5.4207	5.5992	7.5259	7.0119	7.2775	4.3038	4.2994	5.9637	5.7282	4.1235	4.3905
U133A__SEMA3C	5.5063	7.8535	6.2973	7.2138	8.9072	7.9184	8.3292	5.5978	8.5165	6.515	6.9541	4.8101	6.5634	5.7918	5.1109	6.0708	6.6837	6.0845	8.9521	5.6476	7.3771	8.3973	8.6625	6.3229	7.9666	8.2876	5.6302	7.8415	8.0204	6.4005	5.7378	6.6405	3.8054	6.3761	8.6192	8.9705	5.6067	8.6439	5.8646	8.8128
U133A__PDCD4	6.1441	4.7881	3.469	6.8825	8.2694	4.4945	8.2124	4.4722	5.7415	6.9783	9.3378	4.8222	5.4742	6.1414	3.284	6.6053	6.8198	4.9423	4.4933	7.5575	3.7218	4.8931	6.3885	6.384	3.7962	5.9022	7.4032	7.8862	9.6151	7.2734	3.8107	5.177	4.0607	4.2696	6.9303	6.7761	6.487	7.7569	9.0148	8.2637
U133A__RAB11FIP1	7.0112	6.3265	6.0089	6.3952	10.1852	4.1652	7.5606	4.6623	6.1832	5.5435	7.7345	6.5955	5.6248	6.6226	5.2897	5.0526	7.879	5.1828	6.1834	5.6434	4.4743	5.1289	5.3596	9.2312	5.4449	6.7784	5.3435	6.8999	5.2841	5.1493	6.3631	3.4957	5.5237	5.5979	7.3772	10.4161	7.5511	7.0406	8.8087	8.0265
U133A__CLDN4	7.8095	7.8886	6.8892	7.4307	8.0102	4.3947	6.203	4.3468	7.5458	8.2974	7.4553	7.4055	6.5293	7.7536	7.9433	8.4582	7.7545	7.8168	6.8585	7.604	4.6864	7.6706	6.9713	6.7166	4.3184	9.4105	4.2514	7.1352	7.4668	6.7302	8.1243	4.5668	6.7523	3.8645	9.26	8.5318	6.2457	8.066	7.5057	6.617
U133A__VIM	5.8226	4.9592	5.965	7.7481	5.6063	11.6511	5.8908	11.3859	11.3821	8.7797	5.3502	10.7222	4.9413	5.8206	9.4913	6.0127	5.6946	10.5693	11.5151	8.134	12.5403	5.7703	5.8608	8.4895	12.7467	6.4138	11.4408	5.516	5.4939	5.091	5.6462	12.9893	9.5774	12.4633	5.4996	5.2009	5.4907	5.7024	5.528	5.1392
U133A__PTPRU	8.8461	7.7909	5.3599	5.5647	6.1875	5.6295	5.9431	5.8584	6.2068	5.2724	5.8775	7.1523	5.8751	6.4143	6.3077	6.3478	7.2033	6.1426	5.3025	5.9901	5.6516	5.9064	6.0962	5.8296	6.0597	6.9492	5.1764	6.0926	6.86	5.6323	5.9691	5.9083	6.7002	5.6666	7.1784	7.0607	7.8153	6.1712	6.3257	6.6313
U133A__LRIG1	8.4873	6.2785	5.1965	6.714	7.3323	3.8294	5.7543	4.9765	4.6329	5.669	7.1662	4.7873	4.9515	5.9472	4.8144	5.456	5.5033	5.2939	4.0003	5.209	4.8805	5.4309	5.1228	6.6869	4.104	7.4281	4.2748	8.0802	5.1363	8.3706	5.1384	5.4354	5.9374	4.1727	5.8208	8.3873	5.0683	6.8777	6.956	6.6563
U133A__TBC1D9	6.3771	7.496	5.581	6.0691	9.2575	4.8144	7.0148	5.4363	4.3359	5.6622	8.2883	5.4965	3.5309	5.9846	5.0743	5.0615	7.5382	5.0659	6.6908	7.3101	6.1223	6.8606	8.7386	8.2356	5.9894	7.447	6.3818	8.4877	7.2127	5.1711	6.5539	5.0828	4.6908	6.4141	8.6955	7.7167	6.6034	5.0197	6.7933	7.8456
U133A__KIAA0182	8.7175	8.7547	8.2326	9.4399	8.9626	5.5927	8.9031	6.2784	7.0695	8.2032	9.5198	6.5335	7.1268	7.6521	7.6461	9.0573	8.5395	7.194	7.6429	7.7941	6.6802	9.3437	9.2681	7.1592	5.5687	8.3507	6.8539	9.4821	8.1927	8.8215	8.4014	6.3604	6.768	6.9346	9.4211	8.9541	8.2608	10.1651	9.5845	8.7069
U133A__CRIP1	8.4245	4.9101	4.4423	9.7016	12.0514	5.0897	4.9873	4.8363	5.2707	8.3369	5.2036	8.8011	6.9537	4.8419	4.9281	6.1535	4.8404	5.1706	5.7282	7.8829	4.6486	5.4919	5.8025	10.1788	4.3166	9.4513	4.6497	9.8876	9.8166	8.6704	5.2638	5.2501	8.6033	4.6048	5.5028	5.7352	5.1629	10.2423	10.2373	11.2244
U133A__AGR2	10.3169	10.6821	4.8118	11.0027	11.4133	4.8801	9.5473	6.1277	4.7238	4.9574	5.6983	5.7322	9.8422	7.8487	8.9628	11.0145	11.018	5.5521	4.8807	6.5245	4.9432	9.0223	9.5307	5.3115	4.1066	11.5908	5.8781	10.7955	11.9865	9.8595	9.5144	5.8546	5.7616	4.7808	12.2035	10.6989	11.3355	11.4831	9.3155	10.4286
U133A__ID1	7.5488	8.458	7.3176	9.202	5.6677	8.8821	8.9097	8.6448	9.9643	9.5179	4.83	7.5484	9.8832	11.5212	8.5198	11.0086	11.6982	9.9092	12.1237	9.877	8.8602	8.3347	9.1138	9.3942	9.3329	8.6759	9.2361	9.5439	9.8859	9.7659	7.7427	9.1492	8.3101	10.132	8.381	9.4306	10.2033	9.0256	9.1427	8.2074
U133A__BASP1	5.4356	5.7977	4.4396	10.6202	9.2038	11.5185	8.8654	11.163	6.594	9.1826	5.6244	6.3603	5.5235	8.6432	5.4185	9.4493	9.2461	7.096	10.984	5.1029	10.982	9.543	11.1484	8.6087	11.8373	5.8638	9.7536	8.7157	5.3006	6.2352	9.4114	10.254	7.787	10.2463	6.6101	4.8086	5.856	5.2301	5.5732	5.2642
U133A__UPF3B	5.4087	7.4007	8.996	6.0208	6.4356	8.5935	6.8089	6.8336	6.7156	8.967	5.7916	6.9372	7.1397	6.7902	7.4767	4.349	6.9753	7.8309	7.9876	7.8404	6.1483	7.3708	7.4787	6.5789	7.2884	5.6376	7.2472	6.0651	7.2458	7.3178	6.6988	6.1282	5.6486	6.551	5.1739	6.9342	6.3386	5.4531	5.4613	6.7386
U133A__CA12	9.2856	6.8362	5.5018	6.6024	10.0646	4.94	9.4907	5.492	5.3522	5.2704	9.9923	5.8997	5.8965	5.9293	4.8096	8.2238	5.138	5.3006	5.185	5.1204	6.4199	7.0757	8.7923	10.1694	5.1916	8.8035	5.7859	7.8998	10.1217	9.7319	8.5665	7.398	5.5183	8.3814	7.6774	4.9204	8.1588	9.8759	8.016	9.0498
U133A__FXYD5	9.4366	8.8706	10.2383	6.3544	6.9093	10.5229	6.5905	8.4872	9.7949	7.3967	6.6968	9.5407	10.4388	9.0421	11.5641	7.4501	7.8566	10.3211	8.4657	10.2902	9.5227	6.2427	6.8433	6.25	10.5826	6.4736	9.5884	6.6844	7.9084	8.14	8.7157	7.1906	10.2745	9.6556	8.4212	8.9687	6.5669	8.3634	6.2665	6.3151
U133A__TP53I3	6.4026	6.6763	8.2514	6.3293	5.9343	7.1322	6.819	8.4069	7.1618	6.3678	6.5144	7.206	6.7321	7.3316	7.6571	8.1537	5.8259	8.1345	6.9746	6.8374	7.2446	6.7114	7.2028	7.7129	7.0884	6.1951	7.7591	7.3	6.3167	7.4749	6.4755	7.6138	7.5304	7.6483	5.9188	5.8959	6.2309	11.9441	6.4171	6.7233
U133A__FANCG	5.7529	6.8231	6.2545	7.6	6.4537	7.0761	7.065	6.7387	6.4867	7.2667	6.451	6.1187	6.9206	6.517	6.4031	6.6078	9.5935	6.5269	6.0361	7.6104	6.1079	6.78	6.4459	6.9052	6.4125	6.4774	6.8825	6.9184	6.8003	7.3341	6.1179	6.1296	6.6838	6.6105	5.5828	5.7232	5.3223	6.4065	5.9315	7.0228
U133A__PYCARD	8.3425	4.2244	4.7298	5.4701	7.3246	4.447	5.1843	4.6586	5.0099	4.8594	5.9409	5.1793	7.5264	9.1393	4.5935	6.2451	6.2626	4.5237	6.4245	5.2816	5.108	6.9726	6.9218	7.3557	4.5675	7.1603	4.9364	7.8265	8.0508	7.5019	4.0792	4.5829	7.3411	4.6416	7.1454	5.9713	7.4295	5.4483	5.9965	6.5847
U133A__ELMO3	5.9066	5.7889	8.5436	6.3025	7.6556	5.2339	6.9758	5.5863	7.0401	5.4423	6.5243	5.5475	5.3853	6.8982	5.5113	7.6866	5.2542	6.1292	5.5702	7.6032	5.6752	6.3077	6.383	5.9392	5.4442	6.9119	4.9135	8.2494	7.547	7.8003	5.5882	5.0385	7.7912	5.3956	5.9363	8.1509	5.2154	7.257	7.128	7.3481
U133A__GADD45A	5.3909	6.2445	7.9181	7.5063	5.2446	7.3392	5.1443	8.6309	7.1551	6.8213	5.8339	6.7283	7.7482	8.4893	7.405	6.8995	5.0377	8.008	6.8747	8.2273	9.7214	5.0571	5.8846	7.9334	7.5512	5.2269	6.8579	6.8197	6.6866	6.5109	5.6789	8.471	7.4893	9.3585	5.2882	7.4148	7.1867	5.4167	6.5311	5.8262
U133A__FARP1	7.4771	6.1313	6.2527	8.1138	8.8341	6.541	6.6631	5.4307	8.6433	7.6265	8.0007	6.585	5.8878	7.8769	5.4775	7.1214	7.2328	7.2984	7.3103	7.3406	5.9912	5.3448	5.8391	6.5233	6.071	8.236	5.4881	8.0231	7.4909	5.6239	5.9676	5.0966	5.858	4.6886	8.1285	7.9765	5.8389	6.1601	6.6622	6.7694
U133A__MID1	6.1037	7.7529	6.9934	5.4843	4.4567	8.6155	4.4247	8.1964	5.3266	5.9754	4.3322	6.3817	6.6804	7.4209	6.1697	4.5019	9.0976	7.9875	6.0331	7.592	5.0431	4.6781	4.4599	4.4484	8.0006	4.8053	6.7265	5.0984	5.5412	3.9749	6.4367	6.5315	5.246	6.0018	5.3356	5.5969	5.4337	5.7925	5.3807	5.5598
U133A__TPD52L1	7.5691	7.9725	8.419	7.606	7.9326	4.9533	6.9205	4.5253	7.7398	7.015	9.1963	6.7747	6.7627	9.2769	7.7655	6.3176	7.331	7.9275	6.0534	8.7119	4.9874	8.7672	9.101	8.1636	4.4448	7.2668	4.8542	8.9955	10.0234	6.5342	8.4437	4.5276	7.166	5.6365	8.1106	8.9222	9.7928	8.0223	7.4465	7.8597
U133A__IL17RB	7.8873	5.2466	6.0934	6.843	6.2471	5.4904	7.3323	6.0119	7.4661	7.126	7.2657	7.2222	5.3553	6.507	5.8397	6.6872	5.6375	6.1953	5.9681	6.8122	5.8206	6.4179	5.8688	6.2372	5.2065	7.0024	5.0123	8.7116	8.1319	6.924	5.5917	6.0384	5.6864	4.3868	5.6571	6.3158	5.6092	6.6666	6.2496	7.187
U133A__DENND2D	7.4958	7.4556	4.9648	5.7265	8.5326	4.6513	8.6196	5.1985	5.5103	5.2798	7.1097	6.1298	6.2403	6.9926	5.5069	6.1241	4.5585	4.9996	6.5644	7.7754	5.2324	7.2123	6.653	7.6433	4.7386	6.6939	5.02	7.1371	7.3444	6.518	7.5157	5.1945	4.5415	4.1664	5.338	7.6249	7.0955	6.6906	6.7653	6.5483
U133A__IGFBP3	5.6494	4.871	4.8198	5.2836	5.3476	10.6212	4.8745	6.3437	10.6165	6.9528	5.2737	5.3532	11.0036	11.5055	9.3428	8.2413	11.644	9.1924	11.6705	11.6134	10.2776	5.4442	5.6197	9.3685	7.9102	6.1709	6.3213	6.7394	5.1851	9.1549	6.1615	10.0354	6.1315	5.5192	8.1578	7.2412	5.9969	5.2047	5.0017	4.7505
U133A__PPP1R3D	6.0376	6.2841	6.5806	5.8836	8.9569	5.5115	7.3522	4.8917	5.3847	5.2179	8.4079	6.0031	6.2885	6.1268	6.9745	5.6122	6.7862	5.4457	5.3754	5.7838	5.1445	6.6139	6.9967	9.3097	5.3464	7.7236	5.2928	7.7316	6.1594	7.5285	6.4306	4.8825	6.1016	4.8641	8.1589	6.6839	6.8287	5.7656	7.205	6.5275
U133A__PBX1	10.6681	9.5764	5.7993	9.4725	9.8965	7.1982	8.9231	6.5424	8.3278	6.6554	8.7516	7.3662	6.3245	8.2703	4.0816	6.8856	9.1327	6.7302	7.2431	8.0011	5.482	7.1916	8.0443	8.9407	5.4143	8.5418	4.6607	8.253	8.9907	9.1773	9.2953	7.468	4.6159	4.8149	9.5481	8.6203	7.913	8.3759	9.5066	9.2392
