Cell lines	600MPE	AU565	BT20	BT474	BT483	BT549	CAMA1	HCC1143	HCC1187	HCC1428	HCC1569	HCC1806	HCC1937	HCC1954	HCC2185	HCC3153	HCC38	HCC70	HS578T	MCF7	MDAMB134VI	MDAMB157	MDAMB175VII	MDAMB231	MDAMB361	MDAMB415	MDAMB453	SKBR3	SUM1315MO2	SUM149PT	SUM159PT	SUM185PE	SUM225CWN	SUM52PE	T47D	UACC812	ZR751	ZR75B
Response	-1	1	-1	1	1	-1	1	1	-1	1	-1	-1	-1	-1	1	-1	1	1	-1	1	1	1	-1	-1	1	1	1	1	-1	-1	-1	1	1	-1	-1	-1	-1	1
U133A__ANK3	6.4478	7.308	5.8183	7.5215	7.0276	2.7342	6.8733	7.1104	5.6934	7.8747	7.0227	5.117	6.4182	4.6788	7.3358	6.7191	6.6335	6.6594	2.6483	6.8444	5.6613	3.2294	6.2805	3.5943	7.386	7.623	5.2949	7.0939	2.7388	3.1715	5.8833	9.1143	7.5673	5.702	6.1148	6.4416	6.837	6.6091
U133A__HIST2H2BE	5.2169	6.1555	6.3954	5.9939	9.4664	4.7581	6.4892	7.028	5.845	9.4831	6.6393	5.1986	7.3397	5.9223	8.9328	6.3304	8.0707	6.4151	4.9797	8.2043	7.1567	5.8962	6.2671	5.0337	9.2133	6.6612	6.7257	5.8532	5.39	5.6544	5.0466	7.1041	7.1433	5.9142	6.7795	5.2721	5.3079	6.1542
U133A__NEBL	7.1562	7.471	6.4486	7.9659	8.3793	4.4277	8.0852	8.1581	5.8258	8.7265	4.729	4.5974	6.1047	4.8275	8.4438	4.7794	5.3089	8.8448	4.5196	7.7379	7.7128	4.3245	6.2351	4.2596	7.1621	7.8028	6.5042	7.6328	4.692	4.966	5.6682	9.7977	8.5099	6.3427	7.0842	8.2432	8.448	7.1828
U133A__TBC1D9	6.3771	7.496	5.581	6.0691	9.2575	4.8144	7.0148	4.3359	5.6622	8.2883	5.4965	3.5309	5.9846	5.0743	7.5382	5.0659	6.6908	7.3101	6.1223	8.7386	8.2356	5.9894	7.447	6.3818	8.4877	7.2127	5.1711	6.5539	5.0828	4.6908	6.4141	8.6955	7.7167	6.6034	5.0197	7.5227	6.7933	7.8456
U133A__DAAM1	5.7712	6.9394	6.7256	7.4256	9.1201	5.7426	6.5441	5.5412	5.8286	7.3134	4.3108	6.1768	6.3515	5.6336	9.0542	6.947	5.6935	6.8334	4.2798	7.0736	7.5356	5.712	6.5563	4.2843	6.6937	6.402	7.1325	6.6966	5.278	5.2773	4.3674	7.2789	7.6872	5.4127	6.6933	7.2805	7.2217	7.1886
U133A__CRIP2	8.2574	9.2634	6.3153	9.209	9.9678	7.8746	8.3415	7.7681	8.0402	9.0021	7.6044	5.5453	6.6722	6.6952	8.8685	7.8221	7.9649	7.9883	7.3507	8.6983	8.9642	6.3079	8.3729	5.1886	9.2302	8.0924	7.8109	8.3547	8.1304	6.4487	5.4693	9.8773	9.8924	7.1792	9.294	7.9542	9.0175	9.4029
U133A__HIST1H3H	4.5987	5.0394	5.7959	5.2954	7.0262	5.1973	7.1901	5.2309	5.1804	7.7752	4.9774	5.3258	6.7115	4.903	8.3387	5.3894	8.3287	4.9466	4.5073	6.6563	5.6775	4.9412	4.668	4.3556	8.4879	6.8346	6.7291	5.1044	5.9021	5.0129	4.7309	5.8351	6.2272	4.5009	5.9355	5.0129	5.2029	5.5379
U133A__SLC39A14	6.6658	6.3508	8.5567	5.7462	6.1677	9.7025	6.6078	6.3584	10.0436	5.8834	7.972	7.7405	6.3612	6.229	6.6312	7.0261	7.3375	6.1078	8.8219	6.0328	6.4296	7.3106	6.5998	7.9923	5.6425	6.5311	5.5457	6.6012	10.1244	7.5401	8.3297	7.8884	5.1832	6.6665	6.7652	7.3475	5.9987	8.1011
U133A__MEST	4.1765	9.1445	7.6999	8.9309	8.7516	6.6424	8.5033	7.7862	7.8309	8.7083	4.5952	9.1663	7.8941	7.5623	8.9105	4.5462	11.3108	3.7298	6.5437	8.9624	7.5797	9.3082	8.7994	7.1838	7.7	7.1751	9.0391	9.9474	5.8419	5.283	7.8764	7.8433	7.9864	3.8016	3.9968	7.8186	7.7185	9.1736
U133A__HIST1H2BD	7.1145	7.0557	6.7147	8.3315	8.972	6.5474	8.7616	6.8223	6.2897	8.8163	7.4548	6.7661	8.5844	6.7043	8.5002	6.9767	9.7647	6.8531	6.3362	8.789	7.8715	8.7047	6.9099	6.5194	9.1778	9.4058	9.1269	7.538	8.103	6.6518	5.7787	6.7578	7.389	6.2454	8.4972	7.73	7.5308	6.3211
U133A__SERPINH1	7.3383	7.1112	7.8774	8.1094	7.609	10.5733	9.4768	8.1624	9.1995	7.2126	9.7949	9.0328	9.016	7.5828	8.1352	9.7503	8.4767	8.1285	9.4153	8.2441	7.2596	6.5507	9.796	8.2198	7.7041	7.8123	8.1456	7.2836	9.8089	9.2239	8.8404	6.2635	8.1488	9.6402	8.6763	7.692	7.3527	6.6774
U133A__UCP2	9.6294	10.6891	8.7103	11.051	10.1722	9.2555	7.9243	8.9817	5.642	10.1599	7.6198	8.3911	5.8092	6.2556	8.7794	8.1962	9.2716	8.7817	5.512	9.2632	11.818	7.505	10.7462	9.3588	10.4657	9.2304	9.6833	10.2665	6.2975	5.8019	5.5516	9.1125	9.8997	7.4515	9.3054	8.5052	7.9376	8.6715
U133A__TTC39A	6.7363	7.9537	4.4192	6.888	8.6528	3.8361	6.2428	4.6311	5.2211	9.349	4.463	4.6581	5.3975	4.1091	6.965	5.4051	4.311	6.2015	3.7661	7.2805	6.8676	3.4222	5.9355	4.2968	7.8908	7.3398	7.8998	7.1437	4.1734	3.6019	4.3341	7.0522	7.0384	6.696	7.1654	8.5979	6.5769	7.4901
U133A__SELENBP1	8.8083	9.7924	6.2626	7.6433	9.2375	4.404	8.985	8.8748	7.4447	7.9249	6.8402	4.8861	6.996	5.9103	8.3716	5.1255	6.3603	8.2953	5.4059	7.5547	7.3078	5.0839	7.755	5.9437	7.8378	7.8349	9.293	9.5222	5.4631	4.9068	5.4815	8.5464	8.5024	8.8177	7.1748	8.0832	9.6663	8.0155
U133A__SEMA3C	5.5063	7.8535	6.2973	7.2138	8.9072	7.9184	8.3292	8.5165	6.515	6.9541	4.8101	6.5634	5.7918	5.1109	6.6837	6.0845	8.9521	5.6476	7.3771	8.6625	6.3229	7.9666	8.2876	5.6302	7.8415	8.0204	6.4005	5.7378	6.6405	3.8054	6.3761	8.6192	8.9705	5.6067	8.6439	7.6228	5.8646	8.8128
U133A__FNBP1L	5.7282	6.3494	5.7353	6.3034	7.1137	5.7258	7.0659	4.9683	6.9366	5.9928	5.0314	4.7531	5.4856	5.0975	6.6526	6.1696	6.4593	6.5269	4.7117	4.3192	7.5094	4.6485	3.3218	5.9207	6.0796	6.3206	7.3428	5.9159	4.2674	4.7058	3.693	6.4658	6.9367	6.033	5.5292	7.0101	5.9501	6.1131
U133A__CLDN3	7.7269	8.5775	5.1292	7.7776	9.2494	4.7725	8.7299	8.1731	6.2573	8.0305	4.4347	5.0398	6.8845	4.4998	3.9735	3.9722	6.2876	7.4706	4.6249	10.1075	7.6582	4.2289	5.683	4.4656	7.8263	8.3076	7.829	7.6463	5.0252	5.2019	3.7519	9.1572	10.4226	6.5411	9.7858	10.169	5.8151	7.4535
U133A__H3F3B	7.1153	7.6458	5.9057	6.8108	8.2883	6.0123	6.4618	8.8573	7.1954	8.4394	6.9287	5.9507	7.0464	6.4184	6.8265	7.0783	7.8289	7.0707	7.3306	8.284	7.5931	8.7099	6.9037	6.7496	10.2592	7.0589	7.7466	7.8328	7.7113	6.1992	6.8249	7.6668	7.797	6.8449	7.6191	7.3514	9.1649	7.8457
U133A__CLNS1A	9.4608	8.6558	8.2594	6.9005	8.581	8.8302	6.9955	7.7269	8.5912	8.5311	9.0546	9.5556	8.4244	8.5211	8.0984	9.0511	8.2463	8.0085	8.011	8.7794	11.0338	8.2217	9.6021	8.4882	7.6112	7.6521	8.5151	8.1378	8.3304	9.2318	9.4287	8.085	8.3387	10.4912	8.8496	8.6699	7.8664	8.2449
U133A__PBX1	10.6681	9.5764	5.7993	9.4725	9.8965	7.1982	8.9231	8.3278	6.6554	8.7516	7.3662	6.3245	8.2703	4.0816	9.1327	6.7302	7.2431	8.0011	5.482	8.0443	8.9407	5.4143	8.5418	4.6607	8.253	8.9907	9.1773	9.2953	7.468	4.6159	4.8149	9.5481	8.6203	7.913	8.3759	9.2425	9.5066	9.2392
U133A__SLC27A3	7.2835	6.8031	4.7907	7.2837	6.4322	4.9482	8.9034	7.3823	7.2365	4.9793	6.363	5.5198	5.3032	6.0769	6.66	6.0547	6.0294	6.3945	5.64	7.0305	6.369	6.1087	6.5284	5.2056	6.0497	6.5406	7.6815	6.8684	5.6795	6.2293	5.1971	5.7902	5.6833	5.4264	5.9204	5.941	5.332	7.1086
U133A__HIST1H2BK	7.8626	9.2518	9.6636	9.211	10.265	7.7061	10.2513	7.6802	8.4455	9.6962	8.8744	9.1657	10.3357	8.5626	11.4476	8.3287	10.8107	9.2549	7.4624	10.0636	8.8671	9.2992	9.3189	8.3553	10.3908	10.9972	9.5832	8.6993	9.5496	8.6964	7.2105	9.793	10.1358	9.1875	10.0889	8.8459	9.1856	8.8304
U133A__FHL2	6.8345	7.5313	10.607	6.7725	5.7075	6.7465	4.7439	8.3456	5.4334	4.6551	7.6402	7.5109	8.0003	9.859	5.3809	7.916	7.8709	7.455	9.4441	6.7517	6.052	8.0689	7.7059	7.9957	5.0216	7.9393	4.7353	6.6008	10.66	8.0581	7.9105	7.7389	9.5596	9.8828	8.7644	10.1995	6.2594	5.9175
U133A__DEPDC6	6.5775	5.651	5.4249	7.3238	6.9351	5.3355	6.1073	6.4586	5.8382	6.8016	5.4454	5.018	5.9569	5.7007	7.0469	5.6039	5.2684	6.8221	7.3107	7.2091	6.8144	6.7692	6.3997	5.2031	8.2562	7.3802	6.37	6.1324	5.3696	5.477	5.4188	5.853	8.0495	5.8502	6.5351	7.6139	5.8068	5.7792
U133A__CCNG2	6.4336	6.4736	4.9784	8.8661	7.9676	6.148	7.2863	6.6605	7.9378	6.2712	7.1643	6.5364	5.9897	4.6778	6.7081	6.0424	7.5071	6.8682	5.8272	6.6988	7.5543	6.4808	7.4897	5.8436	8.5074	7.0697	8.2579	6.3197	6.1248	5.9026	3.8867	7.83	7.0928	4.4897	6.7813	7.3914	8.2052	6.0948
U133A__TESK1	6.1277	6.4533	6.6844	6.2831	7.0087	6.1632	6.7421	6.6612	6.773	6.5293	6.5209	6.533	5.8371	6.3716	10.6915	6.4996	6.3326	7.0714	6.205	6.3519	6.8934	6.7607	6.6341	5.7422	7.5346	6.8662	7.7649	6.2511	6.2481	5.9159	6.4373	7.9816	6.5213	6.8686	6.5403	6.1772	7.1722	6.9118
U133A__BAG2	3.9484	3.6233	4.2663	3.847	3.6546	6.779	3.7302	4.687	5.112	3.9445	6.6817	8.2798	6.0631	5.3853	4.1116	5.402	5.1323	4.2779	6.4596	4.244	4.0731	6.4698	3.909	7.9802	4.5399	3.9434	3.9206	3.9939	8.1652	7.0594	7.9745	4.0376	4.4212	3.8011	4.8384	4.0353	3.5252	3.6305
U133A__HIST1H2BG	4.8283	4.2641	3.7738	5.0005	8.9158	4.5763	5.5262	4.4331	5.2718	9.2574	5.3945	5.7249	6.471	4.4167	6.6603	4.5105	7.4535	4.1956	4.0378	6.6731	6.9855	5.2408	5.3898	4.1684	8.9951	6.9417	6.9214	4.4134	4.9449	4.4145	4.68	5.8657	6.7726	3.6731	5.8628	4.7131	4.8942	4.9211
U133A__SLC2A10	8.4741	7.3822	4.5362	8.9337	8.6382	4.1894	8.3078	6.2444	3.2902	4.9809	6.8955	4.0514	4.8122	3.63	9.3639	3.6682	6.9324	6.8581	3.9723	5.5946	4.8866	6.6611	8.9731	3.8427	9.2903	9.274	7.8178	5.031	6.0298	4.0902	3.4864	10.4275	8.106	8.7642	4.3359	9.0343	9.2699	8.1564
U133A__BPTF	6.8483	8.6408	6.3479	7.5001	7.6163	6.0281	6.4019	6.6098	6.6248	7.1143	5.6327	6.1347	5.7794	5.5429	5.7125	6.3422	6.9605	6.1183	5.9811	7.9599	6.0414	7.5758	5.8278	6.3989	7.9848	5.5364	8.2596	8.0437	6.3576	5.6765	5.9499	7.0151	6.1885	5.641	6.9433	6.4234	6.8825	6.4022
U133A__ATP2A3	5.5132	9.319	5.7472	8.7249	7.3499	5.168	6.038	6.2331	5.3263	5.7661	5.3368	5.4256	5.7565	5.5403	7.0559	5.6157	5.4054	5.0194	5.5112	8.6257	5.5436	6.0057	8.129	5.3314	8.17	7.0926	5.6003	7.7102	5.4588	5.5272	5.605	9.8022	6.0152	5.9734	6.0096	8.4362	6.5268	7.4269
U133A__CKB	5.3442	7.7875	5.6154	5.4548	7.2727	7.2986	7.9556	7.8831	5.951	7.7218	5.4318	7.4084	6.4976	6.0638	6.8017	5.8878	6.9659	6.6128	5.5701	6.5721	8.3052	7.7159	5.8863	5.9212	7.0171	6.8611	9.5775	7.0333	9.5311	5.9426	5.512	8.4104	7.5521	5.1422	6.9092	7.7166	9.1697	9.3753
U133A__FJX1	6.5939	4.9534	5.2022	5.1338	5.6537	7.6143	5.2415	5.7766	5.3144	5.5751	8.4788	9.4197	5.9251	7.3678	6.3201	5.9498	5.4115	4.6526	6.5954	5.4523	6.721	7.1474	6.4742	7.4808	5.9475	6.7105	6.7111	4.6379	6.7667	7.656	7.4484	6.3312	7.0899	7.5153	7.9006	6.3415	5.6275	6.4607
U133A__DCTD	6.7368	5.2551	7.543	5.1467	5.2233	6.3193	7.0626	6.191	5.2222	5.2165	8.2899	7.0776	7.2563	7.3378	5.1893	5.3932	7.6038	6.9105	6.8982	6.1875	3.9253	7.3325	7.087	8.1583	6.0793	6.8102	6.0422	5.4363	7.4175	8.6957	7.8895	6.5288	6.9611	7.7797	6.4909	6.1735	6.6284	7.042
U133A__DIP2C	6.0306	5.6	4.8042	6.1426	7.3021	5.8184	7.2703	5.9785	7.7083	7.6453	5.5877	6.3643	5.5528	4.2909	5.8443	5.318	7.5229	3.946	5.2792	6.5002	7.245	7.9021	6.0921	5.9908	7.1526	6.9179	6.2128	5.3484	6.081	4.2421	5.8763	8.1831	5.9789	5.1349	5.6502	6.3524	6.2191	6.4159
U133A__SLC9A3R1	9.519	9.6155	8.3819	9.3381	11.1179	7.3427	10.3084	7.7895	7.6797	11.4694	8.4963	8.6198	9.0035	8.2239	9.0584	8.1738	7.8626	8.8965	7.1743	10.4869	10.1918	6.8074	8.9042	7.6842	11.736	8.9875	10.9463	9.4829	6.4568	7.3574	6.9491	9.7921	9.1212	9.2263	10.2388	10.5344	10.2528	11.1031
U133A__ISOC1	5.1663	6.6553	6.119	7.541	8.1396	5.287	9.2407	5.7943	7.3405	8.0976	6.9094	6.4093	6.761	6.1868	6.9766	6.6684	5.8931	5.609	5.2129	8.045	8.8911	5.4164	6.7959	6.9834	7.4249	7.287	7.952	6.9193	5.8083	6.542	6.1968	6.8505	6.9708	5.616	6.3399	6.6446	7.5794	7.608
U133A__NDC80	5.5522	5.0453	7.3704	6.0641	4.7678	7.5886	4.8913	6.2093	8.2113	4.6458	5.6359	6.8255	7.5058	5.4579	4.7843	6.5212	6.879	6.771	7.0702	5.1758	5.1286	6.8271	4.2246	7.4584	5.221	4.9644	4.8313	4.8279	6.9992	6.9676	6.0043	3.5759	5.4467	3.7379	5.2985	5.7214	5.8115	6.0871
U133A__KRT19	11.6554	11.9776	10.9191	11.935	12.491	3.995	11.6489	10.8671	10.3292	12.2228	3.8177	10.8381	4.5913	4.6342	12.4618	11.0216	10.3341	11.7799	3.831	11.6347	12.2467	4.0939	12.0447	7.2772	11.6624	11.784	10.9377	12.0028	3.9802	10.1275	3.2941	11.8623	11.6439	11.4468	12.1604	12.1037	11.9516	11.561
U133A__TOB1	8.8416	8.1199	7.4176	9.54	10.0412	5.6991	8.2963	8.2331	6.9626	9.9774	7.4185	7.3983	7.7978	6.7211	8.3342	7.3782	8.2944	7.4541	4.4955	8.9689	8.6463	7.562	8.9663	5.935	10.6432	8.5555	9.5297	8.6703	5.2081	4.7449	5.9356	8.5847	8.2344	8.8228	9.8445	9.2366	9.6404	9.1081
U133A__H2BFS	7.6939	8.14	9.1665	9.0151	9.4825	7.5511	10.0856	7.4697	7.0381	9.6266	8.3781	8.1802	10.1758	8.4017	11.3662	8.0953	10.2003	8.323	7.2868	9.6227	8.6025	9.2039	8.9019	7.7851	10.0234	10.8112	9.3547	8.8394	9.4932	8.0654	6.9914	9.1738	9.0903	8.557	9.8876	7.6589	8.7904	7.7033
U133A__NRIP1	5.5528	7.2417	7.4096	7.0521	7.9732	4.3597	5.9207	6.3574	6.5283	8.4802	5.5339	7.3417	7.1886	7.2016	7.5251	6.4286	8.3895	7.2883	5.6035	8.2701	9.7614	7.0626	7.0664	5.2151	8.0484	6.1913	8.4174	5.9009	3.7583	6.4733	5.6841	7.5076	7.1235	6.9367	7.2135	7.6569	6.1168	6.4789
U133A__HMGCS1	4.7548	6.6928	6.068	8.4489	5.7519	6.6066	5.2763	6.7535	7.7171	7.8134	6.283	6.4676	6.3959	6.2914	7.887	6.3859	6.4413	6.6387	6.5232	6.2517	7.4989	7.1959	6.4676	6.68	6.8716	6.897	7.225	5.5922	4.89	5.3679	5.1532	6.8847	8.9645	5.7117	6.1708	6.9066	5.231	6.3642
U133A__MYB	7.1063	6.9468	5.5605	7.1427	8.3619	5.2382	6.1754	5.4142	6.3239	6.4602	5.2946	4.9253	6.2981	5.4064	7.3429	5.4122	4.8759	5.6105	5.5049	7.2538	7.4732	4.4327	7.1898	5.3734	8.3463	6.7762	7.5681	6.5134	5.2487	5.4891	4.8102	5.5343	6.6125	6.4074	6.262	6.73	6.2372	7.4982
U133A__VAV3	6.6139	7.1379	7.0703	8.3207	8.416	8.4371	8.5097	7.4218	5.5936	6.3399	6.8818	5.7202	6.9613	6.2428	8.366	6.9085	7.5863	7.8535	6.6148	6.4528	8.4579	6.1239	6.0939	5.5022	8.7219	7.0271	8.7019	6.3496	5.5358	5.611	5.8513	9.0343	7.2773	7.438	8.7886	7.663	6.9197	6.7062
U133A__C14orf147	7.7955	8.3373	6.6856	8.171	8.4945	6.8873	8.2934	6.7264	6.9095	8.3919	6.5508	5.5822	7.4452	6.6456	8.6093	8.602	9.9961	7.2904	5.9391	7.521	7.7687	6.7347	7.8353	7.4272	8.6416	8.0875	8.3295	7.9421	6.3528	6.4246	6.1853	7.4063	8.0512	8.3688	6.4358	9.3596	8.4628	7.7993
U133A__PRNP	6.1952	7.6265	8.3038	4.4988	6.3549	8.3473	2.8621	8.8473	8.0052	3.5182	8.5845	9.0397	9.2202	8.6949	6.9932	8.0449	9.5522	7.329	9.3616	4.5659	3.7609	8.366	6.9978	8.3535	5.8395	3.3305	4.0872	7.1137	7.4428	8.3248	8.0389	5.8058	8.428	8.4491	6.0263	6.8121	4.5816	5.6471
U133A__SHANK2	7.3481	5.9045	4.943	7.6843	6.9359	3.9882	5.1612	5.641	5.3585	5.1934	4.0531	4.7244	4.8992	5.345	6.5754	4.4562	5.1162	6.8101	3.9503	5.5006	7.2976	3.8321	6.9453	4.2847	7.5141	6.359	7.3884	5.3379	3.9945	3.8673	4.0287	6.3054	7.4714	6.2082	6.502	6.8877	6.5888	7.1964
U133A__SLC9A6	6.4055	7.0008	7.4995	5.2708	4.3228	8.7858	4.4773	6.7706	7.7514	4.2629	6.1563	7.1961	7.6515	7.1268	4.3595	7.158	6.999	7.5777	6.9	6.2413	5.5375	6.5963	5.6565	7.8945	6.3295	4.5921	4.9043	4.9311	6.407	6.7893	7.3206	6.1149	7.724	6.3706	5.8012	6.5172	6.2142	6.5391
U133A__SLC24A3	5.6004	5.5097	4.5251	7.0284	8.6046	4.2919	7.6789	5.7657	8.3801	7.8815	6.0192	4.488	4.5344	4.5142	7.7085	4.6155	4.9532	6.8012	6.2703	6.0407	7.2196	4.3953	5.5787	4.6406	6.2134	5.5668	7.404	5.3517	4.4037	4.821	4.696	7.0271	5.4589	6.5218	6.8955	5.7622	5.5253	5.9244
U133A__RHOB	10.4942	9.873	6.3164	11.0388	10.4831	6.7962	11.0472	6.5967	5.3472	11.2735	6.8223	5.304	6.3977	6.8571	9.5881	6.7605	5.6554	4.5314	6.3916	9.9117	11.0411	7.4355	10.1894	6.7163	10.5222	9.9235	10.7721	10.9564	5.3243	5.6316	8.7454	9.5754	8.1457	9.765	9.1037	9.9938	10.6561	10.3209
U133A__COL4A2	6.4635	5.4771	6.2726	4.9197	4.4398	9.5328	4.7309	6.7139	4.8079	4.9894	7.5194	8.2333	5.6191	5.1904	5.0157	9.3085	8.3007	4.2182	8.3461	4.7039	4.7941	9.7331	5.177	5.9915	4.8098	5.2981	4.7465	5.4106	6.024	9.0196	4.8637	4.61	4.6647	4.8703	4.9757	4.6655	5.105	4.6821
U133A__S100A2	5.7104	5.2629	6.0272	5.0266	5.1361	8.7308	5.1261	11.8664	8.1017	4.6494	5.0442	12.1145	9.7223	9.938	5.0393	12.6387	7.9326	10.0914	6.775	4.9131	4.8508	7.9401	6.4604	5.843	5.1111	6.0773	4.8966	5.6079	8.4846	10.926	8.9102	5.3655	6.2769	5.9202	5.5082	5.3582	5.3529	5.7302
U133A__SIDT2	5.8856	8.986	6.2933	7.3246	8.4842	6.6145	6.7782	5.727	7.0085	7.2121	6.4307	6.7302	6.8686	5.6188	8.9948	6.3065	6.9148	6.7901	5.7854	6.6763	6.7265	7.3668	6.6904	6.4539	7.618	6.7863	7.0954	7.2985	7.8062	5.4073	6.5306	8.0395	7.2792	6.6182	7.7683	8.1148	7.4488	7.262
U133A__OBSL1	6.4514	8.9967	8.0289	7.8813	8.0845	7.8676	6.4196	6.992	7.3861	7.9661	7.1877	6.5112	6.835	7.0874	9.4103	5.8645	7.4016	7.6103	5.0045	7.6113	6.4547	7.3043	7.8238	6.2485	8.0171	7.5013	8.824	7.9762	6.5707	7.5554	5.2249	7.6849	9.4082	7.1551	5.7054	8.0534	6.569	5.8275
U133A__PLAUR	7.2636	7.0817	7.6566	6.3774	6.0661	7.9196	6.3478	8.6018	7.3217	6.6571	6.7499	6.7768	7.13	8.4113	6.8516	8.1211	7.2534	7.3607	8.1234	6.4579	6.6082	6.9693	6.7436	8.9904	6.1449	6.6998	6.2084	6.715	7.4222	9.277	7.1697	6.0395	6.8223	6.7814	6.3108	6.3435	6.3425	6.7746
U133A__ERBB3	9.0074	7.5004	6.4014	8.3846	9.4643	4.1332	7.8718	7.0488	7.2396	8.1221	7.1116	6.5673	7.1065	5.2443	8.2884	6.1232	6.1179	7.809	3.9223	7.907	7.5422	5.1573	7.8977	4.7362	8.49	7.7735	8.3471	7.8318	4.3134	6.0561	4.2768	8.8454	8.2685	6.8618	8.571	8.2939	8.3354	7.6055
U133A__TSPAN13	9.6774	10.0953	8.3777	10.249	10.7603	5.511	9.5712	7.7338	7.6575	9.9233	6.7565	9.5285	9.5561	9.2752	10.611	8.413	7.5481	10.2011	5.4571	9.4408	9.5767	7.3108	10.1409	5.6786	10.1128	10.3424	9.7301	9.8614	8.6711	6.8176	6.1061	11.0026	10.0425	11.2545	10.2015	10.0762	10.0917	10.3821
U133A__ETV5	6.1958	5.3512	8.7998	6.0268	5.6377	6.6768	4.9464	6.3476	5.5852	5.6541	6.9955	7.4543	6.374	7.529	5.628	6.483	8.1696	5.9095	7.7918	5.4223	5.673	7.7123	6.6378	8.0412	6.1711	5.7368	5.7878	5.0177	7.3943	7.3494	6.991	7.0011	7.7549	7.809	5.5572	6.9736	5.4015	5.2783
U133A__DENND2D	7.4958	7.4556	4.9648	5.7265	8.5326	4.6513	8.6196	5.5103	5.2798	7.1097	6.1298	6.2403	6.9926	5.5069	4.5585	4.9996	6.5644	7.7754	5.2324	6.653	7.6433	4.7386	6.6939	5.02	7.1371	7.3444	6.518	7.5157	5.1945	4.5415	4.1664	5.338	7.6249	7.0955	6.6906	6.9624	6.7653	6.5483
U133A__TRIL	6.45	7.691	4.9883	5.7803	8.2706	4.3206	6.0987	4.8923	6.7164	6.9271	4.5574	4.0993	4.5377	4.618	7.1386	4.4006	4.3815	5.8478	4.3545	5.0011	7.308	4.4089	5.3409	4.5657	5.6758	4.9838	5.7791	7.6403	4.4034	4.3459	4.6801	7.0693	7.903	5.9149	7.3008	6.3524	6.3898	4.6888
U133A__GATA3	4.3432	3.6303	5.3574	5.039	9.974	4.1358	8.5593	2.9041	5.2215	8.0058	4.0984	4.9866	4.7334	5.0131	7.9089	3.0972	5.915	5.4572	3.2756	9.0129	8.8407	2.9786	7.4635	3.0718	7.1761	6.9304	9.0051	4.2017	3.2494	3.2905	2.7796	8.2158	5.6253	7.0477	8.5736	7.9187	6.4257	8.156
U133A__FAR2	6.3903	8.0677	5.6978	6.9496	6.2868	5.9047	5.7329	6.2657	5.466	7.1439	6.4881	6.0924	5.6582	5.9597	7.204	5.8775	6.299	8.1854	7.381	5.8298	6.5426	6.0009	6.0981	5.3047	6.5191	7.4616	5.4745	7.7824	5.6838	6.4978	6.3407	8.1011	8.018	7.6185	5.7586	5.2172	8.6558	8.0705
U133A__CDC42EP3	6.5387	5.3841	7.4184	4.6925	3.6723	4.5565	3.1213	6.9265	4.1005	3.5236	5.3886	7.7389	6.2455	6.0531	5.6163	6.6861	4.9871	4.6904	8.1804	3.5095	4.5022	5.9676	4.1611	8.5465	4.5654	4.5823	3.2159	3.9786	4.1004	5.9385	6.0244	3.4122	6.797	9.3553	4.4616	4.6908	3.2918	3.4654
U133A__PRODH	7.029	8.2633	5.8233	8.8993	6.2647	5.8303	8.8246	7.1422	6.0662	6.391	6.1094	5.6095	6.9142	6.0079	8.4251	6.3012	6.0604	5.6111	6.144	6.6374	6.2947	5.8934	8.895	5.9198	9.8687	8.7783	9.8905	7.0932	6.1111	6.2748	5.5846	7.0003	9.5521	8.7129	7.005	6.463	8.3004	8.9385
U133A__CYR61	7.9058	8.1337	8.7486	7.2872	6.0591	9.9464	5.4504	7.7791	4.4815	7.6012	8.4784	6.7943	8.0849	8.6439	7.6799	9.575	10.4785	5.9019	10.6077	5.4758	5.6887	7.6585	7.316	11.0284	6.8624	7.1407	6.9966	8.7828	10.4135	8.5484	9.6697	6.1964	9.4093	7.826	8.5165	6.9877	5.8984	5.861
U133A__AXL	4.5848	4.3447	4.36	4.6163	4.3957	9.7332	4.3709	7.011	4.3959	4.4975	4.5981	4.2906	4.9826	5.1863	4.2474	5.2312	9.2723	4.1729	10.475	4.4261	4.7784	8.3136	5.0443	10.3645	4.1508	4.614	4.2537	4.0831	9.5546	7.5369	9.6852	4.2137	3.971	4.2126	4.5153	4.3396	4.2859	4.2316
U133A__ATP2C2	6.3307	6.2095	5.2594	6.78	6.1865	4.7505	6.4084	5.4049	4.9367	6.2669	4.6402	5.5946	6.105	5.0725	6.7137	6.1365	4.8823	5.9041	4.6599	5.6878	5.0964	4.7406	6.6441	4.5629	6.3763	7.4543	5.9877	6.6966	5.0115	5.5817	4.528	7.6748	7.6835	6.0596	5.6751	6.1125	7.0079	5.4811
U133A__ZHX2	6.6374	9.2638	6.7542	7.8713	7.8561	4.9952	6.5017	6.0232	7.4021	7.1239	5.0842	5.9716	7.2131	6.5772	8.4563	6.9501	6.0953	8.0637	5.4724	7.4885	6.2762	4.9739	7.7711	6.05	7.6426	6.7416	7.0132	6.648	6.059	6.029	4.8623	6.4096	7.6708	6.0315	5.7254	6.6176	7.2085	7.0087
U133A__ADM	5.277	8.0616	8.6678	6.529	5.3128	7.8679	5.4283	7.2131	7.8738	6.5466	6.1613	7.8844	8.3814	8.7626	6.6973	6.3123	7.5305	5.4869	10.3763	6.2425	7.0655	8.2545	7.1649	7.5308	6.2133	6.6996	5.353	6.5454	8.4176	7.0588	7.011	5.4331	7.1671	6.3307	7.7379	7.1417	6.1264	5.0025
U133A__HIST1H2AC	6.6347	6.1315	6.2762	6.5263	8.9285	6.3159	8.2325	6.2668	5.7625	8.2922	6.892	6.4753	8.9315	5.4115	9.1759	6.6311	9.0257	6.3429	6.1112	7.5399	6.5756	7.5443	6.7217	5.4127	8.1253	8.7312	7.1371	6.148	7.2614	5.7119	5.4892	7.0303	8.049	6.763	7.3041	6.8911	6.201	5.5955
U133A__NXN	7.5201	5.0095	6.0575	5.7535	7.3153	8.3716	6.529	7.7664	8.4054	5.6117	8.0771	8.1691	6.7657	7.223	5.3557	6.4697	7.3231	7.8487	7.2476	6.0448	5.3731	9.1328	6.9807	7.7845	6.3448	5.8264	5.2453	5.2668	8.8314	7.8895	6.2312	5.8514	8.3257	6.6533	7.0094	7.3149	5.6373	5.9735
U133A__PTRF	6.1143	6.0022	8.9581	6.2617	5.8685	9.7082	5.8463	8.3455	6.1188	5.7173	6.9987	8.6548	8.2281	7.4855	6.6073	6.763	9.0215	7.1768	9.9604	6.3204	5.3083	9.1023	6.1647	9.8031	6.2294	7.3507	6.3333	5.6802	9.5435	8.2916	9.4023	5.267	6.4218	6.5915	6.796	6.1726	5.4646	5.981
U133A__ALDH3B2	6.5658	8.7068	6.0898	9.5624	8.1606	5.2722	7.965	6.0893	7.5457	8.0414	6.9725	4.847	7.2269	5.3528	10.1542	6.3245	4.9788	4.7615	5.3712	6.2633	10.8627	5.4095	7.7902	4.5362	10.3719	7.7701	8.9937	7.1355	4.5919	5.4648	4.9338	7.1044	9.7612	8.5803	7.4248	8.7639	9.0773	8.4681
U133A__PGAP3	6.0798	7.7235	5.5166	7.8242	5.9351	5.2618	5.6344	6.0077	5.363	5.2591	5.2674	5.2901	5.1176	8.224	5.914	5.4419	5.4125	5.624	5.2056	5.6348	5.6203	5.1433	5.5062	4.8408	7.3947	5.4054	5.9113	6.9123	5.3523	5.1623	5.3377	5.4946	10.9139	5.4472	5.34	7.9766	5.7382	5.5235
U133A__SLC22A18	7.9216	9.8466	8.2002	6.9283	7.348	6.2391	7.5694	7.2846	6.1165	7.0052	7.1159	6.0673	7.2986	7.5464	7.0656	6.8706	7.6326	7.6014	6.6027	7.285	8.8137	8.6316	8.4775	6.4509	7.087	8.9262	8.4863	8.4106	6.5985	7.3737	6.3947	6.8661	8.755	6.9685	7.2273	7.5805	7.9351	8.1929
U133A__KIAA0182	8.7175	8.7547	8.2326	9.4399	8.9626	5.5927	8.9031	7.0695	8.2032	9.5198	6.5335	7.1268	7.6521	7.6461	8.5395	7.194	7.6429	7.7941	6.6802	9.2681	7.1592	5.5687	8.3507	6.8539	9.4821	8.1927	8.8215	8.4014	6.3604	6.768	6.9346	9.4211	8.9541	8.2608	10.1651	8.3246	9.5845	8.7069
