Cell lines	600MPE	AU565	BT474	BT483	BT549	CAMA1	HBL100	HCC1143	HCC1187	HCC1428	HCC1569	HCC1806	HCC1937	HCC1954	HCC202	HCC2185	HCC3153	HCC38	HCC70	HS578T	MCF7	MDAMB134VI	MDAMB157	MDAMB175VII	MDAMB231	MDAMB361	MDAMB415	MDAMB436	MDAMB468	SKBR3	SUM1315MO2	SUM149PT	SUM159PT	SUM185PE	SUM52PE	T47D	UACC812	ZR751	ZR7530	ZR75B
Response	-1	1	-1	-1	1	1	1	-1	1	-1	-1	1	1	1	1	1	1	1	1	1	-1	-1	1	-1	-1	1	1	1	1	1	1	1	1	-1	1	1	1	1	1	1
U133A__ID3	6.5887	8.2017	6.292	4.9436	9.0818	8.7673	6.8911	6.2882	8.7247	5.5829	4.654	7.8635	9.1626	5.6262	9.7219	9.16	7.4433	9.2935	8.3717	8.8993	7.6832	8.4068	8.3992	7.0932	8.1135	7.6525	8.5874	4.423	7.0461	8.3927	8.1339	8.6072	8.571	6.0519	8.38	7.5964	7.2625	7.3309	7.6576	7.1219
U133A__CST3	7.8659	6.7192	9.7824	10.026	8.2635	7.8759	8.359	7.946	5.0466	9.2058	9.3159	9.137	4.7632	4.5048	4.4327	8.171	5.8202	8.888	5.6844	9.0656	8.6406	9.918	8.8921	10.9584	8.5309	9.7941	8.7841	7.7873	3.9799	6.6027	7.7348	9.7141	8.1298	10.963	8.4317	8.6142	9.3117	6.7087	8.9741	7.6018
U133A__IGF1R	7.4366	6.0432	7.616	9.0997	6.7451	5.1784	6.164	7.4726	4.8247	7.1078	5.9359	5.9343	6.3173	5.3298	5.5299	6.252	5.9489	6.6041	5.5932	5.6916	7.8115	8.3023	5.3234	5.1774	6.931	7.3309	5.6135	5.9851	4.8088	5.3017	5.5466	6.4853	4.9335	7.2016	7.5757	7.0228	7.4657	5.5772	6.3976	6.4581
U133A__LMCD1	6.5609	6.4091	6.1756	7.4953	5.3439	6.2751	5.829	7.8319	5.3364	7.8935	7.3762	5.3461	5.7221	5.6691	5.9457	7.0603	5.1047	6.4592	6.3042	5.9992	5.9717	8.0941	5.9372	7.2973	5.7364	6.2042	7.0151	5.3802	5.0196	6.1463	5.4766	5.0203	5.7004	7.9499	7.4884	7.5056	8.1009	6.6191	8.1152	5.7219
U133A__UCP2	9.6294	10.6891	11.051	10.1722	9.2555	7.9243	7.2126	8.9817	5.642	10.1599	7.6198	8.3911	5.8092	6.2556	9.9079	8.7794	8.1962	9.2716	8.7817	5.512	9.2632	11.818	7.505	10.7462	9.3588	10.4657	9.2304	5.3891	10.4055	10.2665	6.2975	5.8019	5.5516	9.1125	7.4515	9.3054	8.5052	7.9376	9.006	8.6715
U133A__TFF1	12.2913	8.7704	12.009	13.0647	4.5823	11.357	4.4645	5.0347	4.9526	12.0586	5.5069	4.6102	4.7953	5.1295	7.7444	6.8636	5.3196	4.6565	4.7428	5.032	12.6032	7.2875	4.6427	11.0566	4.7941	12.0723	7.1696	4.5311	4.66	6.7433	5.0684	4.859	4.9279	10.1664	5.2403	4.7042	12.6332	7.8516	8.9264	12.1863
U133A__TNFAIP2	6.5795	8.2231	6.3738	6.1237	5.8589	6.542	7.6816	7.4465	8.7141	6.2884	5.9616	8.3867	8.5324	7.833	6.9407	6.4399	7.8688	8.5522	9.3888	6.3682	6.5616	6.4062	8.2471	6.4737	6.5829	5.7377	6.762	7.6957	8.9943	7.0839	6.245	8.1	6.9614	6.0373	6.7441	6.7504	6.8502	5.7957	6.9406	6.5668
U133A__S100A2	5.7104	5.2629	5.0266	5.1361	8.7308	5.1261	9.3678	11.8664	8.1017	4.6494	5.0442	12.1145	9.7223	9.938	6.7237	5.0393	12.6387	7.9326	10.0914	6.775	4.9131	4.8508	7.9401	6.4604	5.843	5.1111	6.0773	7.1644	8.4703	5.6079	8.4846	10.926	8.9102	5.3655	5.9202	5.5082	5.3582	5.3529	6.4182	5.7302
U133A__ME1	8.3567	7.7974	5.9976	4.3669	6.2304	3.5126	6.2684	5.2956	7.5277	6.3978	6.0968	8.6735	7.608	7.8782	4.659	6.6291	7.442	6.9336	7.1357	6.5106	6.5939	4.2005	8.2989	4.2227	6.5132	6.5847	8.4861	7.0108	6.7743	6.4531	6.6978	6.6297	7.1395	3.7365	8.4449	3.91	5.382	6.4445	8.5652	7.0946
U133A__SDC2	7.6839	4.4758	5.471	5.8173	4.5404	5.3484	4.9752	10.2929	6.6377	9.2915	8.7747	4.4879	4.6024	4.7327	7.4159	9.7014	7.0364	7.5149	4.7632	8.8181	6.728	7.8196	9.0147	5.4896	7.431	4.4419	4.9399	6.4263	4.3422	4.8889	6.2214	4.7253	5.4138	6.0161	4.9022	6.7886	5.683	4.8569	4.8693	6.2833
U133A__PCSK1N	8.5701	5.1548	6.9004	8.3513	6.1553	7.586	5.4867	6.7564	7.5637	7.2533	6.7813	5.7054	6.0571	5.9201	5.5088	6.8148	6.8731	6.6252	4.8381	5.3818	7.0645	8.6712	7.6635	6.1384	5.4779	8.9092	5.3401	6.4129	6.0395	5.3148	6.3185	5.3578	5.7835	7.1748	5.9004	5.8583	8.7879	5.7695	5.377	6.6894
U133A__PSMB9	4.8843	6.5081	4.5777	6.4754	4.7598	4.9569	7.7952	5.4396	7.3883	5.527	6.1295	8.4128	8.0092	6.9446	7.3893	5.1029	6.1024	7.931	9.9119	5.7298	4.492	5.0886	8.6041	4.6674	5.0612	5.1089	6.7275	5.4245	9.1835	4.6866	6.3482	7.112	7.5584	4.6708	4.9221	5.6582	4.9831	4.8526	4.7699	4.6645
U133A__SOD2	5.5088	6.9736	4.881	5.1914	7.7208	5.6061	6.9795	6.6548	7.6545	5.7471	8.3722	7.9873	6.5132	7.3532	5.281	5.9588	7.7653	6.3289	7.5586	6.3059	6.0585	6.0706	8.5843	5.3729	5.5954	5.823	6.3231	11.1784	8.2402	6.0321	7.3062	8.7586	9.3681	4.9814	6.5449	5.6744	6.295	4.8445	5.1503	6.1557
U133A__GCLM	6.0291	7.5479	5.4249	5.7461	7.6196	7.7395	6.217	5.5992	7.0837	7.1773	7.0669	8.3129	8.4717	7.7987	5.9682	6.114	8.1152	7.5195	8.4664	8.4537	5.8763	6.9286	6.4362	5.0065	8.8706	6.9329	7.2826	7.292	8.5339	6.6394	7.626	8.7869	8.1921	6.054	7.1043	5.0209	6.7278	4.8826	7.8625	6.8645
U133A__NNMT	7.4816	6.4025	4.3441	4.2984	10.43	4.4886	8.6418	4.4447	4.5027	4.0426	5.1421	4.462	6.0129	6.8071	4.8556	4.2145	5.8981	7.0081	7.6329	7.5692	4.4465	4.6024	10.1086	4.1548	4.4358	4.2956	4.9538	7.6063	4.7903	4.6834	8.5814	8.774	9.9583	4.671	5.758	4.3408	8.3456	4.1626	4.4202	4.082
U133A__GNG12	7.5942	7.7849	6.4664	6.5978	9.7447	5.7435	8.5615	7.6541	6.3405	6.7824	8.0676	8.631	8.0184	7.7945	6.6779	7.4507	8.4371	8.502	9.4671	10.163	6.4708	6.9607	8.6305	6.6815	9.2273	6.8388	8.3046	8.7035	8.6723	7.4958	9.7275	8.1413	9.2598	7.333	8.3668	6.9594	7.5017	6.9873	8.0563	7.0425
U133A__TGFBI	5.9683	6.9042	6.5837	5.5476	6.1062	5.7755	7.9789	5.3076	9.9085	5.8022	5.705	8.7344	7.4678	9.0113	6.0496	7.0812	6.6511	11.1168	10.6715	11.2079	8.2212	5.6705	10.843	6.2392	7.7059	5.9087	6.0484	6.6849	7.5198	6.7466	11.8115	10.622	11.553	5.5123	5.6781	5.5711	6.5084	5.5391	5.9796	5.3747
U133A__TAP1	5.7327	7.5006	6.3813	7.6236	5.9818	6.3709	7.4078	6.5781	9.653	6.8374	6.8908	8.2561	7.7278	8.4082	7.8418	5.7944	7.9218	7.8805	9.3298	6.9324	6.1383	7.2276	9.1618	6.1234	6.0921	6.3952	7.2535	6.5874	9.2916	6.5505	7.8065	7.5458	7.6768	5.8906	6.2797	7.491	6.9934	6.2227	5.7339	6.26
U133A__SLC16A1	5.5794	5.7645	6.0565	5.5591	7.9693	6.5954	7.3612	7.3152	6.2764	5.9809	7.3342	8.5427	8.3794	8.0237	5.8946	5.2666	7.0439	8.327	8.4403	7.6278	6.5289	6.4164	7.8131	4.8744	5.4479	5.6483	8.4516	8.7246	6.8735	5.5178	8.0539	8.2358	8.9896	5.3126	6.7675	5.835	6.0467	4.937	5.5224	7.0823
U133A__NMI	5.4002	6.3355	5.7453	6.2096	6.1877	3.8738	6.686	5.7535	7.1553	4.6454	6.3539	7.9995	8.664	7.9398	6.1445	6.8946	7.0581	6.7868	8.4223	6.1866	5.7694	4.0752	7.4026	5.436	6.8466	6.5341	3.9968	6.5408	8.6585	5.8808	6.4119	8.0871	6.5488	4.6572	5.5115	4.7055	6.0912	6.4388	4.0133	5.2935
U133A__SH3GLB2	6.5425	6.1316	7.5758	6.9276	5.7078	7.1346	5.6773	6.1178	5.6393	7.6168	5.069	5.9234	7.0037	5.1924	6.6129	6.4713	5.3567	5.5879	6.4594	5.1439	7.4452	7.2121	5.1126	7.0174	5.9868	6.6336	6.07	6.0047	5.8607	5.7669	4.7977	6.3724	5.9489	9.1407	6.9105	7.6052	6.7678	5.9303	6.2513	6.9862
U133A__PLS3	7.4402	8.1478	6.684	6.6342	10.0973	5.9543	9.0506	9.6656	8.887	8.3576	8.6835	9.5501	9.8794	9.4261	3.407	9.6483	11.1688	10.1743	10.073	9.1672	5.0117	3.273	8.691	5.8468	9.2106	7.8484	9.2009	9.4815	9.7297	8.6187	9.3368	8.8304	8.2318	4.6121	7.5828	7.7544	2.9017	8.1646	8.7256	8.5997
U133A__SLC39A6	7.7971	6.2623	8.41	9.7579	7.1998	7.8475	5.9221	7.3674	7.4381	7.3231	6.8048	6.6043	5.6466	7.0401	6.3356	6.5261	6.3182	7.2364	6.9683	6.666	10.5732	8.0261	5.5622	7.2093	6.5394	8.0151	6.4029	6.2922	6.2491	6.2838	6.153	7.6162	7.6329	7.1446	7.6467	7.1279	8.8267	9.2532	6.6951	11.5676
U133A__TRIM16	6.1574	6.1974	5.7526	6.4896	7.8195	6.6675	6.4563	6.8223	7.0869	5.7686	6.3137	9.1814	8.2659	7.3056	7.7113	6.6343	7.8839	7.5431	5.7772	7.4161	6.7198	6.2253	7.6578	5.7971	5.9195	7.4512	6.3	7.3268	7.1158	7.0752	6.5095	7.3537	6.161	7.2962	6.0595	6.0184	6.2297	6.5469	6.0031	6.4635
U133A__PDGFC	5.5151	4.7072	5.306	4.2114	8.5446	4.2682	7.4629	7.5679	8.1244	3.5487	4.7294	7.0604	5.2036	7.8858	6.7858	6.5847	5.6004	6.6393	7.1701	6.9926	3.636	4.0802	7.2686	4.8705	9.2966	6.5591	5.3401	6.8294	8.4198	4.7499	8.8223	6.3115	7.8914	4.062	5.1023	5.7918	4.4004	5.4727	4.4081	5.9931
U133A__BCAM	10.151	8.1702	8.9493	8.1994	6.1925	7.2428	7.4964	8.1735	7.7114	8.0871	7.3462	6.5328	7.6031	6.7278	8.1161	7.4603	7.2592	7.7261	6.6556	7.1254	7.3836	8.8748	6.9566	8.1709	6.6431	9.5823	7.5033	6.4178	7.0762	9.1546	6.9064	6.5732	6.4991	9.2367	9.1207	8.013	8.2831	7.997	9.1362	7.2864
U133A__EXT1	5.9409	6.9912	6.0302	6.0805	8.4548	5.5923	6.9876	6.8187	7.0983	7.327	6.7887	7.3775	8.1855	10.4735	6.8258	8.2801	7.7689	7.278	7.6661	9.1103	5.6871	5.344	9.0202	6.2664	8.134	6.311	7.1049	8.246	7.7789	6.5234	7.4435	8.7782	7.0972	7.003	7.0514	5.8885	6.2246	5.1195	6.942	5.2664
U133A__CCND1	9.1764	8.4714	8.1237	9.1256	5.4377	8.8941	5.4406	10.0998	7.9929	9.1837	4.3292	8.6063	8.813	10.9904	7.1587	8.1578	6.4037	8.1008	9.0473	8.209	9.1804	11.883	6.9939	9.3043	8.8488	8.5351	10.1566	6.4148	7.8056	7.9009	6.6177	8.3147	8.4694	8.7082	8.5885	7.1643	7.8528	8.5427	9.8744	9.2077
U133A__IGFBP4	11.0146	5.2361	9.7198	9.3935	7.2318	8.0076	7.5107	7.3593	7.5275	9.1421	8.2795	8.0721	7.2479	6.0637	6.2098	6.3741	6.0228	8.3002	8.3906	8.9442	9.23	9.7558	7.7929	7.1647	10.3468	9.1055	9.0012	6.9578	7.1508	6.7255	5.6586	7.7099	9.881	6.4871	5.5116	9.5902	10.2401	6.4333	7.5132	8.2681
U133A__TRIP13	7.745	8.3821	8.3399	7.2109	8.4946	8.4298	9.1761	8.1542	8.1616	8.0032	8.2922	9.269	8.9522	11.8558	8.2882	8.7189	8.5732	8.6762	9.2749	9.1383	7.9682	8.584	8.3787	7.6696	8.1315	7.9447	8.0787	7.5528	8.371	8.2085	8.3646	8.3153	9.9502	6.6053	7.2737	8.9561	7.5954	6.3957	7.3615	7.9724
U133A__ERBB3	9.0074	7.5004	8.3846	9.4643	4.1332	7.8718	3.9425	7.0488	7.2396	8.1221	7.1116	6.5673	7.1065	5.2443	8.1957	8.2884	6.1232	6.1179	7.809	3.9223	7.907	7.5422	5.1573	7.8977	4.7362	8.49	7.7735	4.4635	6.2743	7.8318	4.3134	6.0561	4.2768	8.8454	6.8618	8.571	8.2939	8.3354	8.1268	7.6055
U133A__PFAS	5.8087	7.2736	6.1119	6.5991	8.7473	6.1154	6.7468	5.5604	6.2578	6.0204	6.3444	7.593	6.4576	6.8626	6.2873	6.5166	6.7627	6.3816	6.5395	7.3623	6.3664	5.9483	7.0189	5.7511	7.8924	5.9161	6.185	8.5843	5.6544	6.517	6.6954	6.8338	7.343	6.1087	6.034	6.4774	6.2811	5.549	6.0653	7.0923
U133A__PIR	4.6997	6.0985	5.1577	4.6415	5.9744	4.6417	4.4045	4.5998	5.8591	5.8861	6.3592	6.5985	7.4658	4.0181	4.883	4.9194	7.3016	5.6805	6.7355	4.7965	4.9141	4.1856	5.7721	4.0657	5.3994	7.2433	8.1638	7.2319	4.9331	4.2441	6.8605	4.6306	6.0726	5.4548	7.6523	5.3672	5.9331	6.0265	7.4381	7.9715
U133A__TNFAIP3	5.9295	6.7965	5.7553	5.6916	5.7218	5.7495	7.1966	6.4198	8.9139	6.1028	6.7203	8.4994	6.6061	6.4225	5.9136	5.9013	6.9691	6.7715	6.2094	7.2405	5.5353	5.9057	6.3513	5.8423	5.564	5.8709	5.9297	8.9282	7.7501	5.9432	6.3301	8.7543	8.0292	5.6503	5.5626	5.8664	6.2742	5.6705	5.8143	5.6778
U133A__TSKU	11.0637	8.2421	9.0798	8.5228	7.578	7.5767	8.0606	7.5938	7.6168	8.2058	8.1601	8.241	8.0502	8.5889	7.7331	7.7436	8.2928	8.165	6.5287	7.4395	8.24	8.9638	7.4804	8.8192	7.5084	9.0219	8.4862	7.4545	7.6494	7.8671	7.6819	8.0746	7.4697	8.6837	8.7885	7.7775	8.559	7.7132	8.6346	7.2394
U133A__TUBB6	4.8682	6.5678	6.253	4.4901	9.8768	4.9213	9.5493	8.3339	9.2657	7.3934	8.5949	8.9081	8.7762	7.6112	5.3791	6.6415	9.8152	9.8057	8.0943	9.7499	7.4325	7.8191	10.4802	5.4732	9.0045	7.5802	5.0843	9.3439	8.4845	6.5456	10.1106	9.4057	9.6441	5.1798	5.5564	7.8651	8.1612	6.4891	7.0332	9.5322
U133A__BRD3	8.0335	7.0552	8.8741	8.701	8.1861	7.469	7.9278	8.1703	8.9881	7.7792	6.9922	6.8743	8.1244	6.8308	7.1547	8.0223	8.4947	8.351	7.6168	6.5313	7.6875	7.6713	7.2378	8.1662	7.3083	8.1786	6.8757	8.02	7.0204	6.8199	7.1282	7.3145	6.6386	10.3884	7.558	7.3309	7.0895	7.6949	7.3535	7.5907
U133A__CAPG	5.5436	6.09	5.3709	7.3148	8.3836	5.7225	8.4469	7.9746	5.6088	5.5312	7.3005	6.7155	9.1021	6.3692	6.9207	7.1039	6.072	8.3187	9.6081	9.0181	6.2756	5.7657	9.0276	6.0225	8.7818	6.1538	8.8725	8.4004	7.9909	7.4471	10.9442	8.9883	6.6338	5.9754	5.5005	7.4246	7.8751	6.1978	6.5395	5.8745
U133A__KRT5	4.8077	4.8878	5.0165	4.7598	5.3606	5.2034	5.1382	9.8089	10.1851	4.7424	5.3075	11.7433	10.7402	5.5063	5.4241	4.9714	8.9525	8.389	12.0252	5.8278	5.2101	5.1395	5.0057	5.0121	4.6854	5.0561	5.6323	5.1925	9.7834	5.3946	5.0225	8.8317	4.8533	4.9464	5.2698	4.9329	4.9699	4.9937	5.2146	4.9555
U133A__MID1	6.1037	7.7529	5.4843	4.4567	8.6155	4.4247	8.1964	5.3266	5.9754	4.3322	6.3817	6.6804	7.4209	6.1697	4.5019	9.0976	7.9875	6.0331	7.592	5.0431	4.4599	4.4484	8.0006	4.8053	6.7265	5.0984	5.5412	4.3858	6.548	6.4367	6.5315	5.246	6.0018	5.3356	5.4337	5.7925	5.8913	5.3807	4.7163	5.5598
U133A__STK17A	4.9501	5.586	5.9762	6.0216	6.566	5.4767	6.8878	6.4057	6.6561	5.4821	6.0291	8.4562	5.8604	8.8451	4.2898	5.3348	6.9874	7.7161	7.9924	7.3272	5.637	4.929	8.7568	5.3935	7.6759	6.849	5.6005	7.6556	7.1288	5.4237	7.6464	7.6153	7.0711	5.235	5.8133	6.2781	5.7631	5.1737	6.1401	6.3458
U133A__RAB31	6.2413	8.0673	5.1431	7.7963	8.3412	5.7159	8.009	8.1732	6.3882	5.2803	6.3372	7.6547	6.0256	7.7825	6.0134	5.7421	7.6507	9.5565	6.5396	8.4846	8.1669	5.4419	9.649	4.7638	8.3981	8.3539	8.6618	8.0149	8.4926	8.156	9.8536	8.2197	8.2362	5.2265	5.4669	6.4993	7.2702	5.4727	5.523	8.7646
U133A__TRPS1	8.6584	7.3827	7.0458	9.6951	6.9494	8.2062	3.4593	8.634	5.392	8.5305	7.8165	3.8643	6.1183	4.2236	6.5161	8.4291	7.4467	7.9026	6.7044	5.5976	7.1694	8.6372	5.0367	7.8186	3.923	6.8585	7.5954	6.8846	6.1981	8.38	7.5346	3.3148	4.1508	10.0281	9.272	9.1202	8.4461	8.5384	8.553	8.6575
U133A__SLC24A3	5.6004	5.5097	7.0284	8.6046	4.2919	7.6789	4.5472	5.7657	8.3801	7.8815	6.0192	4.488	4.5344	4.5142	6.0343	7.7085	4.6155	4.9532	6.8012	6.2703	6.0407	7.2196	4.3953	5.5787	4.6406	6.2134	5.5668	4.1616	5.2417	5.3517	4.4037	4.821	4.696	7.0271	6.5218	6.8955	5.7622	5.5253	8.3469	5.9244
U133A__CTSC	6.462	7.8213	5.6429	6.511	8.7733	6.0613	6.6398	7.1267	6.1393	6.1285	7.7895	8.61	7.1706	9.9228	7.5757	7.5029	7.5712	9.5726	9.4375	8.1937	6.3418	5.3429	7.5387	6.0198	8.1208	6.9996	7.2767	9.555	8.1037	7.4898	5.6283	9.7333	8.6939	5.451	5.3268	6.5055	5.8231	6.0762	4.8574	6.4382
U133A__TFF3	12.242	7.4282	11.8098	12.1898	5.9539	7.9505	6.1278	5.6693	5.4995	9.7873	5.9862	5.5639	5.8248	5.9636	6.9685	5.7579	5.9571	5.5964	5.385	6.1336	8.6074	8.054	6.0694	12.8617	5.781	12.1275	8.7981	5.6714	5.5641	7.2255	6.0829	5.986	5.7096	12.552	6.9097	7.2481	12.881	8.677	10.9125	9.4077
U133A__EIF5A	6.1532	10.2322	6.6804	8.676	10.141	10.3505	9.8574	7.0561	6.2771	10.4307	10.9743	9.7164	7.3039	9.2206	10.7045	10.6954	11.0518	6.7936	10.9733	11.4584	7.0806	7.2351	10.9628	6.3987	9.8155	8.213	8.5732	10.7809	10.5292	9.4725	10.7482	11.3354	10.6383	7.469	10.9772	6.6051	6.774	8.3558	6.3053	9.9089
U133A__PSMB8	5.9129	8.1465	4.8895	7.4786	5.1509	5.1652	8.4902	6.704	9.2071	5.7421	6.8288	8.2608	8.6923	8.168	8.0046	5.4133	4.9573	8.1246	9.5104	6.8425	4.9295	6.5153	9.0369	5.5676	7.2687	6.817	7.9776	6.9481	9.8933	6.1107	7.182	8.2313	8.3033	6.4629	6.4871	6.663	6.7358	5.3678	6.1207	4.6754
U133A__ISOC1	5.1663	6.6553	7.541	8.1396	5.287	9.2407	4.9017	5.7943	7.3405	8.0976	6.9094	6.4093	6.761	6.1868	5.981	6.9766	6.6684	5.8931	5.609	5.2129	8.045	8.8911	5.4164	6.7959	6.9834	7.4249	7.287	5.4975	6.0864	6.9193	5.8083	6.542	6.1968	6.8505	5.616	6.3399	6.6446	7.5794	5.5126	7.608
U133A__TOM1L1	7.9076	5.7186	9.4773	7.1879	5.1145	6.9637	5.2507	6.7397	4.7466	7.9732	5.146	5.9551	5.8162	5.9377	4.7196	6.3062	6.4622	6.6798	6.1347	4.2894	7.4272	7.1205	5.3791	7.2296	5.9639	8.1008	6.8372	6.9063	6.292	5.5921	6.9032	5.8708	6.031	6.4239	6.756	7.2706	7.6229	8.6175	6.4265	7.7091
U133A__RDX	6.2849	7.0989	5.5424	5.2777	9.8431	4.669	7.4389	6.885	8.2381	4.714	7.2261	8.2444	7.3477	6.6441	3.4463	7.49	6.8925	7.3649	7.5288	7.2916	8.7689	3.9994	7.5706	6.3754	7.8273	6.2957	6.3962	7.169	7.8498	7.7306	7.8101	6.6603	7.7876	6.3776	7.0507	7.4451	8.1581	6.8784	6.3951	7.3748
U133A__AKR1B1	5.4264	6.9517	5.9901	5.6065	8.7781	5.6946	10.595	5.6857	6.894	7.4072	8.1445	9.6667	9.0128	6.1103	6.0593	5.5161	9.8841	10.5542	10.1821	10.9824	5.9629	5.5375	10.7395	7.1787	9.6852	6.313	7.2479	11.7579	10.7006	5.7104	9.5693	11.8108	11.2588	5.2415	5.3117	5.4185	5.0463	5.5959	5.9962	6.4257
U133A__GADD45A	5.3909	6.2445	7.5063	5.2446	7.3392	5.1443	8.6309	7.1551	6.8213	5.8339	6.7283	7.7482	8.4893	7.405	6.8995	5.0377	8.008	6.8747	8.2273	9.7214	5.8846	7.9334	7.5512	5.2269	6.8579	6.8197	6.6866	8.9886	9.8078	5.6789	8.471	7.4893	9.3585	5.2882	7.1867	5.4167	6.9506	6.5311	6.1497	5.8262
U133A__TPM2	2.9737	3.2967	2.7023	3.0083	9.2246	3.0307	8.8236	6.6508	2.7736	3.2918	9.0163	7.0455	3.3028	3.2698	3.2636	3.8763	6.7663	7.9299	8.1468	9.5375	3.2518	3.2009	4.4389	3.1689	3.4678	2.8649	3.6268	5.1117	6.4564	3.4752	8.5825	7.37	8.2812	2.8239	5.6483	3.0476	3.3862	3.4566	3.5368	2.9659
U133A__ZNF217	7.419	7.5835	7.8014	8.8077	6.3906	7.2507	4.8339	6.639	6.8205	7.0884	6.5128	5.7742	6.7022	5.9938	6.3508	6.8491	6.55	6.4752	7.1567	5.4451	8.0458	7.2063	6.4752	8.3299	5.7126	7.3471	6.1379	5.8998	7.0682	7.1079	5.8327	5.9423	5.1742	6.4352	5.7603	6.5379	9.0439	7.9256	6.4036	7.0191
U133A__DIP2C	6.0306	5.6	6.1426	7.3021	5.8184	7.2703	5.3375	5.9785	7.7083	7.6453	5.5877	6.3643	5.5528	4.2909	6.1653	5.8443	5.318	7.5229	3.946	5.2792	6.5002	7.245	7.9021	6.0921	5.9908	7.1526	6.9179	5.8195	5.3291	5.3484	6.081	4.2421	5.8763	8.1831	5.1349	5.6502	6.3524	6.2191	5.9423	6.4159
U133A__FARP1	7.4771	6.1313	8.1138	8.8341	6.541	6.6631	5.4307	8.6433	7.6265	8.0007	6.585	5.8878	7.8769	5.4775	7.1214	7.2328	7.2984	7.3103	7.3406	5.9912	5.8391	6.5233	6.071	8.236	5.4881	8.0231	7.4909	6.371	6.7873	5.9676	5.0966	5.858	4.6886	8.1285	5.8389	6.1601	7.5092	6.6622	8.4562	6.7694
U133A__ANK3	6.4478	7.308	7.5215	7.0276	2.7342	6.8733	4.2279	7.1104	5.6934	7.8747	7.0227	5.117	6.4182	4.6788	5.0538	7.3358	6.7191	6.6335	6.6594	2.6483	6.8444	5.6613	3.2294	6.2805	3.5943	7.386	7.623	2.9701	7.2424	7.0939	2.7388	3.1715	5.8833	9.1143	5.702	6.1148	6.4416	6.837	5.4545	6.6091
U133A__KIAA0020	6.2247	7.3972	6.1192	6.9578	7.8359	7.9328	6.5805	6.6593	7.9097	6.3977	7.504	7.236	7.2485	9.4969	6.4433	6.0823	8.2661	8.2978	9.0329	7.6654	7.0906	7.044	7.2368	7.1856	8.7173	6.2583	7.158	8.851	7.1276	7.242	6.6178	7.9298	8.3902	6.5087	7.1773	7.1141	6.5708	7.1869	6.6595	7.9499
U133A__TNC	5.3228	4.6808	5.0294	4.8493	6.8118	4.6548	6.2793	5.8077	9.2972	4.909	6.0354	4.8131	5.0022	8.1084	6.7858	5.3092	6.2336	9.3754	8.5657	6.5111	4.7272	7.5415	7.5353	5.0349	5.0495	6.0046	6.2086	7.7184	6.4274	4.904	7.4837	8.1507	6.8616	5.1442	7.8556	4.9164	6.5265	5.2553	5.9237	4.8657
U133A__SNAP29	6.0753	6.8847	6.6089	7.6741	7.0706	7.4019	7.2179	6.5554	7.2833	6.8021	7.1487	7.2073	7.9185	8.4478	6.9875	6.7032	7.5518	7.013	7.1292	7.5478	7.0938	7.2318	7.2566	7.0695	6.7081	7.2875	7.2888	6.7597	7.4473	6.3874	7.2314	7.0364	7.2486	6.6066	6.8386	7.0725	7.5151	7.0041	7.5015	6.7427
U133A__PITX1	9.8753	7.5732	7.034	4.5147	6.6076	8.178	5.7831	5.4193	6.9945	6.0236	7.476	7.629	9.1927	7.9791	7.0459	6.757	7.7254	6.4763	7.7318	6.1391	5.5115	5.7696	5.6804	6.1627	6.162	5.8575	9.6044	5.6066	8.1453	5.9408	5.1925	6.3959	6.8659	5.0373	8.2732	7.2836	7.4338	6.9897	7.731	7.3591
U133A__CXCR7	3.4505	3.4369	6.5177	8.9687	6.7031	3.6681	3.5324	3.4011	3.3612	7.9158	3.7108	7.6545	3.5148	3.6332	3.6488	4.1429	3.4287	3.4867	3.3762	3.7256	7.6049	4.9871	5.3976	7.5315	3.3214	6.8548	3.5821	3.2843	3.1798	3.4042	3.5035	3.4851	3.8524	8.5317	3.9559	3.1811	3.3253	3.6344	3.7854	3.5391
U133A__PBX1	10.6681	9.5764	9.4725	9.8965	7.1982	8.9231	6.5424	8.3278	6.6554	8.7516	7.3662	6.3245	8.2703	4.0816	6.8856	9.1327	6.7302	7.2431	8.0011	5.482	8.0443	8.9407	5.4143	8.5418	4.6607	8.253	8.9907	5.5921	7.7912	9.2953	7.468	4.6159	4.8149	9.5481	7.913	8.3759	9.2425	9.5066	9.3962	9.2392
U133A__TMEM45A	3.9251	5.6223	3.8356	4.4014	7.0954	4.067	4.7032	5.7298	5.2926	3.536	5.1283	6.8653	8.9616	7.9155	4.2052	6.9156	6.3791	5.8904	8.43	6.0737	4.2822	4.5262	6.6374	6.9656	5.4727	3.5937	7.3845	7.4182	8.1284	5.9107	7.7047	7.3691	5.9503	7.837	8.6357	3.6449	8.7797	4.7818	4.084	3.96
U133A__ALDH1A3	6.3501	8.1049	5.7829	5.558	5.0371	5.7541	7.5382	10.4029	6.9131	5.5586	5.9053	9.253	9.3821	11.1356	7.3345	7.2073	9.6541	7.0172	8.7778	6.3367	5.9722	5.3213	6.7306	7.3828	5.8164	5.5605	7.0272	8.8539	10.554	7.2823	5.5688	9.2197	5.8794	5.5785	4.9809	5.821	6.1372	6.0094	6.5869	5.9709
U133A__ALDOC	6.5777	8.3205	6.6705	8.4622	5.9173	6.748	8.2793	8.3786	7.6054	6.2571	8.268	6.8246	5.9627	7.5516	9.5103	6.3166	7.6059	5.9395	5.9531	6.084	7.7475	7.8802	5.3038	6.7481	7.1603	6.11	6.5345	6.252	5.4054	8.8374	6.2906	6.7714	6.409	6.929	6.3134	7.7955	11.3442	6.2557	6.4764	6.2591
U133A__PRKRIR	9.1253	7.7476	9.338	7.918	7.5965	6.9452	6.3444	7.0352	8.6927	8.1006	7.8564	8.7561	7.6003	8.2642	6.9316	8.4684	7.7516	7.5375	8.1211	7.1304	7.9468	10.7632	6.8576	8.5159	8.0769	7.458	7.2631	6.6417	8.3202	7.5467	6.8547	8.0119	7.9799	7.1922	10.7226	7.8441	7.7156	6.7416	6.3769	7.6098
U133A__ADORA2B	6.2311	6.1615	5.3114	5.5734	8.4773	5.51	7.5576	7.9456	5.3852	6.126	7.0501	8.6464	7.6821	8.9669	7.12	7.1201	7.0246	7.5635	7.1372	8.0401	5.779	5.1524	9.0234	6.3393	8.2953	5.5289	6.2769	7.0087	7.702	6.1711	7.4778	6.8111	6.6939	5.2126	5.9435	5.4204	6.5418	6.1897	6.3217	6.3068
U133A__PTRF	6.1143	6.0022	6.2617	5.8685	9.7082	5.8463	9.004	8.3455	6.1188	5.7173	6.9987	8.6548	8.2281	7.4855	6.7332	6.6073	6.763	9.0215	7.1768	9.9604	6.3204	5.3083	9.1023	6.1647	9.8031	6.2294	7.3507	8.0369	7.3438	5.6802	9.5435	8.2916	9.4023	5.267	6.5915	6.796	6.1726	5.4646	6.4682	5.981
U133A__RUNX1	8.1168	6.4529	7.2102	7.6375	7.0667	6.7722	6.1581	9.4792	5.2955	6.473	6.4426	6.3102	6.968	7.4652	6.4373	6.8471	6.2546	5.7046	7.1706	6.6078	7.0636	7.7735	6.0855	7.126	7.0236	6.7931	6.9141	7.4851	6.6709	6.3567	6.6728	6.5636	6.6512	6.3903	7.5332	6.8964	7.9102	6.91	7.3002	6.9437
U133A__CEBPD	6.6929	8.6335	6.0731	7.3742	9.5029	6.3522	8.6464	8.0968	9.7249	7.1484	7.2111	7.8098	8.6922	7.3539	6.7642	6.9569	9.2087	8.8963	8.6788	6.0953	7.0844	6.2396	8.7538	7.4876	5.9531	6.0972	6.213	10.7514	9.1109	6.6089	8.2928	8.4856	8.7118	7.0693	5.3927	7.6899	7.834	7.6569	5.6782	6.9549
U133A__SYNRG	7.2809	6.6195	9.8116	7.4446	6.4624	7.1391	7.1136	6.7788	7.4791	6.3822	6.7116	6.6046	6.574	6.2967	7.026	6.7863	6.4957	7.5364	6.6443	6.3439	6.8778	7.2459	6.8603	6.6246	6.8511	6.6902	6.4818	6.5588	6.5593	6.4561	6.5931	6.2908	6.4468	6.9097	6.8952	6.7438	6.8543	6.7335	6.2789	7.0088
