Cell lines	600MPE	AU565	BT474	BT483	BT549	CAMA1	HBL100	HCC1143	HCC1187	HCC1428	HCC1569	HCC1806	HCC1937	HCC1954	HCC202	HCC2185	HCC3153	HCC38	HCC70	HS578T	LY2	MCF7	MDAMB134VI	MDAMB157	MDAMB175VII	MDAMB231	MDAMB361	MDAMB415	MDAMB436	MDAMB453	MDAMB468	SKBR3	SUM1315MO2	SUM159PT	SUM185PE	SUM52PE	T47D	UACC812	ZR751	ZR7530	ZR75B
Response	1	1	-1	1	1	-1	1	-1	1	-1	-1	1	-1	1	-1	1	-1	1	-1	-1	1	-1	-1	-1	-1	-1	1	-1	-1	1	-1	1	1	1	-1	1	1	1	1	1	1
U133A__IFI6	4.9866	6.1205	5.4451	10.1621	5.5759	5.5314	6.4811	7.4325	7.2127	6.6375	9.9393	6.0926	8.479	8.4356	8.9623	5.4425	5.726	6.5632	8.5826	6.9663	5.9167	7.0966	7.5224	9.0873	6.7666	5.8968	6.2391	6.5746	6.6056	5.8892	9.3912	5.4492	6.297	5.104	5.1714	5.6316	5.4146	6.5746	5.244	5.1317	4.6725
U133A__TNFRSF21	6.9434	7.383	6.2411	5.8168	7.6132	6.2938	6.7414	9.4794	6.2643	6.3644	8.9963	8.8483	7.9123	8.4644	7.3763	8.9154	9.1783	7.7884	7.9115	10.028	7.0946	6.9593	7.6411	8.7664	8.4893	9.2021	7.3706	7.6864	7.8007	5.8836	9.4798	6.6581	6.831	5.5389	7.9016	6.9565	7.1457	7.9318	5.8725	7.7789	6.4674
U133A__CYP51A1	7.1379	6.7235	7.9948	6.9283	6.7289	7.7408	6.6008	6.9648	7.9976	8.1668	8.4123	6.9172	6.5777	7.3519	8.1687	7.165	8.4226	7.2755	7.1489	7.556	7.7218	8.3815	7.7393	7.8408	7.125	8.0664	6.2976	7.4839	8.2237	7.1755	7.0345	7.9582	6.6826	6.8516	7.0758	9.0446	5.9458	7.5436	7.2496	6.7678	7.5472
U133A__UBL3	8.7963	7.6775	6.922	7.6336	7.3076	8.7664	5.7383	6.5634	6.2866	9.5318	5.493	6.6881	6.6114	5.7834	5.8757	7.9422	6.3881	6.4779	6.177	6.1569	7.5274	7.2907	6.2037	6.054	6.3585	6.6733	8.7684	7.6624	6.5733	8.2815	6.1326	7.7059	7.3602	6.3717	7.0935	8.8315	7.2158	7.517	8.1667	7.6898	10.0176
U133A__ASNS	5.7555	6.9915	8.6184	7.1894	8.7816	8.0217	6.8922	7.2217	8.7944	7.2405	7.4364	8.23	7.3351	6.7055	8.3372	7.0562	7.619	7.5599	9.0102	8.0987	7.5216	7.197	7.7174	7.4411	6.7424	9.2835	6.6397	8.0286	8.1835	6.3197	8.8295	7.3892	8.7993	7.3568	10.555	11.7898	6.9057	7.4767	6.5745	6.7488	7.3136
U133A__PODXL	5.8122	5.7718	7.415	6.6408	5.2774	6.7693	6.4555	7.8292	8.6333	5.6383	5.5409	7.5824	8.1435	5.8862	5.8571	6.0954	7.4922	5.36	8.3307	6.3805	6.9023	8.2421	7.1327	6.063	6.6091	7.0962	6.9862	5.6992	7.6973	5.7078	7.339	5.6023	5.7194	6.0624	6.5541	5.9662	5.7361	6.265	5.4449	5.6006	6.6903
U133A__IRF9	6.567	7.2426	6.4215	10.1828	7.6644	6.1171	7.5577	8.3291	8.6936	7.7642	7.5971	6.2636	9.3201	8.0265	9.4517	6.8795	7.5318	7.4596	9.766	6.7956	6.2872	7.9939	8.6157	7.9128	7.9232	6.4818	7.5838	7.5909	7.6485	6.9253	9.4289	6.1693	6.8573	6.0417	6.8427	6.3509	6.8277	7.4402	6.3875	6.6608	6.0362
U133A__KIAA0100	8.8681	9.2054	8.8628	8.6047	7.4282	8.9246	7.5337	7.7525	7.5068	7.9503	8.0312	8.2047	7.8415	8.2902	9.0749	8.4022	8.2701	7.8823	7.6288	7.6848	8.8026	8.3881	7.8276	7.2512	8.327	8.6738	9.0547	7.8274	7.5392	8.4813	7.605	9.7569	7.9615	8.6067	7.8017	8.3358	9.2605	10.2621	8.2115	10.903	8.5997
U133A__MSL1	8.4973	11.0616	7.6567	8.9254	7.246	7.5161	6.9702	6.2351	7.9444	6.4312	7.5699	7.3185	7.0968	7.4843	7.1746	7.6938	6.777	7.3462	7.9972	7.5341	7.7231	7.2066	8.0309	7.4204	7.6825	7.3756	7.8424	7.0973	7.4219	7.0433	7.2279	11.0407	7.3822	8.238	7.4681	7.1078	8.3011	11.0363	8.2656	6.6441	8.1269
U133A__NOTCH2NL	7.8298	8.6341	7.6974	7.8539	7.4215	6.8991	8.2007	8.7139	10.2228	7.6996	7.2474	7.7885	6.7152	7.8414	7.163	7.8356	7.0501	7.9431	8.1671	6.7489	7.9419	8.6442	6.2143	7.3806	7.39	7.798	6.7809	7.1969	7.7693	7.2189	7.8977	7.5982	7.1509	6.8928	6.7038	7.4317	7.8704	9.2372	8.3514	8.2976	7.9329
U133A__IGFBP7	2.9865	2.8753	2.8187	2.8488	2.9678	2.9102	6.2946	8.1639	2.9617	3.057	9.0694	7.7424	4.9465	2.8659	3.0689	2.8328	7.664	6.8087	5.298	9.287	2.953	2.8392	2.8773	8.7334	2.9882	8.5718	2.8618	4.331	4.3887	2.7709	2.9252	3.7421	3.4559	4.3464	2.9303	2.8623	3.2633	3.1601	2.8804	2.8511	2.8224
U133A__HOMER3	6.0414	6.7908	6.0965	5.8645	6.9993	6.5947	6.4992	7.4988	8.1995	6.5724	6.6337	7.0466	5.9441	7.3602	6.3587	5.9818	7.9062	5.9173	7.2291	7.8541	5.4821	6.8363	6.597	8.333	6.8523	6.0062	6.1166	7.0976	6.872	5.836	8.8869	5.9463	6.8397	6.8507	6.3858	4.9433	4.8396	6.7364	6.0386	6.1329	7.0818
U133A__C3	8.0106	5.5822	6.0817	5.8311	5.7648	5.7742	8.0969	9.0395	6.3784	5.6617	10.1816	7.4163	8.7858	5.9001	6.1855	6.5894	8.5375	6.2009	9.4553	6.0739	5.9398	5.8497	6.0495	6.9302	7.2708	5.7414	5.7467	6.1981	8.4282	5.8062	7.7387	5.7035	5.7721	8.3609	7.3317	5.9459	5.7433	6.22	5.8786	6.0972	5.5469
U133A__PSPH	3.0836	2.8068	8.8397	6.7999	6.9781	3.9571	3.0708	3.5236	4.0114	2.8876	4.9507	5.6603	5.337	4.8724	3.7695	3.2991	8.5676	4.3599	6.2269	3.3834	3.9784	3.957	3.1641	7.7069	8.0686	6.9336	3.8532	6.5213	4.0688	3.6251	9.7515	3.3861	7.1978	3.5548	6.222	3.3091	3.816	3.4727	2.8167	4.8848	3.3359
U133A__SLC6A8	6.9459	7.8981	7.4036	5.6976	8.3725	5.8974	6.4197	5.6049	7.2957	6.4491	7.5947	8.6334	5.8306	7.764	6.8817	7.1394	6.7583	6.8535	5.7344	6.6405	5.9897	6.7365	5.8509	6.4881	6.2545	6.0851	7.9234	6.7876	9.1798	7.6796	5.7613	9.4851	7.0348	8.1285	9.511	6.3318	6.7968	6.2045	6.8256	6.2767	7.9459
U133A__RBP1	4.9917	4.9346	5.4835	5.7961	5.0867	5.209	5.4796	8.9096	7.3428	6.2527	5.4054	5.6712	8.0306	7.5767	5.7259	4.9838	5.5924	6.9637	8.7362	5.489	5.0856	5.0419	10.2069	6.3413	5.2231	4.9367	5.0215	5.3652	5.411	5.1334	9.1263	4.867	5.5451	5.3278	4.8704	4.9851	5.082	6.1421	4.9269	5.1145	4.82
U133A__LANCL1	6.7689	7.9484	7.1973	8.0437	7.4032	6.8113	6.0496	8.2676	7.471	7.7845	6.858	6.4065	7.4074	6.1261	6.0262	7.1325	6.5866	8.9228	7.4355	7.3639	6.9245	6.5193	7.6214	7.1381	6.6311	7.2862	7.7475	6.4586	5.7058	7.6675	6.9237	9.6917	8.1542	7.5143	6.6789	8.0595	7.3913	7.8901	8.0387	7.1071	7.3553
U133A__DECR1	6.66	9.0064	7.3199	6.8777	7.0909	7.5545	6.3566	7.8356	5.9952	7.8875	7.8221	5.3596	7.6481	6.4086	7.4553	7.8985	7.6777	8.2614	7.4609	6.9361	6.6044	7.7078	7.3777	7.9482	8.3211	7.3017	6.9448	6.9046	7.3967	7.1159	6.222	9.7578	7.3422	6.2275	3.9487	3.9781	7.355	7.5332	6.7474	6.1164	6.8056
U133A__LGALS1	9.2382	7.7525	5.8446	8.8126	11.9757	12.336	12.3419	12.1952	11.1399	10.6651	11.5613	8.1987	9.9206	10.3303	10.8452	5.0472	11.7356	11.486	11.2154	12.9455	7.8464	8.893	10.3526	12.5884	11.124	11.6327	5.2613	11.3986	11.7984	10.2053	9.4923	8.8885	12.472	11.8188	5.4749	9.5798	11.0411	10.1593	6.0697	9.5206	8.6626
U133A__MKNK2	8.8547	9.1024	9.4367	9.134	7.54	8.4693	8.4639	7.416	9.167	9.0655	7.1375	8.6892	8.2033	7.7142	8.8308	8.9706	7.5959	9.0658	8.9596	7.0119	7.0536	7.6164	8.2146	7.3453	8.596	8.3944	8.5317	7.9915	7.5164	9.8256	7.9628	9.3436	6.5736	8.4037	11.1721	8.8276	8.2748	9.5034	10.562	8.6244	9.1577
U133A__PPP1R3C	5.3507	5.3831	6.9823	6.0548	7.049	7.3675	6.7619	5.4099	5.1707	6.4353	5.3367	5.5783	6.4418	5.2825	7.0712	5.6056	5.5377	6.2115	6.2363	5.8868	6.9161	7.2075	5.7518	6.3184	8.2775	6.2228	6.6878	8.1684	5.3715	5.5832	7.3416	5.8696	5.6742	5.9204	6.3529	5.4165	5.5653	8.3111	6.3951	5.7111	5.2313
U133A__SDC2	7.6839	4.4758	5.471	5.8173	4.5404	5.3484	4.9752	10.2929	6.6377	9.2915	8.7747	4.4879	4.6024	4.7327	7.4159	9.7014	7.0364	7.5149	4.7632	8.8181	4.7019	6.728	7.8196	9.0147	5.4896	7.431	4.4419	4.9399	6.4263	5.0457	4.3422	4.8889	6.2214	5.4138	6.0161	4.9022	6.7886	5.683	4.8569	4.8693	6.2833
U133A__PGAP3	6.0798	7.7235	7.8242	5.9351	5.2618	5.6344	5.7326	6.0077	5.363	5.2591	5.2674	5.2901	5.1176	8.224	7.6509	5.914	5.4419	5.4125	5.624	5.2056	5.12	5.6348	5.6203	5.1433	5.5062	4.8408	7.3947	5.4054	4.7	5.9113	5.2243	6.9123	5.3523	5.3377	5.4946	5.4472	5.34	7.9766	5.7382	8.6703	5.5235
U133A__AKR1C2	5.4605	6.4464	5.9221	5.7432	6.1651	5.4722	6.1618	7.525	8.0987	5.4578	6.006	12.3755	8.7393	8.1344	5.8008	5.8194	8.3491	9.221	7.9785	9.3591	5.9496	6.9475	8.881	8.398	7.346	5.5549	6.8639	7.5265	6.8303	6.1791	8.2474	5.8097	6.0822	7.9192	9.6358	5.6004	5.3554	5.4338	5.3534	5.9593	5.4075
U133A__SVIL	5.5003	4.8517	5.9836	5.9508	5.7247	5.0124	4.6089	7.332	7.4092	5.6298	5.9932	5.7452	6.6285	6.4526	5.98	6.3594	7.6708	7.1366	8.5448	6.6256	5.809	6.2058	5.4137	6.0857	5.9291	6.7219	5.8165	7.5742	6.7548	7.3894	6.508	4.7982	7.4993	5.5299	6.2033	4.5356	5.5557	7.8651	5.3402	5.7597	5.6652
U133A__BPTF	6.8483	8.6408	7.5001	7.6163	6.0281	6.4019	7.0439	6.6098	6.6248	7.1143	5.6327	6.1347	5.7794	5.5429	5.7568	5.7125	6.3422	6.9605	6.1183	5.9811	8.3108	7.9599	6.0414	7.5758	5.8278	6.3989	7.9848	5.5364	5.5385	8.2596	5.8439	8.0437	6.3576	5.9499	7.0151	5.641	6.9433	6.4234	6.8825	6.804	6.4022
U133A__ANXA1	8.3863	5.1813	6.8058	4.8279	10.1509	4.9132	10.8697	10.2727	4.9733	4.6701	10.5859	11.0167	11.8721	11.347	5.6928	5.3504	11.3303	10.7389	11.4584	11.0326	4.9591	4.9942	5.0231	10.6713	6.8432	11.1804	5.5085	9.4097	11.2499	5.0185	10.4199	5.8809	10.9965	9.9079	9.1288	9.263	4.6556	4.9519	4.8945	6.9477	4.9117
U133A__MAP1B	5.2828	4.7448	4.9262	4.8618	7.9119	4.5738	8.9057	6.6054	8.1982	4.5955	5.1547	5.4784	4.3322	4.8752	5.5192	4.6449	6.1241	8.077	7.8322	9.7287	4.2933	5.1401	5.3466	8.6245	5.0681	8.226	4.7169	4.9647	8.3504	4.3393	5.1029	4.5124	7.7301	8.3276	10.7187	4.8221	4.5797	4.5998	4.8576	4.7635	4.5338
U133A__BNIP3	7.6212	7.8948	9.2703	9.5636	9.4819	7.7395	7.0844	5.595	7.838	8.4411	7.3292	7.4467	5.1835	7.0648	6.7499	4.7334	6.4132	7.9987	5.153	7.1221	7.702	8.0036	8.58	7.3753	6.7418	8.1999	8.8301	5.3629	9.8497	9.1338	7.0312	7.5778	7.4537	7.7954	6.9843	7.6257	6.803	10.5984	10.5509	7.9679	8.3751
U133A__DHX40	7.0381	5.7867	8.6347	7.5986	5.919	5.9241	6.6666	6.2316	6.2846	7.014	5.6478	6.411	6.2943	5.4408	5.3047	6.003	6.5949	7.426	6.0468	5.1125	7.2359	8.2093	6.9354	6.8654	5.6059	6.4999	8.5027	4.9426	5.6922	6.9965	5.6456	5.1172	6.5324	5.98	5.644	6.3122	6.9005	7.842	7.2802	6.5906	7.0766
U133A__CLTA	8.5441	9.0829	8.6889	9.0599	10.0873	9.5486	9.594	9.3638	9.2209	9.4214	9.6276	9.3187	9.6784	9.5067	9.1855	12.2679	9.8756	8.4701	10.062	9.7442	9.0902	9.1292	9.8156	10.0738	9.7081	10.2228	10.4124	9.1562	10.0977	9.658	11.2641	9.2826	9.7985	9.6315	10.4003	8.7302	9.1874	8.7619	9.8217	9.4565	9.2826
U133A__SIDT2	5.8856	8.986	7.3246	8.4842	6.6145	6.7782	5.5119	5.727	7.0085	7.2121	6.4307	6.7302	6.8686	5.6188	6.7115	8.9948	6.3065	6.9148	6.7901	5.7854	7.1027	6.6763	6.7265	7.3668	6.6904	6.4539	7.618	6.7863	6.0924	7.0954	6.1609	7.2985	7.8062	6.5306	8.0395	6.6182	7.7683	8.1148	7.4488	6.6886	7.262
U133A__AKR1C3	4.5755	3.9471	3.4576	3.4923	3.5327	3.5596	4.8023	5.9661	4.4479	3.8913	4.2299	11.0316	6.9613	6.4956	4.1821	3.6174	8.1922	8.1221	9.9288	7.8707	3.9479	4.7752	5.2109	8.5158	5.1772	4.3366	5.6304	9.5174	4.2349	3.4918	3.5481	3.5267	3.8637	7.2755	9.2411	4.8461	3.8538	3.7663	3.6274	4.2163	3.8302
U133A__CBX1	8.4414	6.701	8.128	8.569	8.3009	8.5655	9.3982	8.5777	8.5155	8.4208	8.4249	7.6401	8.1699	8.0173	7.215	8.5637	8.7994	9.1475	7.7093	7.9956	9.3734	9.1815	8.776	8.3982	8.2793	8.7068	9.3827	7.8836	7.7429	9.1379	7.9157	6.7832	8.6748	8.0114	7.2854	8.6622	8.8604	8.3903	8.4396	11.2225	8.951
U133A__C1orf115	7.2949	6.9475	5.8685	6.449	5.1898	6.9003	5.6689	6.3547	7.1337	5.0147	6.5582	6.3223	6.1112	4.7567	7.2879	7.3154	6.2642	6.4033	5.1145	5.007	5.4686	5.3279	5.574	4.9872	7.0146	4.8072	7.4573	8.5627	5.6939	7.4798	6.4457	6.4155	4.7245	5.5547	5.9571	9.0861	6.4767	6.1671	9.6618	7.4263	6.7793
U133A__CDKN2A	5.4592	5.6337	4.6365	5.0078	9.7826	5.6669	8.3294	5.4065	7.8926	5.4771	8.3981	4.2781	9.1976	5.8929	6.2697	4.8747	8.6854	4.4747	9.9184	4.8437	4.4975	4.5033	6.0073	9.0399	5.1148	4.0997	5.1969	6.6681	7.7218	5.4652	7.5379	5.6444	4.5362	4.9797	5.2966	5.514	5.2599	4.5154	5.1321	5.0203	5.1595
U133A__CNN3	6.5662	5.928	6.2459	5.2624	7.9772	7.5358	5.2634	7.333	7.2978	5.852	8.5066	5.2216	8.3566	7.6308	7.8934	5.711	7.0815	8.6543	9.1609	8.1059	3.6902	3.6053	8.2442	7.3666	6.0036	9.026	7.1398	7.5905	6.7258	8.7984	8.6832	6.3226	7.2367	5.7464	5.5974	7.5337	7.6915	8.1608	6.8602	6.3169	3.467
U133A__CARD10	5.7778	6.6189	6.0074	5.6113	7.1832	6.9806	7.1831	5.8013	5.447	5.0291	6.8955	7.94	6.4404	6.6995	4.8749	5.3041	6.1251	5.6387	6.8007	8.2432	6.0254	5.8035	6.6709	6.9111	6.3909	6.3107	6.2227	6.8504	5.2046	5.0682	7.0436	5.6466	5.2563	5.5845	8.1902	5.6863	5.8941	5.8825	5.1234	6.2024	6.1903
U133A__CASC3	8.0662	9.5254	7.896	7.8331	7.3214	7.8822	7.6086	7.4055	8.0717	6.9048	7.4362	7.247	7.6934	7.357	6.7513	7.24	7.5153	7.5471	7.7717	7.1902	7.2305	7.0158	7.7874	6.8132	7.0879	7.6189	6.8153	7.1054	6.7842	6.3196	7.4004	9.5638	7.2235	7.6981	6.8808	7.7518	8.0652	10.4373	7.5613	6.8273	7.8892
U133A__MBNL2	5.4423	7.1301	6.9266	6.3789	7.5204	6.3889	6.5848	7.0872	6.6647	6.2769	7.2559	6.1725	8.5786	7.1597	5.3797	7.9226	7.5396	6.4642	8.1549	6.4804	6.1638	6.2054	4.1661	6.866	6.0078	6.1347	6.8225	6.7261	7.1979	5.267	8.4373	6.5825	5.3103	6.3923	8.6513	5.6113	6.2038	6.5181	6.0766	5.2976	4.5447
U133A__RAI14	5.8045	6.8528	6.5191	4.7329	7.1977	6.3754	8.5524	6.2722	5.5801	7.0817	6.0818	7.393	5.9586	7.2175	5.1903	4.9184	8.4573	6.3942	8.6065	6.5584	5.6957	5.9513	5.9509	8.3284	6.7127	7.995	7.088	4.6179	8.0457	5.8292	7.2893	6.033	4.3547	7.8314	6.3683	6.0277	5.7235	6.4105	4.2361	6.2472	5.793
U133A__MAFB	4.2939	5.2209	6.0526	7.1675	4.5699	8.118	4.2814	4.4545	6.0147	5.8886	5.9523	4.6033	8.0513	5.6472	7.7452	5.899	5.4665	8.7595	6.8573	6.4104	4.5053	5.7821	6.9794	6.131	5.4416	4.4014	6.1242	5.0501	5.8863	8.6345	6.8824	4.3436	4.4115	4.4563	7.0732	7.4185	5.1496	5.3409	5.6559	4.2219	6.4191
U133A__NBL1	5.9735	5.5208	6.5773	8.0088	6.4156	7.816	6.7587	6.1978	6.1135	8.2531	6.5199	7.0638	7.4328	5.614	6.2299	6.0307	6.2699	6.1127	8.421	6.6186	5.6648	5.5864	8.6762	7.2315	5.4859	6.2246	6.6967	8.0563	6.2912	7.9575	5.8276	5.6058	5.9892	6.4818	5.802	5.6896	6.7591	5.391	5.5293	5.6823	6.3593
U133A__AXL	4.5848	4.3447	4.6163	4.3957	9.7332	4.3709	9.0689	7.011	4.3959	4.4975	4.5981	4.2906	4.9826	5.1863	4.9555	4.2474	5.2312	9.2723	4.1729	10.475	4.5906	4.4261	4.7784	8.3136	5.0443	10.3645	4.1508	4.614	7.5333	4.2537	4.6935	4.0831	9.5546	9.6852	4.2137	4.2126	4.5153	4.3396	4.2859	4.6527	4.2316
U133A__APOBEC3B	5.6539	4.2711	6.5459	6.1597	7.1609	5.2836	8.7672	8.8535	7.4971	5.6452	7.898	6.4634	8.5401	6.9878	8.8726	6.3674	7.4904	3.9548	4.6104	8.1097	4.2584	5.2772	6.7787	7.0989	5.8155	8.1658	6.4705	7.6752	5.9632	7.7664	8.4691	4.3131	6.0569	6.4845	5.3145	3.7522	6.726	5.4782	6.346	6.7144	6.0347
U133A__AKR1B1	5.4264	6.9517	5.9901	5.6065	8.7781	5.6946	10.595	5.6857	6.894	7.4072	8.1445	9.6667	9.0128	6.1103	6.0593	5.5161	9.8841	10.5542	10.1821	10.9824	5.9497	5.9629	5.5375	10.7395	7.1787	9.6852	6.313	7.2479	11.7579	5.7109	10.7006	5.7104	9.5693	11.2588	5.2415	5.3117	5.4185	5.0463	5.5959	5.9962	6.4257
U133A__GOLGA8A	5.5482	5.624	7.8406	6.2792	7.9159	5.1443	6.4675	6.1268	6.5558	3.9995	6.2642	7.0239	4.5668	5.7512	4.8288	6.4569	5.5296	6.6093	6.9683	4.5496	4.7798	5.7913	4.5748	6.1873	5.6399	5.1079	4.7992	4.7586	6.7718	6.2041	5.8264	5.4125	5.9638	4.9087	7.7159	8.1643	5.205	7.8459	8.5237	4.6228	7.3475
U133A__NUCB2	7.9159	7.7211	5.7232	7.9201	7.5538	7.0729	7.1309	5.7145	6.1217	6.8224	5.9807	8.7778	5.1126	5.1027	4.378	6.1882	6.2639	7.9042	6.0763	6.2695	6.5625	6.0033	8.8037	7.634	7.4278	6.0185	8.5373	8.1736	5.7716	5.5587	5.8213	7.0168	7.24	5.8505	8.3176	7.6776	6.1182	8.2534	8.2008	8.105	6.5569
U133A__EFNB2	5.4764	4.7613	7.0119	6.4386	8.6207	7.4791	5.3655	8.8445	5.5096	6.4622	4.9044	8.2395	7.0896	7.4331	6.9829	9.9666	5.9393	6.9153	7.5536	5.9236	6.4018	6.9459	6.1413	8.3547	5.5304	5.5961	7.2819	7.5891	8.7025	7.6132	7.8346	4.8166	4.7258	8.021	8.057	4.9264	5.6351	4.1326	4.9242	4.7554	7.1568
U133A__LMO4	7.4737	7.1325	8.5532	7.9792	9.7098	5.7002	6.5274	8.2677	7.6793	8.0974	7.6477	7.0389	7.4546	6.855	9.4747	7.7206	8.0476	7.8791	8.7906	7.5205	6.2739	5.9112	7.0129	7.6279	7.9445	7.5364	7.9322	9.2733	7.4324	7.7056	9.2118	6.1979	8.918	6.2862	9.1307	7.5695	8.3962	6.7757	4.2304	7.7812	6.628
U133A__FST	6.5894	6.5399	6.4947	6.3964	7.1555	6.4063	7.1739	8.1138	6.729	6.605	6.9497	8.7649	7.1819	8.1031	7.2197	6.4535	7.3188	6.6246	6.2073	9.2037	7.1295	6.879	6.71	6.9117	6.6957	8.7976	6.5755	6.6662	7.6607	6.6393	6.8589	6.7865	6.843	6.5052	6.9549	6.8367	6.4505	6.228	6.782	6.7813	6.685
U133A__ISG15	6.2029	6.9837	5.5449	10.2551	7.848	6.5951	9.5835	8.99	11.005	7.8349	9.826	8.9883	10.2185	9.9476	12.0484	6.4512	6.7595	8.9387	11.0436	7.8412	7.1602	10.1019	6.9091	10.7759	6.9745	9.7251	7.1162	7.5725	8.273	8.311	11.7544	5.8968	8.9234	7.5265	6.4722	6.2122	6.5785	6.7421	5.7411	5.8216	6.0034
U133A__ADI1	7.576	8.4126	6.0904	7.5485	8.1381	7.1524	8.7872	7.9559	5.7867	7.111	7.2265	8.4107	8.9165	8.3018	6.6829	7.5084	6.2243	7.7446	7.2521	7.0495	8.7333	8.131	6.9574	8.6245	5.8795	7.4451	8.669	7.2065	7.4689	8.8698	8.2637	7.9541	8.3028	8.8092	7.8845	7.9971	6.6821	7.0726	6.8236	5.7238	7.0473
U133A__PLCG2	6.5168	6.5628	6.6357	6.3363	6.7695	6.7472	6.6768	6.8618	7.0184	6.6858	6.8866	6.5975	7.3542	6.9606	6.8817	6.522	6.9216	7.2069	10.2967	6.8883	6.7778	6.8881	6.5643	6.5345	6.3556	6.7718	6.6133	6.7417	7.2307	6.3532	7.5051	6.7498	7.1081	6.6263	6.5003	6.699	6.9178	6.6411	6.4317	6.7342	6.4792
U133A__ACSL3	7.1919	6.6538	7.0956	7.0192	5.1187	6.245	7.3775	6.0106	6.1809	5.5562	5.0836	5.5273	4.8164	4.4287	4.2377	5.6088	4.1027	6.7675	6.823	4.2666	7.1963	5.5137	6.6526	5.7361	7.214	5.9762	6.5155	6.1214	6.639	5.7947	4.9361	6.5763	5.0383	6.1252	6.7986	8.8893	4.3885	6.9935	6.6779	6.8513	6.744
U133A__FARP1	7.4771	6.1313	8.1138	8.8341	6.541	6.6631	5.4307	8.6433	7.6265	8.0007	6.585	5.8878	7.8769	5.4775	7.1214	7.2328	7.2984	7.3103	7.3406	5.9912	5.3448	5.8391	6.5233	6.071	8.236	5.4881	8.0231	7.4909	6.371	5.6239	6.7873	5.9676	5.0966	4.6886	8.1285	5.8389	6.1601	7.5092	6.6622	8.4562	6.7694
U133A__IFI27	4.6386	5.1543	4.6777	5.8546	4.687	4.5519	6.1249	4.9288	11.1042	4.871	6.238	7.2516	11.349	11.3436	8.4421	4.4035	5.9256	4.4385	10.9936	4.7467	4.7579	8.9666	4.6875	7.4637	4.8506	4.661	4.404	4.8339	4.3892	4.6337	9.6865	4.5304	4.6953	6.5604	4.5079	4.5195	4.8154	4.3101	4.3879	4.4145	4.4577
U133A__HLA-A	8.0974	8.8736	8.5163	10.7117	9.7239	9.7457	11.3892	9.4951	12.2717	9.7102	11.5521	11.2404	11.8036	10.7823	10.1571	7.1064	9.4021	11.8918	12.5168	9.9359	8.3049	9.564	10.5659	12.2646	9.1662	10.1682	10.4276	11.0959	10.2081	9.1221	12.5362	7.8025	10.0395	10.9361	11.3302	9.1377	9.4396	11.037	8.5489	9.8867	8.5052
U133A__CPD	8.2101	8.1216	7.6179	7.5848	6.7762	5.6894	6.5485	6.4387	5.4846	5.716	5.8418	6.9123	6.7767	7.1457	9.0313	6.9298	6.9384	7.8036	6.9833	6.223	5.6333	5.8221	7.2464	6.1744	7.3296	6.9398	9.0281	6.4524	6.1381	6.7077	6.6432	7.2602	6.3593	6.5355	8.9923	7.2562	7.5889	9.3538	8.3809	6.8	7.1765
U133A__EIF5A	6.1532	10.2322	6.6804	8.676	10.141	10.3505	9.8574	7.0561	6.2771	10.4307	10.9743	9.7164	7.3039	9.2206	10.7045	10.6954	11.0518	6.7936	10.9733	11.4584	6.2508	7.0806	7.2351	10.9628	6.3987	9.8155	8.213	8.5732	10.7809	9.7217	10.5292	9.4725	10.7482	10.6383	7.469	10.9772	6.6051	6.774	8.3558	6.3053	9.9089
U133A__IL8	4.0745	4.3172	4.1479	4.0587	6.6	4.1697	5.8725	5.1717	4.2146	4.2386	4.7313	7.1824	4.7397	6.9478	4.3148	4.0815	7.3904	5.6492	4.6508	8.9614	4.2436	4.1859	4.3014	5.4975	4.6944	4.452	4.2646	4.5124	8.3977	4.2893	7.6142	4.2288	4.3639	7.7098	4.2191	3.4927	4.0444	4.273	4.2045	4.3166	4.2885
U133A__GPX1	8.9739	4.0916	9.13	4.1978	9.7074	8.7943	8.0487	8.6375	3.8954	7.8047	3.5472	8.4418	9.4091	9.7496	9.301	3.7548	10.5188	9.1911	8.6679	9.1332	5.2514	5.269	9.851	7.3749	3.9513	9.7794	9.7769	8.2842	10.3552	9.6262	9.4756	4.1969	8.82	9.2677	3.2767	3.978	3.5145	4.9552	3.7776	3.3897	4.1642
U133A__AHNAK2	4.3732	3.6455	3.7668	4.2833	7.8526	4.6283	6.6866	9.299	3.5509	4.9391	3.8991	6.3896	4.45	6.0159	3.693	4.1841	7.2624	6.7199	6.3673	5.4933	3.9157	4.2351	4.6591	8.267	4.9602	5.1847	4.0095	4.1542	8.1732	3.6524	5.7244	3.8567	9.5019	7.6929	8.3787	4.0909	4.2427	4.4986	3.8844	4.0133	4.6233
U133A__HIST1H2AC	6.6347	6.1315	6.5263	8.9285	6.3159	8.2325	5.5273	6.2668	5.7625	8.2922	6.892	6.4753	8.9315	5.4115	7.5241	9.1759	6.6311	9.0257	6.3429	6.1112	6.5974	7.5399	6.5756	7.5443	6.7217	5.4127	8.1253	8.7312	9.7477	7.1371	8.4921	6.148	7.2614	5.4892	7.0303	6.763	7.3041	6.8911	6.201	6.0728	5.5955
U133A__HSPA2	7.5745	5.3383	4.8587	5.2922	5.7385	6.2135	6.716	7.2722	6.0608	4.9351	4.4227	6.2423	7.8916	5.2766	6.8258	5.7926	7.3109	8.2914	8.5554	5.5942	5.4509	5.593	7.4921	7.7696	9.0724	6.2914	4.4708	9.3607	6.0147	4.9705	6.2649	5.9957	7.5395	5.2248	5.4669	6.9474	4.6155	5.8189	4.7869	9.5936	5.566
U133A__IFIT1	4.7114	4.2157	4.5077	9.7076	4.7238	4.3455	6.5273	4.7744	6.9119	6.1597	6.2547	7.0582	8.6976	6.346	8.2698	4.894	4.5623	5.5582	8.9034	4.7911	4.6602	4.9544	5.3881	7.9414	4.9999	8.3202	5.5062	4.8948	5.3456	4.8674	9.5009	4.4414	6.1359	4.4171	4.5392	4.7807	4.4767	4.3094	4.7475	4.6766	4.2272
U133A__CDS1	6.9342	8.169	6.1529	6.9943	4.6661	6.6883	4.9304	5.7098	6.1086	5.7983	6.1974	6.6959	6.7502	7.3118	5.9499	6.8258	6.321	5.7782	6.6791	5.005	6.6497	6.3397	7.0044	4.9123	6.9792	5.0018	7.4359	6.9108	5.352	6.7669	6.738	7.3771	4.7441	5.4182	9.0847	6.8814	6.4939	6.8096	7.0282	7.287	7.4944
U133A__PSAT1	5.5922	6.1399	8.0258	5.861	8.3365	5.8022	7.4809	7.5477	7.3947	6.1203	8.0365	8.0175	9.2056	7.8975	7.689	7.0305	5.8761	6.9252	9.2504	7.682	6.5519	6.2562	5.9222	6.8654	6.9891	8.1257	6.2789	6.354	7.9922	5.5266	8.5007	6.6541	9.1564	8.1064	10.4203	6.019	7.2478	5.7838	6.2581	5.9094	6.1356
U133A__RDX	6.2849	7.0989	5.5424	5.2777	9.8431	4.669	7.4389	6.885	8.2381	4.714	7.2261	8.2444	7.3477	6.6441	3.4463	7.49	6.8925	7.3649	7.5288	7.2916	8.6552	8.7689	3.9994	7.5706	6.3754	7.8273	6.2957	6.3962	7.169	5.5619	7.8498	7.7306	7.8101	7.7876	6.3776	7.0507	7.4451	8.1581	6.8784	6.3951	7.3748
U133A__AKR1C1	7.1431	7.4936	6.9009	6.8428	6.9592	6.8648	6.7743	8.8214	9.5937	6.993	6.9124	13.1661	9.4036	9.5204	6.7216	6.7947	9.3672	10.5533	8.2823	10.5717	6.8776	7.8026	10.3287	9.2501	8.2671	6.5743	7.7902	8.1125	8.2878	7.0886	9.1558	6.9583	7.1779	9.1273	9.812	7.2018	7.2829	6.5776	6.7722	6.86	6.5749
U133A__PIP4K2B	7.8862	6.6107	9.8599	7.7197	7.1591	7.569	7.0386	7.1207	7.5916	6.9668	7.0594	6.8351	6.7596	6.8871	8.6439	7.1826	7.0901	7.5117	6.7227	6.8105	7.3119	7.0962	7.674	7.3301	7.2063	6.9886	7.9518	7.133	6.9848	7.2262	6.6757	6.8396	7.4959	7.2147	6.9198	7.0625	7.5086	10.0377	7.1649	10.0354	7.4004
U133A__SARS	7.7374	8.322	8.1394	8.1342	9.4981	9.6965	8.0424	7.7344	7.4681	8.0177	8.2959	8.6775	8.9196	8.2049	8.4746	7.1093	8.7586	9.6745	9.0718	8.3933	8.447	8.5561	8.4441	8.8517	7.1754	9.7475	7.8395	8.1705	8.2515	8.5303	9.4187	8.3585	9.224	8.4421	9.1614	8.9271	7.9232	7.8378	7.7401	8.5452	8.0215
U133A__MX1	5.169	5.218	5.3392	9.9996	4.9648	5.2677	7.1228	6.5151	10.8094	6.4112	9.3075	8.201	9.9742	4.962	9.3696	5.5006	4.6808	6.6207	10.6462	5.0134	5.263	5.4207	5.1268	9.1036	6.7501	5.3544	5.0938	6.0666	5.3071	5.1819	11.1981	5.2037	5.1836	4.788	5.0194	5.681	6.0899	5.7911	4.8871	5.0261	5.0026
U133A__HLA-B	8.2861	6.5287	8.4347	9.7896	8.1642	8.915	10.3122	9.9839	12.112	8.8869	10.6615	9.8035	11.5088	10.0633	10.1819	6.3218	9.5062	10.8249	12.3107	8.5989	6.9006	8.3908	9.4948	11.9091	8.045	8.1669	9.2382	9.8055	8.963	7.5816	11.9884	6.226	9.7036	9.7905	9.8309	8.6981	10.2594	9.7333	7.8149	9.2861	7.1263
U133A__GRB10	4.7959	5.4919	8.5374	8.2707	5.3595	7.4569	4.8131	5.402	10.2075	6.5732	6.3604	4.9465	4.8583	6.6414	6.6836	6.2955	4.6338	6.1154	7.6347	7.8401	5.8101	5.4498	9.6632	7.1144	5.4158	6.6734	6.0157	7.1687	8.0491	5.4992	6.6179	4.9824	5.3711	7.763	6.053	5.8099	6.8667	7.2711	4.8448	7.2124	6.1565
U133A__SQLE	4.6168	4.8927	6.8869	5.4736	6.0938	5.7546	5.5038	5.7628	5.3462	7.445	7.1082	5.9528	5.9324	6.0501	6.1707	8.6598	6.0786	4.967	7.0212	6.4167	5.7956	7.6022	6.6369	5.7665	6.1527	4.5071	4.947	6.3689	6.5982	5.9702	5.6214	6.331	6.4119	5.8236	5.8157	6.6624	5.4748	7.4374	4.6577	7.6653	6.0556
U133A__GALNT10	8.2647	7.9191	6.9329	6.6821	8.639	8.3112	5.4449	5.0571	5.4424	5.1607	5.298	5.2261	6.4532	5.7329	7.4836	7.0813	4.7936	5.2472	4.467	7.0214	6.9092	5.8909	5.3446	6.1383	7.1371	7.5999	7.4186	8.3062	5.1227	8.2684	6.981	7.9693	5.7581	6.7273	7.2914	8.785	7.2691	7.6856	7.1087	7.8037	6.9219
U133A__PHYH	6.4054	3.9401	5.7494	5.8753	6.3413	6.5331	5.3233	7.3084	5.9319	6.3361	7.0474	5.2042	7.1477	6.3933	6.7669	6.5928	7.047	7.8093	8.045	5.0085	5.1134	5.7047	6.6815	8.348	7.1058	5.4477	6.3779	5.1559	6.8872	4.5231	5.614	4.0698	8.1582	6.2158	7.1574	5.654	7.3429	7.4979	6.3222	4.8024	6.6848
U133A__VIM	5.8226	4.9592	7.7481	5.6063	11.6511	5.8908	11.3859	11.3821	8.7797	5.3502	10.7222	4.9413	5.8206	9.4913	6.0127	5.6946	10.5693	11.5151	8.134	12.5403	5.7703	5.8608	8.4895	12.7467	6.4138	11.4408	5.516	5.4939	11.4129	5.091	6.8737	5.6462	12.9893	12.4633	5.4996	5.4907	5.7024	7.8423	5.528	5.8379	5.1392
U133A__FADS2	5.0818	5.4816	9.6465	5.6504	8.0394	6.7684	6.545	6.6788	9.8575	5.5179	6.906	6.5907	5.6059	5.1901	9.2965	5.744	5.9413	6.749	8.3327	5.5382	5.4518	6.5012	8.1996	5.9069	7.7532	6.8656	6.9474	8.2342	7.0053	5.3166	5.0153	5.3886	6.9133	4.4817	6.0448	7.0889	5.6521	6.3014	5.7343	7.8532	8.0881
U133A__RARRES1	3.8994	3.9165	5.0216	4.0122	4.0492	6.0037	3.6791	5.7348	7.3442	3.9305	6.7637	3.5562	11.4641	10.2571	4.0842	10.121	9.7524	9.0356	11.2702	3.9403	3.9169	3.788	3.8084	4.0365	8.6432	4.0386	4.0105	6.6888	6.7922	4.6732	10.8572	4.3522	3.9816	4.32	4.108	3.7814	4.0176	9.1176	4.1339	4.0754	3.9863
U133A__APLP1	5.9239	6.0323	6.3232	7.1954	7.5674	7.477	6.092	6.1841	5.5497	6.8797	6.7528	5.5557	6.2126	5.5598	6.7318	5.6878	6.7825	6.5167	5.6062	6.4302	6.3758	6.1313	9.2831	7.863	7.4449	5.9249	6.3563	6.1149	6.4397	6.3308	6.1649	6.1297	6.7158	5.3313	5.4788	6.9901	6.4699	7.1559	5.8826	5.987	6.6871
U133A__CTSL2	6.6891	6.6544	6.1776	5.8575	7.9594	6.6191	7.1295	10.2184	5.7305	6.0333	7.4727	7.4576	7.8409	7.0974	6.5739	6.0122	8.0945	7.7367	8.1816	5.7412	7.1939	6.6615	6.6808	8.3407	7.0612	5.8619	6.3803	7.5018	7.1926	5.5789	6.3476	6.5624	6.5317	5.7468	7.4294	5.8074	7.2087	6.9109	6.678	6.5078	7.0021
U133A__ANXA3	5.8235	5.5164	6.4784	5.2551	3.7423	2.8886	5.3534	7.7672	4.9284	3.7994	4.9793	5.4612	6.6394	7.7175	5.294	7.9447	8.5263	4.939	7.8239	4.1434	4.0707	5.0882	3.0827	3.6072	4.9618	7.2077	5.4258	6.3865	6.3188	3.2983	7.8231	4.9883	3.8153	4.6984	6.6092	2.9341	3.7641	5.3431	4.7554	4.3434	4.7782
U133A__C3orf14	9.0139	8.6727	9.212	9.6473	8.5361	9.2088	8.5679	4.2159	7.5311	8.7627	7.2165	6.6989	8.1664	4.05	7.5685	8.792	7.421	6.3008	7.4875	8.1547	10.6072	10.2344	10.5387	6.6381	8.2917	8.2452	9.1404	7.4683	8.1771	9.4658	7.8091	8.9235	7.4175	8.4651	7.2508	9.1302	7.7943	9.0827	9.2989	9.1968	8.6747
U133A__IFI35	5.4977	6.6211	5.9007	8.0682	6.7676	7.0366	7.7739	6.3878	6.7278	6.8486	7.4278	6.9672	8.0101	6.8443	7.6942	5.418	6.0747	7.3015	7.4774	7.0745	5.9294	6.2196	6.5578	8.5606	5.4165	7.0996	6.7662	6.195	7.0669	5.2079	8.0044	5.7756	8.126	6.6562	5.3685	5.7674	7.0133	6.0084	5.5399	5.9985	5.1334
U133A__IFITM3	8.4091	10.0146	6.7167	8.3572	10.6016	9.229	11.0742	11.5006	11.4092	5.8711	11.2889	9.9326	10.9547	11.2264	6.4969	10.0473	10.7809	9.3056	11.5373	10.4908	8.4582	9.9587	8.9131	11.2401	10.3228	10.0301	8.0254	9.296	10.6385	7.2387	11.4509	8.8782	8.5192	10.8664	5.7721	5.3276	7.5005	10.6263	6.3289	7.6122	7.5159
U133A__CX3CL1	5.1792	7.6425	7.1501	5.3846	4.4939	4.8967	4.5963	6.9372	6.8788	6.223	5.5573	4.6235	5.6115	5.7214	6.2905	8.0736	5.568	6.0087	8.0273	4.9628	5.0352	4.9562	5.2278	5.0901	7.4116	4.7459	4.917	5.7636	4.8201	4.6433	7.122	6.4664	4.8297	5.1102	4.8107	4.9193	4.7497	4.6462	4.864	7.4182	4.668
U133A__SLC7A8	7.3048	5.798	5.7615	6.6861	5.8899	8.455	6.2112	6.1601	5.8675	8.0313	5.7669	7.8747	5.7383	5.8996	8.6595	6.5492	5.7296	6.3784	5.5527	5.9301	5.7221	6.1378	7.958	5.7353	7.7026	5.7737	8.1897	5.8861	5.6703	8.0638	5.4027	6.3444	6.1507	5.8904	5.5125	6.3478	5.8013	8.7776	6.0993	6.5594	5.5508
U133A__MED1	6.789	9.401	9.8321	6.7544	6.543	6.5188	6.7874	6.1616	6.714	5.4657	6.4849	6.584	6.2933	5.5168	7.637	6.165	6.7157	6.7015	6.6643	5.9833	5.9938	6.0596	6.5369	6.341	6.0538	7.4592	7.1028	5.6961	5.8657	6.8213	6.172	9.7185	6.1455	6.5327	5.9984	6.2636	7.0154	8.3873	6.1249	5.1839	6.4994
U133A__GSTM3	8.5295	9.9259	9.4319	6.9494	8.1387	11.2723	6.2032	7.3368	5.4105	9.6692	8.0063	8.8447	9.2218	7.8898	11.0805	6.2024	9.0328	10.1601	8.6205	6.615	8.9141	10.139	11.697	9.2361	9.8598	8.5632	10.802	10.9899	8.3745	4.8628	7.7266	10.3404	9.0037	5.2365	5.819	11.8676	11.191	6.6298	5.4191	10.1682	4.9216
U133A__PMP22	5.2565	4.7053	5.1319	5.4801	8.5525	5.7927	6.8597	10.0992	5.4421	5.429	9.3067	5.4072	5.1737	5.345	5.2663	5.9816	6.3296	6.8562	5.0425	8.2183	6.5357	9.0143	7.1606	8.7543	9.7452	8.7851	6.3452	8.5414	7.0211	4.8371	5.5181	5.3986	8.7837	7.9716	4.706	5.7261	4.7756	6.5781	5.5308	7.1613	5.6785
