Cell lines	600MPE	AU565	BT20	BT474	BT483	BT549	CAMA1	HCC1143	HCC1187	HCC1428	HCC1569	HCC1806	HCC1937	HCC1954	HCC2185	HCC3153	HCC38	HCC70	HS578T	LY2	MCF7	MDAMB134VI	MDAMB157	MDAMB175VII	MDAMB231	MDAMB361	MDAMB415	MDAMB453	SKBR3	SUM1315MO2	SUM149PT	SUM159PT	SUM185PE	SUM225CWN	SUM52PE	T47D	UACC812	ZR751	ZR75B
Response	-1	-1	1	1	1	1	-1	-1	1	1	-1	-1	-1	-1	1	-1	1	-1	1	-1	-1	-1	-1	-1	-1	-1	1	-1	-1	-1	1	1	1	-1	1	-1	-1	-1	1
U133A__AZGP1	11.0784	9.5652	4.1337	4.3722	5.3773	3.828	4.9144	9.7205	4.6557	3.8861	7.4406	3.8669	7.7823	6.7995	6.6826	8.834	3.7841	10.0723	4.0968	4.4819	3.7957	3.9856	3.0804	7.5474	4.0232	6.4078	9.4461	9.2802	5.7217	4.0741	3.8247	3.7598	4.1752	9.6783	4.0009	5.3704	7.4854	8.8218	4.9162
U133A__ATP1B1	9.9985	10.6555	8.987	9.0894	9.4873	7.953	10.5124	10.7765	9.4161	5.5723	7.0005	8.0635	9.8683	9.024	8.4916	8.8909	8.4836	11.1555	5.7904	10.2571	8.5593	9.4818	4.4435	10.2751	9.3408	9.7824	9.7554	9.9854	9.7093	7.8881	8.672	7.3406	8.7469	10.6697	8.8248	8.5279	8.5607	9.3935	8.2913
U133A__CRISPLD2	5.923	7.4687	6.8837	7.2715	6.6231	8.8524	5.9012	6.0864	9.8636	6.5173	6.1973	6.2995	8.7598	6.864	7.1847	6.9195	8.9948	7.1804	7.4314	5.9925	6.5184	5.8596	7.0327	6.0859	6.0414	7.68	6.3421	6.3528	6.2556	5.9922	6.2245	6.4427	7.297	6.2122	6.1095	6.9753	6.1861	6.4316	6.7485
U133A__STOM	7.7838	8.9261	5.4564	6.916	7.5327	4.8606	9.9254	9.4798	6.7455	7.7202	9.0529	6.1403	7.1383	7.9996	7.4408	8.6914	6.8886	9.0713	6.4311	6.8483	7.4588	7.2538	6.8314	7.2943	7.4013	7.2572	7.3641	9.9082	7.4541	7.9452	4.54	5.612	5.37	8.2211	9.3588	7.3507	7.4336	8.2886	8.6891
U133A__HPCAL1	5.578	5.9845	7.8283	6.8938	5.68	6.2353	6.2788	5.0138	6.6114	7.5659	5.1776	5.7204	6.5238	7.2026	6.7662	5.615	5.6009	6.7248	7.1728	6.3002	6.1858	6.2615	7.3554	5.8117	6.8879	7.152	6.1281	5.5699	5.8186	6.4995	8.5889	8.5868	6.3343	6.1302	6.5193	5.2869	5.4867	6.0023	6.3035
U133A__DECR1	6.66	9.0064	4.9993	7.3199	6.8777	7.0909	7.5545	7.8356	5.9952	7.8875	7.8221	5.3596	7.6481	6.4086	7.8985	7.6777	8.2614	7.4609	6.9361	6.6044	7.7078	7.3777	7.9482	8.3211	7.3017	6.9448	6.9046	7.1159	9.7578	7.3422	5.6397	6.2275	3.9487	8.2313	3.9781	7.355	7.5332	6.7474	6.8056
U133A__FXYD3	11.5397	11.0245	8.0183	10.1672	10.0777	5.6784	10.1874	10.7614	6.2523	10.0586	7.166	10.7566	11.6944	10.7079	9.3959	11.2081	6.987	11.426	6.3006	7.5367	10.2466	10.2571	5.9241	11.9506	6.3403	11.0188	11.5663	10.5882	10.2691	6.2193	8.8516	6.3659	10.3356	11.292	11.1506	8.8209	11.6832	10.5311	10.7219
U133A__DENND2D	7.4958	7.4556	4.9648	5.7265	8.5326	4.6513	8.6196	5.5103	5.2798	7.1097	6.1298	6.2403	6.9926	5.5069	4.5585	4.9996	6.5644	7.7754	5.2324	7.2123	6.653	7.6433	4.7386	6.6939	5.02	7.1371	7.3444	6.518	7.5157	5.1945	4.5415	4.1664	5.338	7.6249	7.0955	6.6906	6.9624	6.7653	6.5483
U133A__NETO2	4.1866	5.2203	8.556	5.5229	7.0904	8.3314	3.6251	4.9915	7.0426	7.6731	6.7208	7.6539	7.7076	8.3348	6.592	6.4802	7.0906	8.0553	7.0052	6.605	6.4807	8.0547	5.8595	3.8496	4.3	7.2842	7.0955	8.1756	5.1442	7.8191	7.5577	8.059	8.5558	7.8592	7.8868	4.4382	6.024	6.2995	7.593
U133A__DDHD2	5.7329	5.1869	5.7385	6.3218	7.5291	7.3764	7.6679	5.7755	7.0075	6.4243	6.4252	6.0938	5.7536	5.0022	5.3877	4.7849	8.2977	5.5132	5.3983	4.8431	5.0398	9.4371	6.2164	4.9926	5.8959	7.1894	5.1896	5.0304	5.7845	5.3218	6.174	6.0806	6.4773	5.8549	8.5294	5.6816	7.1608	6.7111	8.0634
U133A__MFAP2	6.1012	6.6076	6.4087	5.9402	7.111	7.5045	5.7163	6.9391	8.4452	7.7932	6.2262	8.1355	7.0665	6.1253	6.7741	5.872	7.9716	6.0081	8.2035	5.8531	6.5901	7.7756	6.9779	6.299	6.5138	6.3103	6.1716	6.4924	6.7567	7.848	8.0483	6.2524	9.4332	5.8981	6.033	6.5117	6.0933	6.4525	6.9361
U133A__FAM46A	5.9224	7.9312	6.9012	6.4989	6.5939	10.377	6.3097	7.2304	7.6133	5.9835	7.5642	6.5371	6.9581	7.4695	6.0447	7.5333	7.0531	7.658	7.6747	7.1067	7.8607	9.2415	8.8317	7.2835	6.583	7.8299	6.9538	7.1539	6.7306	7.5647	6.494	6.2832	6.2753	7.3458	5.9477	6.1602	7.6666	7.0118	6.554
U133A__ASNS	5.7555	6.9915	8.9025	8.6184	7.1894	8.7816	8.0217	7.2217	8.7944	7.2405	7.4364	8.23	7.3351	6.7055	7.0562	7.619	7.5599	9.0102	8.0987	7.5216	7.197	7.7174	7.4411	6.7424	9.2835	6.6397	8.0286	6.3197	7.3892	8.7993	8.3637	7.3568	10.555	9.2583	11.7898	6.9057	7.4767	6.5745	7.3136
U133A__GPX3	8.1363	9.0183	5.2304	5.5135	5.2597	4.9768	5.1272	5.336	5.1537	5.6824	5.2059	10.7091	9.8148	5.1904	5.1354	4.915	8.2448	5.1519	5.5082	6.7269	8.0376	7.1621	6.4045	5.4796	7.354	7.9306	6.3995	5.279	6.6626	5.822	5.4196	5.2433	5.3233	8.3076	5.3369	8.1058	8.2524	5.1073	5.1281
U133A__SDF2	8.2388	7.8829	7.5004	7.8306	7.8227	7.654	7.6603	7.7701	7.4071	6.8821	7.8707	7.3082	7.6121	8.0018	7.3506	7.6774	8.1304	7.2951	7.6302	7.522	7.5795	7.8303	7.9851	7.4936	7.8295	7.9517	7.635	7.3677	8.152	7.4198	7.2358	7.2845	7.5697	8.1691	7.5493	8.2573	8.6775	7.5268	7.6639
U133A__SEC23A	5.6536	6.4033	6.0959	6.3551	5.6767	7.5831	5.0365	5.6319	6.0224	3.7853	4.5046	6.0269	5.8319	6.0896	7.3692	7.0419	7.823	6.2331	6.2394	6.075	6.6442	5.7261	6.617	6.0018	8.0254	4.5341	5.9943	5.3945	5.3527	6.4626	6.0872	6.8353	7.8656	5.2568	6.3942	5.4397	7.0233	4.3727	6.6133
U133A__IMPA2	8.7531	7.3139	7.0569	8.4529	5.4562	5.1665	6.023	8.6778	7.5464	6.8012	7.8668	7.343	8.3973	7.1983	6.5774	8.1387	7.6265	8.1532	4.5312	7.3864	6.8415	6.571	8.0562	6.4168	6.1764	7.4842	5.5594	6.2553	6.4363	8.9052	7.2363	6.417	5.4249	8.3917	6.665	6.5036	7.2796	7.0634	7.835
U133A__IFRD1	5.4877	4.9609	6.223	6.1315	5.37	6.6057	4.5862	4.8029	8.1135	5.2789	8.2698	5.9761	6.4008	5.8931	6.959	7.5063	6.305	7.2214	6.5547	7.5278	5.16	4.7386	6.84	4.7622	6.307	4.2376	5.1419	4.3653	5.7774	5.6285	7.0969	5.726	8.0212	6.0891	6.9652	3.9585	4.1403	5.2741	5.3617
U133A__LOXL1	7.6117	4.1966	5.1158	4.3121	5.5348	8.338	5.7862	4.933	8.9195	5.1848	5.3431	3.9845	4.0034	4.3856	4.1953	4.8002	6.8359	4.9628	9.1502	5.6646	8.9368	6.588	8.3756	3.6902	5.6773	6.3196	7.3211	4.5602	4.2818	9.7542	8.8104	6.6159	5.6259	3.9347	8.3171	4.6056	5.1326	5.3135	5.2119
U133A__SLC39A14	6.6658	6.3508	8.5567	5.7462	6.1677	9.7025	6.6078	6.3584	10.0436	5.8834	7.972	7.7405	6.3612	6.229	6.6312	7.0261	7.3375	6.1078	8.8219	6.2226	6.0328	6.4296	7.3106	6.5998	7.9923	5.6425	6.5311	5.5457	6.6012	10.1244	7.5401	8.3297	7.8884	5.1832	6.6665	6.7652	7.3475	5.9987	8.1011
U133A__CDK14	8.6483	5.1017	5.5914	6.7216	6.7512	4.9859	5.9636	6.0433	7.151	5.5382	5.5826	6.0146	6.2902	5.8351	5.5811	6.4406	6.7865	5.4488	6.9009	5.2891	5.3301	6.5698	5.5064	5.8304	6.4005	5.6448	6.3828	5.0626	5.0038	5.8604	7.3179	6.1089	6.4645	7.2559	8.4385	5.6363	6.2927	5.5939	5.8693
U133A__EIF4EBP1	7.9985	7.814	9.3199	8.056	9.9591	10.0741	9.4622	7.6208	7.7225	8.5358	9.1045	8.2318	7.6555	7.9632	8.3943	8.1152	8.9644	8.1909	9.1244	7.9051	8.1133	10.8575	9.238	7.6932	8.7352	8.9594	8.0511	8.7799	8.0964	8.4184	8.8576	8.9189	9.8338	8.9039	11.8092	8.4097	8.623	9.4205	8.7757
U133A__SLC43A3	8.4498	6.0402	5.8992	6.212	6.1253	6.9124	6.1527	7.4181	7.4411	6.0274	7.9581	7.8423	8.1366	6.946	5.7151	8.4918	7.4582	7.9368	5.8347	6.1997	5.9817	6.1113	7.6993	6.2875	8.9615	6.1498	5.9736	8.3214	6.166	7.6939	10.4636	6.3855	6.2893	7.9302	6.2692	6.843	6.1697	5.9313	5.7173
U133A__MARCKS	4.0846	7.9558	9.3462	9.0052	6.1751	9.3931	3.1121	7.562	9.3508	6.1638	7.7138	7.8514	8.6914	8.1749	9.5401	8.7765	9.5328	9.2564	9.3228	3.4705	6.1732	9.3868	9.2405	7.1593	8.4118	8.1083	8.134	7.7284	7.2272	7.9364	6.5351	7.3555	8.9721	8.9906	8.8831	2.8129	7.525	5.898	6.8807
U133A__AQP3	6.9417	9.9287	5.2828	3.8137	3.5973	3.5918	5.1623	6.214	4.2718	3.5187	3.6389	6.1709	9.5345	5.0948	5.3084	9.2208	4.8822	3.9124	3.7876	9.5323	6.4128	3.3584	3.941	4.0983	4.1786	4.6432	4.8068	4.4401	7.8977	3.4774	3.844	3.6942	8.563	7.4664	3.7812	3.6757	3.3325	7.4606	3.5666
U133A__ALDOC	6.5777	8.3205	6.2278	6.6705	8.4622	5.9173	6.748	8.3786	7.6054	6.2571	8.268	6.8246	5.9627	7.5516	6.3166	7.6059	5.9395	5.9531	6.084	7.2912	7.7475	7.8802	5.3038	6.7481	7.1603	6.11	6.5345	6.1454	8.8374	6.2906	6.7714	6.409	6.929	8.0066	6.3134	7.7955	11.3442	6.2557	6.2591
U133A__TUBB2A	6.2823	6.2694	6.4759	8.2123	7.7176	9.9627	8.8813	5.6803	9.2026	6.4986	7.3227	9.463	7.6821	7.3947	8.9698	8.7629	9.0162	7.6128	9.0731	5.9566	6.297	9.7882	10.051	7.8633	8.7748	8.7845	9.0565	4.761	6.235	7.9656	8.6791	8.5396	7.6596	7.2856	6.409	6.0207	8.3106	7.8256	8.6647
U133A__CXCR7	3.4505	3.4369	3.5229	6.5177	8.9687	6.7031	3.6681	3.4011	3.3612	7.9158	3.7108	7.6545	3.5148	3.6332	4.1429	3.4287	3.4867	3.3762	3.7256	7.157	7.6049	4.9871	5.3976	7.5315	3.3214	6.8548	3.5821	3.4802	3.4042	3.5035	3.4851	3.8524	8.5317	3.357	3.9559	3.1811	3.3253	3.6344	3.5391
U133A__EPHX1	9.2984	9.4723	9.1923	8.1169	8.3973	7.1109	8.2915	7.4411	8.7598	8.4953	9.9386	8.5795	9.9609	8.4863	7.8213	8.9538	9.4613	8.7891	7.3381	7.0555	7.8906	8.3233	9.6453	8.6387	6.3209	8.6889	7.9022	8.9822	9.2182	9.6237	8.4249	7.4054	8.0834	11.2866	9.5756	8.2271	7.9728	8.159	7.221
U133A__GJA1	2.8251	2.8586	2.9544	2.9839	5.4689	10.2343	2.855	3.0983	2.6954	8.3065	2.8297	7.2101	2.6602	2.7479	2.9591	2.7973	7.2452	2.8227	7.4182	3.0721	3.2832	4.9732	7.1043	2.9603	7.1958	2.8845	2.8895	2.7177	2.747	10.3929	2.8106	7.9029	2.7828	2.8426	2.8623	3.074	2.8055	2.7005	9.3974
U133A__TP53	4.3446	6.3107	8.1243	7.4421	6.5696	8.6777	6.3807	7.8645	8.1778	7.3335	4.3921	5.3349	4.237	6.7492	8.2247	4.5802	7.4288	7.206	6.2844	7.4501	7.6644	5.9844	4.433	5.6942	7.6558	4.8471	6.8662	4.1163	6.6233	7.125	7.8165	5.286	4.3986	7.1119	4.3491	6.9765	5.6747	5.0216	6.2393
U133A__ST6GAL1	7.5625	9.8373	5.9929	7.2917	6.8911	6.3983	6.7522	7.7139	5.9982	5.8661	7.5149	5.8916	7.7151	6.8804	6.8176	7.8557	6.364	7.6605	6.3006	6.222	5.8044	6.1597	6.2987	6.9109	5.5093	6.5635	6.4116	6.4165	8.3816	5.6415	7.1015	6.4914	6.7798	8.834	7.2075	7.4894	8.8512	9.4175	5.8663
U133A__KYNU	3.1107	7.5015	4.3378	3.7016	3.7004	4.199	6.8799	3.3451	3.3778	5.2812	5.0897	9.7837	6.6414	8.1632	5.8705	8.3008	4.2979	3.6763	3.9397	9.3041	9.2168	3.205	6.7245	6.0479	5.4828	6.253	3.5387	3.4423	4.7613	3.2793	9.6851	5.4603	3.4978	7.9465	4.0878	8.121	5.0006	5.7334	3.5004
U133A__SFRS6	5.1027	6.4503	5.5985	6.1503	8.7222	8.5327	6.3893	6.1256	5.2021	6.5156	5.1361	4.9718	5.3161	5.411	6.7121	5.1546	7.6094	5.018	8.5848	5.8865	5.7259	7.5059	7.9648	6.813	7.1058	8.5154	5.9907	6.083	5.5542	8.1771	5.4189	6.0867	5.3898	5.2692	6.619	5.7387	5.2859	5.8011	6.6038
U133A__GRB7	8.3996	10.2608	7.1275	10.6507	7.1976	6.3286	7.053	8.3948	6.9301	7.1531	9.4888	6.7622	7.2019	11.2984	7.5151	8.0687	6.7119	7.5479	6.7995	6.1629	7.5126	6.6554	6.355	7.4331	6.1061	8.6563	6.8747	7.812	9.662	6.2945	6.9855	6.7471	7.4331	12.4555	7.0393	7.1024	10.4791	7.1442	6.9964
U133A__GSTM3	8.5295	9.9259	4.9703	9.4319	6.9494	8.1387	11.2723	7.3368	5.4105	9.6692	8.0063	8.8447	9.2218	7.8898	6.2024	9.0328	10.1601	8.6205	6.615	8.9141	10.139	11.697	9.2361	9.8598	8.5632	10.802	10.9899	4.8628	10.3404	9.0037	7.5544	5.2365	5.819	10.9552	11.8676	11.191	6.6298	5.4191	4.9216
U133A__ASH2L	7.6539	7.106	8.131	7.6494	10.8951	8.5314	9.22	7.5736	8.1569	8.175	8.2125	7.7153	7.5994	7.691	8.0986	7.5654	8.62	7.1897	8.0532	7.6117	7.6926	11.06	8.0895	7.7328	7.9855	8.1322	7.3696	8.1864	7.1923	7.7714	7.6423	7.6905	7.7051	7.6894	9.0066	7.6147	7.9134	8.7789	8.7874
U133A__LGALS3BP	8.6461	10.7587	8.1865	6.8374	8.7665	5.5015	5.9501	6.8983	9.4753	6.0083	8.5182	9.7275	9.2218	9.6623	6.1882	8.7212	6.2656	8.7227	7.8311	6.3716	8.3363	9.0032	8.0311	9.2918	8.1662	9.1628	8.5284	5.3794	10.3399	6.2185	6.111	8.9061	8.3914	9.4645	6.7879	6.6375	7.1967	6.2108	5.9943
U133A__IFI6	4.9866	6.1205	5.2706	5.4451	10.1621	5.5759	5.5314	7.4325	7.2127	6.6375	9.9393	6.0926	8.479	8.4356	5.4425	5.726	6.5632	8.5826	6.9663	5.9167	7.0966	7.5224	9.0873	6.7666	5.8968	6.2391	6.5746	5.8892	5.4492	6.297	5.3162	5.104	5.1714	8.6501	5.6316	5.4146	6.5746	5.244	4.6725
U133A__ERBB2	9.3202	12.1579	7.8098	12.0098	9.58	7.0802	8.4009	8.7493	7.9295	7.6523	11.8139	7.294	7.8108	11.5446	9.3757	8.9136	8.1445	7.98	6.6782	7.0358	8.5128	6.8815	7.0918	9.2857	6.6117	11.035	7.8448	10.215	11.611	6.9193	6.6093	7.3643	8.4025	13.0449	7.652	8.3078	12.1946	9.1095	8.3688
U133A__MYH10	7.7391	7.0683	8.5681	7.7365	8.0332	9.7416	5.8115	6.4076	8.7884	6.8916	7.9537	8.356	7.6228	7.1923	7.5968	7.6521	8.4861	6.6804	8.1849	7.1557	7.4958	6.7144	8.8112	6.7401	7.0599	7.7911	5.3969	6.3497	6.0481	7.4316	8.043	6.0291	7.5215	6.3579	6.4442	7.2604	8.1056	6.0016	7.2706
U133A__SEC14L1	7.8154	6.8402	7.8029	6.4113	7.4453	7.3714	8.3427	7.449	7.0855	7.4733	7.4862	7.3839	6.6201	7.1684	6.6114	8.1006	8.7309	7.7489	7.5481	7.7756	7.5927	7.3336	8.9182	7.262	8.3859	9.6681	6.8164	6.89	7.5387	9.793	6.5249	8.5994	6.9465	8.2458	6.6227	7.0939	9.1564	7.4559	7.6345
U133A__KIAA0100	8.8681	9.2054	7.9417	8.8628	8.6047	7.4282	8.9246	7.7525	7.5068	7.9503	8.0312	8.2047	7.8415	8.2902	8.4022	8.2701	7.8823	7.6288	7.6848	8.8026	8.3881	7.8276	7.2512	8.327	8.6738	9.0547	7.8274	8.4813	9.7569	7.9615	8.3141	8.6067	7.8017	8.8547	8.3358	9.2605	10.2621	8.2115	8.5997
U133A__SLC22A18	7.9216	9.8466	8.2002	6.9283	7.348	6.2391	7.5694	7.2846	6.1165	7.0052	7.1159	6.0673	7.2986	7.5464	7.0656	6.8706	7.6326	7.6014	6.6027	7.2144	7.285	8.8137	8.6316	8.4775	6.4509	7.087	8.9262	8.4863	8.4106	6.5985	7.3737	6.3947	6.8661	8.755	6.9685	7.2273	7.5805	7.9351	8.1929
U133A__CHN1	6.5311	5.9812	6.3268	6.8807	6.9491	7.0345	7.4646	6.5837	6.6716	7.5815	6.5206	5.833	5.8687	6.1969	5.689	6.1582	8.0957	6.6152	6.58	7.1704	6.9188	6.3722	9.1868	6.0755	7.0938	6.8787	6.7295	6.1745	6.2256	6.4345	9.1519	8.3679	5.7574	6.0428	6.5288	6.2308	5.9554	7.3065	7.0723
U133A__CAT	9.2728	8.6882	8.9651	8.6094	8.1768	7.6458	7.9778	7.1926	8.5442	9.183	8.3309	11.1759	8.5523	9.9741	8.1137	9.9591	7.7908	8.3007	7.9061	7.4298	7.812	9.1065	7.2563	8.7414	8.3873	9.0302	7.4691	8.3149	8.1271	8.2005	8.7364	8.0446	6.1542	10.075	8.6121	9.4779	9.0364	7.6033	7.5928
U133A__CTSH	7.7912	7.8723	8.9284	7.1516	7.8606	7.6416	5.9081	8.2239	6.6067	7.394	8.0708	7.8029	9.1521	8.9282	7.4304	8.2436	7.9671	9.1895	6.2436	7.3984	9.0816	6.3329	6.9505	8.1891	6.9421	6.8663	7.6441	6.3931	7.6669	7.427	8.1701	6.6331	5.5263	8.3996	7.2394	7.1167	9.3313	7.7488	7.101
U133A__GCHFR	7.0875	7.7336	7.3299	7.4086	6.3534	5.9174	7.0334	6.0695	5.6255	6.5892	6.057	5.9386	5.6697	6.4225	7.2153	6.4454	5.5521	9.3148	5.7151	6.6593	6.6104	6.846	5.6439	8.0588	4.8651	7.7018	7.5975	8.9348	8.3753	6.5251	6.4883	5.3529	6.5813	7.5842	5.7935	6.8521	6.8993	8.7278	7.0875
U133A__ATAD2	6.8306	9.7425	6.8257	7.2074	7.7682	7.5005	8.1133	7.5445	7.4831	9.109	7.4683	8.4138	8.6117	9.0584	9.6902	7.8008	7.7841	8.4046	7.5952	7.8972	8.2899	8.0551	7.8695	7.1376	7.9276	7.1281	6.9105	8.5164	9.6147	6.7236	7.8568	7.4166	5.1149	7.7748	6.8203	7.7042	7.4249	6.7952	7.5119
U133A__DKK1	4.4374	5.0117	6.3413	9.4756	4.5936	6.5014	4.5847	3.8903	4.6547	9.8575	5.5531	9.7499	6.6482	8.9757	4.3313	6.5983	7.3948	4.6587	8.431	9.3303	8.505	4.4631	8.7426	6.0065	10.0983	6.1811	9.4083	4.3075	5.0502	5.9542	8.2824	10.4274	5.6311	7.3843	9.043	4.323	4.5639	4.4719	4.6765
U133A__FAR2	6.3903	8.0677	5.6978	6.9496	6.2868	5.9047	5.7329	6.2657	5.466	7.1439	6.4881	6.0924	5.6582	5.9597	7.204	5.8775	6.299	8.1854	7.381	5.6307	5.8298	6.5426	6.0009	6.0981	5.3047	6.5191	7.4616	5.4745	7.7824	5.6838	6.4978	6.3407	8.1011	8.018	7.6185	5.7586	5.2172	8.6558	8.0705
U133A__CDKN1A	8.2831	7.2923	7.3268	7.7668	9.5202	6.794	7.442	8.4726	7.4215	6.9593	8.0665	7.8881	9.2323	8.3044	6.6142	10.089	7.0906	7.2666	8.4832	8.0984	8.6455	9.5528	7.835	8.8575	6.9282	9.465	7.5943	7.1964	7.4332	7.7385	9.0587	7.7207	7.994	8.4722	6.635	8.1709	8.8133	8.4019	9.8192
U133A__EFNB2	5.4764	4.7613	4.9303	7.0119	6.4386	8.6207	7.4791	8.8445	5.5096	6.4622	4.9044	8.2395	7.0896	7.4331	9.9666	5.9393	6.9153	7.5536	5.9236	6.4018	6.9459	6.1413	8.3547	5.5304	5.5961	7.2819	7.5891	7.6132	4.8166	4.7258	8.8053	8.021	8.057	5.2698	4.9264	5.6351	4.1326	4.9242	7.1568
U133A__ZNF217	7.419	7.5835	6.9251	7.8014	8.8077	6.3906	7.2507	6.639	6.8205	7.0884	6.5128	5.7742	6.7022	5.9938	6.8491	6.55	6.4752	7.1567	5.4451	7.5959	8.0458	7.2063	6.4752	8.3299	5.7126	7.3471	6.1379	5.9462	7.1079	5.8327	5.9423	5.1742	6.4352	7.3122	5.7603	6.5379	9.0439	7.9256	7.0191
U133A__CREB3L1	9.9753	6.8952	6.6652	8.2344	7.0169	8.3166	7.2069	6.7265	6.5493	6.8227	6.8608	6.6412	6.3049	6.6823	8.2575	6.5061	7.276	6.2286	7.6721	6.7558	6.778	6.7579	6.6342	8.4046	6.8272	7.7827	8.3634	6.9498	6.8894	7.7342	6.7875	7.8455	10.4804	7.4026	7.2405	6.9607	7.8818	7.7099	6.8147
U133A__F2RL1	5.0596	6.3428	6.4671	3.9371	4.6177	3.3402	5.3026	6.4559	4.9549	3.7885	5.0169	6.9584	6.7467	8.915	5.178	6.0668	4.5773	5.9755	6.7862	5.3338	4.8866	3.7741	7.0288	4.6	8.6755	4.2629	5.4487	3.2747	4.6219	7.6825	6.5574	4.4934	3.7193	6.9195	3.9098	4.5678	5.2637	4.4543	5.6641
U133A__EIF5A	6.1532	10.2322	11.5081	6.6804	8.676	10.141	10.3505	7.0561	6.2771	10.4307	10.9743	9.7164	7.3039	9.2206	10.6954	11.0518	6.7936	10.9733	11.4584	6.2508	7.0806	7.2351	10.9628	6.3987	9.8155	8.213	8.5732	9.7217	9.4725	10.7482	11.3354	10.6383	7.469	5.9167	10.9772	6.6051	6.774	8.3558	9.9089
U133A__APOD	9.7815	7.0284	6.0701	6.285	6.7823	6.0931	6.2108	6.2081	5.8998	6.1683	6.3706	5.6952	6.6942	6.2645	8.9069	6.3223	5.9225	5.7288	6.1374	6.3176	7.3443	6.6797	6.0506	10.0771	6.1221	6.443	10.7247	6.2183	7.7596	6.2803	5.9412	6	5.9374	5.8299	8.0883	8.1551	9.0423	10.6398	5.9344
U133A__GRB10	4.7959	5.4919	6.2638	8.5374	8.2707	5.3595	7.4569	5.402	10.2075	6.5732	6.3604	4.9465	4.8583	6.6414	6.2955	4.6338	6.1154	7.6347	7.8401	5.8101	5.4498	9.6632	7.1144	5.4158	6.6734	6.0157	7.1687	5.4992	4.9824	5.3711	4.4084	7.763	6.053	7.6325	5.8099	6.8667	7.2711	4.8448	6.1565
U133A__PHGDH	7.4108	7.1537	10.3442	8.105	6.4854	8.4641	6.9078	7.2091	9.3914	8.3536	7.7658	8.2451	8.4218	7.6994	7.1137	7.4823	8.446	9.7916	7.6953	7.2645	6.7722	5.8624	7.797	6.6487	6.6278	8.0502	7.8655	7.9675	6.7189	9.1647	8.0666	6.5386	9.6919	9.7963	8.2777	7.7695	7.4865	7.2748	7.6427
U133A__CNN3	6.5662	5.928	7.2837	6.2459	5.2624	7.9772	7.5358	7.333	7.2978	5.852	8.5066	5.2216	8.3566	7.6308	5.711	7.0815	8.6543	9.1609	8.1059	3.6902	3.6053	8.2442	7.3666	6.0036	9.026	7.1398	7.5905	8.7984	6.3226	7.2367	6.9493	5.7464	5.5974	9.1542	7.5337	7.6915	8.1608	6.8602	3.467
U133A__MAFB	4.2939	5.2209	6.2054	6.0526	7.1675	4.5699	8.118	4.4545	6.0147	5.8886	5.9523	4.6033	8.0513	5.6472	5.899	5.4665	8.7595	6.8573	6.4104	4.5053	5.7821	6.9794	6.131	5.4416	4.4014	6.1242	5.0501	8.6345	4.3436	4.4115	6.6507	4.4563	7.0732	7.0174	7.4185	5.1496	5.3409	5.6559	6.4191
U133A__TP53I3	6.4026	6.6763	8.2514	6.3293	5.9343	7.1322	6.819	7.1618	6.3678	6.5144	7.206	6.7321	7.3316	7.6571	5.8259	8.1345	6.9746	6.8374	7.2446	6.7114	7.2028	7.7129	7.0884	6.1951	7.7591	7.3	6.3167	7.4749	6.4755	7.6138	7.5304	7.6483	5.9188	5.8959	6.2309	11.9441	6.5465	6.4171	6.7233
U133A__SHMT2	6.8623	6.8222	7.9185	7.071	7.0055	7.6469	6.4895	7.1328	7.2544	6.7988	6.8016	7.7717	6.9625	7.2352	7.1546	6.8061	6.8646	7.8655	7.2257	6.7149	7.2691	6.8747	7.2939	6.993	8.2976	7.3437	7.2153	7.1317	7.177	6.9664	7.6724	8.1897	10.3165	8.4652	8.1213	7.8199	7.3251	6.8354	7.5223
U133A__PSMD3	8.2836	10.1567	7.0712	10.9679	7.4334	7.0583	7.8847	6.5305	7.5896	7.2693	7.2269	8.5095	7.8073	7.9887	7.5412	7.8983	7.6875	7.627	7.5954	7.4128	7.8714	7.6951	7.6183	7.296	7.7875	7.2688	7.4941	8.1391	9.5126	7.7735	7.5639	8.0665	6.9437	7.5932	7.4112	8.182	10.762	6.9633	8.6239
U133A__GGT1	6.3598	7.8753	6.1146	6.9381	7.2095	5.218	6.6358	5.9838	5.8612	5.8938	6.2897	5.7906	5.633	5.6301	6.5264	5.9789	5.836	5.2491	6.162	5.6221	5.586	7.1572	5.3165	6.8532	5.7474	9.3288	5.4845	6.6688	7.0597	5.7279	5.4076	5.5316	5.1897	6.2766	6.0135	6.5047	6.6745	7.9471	5.6866
U133A__GPRC5C	7.4235	6.1309	5.8727	6.7046	6.796	5.3902	6.9703	5.6507	5.5117	6.314	5.8513	5.5639	5.7202	5.8357	6.4456	5.8599	6.2879	5.6807	6.194	6.4966	6.7739	7.9681	9.0957	7.5182	5.7214	8.3154	6.1173	7.1564	6.0889	5.7109	5.5935	5.16	6.7736	6.437	6.2738	7.4572	7.4876	7.2886	6.3964
U133A__FTL	9.9572	7.7744	11.2056	10.0591	9.0597	10.2013	8.6878	10.819	10.2002	9.6632	9.4582	11.7469	11.211	10.81	10.6899	9.2376	9.8686	11.1678	11.7066	8.6347	9.802	9.7402	10.2633	9.1036	11.4905	9.5794	9.595	8.687	7.3449	12.0038	10.5268	11.4457	11.6906	9.9193	10.7519	8.3996	9.5434	9.0406	8.4759
U133A__SATB1	7.5811	6.46	6.2436	7.915	5.7225	7.0344	6.4978	6.1	5.8269	7.1574	6.5031	6.3052	5.7998	5.4998	7.4283	5.3983	7.152	5.1854	6.1773	5.6476	5.9801	5.4887	5.4686	5.7554	6.2095	6.7748	7.3489	6.0288	6.1325	5.3575	5.6958	5.9003	6.7011	5.4317	5.4964	10.497	5.3939	5.5049	5.2759
U133A__BMI1	5.2627	6.2853	6.8977	5.6401	9.3719	6.6391	6.0857	5.3895	6.8203	7.5417	5.7456	5.0391	5.5369	5.7849	6.4265	5.3789	5.998	6.2942	5.6207	6.3277	6.0755	7.9302	5.5347	5.2115	7.341	7.0147	5.6888	7.2058	5.6715	6.5148	6.4517	5.8622	7.106	6.8552	5.8714	5.5429	7.4405	6.1095	6.7911
U133A__MAP1B	5.2828	4.7448	6.4849	4.9262	4.8618	7.9119	4.5738	6.6054	8.1982	4.5955	5.1547	5.4784	4.3322	4.8752	4.6449	6.1241	8.077	7.8322	9.7287	4.2933	5.1401	5.3466	8.6245	5.0681	8.226	4.7169	4.9647	4.3393	4.5124	7.7301	5.7202	8.3276	10.7187	6.9184	4.8221	4.5797	4.5998	4.8576	4.5338
U133A__TACC3	7.9931	7.225	8.6016	7.6127	7.2142	7.6443	7.982	7.6965	8.6478	7.214	7.2143	7.1982	7.173	8.3961	7.6045	7.0091	7.3873	7.9097	7.7088	7.6992	7.9589	7.9334	7.0625	6.8516	8.1394	7.527	7.3323	7.209	6.9977	7.4363	8.1802	8.5846	11.6511	7.4416	6.3867	7.9388	6.7576	7.2558	8.1604
U133A__ALCAM	8.4595	8.1579	6.8491	8.6235	9.699	11.3957	10.2818	11.083	9.297	8.7161	5.2536	9.3681	4.9052	8.8817	11.0934	8.0901	8.3299	6.1549	10.5841	4.9554	7.7611	7.498	8.725	9.1394	9.0281	10.0631	9.6275	9.3491	7.8245	8.5534	8.2447	8.1907	10.8795	10.1931	7.8574	8.2233	9.1252	10.6201	9.5037
U133A__HMOX1	5.9805	6.3462	7.4205	6.2042	6.0583	9.3758	6.8273	6.6101	6.269	6.5746	7.1662	6.0146	6.2742	5.9549	6.7426	7.6179	6.5557	6.0875	7.9038	5.9175	5.8619	6.4551	6.459	6.0077	6.365	6.3473	6.6004	6.3751	6.243	9.709	5.7164	8.5448	6.5511	6.6615	5.9153	5.9068	5.6787	6.4186	6.8615
U133A__ABLIM1	8.6762	8.9014	5.5503	5.137	7.0127	5.1287	7.6638	6.9115	8.5793	7.4417	6.7201	8.0471	8.5764	7.3477	7.2971	7.9321	6.4772	7.9876	4.3541	5.5293	5.161	7.1559	4.8561	7.9446	7.0666	7.5952	9.4549	7.4208	7.5593	8.0406	6.8577	5.867	7.0137	8.578	8.6624	6.9056	7.7575	9.3072	8.0811
U133A__IMPA1	5.2363	5.5406	5.9502	6.2377	7.4474	7.8499	6.6765	6.7184	6.6645	7.2692	6.5049	7.2301	6.5723	6.7778	6.2072	6.3296	9.1622	7.2514	8.1778	6.2839	5.8652	7.2879	7.6629	5.4641	9.0728	6.6845	5.8907	6.172	5.4364	7.0298	7.1631	7.3519	6.3428	7.4269	7.1394	6.7237	7.0669	6.539	7.6335
U133A__TIMP2	6.9407	8.1437	7.5463	5.9061	6.7268	6.8093	6.4559	7.4862	6.1842	6.645	7.2158	7.4453	6.6229	7.8937	6.1997	7.5739	7.5759	6.5576	6.9703	6.4701	6.6941	6.911	9.6382	6.6629	6.7168	5.6529	6.2677	5.5385	7.5049	8.0501	6.498	6.5791	5.934	6.7798	5.9121	6.6794	7.9524	5.8372	7.0237
U133A__ZNF544	6.9864	6.6867	8.7357	6.9637	7.6542	7.1156	7.4338	7.4326	7.681	7.4451	6.6237	9.6213	8.1072	6.7879	7.0077	6.8549	7.3676	6.9216	7.1203	7.0009	6.9974	7.2612	6.3988	6.4939	7.2039	7.0974	7.1081	6.2996	6.724	7.0081	6.8126	6.8659	7.3366	7.3685	6.3543	6.967	6.629	6.3383	6.9272
U133A__ALDH1A3	6.3501	8.1049	10.7086	5.7829	5.558	5.0371	5.7541	10.4029	6.9131	5.5586	5.9053	9.253	9.3821	11.1356	7.2073	9.6541	7.0172	8.7778	6.3367	7.9258	5.9722	5.3213	6.7306	7.3828	5.8164	5.5605	7.0272	5.6679	7.2823	5.5688	9.2197	5.8794	5.5785	9.9387	4.9809	5.821	6.1372	6.0094	5.9709
U133A__FADS1	5.3104	4.4739	5.6559	8.0702	5.4823	9.0096	5.3236	6.1392	7.5248	5.3496	7.8723	8.1328	5.7481	4.6693	5.6732	4.5489	8.1703	7.1886	7.1482	7.4537	7.4987	6.9271	7.0149	6.0625	7.8986	5.6721	7.4793	5.9334	4.5959	7.3449	8.8393	7.1644	7.0115	8.0054	4.7401	5.7566	6.9044	4.3667	7.3382
U133A__BRD3	8.0335	7.0552	7.9053	8.8741	8.701	8.1861	7.469	8.1703	8.9881	7.7792	6.9922	6.8743	8.1244	6.8308	8.0223	8.4947	8.351	7.6168	6.5313	7.3688	7.6875	7.6713	7.2378	8.1662	7.3083	8.1786	6.8757	7.9636	6.8199	7.1282	7.3145	6.6386	10.3884	7.1802	7.558	7.3309	7.0895	7.6949	7.5907
U133A__LGALS3	10.5437	5.1967	9.2022	9.6117	6.0831	6.4736	10.6334	10.9923	5.693	8.8476	8.3646	7.9691	10.9476	10.8001	12.024	5.7673	10.2078	9.9033	8.7651	11.0085	11.0133	5.2014	10.9874	11.7566	8.7619	10.9523	10.7569	9.6504	5.5985	11.4504	10.2765	8.6932	10.8435	11.6285	6.0519	10.2811	11.7026	10.4785	9.7376
U133A__C5orf13	7.5479	5.1369	4.8195	6.7214	7.2221	10.5831	8.7053	6.8127	10.1445	5.6449	7.1065	5.0964	5.3783	7.077	6.914	5.561	7.2038	5.9763	8.7252	5.4808	5.8234	8.3707	9.2578	5.8943	5.5724	6.9229	7.5753	8.2068	4.9232	7.1556	5.2497	9.5255	9.8606	6.3485	5.4205	6.0864	7.4534	6.3202	6.9258
U133A__GOLGA8A	5.5482	5.624	6.4387	7.8406	6.2792	7.9159	5.1443	6.1268	6.5558	3.9995	6.2642	7.0239	4.5668	5.7512	6.4569	5.5296	6.6093	6.9683	4.5496	4.7798	5.7913	4.5748	6.1873	5.6399	5.1079	4.7992	4.7586	6.2041	5.4125	5.9638	7.2451	4.9087	7.7159	7.0286	8.1643	5.205	7.8459	8.5237	7.3475
U133A__COL1A1	4.8595	4.5017	4.3453	6.7347	4.1388	11.3634	4.9378	5.8092	4.8212	5.5465	4.0655	4.7173	4.1605	3.5882	4.5906	7.139	10.8683	4.5265	10.6014	3.8974	5.0738	5.193	10.155	4.7577	3.982	5.968	4.0965	6.6127	3.9594	11.1959	5.4949	8.7142	5.5253	4.1782	4.3818	5.6643	3.9736	5.6976	5.9443
