Cell lines	600MPE	AU565	BT20	BT474	BT483	BT549	CAMA1	HBL100	HCC1143	HCC1187	HCC1428	HCC1569	HCC1806	HCC1937	HCC1954	HCC202	HCC2185	HCC3153	HCC38	HCC70	HS578T	MCF7	MDAMB134VI	MDAMB157	MDAMB175VII	MDAMB231	MDAMB361	MDAMB415	MDAMB453	SKBR3	SUM1315MO2	SUM149PT	SUM159PT	SUM185PE	SUM225CWN	SUM52PE	T47D	ZR751	ZR75B
Response	1	-1	-1	-1	1	-1	-1	1	-1	1	1	-1	-1	-1	1	-1	1	1	-1	1	-1	-1	1	-1	1	-1	-1	-1	-1	1	1	1	1	1	1	1	1	1	-1
U133A__SPATA20	8.0097	8.0667	8.4022	8.973	9.0124	8.1244	7.9384	8.136	8.1626	6.0568	7.9664	8.2571	6.9651	7.1642	7.1251	10.4523	6.4692	7.276	8.545	6.7971	8.151	8.4668	7.4922	7.9718	8.2501	7.8416	9.0767	8.2506	8.2715	7.4515	8.086	7.3961	7.0211	6.8099	6.2629	7.8545	8.2459	7.6437	8.3765
U133A__PSMB3	9.6802	9.084	9.8988	12.1363	9.6264	9.5618	10.306	9.8656	8.8918	9.2269	9.1014	10.006	10.2436	9.5561	9.7906	11.3566	9.2113	9.923	10.0025	9.3135	9.7381	9.5798	9.9499	10.0309	9.6853	10.0956	10.8509	9.7682	9.7899	8.7196	9.5636	9.7851	9.9523	8.3181	8.917	8.9793	10.2048	9.0869	9.9681
U133A__SERPINE2	4.1494	4.4242	7.97	4.9022	4.2554	9.6075	4.4355	7.5807	6.6807	6.0426	3.9813	8.4672	7.9594	4.2132	7.2359	4.7087	4.2348	6.9187	8.2237	4.4336	10.6755	4.5754	4.2682	9.6812	3.944	6.4409	6.9121	5.0607	4.343	4.6083	5.8042	7.156	4.8219	4.8116	4.3567	4.627	3.9897	4.3236	4.6368
U133A__GOLM1	10.7915	6.9699	6.8996	6.1436	7.4106	7.6162	6.9619	8.0559	6.097	6.8168	4.7724	7.2941	6.293	7.9946	8.2171	5.8587	10.0582	6.9203	7.2777	7.3807	6.7465	5.3774	8.0129	7.4232	8.809	7.3179	5.4568	9.5048	5.0972	8.7597	7.0625	7.1676	7.1221	8.1662	8.2527	8.4265	7.2974	5.9218	5.7551
U133A__RAB6A	8.3478	8.1354	7.602	9.6089	8.5203	8.235	7.0744	6.9855	7.5458	8.9785	9.6511	8.2605	8.7391	8.1772	8.2082	6.8947	9.3203	8.6921	7.8781	8.3045	7.1215	8.5233	10.7149	8.1531	8.4794	7.9162	7.769	7.67	7.9761	8.2774	7.0141	8.7486	7.4315	8.176	8.9419	8.722	7.9143	7.9982	7.7061
U133A__ITGA3	7.0347	5.904	8.7863	7.0003	6.2149	8.0259	6.2689	8.8922	7.8936	5.0259	6.8603	5.3603	7.6743	7.3976	8.3943	7.9867	5.562	7.1843	8.7137	6.5616	7.4535	6.406	6.3636	8.2664	6.2884	7.5132	7.5224	6.7249	6.8296	5.5944	6.0298	7.3832	7.7502	5.8839	6.4267	6.8074	5.8556	5.7229	5.9956
U133A__FUT8	5.6391	7.1577	6.5198	7.0649	8.3524	6.9182	8.4013	7.987	5.8561	5.7352	6.273	6.072	7.683	5.5051	7.2262	6.7192	6.3162	5.7325	7.258	5.4207	7.0337	8.8413	7.1088	7.2275	7.4477	6.6699	7.9813	6.5994	8.5014	6.404	6.9045	6.0776	6.1045	7.824	5.3298	5.6915	5.9146	6.694	7.3654
U133A__TRIM16	6.1574	6.1974	9.2691	5.7526	6.4896	7.8195	6.6675	6.4563	6.8223	7.0869	5.7686	6.3137	9.1814	8.2659	7.3056	7.7113	6.6343	7.8839	7.5431	5.7772	7.4161	6.7198	6.2253	7.6578	5.7971	5.9195	7.4512	6.3	8.2898	7.0752	6.5095	7.3537	6.161	7.2962	7.0737	6.0595	6.0184	6.5469	6.4635
U133A__FKBP4	7.8938	7.2314	7.3501	7.8308	8.6332	6.4693	7.5977	6.5142	6.4888	7.6079	10.106	8.0188	7.4516	7.9534	8.2485	6.6807	6.7073	8.3906	6.7943	7.4821	6.6219	8.5173	9.1486	6.0714	8.2269	7.0025	8.2281	5.9213	7.3097	8.068	6.4055	8.0056	7.8416	7.6881	7.3206	7.2406	8.8391	8.1696	8.6481
U133A__DERL1	5.475	8.3416	5.0389	5.9092	6.4988	6.0889	5.9957	5.5655	5.7088	5.9916	7.7607	5.6934	6.8211	6.503	7.2959	5.6843	8.4643	6.2926	5.7426	6.9287	6.1283	6.2364	6.6886	6.4555	5.8625	5.6717	5.9146	5.5712	5.5019	8.4292	6.1425	5.7119	5.7651	6.4365	6.9492	7.6148	6.2023	5.956	6.161
U133A__CLDN4	7.8095	7.8886	6.8892	7.4307	8.0102	4.3947	6.203	4.3468	7.5458	8.2974	7.4553	7.4055	6.5293	7.7536	7.9433	8.4582	7.7545	7.8168	6.8585	7.604	4.6864	6.9713	6.7166	4.3184	9.4105	4.2514	7.1352	7.4668	6.7302	8.1243	4.5668	6.7523	3.8645	9.26	8.5318	6.2457	8.066	7.5057	6.617
U133A__C17orf81	6.0932	6.0039	6.683	6.305	6.9719	9.3034	6.3511	8.2392	6.528	6.1772	6.1791	7.2188	7.2754	8.6325	7.7116	8.0863	6.1739	6.8238	7.0527	6.0851	6.985	7.5321	6.0424	7.7869	6.1349	7.3204	7.7804	7.7558	5.8973	5.7549	7.1647	6.3775	6.465	7.2237	6.0695	6.835	6.6208	5.8677	5.7307
U133A__RAB31	6.2413	8.0673	8.3752	5.1431	7.7963	8.3412	5.7159	8.009	8.1732	6.3882	5.2803	6.3372	7.6547	6.0256	7.7825	6.0134	5.7421	7.6507	9.5565	6.5396	8.4846	8.1669	5.4419	9.649	4.7638	8.3981	8.3539	8.6618	5.3344	8.156	9.8536	8.2197	8.2362	5.2265	6.1315	5.4669	6.4993	5.4727	8.7646
U133A__TXNIP	9.0198	6.3159	6.4357	8.3832	9.4834	6.3813	7.8916	8.9429	9.8559	5.7644	9.3606	6.8518	6.1465	7.4178	7.8682	9.5912	9.4289	7.6529	6.0667	7.4504	5.6214	7.9565	7.329	6.5723	9.169	6.4066	8.9171	8.1792	7.3859	6.7269	5.781	8.2045	7.9514	10.3303	8.9095	10.2571	7.8199	10.4484	6.8079
U133A__TRIL	6.45	7.691	4.9883	5.7803	8.2706	4.3206	6.0987	4.2621	4.8923	6.7164	6.9271	4.5574	4.0993	4.5377	4.618	7.1587	7.1386	4.4006	4.3815	5.8478	4.3545	5.0011	7.308	4.4089	5.3409	4.5657	5.6758	4.9838	5.7791	7.6403	4.4034	4.3459	4.6801	7.0693	7.903	5.9149	7.3008	6.3898	4.6888
U133A__SATB1	7.5811	6.46	6.2436	7.915	5.7225	7.0344	6.4978	5.1319	6.1	5.8269	7.1574	6.5031	6.3052	5.7998	5.4998	7.6563	7.4283	5.3983	7.152	5.1854	6.1773	5.9801	5.4887	5.4686	5.7554	6.2095	6.7748	7.3489	6.0288	6.1325	5.3575	5.6958	5.9003	6.7011	5.4317	5.4964	10.497	5.5049	5.2759
U133A__LASP1	9.5381	8.8228	9.664	11.8925	9.0713	9.1628	9.3673	9.334	8.5106	8.657	8.8387	8.7288	9.609	9.423	9.7487	10.5579	9.9354	8.9098	9.4553	9.1961	8.8766	9.3005	9.6931	9.5261	8.2583	9.5882	11.114	9.393	9.1818	8.5311	7.9899	9.1735	9.2861	8.7128	8.7215	7.7283	9.741	8.6075	9.0406
U133A__PFDN4	6.2736	8.0407	8.5755	9.9712	7.5744	7.8459	6.6001	7.1942	7.3549	5.76	8.5312	7.8556	8.1576	7.8759	7.2268	4.7922	6.9091	7.9864	8.1208	7.2717	7.9155	10.3283	7.1502	8.4414	7.3345	8.3553	7.0275	6.9578	6.7379	8.3906	6.4956	8.1635	7.6051	6.7373	7.2441	6.3582	7.2095	6.8423	7.7724
U133A__CLNS1A	9.4608	8.6558	8.2594	6.9005	8.581	8.8302	6.9955	8.0207	7.7269	8.5912	8.5311	9.0546	9.5556	8.4244	8.5211	7.4982	8.0984	9.0511	8.2463	8.0085	8.011	8.7794	11.0338	8.2217	9.6021	8.4882	7.6112	7.6521	8.5151	8.1378	8.3304	9.2318	9.4287	8.085	8.3387	10.4912	8.8496	7.8664	8.2449
U133A__PON2	6.9905	8.545	6.3746	6.9593	7.6992	6.8894	7.5751	7.5382	7.1908	6.3066	7.1999	8.0402	6.9952	6.2384	7.0837	7.1096	7.9459	7.2793	7.6566	7.9654	7.5685	6.2501	8.0083	8.0485	6.7746	6.4667	7.1855	7.0361	6.9661	8.2261	7.6251	7.2494	8.6669	7.4132	9.4905	10.4159	6.8371	8.3466	7.3836
U133A__MEST	4.1765	9.1445	7.6999	8.9309	8.7516	6.6424	8.5033	8.9762	7.7862	7.8309	8.7083	4.5952	9.1663	7.8941	7.5623	9.1638	8.9105	4.5462	11.3108	3.7298	6.5437	8.9624	7.5797	9.3082	8.7994	7.1838	7.7	7.1751	9.0391	9.9474	5.8419	5.283	7.8764	7.8433	7.9864	3.8016	3.9968	7.7185	9.1736
U133A__UPF3B	5.4087	7.4007	8.996	6.0208	6.4356	8.5935	6.8089	6.8336	6.7156	8.967	5.7916	6.9372	7.1397	6.7902	7.4767	4.349	6.9753	7.8309	7.9876	7.8404	6.1483	7.4787	6.5789	7.2884	5.6376	7.2472	6.0651	7.2458	7.3178	6.6988	6.1282	5.6486	6.551	5.1739	6.9342	6.3386	5.4531	5.4613	6.7386
U133A__MCFD2	5.4711	6.2773	7.5503	5.0626	5.1834	6.386	6.4827	6.3448	5.7931	4.3098	5.5137	6.2944	8.0238	6.3483	7.2626	5.7939	5.5338	6.2847	6.213	5.9582	8.8193	6.1142	5.5427	7.6131	5.3628	7.2542	6.0619	5.909	6.2241	5.4566	7.0765	7.4358	7.5063	7.3567	5.6655	7.341	5.5784	5.351	6.6413
U133A__FOLR1	7.267	7.2539	5.7563	4.6122	6.6765	5.2837	5.2817	5.1053	6.6157	6.049	5.332	5.7393	5.2999	6.8881	5.2769	6.1082	8.4179	5.9979	5.2837	5.4512	5.5185	5.2332	5.3831	5.4749	6.8812	5.3677	5.9134	5.4527	5.4047	5.8875	5.3654	5.6305	5.0397	7.4495	7.0132	7.5242	7.7639	6.0473	5.2068
U133A__LRIG1	8.4873	6.2785	5.1965	6.714	7.3323	3.8294	5.7543	4.9765	4.6329	5.669	7.1662	4.7873	4.9515	5.9472	4.8144	5.456	5.5033	5.2939	4.0003	5.209	4.8805	5.1228	6.6869	4.104	7.4281	4.2748	8.0802	5.1363	8.3706	5.1384	5.4354	5.9374	4.1727	5.8208	8.3873	5.0683	6.8777	6.956	6.6563
U133A__FAH	6.3218	6.4607	6.6099	5.3049	6.5322	5.6806	6.876	6.9231	5.4625	4.7189	7.7151	6.091	6.0566	5.459	6.598	6.6952	5.7596	6.7725	6.6123	5.941	5.7228	5.8112	7.437	6.7586	6.7689	6.2218	6.0433	8.5933	6.8603	6.9006	7.0321	6.5066	6.389	5.333	7.7886	8.0842	6.8366	7.8526	6.2868
U133A__PTRF	6.1143	6.0022	8.9581	6.2617	5.8685	9.7082	5.8463	9.004	8.3455	6.1188	5.7173	6.9987	8.6548	8.2281	7.4855	6.7332	6.6073	6.763	9.0215	7.1768	9.9604	6.3204	5.3083	9.1023	6.1647	9.8031	6.2294	7.3507	6.3333	5.6802	9.5435	8.2916	9.4023	5.267	6.4218	6.5915	6.796	5.4646	5.981
U133A__TWF1	5.5084	4.4222	5.9488	6.6463	6.0045	5.5635	6.9623	5.8725	5.9922	4.6291	6.6905	5.6328	6.1548	6.9483	8.4203	4.8132	7.0744	6.4329	5.2535	6.2329	5.6756	7.2103	5.6348	5.244	5.2969	5.6623	5.5977	5.005	5.403	5.5177	6.2422	6.9222	7.1039	5.8716	6.0657	6.9819	6.8472	7.887	6.4851
U133A__SGK1	4.5039	4.9334	6.1785	4.7827	5.0255	8.6493	4.9394	7.5162	7.9635	4.3632	4.5738	6.4205	8.1867	7.2171	5.7353	4.9836	4.2787	5.4377	7.4515	6.0284	7.7563	5.5643	4.8025	7.6973	4.6129	7.0334	6.3626	4.4837	4.4109	4.9636	8.6062	6.7889	7.1807	4.5583	5.3698	6.1684	4.7328	4.6854	4.8292
U133A__TSC22D2	4.89	6.555	6.2163	6.2358	6.7274	7.2597	6.4885	5.938	5.8246	6.053	6.8661	5.6752	7.1136	6.8426	6.7639	5.4798	6.0701	5.5327	8.1915	7.3849	5.2765	7.2701	5.9181	6.4636	6.4781	6.6504	6.5618	6.7302	5.7727	5.0045	5.4239	5.5303	5.0904	5.8154	7.1069	6.3707	5.3398	6.0871	9.7676
U133A__NR3C1	5.0765	6.954	7.0652	5.1788	5.9925	8.9925	6.6683	7.8246	6.9561	9.1735	6.103	6.7952	7.9111	7.5877	6.4	5.6993	5.6099	4.8193	7.9143	7.896	7.9943	6.8241	5.5863	8.052	4.8591	8.189	5.6192	5.6545	7.9997	5.85	7.6812	6.8754	7.9483	5.625	7.9101	6.4618	4.868	6.906	6.4361
U133A__BST2	8.7431	6.628	8.2193	4.2637	9.7762	5.2164	8.5034	6.4804	5.4118	9.5469	8.8584	9.1133	6.7513	10.0594	8.3263	8.7328	4.4392	6.9466	4.8507	10.1508	5.5764	6.2168	8.0857	7.5776	9.7058	5.0736	4.849	8.3117	8.8676	5.8416	4.9275	8.3869	7.5466	9.1934	9.8754	7.9052	8.5472	8.4818	8.7943
U133A__MSL1	8.4973	11.0616	7.1325	7.6567	8.9254	7.246	7.5161	6.9702	6.2351	7.9444	6.4312	7.5699	7.3185	7.0968	7.4843	7.1746	7.6938	6.777	7.3462	7.9972	7.5341	7.2066	8.0309	7.4204	7.6825	7.3756	7.8424	7.0973	7.0433	11.0407	7.3822	7.534	8.238	7.4681	7.4342	7.1078	8.3011	8.2656	8.1269
U133A__ID2	8.0734	7.4444	3.4919	9.022	7.2765	8.2608	9.4546	4.5522	8.9987	8.7602	7.2989	8.911	5.122	9.6486	3.8659	8.9669	9.4692	6.8716	7.2985	6.0127	7.966	8.6926	9.3373	7.6134	7.141	4.5686	9.3071	7.5169	9.9817	7.6966	5.7772	6.8302	6.2331	6.7214	6.8739	7.9709	6.2231	8.9398	6.7317
U133A__PRSS23	5.6694	5.4853	9.3299	8.4008	8.1723	9.9102	5.5107	6.7814	7.4397	5.5115	5.7252	5.5945	7.232	6.9689	9.8261	8.0915	5.7029	7.9914	8.8022	6.7675	9.852	10.2697	8.1702	8.9105	7.1933	9.402	8.6069	9.4771	7.3663	5.7526	7.4374	7.5463	6.9637	5.8492	7.1078	9.4805	5.6639	5.4985	5.4614
U133A__STEAP1	3.7161	3.9583	3.7114	4.1853	4.1123	3.7128	3.5633	4.3669	4.1825	3.8446	3.9806	4.3958	7.2176	3.6303	4.5839	5.1658	7.2723	4.4257	6.4105	6.2642	5.633	3.9447	3.9628	4.2744	5.8621	7.3482	3.7494	4.4603	3.6677	3.6879	8.1299	7.6142	8.5636	5.8578	6.6618	7.2567	4.7198	3.8274	4.0184
U133A__CAT	9.2728	8.6882	8.9651	8.6094	8.1768	7.6458	7.9778	7.5238	7.1926	8.5442	9.183	8.3309	11.1759	8.5523	9.9741	7.1944	8.1137	9.9591	7.7908	8.3007	7.9061	7.812	9.1065	7.2563	8.7414	8.3873	9.0302	7.4691	8.3149	8.1271	8.2005	8.7364	8.0446	6.1542	10.075	8.6121	9.4779	7.6033	7.5928
U133A__POP4	6.8419	7.4049	8.5108	7.1197	7.7849	8.0832	7.9172	7.6761	7.8361	7.7486	8.4515	11.1108	10.0044	7.8973	8.0752	6.8166	7.8422	7.7811	7.7881	8.3413	8.1448	7.5683	7.4469	10.0874	7.6411	8.3447	7.1572	8.2194	7.8404	7.6935	7.7345	7.8677	8.0336	6.7014	8.043	6.8998	7.8231	7.5607	8.1788
U133A__LAMB2	8.1243	6.9331	6.1194	5.3368	6.0646	6.7282	5.7382	6.2908	6.9642	6.1662	5.2838	5.4219	4.8086	6.058	5.2916	6.5472	6.3258	6.2431	6.0447	7.3694	6.4274	6.2658	7.1113	5.9146	7.8648	6.107	6.676	5.6942	6.7376	6.1559	6.6505	6.0157	6.1049	8.712	6.379	6.7894	7.122	6.3862	6.0386
U133A__RAB11FIP1	7.0112	6.3265	6.0089	6.3952	10.1852	4.1652	7.5606	4.6623	6.1832	5.5435	7.7345	6.5955	5.6248	6.6226	5.2897	5.0526	7.879	5.1828	6.1834	5.6434	4.4743	5.3596	9.2312	5.4449	6.7784	5.3435	6.8999	5.2841	5.1493	6.3631	3.4957	5.5237	5.5979	7.3772	10.4161	7.5511	7.0406	8.8087	8.0265
U133A__CARD10	5.7778	6.6189	6.4732	6.0074	5.6113	7.1832	6.9806	7.1831	5.8013	5.447	5.0291	6.8955	7.94	6.4404	6.6995	4.8749	5.3041	6.1251	5.6387	6.8007	8.2432	5.8035	6.6709	6.9111	6.3909	6.3107	6.2227	6.8504	5.0682	5.6466	5.2563	6.1299	5.5845	8.1902	6.3387	5.6863	5.8941	5.1234	6.1903
U133A__BET1	6.457	6.8917	6.1	6.4871	6.6266	5.9282	6.3555	6.5993	5.9264	7.1228	5.9494	6.4942	6.1672	6.1476	5.602	5.7067	7.193	6.5846	6.7723	7.2706	6.6186	5.748	6.1616	7.2448	6.7981	7.2339	6.0368	6.4559	5.7412	6.4165	6.3714	6.2335	6.4052	6.7489	9.3023	9.1437	6.3116	6.0472	6.3389
U133A__ACSL3	7.1919	6.6538	4.13	7.0956	7.0192	5.1187	6.245	7.3775	6.0106	6.1809	5.5562	5.0836	5.5273	4.8164	4.4287	4.2377	5.6088	4.1027	6.7675	6.823	4.2666	5.5137	6.6526	5.7361	7.214	5.9762	6.5155	6.1214	5.7947	6.5763	5.0383	4.6216	6.1252	6.7986	6.8997	8.8893	4.3885	6.6779	6.744
U133A__AKR1B1	5.4264	6.9517	12.2474	5.9901	5.6065	8.7781	5.6946	10.595	5.6857	6.894	7.4072	8.1445	9.6667	9.0128	6.1103	6.0593	5.5161	9.8841	10.5542	10.1821	10.9824	5.9629	5.5375	10.7395	7.1787	9.6852	6.313	7.2479	5.7109	5.7104	9.5693	11.8108	11.2588	5.2415	5.4299	5.3117	5.4185	5.5959	6.4257
U133A__EIF2S3	6.3171	6.1488	6.323	6.434	6.8048	8.3513	6.7127	8.3434	6.2297	6.0425	7.2102	7.0259	5.7992	6.53	8.2659	6.2587	5.7805	8.1589	5.5754	6.8525	6.8843	5.6091	6.3863	7.1686	6.7465	6.0282	6.882	5.9506	6.6388	6.2181	6.6393	6.6974	7.4484	7.9685	6.1071	7.6833	6.4436	7.5603	6.9873
U133A__CTSC	6.462	7.8213	7.5029	5.6429	6.511	8.7733	6.0613	6.6398	7.1267	6.1393	6.1285	7.7895	8.61	7.1706	9.9228	7.5757	7.5029	7.5712	9.5726	9.4375	8.1937	6.3418	5.3429	7.5387	6.0198	8.1208	6.9996	7.2767	6.7308	7.4898	5.6283	9.7333	8.6939	5.451	7.092	5.3268	6.5055	6.0762	6.4382
U133A__CSRP2	4.6788	4.979	4.1554	5.0201	4.0119	7.7089	4.3732	7.2517	5.1256	8.5335	4.1902	5.8713	8.9537	4.8602	4.5477	7.3587	5.8602	6.7445	6.1986	3.8214	6.0008	4.4735	5.2102	6.9489	4.3389	7.2707	5.5783	4.5925	4.4372	4.4089	6.4662	6.4077	5.9498	4.0688	4.8518	4.6758	4.0357	4.0661	5.474
U133A__KRT19	11.6554	11.9776	10.9191	11.935	12.491	3.995	11.6489	4.3819	10.8671	10.3292	12.2228	3.8177	10.8381	4.5913	4.6342	12.1027	12.4618	11.0216	10.3341	11.7799	3.831	11.6347	12.2467	4.0939	12.0447	7.2772	11.6624	11.784	10.9377	12.0028	3.9802	10.1275	3.2941	11.8623	11.6439	11.4468	12.1604	11.9516	11.561
U133A__IER5	7.3983	8.4834	8.2593	5.6405	7.5553	5.9635	6.4142	8.5787	7.3217	7.8547	5.634	7.5246	8.7751	8.6291	8.5956	7.2478	9.4112	7.7493	7.0389	9.4247	6.8806	7.0547	7.6119	7.9844	7.7677	7.9227	6.8566	6.0609	6.9052	7.4431	4.9517	7.9731	8.0814	7.4049	7.5876	8.2302	8.1897	7.3929	7.6796
U133A__COL4A2	6.4635	5.4771	6.2726	4.9197	4.4398	9.5328	4.7309	7.1	6.7139	4.8079	4.9894	7.5194	8.2333	5.6191	5.1904	5.6325	5.0157	9.3085	8.3007	4.2182	8.3461	4.7039	4.7941	9.7331	5.177	5.9915	4.8098	5.2981	4.7465	5.4106	6.024	9.0196	4.8637	4.61	4.6647	4.8703	4.9757	5.105	4.6821
U133A__TNFSF10	7.4048	4.6934	4.1345	5.0365	6.1542	4.0584	3.8828	4.1277	6.6466	7.8221	4.4769	3.9907	5.5926	8.5859	4.1981	3.8579	7.3273	7.1749	4.0838	9.3001	4.0692	4.7545	4.8323	5.926	5.2022	4.1125	6.5527	7.1184	5.5367	4.2591	3.9032	3.8381	4.2542	7.4595	8.7164	7.4724	4.6913	4.5162	3.8928
U133A__FADS1	5.3104	4.4739	5.6559	8.0702	5.4823	9.0096	5.3236	8.3354	6.1392	7.5248	5.3496	7.8723	8.1328	5.7481	4.6693	7.3749	5.6732	4.5489	8.1703	7.1886	7.1482	7.4987	6.9271	7.0149	6.0625	7.8986	5.6721	7.4793	5.9334	4.5959	7.3449	8.8393	7.1644	7.0115	8.0054	4.7401	5.7566	4.3667	7.3382
U133A__SARS	7.7374	8.322	11.1448	8.1394	8.1342	9.4981	9.6965	8.0424	7.7344	7.4681	8.0177	8.2959	8.6775	8.9196	8.2049	8.4746	7.1093	8.7586	9.6745	9.0718	8.3933	8.5561	8.4441	8.8517	7.1754	9.7475	7.8395	8.1705	8.5303	8.3585	9.224	8.73	8.4421	9.1614	9.4498	8.9271	7.9232	7.7401	8.0215
U133A__ADORA2B	6.2311	6.1615	8.2451	5.3114	5.5734	8.4773	5.51	7.5576	7.9456	5.3852	6.126	7.0501	8.6464	7.6821	8.9669	7.12	7.1201	7.0246	7.5635	7.1372	8.0401	5.779	5.1524	9.0234	6.3393	8.2953	5.5289	6.2769	5.5188	6.1711	7.4778	6.8111	6.6939	5.2126	6.4237	5.9435	5.4204	6.1897	6.3068
U133A__TRPS1	8.6584	7.3827	3.3819	7.0458	9.6951	6.9494	8.2062	3.4593	8.634	5.392	8.5305	7.8165	3.8643	6.1183	4.2236	6.5161	8.4291	7.4467	7.9026	6.7044	5.5976	7.1694	8.6372	5.0367	7.8186	3.923	6.8585	7.5954	8.5243	8.38	7.5346	3.3148	4.1508	10.0281	7.8115	9.272	9.1202	8.5384	8.6575
U133A__DAAM1	5.7712	6.9394	6.7256	7.4256	9.1201	5.7426	6.5441	7.2811	5.5412	5.8286	7.3134	4.3108	6.1768	6.3515	5.6336	5.6113	9.0542	6.947	5.6935	6.8334	4.2798	7.0736	7.5356	5.712	6.5563	4.2843	6.6937	6.402	7.1325	6.6966	5.278	5.2773	4.3674	7.2789	7.6872	5.4127	6.6933	7.2217	7.1886
U133A__SMURF2	5.3079	5.6089	5.9547	5.405	5.7355	6.9838	3.5189	6.6816	7.3907	5.6463	5.7139	5.1517	7.2388	5.353	6.3549	4.6842	5.0893	5.7892	6.8505	5.6735	6.5155	6.1958	4.5026	6.9682	4.4935	8.3902	7.8146	4.9734	6.1146	4.805	7.3581	6.5988	5.5586	5.2551	5.9648	5.0942	4.8824	5.5258	5.7758
U133A__SLC16A1	5.5794	5.7645	8.3004	6.0565	5.5591	7.9693	6.5954	7.3612	7.3152	6.2764	5.9809	7.3342	8.5427	8.3794	8.0237	5.8946	5.2666	7.0439	8.327	8.4403	7.6278	6.5289	6.4164	7.8131	4.8744	5.4479	5.6483	8.4516	5.5286	5.5178	8.0539	8.2358	8.9896	5.3126	5.4203	6.7675	5.835	4.937	7.0823
U133A__ARHGDIB	8.5293	8.1199	5.8842	6.4501	7.2463	4.7304	4.7976	6.2259	5.607	6.4063	8.0311	5.4551	9.4922	9.2045	7.5589	7.8056	10.3184	8.841	4.8659	9.2277	6.0753	5.4535	5.0219	5.5393	10.2407	10.0378	9.1753	10.118	6.7721	8.9124	5.2272	8.2832	6.2232	9.5105	9.0231	7.7081	6.377	8.9659	6.9107
U133A__PLAU	5.5718	5.8756	5.2088	5.6696	5.1491	7.8668	5.3929	7.9168	6.0278	5.2362	5.2184	5.332	7.874	6.7758	5.664	6.2216	5.9968	5.3077	7.0242	5.1726	7.9917	5.6808	5.4287	6.8126	5.511	7.6491	5.3504	5.7285	5.3338	5.507	10.1668	9.6993	5.9627	5.292	5.721	5.2565	5.5545	5.0415	5.2204
U133A__PLBD1	5.7748	5.8209	8.2086	6.4016	5.8179	9.6028	6.1258	5.6676	6.4536	6.2081	8.458	6.9179	9.3657	9.8827	5.8011	7.172	7.8974	8.9343	7.8913	8.582	5.7965	6.7902	5.583	7.3745	6.331	6.3713	6.3844	10.2417	5.9946	6.8279	6.8435	6.2724	5.4299	5.8549	6.2376	7.0457	6.3584	6.5022	5.8222
U133A__MTUS1	8.1313	8.2705	5.8908	7.106	6.8291	5.1455	6.8015	6.1568	7.0624	5.4657	5.8096	5.252	6.6955	7.581	6.4001	5.4172	7.6864	7.4877	5.5626	7.7194	4.6984	6.7777	5.5679	6.0087	7.1452	5.2202	6.4472	7.1152	5.1951	6.9902	5.1036	5.8514	5.3492	7.484	8.1098	8.0734	6.0826	8.2206	6.8675
U133A__PIK3R1	6.3096	5.6139	6.3818	6.1887	6.773	5.1455	6.0698	5.6789	5.2187	5.862	7.7312	5.0392	5.7226	5.5993	5.6563	6.3551	5.6785	6.8184	5.2997	6.4776	5.8206	7.1854	6.3846	7.0608	6.5437	5.0786	7.077	6.7442	8.2348	5.1387	7.0363	5.4349	8.1998	7.5307	7.3329	6.3289	6.5928	7.6142	5.8725
U133A__LIMCH1	6.0867	7.0559	7.0651	5.9547	4.5506	3.4312	4.4364	6.1294	6.6193	6.9381	3.4256	6.7857	4.222	6.9595	5.566	6.6578	8.4483	5.7588	5.1467	7.6226	5.4328	3.9423	6.553	4.4139	6.8992	6.5312	5.033	5.5271	6.2939	6.1873	3.4676	5.11	6.8599	8.4582	8.2485	7.9542	4.2224	7.7023	3.813
U133A__PRKRIR	9.1253	7.7476	7.8076	9.338	7.918	7.5965	6.9452	6.3444	7.0352	8.6927	8.1006	7.8564	8.7561	7.6003	8.2642	6.9316	8.4684	7.7516	7.5375	8.1211	7.1304	7.9468	10.7632	6.8576	8.5159	8.0769	7.458	7.2631	8.25	7.5467	6.8547	8.0119	7.9799	7.1922	7.8581	10.7226	7.8441	6.7416	7.6098
U133A__EFNB2	5.4764	4.7613	4.9303	7.0119	6.4386	8.6207	7.4791	5.3655	8.8445	5.5096	6.4622	4.9044	8.2395	7.0896	7.4331	6.9829	9.9666	5.9393	6.9153	7.5536	5.9236	6.9459	6.1413	8.3547	5.5304	5.5961	7.2819	7.5891	7.6132	4.8166	4.7258	8.8053	8.021	8.057	5.2698	4.9264	5.6351	4.9242	7.1568
U133A__FANCG	5.7529	6.8231	6.2545	7.6	6.4537	7.0761	7.065	6.7387	6.4867	7.2667	6.451	6.1187	6.9206	6.517	6.4031	6.6078	9.5935	6.5269	6.0361	7.6104	6.1079	6.4459	6.9052	6.4125	6.4774	6.8825	6.9184	6.8003	7.3341	6.1179	6.1296	6.6838	6.6105	5.5828	5.7232	5.3223	6.4065	5.9315	7.0228
U133A__CRABP2	7.7927	6.2883	7.6984	7.1272	11.2478	7.1984	9.2384	7.2001	10.2575	11.042	10.4868	7.9145	5.679	11.2348	9.6855	11.4223	10.9394	9.1947	9.329	11.2675	6.4565	10.0104	10.3883	6.0832	10.5335	6.5894	7.7354	10.3027	10.8015	9.5601	7.2299	6.7276	6.367	9.2587	8.4121	9.1007	10.4822	9.367	8.6028
U133A__ABLIM1	8.6762	8.9014	5.5503	5.137	7.0127	5.1287	7.6638	5.039	6.9115	8.5793	7.4417	6.7201	8.0471	8.5764	7.3477	6.4693	7.2971	7.9321	6.4772	7.9876	4.3541	5.161	7.1559	4.8561	7.9446	7.0666	7.5952	9.4549	7.4208	7.5593	8.0406	6.8577	5.867	7.0137	8.578	8.6624	6.9056	9.3072	8.0811
