Cell lines	600MPE	AU565	BT20	BT474	BT483	BT549	CAMA1	HBL100	HCC1143	HCC1187	HCC1428	HCC1569	HCC1806	HCC1937	HCC1954	HCC202	HCC2185	HCC3153	HCC38	HCC70	HS578T	LY2	MCF7	MDAMB134VI	MDAMB157	MDAMB175VII	MDAMB231	MDAMB361	MDAMB415	MDAMB453	SKBR3	SUM1315MO2	SUM149PT	SUM159PT	SUM185PE	SUM225CWN	SUM52PE	T47D	UACC812	ZR751	ZR75B
Response	-1	1	1	-1	-1	-1	-1	-1	-1	-1	1	1	1	-1	1	1	1	-1	-1	1	-1	-1	1	-1	1	1	1	-1	-1	1	-1	-1	-1	1	1	1	-1	1	1	-1	-1
U133A__SHB	6.1653	6.8733	6.828	6.1711	6.3303	7.2606	6.1796	5.8797	6.4954	6.4016	6.8149	6.1061	7.1242	6.5164	7.1248	6.8155	9.4468	6.3557	7.5118	8.0176	6.6858	6.4005	6.5346	6.4142	6.7529	6.5025	6.6582	6.3874	6.546	7.5095	6.2702	5.2957	5.9911	6.1421	7.0421	7.0962	6.027	6.3154	6.456	5.9912	5.9384
U133A__PLXND1	8.0278	8.0521	7.2243	6.8569	8.0591	6.1152	6.932	6.9463	6.7389	7.6025	7.7119	7.432	6.9718	7.012	6.7294	7.4985	8.5089	6.3405	7.3005	7.767	7.1712	7.5315	8.1479	7.045	8.3326	9.6295	6.9015	7.1637	6.9815	8.0254	6.8911	7.248	7.013	6.1165	9.3213	7.7929	7.2942	7.5523	8.2313	6.6068	6.7508
U133A__LOXL1	7.6117	4.1966	5.1158	4.3121	5.5348	8.338	5.7862	6.9908	4.933	8.9195	5.1848	5.3431	3.9845	4.0034	4.3856	5.2075	4.1953	4.8002	6.8359	4.9628	9.1502	5.6646	8.9368	6.588	8.3756	3.6902	5.6773	6.3196	7.3211	4.5602	4.2818	9.7542	8.8104	6.6159	5.6259	3.9347	8.3171	4.6056	5.1326	5.3135	5.2119
U133A__TNS3	6.8795	8.1902	9.0136	7.5866	6.9132	9.0042	5.6988	6.6068	9.2701	4.0902	5.5019	8.1426	7.8083	7.7228	8.5076	8.212	8.5705	6.2364	9.9299	8.961	7.8124	6.7106	6.5179	6.2633	8.3007	8.0747	8.3139	6.4102	7.207	6.7186	6.7809	9.3477	6.5821	8.1469	9.2966	8.4555	7.3788	7.9149	8.683	4.8818	6.7365
U133A__IER5	7.3983	8.4834	8.2593	5.6405	7.5553	5.9635	6.4142	8.5787	7.3217	7.8547	5.634	7.5246	8.7751	8.6291	8.5956	7.2478	9.4112	7.7493	7.0389	9.4247	6.8806	7.7217	7.0547	7.6119	7.9844	7.7677	7.9227	6.8566	6.0609	6.9052	7.4431	4.9517	7.9731	8.0814	7.4049	7.5876	8.2302	8.1897	7.8434	7.3929	7.6796
U133A__SC5DL	6.1606	7.0351	8.1349	6.809	7.2429	7.0293	7.3732	6.6472	8.2691	8.7164	8.2697	7.7105	7.5793	7.4132	7.9503	6.6341	8.6072	7.3147	6.6143	7.4732	7.6902	7.2177	7.4234	7.519	7.0982	7.1048	7.767	8.0885	8.0598	7.9005	6.4547	6.1235	7.1008	6.808	7.3359	10.1698	7.3923	8.601	8.2823	6.5754	6.7923
U133A__CDK14	8.6483	5.1017	5.5914	6.7216	6.7512	4.9859	5.9636	6.2085	6.0433	7.151	5.5382	5.5826	6.0146	6.2902	5.8351	6.0482	5.5811	6.4406	6.7865	5.4488	6.9009	5.2891	5.3301	6.5698	5.5064	5.8304	6.4005	5.6448	6.3828	5.0626	5.0038	5.8604	7.3179	6.1089	6.4645	7.2559	8.4385	5.6363	6.2927	5.5939	5.8693
U133A__SHMT2	6.8623	6.8222	7.9185	7.071	7.0055	7.6469	6.4895	7.3888	7.1328	7.2544	6.7988	6.8016	7.7717	6.9625	7.2352	7.8769	7.1546	6.8061	6.8646	7.8655	7.2257	6.7149	7.2691	6.8747	7.2939	6.993	8.2976	7.3437	7.2153	7.1317	7.177	6.9664	7.6724	8.1897	10.3165	8.4652	8.1213	7.8199	7.3251	6.8354	7.5223
U133A__EPAS1	7.5586	9.4435	9.3385	6.5628	6.6454	7.1099	6.6122	7.581	6.878	5.9279	7.9068	9.1876	9.0687	8.1309	8.2067	8.4481	11.134	8.0527	8.9875	8.7955	7.4187	9.242	7.7912	8.5965	8.4085	9.4821	6.3178	8.0953	7.8271	7.9185	9.5402	6.3055	8.8077	8.0257	8.9549	7.1293	10.3129	7.6909	9.5309	7.7552	6.3461
U133A__TMEM135	5.668	6.7817	5.0456	5.5373	6.4603	5.8126	5.7686	4.8527	4.7886	5.852	6.7122	6.661	5.797	5.1155	5.4529	5.7782	7.1022	5.8957	6.9366	6.0968	4.6112	4.98	5.7666	5.261	6.6658	6.5722	6.102	6.82	6.0613	7.4905	6.4907	4.9966	5.5595	5.5384	7.1223	7.9843	7.1232	6.8095	8.6528	7.3552	5.975
U133A__RNF114	6.7798	10.0609	9.3801	8.4793	8.1706	7.6556	7.3372	7.9061	7.7277	7.9296	8.0058	8.6718	7.973	8.7477	8.5949	6.6354	11.4501	8.1842	7.849	8.3651	7.6045	8.3815	8.9345	7.7066	8.9229	8.2818	7.9847	8.1157	8.0394	8.3138	9.5327	6.3469	8.5934	7.3703	8.4966	9.1669	9.7197	8.8963	7.8848	8.0062	8.1745
U133A__MALL	5.9594	9.6574	8.4122	5.7996	5.7681	5.5609	5.355	5.4016	7.6983	5.6344	5.9818	6.1853	8.6162	9.3676	10.0543	8.2866	8.4348	6.8244	7.0931	9.9715	5.675	8.3023	6.3252	5.9264	5.4322	6.7314	5.8379	5.7292	6.607	5.6076	6.8833	7.6292	6.4668	5.7006	6.9903	8.1516	5.6005	6.0371	5.9517	5.5443	5.7131
U133A__QPRT	6.2711	9.4457	8.2145	7.4417	6.489	5.6007	6.3278	5.5574	5.4435	5.1401	7.275	7.3774	5.6756	5.5612	6.3718	7.9553	8.0511	8.7061	7.02	9.2734	5.9733	7.4239	8.1142	6.9332	8.6614	7.115	5.2379	9.1192	8.4536	6.314	8.5981	5.9379	5.4969	5.6873	7.2077	9.2223	6.3381	7.7665	8.9526	8.0018	5.6556
U133A__ABCC5	6.6226	8.0779	7.8607	7.1449	7.6776	6.8408	8.5504	6.9079	7.4246	7.1746	9.5645	7.9864	8.1341	7.9396	7.1158	7.6418	9.4831	7.1401	7.208	8.2613	7.2144	8.3302	7.7177	6.6558	7.0907	7.519	6.9575	8.0859	7.7665	8.0521	8.6714	6.9314	6.6645	6.9156	10.0979	6.9137	7.4944	8.5541	8.0903	7.0478	7.2983
U133A__PRELP	6.8291	6.5662	6.6107	6.843	6.7042	6.6083	6.628	6.7539	9.6306	6.5614	6.599	6.5589	6.3956	6.1534	6.5104	6.7348	6.7419	6.8514	6.4367	6.4912	6.8243	7.2114	6.7206	6.5358	5.9924	6.6174	6.3867	6.8615	6.2698	6.7329	6.5423	6.7477	6.5663	6.764	6.3013	6.3472	6.6793	6.6153	6.4132	6.6346	6.4253
U133A__FXYD5	9.4366	8.8706	10.2383	6.3544	6.9093	10.5229	6.5905	8.4872	9.7949	7.3967	6.6968	9.5407	10.4388	9.0421	11.5641	7.4501	7.8566	10.3211	8.4657	10.2902	9.5227	6.2427	6.8433	6.25	10.5826	6.4736	9.5884	6.6844	7.9084	8.14	8.7157	7.1906	10.2745	9.6556	8.4212	8.9687	6.5669	8.3634	9.4597	6.2665	6.3151
U133A__KYNU	3.1107	7.5015	4.3378	3.7016	3.7004	4.199	6.8799	3.4469	3.3451	3.3778	5.2812	5.0897	9.7837	6.6414	8.1632	3.6599	5.8705	8.3008	4.2979	3.6763	3.9397	9.3041	9.2168	3.205	6.7245	6.0479	5.4828	6.253	3.5387	3.4423	4.7613	3.2793	9.6851	5.4603	3.4978	7.9465	4.0878	8.121	5.0006	5.7334	3.5004
U133A__S100A9	7.9647	11.9201	10.3006	5.7847	6.7985	5.4442	5.8403	4.9458	6.0309	6.2418	6.3714	8.7074	8.3063	10.7464	12.1734	7.3804	12.1265	10.5052	5.607	8.7234	5.5487	4.8491	5.2184	5.2175	5.4068	11.3006	5.0361	5.7072	5.0373	5.4591	10.8214	5.383	7.9261	5.5795	6.5783	8.2792	7.8847	5.9403	11.6483	5.5256	6.655
U133A__NR2F2	3.8546	3.9071	7.786	6.5484	6.9842	7.5445	3.0831	6.5883	5.2905	3.3799	5.4746	7.2639	6.7675	4.2238	6.2959	5.1802	7.5495	7.0903	6.3474	6.6617	5.8807	6.2814	8.5361	7.1223	5.9595	8.1206	7.9019	7.1992	6.5105	7.5131	3.6811	6.3605	5.5146	5.5978	6.3304	7.0002	5.6772	7.5591	6.7163	6.4496	7.0572
U133A__DDHD2	5.7329	5.1869	5.7385	6.3218	7.5291	7.3764	7.6679	5.6236	5.7755	7.0075	6.4243	6.4252	6.0938	5.7536	5.0022	4.2637	5.3877	4.7849	8.2977	5.5132	5.3983	4.8431	5.0398	9.4371	6.2164	4.9926	5.8959	7.1894	5.1896	5.0304	5.7845	5.3218	6.174	6.0806	6.4773	5.8549	8.5294	5.6816	7.1608	6.7111	8.0634
U133A__CHN1	6.5311	5.9812	6.3268	6.8807	6.9491	7.0345	7.4646	7.5213	6.5837	6.6716	7.5815	6.5206	5.833	5.8687	6.1969	6.8903	5.689	6.1582	8.0957	6.6152	6.58	7.1704	6.9188	6.3722	9.1868	6.0755	7.0938	6.8787	6.7295	6.1745	6.2256	6.4345	9.1519	8.3679	5.7574	6.0428	6.5288	6.2308	5.9554	7.3065	7.0723
U133A__PFKFB3	6.4163	5.8115	6.0536	6.5643	8.0618	6.4057	5.4033	4.3547	5.7092	4.2179	5.9599	5.4297	6.8708	5.8142	6.5936	6.0622	6.17	5.7306	5.9454	7.4158	5.4595	5.3191	5.7956	6.0067	7.654	6.5726	5.85	5.5781	7.4072	5.907	5.1845	4.5678	5.6563	5.1913	4.7671	6.7484	7.6179	8.8019	8.5879	5.527	6.0006
U133A__ADD3	6.6598	6.5922	5.3978	6.785	7.3626	4.6305	5.8974	7.5238	7.5616	6.7554	6.0067	5.9834	8.9014	7.7653	5.2378	4.6477	6.6912	4.2227	7.5595	8.6087	8.3932	5.0474	4.6928	6.3464	7.5729	4.5674	5.9771	9.2733	8.7003	4.1664	5.7824	6.9891	7.4625	3.7616	4.5454	8.7778	8.6528	6.232	7.0666	6.5704	6.4893
U133A__SASH1	6.8729	8.0514	6.5801	6.2097	6.3274	5.5121	5.0593	5.4916	6.3964	7.9624	5.8275	5.5587	7.1532	6.4264	4.9592	5.8088	8.5103	5.5314	5.4471	6.5303	6.0764	5.3468	5.6008	4.5609	5.7093	6.2216	6.4312	4.7488	6.2194	8.058	7.0212	7.7444	5.3774	6.1138	6.2486	8.2544	6.7125	6.0433	8.1355	5.8784	5.0383
U133A__SLC39A8	5.1516	4.2055	6.7055	4.6934	5.3623	6.7829	4.5658	4.9292	4.7239	4.8535	5.2895	6.9349	6.8201	7.4608	6.518	6.3975	6.201	7.026	6.0177	8.7032	5.9219	6.7641	7.3615	4.8517	5.4355	5.6375	7.3636	8.4679	4.9229	6.4025	4.5111	4.9586	7.9776	7.8383	6.9244	8.3025	6.2055	6.6736	6.9142	6.4371	7.2598
U133A__TOP2A	8.3218	7.635	7.5818	6.7714	7.6466	7.4354	8.2835	9.1849	7.4427	7.6015	6.105	7.0173	6.9158	7.6242	7.2079	5.574	7.0333	7.8213	8.1878	6.9581	8.3969	7.9242	6.9241	9.1534	8.2413	6.8402	9.352	6.7271	7.4424	6.3468	9.4954	7.4665	7.6737	8.2323	5.1247	5.1761	6.7477	8.6761	8.3956	8.563	6.896
U133A__CPT1A	10.5883	8.887	7.4665	9.5016	8.6701	8.4327	9.4235	7.5893	7.6056	6.2671	7.5383	8.2799	8.953	7.8024	7.5517	8.5724	9.0395	7.646	7.5211	7.2006	7.6178	10.0183	8.1697	9.418	8.0684	10.2031	7.2216	9.6018	11.1624	6.6204	9.3272	7.9409	8.4929	6.4225	7.706	9.0136	9.8477	8.9331	8.9083	8.9262	9.9244
U133A__ALG8	9.4128	8.4278	7.6914	6.5356	8.3549	7.9405	6.6033	6.6134	6.2182	7.6456	7.6652	7.8702	8.7761	7.8004	8.0008	7.4357	7.6089	7.3049	7.2125	7.3278	7.5191	7.5858	7.9871	10.7193	7.7998	8.8685	8.7431	7.2719	7.4657	8.1124	8.2403	6.5926	8.0269	7.7542	7.5285	7.8622	9.2336	8.4518	8.2776	7.1673	8.0229
U133A__PEG10	4.364	6.6302	3.9906	8.1281	9.6016	8.1486	3.9172	6.6267	3.9805	4.2871	9.5011	7.9792	6.1931	5.5066	5.5936	7.8128	8.8792	7.5935	6.139	5.9425	6.6412	3.7702	4.3317	8.6599	8.9766	8.8855	7.1709	6.8148	5.9734	10.1885	7.2019	6.7001	6.6294	7.5611	7.2204	8.3068	5.4518	6.2123	9.6121	7.1904	7.0366
U133A__CLIC3	4.5666	8.3548	7.3076	6.491	6.4612	3.6425	6.6116	3.7317	6.5625	4.1162	9.4396	3.2494	4.1193	7.3005	3.2852	3.8082	7.8558	3.5136	3.8325	4.8032	3.4001	4.7747	7.6637	4.0788	3.6152	7.5984	3.714	6.3844	4.7366	7.8342	6.9665	3.6517	3.9377	4.0323	7.4723	8.2999	4.2879	9.4402	9.412	5.9785	6.9891
U133A__DNM1	5.6161	5.646	5.4321	5.8578	5.8727	6.6942	5.6352	7.1763	6.4943	8.8086	5.9955	6.2088	7.913	6.0178	5.36	5.3172	6.3878	5.7923	8.6169	8.4682	5.7741	5.5244	7.1578	6.3168	7.6517	5.6249	5.6326	6.4587	6.9409	5.6904	5.7951	5.5233	6.324	5.5619	5.3328	5.261	5.5189	5.5842	5.462	5.8005	8.0049
U133A__KDELR3	7.7574	6.0177	6.3733	7.3768	7.0073	8.4164	5.4499	8.9598	8.6357	6.8337	6.2748	7.8566	7.4485	7.0864	5.1006	5.8854	6.8283	8.3566	7.4494	7.6389	8.6264	6.6977	5.9754	6.0059	7.9155	7.6533	7.7169	7.0497	8.1051	5.3789	5.5027	7.7253	6.8508	6.7554	8.6796	7.3828	7.6741	5.9734	7.0554	7.138	9.1425
U133A__BRD3	8.0335	7.0552	7.9053	8.8741	8.701	8.1861	7.469	7.9278	8.1703	8.9881	7.7792	6.9922	6.8743	8.1244	6.8308	7.1547	8.0223	8.4947	8.351	7.6168	6.5313	7.3688	7.6875	7.6713	7.2378	8.1662	7.3083	8.1786	6.8757	7.9636	6.8199	7.1282	7.3145	6.6386	10.3884	7.1802	7.558	7.3309	7.0895	7.6949	7.5907
U133A__TNNT1	8.2819	4.9891	6.4262	4.9956	8.3311	7.8062	8.8016	7.7009	8.3106	4.9018	7.2426	7.0991	5.6489	5.7277	7.4717	8.1012	5.7509	7.0071	7.2158	6.2792	8.2758	7.1092	6.2331	9.388	7.8218	8.5365	7.2242	6.7944	6.3568	7.4262	4.9607	7.6684	6.2444	5.7386	6.0627	4.8809	8.7274	6.5307	7.3264	7.9068	8.7371
U133A__ID2	8.0734	7.4444	3.4919	9.022	7.2765	8.2608	9.4546	4.5522	8.9987	8.7602	7.2989	8.911	5.122	9.6486	3.8659	8.9669	9.4692	6.8716	7.2985	6.0127	7.966	7.686	8.6926	9.3373	7.6134	7.141	4.5686	9.3071	7.5169	9.9817	7.6966	5.7772	6.8302	6.2331	6.7214	6.8739	7.9709	6.2231	7.4058	8.9398	6.7317
U133A__GRB7	8.3996	10.2608	7.1275	10.6507	7.1976	6.3286	7.053	6.2482	8.3948	6.9301	7.1531	9.4888	6.7622	7.2019	11.2984	9.5524	7.5151	8.0687	6.7119	7.5479	6.7995	6.1629	7.5126	6.6554	6.355	7.4331	6.1061	8.6563	6.8747	7.812	9.662	6.2945	6.9855	6.7471	7.4331	12.4555	7.0393	7.1024	10.4791	7.1442	6.9964
U133A__ACAA1	6.1633	8.8997	6.6984	5.2632	6.5332	6.3551	7.0217	5.9495	6.3772	6.4261	7.1641	7.3011	6.5595	6.1541	6.6504	7.2811	7.0428	6.9482	6.9299	6.3982	6.6822	7.7278	6.912	5.4479	7.0365	7.5844	6.3811	6.9764	7.9024	6.7552	9.1231	6.4906	6.7173	6.0876	7.3427	6.9957	6.6535	6.6359	6.846	6.6572	6.2702
U133A__POP4	6.8419	7.4049	8.5108	7.1197	7.7849	8.0832	7.9172	7.6761	7.8361	7.7486	8.4515	11.1108	10.0044	7.8973	8.0752	6.8166	7.8422	7.7811	7.7881	8.3413	8.1448	8.035	7.5683	7.4469	10.0874	7.6411	8.3447	7.1572	8.2194	7.8404	7.6935	7.7345	7.8677	8.0336	6.7014	8.043	6.8998	7.8231	8.2127	7.5607	8.1788
U133A__RIPK4	6.9369	8.614	8.941	7.3972	7.0338	6.6705	7.0491	6.4881	9.796	8.8061	7.3564	7.6975	8.7888	8.9884	8.8039	8.166	10.051	7.9447	7.9849	9.5888	8.0963	7.4957	7.1495	6.9917	9.6954	7.2635	6.6804	7.1106	7.1915	7.0182	7.6382	9.5498	8.7522	7.4829	8.2037	7.9776	7.8159	7.7129	8.042	6.7148	7.0509
U133A__ARHGDIB	8.5293	8.1199	5.8842	6.4501	7.2463	4.7304	4.7976	6.2259	5.607	6.4063	8.0311	5.4551	9.4922	9.2045	7.5589	7.8056	10.3184	8.841	4.8659	9.2277	6.0753	4.7729	5.4535	5.0219	5.5393	10.2407	10.0378	9.1753	10.118	6.7721	8.9124	5.2272	8.2832	6.2232	9.5105	9.0231	7.7081	6.377	9.6437	8.9659	6.9107
U133A__SLC39A6	7.7971	6.2623	5.3606	8.41	9.7579	7.1998	7.8475	5.9221	7.3674	7.4381	7.3231	6.8048	6.6043	5.6466	7.0401	6.3356	6.5261	6.3182	7.2364	6.9683	6.666	7.9931	10.5732	8.0261	5.5622	7.2093	6.5394	8.0151	6.4029	6.5248	6.2838	6.153	7.6162	7.6329	7.1446	6.6113	7.6467	7.1279	8.8267	9.2532	11.5676
U133A__RHOBTB3	5.0787	5.0683	6.7277	5.1065	5.6136	6.0473	6.2514	6.308	4.9227	5.6696	8.5462	7.9271	7.835	7.275	6.0499	4.2318	6.8141	6.2335	6.566	6.6969	5.985	5.5974	8.3924	6.5413	6.3596	3.3827	7.6414	5.9011	7.025	3.8914	5.5555	5.72	3.8442	6.2604	6.5518	6.8905	7.0476	5.4977	6.662	5.3302	4.6212
U133A__S100A8	6.1706	12.5664	8.3351	4.157	7.7019	3.5813	4.7324	3.8563	3.924	5.4707	9.0826	7.6008	10.1724	11.3533	12.0862	7.7539	11.5807	11.9267	4.6797	8.514	4.0572	4.4943	4.3478	5.5487	4.143	7.8157	3.962	4.2797	3.922	4.6677	11.5551	3.8788	8.6098	3.9747	7.2637	8.5694	7.8125	4.319	12.2071	5.4406	9.593
U133A__CDKN1A	8.2831	7.2923	7.3268	7.7668	9.5202	6.794	7.442	9.6572	8.4726	7.4215	6.9593	8.0665	7.8881	9.2323	8.3044	8.1491	6.6142	10.089	7.0906	7.2666	8.4832	8.0984	8.6455	9.5528	7.835	8.8575	6.9282	9.465	7.5943	7.1964	7.4332	7.7385	9.0587	7.7207	7.994	8.4722	6.635	8.1709	8.8133	8.4019	9.8192
U133A__LANCL1	6.7689	7.9484	6.1735	7.1973	8.0437	7.4032	6.8113	6.0496	8.2676	7.471	7.7845	6.858	6.4065	7.4074	6.1261	6.0262	7.1325	6.5866	8.9228	7.4355	7.3639	6.9245	6.5193	7.6214	7.1381	6.6311	7.2862	7.7475	6.4586	7.6675	9.6917	8.1542	7.0607	7.5143	6.6789	7.4457	8.0595	7.3913	7.8901	8.0387	7.3553
U133A__FGFR1	6.1557	5.7798	5.7379	6.852	7.4678	7.5789	7.3779	7.6334	6.7737	8.6157	6.1787	6.737	5.9285	6.0116	5.8635	6.4269	6.623	6.2015	9.3113	5.9031	7.4059	6.7359	6.0403	11.6578	8.0272	8.3604	7.1029	8.2599	6.0409	6.4628	6.1317	8.3245	5.7774	7.9791	6.489	7.6248	7.2695	6.4819	7.8946	7.4521	7.6142
U133A__WBP5	6.7541	3.6889	6.4769	3.8423	5.822	6.6526	3.4188	8.2125	7.1545	8.993	6.1042	6.1205	7.6216	7.5367	4.0715	3.9169	3.6347	6.549	7.9524	4.1972	6.6648	3.9113	3.5138	3.6334	7.6132	3.816	8.2161	7.0278	3.947	3.6362	3.6496	7.7813	5.9192	5.6305	3.7521	6.6178	5.4815	5.2695	3.583	6.6206	6.4357
U133A__PDLIM2	6.1838	6.4469	6.5686	5.0195	5.6124	8.445	5.1054	6.6544	6.7985	7.5575	4.7108	6.3607	5.2325	5.6691	6.1512	4.6418	6.3079	7.0536	6.8265	6.1954	8.6963	6.1059	5.2037	5.8817	6.625	6.3894	6.7859	4.9201	6.5696	4.5589	7.137	7.7536	6.8021	7.2215	5.3168	5.6906	4.947	5.8226	6.1853	6.1648	6.9082
U133A__NLRP2	6.9582	8.4793	5.0348	7.6657	7.8933	4.764	5.0248	4.7665	4.8855	6.4806	7.8545	5.032	9.1216	4.6322	6.5268	5.4387	8.656	4.7964	7.7795	7.8198	5.2571	4.9573	5.2798	7.4121	7.515	7.621	4.6412	7.7192	4.8763	4.826	6.0291	4.8136	6.4483	4.9886	5.2006	4.588	6.8504	7.7586	8.0687	4.9008	4.7108
U133A__PLK2	5.4424	6.9523	6.867	7.2092	5.1939	8.3725	6.0463	9.2903	7.0513	6.4452	6.2027	5.7464	8.2452	9.2273	6.818	7.1315	8.4373	6.6563	7.0758	8.5326	7.8286	6.7947	7.5027	6.8697	6.9099	8.1218	6.1725	7.2951	8.1968	8.4353	5.3432	5.2835	6.169	5.4839	8.784	8.1345	7.3299	8.5802	6.9561	6.1403	5.3885
U133A__PPFIA1	8.222	7.9599	7.9301	7.1884	7.8838	7.0274	8.5832	5.7449	8.3418	8.344	7.1162	7.0373	7.8089	7.7219	8.2808	5.7476	7.2867	7.3136	7.6061	7.4591	6.8513	7.8672	7.3332	10.3877	7.0079	8.1786	7.4321	8.5446	9.1744	8.4555	7.0867	5.8705	7.8299	6.9337	6.6913	8.1568	7.8003	6.829	7.449	8.544	8.682
U133A__C4orf19	7.472	6.995	6.1152	5.7927	6.3656	5.2571	5.9706	5.8058	5.259	4.7316	6.7285	5.4242	6.6961	7.585	5.7606	7.2136	10.2326	6.1892	5.0874	6.2435	4.9288	5.7074	6.7407	6.5187	5.4766	6.6493	4.9949	7.6176	8.3724	6.8461	6.9588	5.0222	4.9962	5.2601	8.0656	6.9566	7.7508	8.4822	7.0379	5.3883	6.2493
U133A__PI3	5.4605	6.0659	5.7651	5.2747	5.1541	5.6851	5.4395	5.4688	5.4843	5.4682	5.3716	9.0288	9.8906	11.7417	7.4857	5.3839	6.3272	8.0137	5.3872	10.9352	5.6048	5.2401	5.4199	5.3788	6.6699	5.4661	5.3969	5.2653	5.5095	5.6113	5.7414	5.7132	10.5138	5.7526	5.6718	6.9128	5.2888	5.0395	5.2202	5.1343	5.3184
U133A__RAI14	5.8045	6.8528	7.6505	6.5191	4.7329	7.1977	6.3754	8.5524	6.2722	5.5801	7.0817	6.0818	7.393	5.9586	7.2175	5.1903	4.9184	8.4573	6.3942	8.6065	6.5584	5.6957	5.9513	5.9509	8.3284	6.7127	7.995	7.088	4.6179	5.8292	6.033	4.3547	5.7551	7.8314	6.3683	4.7881	6.0277	5.7235	6.4105	4.2361	5.793
U133A__LIMCH1	6.0867	7.0559	7.0651	5.9547	4.5506	3.4312	4.4364	6.1294	6.6193	6.9381	3.4256	6.7857	4.222	6.9595	5.566	6.6578	8.4483	5.7588	5.1467	7.6226	5.4328	4.0459	3.9423	6.553	4.4139	6.8992	6.5312	5.033	5.5271	6.2939	6.1873	3.4676	5.11	6.8599	8.4582	8.2485	7.9542	4.2224	6.6392	7.7023	3.813
U133A__ERBB2	9.3202	12.1579	7.8098	12.0098	9.58	7.0802	8.4009	6.6464	8.7493	7.9295	7.6523	11.8139	7.294	7.8108	11.5446	12.1228	9.3757	8.9136	8.1445	7.98	6.6782	7.0358	8.5128	6.8815	7.0918	9.2857	6.6117	11.035	7.8448	10.215	11.611	6.9193	6.6093	7.3643	8.4025	13.0449	7.652	8.3078	12.1946	9.1095	8.3688
U133A__SUSD4	6.6086	6.9508	6.4035	6.7363	7.677	6.2558	6.0884	5.9114	8.035	9.813	6.3402	6.2625	6.3492	7.6664	6.2718	6.2591	6.1387	6.5387	6.4985	8.0919	6.1728	6.4318	7.0102	8.3366	6.7017	6.6934	6.3552	6.9363	6.3086	7.1127	6.7029	7.0237	6.5651	6.4004	6.1749	6.0546	6.7666	6.2368	7.3472	7.9352	7.4194
U133A__PTEN	6.0913	6.269	6.3825	6.7616	6.5673	6.7866	6.3073	6.2833	7.0194	7.0259	7.696	6.2325	8.17	4.6058	7.0343	7.1806	5.6098	4.8611	5.0714	5.7272	7.3598	6.9642	7.2994	7.083	7.3628	6.987	7.1792	6.1864	7.1573	6.7947	6.2051	7.5944	4.527	6.9457	7.5813	7.3894	6.3954	7.375	7.731	8.3939	9.5046
U133A__IL17RB	7.8873	5.2466	6.0934	6.843	6.2471	5.4904	7.3323	6.0119	7.4661	7.126	7.2657	7.2222	5.3553	6.507	5.8397	6.6872	5.6375	6.1953	5.9681	6.8122	5.8206	6.4179	5.8688	6.2372	5.2065	7.0024	5.0123	8.7116	8.1319	6.924	5.5917	6.0384	5.6864	4.3868	5.6571	6.3158	5.6092	6.6666	5.8909	6.2496	7.187
U133A__CTSL1	7.8798	7.8217	7.3628	6.5576	7.0167	9.757	7.4496	7.435	7.0288	6.4798	6.048	6.8949	7.4235	7.4542	8.3773	5.337	6.2641	7.0943	8.2269	7.8047	8.3916	7.4346	7.6	8.0089	8.9738	6.7347	7.4494	7.8617	7.5577	5.7749	7.5965	10.5886	7.5244	7.4769	6.9951	6.5554	7.7098	6.1703	7.8203	6.2306	6.448
U133A__CALML5	9.1843	4.9355	4.4468	7.506	5.0858	4.3927	4.4391	3.9667	7.0081	4.7674	4.4988	3.976	7.0929	6.2387	4.7763	6.2877	4.6611	5.6873	4.1746	7.6889	4.3762	4.2787	4.7548	3.9299	4.0226	5.8142	4.3322	9.4476	4.2781	8.6032	3.8489	4.0363	4.425	4.5789	10.2072	8.829	4.1725	4.0406	4.8753	4.1623	4.0767
U133A__SPRY4	9.1625	7.666	6.7206	7.0909	6.6778	6.1402	6.2326	6.2548	6.5822	6.2255	6.1928	6.858	6.8281	6.4451	6.6843	7.6043	6.3436	6.0899	6.4449	6.0177	6.9419	6.1993	6.3284	6.8972	6.7042	8.6704	9.0079	6.9669	6.9797	7.1359	7.2561	6.6597	6.6632	7.669	6.9477	7.7472	7.2227	6.3081	7.6452	6.1551	6.3391
U133A__NRIP1	5.5528	7.2417	7.4096	7.0521	7.9732	4.3597	5.9207	7.3447	6.3574	6.5283	8.4802	5.5339	7.3417	7.1886	7.2016	4.8924	7.5251	6.4286	8.3895	7.2883	5.6035	6.477	8.2701	9.7614	7.0626	7.0664	5.2151	8.0484	6.1913	8.4174	5.9009	3.7583	6.4733	5.6841	7.5076	7.1235	6.9367	7.2135	7.6569	6.1168	6.4789
U133A__STEAP1	3.7161	3.9583	3.7114	4.1853	4.1123	3.7128	3.5633	4.3669	4.1825	3.8446	3.9806	4.3958	7.2176	3.6303	4.5839	5.1658	7.2723	4.4257	6.4105	6.2642	5.633	4.0483	3.9447	3.9628	4.2744	5.8621	7.3482	3.7494	4.4603	3.6677	3.6879	8.1299	7.6142	8.5636	5.8578	6.6618	7.2567	4.7198	4.0482	3.8274	4.0184
U133A__G6PD	7.419	10.257	10.9347	7.6085	8.2352	8.511	8.3055	8.4506	7.1968	6.9496	9.2814	8.0679	9.3686	7.6264	10.5808	9.6087	7.7827	8.1939	8.8272	8.4124	9.0366	10.2266	10.4884	8.2878	7.8584	9.4783	7.5137	10.8347	8.9439	11.0569	9.6004	7.0779	9.3761	8.2127	10.0446	10.6344	8.6083	7.5745	8.9033	8.575	9.736
U133A__EGFR	6.5405	8.8087	11.1948	9.1916	5.4966	8.9985	4.6032	7.5795	8.5853	8.75	5.4451	6.1574	10.0365	8.0004	9.7369	8.7474	10.2614	7.8659	7.3722	9.5572	8.9579	5.5013	5.3316	4.5102	8.86	6.0289	9.7841	6.2142	4.6987	5.0824	8.0587	7.8138	9.152	8.0666	4.8664	8.4192	4.2139	6.1317	6.387	8.1672	4.7772
U133A__GPRC5A	7.4835	8.1924	10.8478	6.6047	8.4387	6.411	7.0096	7.2709	8.9953	5.7325	6.94	5.5498	8.3772	7.6094	9.252	7.803	9.0365	8.5419	8.7773	9.0299	7.3729	7.7901	8.8337	7.6604	5.9316	9.2595	8.1985	7.3947	8.0719	6.3931	6.2926	5.6671	10.3479	6.9332	9.4321	8.0798	7.8656	6.8201	8.9387	6.3194	6.9714
U133A__TPM4	7.5354	5.8557	6.4431	7.0182	5.6134	8.444	7.8344	8.6083	7.5265	6.9576	5.253	7.0015	7.1745	8.3884	7.7741	6.8116	7.5146	8.8621	8.0885	6.9763	8.6658	7.2559	8.5262	6.3231	8.5185	7.7302	7.3272	6.6417	6.7652	6.6924	7.4954	9.1089	8.7288	7.4332	3.4831	6.4929	4.6367	4.0479	6.0027	6.1841	6.0462
U133A__VOPP1	7.6593	8.9	10.3657	8.5874	8.6245	9.115	6.7288	7.963	7.8547	8.4462	8.1704	8.7079	8.1822	8.5	9.3412	7.7637	8.1654	8.6527	8.625	9.6986	9.4578	8.491	7.8327	5.7953	8.7511	8.4591	9.3697	8.6993	8.6485	6.2355	8.0525	8.391	9.1371	8.7429	8.9762	8.858	7.9485	8.3646	9.5798	7.1938	8.6987
U133A__MAGEA6	4.1337	10.693	11.5841	4.2307	9.8056	4.0703	3.9456	4.1086	4.2992	4.86	11.4676	3.9504	10.0407	4.0099	9.9063	8.6699	3.986	9.5413	4.4473	6.445	9.4312	4.0506	4.1283	4.1417	8.6643	4.1481	10.9078	3.9064	4.9708	4.038	10.2216	9.7426	3.9341	10.1877	8.205	10.544	4.2629	4.3884	3.8095	7.8366	9.4051
U133A__CTSC	6.462	7.8213	7.5029	5.6429	6.511	8.7733	6.0613	6.6398	7.1267	6.1393	6.1285	7.7895	8.61	7.1706	9.9228	7.5757	7.5029	7.5712	9.5726	9.4375	8.1937	5.3937	6.3418	5.3429	7.5387	6.0198	8.1208	6.9996	7.2767	6.7308	7.4898	5.6283	9.7333	8.6939	5.451	7.092	5.3268	6.5055	5.8231	6.0762	6.4382
U133A__GATA2	5.8131	6.4959	7.1069	7.0628	5.9166	5.8371	6.0767	6.2741	5.5235	5.1149	6.8274	6.0557	6.199	6.531	5.905	7.2357	7.617	5.5053	6.3955	5.9139	7.2402	6.6668	6.4408	8.5363	5.4748	6.7948	6.4999	6.0874	5.9896	7.0691	7.9656	6.0365	5.4024	6.4666	9.1988	6.1651	6.9075	6.2461	6.4558	5.9673	6.3448
U133A__CASC3	8.0662	9.5254	7.1666	7.896	7.8331	7.3214	7.8822	7.6086	7.4055	8.0717	6.9048	7.4362	7.247	7.6934	7.357	6.7513	7.24	7.5153	7.5471	7.7717	7.1902	7.2305	7.0158	7.7874	6.8132	7.0879	7.6189	6.8153	7.1054	6.3196	9.5638	7.2235	6.6186	7.6981	6.8808	7.2259	7.7518	8.0652	10.4373	7.5613	7.8892
U133A__PIP4K2B	7.8862	6.6107	7.0165	9.8599	7.7197	7.1591	7.569	7.0386	7.1207	7.5916	6.9668	7.0594	6.8351	6.7596	6.8871	8.6439	7.1826	7.0901	7.5117	6.7227	6.8105	7.3119	7.0962	7.674	7.3301	7.2063	6.9886	7.9518	7.133	7.2262	6.8396	7.4959	6.8553	7.2147	6.9198	6.8061	7.0625	7.5086	10.0377	7.1649	7.4004
U133A__TNFRSF21	6.9434	7.383	9.0393	6.2411	5.8168	7.6132	6.2938	6.7414	9.4794	6.2643	6.3644	8.9963	8.8483	7.9123	8.4644	7.3763	8.9154	9.1783	7.7884	7.9115	10.028	7.0946	6.9593	7.6411	8.7664	8.4893	9.2021	7.3706	7.6864	5.8836	6.6581	6.831	9.0621	5.5389	7.9016	9.2553	6.9565	7.1457	7.9318	5.8725	6.4674
U133A__CBX1	8.4414	6.701	8.4954	8.128	8.569	8.3009	8.5655	9.3982	8.5777	8.5155	8.4208	8.4249	7.6401	8.1699	8.0173	7.215	8.5637	8.7994	9.1475	7.7093	7.9956	9.3734	9.1815	8.776	8.3982	8.2793	8.7068	9.3827	7.8836	9.1379	6.7832	8.6748	7.5322	8.0114	7.2854	8.7875	8.6622	8.8604	8.3903	8.4396	8.951
U133A__HMGCS1	4.7548	6.6928	6.068	8.4489	5.7519	6.6066	5.2763	6.4192	6.7535	7.7171	7.8134	6.283	6.4676	6.3959	6.2914	5.3217	7.887	6.3859	6.4413	6.6387	6.5232	5.2901	6.2517	7.4989	7.1959	6.4676	6.68	6.8716	6.897	7.225	5.5922	4.89	5.3679	5.1532	6.8847	8.9645	5.7117	6.1708	6.9066	5.231	6.3642
U133A__MAGEA12	3.4909	8.5934	9.1314	3.6742	4.3691	3.6666	3.181	3.5745	3.5403	3.6563	9.3479	3.4526	7.9929	3.1286	4.8389	4.2491	3.4203	4.1481	3.6093	3.9717	8.1449	3.2079	3.8575	3.4049	4.8922	3.17	5.6798	3.8532	3.9622	3.4557	6.8693	5.2006	3.1928	8.1218	3.5872	8.4059	3.7137	3.7545	3.4816	6.3265	7.8246
U133A__AUTS2	8.2188	8.3114	4.5825	8.4291	7.2653	7.3927	3.7114	4.054	5.8691	8.7868	6.4949	8.1057	6.1945	7.6533	4.4486	7.6466	8.6231	6.8757	5.9822	8.5624	4.3504	6.3258	5.1607	5.2775	4.39	8.7609	4.093	3.561	7.8198	8.4658	6.084	4.5523	3.3971	4.0043	7.8252	9.0873	7.7387	7.5901	7.1483	5.5548	5.9426
U133A__SIGMAR1	6.6971	6.5491	6.838	6.1648	6.5551	7.9344	7.2072	6.9764	6.412	5.4856	7.8107	8.1394	7.1604	7.205	7.5661	7.2087	9.6869	7.4714	6.4308	8.8252	7.3157	5.0659	6.1284	7.3123	6.6512	7.3871	7.697	8.0006	7.3732	7.4685	6.7951	6.3222	7.6779	8.1156	6.6905	6.504	7.3958	7.4854	6.5551	6.6602	7.5516
U133A__PLA2G16	7.1982	8.495	6.5464	8.0667	6.7911	5.2454	6.3602	7.3149	6.5026	6.8197	7.8318	5.449	8.3152	7.9048	6.0987	8.1864	8.3904	5.2744	7.1345	7.8377	6.4017	6.4259	7.1985	9.0873	8.8867	7.7284	8.576	5.7546	9.345	5.7119	8.4557	5.8096	8.2032	7.7789	6.2083	6.7106	9.2644	9.5939	8.748	5.3636	5.4294
U133A__HOXB2	6.0505	5.9357	6.2883	6.0159	6.7451	6.7829	6.0399	7.5612	6.2953	5.893	6.4622	6.1373	6.8592	6.0035	7.0432	8.8635	6.559	6.0844	6.9561	6.9785	6.4968	6.0448	6.3047	6.222	6.1531	8.0353	5.9345	6.3016	7.5786	7.0712	5.9492	6.2154	5.8979	5.7417	6.023	6.5936	8.0069	7.8088	7.6081	6.018	5.7583
U133A__PLIN2	5.4596	5.5553	6.7467	6.2866	5.6251	7.1913	6.2276	6.8111	6.3505	7.2035	6.5559	6.8593	7.4369	5.9231	7.2854	6.944	4.7903	5.1821	6.5813	8.6822	5.4414	5.7692	5.7808	5.7218	8.9755	6.506	7.4888	4.9391	5.1107	5.3351	5.6025	5.392	7.0003	4.8307	5.2846	6.4068	4.9712	6.5803	5.9229	6.4567	6.1675
U133A__BNIP3L	6.9596	6.2052	5.6322	8.103	7.7679	8.6934	7.3541	7.1476	7.3395	8.3008	5.2278	6.0727	5.3145	6.0933	4.5581	4.9433	8.0548	6.343	7.0537	6.2095	7.0532	4.6164	7.3856	6.4527	5.59	7.7427	6.7753	6.9296	7.1868	7.2602	6.0024	7.387	5.6349	5.8446	7.6413	7.8026	7.5988	6.5657	9.1955	9.4425	7.1327
U133A__LASP1	9.5381	8.8228	9.664	11.8925	9.0713	9.1628	9.3673	9.334	8.5106	8.657	8.8387	8.7288	9.609	9.423	9.7487	10.5579	9.9354	8.9098	9.4553	9.1961	8.8766	7.5227	9.3005	9.6931	9.5261	8.2583	9.5882	11.114	9.393	9.1818	8.5311	7.9899	9.1735	9.2861	8.7128	8.7215	7.7283	9.741	10.3033	8.6075	9.0406
U133A__FKBP11	7.9289	6.4379	5.5652	6.3087	6.0502	6.2289	6.1656	8.2107	6.6499	7.5506	5.6176	7.9529	9.0723	7.8138	5.4419	6.5442	5.5132	5.3126	7.9303	6.8288	8.0248	6.7806	7.6343	6.1916	6.2166	7.3477	5.901	7.3897	7.3281	6.3326	6.706	8.2381	7.5382	9.006	6.0829	6.3245	6.5844	6.1287	7.3544	7.7315	6.2447
U133A__SFRS6	5.1027	6.4503	5.5985	6.1503	8.7222	8.5327	6.3893	5.6049	6.1256	5.2021	6.5156	5.1361	4.9718	5.3161	5.411	5.4741	6.7121	5.1546	7.6094	5.018	8.5848	5.8865	5.7259	7.5059	7.9648	6.813	7.1058	8.5154	5.9907	6.083	5.5542	8.1771	5.4189	6.0867	5.3898	5.2692	6.619	5.7387	5.2859	5.8011	6.6038
