Cell lines	600MPE	AU565	BT474	BT483	BT549	CAMA1	HBL100	HCC1143	HCC1187	HCC1428	HCC1569	HCC1806	HCC1937	HCC1954	HCC202	HCC2185	HCC3153	HCC38	HCC70	HS578T	LY2	MCF7	MDAMB134VI	MDAMB157	MDAMB175VII	MDAMB231	MDAMB361	MDAMB415	MDAMB436	MDAMB453	MDAMB468	SKBR3	SUM1315MO2	SUM149PT	SUM159PT	SUM185PE	SUM52PE	T47D	UACC812	ZR751	ZR7530	ZR75B
Response	-1	1	-1	1	1	-1	-1	-1	1	-1	-1	1	1	1	1	1	1	1	1	-1	1	-1	-1	-1	1	-1	1	-1	-1	-1	-1	1	1	1	1	-1	1	-1	1	-1	1	-1
U133A__SIK1	5.5407	6.6616	4.9096	5.4238	6.6913	5.4221	5.3659	7.7282	8.163	5.4636	5.4409	6.6593	5.7017	6.0411	5.9479	5.3807	7.5037	6.582	5.9786	5.4702	6.3386	6.4975	5.7459	5.7844	5.5274	5.4881	5.517	5.6329	6.3212	4.9697	6.495	5.7079	6.6356	7.7926	6.1986	5.6693	6.413	5.5653	6.0509	5.3543	6.0703	5.5297
U133A__CTSH	7.7912	7.8723	7.1516	7.8606	7.6416	5.9081	7.2351	8.2239	6.6067	7.394	8.0708	7.8029	9.1521	8.9282	8.7475	7.4304	8.2436	7.9671	9.1895	6.2436	7.3984	9.0816	6.3329	6.9505	8.1891	6.9421	6.8663	7.6441	5.5631	6.3931	9.1441	7.6669	7.427	8.1701	6.6331	5.5263	7.2394	7.1167	9.3313	7.7488	8.5733	7.101
U133A__KRT4	6.9644	10.0722	5.5598	6.021	5.6361	5.6631	5.1239	6.5386	5.5032	6.0737	5.8991	9.4795	11.8723	5.6528	8.7042	12.978	7.2059	6.06	11.0246	5.7431	5.5836	5.7032	5.4862	5.5855	6.3982	5.4281	5.8633	6.9905	5.5127	5.5702	5.7597	9.9403	5.9632	5.8219	5.4273	5.8027	7.1576	6.1567	7.2326	5.8672	6.964	5.5862
U133A__BACE2	9.3765	8.281	6.3105	6.1423	6.0657	5.3419	6.603	7.5574	6.834	6.793	7.912	7.5191	7.95	7.8842	7.7563	9.2403	7.9159	7.0988	9.2209	6.3671	7.1378	6.2433	5.9436	6.2496	7.3922	6.7457	6.6809	7.7806	6.3089	5.4893	8.2188	9.4037	6.7943	8.3682	6.6684	5.4672	6.8133	7.5997	8.4457	6.8962	7.3362	6.4187
U133A__EPAS1	7.5586	9.4435	6.5628	6.6454	7.1099	6.6122	7.581	6.878	5.9279	7.9068	9.1876	9.0687	8.1309	8.2067	8.4481	11.134	8.0527	8.9875	8.7955	7.4187	9.242	7.7912	8.5965	8.4085	9.4821	6.3178	8.0953	7.8271	9.2692	7.9185	8.6953	9.5402	6.3055	8.8077	8.0257	8.9549	10.3129	7.6909	9.5309	7.7552	8.2398	6.3461
U133A__SDC2	7.6839	4.4758	5.471	5.8173	4.5404	5.3484	4.9752	10.2929	6.6377	9.2915	8.7747	4.4879	4.6024	4.7327	7.4159	9.7014	7.0364	7.5149	4.7632	8.8181	4.7019	6.728	7.8196	9.0147	5.4896	7.431	4.4419	4.9399	6.4263	5.0457	4.3422	4.8889	6.2214	4.7253	5.4138	6.0161	4.9022	6.7886	5.683	4.8569	4.8693	6.2833
U133A__KRT7	10.1211	11.0636	10.6804	10.0912	3.555	8.9173	5.3362	9.7258	8.9656	4.8813	7.8858	9.3769	10.4135	11.0505	10.8063	10.5188	10.3118	9.5229	9.7402	4.6072	6.1713	6.5574	8.418	4.0198	10.127	8.702	10.5889	10.3833	4.1635	9.0756	10.5973	10.8183	3.5269	11.4685	10.7265	10.5658	9.6603	6.9013	10.3015	6.8825	8.9429	5.5108
U133A__MALL	5.9594	9.6574	5.7996	5.7681	5.5609	5.355	5.4016	7.6983	5.6344	5.9818	6.1853	8.6162	9.3676	10.0543	8.2866	8.4348	6.8244	7.0931	9.9715	5.675	8.3023	6.3252	5.9264	5.4322	6.7314	5.8379	5.7292	6.607	5.3331	5.6076	7.7222	6.8833	7.6292	6.4668	5.7006	6.9903	5.6005	6.0371	5.9517	5.5443	5.6336	5.7131
U133A__DERL1	5.475	8.3416	5.9092	6.4988	6.0889	5.9957	5.5655	5.7088	5.9916	7.7607	5.6934	6.8211	6.503	7.2959	5.6843	8.4643	6.2926	5.7426	6.9287	6.1283	6.7508	6.2364	6.6886	6.4555	5.8625	5.6717	5.9146	5.5712	6.2623	5.5019	5.8745	8.4292	6.1425	5.7119	5.7651	6.4365	7.6148	6.2023	6.4948	5.956	6.8543	6.161
U133A__CSTA	3.3672	5.2138	4.492	3.8183	4.0291	3.9406	3.9232	3.8298	3.1942	5.5298	4.8696	10.7546	10.2411	6.2854	4.2378	4.0758	8.8013	5.8523	8.0961	4.0575	4.9609	6.884	3.5562	3.861	9.2798	3.9751	7.9998	4.3999	3.7416	3.701	3.5472	4.7564	4.0488	8.603	4.9863	3.2478	4.8553	4.1182	3.3322	9.6093	3.6782	3.562
U133A__S100A2	5.7104	5.2629	5.0266	5.1361	8.7308	5.1261	9.3678	11.8664	8.1017	4.6494	5.0442	12.1145	9.7223	9.938	6.7237	5.0393	12.6387	7.9326	10.0914	6.775	6.5171	4.9131	4.8508	7.9401	6.4604	5.843	5.1111	6.0773	7.1644	4.8966	8.4703	5.6079	8.4846	10.926	8.9102	5.3655	5.9202	5.5082	5.3582	5.3529	6.4182	5.7302
U133A__NMI	5.4002	6.3355	5.7453	6.2096	6.1877	3.8738	6.686	5.7535	7.1553	4.6454	6.3539	7.9995	8.664	7.9398	6.1445	6.8946	7.0581	6.7868	8.4223	6.1866	5.3983	5.7694	4.0752	7.4026	5.436	6.8466	6.5341	3.9968	6.5408	5.6363	8.6585	5.8808	6.4119	8.0871	6.5488	4.6572	5.5115	4.7055	6.0912	6.4388	4.0133	5.2935
U133A__PTEN	6.0913	6.269	6.7616	6.5673	6.7866	6.3073	6.2833	7.0194	7.0259	7.696	6.2325	8.17	4.6058	7.0343	7.1806	5.6098	4.8611	5.0714	5.7272	7.3598	6.9642	7.2994	7.083	7.3628	6.987	7.1792	6.1864	7.1573	7.4404	6.7947	6.6651	6.2051	7.5944	4.527	6.9457	7.5813	6.3954	7.375	7.731	8.3939	7.1754	9.5046
U133A__ID3	6.5887	8.2017	6.292	4.9436	9.0818	8.7673	6.8911	6.2882	8.7247	5.5829	4.654	7.8635	9.1626	5.6262	9.7219	9.16	7.4433	9.2935	8.3717	8.8993	7.6416	7.6832	8.4068	8.3992	7.0932	8.1135	7.6525	8.5874	4.423	7.9443	7.0461	8.3927	8.1339	8.6072	8.571	6.0519	8.38	7.5964	7.2625	7.3309	7.6576	7.1219
U133A__SHOC2	6.4196	6.4652	6.926	7.4526	6.3936	7.5677	6.6822	6.5926	7.2378	8.2063	5.6342	7.8995	6.1507	6.0135	5.6852	6.8143	6.356	6.268	7.263	5.3781	6.6247	6.8352	7.1692	6.6768	6.7138	7.1528	7.9108	8.2722	7.2903	8.0058	7.0351	6.3408	6.6276	5.6485	6.6845	7.9337	6.8114	8.0742	7.641	10.5269	6.9367	9.7141
U133A__RIPK4	6.9369	8.614	7.3972	7.0338	6.6705	7.0491	6.4881	9.796	8.8061	7.3564	7.6975	8.7888	8.9884	8.8039	8.166	10.051	7.9447	7.9849	9.5888	8.0963	7.4957	7.1495	6.9917	9.6954	7.2635	6.6804	7.1106	7.1915	6.6007	7.0182	9.2631	7.6382	9.5498	8.7522	7.4829	8.2037	7.8159	7.7129	8.042	6.7148	7.4084	7.0509
U133A__PPL	7.2713	8.6978	7.5989	7.4733	5.343	7.0375	5.1253	7.7172	7.1606	6.3943	5.6236	8.6777	7.8406	6.9215	7.4366	9.0138	6.3552	6.8729	8.4826	4.9562	8.1627	7.1625	6.2894	4.9658	7.221	5.0623	8.1619	8.0623	5.8596	6.3576	4.7159	7.8424	6.0512	6.4286	4.7362	7.7004	7.1074	6.9717	8.5963	6.9001	7.4454	7.5252
U133A__S100A9	7.9647	11.9201	5.7847	6.7985	5.4442	5.8403	4.9458	6.0309	6.2418	6.3714	8.7074	8.3063	10.7464	12.1734	7.3804	12.1265	10.5052	5.607	8.7234	5.5487	4.8491	5.2184	5.2175	5.4068	11.3006	5.0361	5.7072	5.0373	9.8176	5.4591	11.588	10.8214	5.383	7.9261	5.5795	6.5783	7.8847	5.9403	11.6483	5.5256	5.3227	6.655
U133A__EMP1	6.5915	6.3958	5.0881	5.0017	7.0257	3.4401	4.9083	8.7769	3.0985	3.053	3.4966	8.7768	9.395	6.5596	3.3468	6.9316	8.1768	7.9686	9.811	7.0502	3.0761	3.2399	3.5147	5.1524	6.6583	7.7947	4.2229	7.3056	7.4591	3.2898	7.0991	5.2264	7.5455	8.5932	7.733	3.5142	7.6672	3.1839	6.04	3.7279	7.3995	3.3071
U133A__SDC1	7.7805	8.9564	7.34	8.0596	6.396	7.35	6.6208	6.8305	8.6221	6.73	7.0919	7.2113	8.2425	7.4928	10.0456	7.8995	7.043	6.0373	8.8431	6.7277	7.6374	6.5287	5.6989	6.5597	10.0445	6.9291	7.3329	7.3949	5.8591	7.469	6.9685	8.3341	5.6999	6.0831	5.4268	9.4931	8.0011	6.2336	8.0672	6.6757	8.7536	6.7627
U133A__ASPH	5.3746	6.8366	6.5254	8.1324	6.8716	5.3035	6.6723	6.5755	6.2036	6.0212	7.3679	7.8645	7.2219	8.1345	4.4642	5.177	5.7293	8.8405	7.2005	8.9386	6.6102	5.3359	6.6341	7.0177	8.5437	7.5871	7.8154	6.9904	5.8901	8.6886	6.3256	6.7725	7.7094	6.3051	7.5512	6.0606	8.6961	5.212	8.2391	5.9685	8.1709	5.6668
U133A__TGFBI	5.9683	6.9042	6.5837	5.5476	6.1062	5.7755	7.9789	5.3076	9.9085	5.8022	5.705	8.7344	7.4678	9.0113	6.0496	7.0812	6.6511	11.1168	10.6715	11.2079	6.2419	8.2212	5.6705	10.843	6.2392	7.7059	5.9087	6.0484	6.6849	5.846	7.5198	6.7466	11.8115	10.622	11.553	5.5123	5.6781	5.5711	6.5084	5.5391	5.9796	5.3747
U133A__FGFBP1	6.1965	5.9643	6.2317	6.0306	6.0087	6.0549	6.1782	7.9137	6.4222	5.8326	6.1927	9.4132	8.8245	6.3854	6.5978	6.9877	9.3619	7.9677	9.2637	6.2197	6.3322	6.2949	5.9408	5.8681	6.0405	5.8598	6.0973	6.9935	6.3185	6.0582	7.8898	6.3467	5.9731	7.9884	6.3369	5.9495	5.9557	6.0645	5.75	5.7739	6.4898	5.7076
U133A__OSBPL9	7.2376	8.5126	7.4145	8.1395	8.1616	5.8039	7.9634	7.1931	8.9375	9.0068	6.9584	8.6277	8.4822	7.1002	5.7205	10.4561	8.0149	7.7603	8.8407	6.8305	7.6955	7.4043	6.0714	7.9846	6.5437	7.68	8.3011	7.6034	8.5402	5.8251	9.1776	7.9799	6.7672	8.4488	7.9526	6.2279	6.5777	7.7101	8.2348	5.6482	7.2609	6.1438
U133A__LDHB	4.1912	9.5557	7.7198	7.4019	11.1499	3.7442	10.385	10.2809	11.5671	9.3184	11.4528	11.4705	11.0616	3.5408	6.3778	11.1987	10.7072	11.2496	8.8148	11.0885	3.5489	4.7582	3.8705	10.5632	11.012	11.6052	10.7455	9.8168	11.3903	3.3627	7.3532	10.4303	10.9508	11.7129	11.5033	3.5016	10.3626	4.7713	8.3895	3.3083	4.5865	3.6779
U133A__RPS11	8.733	5.8508	7.4744	7.2067	7.6569	6.6613	10.6295	7.6723	6.1	7.294	7.0191	5.7544	6.6921	7.6675	7.8685	6.7869	6.3032	7.2814	5.7429	8.4126	9.6242	7.3204	7.1407	7.695	7.8463	8.7658	7.2222	7.9554	7.5845	7.207	8.088	10.1389	6.8246	6.6546	6.9884	7.0745	6.37	6.8314	5.6956	7.144	7.1044	5.9172
U133A__TMEM45A	3.9251	5.6223	3.8356	4.4014	7.0954	4.067	4.7032	5.7298	5.2926	3.536	5.1283	6.8653	8.9616	7.9155	4.2052	6.9156	6.3791	5.8904	8.43	6.0737	3.7106	4.2822	4.5262	6.6374	6.9656	5.4727	3.5937	7.3845	7.4182	4.0045	8.1284	5.9107	7.7047	7.3691	5.9503	7.837	8.6357	3.6449	8.7797	4.7818	4.084	3.96
U133A__KANK1	5.1845	6.3431	4.4629	5.8517	6.3967	4.9071	4.5114	7.1835	6.6344	4.4494	7.8058	6.3191	6.8472	5.5078	4.8784	4.5401	6.1554	7.7999	8.4046	6.2557	5.5361	5.3198	4.7946	4.5636	5.0467	5.6924	4.7356	4.2955	5.8591	5.7617	6.8357	5.8712	5.7353	5.6835	7.4	5.007	6.1543	5.6976	6.0245	5.7133	6.432	6.2831
U133A__NEDD4	5.8766	5.7439	5.8644	5.7051	8.7922	7.1953	6.1936	5.5039	5.1218	6.4833	5.2576	5.4214	5.58	5.8284	4.7364	5.4936	5.4286	5.4974	5.2635	6.0369	6.1024	5.4419	6.1074	6.471	5.8631	8.2282	6.2391	6.6502	7.6668	6.199	6.5735	5.913	6.1135	6.0024	7.5448	7.4447	6.7903	5.6626	6.515	6.1297	5.6007	6.457
U133A__IFNGR1	6.2688	7.5228	6.3571	5.4815	5.8801	5.2355	5.7804	6.8528	8.334	4.6056	6.7327	8.5441	8.1554	6.8216	4.8815	8.3696	6.9811	7.6443	8.2171	6.8533	6.2653	5.2145	6.2502	7.4998	6.6431	6.5338	6.6722	6.1714	7.2957	6.5028	8.8206	6.212	6.5564	7.4746	7.0159	6.9089	6.8947	5.0929	7.0664	5.7274	6.1177	6.2415
U133A__CCNE1	6.8741	7.656	6.0468	6.445	6.8969	7.2893	6.4485	7.2019	7.4141	6.8348	10.73	9.2363	7.2786	7.4831	6.9354	6.9815	7.6167	6.8902	7.2455	6.758	7.6532	6.6415	6.293	8.9341	7.247	6.0525	6.3022	6.87	6.7345	6.3794	7.7478	7.0469	6.7699	7.6627	7.2453	5.2141	6.1398	6.3324	6.5824	6.3656	7.0144	7.2583
U133A__CLDN4	7.8095	7.8886	7.4307	8.0102	4.3947	6.203	4.3468	7.5458	8.2974	7.4553	7.4055	6.5293	7.7536	7.9433	8.4582	7.7545	7.8168	6.8585	7.604	4.6864	7.6706	6.9713	6.7166	4.3184	9.4105	4.2514	7.1352	7.4668	4.2431	6.7302	7.1481	8.1243	4.5668	6.7523	3.8645	9.26	6.2457	8.066	7.7975	7.5057	8.4006	6.617
U133A__PHF11	6.8572	6.8199	6.1094	7.5155	4.6492	6.1965	5.5944	6.3952	8.6781	5.6711	5.5715	5.9209	6.1798	6.3456	5.9198	6.8223	6.0406	6.8884	8.1456	5.5505	5.9869	6.4986	5.6302	5.53	6.6321	5.6441	6.368	7.2591	6.5993	5.8747	8.1765	5.8702	6.4841	6.3897	6.1046	4.2574	5.6881	5.8207	8.1203	6.3191	6.6798	6.1857
U133A__RHOB	10.4942	9.873	11.0388	10.4831	6.7962	11.0472	8.3443	6.5967	5.3472	11.2735	6.8223	5.304	6.3977	6.8571	10.6523	9.5881	6.7605	5.6554	4.5314	6.3916	9.3614	9.9117	11.0411	7.4355	10.1894	6.7163	10.5222	9.9235	9.2453	10.7721	7.3136	10.9564	5.3243	5.6316	8.7454	9.5754	9.765	9.1037	9.9938	10.6561	9.3275	10.3209
U133A__CBR1	4.6632	8.0566	5.0839	5.9771	8.1128	6.1108	7.0313	7.0953	6.9501	5.0824	7.8906	8.3527	6.8649	4.8263	5.8994	5.977	7.2162	6.746	7.0213	7.284	7.2775	6.5636	4.8918	7.3525	5.6315	6.639	4.8369	6.4233	7.0842	4.6356	7.2654	7.4491	8.3041	7.4609	7.6399	5.8024	6.1997	7.0802	7.7375	4.251	5.0283	4.3691
U133A__TRIM29	6.9544	8.2109	6.6151	6.0632	5.8701	6.0734	6.1716	10.0772	5.9241	5.6237	7.4556	9.9971	10.5796	7.2206	7.76	8.7734	10.317	6.9716	7.3449	6.0157	5.9859	6.1446	5.7144	5.7389	5.6397	5.8418	6.9475	7.5367	5.5658	6.3601	8.4671	7.8771	5.8327	8.1552	6.4183	6.5389	9.3844	5.9939	6.618	6.1569	6.544	6.0698
U133A__KRT81	11.938	11.7362	5.7523	6.3613	6.2318	6.3563	6.465	9.5941	5.9887	6.4382	11.5769	5.8215	9.4778	12.3672	6.2151	9.0579	12.2114	8.9762	6.0823	6.4617	12.3512	6.732	5.9285	6.3727	12.6895	6.72	7.5076	11.152	5.9612	5.9101	9.7605	10.4556	5.9877	12.3689	6.5077	6.5763	12.8064	5.8807	6.8635	6.1844	7.8897	6.9041
U133A__S100A8	6.1706	12.5664	4.157	7.7019	3.5813	4.7324	3.8563	3.924	5.4707	9.0826	7.6008	10.1724	11.3533	12.0862	7.7539	11.5807	11.9267	4.6797	8.514	4.0572	4.4943	4.3478	5.5487	4.143	7.8157	3.962	4.2797	3.922	9.8096	4.6677	11.9492	11.5551	3.8788	8.6098	3.9747	7.2637	7.8125	4.319	12.2071	5.4406	4.009	9.593
U133A__FAM13A	5.5919	6.9892	7.6893	5.5958	5.3985	4.5903	5.1953	6.2788	5.246	5.0623	6.1014	6.399	6.8109	5.5296	5.684	8.0058	6.729	6.7055	7.4699	5.3064	4.8071	5.3929	5.6785	6.456	7.1306	6.1506	6.2633	6.3947	5.5903	5.3087	6.1806	6.3985	6.1293	5.6016	6.5196	8.7635	6.7885	4.9463	6.9207	7.1884	6.8083	4.9342
U133A__C1orf106	10.0398	9.071	6.4457	6.3035	6.014	6.2668	5.4447	7.1557	9.242	6.8518	8.8609	8.3117	8.8083	7.699	8.3482	9.1534	7.9706	6.8505	8.7505	5.9213	5.7634	6.1472	5.874	5.323	9.2096	6.4594	7.3261	8.0817	5.844	7.0397	8.0604	7.7464	6	8.7694	5.5202	7.8809	9.3234	7.395	7.6388	8.4486	7.5821	7.6676
U133A__TAP1	5.7327	7.5006	6.3813	7.6236	5.9818	6.3709	7.4078	6.5781	9.653	6.8374	6.8908	8.2561	7.7278	8.4082	7.8418	5.7944	7.9218	7.8805	9.3298	6.9324	6.4186	6.1383	7.2276	9.1618	6.1234	6.0921	6.3952	7.2535	6.5874	5.9068	9.2916	6.5505	7.8065	7.5458	7.6768	5.8906	6.2797	7.491	6.9934	6.2227	5.7339	6.26
U133A__SLPI	9.7354	9.7856	6.4377	7.1792	5.83	6.2034	6.1402	9.6794	8.9396	6.409	12.2979	9.4158	12.1221	9.8205	7.9238	9.5601	10.5563	9.846	12.4309	6.5235	5.717	5.7027	6.7196	6.2807	8.4893	6.6566	7.6057	8.3239	8.8621	6.6618	9.5609	8.407	6.4807	9.7219	6.3701	7.0311	9.2953	6.979	7.0415	7.4952	6.412	7.3926
U133A__IGFBP2	8.9994	6.5614	8.4756	10.174	4.1337	8.2319	5.5098	6.9756	5.0969	11.3152	6.6399	5.5755	7.4344	6.2061	7.8506	6.7846	6.7353	5.7058	4.1339	5.3651	7.4161	8.4871	9.2672	6.523	6.9218	5.18	9.4817	8.7196	7.0344	9.2216	6.2351	5.7955	5.3561	5.6784	5.7516	6.6061	7.7527	9.675	9.8774	7.0239	7.1688	9.9643
U133A__IGFBP4	11.0146	5.2361	9.7198	9.3935	7.2318	8.0076	7.5107	7.3593	7.5275	9.1421	8.2795	8.0721	7.2479	6.0637	6.2098	6.3741	6.0228	8.3002	8.3906	8.9442	7.3456	9.23	9.7558	7.7929	7.1647	10.3468	9.1055	9.0012	6.9578	5.6107	7.1508	6.7255	5.6586	7.7099	9.881	6.4871	5.5116	9.5902	10.2401	6.4333	7.5132	8.2681
U133A__PARP12	5.6212	7.2533	5.7221	8.0136	5.4178	5.3115	5.7062	6.5946	9.2451	5.6289	6.6519	6.3163	7.2762	7.1555	7.6052	6.4157	5.7841	7.1514	8.4965	6.4931	6.121	5.4093	6.0014	6.91	5.282	5.8362	6.0526	6.5117	6.6678	5.5824	7.8741	5.8208	5.7415	6.6629	6.5579	6.5832	5.5611	5.8681	6.089	5.0997	6.1623	5.5159
U133A__LCP1	6.4332	6.6131	6.2662	6.4693	5.9101	6.1359	5.9344	6.1282	6.1918	6.9759	6.4522	8.2536	7.8778	6.2406	6.6489	6.4331	9.0611	7.1854	6.3068	6.5316	6.456	6.3403	6.4994	5.9818	6.8268	6.3551	6.8295	8.4467	6.1865	6.369	5.7598	7.2037	6.2423	6.9817	8.3904	6.1335	6.1136	6.2428	5.9047	6.7422	6.4982	6.5874
U133A__GCLM	6.0291	7.5479	5.4249	5.7461	7.6196	7.7395	6.217	5.5992	7.0837	7.1773	7.0669	8.3129	8.4717	7.7987	5.9682	6.114	8.1152	7.5195	8.4664	8.4537	6.8713	5.8763	6.9286	6.4362	5.0065	8.8706	6.9329	7.2826	7.292	6.7209	8.5339	6.6394	7.626	8.7869	8.1921	6.054	7.1043	5.0209	6.7278	4.8826	7.8625	6.8645
U133A__DDIT4	7.5309	9.4689	9.5108	6.8696	10.5424	8.9504	7.8828	7.5289	10.2985	7	9.2058	8.7386	8.6661	6.8977	10.1339	6.091	10.2213	7.4198	8.3905	6.1963	7.3089	8.6375	7.2565	7.6621	8.6169	6.395	8.1399	8.6558	9.8945	9.5738	8.7161	9.6591	9.6427	10.4824	8.3328	9.356	9.6722	6.2074	10.9391	9.3186	10.2433	8.7454
U133A__C5orf13	7.5479	5.1369	6.7214	7.2221	10.5831	8.7053	6.6718	6.8127	10.1445	5.6449	7.1065	5.0964	5.3783	7.077	7.9666	6.914	5.561	7.2038	5.9763	8.7252	5.4808	5.8234	8.3707	9.2578	5.8943	5.5724	6.9229	7.5753	7.8776	8.2068	8.2004	4.9232	7.1556	5.2497	9.5255	9.8606	5.4205	6.0864	7.4534	6.3202	6.2864	6.9258
U133A__ME1	8.3567	7.7974	5.9976	4.3669	6.2304	3.5126	6.2684	5.2956	7.5277	6.3978	6.0968	8.6735	7.608	7.8782	4.659	6.6291	7.442	6.9336	7.1357	6.5106	5.9111	6.5939	4.2005	8.2989	4.2227	6.5132	6.5847	8.4861	7.0108	3.7088	6.7743	6.4531	6.6978	6.6297	7.1395	3.7365	8.4449	3.91	5.382	6.4445	8.5652	7.0946
U133A__PRNP	6.1952	7.6265	4.4988	6.3549	8.3473	2.8621	7.7789	8.8473	8.0052	3.5182	8.5845	9.0397	9.2202	8.6949	3.0417	6.9932	8.0449	9.5522	7.329	9.3616	5.659	4.5659	3.7609	8.366	6.9978	8.3535	5.8395	3.3305	6.5325	4.0872	8.1388	7.1137	7.4428	8.3248	8.0389	5.8058	8.4491	6.0263	6.8121	4.5816	4.4824	5.6471
U133A__EPHX1	9.2984	9.4723	8.1169	8.3973	7.1109	8.2915	7.3683	7.4411	8.7598	8.4953	9.9386	8.5795	9.9609	8.4863	10.0493	7.8213	8.9538	9.4613	8.7891	7.3381	7.0555	7.8906	8.3233	9.6453	8.6387	6.3209	8.6889	7.9022	6.9284	8.9822	8.5941	9.2182	9.6237	8.4249	7.4054	8.0834	9.5756	8.2271	7.9728	8.159	6.9429	7.221
U133A__S100A7	3.9827	9.8627	3.7425	4.4874	3.7545	3.8373	3.7968	3.8754	6.8983	4.1202	4.0664	4.1086	9.5441	6.8918	3.7975	7.5508	11.45	3.5806	4.2457	4.1132	4.0098	3.8376	4.0133	3.8093	4.1274	3.8115	3.9822	4.0015	3.9924	4.0927	10.911	6.568	3.8366	4.4695	3.707	3.8521	3.8059	3.7223	9.5054	3.8849	4.0714	4.6177
U133A__KRT5	4.8077	4.8878	5.0165	4.7598	5.3606	5.2034	5.1382	9.8089	10.1851	4.7424	5.3075	11.7433	10.7402	5.5063	5.4241	4.9714	8.9525	8.389	12.0252	5.8278	5.7844	5.2101	5.1395	5.0057	5.0121	4.6854	5.0561	5.6323	5.1925	5.0849	9.7834	5.3946	5.0225	8.8317	4.8533	4.9464	5.2698	4.9329	4.9699	4.9937	5.2146	4.9555
U133A__IGFBP3	5.6494	4.871	5.2836	5.3476	10.6212	4.8745	6.3437	10.6165	6.9528	5.2737	5.3532	11.0036	11.5055	9.3428	8.2413	11.644	9.1924	11.6705	11.6134	10.2776	5.4442	5.6197	9.3685	7.9102	6.1709	6.3213	6.7394	5.1851	9.7614	9.1549	10.5365	6.1615	10.0354	6.1315	5.5192	8.1578	5.9969	5.2047	7.5049	5.0017	5.4275	4.7505
U133A__TOM1L1	7.9076	5.7186	9.4773	7.1879	5.1145	6.9637	5.2507	6.7397	4.7466	7.9732	5.146	5.9551	5.8162	5.9377	4.7196	6.3062	6.4622	6.6798	6.1347	4.2894	7.0622	7.4272	7.1205	5.3791	7.2296	5.9639	8.1008	6.8372	6.9063	7.168	6.292	5.5921	6.9032	5.8708	6.031	6.4239	6.756	7.2706	7.6229	8.6175	6.4265	7.7091
U133A__CA12	9.2856	6.8362	6.6024	10.0646	4.94	9.4907	5.492	5.3522	5.2704	9.9923	5.8997	5.8965	5.9293	4.8096	8.2238	5.138	5.3006	5.185	5.1204	6.4199	7.0757	8.7923	10.1694	5.1916	8.8035	5.7859	7.8998	10.1217	9.4883	9.7319	5.0811	8.5665	7.398	5.5183	8.3814	7.6774	8.1588	9.8759	9.6625	8.016	9.0663	9.0498
U133A__GDPD3	6.5019	10.0153	6.1503	6.642	5.7463	7.4532	6.1041	6.4548	5.9638	6.4119	6.4377	5.6627	7.0271	6.539	7.1794	7.2005	6.6596	6.229	6.574	5.8339	8.0906	6.7648	6.1995	6	7.6927	6.1031	6.4612	7.043	6.2352	5.897	6.0719	8.9869	6.01	6.9427	6.2605	7.4305	6.1856	6.1103	6.7211	6.0486	6.3816	6.5637
