Cell lines	600MPE	AU565	BT20	BT474	BT483	BT549	CAMA1	HCC1143	HCC1187	HCC1428	HCC1569	HCC1806	HCC1937	HCC1954	HCC202	HCC2185	HCC3153	HCC38	HCC70	HS578T	LY2	MCF7	MDAMB134VI	MDAMB157	MDAMB175VII	MDAMB231	MDAMB361	MDAMB415	MDAMB453	SKBR3	SUM1315MO2	SUM149PT	SUM159PT	SUM185PE	SUM52PE	T47D	UACC812	ZR751	ZR7530	ZR75B
Response	1	-1	1	-1	1	-1	1	1	-1	1	-1	1	1	1	1	-1	1	-1	-1	1	1	-1	1	1	1	-1	-1	1	1	1	-1	-1	-1	1	-1	-1	-1	-1	1	1
U133A__GOLGA8A	5.5482	5.624	6.4387	7.8406	6.2792	7.9159	5.1443	6.1268	6.5558	3.9995	6.2642	7.0239	4.5668	5.7512	4.8288	6.4569	5.5296	6.6093	6.9683	4.5496	4.7798	5.7913	4.5748	6.1873	5.6399	5.1079	4.7992	4.7586	6.2041	5.4125	5.9638	7.2451	4.9087	7.7159	8.1643	5.205	7.8459	8.5237	4.6228	7.3475
U133A__NAMPT	5.9078	7.5425	7.6434	7.1369	6.1052	7.5271	6.5232	5.9372	7.4207	5.6088	6.7065	8.1311	7.3738	7.3141	5.4208	6.6757	6.4502	6.6746	7.6402	5.828	7.1487	6.4945	5.6817	6.255	5.5494	8.1958	6.5858	6.2031	4.6505	6.4053	5.6559	8.4488	7.3949	6.9115	7.0908	5.2057	6.5646	7.9709	6.4584	6.2666
U133A__DERA	5.5781	5.9419	6.8346	6.1925	6.5152	6.0295	5.272	6.1059	6.7801	6.0139	6.0557	7.4637	8.1627	5.6616	5.2291	7.1835	7.0636	6.7477	7.7884	5.9393	5.0626	5.592	6.2087	5.1167	5.362	7.5361	7.2845	4.8626	5.9168	5.1172	5.9513	8.5474	6.6315	5.7685	6.6148	8.9576	5.3098	7.4364	6.061	7.1865
U133A__PRKACB	5.7668	7.3425	6.974	7.9085	6.873	7.128	5.6635	7.0985	7.116	6.5155	6.3986	6.8435	7.7829	7.5556	7.3933	7.4713	6.6439	7.7662	9.3369	7.1608	5.2971	6.3838	5.8828	7.191	6.1262	8.461	8.0549	5.4461	7.2026	6.4	7.3061	5.9619	6.8006	6.4627	7.2857	6.1098	7.754	6.9566	6.7215	6.3993
U133A__KIAA0040	7.4994	6.4763	6.2241	6.3177	8.4261	5.5327	7.1961	6.3227	5.7125	7.9873	6.0097	7.8512	6.4646	6.2896	6.8359	6.4563	6.0658	5.6974	6.5026	5.7298	5.6006	5.9483	7.6846	5.955	6.4962	5.278	6.0962	7.1032	6.9009	7.0973	5.2923	5.7746	5.1966	6.184	8.7619	6.5898	6.2826	7.188	7.4958	6.3955
U133A__LDHB	4.1912	9.5557	4.0631	7.7198	7.4019	11.1499	3.7442	10.2809	11.5671	9.3184	11.4528	11.4705	11.0616	3.5408	6.3778	11.1987	10.7072	11.2496	8.8148	11.0885	3.5489	4.7582	3.8705	10.5632	11.012	11.6052	10.7455	9.8168	3.3627	10.4303	10.9508	11.7129	11.5033	3.5016	10.3626	4.7713	8.3895	3.3083	4.5865	3.6779
U133A__PAM	6.5936	4.9904	5.7176	7.0863	6.6673	8.1748	5.0662	9.5932	7.0482	4.3977	8.7907	6.5625	5.8	6.8941	4.7078	4.3226	7.3707	8.0552	9.9862	6.6152	4.9939	6.885	5.1649	7.0219	5.2092	7.6517	5.7571	4.5287	5.2073	4.5169	7.177	6.6648	6.9385	8.2732	5.5328	7.2031	7.9912	5.8766	5.0727	6.8036
U133A__BNIP3L	6.9596	6.2052	5.6322	8.103	7.7679	8.6934	7.3541	7.3395	8.3008	5.2278	6.0727	5.3145	6.0933	4.5581	4.9433	8.0548	6.343	7.0537	6.2095	7.0532	4.6164	7.3856	6.4527	5.59	7.7427	6.7753	6.9296	7.1868	7.2602	6.0024	7.387	5.6349	5.8446	7.6413	7.5988	6.5657	9.1955	9.4425	6.6876	7.1327
U133A__GALNT6	8.8821	7.3905	8.324	6.7568	9.7521	5.1143	8.8841	6.8554	6.1052	8.3463	5.6143	6.7577	6.284	8.1603	7.455	8.2228	6.9834	5.9045	7.5279	5.4304	8.8602	7.768	8.6096	5.6215	8.65	5.8084	8.4236	9.1485	9.1731	8.7939	5.665	7.8211	5.8236	10.0613	9.245	7.746	9.7446	7.8728	8.6079	9.2057
U133A__LANCL1	6.7689	7.9484	6.1735	7.1973	8.0437	7.4032	6.8113	8.2676	7.471	7.7845	6.858	6.4065	7.4074	6.1261	6.0262	7.1325	6.5866	8.9228	7.4355	7.3639	6.9245	6.5193	7.6214	7.1381	6.6311	7.2862	7.7475	6.4586	7.6675	9.6917	8.1542	7.0607	7.5143	6.6789	8.0595	7.3913	7.8901	8.0387	7.1071	7.3553
U133A__CCND1	9.1764	8.4714	8.2977	8.1237	9.1256	5.4377	8.8941	10.0998	7.9929	9.1837	4.3292	8.6063	8.813	10.9904	7.1587	8.1578	6.4037	8.1008	9.0473	8.209	8.2177	9.1804	11.883	6.9939	9.3043	8.8488	8.5351	10.1566	6.4129	7.9009	6.6177	8.3147	8.4694	8.7082	8.5885	7.1643	7.8528	8.5427	9.8744	9.2077
U133A__PHLDA2	5.3424	8.2473	7.9863	4.3806	6.72	3.5057	6.7397	5.2006	4.2696	5.6983	5.0851	7.219	6.1805	8.3388	6.6272	5.2793	7.7485	7.1033	8.0232	8.1311	8.3743	6.4542	8.5457	8.4178	8.7775	9.2722	6.4911	7.7236	7.0746	6.4241	2.9468	8.0806	7.9463	6.2623	6.0942	4.5074	7.5556	5.036	8.8322	8.6972
U133A__LOXL2	4.6838	4.8373	7.2684	5.2765	4.931	11.2532	5.0339	5.1123	8.9399	4.9087	6.8644	4.7623	5.0723	7.4659	5.579	4.8991	7.0953	7.9161	6.9804	9.527	6.8229	5.5615	5.0457	9.013	4.8066	8.2858	5.1224	5.0076	5.0073	5.2823	8.7674	8.8033	7.5966	5.225	5.0957	4.983	7.7962	5.0515	4.5299	4.9497
U133A__RDX	6.2849	7.0989	8.185	5.5424	5.2777	9.8431	4.669	6.885	8.2381	4.714	7.2261	8.2444	7.3477	6.6441	3.4463	7.49	6.8925	7.3649	7.5288	7.2916	8.6552	8.7689	3.9994	7.5706	6.3754	7.8273	6.2957	6.3962	5.5619	7.7306	7.8101	6.6603	7.7876	6.3776	7.0507	7.4451	8.1581	6.8784	6.3951	7.3748
U133A__SLC22A18	7.9216	9.8466	8.2002	6.9283	7.348	6.2391	7.5694	7.2846	6.1165	7.0052	7.1159	6.0673	7.2986	7.5464	8.2241	7.0656	6.8706	7.6326	7.6014	6.6027	7.2144	7.285	8.8137	8.6316	8.4775	6.4509	7.087	8.9262	8.4863	8.4106	6.5985	7.3737	6.3947	6.8661	6.9685	7.2273	7.5805	7.9351	8.4582	8.1929
U133A__DSG2	6.2933	7.3653	6.6315	7.4431	7.9979	8.7014	6.8108	9.0995	8.3721	6.8674	7.1286	7.8072	6.7464	8.2853	6.1779	6.2759	8.2842	9.3294	9.5026	5.7974	7.2818	6.95	7.2679	5.8236	5.1871	7.6317	6.8121	5.4075	6.326	6.9088	4.8296	8.2165	7.5831	5.7935	6.7872	6.8478	8.1937	7.2686	6.1169	7.8434
U133A__TNNT1	8.2819	4.9891	6.4262	4.9956	8.3311	7.8062	8.8016	8.3106	4.9018	7.2426	7.0991	5.6489	5.7277	7.4717	8.1012	5.7509	7.0071	7.2158	6.2792	8.2758	7.1092	6.2331	9.388	7.8218	8.5365	7.2242	6.7944	6.3568	7.4262	4.9607	7.6684	6.2444	5.7386	6.0627	8.7274	6.5307	7.3264	7.9068	8.0076	8.7371
U133A__SYDE1	6.8379	7.2472	6.8609	7.0885	6.6727	8.0843	6.5162	7.3569	6.8825	6.6175	6.6774	6.5162	6.9342	6.5962	7.7383	6.8248	6.8539	7.4273	8.6698	7.7618	7.0502	6.8468	6.2236	7.6436	6.8661	8.3824	6.3775	6.5334	6.6439	7.3526	7.8582	7.1119	8.1386	6.6154	6.431	6.8578	7.313	7.1023	6.6359	6.6196
U133A__BIK	6.79	6.6526	5.7028	7.7609	7.8101	4.4661	7.2407	6.9484	5.4635	5.8565	5.8302	7.4245	6.541	6.2117	7.1457	6.5191	7.3676	5.0893	5.7594	6.005	6.0503	6.236	6.6067	5.2379	7.4079	5.0096	7.3216	7.224	8.0241	6.3969	5.3947	7.7769	5.5715	10.0292	6.3561	5.6218	6.5498	7.1572	6.6471	6.2503
U133A__ACTR6	5.0687	6.8016	6.2317	5.2637	6.6557	5.0211	5.4262	5.8828	7.8295	7.1728	6.3794	5.5429	5.8992	5.4579	3.8826	5.9949	7.1072	6.8316	6.7963	4.7402	5.3045	5.6385	5.903	4.9478	5.279	6.4071	7.1927	5.8266	5.4179	6.127	4.7844	7.0833	5.4888	5.3503	5.9779	5.7636	6.5635	5.8681	5.2799	5.9261
U133A__BST2	8.7431	6.628	8.2193	4.2637	9.7762	5.2164	8.5034	5.4118	9.5469	8.8584	9.1133	6.7513	10.0594	8.3263	8.7328	4.4392	6.9466	4.8507	10.1508	5.5764	6.1967	6.2168	8.0857	7.5776	9.7058	5.0736	4.849	8.3117	8.8676	5.8416	4.9275	8.3869	7.5466	9.1934	7.9052	8.5472	4.5861	8.4818	4.4523	8.7943
U133A__GPX2	6.8577	7.8843	6.9012	6.8753	6.5148	6.3724	6.8572	7.12	6.8203	6.6785	6.7852	9.9652	7.5593	7.833	7.36	7.5015	7.9281	6.7967	6.4106	6.7065	6.6238	6.4205	6.7016	6.5389	8.3512	6.4839	9.7852	7.5357	6.9365	7.0079	6.7014	6.7308	6.7698	7.4248	7.3312	6.2449	6.1697	6.6815	7.4317	6.5585
U133A__CDKN1A	8.2831	7.2923	7.3268	7.7668	9.5202	6.794	7.442	8.4726	7.4215	6.9593	8.0665	7.8881	9.2323	8.3044	8.1491	6.6142	10.089	7.0906	7.2666	8.4832	8.0984	8.6455	9.5528	7.835	8.8575	6.9282	9.465	7.5943	7.1964	7.4332	7.7385	9.0587	7.7207	7.994	6.635	8.1709	8.8133	8.4019	9.3777	9.8192
U133A__NMI	5.4002	6.3355	6.9712	5.7453	6.2096	6.1877	3.8738	5.7535	7.1553	4.6454	6.3539	7.9995	8.664	7.9398	6.1445	6.8946	7.0581	6.7868	8.4223	6.1866	5.3983	5.7694	4.0752	7.4026	5.436	6.8466	6.5341	3.9968	5.6363	5.8808	6.4119	8.0871	6.5488	4.6572	5.5115	4.7055	6.0912	6.4388	4.0133	5.2935
U133A__S100A14	10.6729	10.3133	8.3063	9.1691	8.474	6.475	11.3051	10.3913	6.7286	7.2141	6.7811	8.4815	9.4805	10.1649	10.3037	9.6534	9.5955	7.3264	10.0147	6.498	10.3599	8.2332	6.2807	6.262	10.1752	5.626	9.6735	10.718	10.2781	10.9606	6.078	9.3308	6.0542	10.6196	11.1628	6.9285	10.332	10.9098	11.2027	11.131
U133A__FXYD3	11.5397	11.0245	8.0183	10.1672	10.0777	5.6784	10.1874	10.7614	6.2523	10.0586	7.166	10.7566	11.6944	10.7079	11.8144	9.3959	11.2081	6.987	11.426	6.3006	7.5367	10.2466	10.2571	5.9241	11.9506	6.3403	11.0188	11.5663	10.5882	10.2691	6.2193	8.8516	6.3659	10.3356	11.1506	8.8209	11.6832	10.5311	11.491	10.7219
U133A__FKBP11	7.9289	6.4379	5.5652	6.3087	6.0502	6.2289	6.1656	6.6499	7.5506	5.6176	7.9529	9.0723	7.8138	5.4419	6.5442	5.5132	5.3126	7.9303	6.8288	8.0248	6.7806	7.6343	6.1916	6.2166	7.3477	5.901	7.3897	7.3281	6.3326	6.706	8.2381	7.5382	9.006	6.0829	6.5844	6.1287	7.3544	7.7315	5.8327	6.2447
U133A__PDLIM1	5.7644	8.4756	8.1934	8.1491	8.0434	10.2395	5.7546	8.6414	8.1691	8.872	8.3891	10.8751	9.4136	9.0246	5.0072	10.4489	8.0425	7.2202	8.911	7.2089	7.1798	7.978	5.1613	8.0366	8.0859	8.5789	8.3603	8.9414	5.3044	7.7921	7.6047	8.9463	8.3623	5.2351	6.0616	8.3791	9.0974	7.8274	5.2215	8.0082
U133A__RPS11	8.733	5.8508	7.0788	7.4744	7.2067	7.6569	6.6613	7.6723	6.1	7.294	7.0191	5.7544	6.6921	7.6675	7.8685	6.7869	6.3032	7.2814	5.7429	8.4126	9.6242	7.3204	7.1407	7.695	7.8463	8.7658	7.2222	7.9554	7.207	10.1389	6.8246	6.6546	6.9884	7.0745	6.37	6.8314	5.6956	7.144	7.1044	5.9172
U133A__WWTR1	5.5378	5.4353	5.7299	3.966	4.1743	7.3987	3.3913	8.3892	5.0729	5.616	6.4266	6.3704	8.6394	6.8808	4.278	8.0557	6.9231	9.3347	8.5677	7.4314	3.8181	3.8193	3.4958	6.5088	4.0356	6.9541	4.5266	3.6265	4.75	5.0238	7.8837	6.1643	5.4187	3.2832	8.0272	5.8601	6.6523	5.1135	5.1994	3.6301
U133A__BNIP3	7.6212	7.8948	5.9232	9.2703	9.5636	9.4819	7.7395	5.595	7.838	8.4411	7.3292	7.4467	5.1835	7.0648	6.7499	4.7334	6.4132	7.9987	5.153	7.1221	7.702	8.0036	8.58	7.3753	6.7418	8.1999	8.8301	5.3629	9.1338	7.5778	7.4537	7.48	7.7954	6.9843	7.6257	6.803	10.5984	10.5509	7.9679	8.3751
U133A__FADS1	5.3104	4.4739	5.6559	8.0702	5.4823	9.0096	5.3236	6.1392	7.5248	5.3496	7.8723	8.1328	5.7481	4.6693	7.3749	5.6732	4.5489	8.1703	7.1886	7.1482	7.4537	7.4987	6.9271	7.0149	6.0625	7.8986	5.6721	7.4793	5.9334	4.5959	7.3449	8.8393	7.1644	7.0115	4.7401	5.7566	6.9044	4.3667	4.8591	7.3382
U133A__SEC23A	5.6536	6.4033	6.0959	6.3551	5.6767	7.5831	5.0365	5.6319	6.0224	3.7853	4.5046	6.0269	5.8319	6.0896	4.0846	7.3692	7.0419	7.823	6.2331	6.2394	6.075	6.6442	5.7261	6.617	6.0018	8.0254	4.5341	5.9943	5.3945	5.3527	6.4626	6.0872	6.8353	7.8656	6.3942	5.4397	7.0233	4.3727	5.8183	6.6133
U133A__RHOQ	5.7676	7.464	6.8938	6.6728	6.7051	8.246	6.4015	7.7497	6.7259	6.1135	8.1764	8.5219	6.1786	6.3748	6.9106	7.5691	6.9454	8.572	7.5504	7.8128	7.1904	7.2712	6.8144	9.6917	6.7481	7.2082	8.0844	5.0555	6.0637	7.0925	9.122	7.1437	7.3307	6.9376	6.7023	6.4535	7.3277	6.2841	7.2548	7.5618
U133A__SH3BGRL	7.4869	4.6113	4.7646	5.8632	5.4477	8.0508	7.0227	8.4397	6.191	5.0492	7.7682	6.3993	7.1617	4.1861	7.3998	7.3999	7.0674	8.602	8.7112	6.2221	7.1278	9.0712	8.1008	6.4344	7.9902	7.7241	8.3698	10.8309	7.3119	4.7015	7.6736	6.7121	6.1391	4.8654	8.0482	7.011	8.5292	8.5364	7.714	7.3923
U133A__MAGEA3	4.9781	10.714	11.8564	4.4756	10.3924	4.6743	4.7956	5.0446	6.2824	11.9516	5.1285	10.089	4.5173	10.2944	10.1035	4.5672	10.0471	5.0802	7.159	10.2388	4.7842	4.7102	4.9441	9.749	4.6285	10.6627	4.3126	5.6037	4.7541	10.5724	9.9371	4.7828	9.401	8.892	5.0985	4.6716	4.5054	8.3872	5.2682	9.4829
U133A__MGLL	8.2469	9.04	9.2583	8.5543	7.9714	5.7801	8.5358	7.5087	6.1704	7.0151	7.2816	6.3151	7.9814	8.197	6.7506	8.2177	7.6209	6.0812	6.3137	9.439	6.4863	6.6796	8.7077	6.984	8.0526	7.4364	7.414	8.6103	5.7225	8.2169	6.1597	8.0148	7.7377	7.6289	8.2178	6.3348	8.0407	6.7549	9.2887	7.0911
U133A__INHBB	8.9319	9.0488	9.6677	9.0222	7.2062	4.1472	9.3761	9.6701	5.4203	7.5198	6.4504	6.9645	5.8516	8.5289	9.0537	9.8052	7.5508	5.3406	7.9114	6.0214	9.2939	8.3263	6.5851	5.2305	8.5668	6.0086	6.9465	8.4557	9.7103	9.4064	5.8637	4.8836	5.3548	8.8214	9.0283	8.3476	7.9003	8.528	8.2419	7.9564
U133A__SLC12A2	10.8301	7.0721	7.4859	8.1968	7.0689	6.6955	7.2458	6.6463	6.6633	6.7385	7.2896	7.4138	8.0077	7.9024	7.706	7.6004	7.1788	6.4072	6.7053	7.944	8.54	8.2854	7.0651	6.5537	8.7772	6.7589	10.0865	9.2415	7.9819	6.782	6.9139	7.3307	6.6781	7.7796	6.9059	6.7363	7.6067	6.5298	8.1544	7.0343
U133A__CDS1	6.9342	8.169	7.1014	6.1529	6.9943	4.6661	6.6883	5.7098	6.1086	5.7983	6.1974	6.6959	6.7502	7.3118	5.9499	6.8258	6.321	5.7782	6.6791	5.005	6.6497	6.3397	7.0044	4.9123	6.9792	5.0018	7.4359	6.9108	6.7669	7.3771	4.7441	6.4201	5.4182	9.0847	6.8814	6.4939	6.8096	7.0282	7.287	7.4944
U133A__HTRA1	6.7003	6.2736	6.3885	6.5619	6.5603	6.4306	5.9744	6.5707	6.7075	5.904	6.5307	7.7992	8.3177	6.4915	6.4617	6.4236	6.16	6.9112	5.9653	8.1098	7.5058	6.8794	6.3703	9.3958	6.821	6.888	8.4262	6.0692	6.4565	6.2344	11.4172	9.6218	7.5158	6.3811	8.5513	6.7275	7.4804	6.294	6.4264	6.4095
U133A__SLC9A6	6.4055	7.0008	7.4995	5.2708	4.3228	8.7858	4.4773	6.7706	7.7514	4.2629	6.1563	7.1961	7.6515	7.1268	4.8025	4.3595	7.158	6.999	7.5777	6.9	5.9238	6.2413	5.5375	6.5963	5.6565	7.8945	6.3295	4.5921	4.9043	4.9311	6.407	6.7893	7.3206	6.1149	6.3706	5.8012	6.5172	6.2142	4.9762	6.5391
U133A__TP53	4.3446	6.3107	8.1243	7.4421	6.5696	8.6777	6.3807	7.8645	8.1778	7.3335	4.3921	5.3349	4.237	6.7492	4.6348	8.2247	4.5802	7.4288	7.206	6.2844	7.4501	7.6644	5.9844	4.433	5.6942	7.6558	4.8471	6.8662	4.1163	6.6233	7.125	7.8165	5.286	4.3986	4.3491	6.9765	5.6747	5.0216	5.6721	6.2393
U133A__CA12	9.2856	6.8362	5.5018	6.6024	10.0646	4.94	9.4907	5.3522	5.2704	9.9923	5.8997	5.8965	5.9293	4.8096	8.2238	5.138	5.3006	5.185	5.1204	6.4199	7.0757	8.7923	10.1694	5.1916	8.8035	5.7859	7.8998	10.1217	9.7319	8.5665	7.398	5.5183	8.3814	7.6774	8.1588	9.8759	9.6625	8.016	9.0663	9.0498
U133A__ITGB4	8.4764	6.8825	7.8694	7.2638	6.1489	5.1424	6.7049	9.9222	5.9812	6.4977	5.6302	9.8634	7.2601	7.6693	8.0613	6.7599	9.2314	6.4951	6.4958	5.6846	7.7798	8.3127	5.2167	5.7594	7.597	5.8136	7.8203	7.0236	6.7098	6.7099	5.7868	6.8612	5.7862	9.5481	7.1408	7.4342	7.6944	6.2395	6.5196	7.5587
U133A__FADS2	5.0818	5.4816	5.1322	9.6465	5.6504	8.0394	6.7684	6.6788	9.8575	5.5179	6.906	6.5907	5.6059	5.1901	9.2965	5.744	5.9413	6.749	8.3327	5.5382	5.4518	6.5012	8.1996	5.9069	7.7532	6.8656	6.9474	8.2342	5.3166	5.3886	6.9133	8.1528	4.4817	6.0448	7.0889	5.6521	6.3014	5.7343	7.8532	8.0881
U133A__RCAN1	9.5061	7.1303	7.6573	5.82	5.6035	7.7765	5.7191	7.9377	6.1191	5.2347	8.8541	4.8444	6.9518	5.967	5.1898	6.6797	7.3532	6.7074	8.7816	5.7036	5.7352	4.0112	4.6964	6.4032	8.3341	6.0613	5.947	7.4427	5.2858	6.2714	7.7167	5.6586	6.4412	5.1797	7.3375	7.707	9.0319	6.8817	5.7327	5.7304
U133A__PBK	7.0274	6.7703	6.752	7.0826	6.4642	9.2891	7.091	6.6403	8.3205	5.9385	7.6548	7.2653	6.4	7.1569	4.3151	7.7515	6.5833	7.6571	6.0256	8.8112	7.1445	6.782	7.9008	7.4454	7.6348	8.4175	6.0122	7.1833	6.8715	7.02	7.6933	7.9153	8.7212	5.2544	4.2319	7.3545	7.3338	7.7813	6.7081	8.9375
U133A__IGFBP2	8.9994	6.5614	8.0793	8.4756	10.174	4.1337	8.2319	6.9756	5.0969	11.3152	6.6399	5.5755	7.4344	6.2061	7.8506	6.7846	6.7353	5.7058	4.1339	5.3651	7.4161	8.4871	9.2672	6.523	6.9218	5.18	9.4817	8.7196	9.2216	5.7955	5.3561	5.6784	5.7516	6.6061	7.7527	9.675	9.8774	7.0239	7.1688	9.9643
U133A__MSL1	8.4973	11.0616	7.1325	7.6567	8.9254	7.246	7.5161	6.2351	7.9444	6.4312	7.5699	7.3185	7.0968	7.4843	7.1746	7.6938	6.777	7.3462	7.9972	7.5341	7.7231	7.2066	8.0309	7.4204	7.6825	7.3756	7.8424	7.0973	7.0433	11.0407	7.3822	7.534	8.238	7.4681	7.1078	8.3011	11.0363	8.2656	6.6441	8.1269
U133A__MED1	6.789	9.401	6.6315	9.8321	6.7544	6.543	6.5188	6.1616	6.714	5.4657	6.4849	6.584	6.2933	5.5168	7.637	6.165	6.7157	6.7015	6.6643	5.9833	5.9938	6.0596	6.5369	6.341	6.0538	7.4592	7.1028	5.6961	6.8213	9.7185	6.1455	5.8447	6.5327	5.9984	6.2636	7.0154	8.3873	6.1249	5.1839	6.4994
U133A__MDK	6.9831	5.8166	5.8069	10.4845	7.2442	9.5628	5.4762	7.2438	10.8926	6.6919	8.7624	7.8046	8.1924	5.8212	6.9879	9.4224	5.5966	9.6158	7.3553	5.9591	7.08	9.2987	7.0267	7.3533	8.0454	6.272	9.0373	7.1533	6.1214	5.8713	5.747	6.4917	5.8461	10.8153	6.3981	7.7515	7.1022	5.765	5.6128	5.7944
U133A__ALDH1A3	6.3501	8.1049	10.7086	5.7829	5.558	5.0371	5.7541	10.4029	6.9131	5.5586	5.9053	9.253	9.3821	11.1356	7.3345	7.2073	9.6541	7.0172	8.7778	6.3367	7.9258	5.9722	5.3213	6.7306	7.3828	5.8164	5.5605	7.0272	5.6679	7.2823	5.5688	9.2197	5.8794	5.5785	4.9809	5.821	6.1372	6.0094	6.5869	5.9709
U133A__NDC80	5.5522	5.0453	7.3704	6.0641	4.7678	7.5886	4.8913	6.2093	8.2113	4.6458	5.6359	6.8255	7.5058	5.4579	4.6172	4.7843	6.5212	6.879	6.771	7.0702	5.4314	5.1758	5.1286	6.8271	4.2246	7.4584	5.221	4.9644	4.8313	4.8279	6.9992	6.9676	6.0043	3.5759	3.7379	5.2985	5.7214	5.8115	4.4922	6.0871
U133A__CITED2	6.5982	7.7415	6.0367	6.6171	6.2217	8.6066	6.6819	8.129	5.4857	5.8681	6.4711	5.6471	7.2761	5.0942	5.6045	9.6672	5.0741	7.2485	5.5668	7.7101	6.7048	7.0532	7.0748	6.3869	7.4172	7.5293	6.8764	6.7352	7.2716	8.0474	7.6179	4.1856	7.6259	7.8132	8.3585	6.9528	9.1731	8.0739	6.2483	6.485
U133A__MID1	6.1037	7.7529	6.9934	5.4843	4.4567	8.6155	4.4247	5.3266	5.9754	4.3322	6.3817	6.6804	7.4209	6.1697	4.5019	9.0976	7.9875	6.0331	7.592	5.0431	4.6781	4.4599	4.4484	8.0006	4.8053	6.7265	5.0984	5.5412	3.9749	6.4367	6.5315	5.246	6.0018	5.3356	5.4337	5.7925	5.8913	5.3807	4.7163	5.5598
U133A__RHOD	7.8747	5.2958	7.9209	6.4675	7.5568	5.1077	7.9489	5.7556	6.6789	8.1395	6.8909	8.2529	7.7422	7.4409	7.2922	7.285	6.8871	6.6721	6.7316	5.5286	7.3222	8.2642	6.9058	5.7004	7.3765	6.1846	7.1356	10.2792	7.6147	5.486	5.0982	7.0881	5.0527	6.8992	8.2248	8.4567	7.6569	6.3975	6.6061	7.906
U133A__TMEM135	5.668	6.7817	5.0456	5.5373	6.4603	5.8126	5.7686	4.7886	5.852	6.7122	6.661	5.797	5.1155	5.4529	5.7782	7.1022	5.8957	6.9366	6.0968	4.6112	4.98	5.7666	5.261	6.6658	6.5722	6.102	6.82	6.0613	7.4905	6.4907	4.9966	5.5595	5.5384	7.1223	7.1232	6.8095	8.6528	7.3552	6.8816	5.975
U133A__FADD	8.5432	7.2253	7.5941	7.3694	7.9263	7.3736	8.6319	7.9796	8.0257	7.5068	7.4055	7.7871	7.4981	9.2216	6.8425	7.4372	7.3283	6.8438	7.0393	7.045	8.2105	7.9457	9.9878	7.5091	8.7146	8.1263	8.5757	10.0277	8.4773	7.1372	6.7516	8.0897	7.4219	6.5889	6.8788	7.3984	7.6765	7.8862	7.194	9.1575
U133A__BASP1	5.4356	5.7977	4.4396	10.6202	9.2038	11.5185	8.8654	6.594	9.1826	5.6244	6.3603	5.5235	8.6432	5.4185	9.4493	9.2461	7.096	10.984	5.1029	10.982	9.543	11.1484	8.6087	11.8373	5.8638	9.7536	8.7157	5.3006	6.2352	9.4114	10.254	7.787	10.2463	6.6101	5.856	5.2301	8.934	5.5732	5.4463	5.2642
U133A__CAMK2N1	7.984	9.1459	9.4608	8.3458	8.7947	5.1483	8.6556	6.3505	6.2577	8.6715	6.6419	7.179	7.922	9.9631	8.7955	8.3152	6.6618	7.3195	10.0484	8.0878	9.553	7.2483	11.0058	7.6561	10.238	6.867	9.2583	9.8342	9.6245	9.5868	5.7111	9.1636	7.9183	9.6719	9.8937	8.0816	9.4807	8.5041	9.041	6.3299
U133A__OSBPL9	7.2376	8.5126	7.8669	7.4145	8.1395	8.1616	5.8039	7.1931	8.9375	9.0068	6.9584	8.6277	8.4822	7.1002	5.7205	10.4561	8.0149	7.7603	8.8407	6.8305	7.6955	7.4043	6.0714	7.9846	6.5437	7.68	8.3011	7.6034	5.8251	7.9799	6.7672	8.4488	7.9526	6.2279	6.5777	7.7101	8.2348	5.6482	7.2609	6.1438
U133A__NR3C1	5.0765	6.954	7.0652	5.1788	5.9925	8.9925	6.6683	6.9561	9.1735	6.103	6.7952	7.9111	7.5877	6.4	5.6993	5.6099	4.8193	7.9143	7.896	7.9943	6.4699	6.8241	5.5863	8.052	4.8591	8.189	5.6192	5.6545	7.9997	5.85	7.6812	6.8754	7.9483	5.625	6.4618	4.868	6.6686	6.906	6.0963	6.4361
U133A__FST	6.5894	6.5399	6.4906	6.4947	6.3964	7.1555	6.4063	8.1138	6.729	6.605	6.9497	8.7649	7.1819	8.1031	7.2197	6.4535	7.3188	6.6246	6.2073	9.2037	7.1295	6.879	6.71	6.9117	6.6957	8.7976	6.5755	6.6662	6.6393	6.7865	6.843	6.7208	6.5052	6.9549	6.8367	6.4505	6.228	6.782	6.7813	6.685
U133A__SDC1	7.7805	8.9564	8.3437	7.34	8.0596	6.396	7.35	6.8305	8.6221	6.73	7.0919	7.2113	8.2425	7.4928	10.0456	7.8995	7.043	6.0373	8.8431	6.7277	7.6374	6.5287	5.6989	6.5597	10.0445	6.9291	7.3329	7.3949	7.469	8.3341	5.6999	6.0831	5.4268	9.4931	8.0011	6.2336	8.0672	6.6757	8.7536	6.7627
U133A__SAT1	9.5853	8.0759	7.7768	9.1251	4.8567	7.4459	5.1148	8.6751	5.2767	4.1607	8.512	7.7973	7.4163	9.0179	5.2599	9.2676	9.41	9.7312	9.8956	5.5377	6.141	6.2898	6.7268	8.8148	8.9828	6.7656	9.3357	8.0214	5.8813	7.0026	6.7805	8.3872	4.3567	6.5517	9.7596	6.8822	8.9195	7.141	7.9263	5.1998
U133A__FAM13A	5.5919	6.9892	4.9481	7.6893	5.5958	5.3985	4.5903	6.2788	5.246	5.0623	6.1014	6.399	6.8109	5.5296	5.684	8.0058	6.729	6.7055	7.4699	5.3064	4.8071	5.3929	5.6785	6.456	7.1306	6.1506	6.2633	6.3947	5.3087	6.3985	6.1293	5.6016	6.5196	8.7635	6.7885	4.9463	6.9207	7.1884	6.8083	4.9342
U133A__PDGFC	5.5151	4.7072	6.4241	5.306	4.2114	8.5446	4.2682	7.5679	8.1244	3.5487	4.7294	7.0604	5.2036	7.8858	6.7858	6.5847	5.6004	6.6393	7.1701	6.9926	4.1352	3.636	4.0802	7.2686	4.8705	9.2966	6.5591	5.3401	5.7983	4.7499	8.8223	6.3115	7.8914	4.062	5.1023	5.7918	4.4004	5.4727	4.4081	5.9931
U133A__DDHD2	5.7329	5.1869	5.7385	6.3218	7.5291	7.3764	7.6679	5.7755	7.0075	6.4243	6.4252	6.0938	5.7536	5.0022	4.2637	5.3877	4.7849	8.2977	5.5132	5.3983	4.8431	5.0398	9.4371	6.2164	4.9926	5.8959	7.1894	5.1896	5.0304	5.7845	5.3218	6.174	6.0806	6.4773	8.5294	5.6816	7.1608	6.7111	5.2343	8.0634
U133A__STEAP1	3.7161	3.9583	3.7114	4.1853	4.1123	3.7128	3.5633	4.1825	3.8446	3.9806	4.3958	7.2176	3.6303	4.5839	5.1658	7.2723	4.4257	6.4105	6.2642	5.633	4.0483	3.9447	3.9628	4.2744	5.8621	7.3482	3.7494	4.4603	3.6677	3.6879	8.1299	7.6142	8.5636	5.8578	7.2567	4.7198	4.0482	3.8274	4.5499	4.0184
U133A__GBE1	5.9443	6.4724	7.7376	6.6096	6.8172	8.3086	5.6093	6.3136	6.5675	5.634	6.3318	6.8546	5.9996	6.9661	6.1714	4.7537	6.2946	7.1265	6.681	8.3006	6.7359	6.2895	7.2379	6.9486	5.5154	7.9882	6.2151	4.4946	7.001	6.3652	7.6464	6.7836	8.4375	4.6733	5.4259	5.6225	8.2007	7.0307	4.9951	6.1135
U133A__CARD10	5.7778	6.6189	6.4732	6.0074	5.6113	7.1832	6.9806	5.8013	5.447	5.0291	6.8955	7.94	6.4404	6.6995	4.8749	5.3041	6.1251	5.6387	6.8007	8.2432	6.0254	5.8035	6.6709	6.9111	6.3909	6.3107	6.2227	6.8504	5.0682	5.6466	5.2563	6.1299	5.5845	8.1902	5.6863	5.8941	5.8825	5.1234	6.2024	6.1903
U133A__SFN	8.3014	9.5185	10.9821	9.0621	7.5768	6.4505	9.6873	10.6618	6.8789	6.2653	6.6852	11.3484	11.2318	11.2977	9.4655	9.037	10.976	8.2735	11.7302	9.2163	9.4032	9.7397	9.2569	6.3192	9.423	9.7196	8.9324	10.2687	10.4715	8.3034	6.7768	11.2935	9.8844	9.5483	8.7112	8.9884	8.2875	7.5367	8.7639	9.7287
U133A__S100A7	3.9827	9.8627	4.378	3.7425	4.4874	3.7545	3.8373	3.8754	6.8983	4.1202	4.0664	4.1086	9.5441	6.8918	3.7975	7.5508	11.45	3.5806	4.2457	4.1132	4.0098	3.8376	4.0133	3.8093	4.1274	3.8115	3.9822	4.0015	4.0927	6.568	3.8366	4.4695	3.707	3.8521	3.8059	3.7223	9.5054	3.8849	4.0714	4.6177
U133A__BET1	6.457	6.8917	6.1	6.4871	6.6266	5.9282	6.3555	5.9264	7.1228	5.9494	6.4942	6.1672	6.1476	5.602	5.7067	7.193	6.5846	6.7723	7.2706	6.6186	6.4599	5.748	6.1616	7.2448	6.7981	7.2339	6.0368	6.4559	5.7412	6.4165	6.3714	6.2335	6.4052	6.7489	9.1437	6.3116	6.7942	6.0472	6.1844	6.3389
U133A__NOTCH2NL	7.8298	8.6341	7.7021	7.6974	7.8539	7.4215	6.8991	8.7139	10.2228	7.6996	7.2474	7.7885	6.7152	7.8414	7.163	7.8356	7.0501	7.9431	8.1671	6.7489	7.9419	8.6442	6.2143	7.3806	7.39	7.798	6.7809	7.1969	7.2189	7.5982	7.1509	6.6654	6.8928	6.7038	7.4317	7.8704	9.2372	8.3514	8.2976	7.9329
U133A__EGFR	6.5405	8.8087	11.1948	9.1916	5.4966	8.9985	4.6032	8.5853	8.75	5.4451	6.1574	10.0365	8.0004	9.7369	8.7474	10.2614	7.8659	7.3722	9.5572	8.9579	5.5013	5.3316	4.5102	8.86	6.0289	9.7841	6.2142	4.6987	5.0824	8.0587	7.8138	9.152	8.0666	4.8664	4.2139	6.1317	6.387	8.1672	4.77	4.7772
U133A__TGFBI	5.9683	6.9042	6.5137	6.5837	5.5476	6.1062	5.7755	5.3076	9.9085	5.8022	5.705	8.7344	7.4678	9.0113	6.0496	7.0812	6.6511	11.1168	10.6715	11.2079	6.2419	8.2212	5.6705	10.843	6.2392	7.7059	5.9087	6.0484	5.846	6.7466	11.8115	10.622	11.553	5.5123	5.6781	5.5711	6.5084	5.5391	5.9796	5.3747
U133A__GDPD3	6.5019	10.0153	6.477	6.1503	6.642	5.7463	7.4532	6.4548	5.9638	6.4119	6.4377	5.6627	7.0271	6.539	7.1794	7.2005	6.6596	6.229	6.574	5.8339	8.0906	6.7648	6.1995	6	7.6927	6.1031	6.4612	7.043	5.897	8.9869	6.01	6.9427	6.2605	7.4305	6.1856	6.1103	6.7211	6.0486	6.3816	6.5637
U133A__KLK6	5.4123	4.917	9.4507	4.8753	4.8251	4.9481	5.1348	9.2735	8.0249	4.9307	5.5788	5.2118	9.1099	11.2762	5.5614	4.9339	8.6374	5.5375	4.5087	5.3166	5.1605	6.1085	4.7658	4.9606	5.3853	4.769	4.9731	5.1898	5.2134	5.3923	4.8629	4.7454	4.6814	5.0521	6.9941	5.0235	5.6345	5.0571	5.2259	4.6177
U133A__SERPINH1	7.3383	7.1112	7.8774	8.1094	7.609	10.5733	9.4768	8.1624	9.1995	7.2126	9.7949	9.0328	9.016	7.5828	8.5273	8.1352	9.7503	8.4767	8.1285	9.4153	8.799	8.2441	7.2596	6.5507	9.796	8.2198	7.7041	7.8123	8.1456	7.2836	9.8089	9.2239	8.8404	6.2635	9.6402	8.6763	7.692	7.3527	7.3068	6.6774
U133A__KANK1	5.1845	6.3431	4.3153	4.4629	5.8517	6.3967	4.9071	7.1835	6.6344	4.4494	7.8058	6.3191	6.8472	5.5078	4.8784	4.5401	6.1554	7.7999	8.4046	6.2557	5.5361	5.3198	4.7946	4.5636	5.0467	5.6924	4.7356	4.2955	5.7617	5.8712	5.7353	5.6835	7.4	5.007	6.1543	5.6976	6.0245	5.7133	6.432	6.2831
U133A__CCNE1	6.8741	7.656	7.5247	6.0468	6.445	6.8969	7.2893	7.2019	7.4141	6.8348	10.73	9.2363	7.2786	7.4831	6.9354	6.9815	7.6167	6.8902	7.2455	6.758	7.6532	6.6415	6.293	8.9341	7.247	6.0525	6.3022	6.87	6.3794	7.0469	6.7699	7.6627	7.2453	5.2141	6.1398	6.3324	6.5824	6.3656	7.0144	7.2583
U133A__PSAT1	5.5922	6.1399	8.26	8.0258	5.861	8.3365	5.8022	7.5477	7.3947	6.1203	8.0365	8.0175	9.2056	7.8975	7.689	7.0305	5.8761	6.9252	9.2504	7.682	6.5519	6.2562	5.9222	6.8654	6.9891	8.1257	6.2789	6.354	5.5266	6.6541	9.1564	8.6713	8.1064	10.4203	6.019	7.2478	5.7838	6.2581	5.9094	6.1356
U133A__P4HA1	5.7618	8.9855	6.1237	8.818	8.1603	9.0919	7.1902	6.5065	8.2364	6.6997	6.2185	7.4434	5.8957	7.3668	7.9664	6.2182	6.7204	7.365	7.7865	7.4218	6.5969	7.6202	7.498	7.5294	7.6432	7.5739	7.4626	7.2203	7.9305	9.3707	8.5351	7.5698	7.0624	8.8927	6.1585	6.9841	9.5099	10.0873	7.4844	8.6853
U133A__KRT14	4.4711	4.4747	4.6419	4.6816	4.2547	4.3247	4.5264	12.3349	4.6936	4.8159	5.3676	12.3163	10.5614	4.854	5.407	4.4493	9.9678	4.7483	10.3774	9.2974	4.8152	4.5092	4.4467	4.1072	4.4478	4.2376	4.4884	4.9099	4.823	4.8535	4.6689	4.8294	4.1673	4.4201	4.4949	4.6096	4.2088	4.7144	4.8643	4.3337
U133A__BTG3	7.0426	7.5953	6.0044	5.9703	5.3371	7.0791	4.2233	8.9466	7.8792	5.0099	8.5942	7.5041	7.8742	8.5126	5.082	7.4848	7.8793	8.5847	8.5934	6.7906	4.2185	4.5037	7.1768	8.6345	6.7812	7.9845	6.3049	6.2882	6.0178	6.2314	7.0501	8.9104	7.0772	6.0982	7.1067	3.7357	7.3764	6.5325	5.9266	7.4161
U133A__ZNF238	6.9296	3.6984	8.1969	7.2027	8.8738	7.2082	4.9441	6.3162	7.6741	3.3173	8.3037	5.0206	6.5104	5.7289	3.9919	7.2653	6.3071	4.5975	6.9448	5.6544	3.3741	3.5935	4.9768	7.0301	5.758	7.4201	6.4543	4.1213	4.6561	3.2385	4.123	5.4605	4.4145	7.3186	7.108	4.5444	8.6131	7.2481	3.4201	4.7902
U133A__BMI1	5.2627	6.2853	6.8977	5.6401	9.3719	6.6391	6.0857	5.3895	6.8203	7.5417	5.7456	5.0391	5.5369	5.7849	5.8791	6.4265	5.3789	5.998	6.2942	5.6207	6.3277	6.0755	7.9302	5.5347	5.2115	7.341	7.0147	5.6888	7.2058	5.6715	6.5148	6.4517	5.8622	7.106	5.8714	5.5429	7.4405	6.1095	4.6647	6.7911
U133A__PAPSS2	7.0707	5.8816	3.9695	5.3602	5.2108	6.6711	3.8394	4.8937	4.6984	3.9281	5.1435	5.5366	3.971	6.3733	5.5446	4.9065	3.897	5.6995	8.2559	6.008	6.3637	6.5578	3.9412	7.408	6.6677	8.8003	6.8324	5.2034	4.2712	5.4182	4.7146	5.0383	4.0733	11.0443	7.4545	6.4273	9.8404	8.3648	8.837	5.2131
U133A__STOML2	7.2213	8.4844	8.5185	9.9156	8.2398	9.103	9.0795	8.2134	8.6867	8.261	8.9344	8.3241	8.5246	8.7663	8.2916	11.5332	9.1862	8.097	9.4651	8.2944	8.4101	8.3866	8.7367	8.6208	7.9967	9.327	8.4125	8.6614	8.9936	8.3608	8.7891	8.6857	9.1326	8.089	8.0294	8.042	7.9046	8.4869	7.4566	8.9244
U133A__HSPA2	7.5745	5.3383	5.4859	4.8587	5.2922	5.7385	6.2135	7.2722	6.0608	4.9351	4.4227	6.2423	7.8916	5.2766	6.8258	5.7926	7.3109	8.2914	8.5554	5.5942	5.4509	5.593	7.4921	7.7696	9.0724	6.2914	4.4708	9.3607	4.9705	5.9957	7.5395	6.4053	5.2248	5.4669	6.9474	4.6155	5.8189	4.7869	9.5936	5.566
U133A__CBR1	4.6632	8.0566	7.6891	5.0839	5.9771	8.1128	6.1108	7.0953	6.9501	5.0824	7.8906	8.3527	6.8649	4.8263	5.8994	5.977	7.2162	6.746	7.0213	7.284	7.2775	6.5636	4.8918	7.3525	5.6315	6.639	4.8369	6.4233	4.6356	7.4491	8.3041	7.4609	7.6399	5.8024	6.1997	7.0802	7.7375	4.251	5.0283	4.3691
U133A__ATP1B1	9.9985	10.6555	8.987	9.0894	9.4873	7.953	10.5124	10.7765	9.4161	5.5723	7.0005	8.0635	9.8683	9.024	10.2811	8.4916	8.8909	8.4836	11.1555	5.7904	10.2571	8.5593	9.4818	4.4435	10.2751	9.3408	9.7824	9.7554	9.9854	9.7093	7.8881	8.672	7.3406	8.7469	8.8248	8.5279	8.5607	9.3935	10.553	8.2913
U133A__SLC39A8	5.1516	4.2055	6.7055	4.6934	5.3623	6.7829	4.5658	4.7239	4.8535	5.2895	6.9349	6.8201	7.4608	6.518	6.3975	6.201	7.026	6.0177	8.7032	5.9219	6.7641	7.3615	4.8517	5.4355	5.6375	7.3636	8.4679	4.9229	6.4025	4.5111	4.9586	7.9776	7.8383	6.9244	6.2055	6.6736	6.9142	6.4371	5.7098	7.2598
U133A__SLC6A8	6.9459	7.8981	6.0022	7.4036	5.6976	8.3725	5.8974	5.6049	7.2957	6.4491	7.5947	8.6334	5.8306	7.764	6.8817	7.1394	6.7583	6.8535	5.7344	6.6405	5.9897	6.7365	5.8509	6.4881	6.2545	6.0851	7.9234	6.7876	7.6796	9.4851	7.0348	8.6371	8.1285	9.511	6.3318	6.7968	6.2045	6.8256	6.2767	7.9459
U133A__G6PD	7.419	10.257	10.9347	7.6085	8.2352	8.511	8.3055	7.1968	6.9496	9.2814	8.0679	9.3686	7.6264	10.5808	9.6087	7.7827	8.1939	8.8272	8.4124	9.0366	10.2266	10.4884	8.2878	7.8584	9.4783	7.5137	10.8347	8.9439	11.0569	9.6004	7.0779	9.3761	8.2127	10.0446	8.6083	7.5745	8.9033	8.575	8.5037	9.736
U133A__CRISPLD2	5.923	7.4687	6.8837	7.2715	6.6231	8.8524	5.9012	6.0864	9.8636	6.5173	6.1973	6.2995	8.7598	6.864	7.2833	7.1847	6.9195	8.9948	7.1804	7.4314	5.9925	6.5184	5.8596	7.0327	6.0859	6.0414	7.68	6.3421	6.3528	6.2556	5.9922	6.2245	6.4427	7.297	6.1095	6.9753	6.1861	6.4316	6.1384	6.7485
U133A__KLK5	6.2188	4.9495	9.9284	4.9553	5.2319	4.9002	5.6246	8.9059	8.0659	5.3209	5.8171	8.4486	11.7904	10.1001	5.8285	5.9512	9.4897	8.0299	5.9757	5.5163	5.6573	5.3368	5.3217	5.0999	5.5158	4.976	5.187	5.3432	5.1043	5.3723	5.6538	5.5758	5.2208	5.4044	9.1243	5.3326	4.9775	5.4287	5.4639	5.0045
U133A__EEF1A2	8.4199	11.0325	10.6134	8.8277	10.4452	4.9698	10.4219	6.4697	4.4425	9.7461	5.8255	8.8877	8.1497	9.2164	10.1473	4.9156	5.5593	9.1134	5.8471	8.9212	10.5813	11.7994	9.6918	9.0784	9.8087	8.0866	10.3513	8.6957	10.0605	7.2008	5.2855	9.4882	6.2216	8.1734	6.2512	9.1884	8.4557	10.671	5.7969	11.6249
U133A__CASC3	8.0662	9.5254	7.1666	7.896	7.8331	7.3214	7.8822	7.4055	8.0717	6.9048	7.4362	7.247	7.6934	7.357	6.7513	7.24	7.5153	7.5471	7.7717	7.1902	7.2305	7.0158	7.7874	6.8132	7.0879	7.6189	6.8153	7.1054	6.3196	9.5638	7.2235	6.6186	7.6981	6.8808	7.7518	8.0652	10.4373	7.5613	6.8273	7.8892
U133A__TRIM16	6.1574	6.1974	9.2691	5.7526	6.4896	7.8195	6.6675	6.8223	7.0869	5.7686	6.3137	9.1814	8.2659	7.3056	7.7113	6.6343	7.8839	7.5431	5.7772	7.4161	6.4079	6.7198	6.2253	7.6578	5.7971	5.9195	7.4512	6.3	8.2898	7.0752	6.5095	7.3537	6.161	7.2962	6.0595	6.0184	6.2297	6.5469	6.0031	6.4635
U133A__PAAF1	6.4925	6.8776	6.9956	8.5266	7.4744	6.9061	5.8019	5.5987	6.799	6.4435	6.249	7.4576	6.6983	6.1051	6.5765	7.2198	7.226	7.1454	6.7515	6.9166	7.0072	7.4152	9.6753	6.8147	6.3476	6.2475	6.5071	6.2601	6.8968	6.0961	6.0779	7.5041	7.0036	6.2952	7.0041	7.5951	7.2575	6.633	6.9111	6.6272
U133A__LCP1	6.4332	6.6131	8.2296	6.2662	6.4693	5.9101	6.1359	6.1282	6.1918	6.9759	6.4522	8.2536	7.8778	6.2406	6.6489	6.4331	9.0611	7.1854	6.3068	6.5316	6.456	6.3403	6.4994	5.9818	6.8268	6.3551	6.8295	8.4467	6.369	7.2037	6.2423	6.9817	8.3904	6.1335	6.1136	6.2428	5.9047	6.7422	6.4982	6.5874
U133A__PIR	4.6997	6.0985	5.6555	5.1577	4.6415	5.9744	4.6417	4.5998	5.8591	5.8861	6.3592	6.5985	7.4658	4.0181	4.883	4.9194	7.3016	5.6805	6.7355	4.7965	5.0436	4.9141	4.1856	5.7721	4.0657	5.3994	7.2433	8.1638	5.4722	4.2441	6.8605	4.6306	6.0726	5.4548	7.6523	5.3672	5.9331	6.0265	7.4381	7.9715
U133A__TUBB6	4.8682	6.5678	8.0465	6.253	4.4901	9.8768	4.9213	8.3339	9.2657	7.3934	8.5949	8.9081	8.7762	7.6112	5.3791	6.6415	9.8152	9.8057	8.0943	9.7499	8.3425	7.4325	7.8191	10.4802	5.4732	9.0045	7.5802	5.0843	5.1846	6.5456	10.1106	9.4057	9.6441	5.1798	5.5564	7.8651	8.1612	6.4891	7.0332	9.5322
U133A__IFNGR1	6.2688	7.5228	6.5688	6.3571	5.4815	5.8801	5.2355	6.8528	8.334	4.6056	6.7327	8.5441	8.1554	6.8216	4.8815	8.3696	6.9811	7.6443	8.2171	6.8533	6.2653	5.2145	6.2502	7.4998	6.6431	6.5338	6.6722	6.1714	6.5028	6.212	6.5564	7.4746	7.0159	6.9089	6.8947	5.0929	7.0664	5.7274	6.1177	6.2415
U133A__AQP3	6.9417	9.9287	5.2828	3.8137	3.5973	3.5918	5.1623	6.214	4.2718	3.5187	3.6389	6.1709	9.5345	5.0948	8.4696	5.3084	9.2208	4.8822	3.9124	3.7876	9.5323	6.4128	3.3584	3.941	4.0983	4.1786	4.6432	4.8068	4.4401	7.8977	3.4774	3.844	3.6942	8.563	3.7812	3.6757	3.3325	7.4606	3.5421	3.5666
U133A__SPDEF	10.4241	9.495	6.094	10.1198	9.8359	5.8444	10.4996	6.2908	5.8013	9.2013	6.2848	5.3899	6.8656	7.0677	10.3649	9.5734	6.6571	5.9869	5.2999	6.5909	10.0367	8.9085	8.9427	5.5694	9.9494	6.027	10.078	9.6299	10.1262	9.8712	6.631	6.472	6.5064	10.0966	9.9188	9.3052	9.6714	10.8242	10.4874	10.1563
U133A__STEAP3	8.0543	8.4341	7.0147	6.9625	7.0864	7.3676	6.5586	6.8849	7.5276	7.445	7.753	7.6356	7.1557	7.53	6.9089	7.9038	8.1799	7.1387	8.774	8.4079	7.3242	7.1979	6.45	7.9782	6.7535	7.7131	7.0101	7.31	6.5345	7.9369	8.3281	8.0487	8.8255	6.5464	7.0222	6.8751	7.3441	7.2453	6.3288	7.7787
U133A__ARL4C	5.0372	5.4113	7.4864	6.7865	5.2082	8.6102	5.4432	8.2727	5.3763	5.1972	5.7854	6.2923	6.6579	6.6568	5.1034	7.1242	6.4012	8.4927	7.7619	8.1936	5.7452	4.8309	5.8689	8.3712	5.9178	7.2348	6.0425	4.1099	4.347	5.107	9.1009	6.2938	4.6692	5.4439	5.766	4.7769	6.1884	6.1871	4.5286	5.0522
U133A__ALDH2	9.3805	9.7677	5.4141	10.227	9.9024	6.8361	9.4075	5.5016	8.2046	6.0363	8.5911	8.8455	5.5621	4.9952	9.9548	5.4287	5.4604	8.6838	7.2193	5.5024	6.2979	6.6812	6.8677	7.5525	6.3535	7.9242	10.2982	8.6058	5.4285	10.0471	7.2277	7.8676	5.8958	5.3037	5.8761	7.3889	6.6914	9.1299	7.9267	7.0443
U133A__SLC39A6	7.7971	6.2623	5.3606	8.41	9.7579	7.1998	7.8475	7.3674	7.4381	7.3231	6.8048	6.6043	5.6466	7.0401	6.3356	6.5261	6.3182	7.2364	6.9683	6.666	7.9931	10.5732	8.0261	5.5622	7.2093	6.5394	8.0151	6.4029	6.5248	6.2838	6.153	7.6162	7.6329	7.1446	7.6467	7.1279	8.8267	9.2532	6.6951	11.5676
U133A__PPP1R3D	6.0376	6.2841	6.5806	5.8836	8.9569	5.5115	7.3522	5.3847	5.2179	8.4079	6.0031	6.2885	6.1268	6.9745	5.6122	6.7862	5.4457	5.3754	5.7838	5.1445	6.6139	6.9967	9.3097	5.3464	7.7236	5.2928	7.7316	6.1594	7.5285	6.4306	4.8825	6.1016	4.8641	8.1589	6.8287	5.7656	8.1055	7.205	5.45	6.5275
U133A__MXI1	7.7833	7.0097	6.626	7.3195	8.6692	7.3301	7.4381	7.8076	8.4684	7.3445	7.0584	8.1907	7.1562	5.9531	7.2023	6.805	6.9029	7.5514	9.087	6.6939	7.6389	7.3389	7.2612	6.8367	6.8689	7.1284	8.0918	6.9184	7.0976	6.4319	7.3327	7.402	6.8419	8.3324	6.9331	7.1939	9.4942	9.8356	8.1624	7.0224
U133A__DUSP1	6.4053	7.7114	7.1752	8.9782	7.1171	6.1533	7.4269	5.3717	5.2704	6.595	6.1984	6.4507	7.5507	5.8845	7.3064	7.3325	7.7346	6.8596	5.6034	7.7844	6.4474	7.2639	7.0795	6.6723	6.1124	8.7086	8.8691	5.7835	6.1885	9.4192	8.3556	6.6147	9.4805	9.4117	8.4658	7.5289	7.3543	7.386	6.7581	6.2795
U133A__ODC1	7.2658	9.8365	9.3139	8.4784	6.9821	9.6858	8.5726	8.7274	9.1805	7.4758	9.8632	10.1008	8.6725	9.8299	8.3002	11.1687	9.0012	8.1336	8.249	10.7288	10.2742	8.7641	8.0235	8.4529	6.0289	10.6684	8.4585	8.5167	8.8369	8.9235	9.6933	9.8585	11.6096	8.7049	10.6549	8.7207	7.7962	6.2178	7.3623	8.5418
U133A__CXCR7	3.4505	3.4369	3.5229	6.5177	8.9687	6.7031	3.6681	3.4011	3.3612	7.9158	3.7108	7.6545	3.5148	3.6332	3.6488	4.1429	3.4287	3.4867	3.3762	3.7256	7.157	7.6049	4.9871	5.3976	7.5315	3.3214	6.8548	3.5821	3.4802	3.4042	3.5035	3.4851	3.8524	8.5317	3.9559	3.1811	3.3253	3.6344	3.7854	3.5391
U133A__KIF14	6.6803	6.4582	6.7575	5.5932	5.6142	7.1136	4.9453	5.6646	8.1398	5.3265	6.9909	7.2605	6.414	5.3583	5.0707	5.431	6.481	6.2668	7.5613	5.9016	5.7401	6.9772	5.3392	6.6024	5.8901	7.6284	5.4955	6.6597	5.9754	6.0151	5.7495	5.9024	6.1868	4.6193	5.3477	5.6868	5.8779	6.7918	6.1667	7.0268
U133A__CTSL2	6.6891	6.6544	7.9888	6.1776	5.8575	7.9594	6.6191	10.2184	5.7305	6.0333	7.4727	7.4576	7.8409	7.0974	6.5739	6.0122	8.0945	7.7367	8.1816	5.7412	7.1939	6.6615	6.6808	8.3407	7.0612	5.8619	6.3803	7.5018	5.5789	6.5624	6.5317	6.8619	5.7468	7.4294	5.8074	7.2087	6.9109	6.678	6.5078	7.0021
U133A__CSRP2	4.6788	4.979	4.1554	5.0201	4.0119	7.7089	4.3732	5.1256	8.5335	4.1902	5.8713	8.9537	4.8602	4.5477	7.3587	5.8602	6.7445	6.1986	3.8214	6.0008	4.9673	4.4735	5.2102	6.9489	4.3389	7.2707	5.5783	4.5925	4.4372	4.4089	6.4662	6.4077	5.9498	4.0688	4.6758	4.0357	4.863	4.0661	4.3677	5.474
U133A__AZGP1	11.0784	9.5652	4.1337	4.3722	5.3773	3.828	4.9144	9.7205	4.6557	3.8861	7.4406	3.8669	7.7823	6.7995	11.0073	6.6826	8.834	3.7841	10.0723	4.0968	4.4819	3.7957	3.9856	3.0804	7.5474	4.0232	6.4078	9.4461	9.2802	5.7217	4.0741	3.8247	3.7598	4.1752	4.0009	5.3704	7.4854	8.8218	8.5906	4.9162
U133A__CLDN4	7.8095	7.8886	6.8892	7.4307	8.0102	4.3947	6.203	7.5458	8.2974	7.4553	7.4055	6.5293	7.7536	7.9433	8.4582	7.7545	7.8168	6.8585	7.604	4.6864	7.6706	6.9713	6.7166	4.3184	9.4105	4.2514	7.1352	7.4668	6.7302	8.1243	4.5668	6.7523	3.8645	9.26	6.2457	8.066	7.7975	7.5057	8.4006	6.617
U133A__FERMT2	6.0267	7.439	5.8723	5.3801	8.2001	9.8437	6.2531	6.9012	6.5681	6.2655	6.1023	4.3862	7.7149	6.2438	5.1273	8.7037	9.2104	9.7082	8.4669	8.7483	8.2909	7.0989	6.4247	8.4146	6.1627	9.5633	6.3958	5.8793	7.5523	7.6505	8.7006	8.3695	8.7763	7.4012	5.937	7.0412	7.3012	4.5512	5.8862	7.3271
U133A__GPRC5C	7.4235	6.1309	5.8727	6.7046	6.796	5.3902	6.9703	5.6507	5.5117	6.314	5.8513	5.5639	5.7202	5.8357	8.0014	6.4456	5.8599	6.2879	5.6807	6.194	6.4966	6.7739	7.9681	9.0957	7.5182	5.7214	8.3154	6.1173	7.1564	6.0889	5.7109	5.5935	5.16	6.7736	6.2738	7.4572	7.4876	7.2886	7.2206	6.3964
U133A__MBP	5.1637	4.6214	6.8298	4.9599	4.6325	4.7642	4.382	8.2963	4.0408	5.2755	5.3637	5.5559	5.0395	7.3797	4.2052	7.7157	6.2399	6.1055	8.4056	4.443	5.7006	5.2573	4.7936	4.2088	4.3579	7.526	6.2173	5.1686	5.3124	4.4824	5.3162	7.4457	4.8437	4.3446	6.1251	4.5642	4.795	5.4945	4.8257	6.3904
U133A__SHMT2	6.8623	6.8222	7.9185	7.071	7.0055	7.6469	6.4895	7.1328	7.2544	6.7988	6.8016	7.7717	6.9625	7.2352	7.8769	7.1546	6.8061	6.8646	7.8655	7.2257	6.7149	7.2691	6.8747	7.2939	6.993	8.2976	7.3437	7.2153	7.1317	7.177	6.9664	7.6724	8.1897	10.3165	8.1213	7.8199	7.3251	6.8354	6.8955	7.5223
U133A__CDKN2A	5.4592	5.6337	4.6481	4.6365	5.0078	9.7826	5.6669	5.4065	7.8926	5.4771	8.3981	4.2781	9.1976	5.8929	6.2697	4.8747	8.6854	4.4747	9.9184	4.8437	4.4975	4.5033	6.0073	9.0399	5.1148	4.0997	5.1969	6.6681	5.4652	5.6444	4.5362	4.7548	4.9797	5.2966	5.514	5.2599	4.5154	5.1321	5.0203	5.1595
U133A__FGFR1	6.1557	5.7798	5.7379	6.852	7.4678	7.5789	7.3779	6.7737	8.6157	6.1787	6.737	5.9285	6.0116	5.8635	6.4269	6.623	6.2015	9.3113	5.9031	7.4059	6.7359	6.0403	11.6578	8.0272	8.3604	7.1029	8.2599	6.0409	6.4628	6.1317	8.3245	5.7774	7.9791	6.489	7.2695	6.4819	7.8946	7.4521	6.1931	7.6142
U133A__WSB1	6.239	8.2551	6.1276	7.3675	7.0195	6.8786	5.492	5.8212	7.4104	5.3262	5.914	6.7034	5.8728	6.6474	6.7776	6.0542	6.0579	7.2149	6.6716	5.7828	5.4442	7.4005	6.4023	7.1279	6.0259	6.9566	6.9722	6.3978	6.2506	6.6178	5.9927	5.4897	5.5857	7.1261	5.8337	6.0556	8.813	6.2851	8.3075	6.3934
U133A__MAGEA6	4.1337	10.693	11.5841	4.2307	9.8056	4.0703	3.9456	4.2992	4.86	11.4676	3.9504	10.0407	4.0099	9.9063	8.6699	3.986	9.5413	4.4473	6.445	9.4312	4.0506	4.1283	4.1417	8.6643	4.1481	10.9078	3.9064	4.9708	4.038	10.2216	9.7426	3.9341	10.1877	8.205	4.2629	4.3884	3.8095	7.8366	4.2791	9.4051
U133A__ATP2C2	6.3307	6.2095	5.2594	6.78	6.1865	4.7505	6.4084	5.4049	4.9367	6.2669	4.6402	5.5946	6.105	5.0725	6.6704	6.7137	6.1365	4.8823	5.9041	4.6599	6.1516	5.6878	5.0964	4.7406	6.6441	4.5629	6.3763	7.4543	5.9877	6.6966	5.0115	5.5817	4.528	7.6748	6.0596	5.6751	6.1125	7.0079	6.089	5.4811
U133A__TRIM14	5.7111	7.293	5.9119	5.5532	6.9845	4.7954	6.0307	6.4656	4.7405	5.0382	6.2084	6.7988	8.4742	7.3205	5.9367	5.9769	8.6716	7.1586	7.3079	4.8671	6.6019	5.8925	6.5025	7.7062	6.2134	7.0665	5.7377	6.9022	6.2579	6.7685	5.6757	6.187	7.3255	7.821	6.7641	5.4603	6.2686	5.5596	5.9812	5.512
U133A__CEBPD	6.6929	8.6335	8.0005	6.0731	7.3742	9.5029	6.3522	8.0968	9.7249	7.1484	7.2111	7.8098	8.6922	7.3539	6.7642	6.9569	9.2087	8.8963	8.6788	6.0953	6.5099	7.0844	6.2396	8.7538	7.4876	5.9531	6.0972	6.213	6.2153	6.6089	8.2928	8.4856	8.7118	7.0693	5.3927	7.6899	7.834	7.6569	5.6782	6.9549
U133A__AKR1C2	5.4605	6.4464	9.0657	5.9221	5.7432	6.1651	5.4722	7.525	8.0987	5.4578	6.006	12.3755	8.7393	8.1344	5.8008	5.8194	8.3491	9.221	7.9785	9.3591	5.9496	6.9475	8.881	8.398	7.346	5.5549	6.8639	7.5265	6.1791	5.8097	6.0822	7.791	7.9192	9.6358	5.6004	5.3554	5.4338	5.3534	5.9593	5.4075
U133A__RHOB	10.4942	9.873	6.3164	11.0388	10.4831	6.7962	11.0472	6.5967	5.3472	11.2735	6.8223	5.304	6.3977	6.8571	10.6523	9.5881	6.7605	5.6554	4.5314	6.3916	9.3614	9.9117	11.0411	7.4355	10.1894	6.7163	10.5222	9.9235	10.7721	10.9564	5.3243	5.6316	8.7454	9.5754	9.765	9.1037	9.9938	10.6561	9.3275	10.3209
U133A__TNC	5.3228	4.6808	6.0589	5.0294	4.8493	6.8118	4.6548	5.8077	9.2972	4.909	6.0354	4.8131	5.0022	8.1084	6.7858	5.3092	6.2336	9.3754	8.5657	6.5111	5.0374	4.7272	7.5415	7.5353	5.0349	5.0495	6.0046	6.2086	9.5715	4.904	7.4837	8.1507	6.8616	5.1442	7.8556	4.9164	6.5265	5.2553	5.9237	4.8657
U133A__IMPA1	5.2363	5.5406	5.9502	6.2377	7.4474	7.8499	6.6765	6.7184	6.6645	7.2692	6.5049	7.2301	6.5723	6.7778	5.7266	6.2072	6.3296	9.1622	7.2514	8.1778	6.2839	5.8652	7.2879	7.6629	5.4641	9.0728	6.6845	5.8907	6.172	5.4364	7.0298	7.1631	7.3519	6.3428	7.1394	6.7237	7.0669	6.539	5.375	7.6335
U133A__CD24	9.747	9.5437	8.9504	8.7744	8.2393	3.5199	8.2221	9.2422	7.2274	6.6408	6.3939	6.8512	9.9667	9.5275	9.281	11.2971	10.3802	7.1	8.5836	3.7671	5.9387	8.2443	9.1643	4.448	8.7916	2.7171	9.446	9.4698	8.2285	9.1722	2.6672	7.1838	3.0234	10.3803	8.0689	7.9118	9.5413	9.566	8.6253	7.3369
U133A__PPID	5.7543	5.0949	7.5725	4.7081	6.3369	6.4077	6.4478	5.1869	5.9801	4.6728	6.5156	7.3894	7.1278	7.2762	4.8877	4.8359	4.6655	5.973	4.7282	5.6947	6.2058	5.1748	7.1153	5.4494	5.3947	6.7744	6.0593	5.3653	5.694	6.1165	5.3484	6.8163	7.1574	5.5997	5.023	4.7731	5.0992	5.197	5.1149	6.5643
U133A__PHF11	6.8572	6.8199	6.1504	6.1094	7.5155	4.6492	6.1965	6.3952	8.6781	5.6711	5.5715	5.9209	6.1798	6.3456	5.9198	6.8223	6.0406	6.8884	8.1456	5.5505	5.9869	6.4986	5.6302	5.53	6.6321	5.6441	6.368	7.2591	5.8747	5.8702	6.4841	6.3897	6.1046	4.2574	5.6881	5.8207	8.1203	6.3191	6.6798	6.1857
U133A__NBR1	8.5837	6.8223	7.6078	7.7641	8.4116	6.3274	7.4229	7.3541	7.0632	7.8062	7.2236	7.32	7.4418	5.8032	6.2526	7.2843	7.2111	8.5669	7.3033	7.4616	6.7581	6.9477	7.5243	7.4008	7.1891	8.0003	7.8273	7.3042	6.9636	6.1965	7.7861	7.0789	7.3247	6.9851	7.6207	7.9033	7.6139	8.6925	7.6123	7.1429
U133A__NXN	7.5201	5.0095	6.0575	5.7535	7.3153	8.3716	6.529	7.7664	8.4054	5.6117	8.0771	8.1691	6.7657	7.223	5.6674	5.3557	6.4697	7.3231	7.8487	7.2476	5.4589	6.0448	5.3731	9.1328	6.9807	7.7845	6.3448	5.8264	5.2453	5.2668	8.8314	7.8895	6.2312	5.8514	6.6533	7.0094	7.3149	5.6373	6.3206	5.9735
U133A__LAMC2	6.4531	6.0777	6.8751	5.6348	5.93	6.002	6.0625	8.5082	5.881	5.7732	6.2261	8.5525	7.7384	6.1018	7.1326	5.9453	8.8207	6.4814	7.7414	6.8578	6.3223	5.9447	5.8067	7.0817	6.0721	6.1309	6.0593	6.7055	5.7604	5.9867	6.0108	10.3401	6.2632	5.755	5.8722	5.8433	5.9923	5.9061	6.3937	5.7819
U133A__GLS	4.4195	5.7518	7.2918	4.0759	4.3543	6.6791	3.7784	7.3472	5.1229	5.2186	7.3126	7.012	5.7987	5.3433	3.5858	5.3827	5.5398	7.1731	7.3676	5.5516	5.2015	5.0259	4.7226	6.4009	4.2736	7.034	4.1183	4.9112	3.4156	4.8237	7.9906	6.7428	6.0561	4.4919	4.4406	4.5268	4.8293	4.3555	4.6226	4.9851
U133A__BAG3	8.2247	8.6391	7.6031	6.253	9.9605	8.3813	9.003	7.9982	7.4648	11.0007	7.1423	9.6167	8.4159	8.6065	7.9534	7.5275	8.5037	7.9374	8.6106	8.5739	9.9299	9.2509	8.7854	8.1334	8.0965	9.2955	9.1869	9.7985	8.0433	8.1213	9.3118	8.3239	8.7457	7.9336	8.2817	7.725	8.5901	8.0945	9.2026	8.6739
U133A__DENND2D	7.4958	7.4556	4.9648	5.7265	8.5326	4.6513	8.6196	5.5103	5.2798	7.1097	6.1298	6.2403	6.9926	5.5069	6.1241	4.5585	4.9996	6.5644	7.7754	5.2324	7.2123	6.653	7.6433	4.7386	6.6939	5.02	7.1371	7.3444	6.518	7.5157	5.1945	4.5415	4.1664	5.338	7.0955	6.6906	6.9624	6.7653	6.3274	6.5483
U133A__C5orf23	5.6841	6.3829	5.455	7.5346	6.271	6.5705	7.2092	8.7788	7.6183	5.4248	7.2325	5.4244	5.5515	5.5549	7.2706	8.2279	6.8555	7.2818	8.3511	7.1384	5.6597	5.5512	6.1622	6.0857	5.6845	5.6237	5.9768	5.8137	7.0568	7.5061	5.7325	5.2448	6.0217	5.878	5.4923	5.947	6.2081	6.4551	5.5455	5.6891
U133A__THBS1	5.5343	5.001	7.0833	2.6537	6.3221	9.244	5.7668	8.4849	4.4151	3.3894	3.7441	6.7656	3.75	7.6908	4.662	2.6702	7.1499	5.1664	3.2742	8.3906	4.5841	5.9715	6.4773	5.6089	6.0028	6.6098	3.9623	5.9902	7.2005	4.0472	2.661	9.1396	8.1503	4.1347	6.1984	6.842	4.6027	2.8948	5.3032	2.6965
U133A__ANKRD57	5.9697	4.6663	6.3858	6.1402	6.2868	5.939	7.7336	6.0224	5.2587	6.8299	5.4594	6.5732	6.5182	6.5702	5.2921	5.1079	5.4951	5.5572	6.0201	5.2873	5.7804	5.1389	7.8938	5.3602	5.5994	6.4687	6.098	4.9998	6.1175	5.572	5.31	6.1903	6.4324	7.6739	6.4395	5.5621	7.0825	5.7018	6.1324	5.2503
U133A__KDM5B	8.1465	7.4558	6.7369	8.3674	9.3575	7.7621	6.8057	6.7703	9.3637	6.7633	6.888	7.5471	7.688	6.1548	8.1849	7.2104	6.6561	7.2374	7.8139	5.2883	6.9218	8.0348	7.1544	7.1837	8.3026	6.3683	7.883	7.3634	7.4506	6.7803	6.9829	6.1166	5.7313	8.4742	8.648	7.9186	10.1097	9.667	8.2108	8.2752
U133A__TPM2	2.9737	3.2967	2.7599	2.7023	3.0083	9.2246	3.0307	6.6508	2.7736	3.2918	9.0163	7.0455	3.3028	3.2698	3.2636	3.8763	6.7663	7.9299	8.1468	9.5375	3.3478	3.2518	3.2009	4.4389	3.1689	3.4678	2.8649	3.6268	3.157	3.4752	8.5825	7.37	8.2812	2.8239	5.6483	3.0476	3.3862	3.4566	3.5368	2.9659
U133A__IL17RB	7.8873	5.2466	6.0934	6.843	6.2471	5.4904	7.3323	7.4661	7.126	7.2657	7.2222	5.3553	6.507	5.8397	6.6872	5.6375	6.1953	5.9681	6.8122	5.8206	6.4179	5.8688	6.2372	5.2065	7.0024	5.0123	8.7116	8.1319	6.924	5.5917	6.0384	5.6864	4.3868	5.6571	5.6092	6.6666	5.8909	6.2496	6.2285	7.187
U133A__TFPI2	7.557	4.6395	8.3102	4.7191	4.3087	6.5383	4.1132	3.9849	4.0743	4.199	4.0486	6.8855	4.0854	4.3796	4.6333	5.0358	4.0053	6.1919	6.6266	4.2509	4.1836	6.2286	4.2252	8.7661	4.6738	7.4605	7.1817	4.1103	4.1122	4.4394	6.8177	6.9668	7.5053	5.1922	3.9556	4.0933	4.5088	5.9324	4.8398	5.2502
U133A__AHNAK	5.281	5.7218	6.4729	5.9388	5.7781	5.2206	5.2713	6.1827	6.0559	6.224	5.2952	5.0968	6.7373	7.6819	5.6581	6.8806	5.6812	5.9843	7.446	5.8018	5.7293	4.9851	8.2307	5.331	5.487	5.0914	7.506	6.7486	6.7658	6.1605	5.0432	4.7147	5.4686	5.7549	7.3006	5.636	5.4948	6.6421	7.3673	7.5269
U133A__CRAT	6.1327	7.0301	4.5222	8.5392	5.3326	6.6085	4.9208	5.0816	7.4136	5.5972	6.259	4.5969	4.802	4.7328	9.3471	6.135	5.24	6.8102	4.6552	5.6507	4.7699	4.963	5.0092	6.6468	6.8732	4.6449	6.5012	7.3414	9.0429	5.5132	6.5242	6.0194	4.8625	8.281	6.3673	6.9289	7.6199	7.4963	6.8954	7.0787
U133A__ELMO3	5.9066	5.7889	8.5436	6.3025	7.6556	5.2339	6.9758	7.0401	5.4423	6.5243	5.5475	5.3853	6.8982	5.5113	7.6866	5.2542	6.1292	5.5702	7.6032	5.6752	6.3077	6.383	5.9392	5.4442	6.9119	4.9135	8.2494	7.547	7.8003	5.5882	5.0385	7.7912	5.3956	5.9363	5.2154	7.257	7.1531	7.128	5.2535	7.3481
U133A__DDIT4	7.5309	9.4689	6.8728	9.5108	6.8696	10.5424	8.9504	7.5289	10.2985	7	9.2058	8.7386	8.6661	6.8977	10.1339	6.091	10.2213	7.4198	8.3905	6.1963	7.3089	8.6375	7.2565	7.6621	8.6169	6.395	8.1399	8.6558	9.5738	9.6591	9.6427	10.4824	8.3328	9.356	9.6722	6.2074	10.9391	9.3186	10.2433	8.7454
U133A__CALD1	4.2559	5.8786	8.3527	3.9365	4.9682	7.9225	3.6763	6.2884	9.1905	3.4181	8.0223	6.0784	7.1754	4.4506	5.9083	5.5558	9.2409	8.6378	8.8403	9.3954	3.6019	3.9175	4.3435	7.5768	4.9728	7.2995	5.0421	4.1759	3.5041	4.7812	7.3616	7.3157	7.8436	7.7707	6.7517	4.3805	4.0465	4.0081	5.9235	3.6434
U133A__FBP1	6.8861	5.4407	5.6061	8.7593	9.0806	5.8518	8.9571	5.675	5.3145	9.223	5.9597	5.9596	8.9816	6.1031	8.462	5.4783	5.7636	6.0568	6.0106	6.2966	9.2997	10.2366	9.9675	5.5894	10.3739	5.6397	10.3698	8.9993	6.1156	7.3014	5.5824	7.2633	5.8976	9.8817	7.7395	7.7367	9.8135	9.0869	6.2665	8.5342
