Cell lines	600MPE	AU565	BT20	BT474	BT483	BT549	CAMA1	HCC1143	HCC1187	HCC1428	HCC1569	HCC1806	HCC1937	HCC1954	HCC2185	HCC3153	HCC38	HCC70	HS578T	LY2	MCF7	MDAMB134VI	MDAMB157	MDAMB175VII	MDAMB231	MDAMB361	MDAMB415	MDAMB453	SKBR3	SUM1315MO2	SUM149PT	SUM159PT	SUM185PE	SUM225CWN	SUM52PE	T47D	UACC812	ZR751	ZR75B
Response	1	1	-1	-1	-1	1	1	1	-1	1	-1	1	-1	-1	-1	1	1	-1	1	1	1	1	1	1	1	1	1	-1	1	-1	1	-1	1	-1	-1	1	-1	-1	1
U133A__LIMCH1	6.0867	7.0559	7.0651	5.9547	4.5506	3.4312	4.4364	6.6193	6.9381	3.4256	6.7857	4.222	6.9595	5.566	8.4483	5.7588	5.1467	7.6226	5.4328	4.0459	3.9423	6.553	4.4139	6.8992	6.5312	5.033	5.5271	6.2939	6.1873	3.4676	5.11	6.8599	8.4582	8.2485	7.9542	4.2224	6.6392	7.7023	3.813
U133A__PRKACB	5.7668	7.3425	6.974	7.9085	6.873	7.128	5.6635	7.0985	7.116	6.5155	6.3986	6.8435	7.7829	7.5556	7.4713	6.6439	7.7662	9.3369	7.1608	5.2971	6.3838	5.8828	7.191	6.1262	8.461	8.0549	5.4461	7.2026	6.4	7.3061	5.9619	6.8006	6.4627	8.839	7.2857	6.1098	7.754	6.9566	6.3993
U133A__VEGFA	6.0067	7.5865	7.4133	9.3172	8.8928	7.2353	8.7479	7.4108	8.8648	6.898	7.7084	7.6821	7.3718	8.5349	6.1552	7.9471	6.1499	9.1817	7.9602	6.6548	6.5035	6.9542	7.311	6.9627	6.1337	7.1265	7.4277	7.8891	7.5508	6.0449	7.6551	7.5202	8.2384	9.726	8.0846	5.8024	9.2627	9.467	7.0239
U133A__ZNF238	6.9296	3.6984	8.1969	7.2027	8.8738	7.2082	4.9441	6.3162	7.6741	3.3173	8.3037	5.0206	6.5104	5.7289	7.2653	6.3071	4.5975	6.9448	5.6544	3.3741	3.5935	4.9768	7.0301	5.758	7.4201	6.4543	4.1213	4.6561	3.2385	4.123	5.4605	4.4145	7.3186	7.2616	7.108	4.5444	8.6131	7.2481	4.7902
U133A__SASH1	6.8729	8.0514	6.5801	6.2097	6.3274	5.5121	5.0593	6.3964	7.9624	5.8275	5.5587	7.1532	6.4264	4.9592	8.5103	5.5314	5.4471	6.5303	6.0764	5.3468	5.6008	4.5609	5.7093	6.2216	6.4312	4.7488	6.2194	8.058	7.0212	7.7444	5.3774	6.1138	6.2486	8.2544	6.7125	6.0433	8.1355	5.8784	5.0383
U133A__CDCP1	7.0742	7.2215	8.8826	7.3078	7.3245	5.7458	7.0456	7.5834	6.5563	6.1087	5.8003	8.3644	7.5225	8.6177	7.6904	8.2325	6.9611	7.7991	6.2206	5.8522	5.5089	7.7861	6.0267	6.8073	6.5621	7.4171	6.5984	7.661	5.7184	9.4111	8.3319	8.8519	5.8008	6.9583	7.2886	6.9554	7.7043	7.4395	7.2068
U133A__TSC22D3	8.6296	7.6905	8.256	8.0938	8.2768	6.8298	8.046	6.3736	7.4189	7.9939	6.8413	6.5075	8.4426	6.8274	9.6233	7.1738	7.9296	9.0921	5.9813	7.7376	8.113	8.7906	6.4745	9.6575	5.5423	7.798	9.5332	8.5134	8.297	7.2593	7.1095	8.0444	7.5857	10.0225	10.701	6.4267	10.173	9.4171	7.5559
U133A__DTX4	8.5534	9.0599	7.5579	7.4076	6.3974	6.0917	6.706	6.3983	8.0553	6.4963	8.0591	7.1172	8.3881	7.9724	9.3534	6.8807	5.8196	7.6493	6.1719	6.0955	6.0561	6.6433	6.6331	8.2983	5.8898	7.0834	7.3844	6.6527	7.4584	6.2423	7.1386	5.167	7.0847	7.7214	7.9261	5.7985	9.3252	6.781	6.6645
U133A__EFEMP1	7.4576	8.4777	3.9936	4.9476	7.2537	9.8537	9.8452	11.5931	3.9406	9.5939	4.5082	9.0406	7.8452	6.2124	9.5684	8.5328	11.2032	9.9411	5.6562	6.8707	6.1881	4.3448	9.1576	7.5869	6.0508	5.3781	9.5557	4.4232	8.7332	3.8355	9.2272	9.7898	10.0329	9.0876	4.2679	10.1096	7.0931	6.9504	7.616
U133A__GOLGA8A	5.5482	5.624	6.4387	7.8406	6.2792	7.9159	5.1443	6.1268	6.5558	3.9995	6.2642	7.0239	4.5668	5.7512	6.4569	5.5296	6.6093	6.9683	4.5496	4.7798	5.7913	4.5748	6.1873	5.6399	5.1079	4.7992	4.7586	6.2041	5.4125	5.9638	7.2451	4.9087	7.7159	7.0286	8.1643	5.205	7.8459	8.5237	7.3475
U133A__NMI	5.4002	6.3355	6.9712	5.7453	6.2096	6.1877	3.8738	5.7535	7.1553	4.6454	6.3539	7.9995	8.664	7.9398	6.8946	7.0581	6.7868	8.4223	6.1866	5.3983	5.7694	4.0752	7.4026	5.436	6.8466	6.5341	3.9968	5.6363	5.8808	6.4119	8.0871	6.5488	4.6572	8.5493	5.5115	4.7055	6.0912	6.4388	5.2935
U133A__EMP3	4.327	3.9888	4.4028	4.2731	4.2246	9.9908	4.5129	5.9249	4.5177	4.8069	4.4271	6.169	4.4585	4.1728	4.8236	4.8179	9.0618	5.7623	10.2742	4.4979	4.6047	4.5679	9.169	4.2846	9.3624	4.4717	4.519	4.3967	4.5344	9.6246	8.36	9.3993	5.4208	4.3435	4.3907	4.6524	4.1567	4.2003	4.5004
U133A__RARRES1	3.8994	3.9165	5.6757	5.0216	4.0122	4.0492	6.0037	5.7348	7.3442	3.9305	6.7637	3.5562	11.4641	10.2571	10.121	9.7524	9.0356	11.2702	3.9403	3.9169	3.788	3.8084	4.0365	8.6432	4.0386	4.0105	6.6888	4.6732	4.3522	3.9816	9.533	4.32	4.108	8.8969	3.7814	4.0176	9.1176	4.1339	3.9863
U133A__MXRA5	5.2332	4.6637	6.0163	7.4841	6.7179	4.7947	4.5551	4.9826	6.7802	4.837	5.0977	6.1062	4.7687	5.3734	6.4152	4.7036	5.8213	7.2927	4.7979	4.9999	5.5863	4.834	7.9013	4.9308	4.7025	4.8555	5.5107	4.7987	5.4203	6.9265	4.8411	4.5757	5.3966	5.7488	4.7125	4.5437	6.7315	7.4124	5.4783
U133A__OXCT1	6.6631	4.7613	7.2969	7.0793	6.9259	7.4812	5.4562	6.2693	7.2918	5.6784	7.8659	7.0056	8.1555	6.5847	7.3689	8.0283	6.8556	8.6449	6.7992	5.6591	6.2862	7.7316	7.7485	6.5278	5.8589	6.9388	7.5486	6.9538	4.8926	7.0168	6.2843	8.3718	5.3477	7.1209	4.9142	4.9097	6.5453	6.2448	6.7417
U133A__KAZ	6.887	9.3271	7.3713	6.8696	6.9423	5.0339	7.2092	7.3067	7.019	6.1357	7.4731	7.073	8.0966	6.6288	7.2085	7.7884	6.4812	8.9155	6.7695	6.486	6.7372	6.1829	5.3989	6.2572	5.2274	6.6177	6.5172	6.8356	8.3375	8.3053	5.2192	5.4891	6.8818	8.3304	7.1619	6.3025	6.7496	6.8171	7.1912
U133A__NETO2	4.1866	5.2203	8.556	5.5229	7.0904	8.3314	3.6251	4.9915	7.0426	7.6731	6.7208	7.6539	7.7076	8.3348	6.592	6.4802	7.0906	8.0553	7.0052	6.605	6.4807	8.0547	5.8595	3.8496	4.3	7.2842	7.0955	8.1756	5.1442	7.8191	7.5577	8.059	8.5558	7.8592	7.8868	4.4382	6.024	6.2995	7.593
U133A__NDRG1	8.6805	9.5465	6.8656	10.7596	9.778	5.7369	8.7552	8.7441	8.9747	8.2843	8.3586	8.4558	8.8067	7.6502	8.7344	8.4931	6.3697	8.1136	7.8216	6.8145	8.2818	7.5775	7.4456	7.5	6.9756	7.9262	7.0386	8.4733	10.6886	7.7033	8.1369	6.9465	8.0954	9.5387	8.3876	6.9584	10.4157	10.0224	6.6565
U133A__RPS11	8.733	5.8508	7.0788	7.4744	7.2067	7.6569	6.6613	7.6723	6.1	7.294	7.0191	5.7544	6.6921	7.6675	6.7869	6.3032	7.2814	5.7429	8.4126	9.6242	7.3204	7.1407	7.695	7.8463	8.7658	7.2222	7.9554	7.207	10.1389	6.8246	6.6546	6.9884	7.0745	6.1506	6.37	6.8314	5.6956	7.144	5.9172
U133A__ACSL1	5.8954	8.2165	6.9153	8.658	6.2343	5.1716	7.2737	7.9344	5.8146	6.185	8.0636	6.2	8.2443	6.2225	6.7455	5.5297	7.044	8.7631	4.7826	4.917	6.1018	6.4659	5.6861	7.0502	5.928	7.5073	7.6861	8.5253	6.84	4.6924	7.4148	6.8998	6.3058	9.291	8.5472	6.3515	8.1543	5.7848	5.8106
U133A__GSTM3	8.5295	9.9259	4.9703	9.4319	6.9494	8.1387	11.2723	7.3368	5.4105	9.6692	8.0063	8.8447	9.2218	7.8898	6.2024	9.0328	10.1601	8.6205	6.615	8.9141	10.139	11.697	9.2361	9.8598	8.5632	10.802	10.9899	4.8628	10.3404	9.0037	7.5544	5.2365	5.819	10.9552	11.8676	11.191	6.6298	5.4191	4.9216
U133A__GJA1	2.8251	2.8586	2.9544	2.9839	5.4689	10.2343	2.855	3.0983	2.6954	8.3065	2.8297	7.2101	2.6602	2.7479	2.9591	2.7973	7.2452	2.8227	7.4182	3.0721	3.2832	4.9732	7.1043	2.9603	7.1958	2.8845	2.8895	2.7177	2.747	10.3929	2.8106	7.9029	2.7828	2.8426	2.8623	3.074	2.8055	2.7005	9.3974
U133A__TM4SF1	8.362	6.5146	5.874	3.8897	8.7189	9.4967	4.6259	10.9337	8.3625	6.6237	9.5874	6.9261	9.7401	8.5645	9.6634	8.2595	9.5157	9.932	9.4497	4.0086	3.9065	6.6238	5.6867	3.7921	8.5886	3.6329	8.9573	7.5024	5.3364	9.5365	8.6277	8.4649	3.7295	8.8941	7.1048	3.6687	6.4787	8.7528	3.6383
U133A__CST3	7.8659	6.7192	3.9499	9.7824	10.026	8.2635	7.8759	7.946	5.0466	9.2058	9.3159	9.137	4.7632	4.5048	8.171	5.8202	8.888	5.6844	9.0656	8.2799	8.6406	9.918	8.8921	10.9584	8.5309	9.7941	8.7841	7.291	6.6027	7.7348	9.7141	8.1298	10.963	6.9886	8.4317	8.6142	9.3117	6.7087	7.6018
U133A__CTNNAL1	6.8072	5.2576	9.176	6.5586	5.9492	9.2333	6.7237	8.725	5.2291	7.0447	7.3007	9.0378	6.3929	8.7139	6.4033	6.7594	7.8544	6.5949	8.1258	6.7643	6.5967	7.0346	9.6872	6.7579	10.2032	7.1815	7.3743	6.467	5.4645	8.052	8.7128	8.9356	7.388	4.743	6.401	7.5563	7.1744	5.9706	7.1552
U133A__CARD10	5.7778	6.6189	6.4732	6.0074	5.6113	7.1832	6.9806	5.8013	5.447	5.0291	6.8955	7.94	6.4404	6.6995	5.3041	6.1251	5.6387	6.8007	8.2432	6.0254	5.8035	6.6709	6.9111	6.3909	6.3107	6.2227	6.8504	5.0682	5.6466	5.2563	6.1299	5.5845	8.1902	6.3387	5.6863	5.8941	5.8825	5.1234	6.1903
U133A__TWF1	5.5084	4.4222	5.9488	6.6463	6.0045	5.5635	6.9623	5.9922	4.6291	6.6905	5.6328	6.1548	6.9483	8.4203	7.0744	6.4329	5.2535	6.2329	5.6756	6.0343	7.2103	5.6348	5.244	5.2969	5.6623	5.5977	5.005	5.403	5.5177	6.2422	6.9222	7.1039	5.8716	6.0657	6.9819	6.8472	6.2073	7.887	6.4851
U133A__RPS21	6.1004	7.5034	7.4561	6.0557	6.4621	7.3912	7.8234	7.6523	6.791	7.8928	7.0698	8.2275	7.7594	6.7717	5.4152	7.0551	5.8405	6.8159	8.0306	9.0185	8.5384	7.8557	9.2664	6.3263	7.6396	6.6861	6.9282	8.0313	8.0577	7.49	9.3633	7.7215	7.5797	6.413	9.0903	7.8262	6.975	6.4278	7.2525
U133A__AHNAK	5.281	5.7218	6.4729	5.9388	5.7781	5.2206	5.2713	6.1827	6.0559	6.224	5.2952	5.0968	6.7373	7.6819	6.8806	5.6812	5.9843	7.446	5.8018	5.7293	4.9851	8.2307	5.331	5.487	5.0914	7.506	6.7486	6.7658	6.1605	5.0432	4.7147	5.4686	5.7549	8.1404	7.3006	5.636	5.4948	6.6421	7.5269
U133A__DENND1B	6.3564	7.0433	6.0849	6.7197	7.3619	5.4436	5.5455	6.0512	6.8209	6.9892	5.5922	7.1538	5.8176	6.1389	7.6322	6.0845	6.1378	8.7131	4.9544	5.3848	5.9119	5.8	5.6715	6.3586	6.0179	6.6521	6.3554	9.1288	6.1495	4.6695	5.3525	5.3775	7.1013	7.9586	6.5288	4.5367	7.9641	7.925	10.3512
U133A__TNC	5.3228	4.6808	6.0589	5.0294	4.8493	6.8118	4.6548	5.8077	9.2972	4.909	6.0354	4.8131	5.0022	8.1084	5.3092	6.2336	9.3754	8.5657	6.5111	5.0374	4.7272	7.5415	7.5353	5.0349	5.0495	6.0046	6.2086	9.5715	4.904	7.4837	8.1507	6.8616	5.1442	6.0683	7.8556	4.9164	6.5265	5.2553	4.8657
U133A__CDK19	5.3304	5.8767	7.3963	6.7732	5.9929	6.3736	5.4995	7.5978	7.2361	5.3764	6.264	4.9381	6.5455	5.2812	6.3578	5.7137	5.5056	7.5181	5.0315	5.9824	6.1391	7.2497	6.6508	6.0127	5.577	6.7105	5.9518	5.812	5.4341	5.7714	5.663	4.4614	6.498	6.2092	5.8676	4.777	8.6431	6.62	5.6184
U133A__CD164	8.8299	7.4328	7.8665	9.2592	7.0173	6.725	7.417	6.2788	6.6028	7.1499	7.0635	7.0555	8.4732	7.2985	8.7913	7.3645	5.813	8.0951	6.2029	6.6221	7.6965	7.5817	6.8808	8.2318	6.227	8.7748	8.5415	7.5779	7.1225	6.9702	6.1841	7.3245	9.5526	8.5094	9.2897	7.6503	8.2668	9.5015	7.5031
U133A__ASPH	5.3746	6.8366	8.484	6.5254	8.1324	6.8716	5.3035	6.5755	6.2036	6.0212	7.3679	7.8645	7.2219	8.1345	5.177	5.7293	8.8405	7.2005	8.9386	6.6102	5.3359	6.6341	7.0177	8.5437	7.5871	7.8154	6.9904	8.6886	6.7725	7.7094	6.3051	7.5512	6.0606	8.0946	8.6961	5.212	8.2391	5.9685	5.6668
U133A__AUTS2	8.2188	8.3114	4.5825	8.4291	7.2653	7.3927	3.7114	5.8691	8.7868	6.4949	8.1057	6.1945	7.6533	4.4486	8.6231	6.8757	5.9822	8.5624	4.3504	6.3258	5.1607	5.2775	4.39	8.7609	4.093	3.561	7.8198	8.4658	6.084	4.5523	3.3971	4.0043	7.8252	9.0873	7.7387	7.5901	7.1483	5.5548	5.9426
U133A__SEC63	7.0828	8.0079	8.4478	7.5172	7.0148	7.1944	6.7005	6.5026	7.5784	6.1044	7.1861	7.5493	7.6693	7.0448	10.6458	7.9112	7.1481	7.537	6.8794	6.5015	6.7805	7.7143	7.4356	6.523	7.2384	8.5514	7.4856	7.4719	7.5031	6.5847	6.9394	7.4147	7.7981	8.2003	8.3403	6.9386	8.245	7.4579	7.6101
U133A__COL4A2	6.4635	5.4771	6.2726	4.9197	4.4398	9.5328	4.7309	6.7139	4.8079	4.9894	7.5194	8.2333	5.6191	5.1904	5.0157	9.3085	8.3007	4.2182	8.3461	4.7889	4.7039	4.7941	9.7331	5.177	5.9915	4.8098	5.2981	4.7465	5.4106	6.024	9.0196	4.8637	4.61	4.6647	4.8703	4.9757	4.6655	5.105	4.6821
U133A__OPN3	7.3667	7.9089	7.2246	8.3329	6.7708	7.5352	6.2531	5.5276	7.6964	5.7019	4.2432	4.6319	6.4417	8.5415	8.6586	6.7565	6.8693	7.7497	5.5873	6.009	7.0329	5.8583	5.4766	7.5529	5.7904	6.102	6.958	7.2383	7.1835	4.5531	6.7869	6.5327	6.1301	8.3869	4.4406	4.4907	7.1688	9.0612	6.9189
U133A__SEMA3C	5.5063	7.8535	6.2973	7.2138	8.9072	7.9184	8.3292	8.5165	6.515	6.9541	4.8101	6.5634	5.7918	5.1109	6.6837	6.0845	8.9521	5.6476	7.3771	8.3973	8.6625	6.3229	7.9666	8.2876	5.6302	7.8415	8.0204	6.4005	5.7378	6.6405	3.8054	6.3761	8.6192	8.9705	5.6067	8.6439	7.6228	5.8646	8.8128
U133A__ATP2B4	5.5028	6.4581	5.6892	6.2711	6.5316	7.4579	6.2252	7.9768	8.6033	6.5555	8.1858	6.1822	7.6065	6.2598	6.0514	7.1387	6.0959	8.4166	6.8174	5.3141	5.5657	5.8025	7.2595	6.0334	5.3436	5.9318	5.2475	6.1616	5.4998	6.1145	6.4583	7.7021	5.4258	5.834	6.194	5.4313	5.9803	6.754	6.4627
U133A__HDAC2	7.3362	7.244	8.606	7.6767	6.867	7.551	6.9395	7.0874	8.1325	6.5409	7.9756	7.3507	7.9535	8.3325	10.9012	7.9686	7.3425	7.7932	7.6404	7.0908	6.704	8.7541	7.7129	7.1234	8.2561	7.7281	7.5994	7.9039	6.9991	6.7312	7.6319	8.2541	7.5854	7.5802	7.4804	6.7918	7.5777	5.8817	7.6247
U133A__SMAD1	6.1768	8.0307	6.0679	7.0053	6.9269	4.9053	6.5586	6.5566	9.9596	6.5567	6.8041	7.2639	7.3547	6.1045	8.6213	6.2115	6.5284	8.183	5.8833	5.9847	5.9323	7.9384	4.5864	6.6644	5.352	7.1573	6.8609	6.1689	6.9091	6.698	5.7876	6.9541	8.3608	8.491	6.0181	6.3538	6.7073	7.2564	7.3093
U133A__NUPR1	8.3817	8.5851	8.8666	9.1563	5.705	6.8348	9.1852	8.2416	7.7551	6.5249	7.5511	6.5288	7.4436	5.3	8.3006	7.6349	7.9804	8.4359	7.9112	5.7005	5.7052	4.8386	7.3621	5.8722	5.1132	9.5998	8.9667	9.4877	7.3286	8.8157	4.8391	5.5743	5.9139	11.1305	9.7779	9.55	8.1518	8.6268	4.9015
U133A__GRB7	8.3996	10.2608	7.1275	10.6507	7.1976	6.3286	7.053	8.3948	6.9301	7.1531	9.4888	6.7622	7.2019	11.2984	7.5151	8.0687	6.7119	7.5479	6.7995	6.1629	7.5126	6.6554	6.355	7.4331	6.1061	8.6563	6.8747	7.812	9.662	6.2945	6.9855	6.7471	7.4331	12.4555	7.0393	7.1024	10.4791	7.1442	6.9964
U133A__IGFBP6	5.6731	5.3829	5.4442	5.5177	5.4819	5.8921	6.136	6.4634	6.072	5.3744	6.0119	8.7753	8.4806	5.5659	5.5465	5.6679	9.4268	6.2516	8.8554	6.6417	6.2663	5.9126	7.9486	6.1228	6.8116	5.5454	5.6252	5.7893	6.0209	5.8285	8.1014	8.1687	5.7392	5.2594	5.5176	6.0702	5.4302	5.9415	5.281
U133A__ERBB2	9.3202	12.1579	7.8098	12.0098	9.58	7.0802	8.4009	8.7493	7.9295	7.6523	11.8139	7.294	7.8108	11.5446	9.3757	8.9136	8.1445	7.98	6.6782	7.0358	8.5128	6.8815	7.0918	9.2857	6.6117	11.035	7.8448	10.215	11.611	6.9193	6.6093	7.3643	8.4025	13.0449	7.652	8.3078	12.1946	9.1095	8.3688
U133A__SNAP29	6.0753	6.8847	7.0222	6.6089	7.6741	7.0706	7.4019	6.5554	7.2833	6.8021	7.1487	7.2073	7.9185	8.4478	6.7032	7.5518	7.013	7.1292	7.5478	6.7251	7.0938	7.2318	7.2566	7.0695	6.7081	7.2875	7.2888	7.6468	6.3874	7.2314	7.0364	7.2486	6.6066	7.674	6.8386	7.0725	7.5151	7.0041	6.7427
U133A__NFIB	5.1049	8.0429	7.1621	5.5476	8.2244	6.5844	7.7382	7.2318	8.0784	6.7958	8.4369	4.8136	6.7973	7.8837	7.8088	8.563	6.8395	9.0065	6.3652	6.5391	6.6523	3.9047	5.8632	5.138	6.9184	6.2054	5.2087	8.4052	7.2966	5.089	7.8456	6.1568	4.7122	8.5853	5.6226	7.4827	7.2677	7.2396	8.705
U133A__BAG3	8.2247	8.6391	7.6031	6.253	9.9605	8.3813	9.003	7.9982	7.4648	11.0007	7.1423	9.6167	8.4159	8.6065	7.5275	8.5037	7.9374	8.6106	8.5739	9.9299	9.2509	8.7854	8.1334	8.0965	9.2955	9.1869	9.7985	8.0433	8.1213	9.3118	8.3239	8.7457	7.9336	8.2314	8.2817	7.725	8.5901	8.0945	8.6739
U133A__S100A9	7.9647	11.9201	10.3006	5.7847	6.7985	5.4442	5.8403	6.0309	6.2418	6.3714	8.7074	8.3063	10.7464	12.1734	12.1265	10.5052	5.607	8.7234	5.5487	4.8491	5.2184	5.2175	5.4068	11.3006	5.0361	5.7072	5.0373	5.4591	10.8214	5.383	7.9261	5.5795	6.5783	8.2792	7.8847	5.9403	11.6483	5.5256	6.655
U133A__EPHX1	9.2984	9.4723	9.1923	8.1169	8.3973	7.1109	8.2915	7.4411	8.7598	8.4953	9.9386	8.5795	9.9609	8.4863	7.8213	8.9538	9.4613	8.7891	7.3381	7.0555	7.8906	8.3233	9.6453	8.6387	6.3209	8.6889	7.9022	8.9822	9.2182	9.6237	8.4249	7.4054	8.0834	11.2866	9.5756	8.2271	7.9728	8.159	7.221
U133A__PHLDA2	5.3424	8.2473	7.9863	4.3806	6.72	3.5057	6.7397	5.2006	4.2696	5.6983	5.0851	7.219	6.1805	8.3388	5.2793	7.7485	7.1033	8.0232	8.1311	8.3743	6.4542	8.5457	8.4178	8.7775	9.2722	6.4911	7.7236	7.0746	6.4241	2.9468	8.0806	7.9463	6.2623	7.5742	6.0942	4.5074	7.5556	5.036	8.6972
U133A__NUCB2	7.9159	7.7211	6.0579	5.7232	7.9201	7.5538	7.0729	5.7145	6.1217	6.8224	5.9807	8.7778	5.1126	5.1027	6.1882	6.2639	7.9042	6.0763	6.2695	6.5625	6.0033	8.8037	7.634	7.4278	6.0185	8.5373	8.1736	5.5587	7.0168	7.24	4.5033	5.8505	8.3176	7.1908	7.6776	6.1182	8.2534	8.2008	6.5569
U133A__FST	6.5894	6.5399	6.4906	6.4947	6.3964	7.1555	6.4063	8.1138	6.729	6.605	6.9497	8.7649	7.1819	8.1031	6.4535	7.3188	6.6246	6.2073	9.2037	7.1295	6.879	6.71	6.9117	6.6957	8.7976	6.5755	6.6662	6.6393	6.7865	6.843	6.7208	6.5052	6.9549	6.5913	6.8367	6.4505	6.228	6.782	6.685
U133A__UCP2	9.6294	10.6891	8.7103	11.051	10.1722	9.2555	7.9243	8.9817	5.642	10.1599	7.6198	8.3911	5.8092	6.2556	8.7794	8.1962	9.2716	8.7817	5.512	8.6396	9.2632	11.818	7.505	10.7462	9.3588	10.4657	9.2304	9.6833	10.2665	6.2975	5.8019	5.5516	9.1125	9.8997	7.4515	9.3054	8.5052	7.9376	8.6715
U133A__PHF11	6.8572	6.8199	6.1504	6.1094	7.5155	4.6492	6.1965	6.3952	8.6781	5.6711	5.5715	5.9209	6.1798	6.3456	6.8223	6.0406	6.8884	8.1456	5.5505	5.9869	6.4986	5.6302	5.53	6.6321	5.6441	6.368	7.2591	5.8747	5.8702	6.4841	6.3897	6.1046	4.2574	7.3746	5.6881	5.8207	8.1203	6.3191	6.1857
U133A__IFIT1	4.7114	4.2157	5.0235	4.5077	9.7076	4.7238	4.3455	4.7744	6.9119	6.1597	6.2547	7.0582	8.6976	6.346	4.894	4.5623	5.5582	8.9034	4.7911	4.6602	4.9544	5.3881	7.9414	4.9999	8.3202	5.5062	4.8948	4.8674	4.4414	6.1359	4.2817	4.4171	4.5392	9.1874	4.7807	4.4767	4.3094	4.7475	4.2272
U133A__IFNGR1	6.2688	7.5228	6.5688	6.3571	5.4815	5.8801	5.2355	6.8528	8.334	4.6056	6.7327	8.5441	8.1554	6.8216	8.3696	6.9811	7.6443	8.2171	6.8533	6.2653	5.2145	6.2502	7.4998	6.6431	6.5338	6.6722	6.1714	6.5028	6.212	6.5564	7.4746	7.0159	6.9089	8.3516	6.8947	5.0929	7.0664	5.7274	6.2415
U133A__DUSP5	7.6295	7.0306	7.8362	6.1554	6.2521	5.6553	7.0349	5.5241	6.242	6.093	5.2299	8.4126	6.6074	7.683	7.5148	6.6761	5.9641	6.5042	6.1613	6.2056	5.9694	9.9643	6.0573	6.8074	8.367	7.0374	7.2295	8.285	6.5797	6.8912	5.9106	8.5354	6.7229	8.3635	7.2854	5.7443	7.4625	8.0069	6.4727
U133A__RAB31	6.2413	8.0673	8.3752	5.1431	7.7963	8.3412	5.7159	8.1732	6.3882	5.2803	6.3372	7.6547	6.0256	7.7825	5.7421	7.6507	9.5565	6.5396	8.4846	8.4498	8.1669	5.4419	9.649	4.7638	8.3981	8.3539	8.6618	5.3344	8.156	9.8536	8.2197	8.2362	5.2265	6.1315	5.4669	6.4993	7.2702	5.4727	8.7646
U133A__ELF3	7.5457	9.7151	8.1411	8.6588	7.6365	4.5443	6.8332	8.8709	8.6235	7.3098	7.955	6.3115	8.395	8.3632	9.5127	8.8539	7.0033	8.8438	5.3407	7.0076	8.1508	5.7695	5.0759	8.4196	5.1225	7.6662	7.8192	7.1622	8.9949	5.89	6.1304	4.9205	8.3142	8.0164	7.5694	7.2921	8.2882	9.5173	7.633
U133A__SATB1	7.5811	6.46	6.2436	7.915	5.7225	7.0344	6.4978	6.1	5.8269	7.1574	6.5031	6.3052	5.7998	5.4998	7.4283	5.3983	7.152	5.1854	6.1773	5.6476	5.9801	5.4887	5.4686	5.7554	6.2095	6.7748	7.3489	6.0288	6.1325	5.3575	5.6958	5.9003	6.7011	5.4317	5.4964	10.497	5.3939	5.5049	5.2759
U133A__SPARC	3.7712	3.66	3.5138	3.5735	3.4648	10.4223	3.5195	4.282	3.8571	3.5912	8.829	3.6301	5.2953	3.922	3.632	9.6467	9.8987	3.695	11.0811	3.9276	3.715	4.7207	11.7943	4.1587	5.5428	3.6311	10.9894	3.6342	4.0483	8.1684	3.7031	9.5455	3.8431	3.6479	3.7304	3.9174	3.54	3.7679	3.658
U133A__TMEM45A	3.9251	5.6223	5.8104	3.8356	4.4014	7.0954	4.067	5.7298	5.2926	3.536	5.1283	6.8653	8.9616	7.9155	6.9156	6.3791	5.8904	8.43	6.0737	3.7106	4.2822	4.5262	6.6374	6.9656	5.4727	3.5937	7.3845	4.0045	5.9107	7.7047	7.3691	5.9503	7.837	7.01	8.6357	3.6449	8.7797	4.7818	3.96
U133A__BNIP3L	6.9596	6.2052	5.6322	8.103	7.7679	8.6934	7.3541	7.3395	8.3008	5.2278	6.0727	5.3145	6.0933	4.5581	8.0548	6.343	7.0537	6.2095	7.0532	4.6164	7.3856	6.4527	5.59	7.7427	6.7753	6.9296	7.1868	7.2602	6.0024	7.387	5.6349	5.8446	7.6413	7.8026	7.5988	6.5657	9.1955	9.4425	7.1327
U133A__MTSS1	6.1643	5.7383	5.3768	7.3643	7.6215	4.9656	5.9102	5.6476	7.3985	7.25	5.0706	7.6595	6.7544	5.934	5.6185	5.7008	5.9595	5.9118	5.8551	5.6033	6.7478	6.1281	5.0839	6.6973	5.4931	6.2973	5.9324	6.0706	5.5902	5.4629	5.0714	6.036	5.7336	6.3201	6.996	5.2492	8.4561	7.5645	6.722
U133A__FAM13A	5.5919	6.9892	4.9481	7.6893	5.5958	5.3985	4.5903	6.2788	5.246	5.0623	6.1014	6.399	6.8109	5.5296	8.0058	6.729	6.7055	7.4699	5.3064	4.8071	5.3929	5.6785	6.456	7.1306	6.1506	6.2633	6.3947	5.3087	6.3985	6.1293	5.6016	6.5196	8.7635	8.3223	6.7885	4.9463	6.9207	7.1884	4.9342
U133A__HSPB1	9.8381	11.9878	10.658	11.1392	12.1917	10.9092	12.4619	9.7586	9.4377	11.9863	10.4327	9.9008	11.9422	9.7152	7.6241	10.821	9.9102	10.7294	10.9497	11.5674	12.3547	11.3351	10.3616	12.8993	10.0079	11.75	11.1248	7.7425	11.0928	10.9232	10.4221	10.3461	8.3736	11.3463	7.4763	12.0345	11.6336	10.7593	11.8178
U133A__GRB10	4.7959	5.4919	6.2638	8.5374	8.2707	5.3595	7.4569	5.402	10.2075	6.5732	6.3604	4.9465	4.8583	6.6414	6.2955	4.6338	6.1154	7.6347	7.8401	5.8101	5.4498	9.6632	7.1144	5.4158	6.6734	6.0157	7.1687	5.4992	4.9824	5.3711	4.4084	7.763	6.053	7.6325	5.8099	6.8667	7.2711	4.8448	6.1565
U133A__PARP12	5.6212	7.2533	7.2406	5.7221	8.0136	5.4178	5.3115	6.5946	9.2451	5.6289	6.6519	6.3163	7.2762	7.1555	6.4157	5.7841	7.1514	8.4965	6.4931	6.121	5.4093	6.0014	6.91	5.282	5.8362	6.0526	6.5117	5.5824	5.8208	5.7415	6.6629	6.5579	6.5832	7.6618	5.5611	5.8681	6.089	5.0997	5.5159
U133A__PGAP3	6.0798	7.7235	5.5166	7.8242	5.9351	5.2618	5.6344	6.0077	5.363	5.2591	5.2674	5.2901	5.1176	8.224	5.914	5.4419	5.4125	5.624	5.2056	5.12	5.6348	5.6203	5.1433	5.5062	4.8408	7.3947	5.4054	5.9113	6.9123	5.3523	5.1623	5.3377	5.4946	10.9139	5.4472	5.34	7.9766	5.7382	5.5235
U133A__DNM1	5.6161	5.646	5.4321	5.8578	5.8727	6.6942	5.6352	6.4943	8.8086	5.9955	6.2088	7.913	6.0178	5.36	6.3878	5.7923	8.6169	8.4682	5.7741	5.5244	7.1578	6.3168	7.6517	5.6249	5.6326	6.4587	6.9409	5.6904	5.7951	5.5233	6.324	5.5619	5.3328	5.261	5.5189	5.5842	5.462	5.8005	8.0049
U133A__SNX3	7.4822	8.0248	8.9435	8.0462	7.0702	8.3886	7.6091	7.4899	7.8493	7.3454	8.4501	8.0451	8.4314	7.936	11.1678	8.4686	7.962	8.1692	7.7878	7.7229	7.6676	8.7653	8.4924	8.0632	8.2593	8.4013	8.1024	8.0647	7.9791	8.03	7.2657	8.0497	8.0363	7.9844	8.681	7.3744	8.4575	7.824	7.949
U133A__CPT1A	10.5883	8.887	7.4665	9.5016	8.6701	8.4327	9.4235	7.6056	6.2671	7.5383	8.2799	8.953	7.8024	7.5517	9.0395	7.646	7.5211	7.2006	7.6178	10.0183	8.1697	9.418	8.0684	10.2031	7.2216	9.6018	11.1624	6.6204	9.3272	7.9409	8.4929	6.4225	7.706	9.0136	9.8477	8.9331	8.9083	8.9262	9.9244
U133A__RAD21	8.2096	7.7055	7.6445	8.5206	8.3131	8.1485	8.1021	9.1474	7.5065	9.4411	8.6981	8.1393	9.6401	10.063	11.1987	8.8277	8.1514	8.8227	8.1736	7.6588	8.3294	8.1991	8.0581	7.9308	8.1093	7.4815	7.3019	7.9975	8.9353	8.3873	8.0969	7.9974	7.006	8.9114	8.7324	8.0762	7.7228	8.5605	7.7304
U133A__C9orf3	7.366	6.5794	7.7201	6.6357	7.8892	6.6726	5.1043	8.9507	5.7797	7.6312	7.4943	6.3704	7.4047	5.8919	6.1052	8.818	8.935	5.2379	8.0265	6.0234	6.2445	6.3347	8.4646	5.741	7.1594	7.1312	5.9799	5.7451	6.7186	5.992	7.3108	6.71	5.6671	6.0223	6.4093	7.8139	5.9673	5.5812	5.5698
U133A__PMP22	5.2565	4.7053	5.1463	5.1319	5.4801	8.5525	5.7927	10.0992	5.4421	5.429	9.3067	5.4072	5.1737	5.345	5.9816	6.3296	6.8562	5.0425	8.2183	6.5357	9.0143	7.1606	8.7543	9.7452	8.7851	6.3452	8.5414	4.8371	5.3986	8.7837	6.0432	7.9716	4.706	4.6818	5.7261	4.7756	6.5781	5.5308	5.6785
U133A__ACAA1	6.1633	8.8997	6.6984	5.2632	6.5332	6.3551	7.0217	6.3772	6.4261	7.1641	7.3011	6.5595	6.1541	6.6504	7.0428	6.9482	6.9299	6.3982	6.6822	7.7278	6.912	5.4479	7.0365	7.5844	6.3811	6.9764	7.9024	6.7552	9.1231	6.4906	6.7173	6.0876	7.3427	6.9957	6.6535	6.6359	6.846	6.6572	6.2702
U133A__RAGE	6.0153	6.1349	6.009	5.6582	5.9482	7.2698	6.0013	6.0206	5.8776	6.0351	5.5039	7.6833	5.9007	7.0987	5.9309	8.8647	6.6317	5.7582	8.3499	6.0592	5.9778	6.0999	6.24	5.936	7.0726	5.6932	6.5152	5.9935	5.614	7.5141	5.9461	7.6006	5.8088	6.554	5.7914	6.1698	5.6803	5.8604	5.4439
U133A__AIM1	6.2106	8.7963	9.3408	8.6813	6.6945	6.0558	6.8131	8.9159	4.982	8.2196	8.2287	8.0492	8.7932	9.4742	11.7793	8.8987	8.7905	9.2289	5.3024	8.576	7.7136	7.7323	7.4837	7.2483	7.8501	9.1928	8.7391	8.6797	8.0793	8.5952	7.7807	5.5788	7.1878	8.6909	8.4594	7.3956	7.2723	8.6011	6.7955
U133A__FUT8	5.6391	7.1577	6.5198	7.0649	8.3524	6.9182	8.4013	5.8561	5.7352	6.273	6.072	7.683	5.5051	7.2262	6.3162	5.7325	7.258	5.4207	7.0337	8.5833	8.8413	7.1088	7.2275	7.4477	6.6699	7.9813	6.5994	8.5014	6.404	6.9045	6.0776	6.1045	7.824	5.3298	5.6915	5.9146	7.2299	6.694	7.3654
U133A__IRS1	4.7872	5.1564	4.6976	5.725	7.7189	4.7571	5.8713	5.1883	4.3373	5.253	4.3571	7.17	4.1364	5.7046	7.1307	5.5855	7.5915	5.2799	6.1062	6.7418	7.7014	7.6446	6.7601	5.9377	7.9828	7.5565	4.8583	6.9497	4.5126	5.405	4.9561	4.9675	7.6152	4.2966	5.8594	5.2124	5.5702	4.8295	5.6138
U133A__NAMPT	5.9078	7.5425	7.6434	7.1369	6.1052	7.5271	6.5232	5.9372	7.4207	5.6088	6.7065	8.1311	7.3738	7.3141	6.6757	6.4502	6.6746	7.6402	5.828	7.1487	6.4945	5.6817	6.255	5.5494	8.1958	6.5858	6.2031	4.6505	6.4053	5.6559	8.4488	7.3949	6.9115	8.3478	7.0908	5.2057	6.5646	7.9709	6.2666
U133A__GADD45A	5.3909	6.2445	7.9181	7.5063	5.2446	7.3392	5.1443	7.1551	6.8213	5.8339	6.7283	7.7482	8.4893	7.405	5.0377	8.008	6.8747	8.2273	9.7214	5.0571	5.8846	7.9334	7.5512	5.2269	6.8579	6.8197	6.6866	6.5109	5.6789	8.471	7.4893	9.3585	5.2882	7.4148	7.1867	5.4167	6.9506	6.5311	5.8262
