Cell lines	600MPE	AU565	BT20	BT474	BT483	BT549	CAMA1	HCC1143	HCC1187	HCC1428	HCC1569	HCC1937	HCC1954	HCC2185	HCC3153	HCC38	HCC70	HS578T	LY2	MCF7	MDAMB134VI	MDAMB157	MDAMB175VII	MDAMB231	MDAMB361	MDAMB415	MDAMB453	SKBR3	SUM1315MO2	SUM149PT	SUM159PT	SUM225CWN	SUM52PE	T47D	UACC812	ZR751	ZR75B
Response	-1	-1	1	-1	1	1	-1	1	-1	-1	-1	1	1	1	-1	1	-1	1	-1	1	-1	1	1	-1	1	1	-1	-1	1	-1	1	-1	1	1	-1	-1	-1
Meth__cg14886269__TNFRSF18	0.042351	0.025473	0.96238	0.03258	0.10259	0.96802	0.042171	0.12157	0.0574	0.03677	0.15326	0.80301	0.95068	0.039393	0.66825	0.21731	0.13363	0.099593	0.092529	0.49496	0.072624	0.96751	0.033194	0.88311	0.081009	0.074214	0.15228	0.066534	0.46372	0.037254	0.96402	0.09741	0.96421	0.073925	0.035211	0.036588	0.031228
Meth__cg03684977__GRB7	0.025921	0.019566	0.2033	0.042199	0.045407	0.9494	0.031885	0.091285	0.15966	0.053698	0.022015	0.31861	0.18094	0.16822	0.1049	0.9466	0.045443	0.91461	0.031285	0.067035	0.03012	0.95438	0.053879	0.8784	0.034811	0.072712	0.038093	0.038829	0.95271	0.032736	0.92172	0.089341	0.025857	0.037357	0.25562	0.028932	0.0395
Meth__cg25587233__PPP2R4	0.087756	0.053871	0.31109	0.078611	0.49451	0.89057	0.093173	0.70143	0.11635	0.46324	0.72419	0.88853	0.45113	0.21706	0.62916	0.7418	0.073884	0.87954	0.65737	0.59838	0.92441	0.8944	0.69998	0.75458	0.24133	0.21616	0.049626	0.11718	0.40441	0.15105	0.83843	0.14607	0.47071	0.24486	0.22651	0.12103	0.074319
Meth__cg20367961__EDN2	0.056359	0.051505	0.10835	0.072609	0.23695	0.65201	0.050534	0.19795	0.036938	0.10127	0.77935	0.20644	0.32688	0.051388	0.34326	0.5923	0.10634	0.84114	0.058672	0.10921	0.083138	0.89922	0.084393	0.78352	0.074444	0.10997	0.15478	0.063587	0.42947	0.05472	0.5225	0.090328	0.14629	0.17677	0.15613	0.070379	0.074824
Meth__cg05697249__C11orf52	0.063577	0.036649	0.072743	0.057755	0.045496	0.81729	0.059855	0.066511	0.041786	0.049995	0.11194	0.086407	0.11993	0.047439	0.051717	0.79239	0.074356	0.62525	0.04626	0.10354	0.057075	0.76562	0.0529	0.80554	0.050172	0.088371	0.092303	0.07757	0.85419	0.04898	0.46568	0.039659	0.077129	0.12188	0.043958	0.048631	0.056347
Meth__cg08615333__TGFB3	0.058346	0.03908	0.81863	0.068886	0.072273	0.87989	0.053721	0.89822	0.052509	0.053832	0.58844	0.86724	0.8214	0.064406	0.83482	0.60806	0.15361	0.47318	0.13361	0.2025	0.057362	0.85897	0.061009	0.81177	0.057025	0.086523	0.073597	0.038126	0.88446	0.85737	0.65699	0.046645	0.046168	0.27327	0.037415	0.051905	0.062215
Meth__cg13553204__CNKSR1	0.041228	0.045273	0.090824	0.073766	0.063382	0.86385	0.057016	0.24909	0.78677	0.045206	0.089074	0.3069	0.1417	0.57068	0.13901	0.84734	0.10381	0.60519	0.077939	0.069682	0.054692	0.87802	0.066912	0.54061	0.068242	0.068323	0.12214	0.064973	0.89909	0.059324	0.50846	0.047152	0.038417	0.24013	0.060363	0.048049	0.040235
Meth__cg06800962__TM4SF1	0.10009	0.078313	0.27907	0.091478	0.075285	0.16879	0.10368	0.066951	0.15292	0.053961	0.097168	0.18063	0.15181	0.11637	0.13165	0.30188	0.09103	0.27086	0.13012	0.15477	0.11873	0.51565	0.1444	0.13005	0.25901	0.12445	0.14823	0.17442	0.08307	0.066552	0.19496	0.073733	0.13479	0.17179	0.12656	0.094084	0.11006
Meth__cg02433671__RGL3	0.59803	0.035935	0.048625	0.030846	0.97968	0.97669	0.63179	0.96479	0.12812	0.040266	0.94744	0.98638	0.96664	0.35446	0.96784	0.66883	0.11398	0.81024	0.98044	0.9721	0.97273	0.97132	0.97763	0.076197	0.96592	0.7126	0.065528	0.085685	0.63638	0.95695	0.47819	0.030961	0.97652	0.059363	0.041598	0.042096	0.035875
Meth__cg13719194__PAFAH1B1	0.054122	0.10734	0.084133	0.099364	0.10117	0.054787	0.14884	0.095129	0.094371	0.12314	0.090473	0.11021	0.11033	0.081982	0.52663	0.090688	0.59837	0.046545	0.12245	0.092386	0.11217	0.10967	0.11049	0.13364	0.10059	0.31067	0.17811	0.21503	0.091914	0.056593	0.089919	0.11445	0.056333	0.066899	0.15433	0.14982	0.12018
Meth__cg04653308__PPP2R4	0.11889	0.10337	0.23153	0.111	0.301	0.68219	0.11429	0.60047	0.12361	0.22276	0.48858	0.68238	0.34509	0.15534	0.40823	0.52885	0.13246	0.57075	0.32675	0.28407	0.7622	0.73994	0.40389	0.41105	0.17219	0.10304	0.12463	0.12452	0.20374	0.13461	0.41822	0.12733	0.19544	0.19895	0.14034	0.11432	0.11508
Meth__cg23067535__FAM83A	0.048124	0.041366	0.06135	0.23531	0.72136	0.9363	0.12719	0.94995	0.028146	0.083708	0.39822	0.61336	0.21697	0.20228	0.73704	0.95298	0.18288	0.89482	0.74221	0.59368	0.93871	0.9298	0.38987	0.88741	0.49916	0.29484	0.094499	0.29655	0.94186	0.035759	0.89209	0.060873	0.66055	0.12819	0.88739	0.20083	0.26025
Meth__cg14766682__JM11	0.10407	0.12596	0.21488	0.11505	0.19928	0.88897	0.12807	0.17964	0.15754	0.093698	0.13145	0.1837	0.088589	0.15474	0.15147	0.84623	0.20079	0.52958	0.095449	0.11034	0.10036	0.89648	0.33377	0.69127	0.13511	0.1575	0.4855	0.17665	0.56721	0.19957	0.46114	0.10831	0.14731	0.19796	0.10891	0.11111	0.10882
Meth__cg16990174__RYBP	0.056658	0.063798	0.50474	0.066485	0.07787	0.60388	0.057451	0.059225	0.063298	0.090207	0.059546	0.13165	0.28791	0.065867	0.12151	0.71702	0.13511	0.50777	0.086082	0.062061	0.070735	0.80263	0.093539	0.51263	0.075192	0.13076	0.063947	0.096454	0.49865	0.098145	0.58698	0.056394	0.061389	0.12318	0.060972	0.056229	0.074224
Meth__cg14865516__PAIP1	0.062733	0.22232	0.10323	0.70327	0.26196	0.4655	0.51155	0.032199	0.25522	0.25549	0.24814	0.10085	0.17891	0.20358	0.12913	0.078785	0.084499	0.033604	0.13337	0.070693	0.62074	0.039931	0.040515	0.18571	0.049425	0.032779	0.087596	0.09542	0.04058	0.068885	0.047157	0.077231	0.20826	0.052371	0.061887	0.29826	0.45918
Meth__cg24968336__KCNK6	0.055029	0.29251	0.82335	0.34206	0.26666	0.89598	0.066996	0.90938	0.39732	0.4462	0.10864	0.80086	0.53039	0.38988	0.56271	0.46583	0.093795	0.20591	0.27657	0.079055	0.06784	0.79717	0.4058	0.79421	0.44313	0.1064	0.46202	0.21682	0.48296	0.082581	0.14321	0.11075	0.55102	0.16124	0.065219	0.066534	0.10117
Meth__cg18017908__C17orf76	0.089155	0.19105	0.30644	0.11994	0.24517	0.616	0.15913	0.19476	0.065094	0.13261	0.56744	0.41306	0.43513	0.1148	0.14825	0.73764	0.16665	0.075222	0.17006	0.17442	0.089081	0.37132	0.45185	0.32175	0.15135	0.20723	0.21824	0.19426	0.84405	0.046303	0.74036	0.15937	0.29847	0.13803	0.31355	0.20538	0.11744
Meth__cg25483003__ENTPD2	0.027448	0.026395	0.25123	0.046992	0.030778	0.96981	0.048842	0.038498	0.043032	0.048717	0.041365	0.31006	0.59165	0.061762	0.037064	0.60325	0.06407	0.96028	0.15813	0.095541	0.060063	0.97156	0.035769	0.92223	0.23298	0.073487	0.066875	0.079761	0.090844	0.019244	0.30212	0.021951	0.019893	0.05442	0.043149	0.025799	0.026923
Meth__cg21550442__FLJ36445	0.11427	0.08404	0.069588	0.084946	0.10408	0.92644	0.10117	0.89144	0.47491	0.063995	0.11029	0.80191	0.16644	0.45181	0.16906	0.89634	0.10795	0.80866	0.057298	0.10033	0.069324	0.94977	0.0626	0.73665	0.072196	0.15833	0.10155	0.11052	0.87527	0.064078	0.87784	0.053738	0.07996	0.18507	0.089698	0.076898	0.064845
Meth__cg03548857__FFAR2	0.079875	0.087769	0.13936	0.080786	0.10593	0.77832	0.081151	0.817	0.11076	0.079142	0.84925	0.76767	0.50164	0.1227	0.89507	0.94083	0.14705	0.086095	0.13614	0.15012	0.10788	0.28511	0.18836	0.69346	0.095972	0.10841	0.16752	0.099801	0.88278	0.49872	0.64525	0.056999	0.22451	0.24822	0.083093	0.095078	0.076451
Meth__cg17166812__NDUFS2	0.054794	0.076204	0.7796	0.40362	0.082996	0.59875	0.028252	0.4427	0.059238	0.15819	0.033123	0.5924	0.55252	0.097334	0.03554	0.51934	0.12157	0.17111	0.60312	0.60821	0.24145	0.51534	0.51955	0.42064	0.33425	0.10799	0.061672	0.16592	0.068168	0.12734	0.17616	0.032159	0.03004	0.14572	0.11037	0.10232	0.089542
Meth__cg07947930__PRELP	0.071486	0.059942	0.80974	0.049466	0.069864	0.3019	0.081853	0.10897	0.21375	0.12068	0.17468	0.31818	0.50206	0.11258	0.10712	0.30012	0.10647	0.26646	0.057208	0.050774	0.11247	0.6021	0.057294	0.303	0.1002	0.13788	0.046347	0.17596	0.54051	0.10003	0.15366	0.071328	0.12723	0.13558	0.05361	0.098588	0.060339
Meth__cg09637363__CCND1	0.080986	0.063358	0.1952	0.15303	0.076728	0.87259	0.085539	0.68227	0.11849	0.13425	0.57933	0.88598	0.45041	0.15756	0.66137	0.33031	0.14023	0.31323	0.43333	0.15962	0.079203	0.86545	0.32142	0.21876	0.1339	0.1809	0.12074	0.11749	0.85268	0.84357	0.76051	0.065378	0.087831	0.28873	0.33639	0.10812	0.066272
Meth__cg05989054__GAMT	0.053622	0.096064	0.58049	0.094304	0.066947	0.938	0.092937	0.97686	0.093064	0.056482	0.78996	0.8594	0.61074	0.076389	0.71222	0.93312	0.26854	0.95589	0.74026	0.19151	0.058247	0.92898	0.14859	0.89647	0.14617	0.079221	0.061819	0.13506	0.49665	0.60321	0.95532	0.11721	0.057638	0.1935	0.061422	0.064756	0.054482
Meth__cg10301990__UBXD6	0.057272	0.053883	0.6109	0.19846	0.11042	0.30804	0.073521	0.16961	0.16671	0.096185	0.20936	0.23339	0.20572	0.1599	0.10314	0.77876	0.18556	0.070806	0.097011	0.07035	0.086385	0.21137	0.26304	0.66116	0.36199	0.10003	0.08766	0.061687	0.30287	0.077175	0.067786	0.084485	0.10174	0.08961	0.070281	0.063254	0.053909
Meth__cg06850526__MGC15523	0.067797	0.075712	0.19615	0.096842	0.092101	0.87227	0.060445	0.056349	0.33919	0.078976	0.117	0.71953	0.38465	0.21604	0.31351	0.19648	0.1299	0.90819	0.047805	0.12046	0.50792	0.94745	0.1076	0.17402	0.061937	0.12681	0.11865	0.088441	0.26392	0.052686	0.28293	0.052057	0.66482	0.16467	0.28064	0.073901	0.035999
Meth__cg00466249__MGC15523	0.092023	0.065303	0.2403	0.071753	0.15167	0.76543	0.1075	0.35207	0.37706	0.20109	0.10238	0.63695	0.43023	0.32491	0.36145	0.24243	0.083399	0.89086	0.044207	0.068353	0.41842	0.77008	0.20009	0.25636	0.06278	0.14313	0.10094	0.12175	0.32064	0.047963	0.23162	0.095648	0.53721	0.19014	0.32812	0.086398	0.070755
Meth__cg19055231__STAC	0.76327	0.065162	0.039476	0.92712	0.13442	0.038438	0.92847	0.023621	0.050088	0.089373	0.90614	0.053059	0.10935	0.051187	0.49542	0.040867	0.089246	0.029941	0.35623	0.40602	0.29855	0.081727	0.92573	0.09228	0.63863	0.10303	0.86768	0.29445	0.068551	0.030101	0.032966	0.088744	0.6006	0.055533	0.11865	0.93164	0.88249
Meth__cg07448460__GGH	0.03751	0.06916	0.030907	0.050647	0.021593	0.019646	0.028427	0.024761	0.046928	0.024202	0.037113	0.018109	0.067151	0.19249	0.035148	0.026466	0.079213	0.028234	0.032969	0.032092	0.03479	0.031159	0.029223	0.035744	0.038439	0.042667	0.063548	0.36163	0.026502	0.038211	0.024484	0.040186	0.020965	0.017875	0.026696	0.03245	0.02369
Meth__cg17469978__CAV1	0.073565	0.12553	0.052519	0.565	0.4382	0.037877	0.50598	0.03487	0.080347	0.056812	0.10298	0.040635	0.10294	0.080225	0.76619	0.044752	0.15253	0.032265	0.040709	0.064479	0.79267	0.027848	0.23904	0.095389	0.078602	0.24441	0.87349	0.27916	0.040379	0.02989	0.044724	0.062565	0.87243	0.097035	0.10157	0.38802	0.47909
Meth__cg06778853__PHF13	0.027601	0.037173	0.39143	0.072523	0.032744	0.74723	0.045369	0.075857	0.21965	0.065378	0.037821	0.35922	0.20064	0.20087	0.48976	0.11846	0.063346	0.49418	0.058379	0.061301	0.046676	0.14834	0.21715	0.77148	0.046739	0.10932	0.073	0.1318	0.28619	0.032478	0.94118	0.047873	0.46589	0.070447	0.046746	0.037272	0.32282
Meth__cg02849695__CCDC19	0.03696	0.044498	0.054146	0.044958	0.038323	0.96989	0.039678	0.74973	0.040082	0.058451	0.066084	0.080697	0.062919	0.047777	0.050932	0.94473	0.07746	0.44781	0.041336	0.061758	0.05005	0.92494	0.027752	0.095631	0.071132	0.15041	0.076439	0.06606	0.28093	0.053785	0.95477	0.042209	0.034612	0.099887	0.070497	0.042971	0.046635
Meth__cg08820801__FBXO17	0.93584	0.80773	0.06298	0.97276	0.033358	0.016496	0.79433	0.01796	0.13021	0.56912	0.031096	0.064203	0.95169	0.22527	0.019565	0.014604	0.43192	0.014157	0.058838	0.82559	0.21231	0.023953	0.93175	0.031208	0.72689	0.078879	0.89326	0.85478	0.02684	0.019343	0.022066	0.84976	0.016953	0.048014	0.73798	0.79033	0.95731
Meth__cg07211259__PDCD1LG2	0.81331	0.21872	0.059666	0.76218	0.80618	0.052284	0.85562	0.46059	0.70205	0.68948	0.75117	0.068915	0.20686	0.59066	0.2142	0.024139	0.1156	0.038091	0.73487	0.70226	0.89875	0.11557	0.82545	0.08559	0.75673	0.16885	0.81211	0.26967	0.14104	0.0576	0.051492	0.30961	0.57979	0.20401	0.81391	0.69716	0.66784
Meth__cg13573276__RDHE2	0.016523	0.014317	0.93772	0.020033	0.016051	0.41125	0.032561	0.88843	0.016928	0.022355	0.71951	0.93142	0.49314	0.11538	0.024764	0.080129	0.037636	0.17946	0.06535	0.02112	0.42463	0.43812	0.01845	0.036997	0.034766	0.028797	0.33441	0.025448	0.050405	0.018971	0.11309	0.017795	0.039131	0.023443	0.021787	0.019681	0.016418
Meth__cg13997435__S100A2	0.051686	0.15071	0.049348	0.38887	0.55394	0.040764	0.6049	0.020118	0.35763	0.63282	0.65598	0.024283	0.053787	0.34525	0.03444	0.040098	0.08549	0.0314	0.57216	0.77358	0.85043	0.049118	0.26298	0.094232	0.51519	0.15065	0.49597	0.27491	0.036023	0.033339	0.049017	0.05212	0.047993	0.34487	0.67144	0.55196	0.43255
Meth__cg18635110__C20orf116	0.068293	0.064308	0.064769	0.057546	0.046624	0.044366	0.070425	0.036992	0.05093	0.46486	0.047904	0.041511	0.071131	0.053205	0.075788	0.040466	0.078092	0.055481	0.059754	0.076833	0.06892	0.05233	0.042235	0.07065	0.06644	0.074467	0.12055	0.085202	0.054306	0.065625	0.063331	0.053476	0.049937	0.092281	0.070743	0.077949	0.071939
Meth__cg15182360__PCDH20	0.059401	0.056993	0.39037	0.080845	0.084398	0.86733	0.067436	0.080093	0.16287	0.094394	0.2909	0.085648	0.34605	0.11356	0.063759	0.63286	0.11861	0.070033	0.069841	0.13666	0.11073	0.16912	0.050146	0.12882	0.078431	0.11842	0.12769	0.079328	0.16829	0.067919	0.12504	0.043772	0.10591	0.28497	0.055772	0.074242	0.088437
Meth__cg22764925__GGT1	0.060804	0.040526	0.065816	0.04761	0.070107	0.7483	0.051214	0.15136	0.072914	0.078281	0.05595	0.064481	0.072193	0.054978	0.098699	0.92937	0.085091	0.23331	0.065002	0.090104	0.058138	0.13829	0.39381	0.11045	0.051629	0.069589	0.096655	0.062972	0.87777	0.44626	0.076552	0.051378	0.23052	0.13641	0.12642	0.060514	0.058007
Meth__cg04868764__SPINT1	0.067673	0.039414	0.06926	0.06449	0.060484	0.93216	0.06739	0.053747	0.05312	0.10007	0.05611	0.11843	0.12087	0.071928	0.090338	0.11373	0.1645	0.45753	0.051329	0.074583	0.058363	0.93036	0.070017	0.86581	0.054502	0.10343	0.09068	0.077201	0.83822	0.042833	0.89214	0.046628	0.049078	0.2364	0.065869	0.052553	0.062766
Meth__cg20910746__BBOX1	0.079761	0.047342	0.06931	0.10448	0.099718	0.16757	0.30616	0.11463	0.063221	0.066072	0.078231	0.14677	0.11635	0.066746	0.086257	0.3683	0.16245	0.33026	0.2078	0.19067	0.10913	0.73935	0.30422	0.19447	0.21008	0.26766	0.12299	0.12502	0.11109	0.059998	0.55165	0.039365	0.095006	0.29988	0.10318	0.07525	0.1929
Meth__cg13301014__SPINT2	0.037481	0.037453	0.046788	0.070748	0.10169	0.72871	0.051031	0.050613	0.038186	0.053941	0.056563	0.045625	0.071417	0.039489	0.050164	0.31441	0.07776	0.087662	0.060604	0.075175	0.11245	0.37049	0.047671	0.083922	0.083668	0.10581	0.090909	0.082388	0.16011	0.040157	0.25582	0.042934	0.092701	0.084077	0.043027	0.053602	0.076798
Meth__cg01242619__PLEC1	0.071044	0.061516	0.070769	0.069439	0.084677	0.67605	0.063481	0.11441	0.054454	0.091508	0.059834	0.45772	0.27211	0.08028	0.071249	0.10347	0.09815	0.25432	0.066725	0.081414	0.059935	0.8717	0.088765	0.092243	0.081241	0.12029	0.10837	0.097254	0.094879	0.072633	0.8337	0.09608	0.052639	0.050233	0.12352	0.064944	0.058657
Meth__cg06277481__ANKRD47	0.3887	0.035049	0.0305	0.96885	0.03132	0.96199	0.83729	0.023472	0.13174	0.056615	0.96838	0.028744	0.55992	0.11193	0.96064	0.078286	0.074155	0.018808	0.025886	0.034233	0.89394	0.026397	0.023691	0.065727	0.031009	0.039405	0.91897	0.049635	0.050418	0.024354	0.039796	0.025463	0.6141	0.062631	0.44214	0.31146	0.58146
Meth__cg01103730__IL20	0.12576	0.10194	0.2703	0.19263	0.0315	0.37226	0.07774	0.88403	0.06848	0.085032	0.66099	0.64629	0.50825	0.068174	0.7226	0.9032	0.16592	0.47137	0.25692	0.26578	0.6907	0.70012	0.79372	0.87106	0.09967	0.35096	0.070491	0.16741	0.89772	0.47189	0.86232	0.070507	0.87165	0.3104	0.18308	0.12717	0.20886
Meth__cg24833277__FAM83A	0.035827	0.046617	0.65326	0.035901	0.27057	0.8958	0.038883	0.87476	0.026825	0.044809	0.72798	0.12895	0.086639	0.30032	0.70175	0.94352	0.15182	0.87862	0.1939	0.20722	0.53022	0.9047	0.25579	0.2256	0.03508	0.14282	0.053228	0.12072	0.88668	0.38111	0.9273	0.029167	0.078579	0.083235	0.29127	0.31063	0.16265
Meth__cg21493583__CRIPT	0.086585	0.10311	0.77471	0.18961	0.12786	0.77284	0.2087	0.4955	0.14688	0.11081	0.43232	0.26204	0.30274	0.2717	0.37887	0.15299	0.20542	0.10375	0.091823	0.19679	0.10936	0.24198	0.26701	0.54788	0.50618	0.23717	0.18001	0.10663	0.063017	0.08414	0.32558	0.17863	0.55285	0.26007	0.15832	0.11746	0.17199
Meth__cg03000846__RAC3	0.03887	0.052198	0.84693	0.79613	0.167	0.8844	0.25557	0.38286	0.2407	0.49661	0.028168	0.95977	0.59755	0.21708	0.45242	0.63124	0.56206	0.9526	0.68227	0.61985	0.03108	0.96952	0.55245	0.94933	0.93265	0.32386	0.057362	0.18263	0.52379	0.61736	0.97042	0.44618	0.01872	0.1515	0.5172	0.023817	0.023589
Meth__cg06119575__TAL2	0.10012	0.072806	0.39277	0.062783	0.063225	0.89841	0.10781	0.92706	0.25943	0.078993	0.83141	0.69468	0.63483	0.23555	0.72825	0.91111	0.27867	0.52593	0.096774	0.13725	0.1245	0.87936	0.4417	0.79581	0.070991	0.17377	0.35539	0.14488	0.87783	0.85709	0.84144	0.075314	0.12467	0.31347	0.13239	0.14608	0.096358
Meth__cg07908874__TUBGCP2	0.065288	0.074307	0.89045	0.49069	0.14346	0.89734	0.066634	0.64783	0.21378	0.079362	0.22934	0.66604	0.11107	0.20721	0.11607	0.81098	0.11559	0.85596	0.16372	0.080597	0.085484	0.8779	0.078094	0.84344	0.083305	0.23253	0.072633	0.13885	0.42263	0.10951	0.86493	0.063749	0.049729	0.074136	0.83956	0.064022	0.058976
Meth__cg12970084__ELF3	0.031584	0.025603	0.042586	0.072646	0.2383	0.88281	0.060399	0.038409	0.026411	0.071463	0.027701	0.34476	0.26307	0.028613	0.055362	0.80854	0.081488	0.40282	0.16846	0.18852	0.61554	0.55556	0.19761	0.82692	0.082049	0.1235	0.17345	0.047718	0.71489	0.040006	0.56674	0.057091	0.041491	0.1368	0.095138	0.10298	0.080519
Meth__cg03289872__ZNF667	0.94389	0.041867	0.02803	0.90315	0.027271	0.016565	0.92709	0.49939	0.021979	0.92602	0.048038	0.076653	0.90945	0.20341	0.053988	0.020615	0.14214	0.13388	0.73242	0.90972	0.47119	0.019784	0.023711	0.83436	0.24297	0.088418	0.70931	0.31653	0.026463	0.4036	0.42331	0.13109	0.66551	0.066995	0.88613	0.84158	0.62071
Meth__cg23613317__LARP1	0.072952	0.096369	0.7824	0.13242	0.082979	0.88962	0.086897	0.91516	0.43626	0.073621	0.88792	0.602	0.72989	0.39995	0.41386	0.89715	0.39357	0.69157	0.083825	0.097112	0.080109	0.89771	0.090634	0.81449	0.080833	0.14807	0.18438	0.16238	0.88573	0.11466	0.62775	0.062958	0.077075	0.13003	0.079965	0.084131	0.098184
Meth__cg25433648__S100A14	0.03044	0.026604	0.10647	0.16025	0.33014	0.94223	0.055891	0.30945	0.45602	0.26354	0.83972	0.045571	0.050158	0.4016	0.12497	0.95036	0.03351	0.93421	0.097126	0.1801	0.92804	0.92799	0.12793	0.92623	0.04067	0.063969	0.074511	0.047159	0.94661	0.040479	0.94406	0.025748	0.029064	0.59538	0.046193	0.045928	0.031767
Meth__cg21087137__MGC26856	0.96582	0.040088	0.92705	0.96307	0.83564	0.96193	0.87974	0.061552	0.97116	0.05362	0.95567	0.077682	0.79779	0.75964	0.88137	0.38072	0.91298	0.036602	0.06827	0.09363	0.966	0.043178	0.32478	0.60466	0.57463	0.41365	0.93589	0.061564	0.056584	0.47603	0.04269	0.95365	0.97887	0.23798	0.96482	0.95073	0.96828
Meth__cg23799313__PAQR7	0.074643	0.03129	0.061469	0.090851	0.053866	0.443	0.043641	0.32986	0.053151	0.053814	0.082471	0.083239	0.081552	0.053106	0.11418	0.37085	0.12001	0.34088	0.064523	0.090024	0.067745	0.54268	0.19927	0.6003	0.077852	0.058216	0.066436	0.074615	0.51678	0.12556	0.17658	0.029076	0.029388	0.22172	0.054137	0.037208	0.04449
Meth__cg23799276__NUP210	0.081755	0.083301	0.086868	0.078426	0.047744	0.68181	0.11655	0.18176	0.08311	0.082918	0.55181	0.071611	0.11624	0.099638	0.12276	0.14884	0.083385	0.35774	0.05884	0.12075	0.068555	0.16491	0.18291	0.093512	0.083659	0.10725	0.12371	0.10643	0.18337	0.055287	0.11634	0.058412	0.052595	0.15958	0.069522	0.079156	0.074449
Meth__cg06022562__FLJ13841	0.085558	0.10554	0.81722	0.072057	0.059399	0.92006	0.080737	0.8998	0.1083	0.075742	0.67222	0.2069	0.27778	0.09894	0.84796	0.93214	0.19148	0.89282	0.074745	0.075066	0.093206	0.93661	0.064456	0.85915	0.12639	0.27999	0.097748	0.10402	0.93451	0.49174	0.8614	0.086884	0.36575	0.15427	0.081413	0.10217	0.27364
Meth__cg01646665__TMEM79	0.03049	0.039012	0.1084	0.15621	0.032032	0.7164	0.075569	0.52293	0.07336	0.035257	0.02801	0.75763	0.14043	0.085961	0.056613	0.084144	0.093932	0.042791	0.054557	0.041235	0.063337	0.77509	0.12657	0.36229	0.21729	0.067576	0.033162	0.04515	0.20351	0.062817	0.034564	0.076642	0.13033	0.030468	0.077972	0.033553	0.029956
Meth__cg15958424__ACPP	0.081619	0.054936	0.099589	0.057897	0.17052	0.64915	0.11261	0.42689	0.081173	0.22954	0.41355	0.24419	0.11825	0.084071	0.36306	0.81598	0.088472	0.64299	0.065888	0.060295	0.30969	0.38604	0.15278	0.70139	0.094867	0.20242	0.15679	0.13556	0.82287	0.091768	0.43041	0.058362	0.21919	0.13085	0.14562	0.098747	0.10263
Meth__cg22672790__GABRA6	0.89531	0.41649	0.11888	0.89311	0.64329	0.073862	0.77026	0.10743	0.83073	0.47545	0.65255	0.22912	0.25671	0.70926	0.17284	0.14785	0.20888	0.11376	0.07695	0.64146	0.49186	0.072636	0.90288	0.11925	0.44467	0.1596	0.69858	0.1462	0.06827	0.28479	0.14758	0.24375	0.068845	0.093436	0.095582	0.89679	0.82028
Meth__cg11618577__KRTCAP3	0.018845	0.56951	0.96911	0.97246	0.84277	0.97121	0.015931	0.027563	0.62178	0.32949	0.020156	0.46041	0.95464	0.692	0.018964	0.97336	0.056379	0.97335	0.31636	0.22678	0.029379	0.9675	0.19384	0.94986	0.34096	0.024756	0.039089	0.60624	0.87465	0.019757	0.96868	0.96901	0.97928	0.8934	0.97338	0.45358	0.016067
Meth__cg02976617__NUDT12	0.058631	0.047604	0.046489	0.27527	0.042255	0.047436	0.044748	0.033228	0.038036	0.040623	0.047939	0.039096	0.24549	0.0455	0.04576	0.043204	0.091078	0.032205	0.047242	0.039591	0.044147	0.047849	0.0439	0.10394	0.047409	0.071123	0.074915	0.09054	0.039899	0.81563	0.049733	0.042573	0.039066	0.080738	0.048871	0.43988	0.34763
Meth__cg09967877__SYT12	0.025161	0.024028	0.046988	0.031161	0.042502	0.42293	0.042959	0.96831	0.031525	0.031037	0.17665	0.40282	0.077616	0.038019	0.83445	0.035141	0.12787	0.055234	0.018193	0.030394	0.043409	0.91797	0.030766	0.32507	0.5612	0.026786	0.0358	0.47117	0.14314	0.016036	0.1659	0.013449	0.66579	0.086122	0.035828	0.027042	0.028901
Meth__cg13757640__ARHGAP8	0.019627	0.018656	0.034462	0.019309	0.028167	0.95373	0.022511	0.011898	0.018361	0.022705	0.017072	0.0177	0.049273	0.018419	0.01995	0.085307	0.034516	0.34852	0.022994	0.029716	0.021817	0.83965	0.02389	0.76033	0.04247	0.036699	0.038812	0.03068	0.30019	0.021524	0.057348	0.016915	0.019506	0.047453	0.021278	0.028678	0.027353
Meth__cg19906550__SLC22A18	0.039893	0.031305	0.059861	0.10125	0.32707	0.92602	0.0913	0.044794	0.027812	0.25981	0.099694	0.41981	0.11473	0.038149	0.039689	0.9207	0.11026	0.86608	0.60585	0.86673	0.90142	0.70892	0.35936	0.85709	0.21451	0.44244	0.053949	0.13513	0.91677	0.71895	0.88788	0.028183	0.089485	0.14424	0.78173	0.089309	0.040274
Meth__cg00673191__DOPEY2	0.068182	0.072102	0.57709	0.091344	0.086237	0.83658	0.090206	0.86324	0.68077	0.058868	0.65159	0.2425	0.26187	0.47178	0.65658	0.56674	0.16736	0.29676	0.061847	0.090241	0.092583	0.775	0.068129	0.081341	0.12534	0.24718	0.17652	0.10886	0.80671	0.69971	0.41973	0.080774	0.070452	0.10426	0.086177	0.085878	0.089568
Meth__cg26359204__NKX6-1	0.58066	0.030883	0.047115	0.0443	0.042788	0.032764	0.04482	0.035977	0.03623	0.046696	0.04915	0.029088	0.1023	0.039097	0.030202	0.033083	0.1016	0.031087	0.050071	0.038271	0.050461	0.034357	0.042421	0.55527	0.042135	0.18222	0.12852	0.065814	0.027112	0.036606	0.03269	0.047455	0.040642	0.060669	0.37331	0.03924	0.045737
Meth__cg12894126__UCK1	0.058321	0.23699	0.25155	0.21837	0.11861	0.41864	0.13138	0.64409	0.095116	0.12067	0.083963	0.49822	0.22983	0.11993	0.083302	0.2622	0.07764	0.41576	0.10787	0.09111	0.079206	0.47353	0.18695	0.60313	0.25692	0.066957	0.11375	0.16119	0.093897	0.15398	0.20394	0.054563	0.038728	0.12491	0.14534	0.082676	0.095009
Meth__cg26240939__LOC57149	0.092752	0.11019	0.49467	0.18301	0.11714	0.78985	0.1298	0.45372	0.38478	0.10776	0.1484	0.53717	0.30401	0.28685	0.7491	0.61561	0.41639	0.70733	0.092926	0.08609	0.11299	0.694	0.30139	0.65211	0.13825	0.29624	0.15576	0.1511	0.69693	0.27541	0.64885	0.099593	0.10719	0.18919	0.12514	0.17127	0.17521
Meth__cg10667970__FBXO6	0.058371	0.072257	0.7723	0.20859	0.3307	0.50411	0.06959	0.31045	0.24078	0.20828	0.079133	0.34427	0.31286	0.21767	0.88446	0.13604	0.08631	0.37465	0.088949	0.097183	0.38081	0.7538	0.12278	0.29539	0.079804	0.089922	0.17173	0.32646	0.18607	0.04686	0.73693	0.063477	0.060424	0.14501	0.11089	0.075027	0.047632
Meth__cg02128567__KCNK5	0.027432	0.034767	0.56616	0.091834	0.031232	0.98454	0.048709	0.044876	0.033172	0.023146	0.045549	0.029614	0.46257	0.035436	0.032087	0.03236	0.076503	0.31617	0.12233	0.088607	0.049139	0.14299	0.14688	0.55417	0.63545	0.065166	0.95948	0.049509	0.051398	0.043662	0.89039	0.029493	0.64122	0.11654	0.03463	0.072119	0.041909
Meth__cg25013852__PGM1	0.033798	0.16499	0.038659	0.20266	0.20737	0.034664	0.62792	0.033455	0.038614	0.089124	0.037773	0.027004	0.055789	0.035654	0.042673	0.043044	0.068571	0.030089	0.03658	0.043961	0.080866	0.035194	0.048623	0.12392	0.054929	0.062301	0.065602	0.072822	0.025293	0.035945	0.030531	0.045869	0.036455	0.1284	0.042625	0.045959	0.055846
Meth__cg03609102__MUC5B	0.023048	0.018929	0.86477	0.025664	0.01365	0.56322	0.019154	0.91849	0.56227	0.02859	0.22949	0.8021	0.19173	0.46585	0.54421	0.88815	0.036661	0.035204	0.032847	0.23739	0.047714	0.85014	0.29075	0.20239	0.031602	0.022187	0.27103	0.073333	0.86762	0.31253	0.016475	0.018841	0.69896	0.097923	0.030479	0.024829	0.023617
Meth__cg12701101__DKFZp434N062	0.056583	0.37827	0.055595	0.048264	0.047404	0.048787	0.077891	0.046961	0.047016	0.059364	0.052324	0.064117	0.063682	0.042986	0.069656	0.042142	0.090977	0.039136	0.58641	0.49672	0.26835	0.05194	0.037489	0.094735	0.057568	0.10236	0.099187	0.12739	0.048107	0.046445	0.042927	0.045571	0.043371	0.068347	0.056411	0.043811	0.4977
Meth__cg15479752__FFAR2	0.053974	0.049646	0.37581	0.07805	0.16886	0.8048	0.043876	0.40519	0.24519	0.051029	0.87594	0.36013	0.21567	0.2363	0.62324	0.39319	0.12657	0.049021	0.12591	0.1885	0.1677	0.30494	0.16878	0.53001	0.17385	0.10136	0.10543	0.13949	0.41349	0.057307	0.05642	0.029728	0.19051	0.21598	0.11779	0.13289	0.10961
Meth__cg10798171__ICA1	0.12069	0.20148	0.56682	0.26476	0.20939	0.56121	0.14064	0.1511	0.28012	0.2617	0.52717	0.52028	0.49772	0.29473	0.18041	0.4088	0.20277	0.22455	0.14369	0.12283	0.15133	0.69271	0.60317	0.3972	0.12813	0.17059	0.12587	0.22277	0.16491	0.093974	0.46381	0.089257	0.060194	0.25408	0.11647	0.11336	0.10264
Meth__cg01851399__PKP2	0.054199	0.037204	0.056183	0.050078	0.030731	0.85238	0.044428	0.032354	0.063067	0.06194	0.047875	0.11162	0.15477	0.065593	0.047652	0.26211	0.10894	0.56663	0.034991	0.043366	0.040078	0.18541	0.040408	0.064107	0.052345	0.070875	0.072304	0.092886	0.068659	0.034593	0.26088	0.028725	0.076885	0.06226	0.06128	0.049752	0.048616
Meth__cg15853125__TIAM1	0.051712	0.053989	0.21156	0.36248	0.079582	0.94339	0.34799	0.040397	0.094911	0.098549	0.04384	0.79415	0.072272	0.099794	0.24934	0.61031	0.079896	0.16646	0.28745	0.35604	0.057715	0.88871	0.045038	0.85046	0.13557	0.10424	0.087928	0.046448	0.28538	0.074151	0.19313	0.032794	0.35937	0.34163	0.04285	0.060667	0.065067
Meth__cg23283495__IRF6	0.02375	0.023591	0.049191	0.046671	0.023899	0.52407	0.0324	0.035594	0.034871	0.044203	0.023087	0.085332	0.049289	0.036585	0.032637	0.44756	0.057761	0.84073	0.05478	0.062926	0.034411	0.73542	0.0321	0.82483	0.034436	0.032955	0.067084	0.03596	0.051367	0.035072	0.073276	0.0268	0.027953	0.05232	0.033766	0.021431	0.028556
Meth__cg23376526__SLC27A3	0.054231	0.05058	0.75742	0.038909	0.098742	0.33827	0.043413	0.067033	0.030781	0.059981	0.040475	0.048248	0.12735	0.041749	0.034536	0.049692	0.094871	0.038149	0.028147	0.040238	0.042707	0.50542	0.031158	0.57125	0.044921	0.089237	0.076196	0.084047	0.38649	0.032757	0.10093	0.030996	0.073585	0.86988	0.048168	0.040417	0.050748
Meth__cg10313673__CILP2	0.056788	0.035169	0.97226	0.94993	0.04935	0.97414	0.034576	0.9814	0.021346	0.034055	0.060641	0.807	0.89547	0.021802	0.97126	0.97398	0.26437	0.16495	0.96482	0.88255	0.026707	0.96427	0.042774	0.93958	0.96565	0.042187	0.85141	0.056239	0.075658	0.018269	0.10099	0.032726	0.937	0.83382	0.74244	0.3482	0.096996
Meth__cg23150219__C19orf26	0.045665	0.047177	0.043225	0.0463	0.037232	0.031148	0.045169	0.032942	0.042356	0.036326	0.069988	0.023804	0.08236	0.031234	0.029832	0.027525	0.066156	0.022183	0.042563	0.052596	0.038202	0.040444	0.023139	0.079524	0.034485	0.14666	0.096072	0.065321	0.025235	0.44111	0.02676	0.025132	0.020576	0.097324	0.051719	0.036506	0.059701
Meth__cg24751129__GNMT	0.043883	0.032461	0.0557	0.03855	0.043119	0.97311	0.060176	0.64365	0.036655	0.054782	0.94092	0.59977	0.44173	0.048643	0.23701	0.9499	0.097011	0.95368	0.2285	0.084266	0.11061	0.96769	0.072045	0.93344	0.046872	0.061993	0.13716	0.104	0.89644	0.32309	0.96014	0.034706	0.10769	0.099678	0.046854	0.045469	0.059799
Meth__cg27588902__GNMT	0.058048	0.03973	0.098089	0.059082	0.037717	0.90206	0.060061	0.33432	0.044743	0.05994	0.4563	0.089957	0.34472	0.065569	0.095722	0.11457	0.097106	0.66715	0.0811	0.055176	0.053894	0.88413	0.10274	0.85745	0.057628	0.10207	0.063312	0.17833	0.55038	0.062152	0.45054	0.03547	0.31538	0.054408	0.053664	0.058428	0.10562
Meth__cg26459500__NUDT16	0.089878	0.067654	0.071172	0.065217	0.057203	0.051467	0.079454	0.04965	0.087054	0.068039	0.063094	0.068883	0.12016	0.072285	0.063586	0.060203	0.11225	0.050148	0.047072	0.074696	0.083385	0.086007	0.054796	0.18693	0.069636	0.095819	0.10393	0.098751	0.053943	0.064724	0.06273	0.078919	0.045577	0.066289	0.069285	0.11265	0.075591
Meth__cg10862848__GNMT	0.083171	0.10758	0.48497	0.098375	0.11497	0.96915	0.093602	0.45752	0.09722	0.094028	0.76394	0.27473	0.6165	0.1132	0.28875	0.39957	0.098237	0.90082	0.29732	0.077794	0.076393	0.93883	0.12441	0.9181	0.08944	0.069352	0.086146	0.10795	0.74142	0.33027	0.83493	0.082896	0.93574	0.17859	0.11195	0.1462	0.56722
Meth__cg09615786__DCBLD2	0.075973	0.064975	0.057416	0.059901	0.040365	0.031973	0.51516	0.039538	0.082821	0.082836	0.047261	0.02882	0.075451	0.051461	0.043587	0.057313	0.078818	0.030923	0.062473	0.043204	0.038753	0.050019	0.031693	0.088293	0.058853	0.084458	0.085282	0.13947	0.025291	0.02696	0.048641	0.038332	0.032379	0.087899	0.053242	0.078363	0.039623
Meth__cg15006396__NFKBIZ	0.49423	0.081398	0.069432	0.6956	0.067698	0.083629	0.090269	0.078008	0.11801	0.099914	0.084041	0.31224	0.12936	0.1052	0.37708	0.078007	0.11908	0.090681	0.098225	0.102	0.10168	0.098445	0.075405	0.1966	0.098195	0.17156	0.13519	0.11569	0.063247	0.075383	0.10357	0.59069	0.25308	0.1026	0.079764	0.36029	0.67797
Meth__cg04991214__PFDN2	0.41668	0.094997	0.16897	0.76353	0.23497	0.94325	0.054593	0.43365	0.044805	0.087019	0.55952	0.88306	0.32682	0.101	0.67905	0.95165	0.078295	0.93395	0.217	0.22655	0.42367	0.94144	0.94217	0.9228	0.11169	0.41733	0.11834	0.11401	0.38861	0.90557	0.93152	0.035888	0.24443	0.40544	0.9022	0.25074	0.1899
Meth__cg12078929__SERHL	0.013216	0.028747	0.98345	0.86183	0.98834	0.98911	0.13865	0.62445	0.01337	0.98092	0.014956	0.96952	0.97087	0.08894	0.93122	0.98463	0.57647	0.7614	0.99104	0.98778	0.15595	0.92886	0.010608	0.96872	0.98868	0.028275	0.9794	0.75361	0.22278	0.031379	0.61596	0.009379	0.28798	0.031542	0.014384	0.016963	0.019912
Meth__cg17226343__DIRAS1	0.073719	0.069567	0.79199	0.45801	0.076869	0.44702	0.11198	0.68519	0.068014	0.11589	0.067736	0.8333	0.51135	0.075761	0.22563	0.10605	0.16732	0.12422	0.33447	0.57417	0.04978	0.46011	0.44396	0.57161	0.48836	0.1201	0.73187	0.1195	0.0819	0.084456	0.40484	0.057742	0.31727	0.15978	0.52374	0.15594	0.070388
Meth__cg23706211__CELSR2	0.066642	0.084048	0.56494	0.28676	0.039293	0.72559	0.41593	0.44019	0.10187	0.049425	0.88545	0.47567	0.17902	0.10198	0.41362	0.25575	0.055823	0.14088	0.053288	0.10859	0.037496	0.87533	0.53166	0.7673	0.2634	0.15691	0.45314	0.1834	0.50101	0.071149	0.27864	0.095748	0.43932	0.18096	0.11298	0.090696	0.058996
Meth__cg01869233__C20orf75	0.03273	0.021875	0.037046	0.071568	0.20221	0.65144	0.16595	0.037006	0.022974	0.089934	0.2007	0.30119	0.14328	0.027909	0.090444	0.84355	0.088123	0.13321	0.060268	0.2599	0.8811	0.34071	0.15896	0.053843	0.31982	0.059585	0.10958	0.04419	0.36938	0.032932	0.25624	0.033428	0.40993	0.049603	0.23279	0.13	0.28838
Meth__cg06194808__MGC9712	0.039015	0.030417	0.039933	0.047525	0.028877	0.95859	0.040862	0.89272	0.036961	0.039881	0.59916	0.095047	0.1619	0.039735	0.048879	0.96215	0.046484	0.96763	0.050401	0.03651	0.060679	0.94484	0.20614	0.82698	0.038014	0.057174	0.089286	0.11732	0.11915	0.12042	0.92606	0.035145	0.058457	0.070543	0.047601	0.035964	0.031224
Meth__cg00987015__CHRM1	0.10163	0.086468	0.84019	0.11226	0.50178	0.76594	0.11558	0.16522	0.071042	0.26573	0.061569	0.34594	0.77908	0.07207	0.1869	0.38683	0.28216	0.083143	0.11823	0.73946	0.65764	0.7529	0.32114	0.19623	0.080785	0.15021	0.20501	0.24155	0.7756	0.40647	0.10485	0.065964	0.80064	0.15916	0.48172	0.10898	0.089153
Meth__cg19192120__SSH3	0.048683	0.062458	0.18936	0.048111	0.074087	0.075394	0.1233	0.098997	0.061192	0.24248	0.035708	0.11479	0.16138	0.068172	0.068966	0.094403	0.10366	0.10809	0.060504	0.086186	0.046792	0.61055	0.037703	0.27247	0.10321	0.059848	0.23138	0.079347	0.087507	0.035671	0.67632	0.043383	0.089899	0.15419	0.078554	0.049419	0.041771
Meth__cg15375239__SPINT2	0.020475	0.018406	0.021685	0.023529	0.024231	0.98229	0.026117	0.027092	0.017962	0.022806	0.020587	0.021064	0.034616	0.025887	0.019327	0.03509	0.04637	0.809	0.011624	0.020801	0.020753	0.64301	0.01756	0.062814	0.022218	0.052746	0.058078	0.02872	0.023536	0.015891	0.21358	0.019124	0.020768	0.046975	0.028818	0.020572	0.024469
Meth__cg10080004__SYT5	0.068838	0.040291	0.76923	0.14712	0.049803	0.52945	0.20698	0.47513	0.15589	0.04344	0.81159	0.70424	0.64516	0.13108	0.034761	0.74549	0.065366	0.45377	0.39123	0.11375	0.027157	0.082386	0.25727	0.70075	0.16077	0.076876	0.52166	0.04726	0.32877	0.2267	0.47267	0.046121	0.15215	0.13287	0.029993	0.21182	0.16491
Meth__cg10847798__LAMC1	0.055156	0.17592	0.061638	0.087838	0.3311	0.050219	0.20755	0.060083	0.29767	0.43806	0.049631	0.0703	0.080132	0.27896	0.055701	0.05146	0.11045	0.046755	0.13992	0.15945	0.53911	0.064408	0.55763	0.084975	0.076886	0.062243	0.090085	0.10805	0.081304	0.057039	0.050424	0.48352	0.039147	0.17468	0.24696	0.4537	0.36844
Meth__cg01656853__FUT2	0.066308	0.1365	0.66314	0.31179	0.10026	0.86601	0.41167	0.71885	0.75433	0.12388	0.81615	0.19134	0.47425	0.59451	0.068335	0.60996	0.1889	0.5215	0.72034	0.46292	0.076918	0.7816	0.081243	0.51226	0.29652	0.079202	0.18265	0.19463	0.50328	0.073761	0.87192	0.14798	0.54472	0.041762	0.060721	0.058727	0.25842
Meth__cg02282237__PRKCH	0.037052	0.034112	0.042032	0.04672	0.045245	0.35064	0.033673	0.047537	0.037083	0.027137	0.52881	0.062951	0.083862	0.035163	0.033821	0.082258	0.071117	0.23806	0.031315	0.036207	0.051635	0.055514	0.67167	0.83074	0.029517	0.056158	0.07084	0.049731	0.38074	0.033077	0.080095	0.025497	0.032091	0.054556	0.034876	0.026521	0.037701
Meth__cg25370441__FLJ20184	0.070364	0.077692	0.17633	0.088547	0.068987	0.8174	0.077053	0.095466	0.15628	0.070677	0.48313	0.13208	0.21731	0.14379	0.065906	0.38197	0.12019	0.12616	0.14799	0.12859	0.54028	0.56714	0.072821	0.67366	0.092663	0.12642	0.11754	0.059852	0.13329	0.079968	0.47937	0.074648	0.097744	0.17616	0.10173	0.074804	0.068695
Meth__cg09558850__TFPI2	0.12293	0.22284	0.6713	0.43654	0.13255	0.89089	0.12485	0.92975	0.065335	0.095058	0.88899	0.69737	0.85805	0.11426	0.8721	0.68112	0.13795	0.89413	0.1204	0.1046	0.35783	0.25607	0.15769	0.20803	0.15285	0.15364	0.6469	0.11449	0.12292	0.62121	0.90725	0.11469	0.94325	0.71286	0.10849	0.18847	0.12928
Meth__cg11483915__SLC40A1	0.04591	0.034868	0.94673	0.0403	0.043431	0.931	0.052955	0.10827	0.095677	0.046828	0.043951	0.40902	0.26562	0.10484	0.91051	0.0467	0.066902	0.39573	0.92625	0.94573	0.68904	0.47735	0.047566	0.41606	0.043303	0.10179	0.078853	0.045952	0.31153	0.19438	0.65565	0.031211	0.41378	0.13875	0.050207	0.048421	0.039854
Meth__cg10071275__MYT1	0.12511	0.092764	0.36478	0.10019	0.10137	0.85357	0.13432	0.83154	0.84456	0.11294	0.84276	0.94948	0.19941	0.57546	0.47015	0.66379	0.18482	0.45813	0.14765	0.21422	0.10606	0.75672	0.58901	0.70847	0.10562	0.15698	0.19864	0.13973	0.25298	0.42164	0.35501	0.093689	0.10277	0.16352	0.14533	0.088365	0.087373
Meth__cg09088508__RHOF	0.042013	0.037593	0.046926	0.60343	0.060755	0.91589	0.25242	0.38124	0.035414	0.051848	0.034004	0.53088	0.40324	0.044044	0.24163	0.090845	0.55854	0.66231	0.034272	0.050087	0.038892	0.89915	0.046532	0.07243	0.25254	0.073053	0.13503	0.11409	0.10955	0.051481	0.22781	0.087553	0.43295	0.061865	0.034716	0.23315	0.03586
Meth__cg17339202__SYNC1	0.037486	0.054858	0.046799	0.055413	0.050146	0.85412	0.050583	0.38842	0.15179	0.054625	0.76055	0.49087	0.082842	0.19659	0.24633	0.13737	0.052632	0.33835	0.10061	0.11572	0.17272	0.61551	0.34861	0.049193	0.066806	0.087162	0.075645	0.12037	0.7511	0.47537	0.45354	0.035276	0.037457	0.11196	0.074132	0.047269	0.0357
Meth__cg17660655__HIST3H2A	0.83484	0.11048	0.11285	0.1359	0.077094	0.10745	0.47597	0.077381	0.09658	0.11345	0.47745	0.10352	0.1796	0.10797	0.085568	0.1015	0.1957	0.086413	0.17639	0.089071	0.12995	0.10708	0.30563	0.83393	0.11402	0.19246	0.21897	0.20901	0.13644	0.11351	0.10491	0.12721	0.44458	0.27701	0.15606	0.1129	0.12504
Meth__cg07426960__CCND1	0.038915	0.034313	0.4412	0.061148	0.05649	0.802	0.03269	0.51761	0.51835	0.057784	0.7324	0.78985	0.32441	0.40221	0.65707	0.79145	0.25366	0.26056	0.050159	0.076663	0.072296	0.78367	0.058951	0.06195	0.055254	0.093726	0.077376	0.071411	0.58481	0.77327	0.19309	0.03368	0.034752	0.037746	0.045133	0.050558	0.033028
Meth__cg26284390__NFKBIZ	0.57649	0.096832	0.071174	0.81696	0.060624	0.069948	0.1041	0.12789	0.1455	0.094617	0.12066	0.17234	0.15536	0.086921	0.34026	0.11475	0.07088	0.060265	0.086358	0.074129	0.079961	0.098284	0.047224	0.2085	0.080583	0.17116	0.1017	0.18468	0.036805	0.057711	0.097785	0.94253	0.23819	0.1434	0.1026	0.47724	0.94414
Meth__cg11462865__KRT19	0.031823	0.028759	0.0391	0.035531	0.025583	0.95435	0.030781	0.047942	0.030868	0.032821	0.95755	0.93461	0.91919	0.034999	0.028127	0.24073	0.067626	0.94788	0.029236	0.038049	0.02726	0.94805	0.021297	0.057149	0.036481	0.064091	0.060013	0.081121	0.39781	0.027201	0.95817	0.021475	0.021707	0.032526	0.037706	0.031244	0.033128
Meth__cg06722633__GRIK3	0.66819	0.056564	0.98007	0.054991	0.02749	0.9497	0.30441	0.97007	0.11314	0.023688	0.95237	0.97925	0.64135	0.10463	0.30739	0.72838	0.040835	0.17133	0.96973	0.80682	0.027456	0.13344	0.11844	0.83429	0.95701	0.087006	0.86966	0.078788	0.16866	0.16415	0.74124	0.031328	0.86704	0.062468	0.282	0.052301	0.041516
Meth__cg26259865__LOC124220	0.08778	0.19609	0.84624	0.2686	0.20966	0.76944	0.15015	0.91834	0.36771	0.23837	0.90179	0.89881	0.93517	0.2948	0.8774	0.96788	0.43917	0.59942	0.59354	0.4395	0.092397	0.94434	0.17945	0.47292	0.12388	0.13936	0.39456	0.13513	0.93989	0.65395	0.89592	0.17036	0.089942	0.34374	0.12096	0.33527	0.10217
Meth__cg19434936__MGC31967	0.052111	0.043506	0.057009	0.055509	0.033996	0.038977	0.056326	0.03066	0.039386	0.047511	0.05032	0.035721	0.066683	0.036892	0.037082	0.029463	0.064332	0.026206	0.043048	0.04958	0.050467	0.047443	0.035908	0.079896	0.051011	0.055589	0.1272	0.099039	0.029191	0.042943	0.031519	0.036737	0.032068	0.26226	0.050016	0.041678	0.046292
Meth__cg15456206__ZNF580	0.05046	0.42755	0.13495	0.22916	0.027199	0.045638	0.074716	0.12446	0.07056	0.095153	0.077995	0.92914	0.27216	0.086987	0.41693	0.037254	0.087366	0.036938	0.1943	0.18697	0.088647	0.070539	0.0713	0.78816	0.052308	0.085719	0.16726	0.31778	0.024351	0.34862	0.045243	0.10961	0.064137	0.08652	0.095874	0.030731	0.072834
Meth__cg04956511__PTPN6	0.03225	0.022618	0.031017	0.038527	0.026983	0.9805	0.040832	0.31457	0.053368	0.032539	0.095867	0.049161	0.040184	0.047216	0.026186	0.98352	0.10567	0.98399	0.020275	0.032936	0.024559	0.97769	0.025787	0.59746	0.034722	0.058024	0.060752	0.07638	0.96965	0.021993	0.68302	0.02673	0.023815	0.062668	0.033818	0.028054	0.029209
Meth__cg01267315__C1orf164	0.73466	0.055646	0.073535	0.062663	0.041145	0.030982	0.11117	0.025874	0.045145	0.050421	0.38188	0.037029	0.31258	0.029318	0.05118	0.058342	0.07312	0.028301	0.068382	0.55781	0.66945	0.044846	0.060997	0.081692	0.047693	0.067568	0.41443	0.036085	0.033887	0.048965	0.038511	0.040541	0.067761	0.85683	0.04431	0.57175	0.46245
Meth__cg03750606__ESRRG	0.055156	0.064742	0.61505	0.06877	0.070728	0.8472	0.086443	0.59767	0.063915	0.098483	0.078735	0.2525	0.085441	0.073398	0.076216	0.077662	0.11205	0.091936	0.097127	0.067152	0.072808	0.11071	0.06268	0.80959	0.067935	0.11177	0.12296	0.089579	0.29553	0.052479	0.089292	0.06206	0.32474	0.089591	0.068634	0.073841	0.062603
Meth__cg07705908__SPDEF	0.038412	0.026103	0.19436	0.0312	0.052439	0.89569	0.031021	0.88867	0.88828	0.048732	0.80229	0.26778	0.14216	0.71279	0.52814	0.91218	0.28636	0.21838	0.040342	0.04015	0.030499	0.91363	0.040735	0.062942	0.040761	0.0414	0.038451	0.049296	0.73765	0.87982	0.42201	0.026123	0.019628	0.033375	0.042119	0.031081	0.029462
Meth__cg15025769__MYO9A	0.031516	0.031449	0.029023	0.032337	0.026032	0.023141	0.041299	0.030279	0.44912	0.034638	0.029488	0.034581	0.04058	0.056147	0.02633	0.024514	0.07693	0.022048	0.031496	0.035488	0.034365	0.039569	0.019548	0.056517	0.031429	0.019646	0.050609	0.073216	0.022951	0.020544	0.015135	0.020574	0.016526	0.05448	0.026561	0.035091	0.034521
Meth__cg25736482__TMC4	0.077592	0.051087	0.73361	0.73013	0.076099	0.91311	0.099056	0.71058	0.42703	0.49772	0.417	0.81624	0.33098	0.27978	0.32839	0.82001	0.073094	0.43358	0.21499	0.12149	0.14838	0.8953	0.20641	0.79882	0.41641	0.062643	0.67339	0.074896	0.79501	0.24056	0.34143	0.071561	0.33862	0.095652	0.073974	0.092807	0.093068
Meth__cg00066816__IL12B	0.060987	0.047143	0.14915	0.52105	0.10585	0.5711	0.50049	0.08661	0.058991	0.058147	0.095852	0.58085	0.83323	0.068351	0.084994	0.11857	0.12041	0.86557	0.082321	0.16143	0.47991	0.88479	0.37083	0.27145	0.072914	0.11443	0.79863	0.083999	0.054437	0.061571	0.1298	0.051495	0.88138	0.21251	0.23852	0.095459	0.047229
Meth__cg15055101__SH2D3A	0.052624	0.03237	0.052175	0.053912	0.060818	0.93679	0.051684	0.60411	0.044447	0.077592	0.045032	0.051737	0.090166	0.0451	0.026803	0.89085	0.13701	0.040112	0.040848	0.066175	0.30832	0.6316	0.043432	0.16622	0.28723	0.075676	0.079925	0.052512	0.35371	0.025354	0.080415	0.033666	0.037844	0.13673	0.069947	0.058638	0.04555
Meth__cg22328890__SLC7A6	0.035997	0.033825	0.030203	0.030619	0.022556	0.026558	0.030057	0.018466	0.026023	0.029986	0.031367	0.01892	0.026653	0.028125	0.026778	0.024609	0.033429	0.029804	0.018461	0.029933	0.041656	0.025717	0.015912	0.064935	0.028857	0.042714	0.04908	0.049392	0.023247	0.0183	0.020371	0.022599	0.025143	0.23761	0.050611	0.02672	0.026665
Meth__cg15301700__SCRT1	0.052648	0.048908	0.039723	0.040043	0.035065	0.036594	0.04933	0.065997	0.044848	0.058176	0.044849	0.043339	0.065236	0.051654	0.042269	0.053614	0.066097	0.043657	0.044193	0.052333	0.041236	0.043	0.052498	0.39747	0.041674	0.044052	0.25223	0.079958	0.043761	0.05614	0.036802	0.046386	0.035502	0.019813	0.044055	0.042311	0.046782
Meth__cg10163825__C16orf25	0.046491	0.082308	0.92063	0.084318	0.037719	0.97072	0.072378	0.91759	0.12447	0.090737	0.91888	0.96899	0.6019	0.12425	0.79994	0.49011	0.30667	0.94158	0.57551	0.070051	0.044089	0.94714	0.12942	0.80063	0.3139	0.06418	0.10541	0.1375	0.26326	0.19038	0.45243	0.24411	0.81978	0.086415	0.047196	0.33991	0.052637
Meth__cg05593325__GALNT12	0.047858	0.069214	0.11438	0.049	0.039134	0.68364	0.062393	0.95556	0.066501	0.054137	0.61865	0.76862	0.2865	0.075813	0.86222	0.61069	0.24941	0.65437	0.047898	0.057826	0.15628	0.605	0.29201	0.83304	0.041789	0.12041	0.08356	0.079646	0.085818	0.082019	0.14232	0.026389	0.78032	0.11093	0.068765	0.063438	0.041036
Meth__cg20450764__TSPAN7	0.098574	0.063522	0.12039	0.17163	0.11345	0.22891	0.12967	0.70481	0.090288	0.08985	0.08384	0.16717	0.24478	0.098345	0.17909	0.091391	0.11195	0.36964	0.38163	0.11269	0.31212	0.14475	0.31546	0.70863	0.2819	0.21934	0.16772	0.17672	0.68778	0.075783	0.25814	0.077261	0.12535	0.23606	0.35318	0.081527	0.074401
Meth__cg02905245__URB	0.62038	0.090416	0.066201	0.68199	0.44374	0.069683	0.49587	0.58756	0.69129	0.11815	0.087965	0.067894	0.54506	0.53895	0.084349	0.091989	0.10616	0.10085	0.19756	0.22478	0.40206	0.093332	0.075363	0.1314	0.29132	0.16941	0.59467	0.1586	0.070355	0.0825	0.088281	0.30195	0.3781	0.12396	0.61983	0.55223	0.57352
Meth__cg16891895__RGS16	0.027991	0.022697	0.21645	0.045587	0.023923	0.97307	0.034673	0.10274	0.30159	0.032647	0.041321	0.032492	0.17357	0.25311	0.46676	0.10285	0.045449	0.20306	0.020058	0.034584	0.071579	0.80258	0.029634	0.073275	0.086659	0.0545	0.056178	0.056297	0.051658	0.027606	0.0404	0.040707	0.69746	0.053813	0.033374	0.0361	0.030418
Meth__cg19618706__BGN	0.46813	0.06215	0.24709	0.31038	0.067208	0.52391	0.074185	0.46734	0.060785	0.067539	0.061614	0.23482	0.64369	0.062969	0.29525	0.095994	0.12852	0.073398	0.13022	0.47631	0.19607	0.52238	0.31049	0.30428	0.068514	0.31467	0.2012	0.0838	0.076713	0.05015	0.11131	0.062128	0.61072	0.26451	0.42851	0.066941	0.13911
Meth__cg05801573__SLITRK4	0.38878	0.048392	0.91647	0.066849	0.25583	0.044247	0.060075	0.9147	0.041321	0.41904	0.88456	0.85289	0.51438	0.053207	0.30925	0.3828	0.23393	0.078705	0.38061	0.46796	0.46213	0.33429	0.32886	0.86207	0.88896	0.27649	0.21631	0.11823	0.4354	0.043055	0.71999	0.035278	0.9071	0.11619	0.48754	0.29216	0.052595
Meth__cg08343834__PMP22	0.08464	0.089417	0.83099	0.38859	0.47021	0.54362	0.12107	0.82086	0.11496	0.15478	0.52836	0.40228	0.72863	0.10486	0.72591	0.78516	0.13061	0.097708	0.18857	0.21744	0.11346	0.74188	0.095209	0.54875	0.1452	0.147	0.22438	0.095472	0.14707	0.64724	0.33634	0.11717	0.25352	0.24518	0.13434	0.12557	0.12641
Meth__cg24562819__THBD	0.75312	0.41668	0.98417	0.066778	0.028582	0.96842	0.35217	0.93703	0.20893	0.041805	0.85146	0.99026	0.95926	0.21606	0.874	0.094072	0.17018	0.65726	0.61519	0.39778	0.034267	0.7076	0.35911	0.69162	0.053983	0.044709	0.11432	0.20762	0.90826	0.38964	0.27882	0.039963	0.81252	0.40764	0.032482	0.03365	0.031466
Meth__cg16098981__C20orf39	0.93383	0.049778	0.92823	0.1066	0.20465	0.92638	0.28716	0.7094	0.16107	0.26281	0.91523	0.90905	0.8715	0.14211	0.089095	0.17456	0.082899	0.48487	0.062318	0.075775	0.77274	0.36276	0.90963	0.86515	0.61572	0.277	0.8099	0.045376	0.30144	0.13973	0.1838	0.25788	0.90207	0.84405	0.056569	0.30928	0.067088
Meth__cg15373633__DACH2	0.5765	0.056085	0.93513	0.090805	0.083689	0.82138	0.075527	0.63778	0.053526	0.041251	0.048181	0.17387	0.44461	0.060905	0.10217	0.38487	0.21831	0.059609	0.067686	0.085472	0.67771	0.18026	0.51867	0.65048	0.37481	0.096448	0.33712	0.071142	0.04386	0.026272	0.089994	0.032972	0.79327	0.18765	0.41247	0.043378	0.043051
Meth__cg05120641__CHAC1	0.032895	0.020787	0.02156	0.03863	0.024981	0.022708	0.025641	0.02049	0.023923	0.028775	0.028313	0.01516	0.044031	0.02789	0.027988	0.020262	0.039524	0.026093	0.026051	0.024992	0.021897	0.029785	0.024404	0.039178	0.031712	0.037037	0.031484	0.037276	0.025965	0.029197	0.022604	0.027866	0.022695	0.045118	0.036946	0.037574	0.52617
Meth__cg07947016__KLK2	0.07508	0.030966	0.53067	0.83688	0.060993	0.06336	0.05659	0.85223	0.054439	0.043308	0.094032	0.61186	0.36447	0.077556	0.077409	0.31889	0.06187	0.037062	0.20093	0.11492	0.041704	0.067283	0.5169	0.10341	0.13156	0.051111	0.16134	0.052602	0.23495	0.045943	0.031652	0.050198	0.66501	0.13055	0.31797	0.049485	0.062241
Meth__cg06044900__GNAS	0.058594	0.025734	0.024661	0.03301	0.022071	0.017492	0.048381	0.026248	0.046897	0.04038	0.031569	0.027252	0.02343	0.03864	0.034415	0.023337	0.045496	0.022041	0.022662	0.025373	0.29176	0.048341	0.022795	0.05578	0.042029	0.050532	0.088565	0.069881	0.029319	0.019174	0.026384	0.018624	0.014607	0.071113	0.025859	0.028086	0.029544
Meth__cg25025243__GSTP1	0.16491	0.13901	0.19224	0.11518	0.15738	0.85582	0.13119	0.12573	0.166	0.13017	0.13622	0.31532	0.30233	0.15429	0.5543	0.61085	0.28177	0.62854	0.11601	0.16284	0.064457	0.57071	0.11955	0.7621	0.15389	0.25425	0.21482	0.24667	0.33212	0.35516	0.43811	0.13259	0.19528	0.13169	0.15115	0.094258	0.077987
Meth__cg26702254__KCND2	0.053739	0.040306	0.52566	0.050663	0.038274	0.12732	0.043002	0.70078	0.042134	0.062133	0.071694	0.31949	0.13171	0.09052	0.056328	0.10403	0.10113	0.037865	0.05943	0.087997	0.05392	0.052024	0.044346	0.38315	0.06542	0.088767	0.069899	0.039133	0.059668	0.039231	0.07319	0.050859	0.52019	0.057902	0.12431	0.053417	0.060935
